#t = 0.000E+00
5.89084E-01,3.13266E+00,1.88892E+00,1.92184E+00,3.24842E+01 
#t = 4.200E+01
2.61907E+01,8.59541E+00,3.24842E+01,3.24842E+01,3.24842E+01,2.61907E+01,3.24842E+01,3.24842E+01,3.24842E+01,3.14813E+00,2.61907E+01,2.61907E+01,2.61907E+01,3.24842E+01,2.61907E+01,3.24842E+01,3.24842E+01,2.61907E+01,3.24842E+01,3.24842E+01,3.24842E+01,3.24842E+01 
#t = 8.400E+01
3.24842E+01,2.61907E+01,3.24842E+01,2.61907E+01,3.24842E+01,3.24842E+01,3.24842E+01,2.61907E+01,1.59506E+01,3.24842E+01,3.24842E+01,3.24842E+01,3.24842E+01,3.24842E+01,3.24842E+01,3.24842E+01,3.24842E+01,3.24842E+01,2.61907E+01,3.24842E+01,2.61907E+01,3.24842E+01,3.24842E+01,3.24842E+01,2.61907E+01,3.24842E+01,3.24842E+01,3.24842E+01,3.24842E+01,3.24842E+01,2.61907E+01,2.61907E+01 
#t = 1.260E+02
2.61907E+01,3.24842E+01,3.24842E+01,3.24842E+01,3.24842E+01,2.61907E+01,3.24842E+01,2.61907E+01,2.61907E+01,3.24842E+01,2.61907E+01,3.24842E+01,5.25804E+01,2.61907E+01,3.24842E+01,3.24842E+01,2.61907E+01,2.61907E+01,3.24842E+01,2.61907E+01,3.24842E+01,3.24842E+01,6.24646E+00,2.61907E+01,3.24842E+01,3.24842E+01,3.24842E+01,7.30520E+00,3.24842E+01,3.24842E+01,3.24842E+01,3.24842E+01,3.24842E+01,7.43038E+00,3.24842E+01,2.61907E+01,2.61907E+01,2.61907E+01,3.24842E+01,2.61907E+01,2.61907E+01,2.61907E+01,3.24842E+01,3.24842E+01 
#t = 1.680E+02
2.61907E+01,2.61907E+01,2.61907E+01,3.24842E+01,2.61907E+01,2.61907E+01,3.24842E+01,1.20614E+01,3.24842E+01,2.61907E+01,2.61907E+01,3.24842E+01,3.24842E+01,3.24842E+01,2.61907E+01,3.24842E+01,3.24842E+01,2.61907E+01,2.61907E+01,8.96008E+00,3.24842E+01,1.20614E+01,3.24842E+01,1.74475E+00,2.61907E+01,3.24842E+01,2.61907E+01,3.07651E+01,1.70199E+00,2.61907E+01,2.61907E+01,2.61907E+01,3.24842E+01,3.07651E+01,2.61907E+01,2.61907E+01,2.61907E+01,3.24842E+01,9.33475E+00,1.47202E+00,2.61907E+01 
#t = 2.100E+02
1.20614E+01,2.61907E+01,3.24842E+01,2.61907E+01,2.61907E+01,3.24842E+01,3.24842E+01,3.07651E+01,2.61907E+01,2.61907E+01,3.24842E+01,3.24842E+01,3.24842E+01,3.24842E+01,3.24842E+01,1.20614E+01,3.24842E+01,3.24842E+01,2.61907E+01,2.61907E+01,3.24842E+01,3.24842E+01,2.61907E+01,2.61907E+01,3.24842E+01,8.45419E+00 
#t = 2.520E+02
1.20614E+01,2.61907E+01,3.24842E+01,1.20614E+01,3.24842E+01,3.24842E+01,3.24842E+01,2.61907E+01,3.24842E+01,1.20614E+01,1.20614E+01,3.40281E+00,3.24842E+01,3.24842E+01,3.24842E+01,2.61907E+01,3.24842E+01,3.24842E+01,2.61907E+01,2.61907E+01,7.27123E-01,2.61907E+01,3.24842E+01,3.14582E+00,5.36518E-01,3.24842E+01,2.61907E+01,3.24842E+01 
#t = 2.940E+02
3.24842E+01,2.61907E+01,2.61907E+01,2.61907E+01,3.24842E+01,3.24842E+01,2.61907E+01,3.24842E+01,2.61907E+01,3.24049E+01,2.61907E+01,3.24842E+01,2.61907E+01,2.61907E+01,1.20614E+01,3.24842E+01,2.61907E+01,3.24842E+01,3.24842E+01,2.61907E+01,3.24842E+01,3.24842E+01,2.61907E+01,3.24842E+01,2.61907E+01,2.61907E+01,2.61907E+01,3.24842E+01,3.24842E+01,2.61907E+01,2.61907E+01,5.36374E+00,2.61907E+01,2.61907E+01,2.61907E+01,2.61907E+01,6.32997E+00,2.61907E+01,3.24842E+01,2.61907E+01,3.24842E+01,2.61907E+01,2.61907E+01,2.61907E+01,2.61907E+01,2.61907E+01,3.24842E+01,2.61907E+01,2.61907E+01,5.43202E-01,3.24842E+01,2.61907E+01 
#t = 3.360E+02
3.24842E+01,2.61907E+01,3.24842E+01,3.24842E+01,3.24842E+01,3.24842E+01,3.24842E+01,3.24842E+01,3.24842E+01,3.24842E+01,3.24842E+01,3.24842E+01,3.24842E+01,3.24842E+01,3.24842E+01,3.24842E+01,3.24842E+01,3.24842E+01,3.24842E+01,3.24842E+01,3.24842E+01,2.61907E+01,3.24842E+01,3.24842E+01,3.24842E+01,3.24842E+01,3.24842E+01,3.24842E+01,3.24842E+01,1.49897E+01,3.24842E+01 
#t = 3.780E+02
3.24842E+01,3.24842E+01,3.24842E+01,3.24842E+01,3.24842E+01,1.49897E+01,3.24842E+01,3.24842E+01,3.24842E+01,3.24842E+01,3.24842E+01,3.24842E+01,3.24842E+01,3.24842E+01,3.24842E+01,3.24842E+01,3.24842E+01,1.05191E+01,3.24842E+01,3.24842E+01,2.61907E+01,3.24842E+01,3.24842E+01,1.03939E+01,3.24842E+01,3.24842E+01,3.24842E+01,3.24842E+01,3.24842E+01,1.94112E+01,2.61907E+01,3.24842E+01,3.24842E+01,3.24842E+01,2.61907E+01,3.24842E+01,2.61907E+01,3.24842E+01,3.24842E+01,3.24842E+01,3.24842E+01,3.24842E+01,1.55124E+00,3.24842E+01,3.24842E+01,3.24842E+01,3.24842E+01,3.24842E+01,3.24842E+01,1.96047E+00,3.24842E+01,3.98373E+00 
#t = 4.200E+02
3.24842E+01,3.24842E+01,3.24842E+01,3.24842E+01,3.24842E+01,1.94112E+01,3.24842E+01,2.61907E+01,3.24842E+01,2.61907E+01,3.24842E+01,3.24842E+01,3.24842E+01,1.05191E+01,3.24842E+01,3.24842E+01,2.61907E+01,3.24842E+01,3.24842E+01,3.24842E+01,3.24842E+01,3.24842E+01,3.24842E+01,2.61907E+01,3.24842E+01,3.24842E+01,5.33582E-01 
#t = 4.620E+02
3.24842E+01,3.24842E+01,3.24842E+01,3.24842E+01,3.24842E+01,1.94112E+01,3.24842E+01,3.24842E+01,3.24842E+01,2.61907E+01,3.24842E+01,3.24842E+01,2.61907E+01,3.24842E+01,3.24842E+01,3.24842E+01,3.24842E+01,3.24842E+01,3.24842E+01,3.24842E+01,3.24842E+01,2.44277E+01,3.24842E+01,3.24842E+01,3.24842E+01,3.24842E+01,3.24842E+01,3.24842E+01,3.24842E+01,3.24842E+01,3.24842E+01,3.24842E+01,1.45617E+00,3.24842E+01,3.24842E+01,4.48319E+00,3.24842E+01 
#t = 5.040E+02
2.61907E+01,3.24842E+01,2.61907E+01,2.61907E+01,3.24842E+01,1.28443E+01,3.24842E+01,3.24842E+01,3.24842E+01,3.24842E+01,1.22162E+01,3.24842E+01,3.24842E+01,1.36164E+01,1.28443E+01,2.61907E+01,3.24842E+01,1.28443E+01,3.24842E+01,1.28443E+01,1.28443E+01,3.24842E+01,1.28443E+01,3.24842E+01,1.28443E+01,3.24842E+01 
#t = 5.460E+02
2.61907E+01,1.28443E+01,3.24842E+01,3.24842E+01,1.28443E+01,2.61907E+01,1.28443E+01,3.24842E+01,3.24842E+01,3.24842E+01,3.24842E+01,1.28443E+01,3.24842E+01,3.24842E+01,3.24842E+01,3.24842E+01,3.24842E+01,1.28443E+01,1.28443E+01,3.24842E+01,3.24842E+01,3.24842E+01,3.24842E+01,1.28443E+01,3.24842E+01,3.24842E+01,3.24842E+01,5.80418E+00,3.24842E+01,3.24842E+01,3.24842E+01,3.24842E+01,3.24842E+01,8.54360E+00,3.24842E+01,3.24842E+01,3.24842E+01,3.24842E+01 
#t = 5.880E+02
3.24842E+01,3.24842E+01,3.24842E+01,1.28443E+01,3.24842E+01,3.24842E+01,3.24842E+01,3.24842E+01,3.24842E+01,3.24842E+01,3.24842E+01,3.24842E+01,1.28443E+01,3.24842E+01,3.24842E+01,3.24842E+01,1.28443E+01,1.28443E+01,1.28443E+01,3.24842E+01,1.28443E+01,3.24842E+01,3.24842E+01,3.24842E+01,3.24842E+01,3.24842E+01,1.28443E+01,3.24842E+01,3.24842E+01,3.24842E+01,3.24842E+01,4.61006E+00,3.24842E+01,1.28443E+01,6.78131E+00,3.24842E+01,3.24842E+01,1.28443E+01,3.24842E+01,3.24842E+01,3.24842E+01,3.24842E+01,1.28443E+01,3.24842E+01,3.24842E+01,1.22822E+00 
#t = 6.300E+02
3.24842E+01,3.24842E+01,1.28443E+01,1.28443E+01,3.24842E+01,3.24842E+01,3.24842E+01,3.24842E+01,3.24842E+01,3.24842E+01,1.28443E+01,3.24842E+01,1.28443E+01,7.59327E+00,3.24842E+01,3.24842E+01,1.26325E+01,3.24842E+01,3.24842E+01,3.24842E+01,3.24842E+01,3.24842E+01,1.26325E+01,1.28443E+01,3.24842E+01,3.24842E+01,3.24842E+01,3.24842E+01,3.24842E+01,1.28443E+01,4.39062E+00,3.24842E+01,3.24842E+01,5.61490E+00 
#t = 6.720E+02
3.24842E+01,3.24842E+01,1.28443E+01,3.24842E+01,1.28443E+01,1.26325E+01,3.24842E+01,3.24842E+01,3.24842E+01,1.28443E+01,1.28443E+01,3.24842E+01,3.24842E+01,3.24842E+01,1.28443E+01,3.24842E+01,3.24842E+01,3.24842E+01,3.24842E+01,3.24842E+01,1.28443E+01,3.24842E+01,3.24842E+01,3.24842E+01,3.24842E+01,3.24842E+01,3.24842E+01,3.24842E+01,3.24842E+01,3.24842E+01,1.28443E+01,3.24842E+01,1.28443E+01,3.24842E+01,1.28443E+01,3.24842E+01,9.25894E+00,3.24842E+01 
#t = 7.140E+02
3.24842E+01,3.24842E+01,1.28443E+01,3.24842E+01,3.24842E+01,3.24842E+01,1.28443E+01,1.28443E+01,3.24842E+01,3.24842E+01,3.24842E+01,1.28443E+01,3.24842E+01,3.24842E+01,3.24842E+01,3.24842E+01,3.24842E+01,1.27701E+01,3.24842E+01,3.24842E+01,3.24842E+01,3.24842E+01,1.28443E+01,3.24842E+01,7.33115E+00,3.24842E+01,3.24842E+01,3.24842E+01,3.24842E+01,3.24842E+01,1.28443E+01,3.24842E+01,9.80738E+00,3.24842E+01,3.24842E+01,1.66947E+00,3.24842E+01,8.33687E-01,1.28443E+01,3.24842E+01,3.24842E+01,1.30992E+00,3.24842E+01 
#t = 7.560E+02
3.24842E+01,3.24842E+01,1.28443E+01,3.24842E+01,3.24842E+01,3.24842E+01,1.10855E+01,3.24842E+01,3.24842E+01,3.24842E+01,3.24842E+01,3.24842E+01,3.24842E+01,3.24842E+01,3.24842E+01,3.24842E+01,3.24842E+01,3.24842E+01,1.28443E+01,1.28443E+01,1.28443E+01,1.45391E+01,1.28443E+01,1.28443E+01,8.08023E+00,1.45391E+01,1.45391E+01,3.36113E+00,3.24842E+01,3.24842E+01,1.28443E+01,1.28443E+01,3.24842E+01,3.24842E+01,3.24842E+01,3.24842E+01,3.24842E+01,3.24842E+01,3.24842E+01,3.24842E+01,3.24842E+01 
#t = 7.980E+02
1.10855E+01,1.28443E+01,3.24842E+01,3.24842E+01,3.24842E+01,3.24842E+01,3.24842E+01,3.24842E+01,3.24842E+01,3.24842E+01,3.24842E+01,1.37496E+01,3.24842E+01,3.24842E+01,3.24842E+01,3.24842E+01,3.24842E+01,3.24842E+01,3.24842E+01,3.24842E+01,3.24842E+01,3.75178E+00,3.24842E+01,3.24842E+01,3.24842E+01,3.24842E+01,2.73210E+00 
#t = 8.400E+02
3.24842E+01,3.24842E+01,3.24842E+01,3.24842E+01,3.24842E+01,3.24842E+01,3.24842E+01,1.10855E+01,3.24842E+01,3.24842E+01,3.24842E+01,1.10855E+01,3.24842E+01,3.24842E+01,1.10855E+01,3.24842E+01,3.24842E+01,3.24842E+01,3.24842E+01,1.81537E+01,3.24842E+01,3.24842E+01,3.24842E+01,1.10855E+01,3.24842E+01,1.81537E+01,3.95191E+00,3.24842E+01,8.07056E+00,3.24842E+01,3.24842E+01,3.24842E+01,3.24842E+01,3.24842E+01,1.82349E+00,1.10855E+01,3.24842E+01,3.24842E+01 
#t = 8.820E+02
3.24842E+01,3.24842E+01,3.24842E+01,3.24842E+01,3.24842E+01,3.24842E+01,3.24842E+01,3.24842E+01,3.24842E+01,3.24842E+01,3.24842E+01,3.24842E+01,3.24842E+01,3.24842E+01,3.24842E+01,3.24842E+01,3.24842E+01,3.24842E+01,3.24842E+01,3.24842E+01,3.24842E+01,3.24842E+01,3.24842E+01,3.24842E+01,3.24842E+01,3.24842E+01,3.24842E+01,3.24842E+01,3.24842E+01,3.24842E+01,5.34074E-01,3.24842E+01,3.24842E+01,3.24842E+01,3.24842E+01,3.24842E+01,3.24842E+01,3.24842E+01,9.16628E+00,3.24842E+01,3.24842E+01,3.24842E+01,3.24842E+01,3.24842E+01,3.24842E+01 
#t = 9.240E+02
3.24842E+01,3.24842E+01,3.24842E+01,3.24842E+01,3.24842E+01,3.24842E+01,3.24842E+01,3.24842E+01,3.24842E+01,3.24842E+01,3.24842E+01,3.24842E+01,3.24842E+01,3.24842E+01,3.24842E+01,3.24842E+01,3.24842E+01,3.24842E+01,3.24842E+01,3.24842E+01,3.24842E+01,3.24842E+01,3.24842E+01,3.24842E+01,3.24842E+01,3.24842E+01,3.24842E+01,3.24842E+01,3.24842E+01,3.24842E+01,3.24842E+01,1.52965E+00 
#t = 9.660E+02
3.24842E+01,3.24842E+01,3.24842E+01,3.24842E+01,3.24842E+01,3.24842E+01,3.24842E+01,3.24842E+01,3.24842E+01,3.24842E+01,3.24842E+01,3.24842E+01,3.24842E+01,3.24842E+01,3.24842E+01,3.24842E+01,3.24842E+01,3.24842E+01,3.24842E+01,3.24842E+01,9.84422E-01,3.24842E+01,3.24842E+01,3.24842E+01,6.24921E-01,3.24842E+01,3.24842E+01,3.24842E+01,1.60151E+00,3.24842E+01 
#t = 1.008E+03
3.24842E+01,3.24842E+01,3.24842E+01,3.24842E+01,3.24842E+01,3.24842E+01,1.17545E+01,3.24842E+01,3.24842E+01,7.61907E+00,3.24842E+01,3.24842E+01,3.24842E+01,3.24842E+01,3.24842E+01,7.25567E+00,3.24842E+01,3.24842E+01,3.24842E+01,3.24842E+01,3.24842E+01,3.24842E+01,1.17545E+01,3.24842E+01,3.24842E+01,1.17545E+01,3.24842E+01,3.24842E+01,3.24842E+01,3.24842E+01,3.24842E+01,3.24842E+01,3.24842E+01,3.24842E+01,3.24842E+01,3.24842E+01,3.24842E+01 
#t = 1.050E+03
3.24842E+01,3.24842E+01,3.24842E+01,3.24842E+01,3.24842E+01,1.17545E+01,3.24842E+01,3.24842E+01,3.24842E+01,3.24842E+01,1.17545E+01,3.24842E+01,1.17545E+01,3.24842E+01,3.24842E+01,3.24842E+01,3.24842E+01,1.17545E+01,4.72932E+00,3.24842E+01,3.24842E+01,3.24842E+01,1.36355E-01,1.17545E+01,1.17545E+01 
#t = 1.092E+03
3.24842E+01,3.24842E+01,3.24842E+01,3.24842E+01,3.24842E+01,3.24842E+01,3.24842E+01,1.17545E+01,3.24842E+01,3.24842E+01,3.24842E+01,3.24842E+01,5.25496E+00,3.24842E+01,3.24842E+01,1.36896E+01,3.24842E+01,3.63857E+00,3.24842E+01,3.24842E+01,9.91208E+00,1.17545E+01,1.16849E+01,3.24842E+01 
#t = 1.134E+03
3.24842E+01,3.24842E+01,1.17545E+01,3.24842E+01,3.24842E+01,3.24842E+01,3.24842E+01,1.17545E+01,8.04074E+00,3.24842E+01,1.03461E+01,1.17545E+01,3.24842E+01,3.24842E+01,1.72035E+01,3.24842E+01,3.24842E+01,3.24842E+01,3.24842E+01,3.24842E+01,3.24842E+01,3.24842E+01,1.17545E+01,3.24842E+01,3.24842E+01,3.24842E+01,3.24842E+01,3.24842E+01,3.24842E+01,3.24842E+01,1.17545E+01,1.17545E+01,3.24842E+01,3.24842E+01,3.24842E+01,1.72035E+01,3.24842E+01,1.17545E+01 
#t = 1.176E+03
1.72035E+01,3.24842E+01,3.24842E+01,3.24842E+01,3.24842E+01,3.24842E+01,3.24842E+01,3.24842E+01,3.24842E+01,3.24842E+01,3.24842E+01,3.24842E+01,3.24842E+01,3.24842E+01,3.24842E+01,3.24842E+01,3.24842E+01,3.24842E+01,1.61683E+01,3.24842E+01,3.24842E+01,3.84214E+00,3.24842E+01,3.24842E+01,3.24842E+01,3.24842E+01,3.24842E+01,3.24842E+01,3.24842E+01,1.11182E+00,3.24842E+01 
#t = 1.218E+03
1.72035E+01,3.24842E+01,3.24842E+01,3.24842E+01,3.24842E+01,3.24842E+01,3.24842E+01,3.24842E+01,3.24842E+01,3.24842E+01,3.24842E+01,3.24842E+01,3.24842E+01,3.24842E+01,3.24842E+01,3.24842E+01,3.24842E+01,3.24842E+01,3.24842E+01,3.24842E+01,3.24842E+01,3.24842E+01,3.24842E+01,3.24842E+01,3.24842E+01,3.24842E+01,3.24842E+01,3.24842E+01,1.96773E+00,3.24842E+01,1.48290E+00,2.58576E+00 
#t = 1.260E+03
3.24842E+01,3.24842E+01,3.24842E+01,3.24842E+01,3.24842E+01,3.24842E+01,3.24842E+01,3.24842E+01,3.24842E+01,3.24842E+01,3.24842E+01,3.24842E+01,3.24842E+01,3.24842E+01,3.24842E+01,3.24842E+01,3.24842E+01,3.24842E+01,3.24842E+01,3.24842E+01,3.24842E+01,3.24842E+01,3.24842E+01,3.24842E+01,3.24842E+01,3.24842E+01,1.16637E+01,6.51526E+00,3.24842E+01,3.24842E+01,3.24842E+01,3.10956E+00,3.24842E+01,3.24842E+01,3.24842E+01,1.94272E+00,3.24842E+01 
#t = 1.302E+03
3.24842E+01,3.24842E+01,3.24842E+01,3.24842E+01,3.24842E+01,3.24842E+01,1.16637E+01,3.24842E+01,2.12897E+01,3.24842E+01,3.24842E+01,3.24842E+01,3.24842E+01,3.24842E+01,3.24842E+01,3.24842E+01,3.24842E+01,2.12897E+01,3.24842E+01,3.24842E+01,3.24842E+01,3.24842E+01,9.11697E+00,1.16637E+01,3.24842E+01,3.24842E+01,3.24842E+01,3.24842E+01,1.24820E+00,3.24842E+01,1.21646E+01,2.27247E+00,3.24842E+01 
#t = 1.344E+03
3.24842E+01,3.24842E+01,3.24842E+01,3.24842E+01,3.24842E+01,3.24842E+01,3.24842E+01,3.24842E+01,1.16637E+01,3.24842E+01,3.24842E+01,3.24842E+01,3.24842E+01,3.24842E+01,3.24842E+01,3.24842E+01,3.24842E+01,1.16637E+01,3.24842E+01,3.24842E+01,3.24842E+01,3.24842E+01,3.24842E+01,3.24842E+01,1.16637E+01,3.24842E+01,1.16637E+01,3.24842E+01,3.24842E+01,3.24842E+01,3.24842E+01,3.24842E+01,3.24842E+01 
#t = 1.386E+03
3.24842E+01,3.24842E+01,3.24842E+01,3.24842E+01,3.24842E+01,3.24842E+01,3.24842E+01,3.24842E+01,3.24842E+01,1.25440E+01,3.20273E+01,3.24842E+01,3.24842E+01,3.24842E+01,3.24842E+01,3.24842E+01,3.24842E+01,3.24842E+01,3.24842E+01,3.24842E+01,3.24842E+01,3.20273E+01,3.24842E+01,3.24842E+01,3.24842E+01,3.24842E+01,3.24842E+01,3.24842E+01,3.24842E+01,3.24842E+01,3.24842E+01,3.24842E+01,3.24842E+01,3.24842E+01,3.24842E+01,3.24842E+01,3.24842E+01,3.24842E+01,1.62075E+00,3.24842E+01,3.24842E+01,3.24842E+01,1.60457E+01,3.24842E+01 
#t = 1.428E+03
3.24842E+01,3.24842E+01,3.24842E+01,3.24842E+01,3.24842E+01,3.24842E+01,3.24842E+01,3.24842E+01,3.24842E+01,3.24842E+01,3.24842E+01,3.24842E+01,3.24842E+01,3.24842E+01,5.55655E+00,3.24842E+01,3.24842E+01,3.24842E+01,3.24842E+01,5.47564E+00,3.24842E+01,3.24842E+01,3.24842E+01,2.73282E+00,3.24842E+01,3.24842E+01,7.15232E-01,4.57906E-01 
#t = 1.470E+03
3.24842E+01,3.24842E+01,3.24842E+01,3.24842E+01,3.24842E+01,3.24842E+01,3.24842E+01,3.24842E+01,3.24842E+01,3.24842E+01,4.32875E+01,3.24842E+01,3.24842E+01,3.24842E+01,4.06207E+00,3.24842E+01,3.24842E+01,3.24842E+01,3.24842E+01,3.24842E+01,3.96457E+00,3.24842E+01,3.24842E+01,3.24842E+01,3.24842E+01,3.24842E+01,3.24842E+01,2.81275E+00,3.24842E+01,3.24842E+01,3.24842E+01 
#t = 1.512E+03
3.24842E+01,3.24842E+01,3.24842E+01,3.24842E+01,3.24842E+01,3.24842E+01,3.24842E+01,3.24842E+01,3.24842E+01,3.24842E+01,3.24842E+01,3.24842E+01,3.24842E+01,3.24842E+01,3.24842E+01,3.24842E+01,3.24842E+01,3.24842E+01,3.24842E+01,3.24842E+01,3.24842E+01,3.24842E+01,3.24842E+01,3.24842E+01,3.24842E+01,3.24842E+01,6.84375E-01,3.24842E+01,3.24842E+01,3.24842E+01,2.42830E+00,3.24842E+01,3.24842E+01,3.24842E+01,1.99010E+00,3.24842E+01,3.24842E+01,3.24842E+01,3.24842E+01,3.24842E+01 
#t = 1.554E+03
3.24842E+01,3.24842E+01,3.24842E+01,3.24842E+01,3.24842E+01,3.24842E+01,3.24842E+01,3.24842E+01,3.24842E+01,3.24842E+01,3.24842E+01,3.24842E+01,3.24842E+01,3.24842E+01,3.24842E+01,3.24842E+01,3.24842E+01,3.24842E+01,3.24842E+01,3.24842E+01,4.98670E+00,3.24842E+01,3.24842E+01,3.24842E+01,3.24842E+01,3.24842E+01,3.24842E+01,3.24842E+01,3.24842E+01,3.24842E+01,9.22684E-01,2.00666E+00,3.24842E+01,7.33184E+00,3.24842E+01,3.24842E+01,3.24842E+01,3.24842E+01,3.24842E+01 
#t = 1.596E+03
3.24842E+01,3.24842E+01,3.24842E+01,3.24842E+01,3.24842E+01,3.24842E+01,3.24842E+01,3.24842E+01,3.24842E+01,3.24842E+01,3.24842E+01,7.18726E+00,3.24842E+01,2.84428E+00,3.24842E+01,3.24842E+01,2.78382E+00,3.24842E+01,3.24842E+01,3.24842E+01,3.24842E+01,3.24842E+01 
#t = 1.638E+03
3.24842E+01,3.24842E+01,3.24842E+01,3.24842E+01,3.24842E+01,3.24842E+01,3.24842E+01,3.24842E+01,3.24842E+01,3.24842E+01,3.24842E+01,3.24842E+01,3.24842E+01,3.24842E+01,3.24842E+01,3.24842E+01,3.24842E+01,3.24842E+01,3.24842E+01,3.24842E+01,3.24842E+01,3.24842E+01,3.24842E+01,3.24842E+01,3.24842E+01,3.24842E+01,3.24842E+01,3.18247E+00,3.24842E+01,3.24842E+01,3.24842E+01 
#t = 1.680E+03
3.24842E+01,3.24842E+01,3.24842E+01,3.24842E+01,3.24842E+01,3.24842E+01,3.24842E+01,3.24842E+01,3.24842E+01,3.24842E+01,3.24842E+01,3.24842E+01,3.24842E+01,3.24842E+01,3.24842E+01,3.24842E+01,3.24842E+01,3.24842E+01,3.24842E+01,3.24842E+01,3.24842E+01,3.24842E+01,2.03682E+00,5.74975E+00,3.24842E+01,3.24842E+01,3.24842E+01,3.24842E+01,3.24842E+01 
#t = 1.722E+03
3.24842E+01,3.24842E+01,3.24842E+01,3.24842E+01,3.24842E+01,3.24842E+01,3.24842E+01,3.24842E+01,3.24842E+01,3.24842E+01,3.24842E+01,3.24842E+01,3.24842E+01,3.24842E+01,3.24842E+01,3.24842E+01,3.24842E+01,3.24842E+01,3.24842E+01,3.24842E+01,8.82131E+00,3.24842E+01,3.24842E+01,3.24842E+01,3.24842E+01,3.24842E+01,3.24842E+01,3.24842E+01,3.24842E+01,3.24842E+01,3.24842E+01,3.24842E+01,1.51041E+01,3.24842E+01,9.78840E-01,3.24842E+01,1.17204E+00,3.24842E+01 
#t = 1.764E+03
3.24842E+01,3.24842E+01,3.24842E+01,3.24842E+01,3.24842E+01,3.24842E+01,3.24842E+01,3.24842E+01,3.24842E+01,3.24842E+01,3.24842E+01,3.24842E+01,3.24842E+01,3.24842E+01,3.24842E+01,3.24842E+01,3.24842E+01,3.24842E+01,3.24842E+01,3.24842E+01,3.24842E+01,3.24842E+01,3.24842E+01,3.24842E+01,3.24842E+01,4.31743E+00,3.24842E+01,3.24842E+01,3.24842E+01,3.24842E+01,3.24842E+01,3.24842E+01,3.24842E+01,1.00330E+01,3.24842E+01,7.62384E+00,5.81605E+00,7.03216E+00,3.24842E+01,3.24842E+01,3.24842E+01,4.49884E+00 
#t = 1.806E+03
3.24842E+01,3.24842E+01,3.24842E+01,3.24842E+01,3.24842E+01,3.24842E+01,3.24842E+01,3.24842E+01,3.24842E+01,3.24842E+01,3.24842E+01,3.24842E+01,3.24842E+01,3.24842E+01,3.24842E+01,3.24842E+01,3.24842E+01,3.24842E+01,3.24842E+01,3.24842E+01,3.24842E+01,3.24842E+01,3.10248E+00,3.24842E+01,3.24842E+01,3.89463E+00,3.24842E+01,1.21400E+00,3.24842E+01,3.24842E+01,3.79024E+00,3.71467E+00 
#t = 1.848E+03
3.24842E+01,3.24842E+01,3.24842E+01,3.24842E+01,3.24842E+01,3.24842E+01,3.24842E+01,3.24842E+01,3.24842E+01,3.24842E+01,3.24842E+01,1.25955E+01,3.24842E+01,3.24842E+01,1.25955E+01,1.25955E+01,3.24842E+01,7.46911E+00,3.24842E+01,3.24842E+01,3.24842E+01,3.24842E+01,3.24842E+01 
#t = 1.890E+03
3.24842E+01,3.24842E+01,3.24842E+01,3.24842E+01,3.24842E+01,3.24842E+01,3.24842E+01,3.24842E+01,3.24842E+01,3.24842E+01,3.24842E+01,3.24842E+01,3.24842E+01,3.24842E+01,3.24842E+01,1.32345E+01,3.24842E+01,3.24842E+01,3.24842E+01,3.24842E+01,3.24842E+01,5.80811E+00,3.24842E+01,3.24842E+01,3.24842E+01,3.24842E+01,3.24842E+01,3.24842E+01,3.24842E+01,3.24842E+01,3.24842E+01,3.24842E+01,7.46731E+00,3.24842E+01,3.24842E+01,3.24842E+01,3.24842E+01,3.24842E+01,3.24842E+01,3.24842E+01,3.24842E+01,3.24842E+01,6.38806E-01 
#t = 1.932E+03
3.24842E+01,3.24842E+01,3.24842E+01,3.24842E+01,3.24842E+01,3.24842E+01,3.24842E+01,3.24842E+01,3.24842E+01,3.24842E+01,1.76375E+01,3.24842E+01,3.24842E+01,3.24842E+01,3.24842E+01,3.24842E+01,3.24842E+01,3.24842E+01,3.24842E+01,3.24842E+01,3.24842E+01,3.24842E+01,3.24842E+01,3.24842E+01,3.24842E+01,3.24842E+01,3.24842E+01,3.24842E+01,3.24842E+01,3.24842E+01,3.24842E+01,3.24842E+01,9.93772E-01 
#t = 1.974E+03
3.24842E+01,3.24842E+01,1.91728E+01,3.24842E+01,3.24842E+01,3.24842E+01,3.24842E+01,3.24842E+01,1.91728E+01,3.24842E+01,3.24842E+01,3.24842E+01,2.12543E+01,3.24842E+01,3.24842E+01,3.24842E+01,3.24842E+01,1.60133E+01,2.12543E+01,3.24842E+01,3.24842E+01,3.24842E+01,1.91728E+01,3.24842E+01,3.78655E+00,3.24842E+01,3.24842E+01,3.24842E+01 
#t = 2.016E+03
1.91728E+01,3.24842E+01,3.24842E+01,3.24842E+01,3.24842E+01,3.24842E+01,3.24842E+01,3.24842E+01,3.24842E+01,3.24842E+01,3.24842E+01,3.24842E+01,3.24842E+01,3.24842E+01,3.24842E+01,3.24842E+01,3.24842E+01,1.38271E+01,3.24842E+01,3.24842E+01,3.24842E+01,3.24842E+01,3.24842E+01,3.24842E+01,3.24842E+01,1.60133E+01,3.24842E+01,3.24842E+01,1.38271E+01,3.24842E+01,3.24842E+01,3.24842E+01,3.24842E+01 
#t = 2.058E+03
3.24842E+01,3.24842E+01,3.24842E+01,3.24842E+01,3.24842E+01,3.24842E+01,3.24842E+01,3.24842E+01,3.24842E+01,3.24842E+01,3.24842E+01,3.24842E+01,3.24842E+01,3.24842E+01,3.24842E+01,3.24842E+01,3.24842E+01,3.24842E+01,3.24842E+01,3.24842E+01,3.24842E+01,3.24842E+01,8.37337E+00,3.24842E+01,3.24842E+01,1.88337E+00,3.24842E+01,3.24842E+01,3.24842E+01,3.24842E+01,8.18962E-01 
#t = 2.100E+03
3.24842E+01,3.24842E+01,3.24842E+01,3.24842E+01,3.24842E+01,3.24842E+01,3.24842E+01,3.24842E+01,3.24842E+01,3.24842E+01,3.24842E+01,1.00180E+01,3.24842E+01,3.24842E+01,3.24842E+01,3.24842E+01,3.24842E+01,3.24842E+01,3.24842E+01,3.24842E+01,3.24842E+01,3.24842E+01,3.24842E+01,3.24842E+01,3.24842E+01,3.24842E+01,3.24842E+01,3.24842E+01,3.24842E+01,4.67296E+00,3.24842E+01,3.24842E+01,3.24842E+01,3.24842E+01,3.24842E+01,3.24842E+01 
#t = 2.142E+03
3.24842E+01,3.24842E+01,3.24842E+01,3.24842E+01,3.24842E+01,3.24842E+01,3.24842E+01,3.24842E+01,3.24842E+01,3.24842E+01,3.24842E+01,1.51033E+00,3.24842E+01,3.24842E+01,3.24842E+01,3.24842E+01,3.24842E+01,1.11061E+01,3.24842E+01,3.24842E+01,3.24842E+01,3.24842E+01,3.24842E+01,1.44354E+01,3.24842E+01,3.24842E+01,3.24842E+01,3.24842E+01,2.11943E+00,3.24842E+01,3.24842E+01,3.24842E+01,3.24842E+01,3.24842E+01,3.24842E+01,2.43996E+00 
#t = 2.184E+03
3.24842E+01,3.24842E+01,3.24842E+01,3.24842E+01,3.24842E+01,3.24842E+01,3.24842E+01,3.24842E+01,3.24842E+01,3.24842E+01,3.24842E+01,3.24842E+01,3.24842E+01,3.24842E+01,3.24842E+01,3.24842E+01,3.24842E+01,3.24842E+01,1.30458E+00,2.69520E+00,3.24842E+01,5.82344E+00,3.24842E+01 
#t = 2.226E+03
3.24842E+01,3.24842E+01,3.24842E+01,3.24842E+01,3.24842E+01,3.24842E+01,3.24842E+01,3.24842E+01,3.24842E+01,3.24842E+01,3.24842E+01,3.24842E+01,3.24842E+01,3.24842E+01,3.24842E+01,3.24842E+01,3.24842E+01,3.24842E+01,3.24842E+01,3.24842E+01,3.24842E+01,3.24842E+01,3.24842E+01,3.24842E+01,3.24842E+01,3.24842E+01,3.24842E+01,3.24842E+01,3.24842E+01,3.24842E+01,3.24842E+01,3.24842E+01,3.24842E+01,3.24842E+01 
#t = 2.268E+03
3.24842E+01,3.24842E+01,3.24842E+01,3.24842E+01,3.24842E+01,3.24842E+01,3.24842E+01,3.24842E+01,3.24842E+01,3.24842E+01,3.24842E+01,3.24842E+01,3.24842E+01,3.81258E+00,3.24842E+01,3.24842E+01,3.24842E+01,3.24842E+01,3.24842E+01,3.24842E+01,3.24842E+01,3.24842E+01,3.24842E+01,3.24842E+01,3.24842E+01,3.24842E+01,3.24842E+01,3.24842E+01,3.24842E+01,3.24842E+01,3.24842E+01,3.24842E+01,3.24842E+01,3.24842E+01,3.24842E+01,3.24842E+01,1.23728E+00,3.24842E+01,3.24842E+01 
#t = 2.310E+03
3.24842E+01,3.24842E+01,3.24842E+01,3.24842E+01,3.24842E+01,3.24842E+01,3.24842E+01,1.21900E+01,3.24842E+01,3.24842E+01,3.24842E+01,3.24842E+01,3.24842E+01,3.24842E+01,3.24842E+01,3.24842E+01,3.24842E+01,3.24842E+01,3.24842E+01,3.24842E+01,1.21900E+01,3.24842E+01,3.24842E+01,3.24842E+01,3.24842E+01,1.46374E+01,3.24842E+01,3.24842E+01,3.24842E+01,3.24842E+01,3.24842E+01,3.24842E+01,3.24842E+01,3.24842E+01,3.24842E+01,3.24842E+01,1.01514E+01,3.24842E+01 
#t = 2.352E+03
3.24842E+01,3.24842E+01,3.24842E+01,3.24842E+01,3.24842E+01,3.24842E+01,3.24842E+01,3.24842E+01,3.24842E+01,3.24842E+01,3.24842E+01,3.24842E+01,3.24842E+01,3.24842E+01,3.24842E+01,3.24842E+01,3.24842E+01,1.89998E+01,3.24842E+01,3.24842E+01,3.24842E+01,3.24842E+01,3.24842E+01,3.24842E+01,3.24842E+01,4.27504E-01,3.24842E+01,3.24842E+01,3.24842E+01,3.24842E+01,1.89998E+01,3.24842E+01,3.24842E+01,3.24842E+01 
#t = 2.394E+03
3.24842E+01,3.24842E+01,3.24842E+01,3.24842E+01,3.24842E+01,3.24842E+01,3.24842E+01,3.24842E+01,3.24842E+01,3.24842E+01,3.24842E+01,3.24842E+01,3.24842E+01,3.24842E+01,3.24842E+01,3.24842E+01,3.24842E+01,3.24842E+01,3.24842E+01,3.24842E+01,3.24842E+01,3.24842E+01,3.24842E+01,3.24842E+01,4.65915E+00,3.34154E+00,3.24842E+01,8.86256E-02,3.24842E+01,3.24842E+01,3.24842E+01,4.01471E+00,3.60978E+00 
#t = 2.436E+03
3.24842E+01,3.24842E+01,3.24842E+01,3.24842E+01,3.24842E+01,3.24842E+01,3.24842E+01,3.24842E+01,3.24842E+01,3.24842E+01,3.24842E+01,3.24842E+01,3.24842E+01,3.24842E+01,3.24842E+01,3.24842E+01,3.24842E+01,3.24842E+01,3.24842E+01,3.24842E+01,3.24842E+01,3.24842E+01,3.24842E+01,3.24842E+01,3.24842E+01,3.24842E+01,3.24842E+01,3.24842E+01,6.48375E+00,3.24842E+01,3.24842E+01,3.24842E+01,5.22587E+00,3.24842E+01,3.24842E+01,3.24842E+01,3.24842E+01,6.13293E+00,3.24842E+01,5.96906E-01,3.24842E+01,3.24842E+01 
#t = 2.478E+03
3.24842E+01,3.24842E+01,3.24842E+01,3.24842E+01,3.24842E+01,3.24842E+01,3.24842E+01,9.29365E+00,3.24842E+01,3.24842E+01,3.24842E+01,3.24842E+01,3.24842E+01,3.24842E+01,3.24842E+01,3.24842E+01,3.24842E+01,1.38590E+01,3.24842E+01,3.24842E+01,3.24842E+01,3.24842E+01,1.97995E+00,3.24842E+01,3.24842E+01,3.24842E+01,3.24842E+01,3.24842E+01,3.24842E+01,3.24842E+01,3.24842E+01,3.04661E+00,3.24842E+01,3.24842E+01 
#t = 2.520E+03
3.24842E+01,3.24842E+01,3.24842E+01,3.24842E+01,3.24842E+01,3.24842E+01,3.24842E+01,3.24842E+01,3.24842E+01,3.24842E+01,3.24842E+01,3.24842E+01,3.24842E+01,3.97010E+00,3.24842E+01,3.24842E+01,3.24842E+01,3.24842E+01,3.24842E+01,3.24842E+01,3.24842E+01,3.24842E+01,3.24842E+01,3.24842E+01,3.24842E+01,3.24842E+01,3.24842E+01,6.29060E+00,3.24842E+01,3.24842E+01,3.24842E+01,3.24842E+01,6.47226E+00,3.24842E+01,3.24842E+01 
#t = 2.562E+03
3.24842E+01,3.24842E+01,3.24842E+01,3.24842E+01,2.58028E+01,3.24842E+01,3.24842E+01,3.24842E+01,3.24842E+01,3.24842E+01,3.24842E+01,3.24842E+01,3.24842E+01,3.24842E+01,3.24842E+01,3.24842E+01,3.24842E+01,3.24842E+01,2.00879E+01,3.24842E+01,3.24842E+01,3.24842E+01,3.24842E+01,3.24842E+01,3.24842E+01,3.24842E+01,3.24842E+01,3.24842E+01,2.58028E+01 
#t = 2.604E+03
3.24842E+01,3.24842E+01,2.00879E+01,3.24842E+01,3.24842E+01,3.24842E+01,3.24842E+01,2.00879E+01,3.24842E+01,3.24842E+01,3.24842E+01,3.24842E+01,3.24842E+01,3.24842E+01,3.24842E+01,1.39261E+01,3.24842E+01,6.20403E+00,3.24842E+01,3.24842E+01,3.24842E+01,3.24842E+01,3.24842E+01,3.24842E+01,3.24842E+01,1.04541E+00,6.86055E+00,1.97647E+00,3.24842E+01,3.24842E+01,3.24842E+01,1.06284E+00 
#t = 2.646E+03
3.24842E+01,3.24842E+01,3.24842E+01,3.24842E+01,3.24842E+01,3.24842E+01,3.24842E+01,3.24842E+01,3.24842E+01,3.24842E+01,3.24842E+01,3.24842E+01,3.24842E+01,3.24842E+01,3.24842E+01,3.24842E+01,3.24842E+01,3.24842E+01,3.24842E+01,3.24842E+01,3.24842E+01,3.24842E+01,3.24842E+01,3.24842E+01,3.24842E+01,3.24842E+01,3.24842E+01,3.24842E+01,3.24842E+01,3.24842E+01,8.47032E+00,3.24842E+01,3.24842E+01,3.24842E+01,2.90332E+00,3.24842E+01,3.24842E+01,5.30676E+00 
#t = 2.688E+03
3.24842E+01,3.24842E+01,3.24842E+01,3.24842E+01,3.24842E+01,3.24842E+01,3.24842E+01,3.24842E+01,3.24842E+01,3.24842E+01,1.32458E+01,3.24842E+01,1.32458E+01,3.24842E+01,3.24842E+01,3.24842E+01,3.24842E+01,3.24842E+01,3.24842E+01,3.24842E+01,3.24842E+01,3.24842E+01,3.24842E+01,3.24842E+01,3.24842E+01,3.24842E+01,3.24842E+01,3.24842E+01,3.24842E+01,3.24842E+01,3.24842E+01,3.24842E+01,1.32458E+01,1.32458E+01 
#t = 2.730E+03
3.24842E+01,1.32458E+01,3.24842E+01,3.24842E+01,3.24842E+01,3.24842E+01,6.44575E+00,3.24842E+01,3.24842E+01,3.24842E+01,3.24842E+01,3.24842E+01,3.24842E+01,3.24842E+01,3.24842E+01,3.24842E+01,3.24842E+01,3.24842E+01,3.24842E+01,3.24842E+01,3.24842E+01,3.24842E+01,3.24842E+01 
#t = 2.772E+03
3.24842E+01,3.24842E+01,3.24842E+01,3.24842E+01,3.24842E+01,3.24842E+01,1.32458E+01,3.24842E+01,3.24842E+01,3.24842E+01,3.24842E+01,3.24842E+01,3.24842E+01,3.24842E+01,3.24842E+01,3.24842E+01,3.24842E+01,3.24842E+01,1.23625E+01,3.24842E+01,3.24842E+01,3.24842E+01,3.24842E+01,3.24842E+01,3.24842E+01,3.24842E+01,3.24842E+01,3.24842E+01,3.24842E+01,3.24842E+01,3.24842E+01,3.10345E-01,3.24842E+01,3.24842E+01,3.24842E+01,3.24842E+01,3.24842E+01,3.24842E+01,3.24842E+01,1.32458E+01,1.32458E+01,3.24842E+01,3.24842E+01,3.24842E+01,1.95235E+00,2.45148E+00,3.24842E+01 
#t = 2.814E+03
3.24842E+01,1.23625E+01,3.24842E+01,3.24842E+01,3.24842E+01,3.24842E+01,3.24842E+01,3.24842E+01,3.24842E+01,3.24842E+01,3.24842E+01,3.24842E+01,3.24842E+01,1.32458E+01,3.24842E+01,3.24842E+01,3.24842E+01,3.24842E+01,8.48957E+00,3.24842E+01,3.24842E+01,3.24842E+01,1.23625E+01,3.24842E+01,1.23625E+01,3.24842E+01,3.24842E+01,3.24842E+01,3.24842E+01,3.24842E+01,3.24842E+01,3.24842E+01,3.24842E+01,3.24842E+01,8.01432E+00,3.24842E+01,3.24842E+01 
#t = 2.856E+03
1.23625E+01,3.24842E+01,3.24842E+01,3.24842E+01,3.24842E+01,3.24842E+01,3.24842E+01,3.24842E+01,1.23625E+01,3.24842E+01,1.23625E+01,3.24842E+01,3.24842E+01,1.23625E+01,3.24842E+01,3.24842E+01,3.24842E+01,1.21608E+01,3.24842E+01,3.24842E+01,3.24842E+01,3.24842E+01,3.24842E+01,3.24842E+01,3.24842E+01,3.24842E+01,3.24842E+01,3.24842E+01,3.24842E+01,1.23625E+01,3.24842E+01,2.34282E-01,2.96638E+00,3.24842E+01,3.24842E+01,4.20814E+00,3.24842E+01 
#t = 2.898E+03
3.24842E+01,3.24842E+01,3.24842E+01,3.24842E+01,3.24842E+01,3.24842E+01,3.24842E+01,3.24842E+01,3.24842E+01,3.24842E+01,3.24842E+01,3.24842E+01,1.21608E+01,3.24842E+01,3.24842E+01,3.24842E+01,3.24842E+01,3.24842E+01,4.51165E+00,3.24842E+01,3.24842E+01,3.24842E+01,3.24842E+01,3.24842E+01 
#t = 2.940E+03
3.24842E+01,3.24842E+01,3.24842E+01,3.24842E+01,3.24842E+01,3.24842E+01,3.24842E+01,3.24842E+01,3.24842E+01,3.24842E+01,3.24842E+01,3.24842E+01,3.24842E+01,3.24842E+01,3.24842E+01,3.24842E+01,3.24842E+01,3.24842E+01,3.24842E+01,3.24842E+01,3.24842E+01,3.24842E+01,3.24842E+01,3.24842E+01,3.24842E+01,3.24842E+01,4.95877E+00,3.24842E+01,3.24842E+01,3.24842E+01,3.24842E+01,3.24842E+01,1.05328E+01,3.24842E+01,3.24842E+01,3.24842E+01,8.09501E-01,3.24842E+01,3.24842E+01,3.24842E+01 
#t = 2.982E+03
3.24842E+01,3.24842E+01,3.24842E+01,3.24842E+01,3.24842E+01,3.24842E+01,3.24842E+01,3.24842E+01,3.24842E+01,3.24842E+01,3.24842E+01,3.24842E+01,3.24842E+01,3.24842E+01,3.24842E+01,3.24842E+01,3.24842E+01,3.24842E+01,3.24842E+01,3.24842E+01,3.24842E+01,3.24842E+01,3.24842E+01,3.24842E+01,3.24842E+01,3.24842E+01,3.24842E+01,3.24842E+01,3.24842E+01,3.24842E+01 
#t = 3.024E+03
3.24842E+01,3.24842E+01,3.24842E+01,3.24842E+01,3.24842E+01,1.12888E+01,3.24842E+01,3.24842E+01,3.24842E+01,3.24842E+01,3.24842E+01,3.24842E+01,3.24842E+01,3.24842E+01,3.24842E+01,3.24842E+01,3.24842E+01,5.37581E+00,3.24842E+01,3.24842E+01,3.24842E+01,3.24842E+01,3.24842E+01,3.24842E+01,3.24842E+01,4.43591E+00,3.24842E+01,3.24842E+01,3.24842E+01,1.18658E+01,3.24842E+01,3.24842E+01,7.17556E-01,3.24842E+01,3.24842E+01,3.24842E+01 
#t = 3.066E+03
3.24842E+01,3.24842E+01,3.24842E+01,3.24842E+01,3.24842E+01,3.24842E+01,3.24842E+01,3.24842E+01,3.24842E+01,3.24842E+01,3.24842E+01,3.24842E+01,3.24842E+01,3.24842E+01,1.12888E+01,3.24842E+01,3.24842E+01,3.24842E+01,3.24842E+01,3.24842E+01,3.24842E+01,3.24842E+01,3.24842E+01,3.24842E+01,3.24842E+01,3.24842E+01,3.24842E+01,3.24842E+01,3.24842E+01,2.99657E+00,3.24842E+01 
#t = 3.108E+03
3.24842E+01,3.24842E+01,3.24842E+01,3.24842E+01,3.24842E+01,3.24842E+01,3.24842E+01,3.24842E+01,3.24842E+01,3.24842E+01,3.24842E+01,3.24842E+01,3.24842E+01,3.24842E+01,1.02816E+01,3.24842E+01,3.24842E+01,3.24842E+01,2.01523E+00,3.24842E+01,3.24842E+01,3.24842E+01,3.24842E+01,3.24842E+01,3.24842E+01,3.24842E+01,3.24842E+01,3.24842E+01,3.24842E+01,3.24842E+01,3.24842E+01,3.24842E+01 
#t = 3.150E+03
3.24842E+01,3.24842E+01,3.24842E+01,3.24842E+01,3.24842E+01,3.24842E+01,3.24842E+01,3.24842E+01,3.24842E+01,3.24842E+01,3.24842E+01,3.24842E+01,3.24842E+01,3.24842E+01,3.24842E+01,3.24842E+01,3.24842E+01,3.24842E+01,3.24842E+01,3.24842E+01,3.24842E+01,3.24842E+01,3.24842E+01,3.24842E+01,1.02816E+01,1.78970E+01,3.24842E+01,3.24842E+01,4.81831E+00,3.24842E+01,3.24842E+01,3.24842E+01,4.43892E-01,3.24842E+01,3.24842E+01,8.10868E+00,3.69510E+00,2.98571E+00 
#t = 3.192E+03
3.24842E+01,3.24842E+01,3.24842E+01,3.24842E+01,3.24842E+01,3.24842E+01,3.24842E+01,3.24842E+01,1.69954E+01,3.24842E+01,3.24842E+01,3.28938E+00,3.24842E+01,3.24842E+01,3.24842E+01,3.24842E+01,3.24842E+01,3.24842E+01,3.24842E+01,3.24842E+01,3.24842E+01,3.24842E+01,3.24842E+01,3.24842E+01,6.35747E+00,3.24842E+01,3.24842E+01,3.24842E+01,3.24842E+01,3.24842E+01,3.24842E+01,3.24842E+01,2.82987E+00,3.24842E+01,3.24842E+01,3.24842E+01,3.24842E+01,3.24842E+01,1.21931E+01,3.24842E+01,3.61092E+00 
#t = 3.234E+03
3.24842E+01,3.24842E+01,3.24842E+01,3.24842E+01,3.24842E+01,3.24842E+01,3.24842E+01,3.24842E+01,3.24842E+01,3.24842E+01,3.24842E+01,3.24842E+01,3.24842E+01,3.24842E+01,3.24842E+01,3.24842E+01,3.24842E+01,3.24842E+01,3.24842E+01,3.24842E+01,3.24842E+01,3.24842E+01,3.24842E+01,3.24842E+01,3.24842E+01,3.24842E+01,3.24842E+01,5.09596E-01,3.24842E+01,3.24842E+01,3.24842E+01 
#t = 3.276E+03
3.24842E+01,3.24842E+01,3.24842E+01,3.24842E+01,3.24842E+01,2.10984E+01,2.10984E+01,2.10984E+01,3.24842E+01,3.24842E+01,3.24842E+01,2.10984E+01,3.24842E+01,3.24842E+01,1.58121E+01,1.58121E+01,1.52729E+01,3.24842E+01,3.24842E+01,3.24842E+01,3.24842E+01,3.24842E+01,3.24842E+01,3.24842E+01,2.10984E+01,2.09985E+00,1.52729E+01,3.24842E+01,3.24842E+01,1.52729E+01,3.24842E+01,3.24842E+01,3.24842E+01,3.24842E+01,3.24842E+01,3.24842E+01,1.58121E+01,3.24842E+01,1.58121E+01,3.24842E+01,3.24842E+01,3.24842E+01,3.24842E+01,2.10984E+01,3.24842E+01,3.24842E+01,1.58121E+01,3.24842E+01,3.24842E+01 
#t = 3.318E+03
3.24842E+01,1.58121E+01,3.24842E+01,3.24842E+01,3.24842E+01,1.58121E+01,3.24842E+01,3.24842E+01,3.24842E+01,3.24842E+01,1.58121E+01,1.58121E+01,1.58121E+01,3.24842E+01,3.24842E+01,2.10984E+01,3.24842E+01,3.24842E+01,3.24842E+01,1.58121E+01,3.24842E+01,3.24842E+01,3.24842E+01,3.24842E+01,3.24842E+01,1.46211E+01,3.24842E+01,3.24842E+01,3.24842E+01,3.24842E+01,3.24842E+01,3.24842E+01,3.24842E+01,3.24842E+01,3.24842E+01,2.10984E+01,3.24842E+01 
#t = 3.360E+03
3.24842E+01,3.24842E+01,3.24842E+01,1.58121E+01,3.24842E+01,3.24842E+01,3.24842E+01,1.46211E+01,3.24842E+01,1.82229E+01,1.58121E+01,3.24842E+01,3.24842E+01,1.58121E+01,1.82229E+01,3.24842E+01,3.24842E+01,3.24842E+01,3.24842E+01,3.24842E+01,1.58121E+01,3.24842E+01,3.24842E+01,3.24842E+01,3.24842E+01,3.24842E+01,3.24842E+01,3.24842E+01,1.82229E+01,3.24842E+01,3.24842E+01,3.24842E+01,3.24842E+01,3.24842E+01,3.24842E+01,3.24842E+01,1.05539E+00 
#t = 3.402E+03
3.24842E+01,3.24842E+01,1.58121E+01,3.24842E+01,3.24842E+01,3.24842E+01,1.58121E+01,3.24842E+01,3.24842E+01,5.06009E+00,3.24842E+01,3.24842E+01,3.24842E+01,3.24842E+01,3.24842E+01,3.24842E+01,3.24842E+01,3.24842E+01,6.81642E+00,3.24842E+01,3.24842E+01,3.24842E+01,1.58121E+01,3.24842E+01,3.24842E+01,1.58121E+01,3.24842E+01,1.58121E+01,3.24842E+01,3.24842E+01,1.07818E+01,3.24842E+01,3.24842E+01,3.24842E+01,3.24842E+01,3.24842E+01,3.24842E+01,3.24842E+01,3.24842E+01,3.24842E+01 
#t = 3.444E+03
3.24842E+01,3.24842E+01,3.24842E+01,1.58121E+01,3.24842E+01,3.24842E+01,3.24842E+01,3.24842E+01,3.24842E+01,3.24842E+01,3.24842E+01,3.24842E+01,3.24842E+01,1.96356E+01,3.24842E+01,3.24842E+01,3.24842E+01,3.24842E+01,3.24842E+01,3.24842E+01,3.24842E+01,3.24842E+01,3.24842E+01,3.13625E+00 
#t = 3.486E+03
3.24842E+01,3.24842E+01,3.24842E+01,3.24842E+01,1.96356E+01,3.24842E+01,3.24842E+01,3.24842E+01,3.24842E+01,3.24842E+01,3.24842E+01,3.24842E+01,8.68542E+00,3.24842E+01,3.24842E+01,3.24842E+01,3.24842E+01,3.24842E+01,3.24842E+01,3.24842E+01,3.24842E+01,3.24842E+01,3.24842E+01,3.24842E+01,3.24842E+01,3.24842E+01,8.22097E+00,2.92694E-01,3.24842E+01,3.24842E+01,3.24842E+01,3.24842E+01,6.07996E+00,3.24842E+01,2.10955E+00,3.24842E+01,3.24842E+01 
#t = 3.528E+03
1.96356E+01,3.24842E+01,3.24842E+01,3.24842E+01,3.24842E+01,3.24842E+01,3.24842E+01,3.24842E+01,3.24842E+01,3.24842E+01,3.24842E+01,3.24842E+01,3.24842E+01,3.24842E+01,3.24842E+01,3.24842E+01,3.24842E+01,3.24842E+01,3.24842E+01,1.96356E+01,3.24842E+01,1.96356E+01,3.24842E+01,3.24842E+01,1.96356E+01,3.24842E+01,1.96356E+01,3.24842E+01,3.24842E+01,3.24842E+01,3.24842E+01,3.24842E+01,4.54560E+00,3.24842E+01,3.24842E+01,3.24842E+01,3.24842E+01,4.05761E+00 
#t = 3.570E+03
3.24842E+01,3.24842E+01,3.24842E+01,3.24842E+01,3.24842E+01,3.24842E+01,3.24842E+01,1.61886E+01,3.24842E+01,3.24842E+01,3.24842E+01,3.24842E+01,3.24842E+01,3.24842E+01,1.61886E+01,3.24842E+01,3.24842E+01,3.24842E+01,3.24842E+01,3.24842E+01,3.24842E+01,3.24842E+01,3.72823E+00,3.24842E+01,3.24842E+01,3.24842E+01,3.24842E+01,3.24842E+01,3.24842E+01,3.24842E+01,3.24842E+01,3.24842E+01 
#t = 3.612E+03
3.24842E+01,3.24842E+01,3.24842E+01,3.24842E+01,3.24842E+01,3.24842E+01,3.24842E+01,5.60778E+00,3.24842E+01,3.24842E+01,3.24842E+01,3.24842E+01,3.24842E+01,3.24842E+01,3.24842E+01,3.24842E+01,3.24842E+01,3.24842E+01,3.65937E-01,3.24842E+01,3.24842E+01,3.24842E+01,3.24842E+01,3.24842E+01,3.24842E+01 
#t = 3.654E+03
3.24842E+01,3.24842E+01,3.24842E+01,3.24842E+01,3.24842E+01,1.03723E+01,3.24842E+01,3.24842E+01,3.24842E+01,3.24842E+01,3.24842E+01,3.24842E+01,3.24842E+01,3.24842E+01,3.24842E+01,3.24842E+01,3.24842E+01,3.24842E+01,3.24842E+01,3.24842E+01,3.24842E+01,3.24842E+01,3.24842E+01,3.24842E+01,7.67868E-01,3.24842E+01,3.24842E+01,3.24842E+01,3.24842E+01,3.24842E+01,3.24842E+01,3.24842E+01,3.24842E+01 
#t = 3.696E+03
3.24842E+01,3.24842E+01,3.24842E+01,3.24842E+01,3.24842E+01,3.24842E+01,3.24842E+01,3.24842E+01,3.24842E+01,3.24842E+01,3.24842E+01,3.24842E+01,3.24842E+01,3.24842E+01,3.24842E+01,3.24842E+01,3.24842E+01,3.24842E+01,3.24842E+01,3.24842E+01,3.24842E+01,3.24842E+01,3.24842E+01,3.24842E+01,1.36479E+00 
#t = 3.738E+03
3.24842E+01,3.24842E+01,3.24842E+01,3.24842E+01,3.24842E+01,3.24842E+01,3.24842E+01,3.24842E+01,3.24842E+01,3.24842E+01,3.24842E+01,3.24842E+01,3.24842E+01,3.24842E+01,3.24842E+01,3.24842E+01,3.24842E+01,3.24842E+01,3.24842E+01,3.24842E+01,3.24842E+01,3.24842E+01,3.24842E+01,3.24842E+01,4.31114E+00,3.24842E+01,3.24842E+01 
#t = 3.780E+03
3.24842E+01,3.24842E+01,3.24842E+01,3.24842E+01,3.24842E+01,3.24842E+01,3.24842E+01,3.24842E+01,3.24842E+01,3.24842E+01,3.24842E+01,3.24842E+01,3.24842E+01,3.24842E+01,3.24842E+01,3.24842E+01,3.24842E+01,8.16727E+00,3.24842E+01,3.24842E+01,3.24842E+01,3.24842E+01,3.24842E+01,3.24842E+01,3.24842E+01,3.24842E+01,3.24842E+01,3.24842E+01,3.24842E+01,3.24842E+01,3.24842E+01,5.23834E+00,3.24842E+01,5.34913E+00,3.24842E+01,3.24842E+01,3.24842E+01,1.58191E+00,3.24842E+01,3.18074E+00,3.24842E+01,4.84278E+00,4.13454E+00,1.44268E+01,1.72392E+00,3.24842E+01,3.24842E+01,3.24842E+01 
#t = 3.822E+03
3.24842E+01,3.24842E+01,3.24842E+01,3.24842E+01,3.24842E+01,1.44268E+01,3.24842E+01,3.24842E+01,3.24842E+01,3.24842E+01,3.24842E+01,1.44268E+01,3.24842E+01,3.24842E+01,3.24842E+01,3.24842E+01,3.24842E+01,3.24842E+01,3.24842E+01,3.24842E+01,3.24842E+01,3.24842E+01,3.24842E+01,3.24842E+01,3.24842E+01,3.64710E+00,3.24842E+01,3.24842E+01,3.24842E+01,3.24842E+01,3.24842E+01,3.24842E+01,3.24842E+01,3.24842E+01,3.24842E+01 
#t = 3.864E+03
3.24842E+01,3.24842E+01,3.24842E+01,3.24842E+01,3.24842E+01,3.24842E+01,3.24842E+01,3.24842E+01,3.24842E+01,3.24842E+01,3.24842E+01,3.24842E+01,3.24842E+01,1.15648E+01,3.24842E+01,3.24842E+01,3.24842E+01,1.50401E+01,3.24842E+01,3.24842E+01,3.24842E+01,5.69343E+00,1.93511E+01,9.34524E+00,3.24842E+01,3.24842E+01,3.24842E+01,3.24842E+01,3.24842E+01,3.24842E+01,3.24842E+01,1.15648E+01,3.24842E+01,8.38691E+00,3.24842E+01,4.27148E+00,5.81375E-01,3.24842E+01,2.74683E+00,3.24842E+01,3.24842E+01,3.24842E+01 
#t = 3.906E+03
3.24842E+01,1.50401E+01,3.24842E+01,3.24842E+01,3.24842E+01,3.24842E+01,3.24842E+01,3.24842E+01,3.24842E+01,3.24842E+01,3.24842E+01,3.24842E+01,3.24842E+01,3.24842E+01,3.24842E+01,3.24842E+01,3.24842E+01,3.24842E+01,3.24842E+01,3.24842E+01,3.24842E+01,3.24842E+01,1.50401E+01,3.24842E+01,3.24842E+01,3.24842E+01,3.24842E+01,2.52264E+00,3.24842E+01,3.24842E+01,3.24842E+01,4.06197E+00,3.24842E+01,3.24842E+01,3.24842E+01,3.24842E+01,3.24842E+01,3.24842E+01,4.55062E+00,3.24842E+01,3.24842E+01,2.25327E+00,3.24842E+01,3.24842E+01,3.05474E+00,3.24842E+01,3.24842E+01,7.66627E-01,3.24842E+01 
#t = 3.948E+03
3.24842E+01,3.24842E+01,3.24842E+01,3.24842E+01,3.24842E+01,3.24842E+01,1.50401E+01,3.24842E+01,3.24842E+01,3.24842E+01,3.24842E+01,3.24842E+01,3.24842E+01,3.24842E+01,3.24842E+01,3.24842E+01,3.24842E+01,3.24842E+01,4.29077E+00,3.24842E+01,3.24842E+01,3.24842E+01,3.24842E+01,3.24842E+01,3.24842E+01,4.70862E+00,3.24842E+01,3.24842E+01 
#t = 3.990E+03
3.24842E+01,3.24842E+01,3.24842E+01,3.24842E+01,3.24842E+01,3.24842E+01,3.24842E+01,3.24842E+01,3.24842E+01,3.24842E+01,3.24842E+01,3.24842E+01,3.24842E+01,5.94006E+00,3.24842E+01,3.24842E+01,3.24842E+01,3.24842E+01,3.24842E+01,1.03252E+00,3.24842E+01,3.24842E+01,3.24842E+01,3.24842E+01,3.24842E+01,3.24842E+01,3.24842E+01,3.24842E+01,3.24842E+01,3.24842E+01 
#t = 4.032E+03
3.24842E+01,3.24842E+01,3.24842E+01,3.24842E+01,3.24842E+01,3.24842E+01,3.24842E+01,3.24842E+01,3.24842E+01,3.24842E+01,3.24842E+01,3.24842E+01,3.24842E+01,3.24842E+01,3.24842E+01,3.24842E+01,3.24842E+01,3.24842E+01,3.24842E+01,3.24842E+01,3.24842E+01,9.18985E+00,3.24842E+01,9.91609E+00,3.24842E+01,3.24842E+01,3.24842E+01,3.24842E+01,3.24842E+01,1.61310E+01,3.69595E+00,3.24842E+01,3.24842E+01,3.24842E+01 
#t = 4.074E+03
3.24842E+01,3.24842E+01,3.24842E+01,3.24842E+01,3.24842E+01,3.24842E+01,3.24842E+01,3.24842E+01,3.24842E+01,3.24842E+01,3.24842E+01,3.24842E+01,3.24842E+01,3.24842E+01,3.24842E+01,3.24842E+01,1.32313E+01,3.24842E+01,3.24842E+01,3.24842E+01,3.24842E+01,3.24842E+01,3.24842E+01,1.32313E+01,5.25281E+00,3.24842E+01,3.24842E+01,3.24842E+01,1.32313E+01,3.24842E+01,3.24842E+01,3.24842E+01,3.24842E+01,3.24842E+01,3.24842E+01,3.70653E-01,3.24842E+01,3.24842E+01,3.24842E+01 
#t = 4.116E+03
3.24842E+01,3.24842E+01,3.24842E+01,3.24842E+01,1.32313E+01,3.24842E+01,3.24842E+01,3.24842E+01,3.24842E+01,3.24842E+01,1.32313E+01,3.24842E+01,3.24842E+01,1.32313E+01,3.24842E+01,3.24842E+01,1.32313E+01,3.24842E+01,1.32313E+01,3.24842E+01,3.24842E+01,3.24842E+01,3.24842E+01,3.24842E+01,1.32313E+01,1.32313E+01,3.77726E-01,3.24842E+01,3.24842E+01 
#t = 4.158E+03
1.32313E+01,1.32313E+01,3.24842E+01,3.24842E+01,1.32313E+01,3.24842E+01,3.24842E+01,1.32313E+01,3.24842E+01,3.24842E+01,3.24842E+01,3.24842E+01,3.24842E+01,3.24842E+01,3.24842E+01,3.24842E+01,3.24842E+01,3.24842E+01,3.24842E+01,3.24842E+01,1.14384E+00,3.24842E+01,3.24842E+01,3.24842E+01,3.24842E+01,1.46391E+00 
#t = 4.200E+03
3.24842E+01,3.24842E+01,3.24842E+01,3.24842E+01,3.24842E+01,3.24842E+01,3.24842E+01,3.24842E+01,3.24842E+01,3.24842E+01,3.24842E+01,3.24842E+01,3.24842E+01,3.24842E+01,3.24842E+01,3.24842E+01,3.24842E+01,3.24842E+01,3.24842E+01,3.24842E+01,3.24842E+01,3.24842E+01,3.24842E+01,3.24842E+01,3.24842E+01,3.24842E+01,3.24842E+01,3.24842E+01,3.24842E+01,3.24842E+01,3.24842E+01,4.70088E-01,3.24842E+01,3.24842E+01,3.24842E+01,3.24842E+01,3.24842E+01,8.82775E-01,3.24842E+01,3.24842E+01,3.24842E+01,3.39970E+00,8.42834E-01,3.24842E+01,3.24842E+01 
