#t = 0.000E+00
1.56203E+01,2.93389E+00,2.37201E+00,5.81060E+00,4.74145E+00 
#t = 4.200E+01
2.25337E+01,2.25337E+01,8.09402E+00,8.02947E+00,2.25337E+01,2.25337E+01,1.87940E-01,1.13218E+00,5.62859E+00 
#t = 8.400E+01
2.25337E+01,2.25337E+01,2.25337E+01,2.25337E+01,2.25337E+01,2.25337E+01,2.25337E+01,2.25337E+01,2.25337E+01,2.25337E+01,2.25337E+01,2.25337E+01,4.88947E+00,2.25337E+01,5.74581E+00,2.25337E+01,2.25337E+01,9.74999E+00,4.10151E+00,2.25337E+01,3.61389E+00,5.85140E-01 
#t = 1.260E+02
2.25337E+01,9.74999E+00,2.25337E+01,2.25337E+01,2.25337E+01,2.25337E+01,2.25337E+01,2.25337E+01,2.25337E+01,2.46467E+01,2.25337E+01,2.46467E+01,2.46467E+01,2.46467E+01,1.53073E+00,2.46467E+01,2.25337E+01,2.46467E+01,2.25337E+01,2.25337E+01,2.46467E+01,2.25337E+01,2.46467E+01,2.46467E+01,2.25337E+01,7.79781E+00,2.46467E+01,2.46467E+01,2.25337E+01,2.25337E+01,2.25337E+01,6.10107E+00 
#t = 1.680E+02
2.25337E+01,2.25337E+01,2.25337E+01,2.46467E+01,2.46467E+01,2.46467E+01,2.25337E+01,2.46467E+01,2.25337E+01,2.25337E+01,2.25337E+01,2.25337E+01,2.46467E+01,2.46467E+01,2.25337E+01,2.25337E+01,2.46467E+01,2.25337E+01,2.46467E+01,2.25337E+01,2.25337E+01,2.25337E+01,2.46467E+01,2.46467E+01,2.25337E+01,2.46467E+01,2.25337E+01,2.46467E+01 
#t = 2.100E+02
2.46467E+01,2.25337E+01,2.25337E+01,2.25337E+01,2.25337E+01,2.25337E+01,2.46467E+01,2.25337E+01,2.46467E+01,2.25337E+01,2.25337E+01,2.46467E+01,2.46467E+01,2.46467E+01,2.25337E+01,2.46467E+01,2.46467E+01,2.25337E+01,2.46467E+01,2.46467E+01,2.25337E+01,2.25337E+01,2.25337E+01,2.25337E+01,4.98880E+00,2.46467E+01,2.46467E+01,2.25337E+01,2.46467E+01,1.60465E+00 
#t = 2.520E+02
2.25337E+01,2.46467E+01,2.46467E+01,2.25337E+01,2.25337E+01,2.25337E+01,2.46467E+01,2.46467E+01,2.46467E+01,1.39442E+01,2.25337E+01,2.25337E+01,2.25337E+01,4.26356E+00,2.46467E+01,2.25337E+01,2.46467E+01,2.46467E+01,2.25337E+01,2.46467E+01,2.46467E+01,2.25337E+01,2.46467E+01,2.46467E+01,2.46467E+01,3.71196E+00,2.25337E+01,2.10294E+00,1.19918E+00,2.46467E+01 
#t = 2.940E+02
2.25337E+01,2.25337E+01,2.46467E+01,2.25337E+01,2.46467E+01,1.39442E+01,2.46467E+01,2.25337E+01,2.46467E+01,2.46467E+01,2.25337E+01,2.46467E+01,2.46467E+01,2.25337E+01,2.46467E+01,5.36899E+00,2.46467E+01,2.46467E+01,2.46467E+01,2.46467E+01,2.46467E+01,2.46467E+01,2.46467E+01,2.46467E+01,2.25337E+01,2.46467E+01,1.18675E+01,2.46467E+01,2.25337E+01,5.85866E+00,2.46467E+01,2.25337E+01 
#t = 3.360E+02
2.46467E+01,2.46467E+01,2.25337E+01,2.46467E+01,2.46467E+01,2.46467E+01,1.11709E+01,2.46467E+01,2.25337E+01,2.46467E+01,2.46467E+01,2.46467E+01,2.46467E+01,4.18341E+00,2.46467E+01,3.09834E+00,2.46467E+01,1.11709E+01,4.47773E+00,1.21218E+00,2.46467E+01 
#t = 3.780E+02
3.57209E+01,2.46467E+01,2.46467E+01,2.46467E+01,1.11709E+01,2.46467E+01,2.46467E+01,2.46467E+01,1.11709E+01,2.46467E+01,2.25337E+01,2.46467E+01,7.13538E+00,2.46467E+01,6.34120E+00,1.00859E+00,2.25337E+01,1.83706E-01,2.46467E+01 
#t = 4.200E+02
3.57209E+01,2.25337E+01,3.57209E+01,3.57209E+01,2.25337E+01,2.25337E+01,3.57209E+01,2.25337E+01,2.46467E+01,2.25337E+01,2.46467E+01,2.46467E+01,2.46467E+01,2.46467E+01,2.25337E+01,6.81231E+00,2.46467E+01,2.46467E+01,2.46467E+01,2.46467E+01,2.46467E+01,3.57209E+01,2.46467E+01,1.72375E+00,3.57209E+01,3.57209E+01,2.46467E+01,2.46467E+01,2.46467E+01,2.46467E+01,2.59206E+00,2.25337E+01,2.89589E+00,3.57209E+01,3.57209E+01,9.46973E-01 
#t = 4.620E+02
3.57209E+01,2.46467E+01,2.25337E+01,2.46467E+01,3.57209E+01,2.25337E+01,2.25337E+01,2.46467E+01,2.25337E+01,2.46467E+01,2.46467E+01,2.46467E+01,2.46467E+01,2.25337E+01,2.46467E+01,2.46467E+01,2.46467E+01,2.46467E+01,2.46467E+01,2.46170E+01,2.46467E+01,2.46467E+01,2.46467E+01,2.25337E+01,2.27086E+01,2.46467E+01,2.46467E+01,2.25337E+01,2.46467E+01,2.25337E+01,2.46467E+01,2.38792E+00,2.46467E+01,2.83818E-01 
#t = 5.040E+02
3.57209E+01,2.46467E+01,2.46467E+01,2.46467E+01,3.57209E+01,2.25337E+01,4.14923E+01,4.14923E+01,2.46467E+01,2.27086E+01,2.46467E+01,4.14923E+01,3.57209E+01,4.14923E+01,2.46467E+01,4.14923E+01,2.27086E+01,2.64431E+00,2.46467E+01,2.67381E+00,2.25337E+01,4.14923E+01,4.14923E+01,2.27086E+01,5.24552E+00,4.14923E+01,2.40821E+00 
#t = 5.460E+02
4.14923E+01,4.14923E+01,2.46467E+01,2.46467E+01,2.46467E+01,1.66234E+01,2.25337E+01,4.14923E+01,4.14923E+01,2.46467E+01,4.14923E+01,1.66234E+01,1.30388E+01,2.25337E+01,1.66234E+01,4.14923E+01,2.46467E+01,4.14923E+01,2.25337E+01,1.66234E+01,1.30388E+01,4.14923E+01,4.14923E+01,6.73528E+00,2.46467E+01,2.46467E+01,4.14923E+01,1.83585E+00,4.14923E+01 
#t = 5.880E+02
4.14923E+01,4.14923E+01,4.14923E+01,4.14923E+01,4.14923E+01,4.14923E+01,4.14923E+01,2.25337E+01,4.14923E+01,4.14923E+01,2.46467E+01,2.25337E+01,4.14923E+01,4.14923E+01,4.14923E+01,4.14923E+01,2.25337E+01,4.14923E+01,4.14923E+01,7.34453E+00,2.25337E+01,4.14923E+01,4.14923E+01,4.14923E+01,3.04203E+00,2.14499E+00 
#t = 6.300E+02
4.14923E+01,2.25337E+01,4.14923E+01,4.14923E+01,4.14923E+01,4.14923E+01,4.14923E+01,4.14923E+01,4.14923E+01,1.71798E+01,4.14923E+01,4.14923E+01,4.14923E+01,4.14923E+01,4.14923E+01,4.14923E+01,4.14923E+01,4.14923E+01,4.14923E+01,1.71798E+01,4.14923E+01,4.14923E+01,4.14923E+01,1.71798E+01,4.14923E+01,4.14923E+01,4.14923E+01,4.14923E+01,4.14923E+01,4.14923E+01,4.14923E+01,2.25337E+01,4.14923E+01,4.14923E+01,4.14923E+01 
#t = 6.720E+02
4.14923E+01,4.14923E+01,4.14923E+01,4.14923E+01,4.14923E+01,4.14923E+01,4.14923E+01,4.14923E+01,4.14923E+01,4.14923E+01,4.14923E+01,4.14923E+01,4.14923E+01,4.14923E+01,4.14923E+01,4.14923E+01,4.14923E+01,4.14923E+01,4.14923E+01,4.14923E+01,4.14923E+01,1.03830E+01,4.14923E+01,4.14923E+01 
#t = 7.140E+02
4.14923E+01,4.14923E+01,4.14923E+01,4.14923E+01,4.14923E+01,4.14923E+01,4.14923E+01,4.14923E+01,4.14923E+01,4.14923E+01,4.14923E+01,4.14923E+01,4.14923E+01,4.14923E+01,4.14923E+01,4.14923E+01,4.14923E+01,4.14923E+01,4.14923E+01,4.14923E+01,4.14923E+01,1.49277E+01,4.14923E+01,4.14923E+01,4.14923E+01,4.14923E+01,4.14923E+01,4.14923E+01,4.14923E+01,4.14923E+01,4.67136E+00,1.49277E+01,8.74732E+00,4.14923E+01,4.14923E+01,4.14923E+01,1.98797E+00,8.39876E-01,2.81524E+00,1.24406E+00 
#t = 7.560E+02
4.14923E+01,4.14923E+01,4.14923E+01,4.14923E+01,4.14923E+01,4.14923E+01,4.14923E+01,4.14923E+01,4.14923E+01,4.14923E+01,4.14923E+01,4.14923E+01,4.14923E+01,4.14923E+01,4.14923E+01,4.14923E+01,4.14923E+01,4.14923E+01,4.14923E+01,4.14923E+01,4.14923E+01,4.14923E+01,4.14923E+01,5.44871E+01,4.14923E+01,4.14923E+01,4.14923E+01,1.02531E+01,4.14923E+01,4.14923E+01,4.14923E+01,4.14923E+01,4.14923E+01,4.14923E+01,4.14923E+01,7.37673E+00,4.14923E+01,4.14923E+01,4.14923E+01,4.14923E+01,1.25716E+00 
#t = 7.980E+02
4.14923E+01,4.14923E+01,4.14923E+01,4.14923E+01,4.14923E+01,4.14923E+01,4.14923E+01,4.14923E+01,4.14923E+01,4.14923E+01,4.14923E+01,4.14923E+01,4.14923E+01,4.14923E+01,4.14923E+01,4.14923E+01,4.14923E+01,4.14923E+01,4.14923E+01,4.14923E+01,1.79765E+01,4.14923E+01,4.14923E+01,4.14923E+01,4.14923E+01,2.45242E+01,4.14923E+01,4.14923E+01,5.44871E+01,4.14923E+01,4.14923E+01,4.14923E+01,4.14923E+01,4.14923E+01,4.14923E+01,4.14923E+01,5.44871E+01,4.14923E+01,4.14923E+01,1.67716E+01,2.45242E+01,4.14923E+01,4.14923E+01,1.74369E+00,4.14923E+01,5.25483E-01 
#t = 8.400E+02
4.14923E+01,4.14923E+01,4.14923E+01,4.14923E+01,4.14923E+01,4.14923E+01,4.14923E+01,4.14923E+01,4.14923E+01,4.14923E+01,4.14923E+01,4.14923E+01,4.14923E+01,4.14923E+01,4.14923E+01,4.14923E+01,7.92232E+00,4.14923E+01,4.14923E+01,4.14923E+01,4.14923E+01,4.14923E+01,4.14923E+01,4.14923E+01,4.14923E+01,5.08545E+00,4.14923E+01,4.14923E+01,4.14923E+01,4.14923E+01,4.14923E+01,4.14923E+01,4.14923E+01,4.14923E+01,4.14923E+01,4.14923E+01,4.14923E+01,8.75472E+00 
#t = 8.820E+02
4.14923E+01,4.14923E+01,4.14923E+01,4.14923E+01,4.14923E+01,4.14923E+01,4.14923E+01,4.14923E+01,4.14923E+01,4.14923E+01,4.14923E+01,4.14923E+01,4.14923E+01,4.14923E+01,4.14923E+01,4.14923E+01,4.14923E+01,4.14923E+01,4.14923E+01,4.14923E+01,4.14923E+01,4.14923E+01,4.14923E+01,4.14923E+01,4.14923E+01,1.68450E+01,4.14923E+01,4.14923E+01,4.14923E+01,4.14923E+01,4.14923E+01,4.14923E+01,4.14923E+01,4.14923E+01,4.14923E+01,4.14923E+01,4.14923E+01,4.14923E+01,4.14923E+01,4.14923E+01,4.14923E+01,4.14923E+01,4.14923E+01,4.14923E+01,9.90165E-01,4.14923E+01,4.14923E+01,4.14923E+01,4.14923E+01,4.14923E+01,4.14923E+01,4.14923E+01,4.14923E+01,4.14923E+01,4.14923E+01,4.14923E+01 
#t = 9.240E+02
4.14923E+01,4.14923E+01,4.14923E+01,4.14923E+01,4.14923E+01,4.14923E+01,4.14923E+01,4.14923E+01,4.14923E+01,4.14923E+01,4.14923E+01,4.14923E+01,4.14923E+01,4.14923E+01,4.14923E+01,4.14923E+01,4.14923E+01,4.14923E+01,4.14923E+01,4.14923E+01,4.14923E+01,4.14923E+01,4.14923E+01,4.14923E+01,4.14923E+01,4.14923E+01,4.14923E+01,4.14923E+01,4.14923E+01,4.14923E+01,4.14923E+01,4.14923E+01,4.14923E+01,4.14923E+01,4.14923E+01,4.14923E+01,4.14923E+01,4.14923E+01,4.14923E+01,4.14923E+01,4.14923E+01,4.14923E+01,9.60130E-01,4.14923E+01 
#t = 9.660E+02
4.14923E+01,4.14923E+01,4.14923E+01,4.14923E+01,4.14923E+01,4.14923E+01,4.14923E+01,4.14923E+01,4.14923E+01,4.14923E+01,4.14923E+01,4.14923E+01,4.14923E+01,4.14923E+01,4.14923E+01,4.14923E+01,4.14923E+01,4.14923E+01,4.14923E+01,4.14923E+01,4.14923E+01,1.91792E+01,4.14923E+01,4.14923E+01,3.71031E-01,2.62849E+00,4.14923E+01,1.91792E+01,4.14923E+01 
#t = 1.008E+03
4.14923E+01,4.14923E+01,4.14923E+01,4.14923E+01,4.14923E+01,4.14923E+01,1.10865E+01,4.14923E+01,4.14923E+01,4.14923E+01,4.14923E+01,4.14923E+01,4.14923E+01,4.14923E+01,4.14923E+01,4.14923E+01,4.14923E+01,4.14923E+01,4.14923E+01,4.14923E+01,4.14923E+01,4.14923E+01,4.14923E+01,4.14923E+01,4.14923E+01,4.14923E+01,3.30161E+00,4.14923E+01,4.14923E+01,4.14923E+01,2.87656E-01,4.14923E+01,4.14923E+01 
#t = 1.050E+03
4.14923E+01,4.14923E+01,4.14923E+01,4.14923E+01,4.14923E+01,4.14923E+01,4.14923E+01,4.14923E+01,4.14923E+01,1.20527E+01,4.14923E+01,4.14923E+01,4.14923E+01,4.14923E+01,4.14923E+01,1.06326E+00,4.14923E+01,4.14923E+01,4.14923E+01,1.20527E+01,4.14923E+01,4.14923E+01,1.46180E+01,4.14923E+01,4.14923E+01,4.14923E+01,4.14923E+01,4.14923E+01,4.14923E+01,4.14923E+01,4.14923E+01,4.14923E+01,4.14923E+01,1.20527E+01,4.14923E+01,4.14923E+01 
#t = 1.092E+03
4.14923E+01,4.14923E+01,4.14923E+01,4.14923E+01,4.14923E+01,4.14923E+01,4.14923E+01,4.14923E+01,4.14923E+01,1.46180E+01,4.14923E+01,4.14923E+01,1.46180E+01,4.14923E+01,4.14923E+01,4.14923E+01,4.14923E+01,4.14923E+01,1.46180E+01,4.14923E+01,4.14923E+01,4.14923E+01,4.14923E+01,4.14923E+01,4.14923E+01,4.14923E+01,4.14923E+01,4.14923E+01,4.14923E+01,4.14923E+01,4.14923E+01,4.14923E+01,3.47440E-01,4.14923E+01,4.14923E+01 
#t = 1.134E+03
1.46180E+01,4.14923E+01,4.14923E+01,4.14923E+01,1.46180E+01,4.14923E+01,4.14923E+01,4.14923E+01,4.14923E+01,4.14923E+01,4.14923E+01,4.14923E+01,4.14923E+01,4.14923E+01,4.14923E+01,8.57208E+00,4.14923E+01,4.14923E+01,9.91619E-01,1.46180E+01,4.14923E+01,4.14923E+01,7.66121E-01,4.14923E+01,4.14923E+01,4.14923E+01 
#t = 1.176E+03
4.14923E+01,4.14923E+01,1.31883E+01,4.14923E+01,4.14923E+01,4.14923E+01,4.14923E+01,4.14923E+01,4.14923E+01,4.14923E+01,4.14923E+01,4.14923E+01,4.14923E+01,4.14923E+01,4.14923E+01,4.14923E+01,4.14923E+01,4.14923E+01,4.14923E+01,4.14923E+01,4.14923E+01,4.14923E+01,4.14923E+01,4.14923E+01,4.14923E+01,4.14923E+01,4.74619E+00,4.14923E+01,4.14923E+01,4.14923E+01,4.14923E+01,4.14923E+01,4.14923E+01,4.14923E+01,1.75064E+00,4.14923E+01,9.72924E-01,4.14923E+01,1.31883E+01,4.14923E+01,4.14923E+01,4.14923E+01 
#t = 1.218E+03
4.14923E+01,4.14923E+01,4.14923E+01,4.14923E+01,4.14923E+01,4.14923E+01,4.14923E+01,4.14923E+01,4.14923E+01,4.14923E+01,4.14923E+01,4.14923E+01,4.14923E+01,4.14923E+01,4.14923E+01,4.14923E+01,4.14923E+01,4.14923E+01,4.14923E+01,4.14923E+01,4.14923E+01,4.14923E+01,4.14923E+01,4.14923E+01,4.14923E+01,4.14923E+01,4.14923E+01,4.14923E+01,4.14923E+01,4.14923E+01,4.14923E+01,4.14923E+01,4.14923E+01,4.14923E+01,4.14923E+01,4.14923E+01,4.14923E+01,4.14923E+01,4.14923E+01,4.14923E+01,4.14923E+01,4.14923E+01,4.14923E+01,4.14923E+01,4.14923E+01,4.14923E+01,4.14923E+01,4.14923E+01,4.14923E+01,4.14923E+01,4.14923E+01,4.14923E+01,4.14923E+01,4.14923E+01,4.14923E+01,4.14923E+01,4.14923E+01,4.14923E+01,4.14923E+01,4.14923E+01,1.45258E-01,4.14923E+01,4.14923E+01,4.14923E+01,4.14923E+01,4.14923E+01,4.14923E+01,4.14923E+01,4.14923E+01,4.14923E+01,4.14923E+01,4.09461E-01,5.48494E-01 
#t = 1.260E+03
4.14923E+01,4.14923E+01,4.14923E+01,4.14923E+01,4.14923E+01,4.14923E+01,4.14923E+01,4.14923E+01,4.14923E+01,4.14923E+01,4.14923E+01,4.14923E+01,4.14923E+01,4.14923E+01,4.14923E+01,4.14923E+01,4.14923E+01,4.14923E+01,4.14923E+01,4.14923E+01,4.14923E+01,1.41615E+01,4.14923E+01,4.14923E+01,4.14923E+01,4.14923E+01,4.14923E+01,4.14923E+01,4.14923E+01,4.14923E+01,4.14923E+01,1.62389E+00,4.14923E+01,2.34978E+01,4.85518E-01 
#t = 1.302E+03
4.14923E+01,4.14923E+01,4.14923E+01,4.14923E+01,4.14923E+01,4.14923E+01,4.14923E+01,4.14923E+01,4.14923E+01,4.14923E+01,4.14923E+01,4.14923E+01,4.14923E+01,4.14923E+01,4.14923E+01,4.14923E+01,4.14923E+01,4.14923E+01,4.14923E+01,4.14923E+01,4.14923E+01,4.14923E+01,4.14923E+01,4.14923E+01,4.14923E+01,4.14923E+01,4.14923E+01,4.14923E+01,4.14923E+01,4.14923E+01,4.14923E+01,4.14923E+01,4.14923E+01,4.14923E+01,4.14923E+01,4.14923E+01 
#t = 1.344E+03
4.14923E+01,4.14923E+01,4.14923E+01,4.14923E+01,4.14923E+01,4.14923E+01,4.14923E+01,4.14923E+01,4.14923E+01,4.14923E+01,4.14923E+01,4.14923E+01,4.14923E+01,4.14923E+01,4.14923E+01,4.14923E+01,1.30760E+01,4.14923E+01,4.14923E+01,4.14923E+01,4.14923E+01,4.14923E+01,4.14923E+01,4.14923E+01,4.14923E+01,4.14923E+01,4.14923E+01,4.14923E+01,4.14923E+01,4.14923E+01,4.14923E+01,1.46369E+00,1.16527E+01,4.14923E+01,3.03211E-01,4.14923E+01,4.14923E+01,4.14923E+01 
#t = 1.386E+03
4.14923E+01,4.14923E+01,4.14923E+01,4.14923E+01,4.14923E+01,4.14923E+01,4.14923E+01,4.14923E+01,4.14923E+01,4.14923E+01,4.14923E+01,3.58741E+01,3.58741E+01,3.58741E+01,4.14923E+01,4.14923E+01,4.14923E+01,4.14923E+01,4.14923E+01,4.14923E+01,4.14923E+01,4.14923E+01,4.14923E+01,4.14923E+01,4.14923E+01,4.14923E+01,4.14923E+01,4.14923E+01,4.14923E+01,4.14923E+01,4.14923E+01,4.14923E+01,4.14923E+01,4.14923E+01,4.14923E+01,4.14923E+01,4.14923E+01,4.14923E+01,4.14923E+01,4.14923E+01,4.14923E+01,1.99614E+01,4.80348E+00,4.14923E+01,4.14923E+01,8.15514E-01,4.14923E+01,4.14923E+01,1.44847E+00,1.63617E+00 
#t = 1.428E+03
4.14923E+01,4.14923E+01,3.58741E+01,4.14923E+01,4.14923E+01,4.14923E+01,4.14923E+01,4.14923E+01,3.58741E+01,4.14923E+01,4.14923E+01,4.14923E+01,4.14923E+01,4.14923E+01,4.14923E+01,4.14923E+01,4.14923E+01,4.14923E+01,4.14923E+01,4.14923E+01,4.14923E+01,4.14923E+01,4.14923E+01,3.58741E+01,4.14923E+01,1.19520E+01,4.14923E+01,4.14923E+01,4.14923E+01,4.14923E+01,4.14923E+01,4.14923E+01,4.14923E+01,4.14923E+01,4.14923E+01,1.19520E+01,4.14923E+01,4.14923E+01,4.14923E+01,4.14923E+01,2.56338E+00 
#t = 1.470E+03
4.14923E+01,3.58741E+01,3.58741E+01,4.14923E+01,4.14923E+01,4.14923E+01,4.14923E+01,1.19520E+01,4.14923E+01,1.19520E+01,4.14923E+01,4.14923E+01,4.14923E+01,4.14923E+01,1.19520E+01,4.14923E+01,4.14923E+01,4.14923E+01,4.14923E+01,4.14923E+01,4.14923E+01,4.14923E+01,4.14923E+01,4.14923E+01,4.14923E+01,9.39339E+00,4.14923E+01,4.14923E+01,9.26429E+00,4.14923E+01,4.14923E+01,4.14923E+01,4.14923E+01,4.14923E+01,4.14923E+01,4.14923E+01,1.19520E+01,4.14923E+01,4.14923E+01,1.19520E+01,1.48861E+00 
#t = 1.512E+03
4.14923E+01,1.19520E+01,4.14923E+01,1.19520E+01,4.14923E+01,1.19520E+01,4.14923E+01,4.14923E+01,4.14923E+01,4.14923E+01,1.19520E+01,4.14923E+01,1.19520E+01,4.14923E+01,4.14923E+01,4.14923E+01,4.14923E+01,5.91732E+00,3.41101E+00,1.19520E+01,4.14923E+01,4.14923E+01,4.14923E+01,4.14923E+01,4.14923E+01,1.19520E+01,1.07348E+01,4.14923E+01 
#t = 1.554E+03
1.19520E+01,4.14923E+01,4.14923E+01,4.14923E+01,4.14923E+01,4.14923E+01,1.90904E+01,4.14923E+01,4.14923E+01,1.90904E+01,1.15424E+01,4.14923E+01,4.14923E+01,4.14923E+01,4.14923E+01,4.14923E+01,3.55400E+00,4.14923E+01,4.14923E+01,4.14923E+01,4.14923E+01,1.90904E+01,4.14923E+01,4.14923E+01,1.90904E+01,4.29480E+00,1.19520E+01,4.14923E+01,1.90904E+01,4.14923E+01,4.14923E+01,4.14923E+01,4.14923E+01,1.90904E+01,4.14923E+01,4.14923E+01,4.14923E+01,4.14923E+01,4.14923E+01 
#t = 1.596E+03
4.14923E+01,1.19520E+01,4.14923E+01,1.90904E+01,4.14923E+01,1.90904E+01,1.90904E+01,1.90904E+01,1.90904E+01,4.14923E+01,4.14923E+01,4.14923E+01,4.14923E+01,4.14923E+01,1.90904E+01,4.14923E+01,4.14923E+01,4.14923E+01,4.14923E+01,4.14923E+01,1.19520E+01,4.14923E+01,4.14923E+01,4.14923E+01,4.14923E+01,2.51641E+00,4.14923E+01,1.19520E+01,4.14923E+01,4.14923E+01,5.62217E-01,3.16843E+00,4.14923E+01,4.14923E+01,4.14923E+01,4.14923E+01,4.14923E+01,1.90904E+01 
#t = 1.638E+03
1.90904E+01,1.90904E+01,4.14923E+01,1.90904E+01,1.90904E+01,1.90904E+01,4.14923E+01,4.14923E+01,4.14923E+01,4.14923E+01,4.14923E+01,4.14923E+01,4.14923E+01,4.14923E+01,1.90904E+01,1.90904E+01,4.14923E+01,4.14923E+01,4.14923E+01,4.14923E+01,4.14923E+01,1.90904E+01,4.14923E+01,4.14923E+01,4.14923E+01,1.90904E+01,1.08801E+00,1.90904E+01,4.14923E+01,1.90904E+01,8.02981E+00,4.14923E+01,4.14923E+01,4.14923E+01 
#t = 1.680E+03
4.14923E+01,4.14923E+01,4.14923E+01,4.14923E+01,4.14923E+01,4.14923E+01,1.90904E+01,4.14923E+01,4.14923E+01,4.14923E+01,1.90904E+01,4.14923E+01,4.14923E+01,4.14923E+01,1.90904E+01,4.14923E+01,4.14923E+01,4.14923E+01,4.14923E+01,1.90904E+01,1.90904E+01,4.14923E+01,4.14923E+01,1.90904E+01,4.14923E+01,4.14923E+01,4.14923E+01,4.14923E+01,4.14923E+01,4.14923E+01,1.90904E+01,4.14923E+01,4.14923E+01,4.14923E+01,3.45406E+00,4.14923E+01,4.14923E+01,1.32318E+01,4.14923E+01,4.14923E+01,4.14923E+01,1.90904E+01,1.90904E+01,4.14923E+01,1.90904E+01,4.14923E+01,1.32318E+01,4.14923E+01,3.51230E+00 
#t = 1.722E+03
4.14923E+01,4.14923E+01,4.14923E+01,4.14923E+01,4.14923E+01,4.14923E+01,4.14923E+01,1.90904E+01,4.14923E+01,4.14923E+01,4.14923E+01,4.14923E+01,4.14923E+01,4.14923E+01,4.14923E+01,1.90904E+01,4.14923E+01,4.14923E+01,4.14923E+01,1.90904E+01,4.14923E+01,4.14923E+01,1.90904E+01,4.14923E+01,4.14923E+01,4.14923E+01,4.14923E+01,4.14923E+01,4.14923E+01,1.90904E+01,4.14923E+01,2.04780E+00,7.64602E-01,4.14923E+01,4.14923E+01,4.14923E+01,4.14923E+01 
#t = 1.764E+03
4.14923E+01,4.14923E+01,1.90904E+01,4.14923E+01,4.14923E+01,4.14923E+01,4.14923E+01,4.14923E+01,1.90904E+01,4.14923E+01,4.14923E+01,4.14923E+01,4.14923E+01,4.14923E+01,4.14923E+01,4.14923E+01,4.14923E+01,4.14923E+01,4.14923E+01,4.14923E+01,4.14923E+01,4.14923E+01,4.14923E+01,4.14923E+01,4.14923E+01,4.14923E+01,4.14923E+01,4.14923E+01,4.14923E+01,4.14923E+01,4.14923E+01,4.14923E+01,4.14923E+01,4.14923E+01 
#t = 1.806E+03
4.14923E+01,4.14923E+01,4.14923E+01,4.14923E+01,4.14923E+01,4.14923E+01,4.14923E+01,4.14923E+01,4.14923E+01,4.14923E+01,4.14923E+01,4.14923E+01,4.14923E+01,4.14923E+01,4.14923E+01,4.14923E+01,4.14923E+01,4.14923E+01,4.14923E+01,4.92724E-01 
#t = 1.848E+03
4.14923E+01,4.14923E+01,4.14923E+01,4.14923E+01,2.14115E+01,4.14923E+01,2.14115E+01,4.14923E+01,2.14115E+01,4.14923E+01,4.14923E+01,4.14923E+01,4.14923E+01,4.14923E+01,5.59994E+00,4.14923E+01,4.14923E+01,4.14923E+01,4.14923E+01,4.14923E+01,2.14115E+01,4.14923E+01,2.14115E+01,4.14923E+01,4.14923E+01,4.14923E+01,2.14115E+01,2.14115E+01,4.14923E+01,4.14923E+01,4.14923E+01,4.14923E+01,4.14923E+01,4.14923E+01 
#t = 1.890E+03
4.14923E+01,4.14923E+01,4.14923E+01,4.14923E+01,4.14923E+01,2.14115E+01,4.14923E+01,4.14923E+01,4.14923E+01,4.14923E+01,4.14923E+01,4.14923E+01,1.24556E+01,4.14923E+01,4.14923E+01,4.14923E+01,4.14923E+01,4.14923E+01,1.45591E+01,1.15169E+01,4.14923E+01,1.45591E+01,4.14923E+01,2.14115E+01,2.14115E+01,4.14923E+01,2.14115E+01,4.14923E+01,1.24556E+01,4.14923E+01,4.14923E+01,4.14923E+01,4.14923E+01,2.14115E+01,1.05241E+00,4.14923E+01,4.14923E+01,2.14115E+01,4.14923E+01,4.14923E+01,2.14115E+01,1.31359E+00,4.14923E+01 
#t = 1.932E+03
4.14923E+01,1.24556E+01,4.14923E+01,1.45591E+01,2.14115E+01,2.14115E+01,2.14115E+01,4.14923E+01,4.14923E+01,1.05158E+01,4.14923E+01,2.14115E+01,4.14923E+01,4.14923E+01,4.14923E+01,4.14923E+01,4.14923E+01,4.14923E+01,4.14923E+01,4.14923E+01,2.14115E+01,4.14923E+01,2.14115E+01,2.14115E+01,4.14923E+01,8.70352E+00,4.14923E+01,2.14115E+01,2.14115E+01,4.14923E+01,4.14923E+01,8.36714E+00 
#t = 1.974E+03
1.45591E+01,2.14115E+01,4.14923E+01,4.14923E+01,2.14115E+01,2.14115E+01,2.14115E+01,4.14923E+01,4.14923E+01,2.14115E+01,4.14923E+01,4.14923E+01,4.14923E+01,4.14923E+01,2.14115E+01,1.22532E+01,2.14115E+01,4.14923E+01,4.14923E+01,2.14115E+01,4.14923E+01,4.14923E+01,2.14115E+01,1.22532E+01,1.45591E+01,2.14115E+01,1.22532E+01,4.14923E+01,4.14923E+01,4.14923E+01,4.14923E+01,4.14923E+01,4.14923E+01,2.14115E+01,1.22532E+01,1.45591E+01,1.79778E+01,4.14923E+01,2.14115E+01,4.14923E+01,4.14923E+01,4.19770E+00,2.14115E+01,4.14923E+01,2.14115E+01,4.14923E+01,7.37939E-01,4.14923E+01,2.14115E+01,2.14115E+01,5.34763E+00,4.14923E+01,4.14923E+01 
#t = 2.016E+03
2.14115E+01,4.14923E+01,1.45591E+01,1.22532E+01,2.14115E+01,4.14923E+01,4.14923E+01,4.14923E+01,2.14115E+01,4.14923E+01,4.14923E+01,2.14115E+01,4.14923E+01,4.14923E+01,4.14923E+01,4.14923E+01,4.14923E+01,4.14923E+01,4.14923E+01,4.14923E+01,4.14923E+01,2.14115E+01,1.22532E+01,4.14923E+01,4.14923E+01,4.14923E+01,2.64569E+00,4.14923E+01,4.14923E+01,2.14115E+01,4.14923E+01,4.14923E+01,4.14923E+01,4.14923E+01,6.75269E-01,4.14923E+01,4.14923E+01 
#t = 2.058E+03
1.45591E+01,4.14923E+01,4.14923E+01,4.14923E+01,4.14923E+01,4.14923E+01,4.14923E+01,4.14923E+01,4.14923E+01,4.14923E+01,4.14923E+01,4.14923E+01,4.14923E+01,1.45591E+01,4.14923E+01,4.14923E+01,4.14923E+01,4.14923E+01,4.14923E+01,4.14923E+01,4.14923E+01,4.14923E+01,5.19506E+00,4.14923E+01,4.14923E+01,4.14923E+01,1.53290E+00,4.14923E+01,4.14923E+01,4.14923E+01,4.14923E+01,4.14923E+01,1.64064E+00 
#t = 2.100E+03
4.14923E+01,4.14923E+01,4.14923E+01,4.14923E+01,4.14923E+01,1.45591E+01,4.14923E+01,4.14923E+01,4.14923E+01,4.14923E+01,4.14923E+01,4.14923E+01,4.14923E+01,4.14923E+01,4.14923E+01,4.14923E+01,4.14923E+01,4.14923E+01,4.14923E+01,4.14923E+01,4.14923E+01,4.14923E+01,4.14923E+01,4.14923E+01,1.72842E+01,4.14923E+01,4.14923E+01,4.14923E+01,4.14329E+00,4.14923E+01,4.14923E+01,4.14923E+01,4.14923E+01,4.14923E+01,4.14923E+01,4.14923E+01,4.14923E+01,4.14923E+01,4.14923E+01,4.14923E+01,4.14923E+01,4.14923E+01 
#t = 2.142E+03
4.14923E+01,4.14923E+01,4.14923E+01,4.14923E+01,4.14923E+01,4.14923E+01,4.14923E+01,4.14923E+01,4.14923E+01,4.14923E+01,5.56017E+00,4.14923E+01,4.14923E+01,4.14923E+01,4.14923E+01,4.14923E+01,4.14923E+01,4.14923E+01,4.14923E+01,4.14923E+01,4.14923E+01,4.14923E+01,4.14923E+01,5.67693E+00,4.14923E+01,4.14923E+01,4.14923E+01,3.50410E+00,4.14923E+01,4.63097E+00,4.14923E+01,1.42427E+00 
#t = 2.184E+03
4.14923E+01,4.14923E+01,4.14923E+01,4.14923E+01,4.14923E+01,4.14923E+01,4.14923E+01,4.14923E+01,4.14923E+01,4.14923E+01,4.14923E+01,4.14923E+01,4.14923E+01,4.14923E+01,4.14923E+01,4.14923E+01,4.14923E+01,4.14923E+01,4.14923E+01,4.14923E+01,4.14923E+01,4.14923E+01,4.14923E+01,4.14923E+01,4.14923E+01,4.14923E+01,4.14923E+01,2.05492E+00,4.14923E+01,4.14923E+01,4.14923E+01,5.74604E+00 
#t = 2.226E+03
4.14923E+01,4.14923E+01,4.14923E+01,4.14923E+01,4.14923E+01,4.14923E+01,4.14923E+01,4.14923E+01,1.14211E+01,4.14923E+01,1.53591E+01,4.14923E+01,4.14923E+01,4.14923E+01,4.14923E+01,4.14923E+01,1.89306E+01,1.14211E+01,4.14923E+01,4.14923E+01,4.14923E+01,8.55629E+00,4.14923E+01,4.14923E+01,4.14923E+01,4.14923E+01,3.37222E+00,4.14923E+01,4.14923E+01,4.14923E+01,8.77304E-01,1.14211E+01,1.14211E+01,4.14923E+01 
#t = 2.268E+03
4.14923E+01,4.14923E+01,4.14923E+01,4.14923E+01,4.14923E+01,4.14923E+01,4.14923E+01,4.14923E+01,4.14923E+01,4.14923E+01,4.14923E+01,4.14923E+01,4.14923E+01,8.95820E+00,1.89306E+01,4.14923E+01,4.14923E+01,4.14923E+01,4.14923E+01,4.14923E+01,4.14923E+01,4.14923E+01,4.14923E+01,4.14923E+01,4.14923E+01,4.14923E+01,4.14923E+01,4.14923E+01,4.14923E+01,4.14923E+01,4.14923E+01,4.14923E+01,4.14923E+01,1.84737E-01,4.14923E+01,1.73056E+00,4.14923E+01,4.14923E+01,4.14923E+01,4.14923E+01 
#t = 2.310E+03
4.14923E+01,4.14923E+01,4.14923E+01,4.14923E+01,4.14923E+01,4.14923E+01,4.14923E+01,4.14923E+01,4.14923E+01,4.14923E+01,4.14923E+01,4.14923E+01,4.14923E+01,4.14923E+01,4.14923E+01,4.14923E+01,4.14923E+01,4.14923E+01,4.14923E+01,4.14923E+01,4.14923E+01,4.14923E+01,4.14923E+01,4.14923E+01,4.14923E+01,4.14923E+01,4.14923E+01,4.14923E+01,1.58186E+00,4.14923E+01,4.14923E+01,4.14923E+01,4.14923E+01,3.34303E+00,4.14923E+01,4.14923E+01,4.14923E+01,4.14923E+01 
#t = 2.352E+03
4.14923E+01,4.14923E+01,4.14923E+01,4.14923E+01,4.14923E+01,4.14923E+01,4.14923E+01,4.14923E+01,4.14923E+01,4.14923E+01,4.14923E+01,4.14923E+01,4.14923E+01,4.14923E+01,4.14923E+01,4.14923E+01,4.14923E+01,4.14923E+01,4.14923E+01,4.14923E+01,1.13268E+00,4.14923E+01,1.28962E+00 
#t = 2.394E+03
4.14923E+01,4.14923E+01,4.14923E+01,4.14923E+01,4.14923E+01,4.14923E+01,4.14923E+01,4.14923E+01,4.14923E+01,1.10630E+01,4.14923E+01,1.10630E+01,4.14923E+01,4.14923E+01,4.14923E+01,4.14923E+01,4.14923E+01,4.14923E+01,4.14923E+01,4.14923E+01,4.14923E+01,1.30419E+01,4.14923E+01,4.14923E+01,4.14923E+01,4.14923E+01,1.30419E+01,4.14923E+01,5.14815E-01,4.14923E+01,4.14923E+01,4.14923E+01,4.14923E+01,4.14923E+01,4.14923E+01 
#t = 2.436E+03
4.14923E+01,4.14923E+01,1.30419E+01,4.14923E+01,4.14923E+01,4.14923E+01,4.14923E+01,4.14923E+01,4.14923E+01,4.14923E+01,4.14923E+01,4.14923E+01,4.14923E+01,4.14923E+01,4.14923E+01,4.14923E+01,4.14923E+01,4.14923E+01,4.14923E+01,4.14923E+01,4.14923E+01,4.14923E+01,4.14923E+01,4.14923E+01,4.14923E+01,4.14923E+01,4.14923E+01,1.79519E+00,4.14923E+01,4.14923E+01,4.14923E+01,4.14923E+01,4.14923E+01,4.14923E+01,2.99558E+00,4.14923E+01,2.22609E+00 
#t = 2.478E+03
1.30419E+01,4.14923E+01,4.14923E+01,1.05754E+01,4.14923E+01,4.14923E+01,4.14923E+01,4.14923E+01,4.14923E+01,4.14923E+01,4.14923E+01,4.14923E+01,1.30419E+01,4.14923E+01,4.14923E+01,4.14923E+01,4.14923E+01,4.14923E+01,4.14923E+01,4.14923E+01,4.14923E+01,4.14923E+01,1.30419E+01,6.19755E+00,1.30419E+01,4.14923E+01,4.14923E+01,4.14923E+01,4.14923E+01,1.30419E+01,1.30419E+01,4.14923E+01,4.14923E+01,1.30419E+01,1.30419E+01,4.14923E+01,4.14923E+01,1.30419E+01,3.14054E+00,4.14923E+01,6.92021E-01,4.14923E+01,1.30419E+01,2.52225E+00 
#t = 2.520E+03
4.14923E+01,1.30419E+01,4.14923E+01,1.30419E+01,4.14923E+01,1.30419E+01,4.14923E+01,1.30419E+01,1.30419E+01,1.30419E+01,1.30419E+01,4.14923E+01,1.30419E+01,1.30419E+01,1.30419E+01,4.14923E+01,4.14923E+01,4.14923E+01,1.30419E+01,4.14923E+01,1.30419E+01,1.30419E+01,4.14923E+01,1.30419E+01,1.30419E+01,4.14923E+01,1.30419E+01,1.30419E+01,1.76309E+00,1.30419E+01,4.14923E+01,1.30419E+01,1.30419E+01,1.64052E+00,1.21876E+01,4.14923E+01,1.30419E+01,4.14923E+01,4.14923E+01,1.30419E+01,4.14923E+01,4.14923E+01,1.30419E+01,1.30419E+01,1.30419E+01,4.14923E+01,4.14923E+01 
#t = 2.562E+03
1.30419E+01,4.14923E+01,1.30419E+01,4.14923E+01,4.14923E+01,1.30419E+01,1.30419E+01,1.30419E+01,4.14923E+01,1.30419E+01,1.30419E+01,1.30419E+01,1.50530E+01,4.14923E+01,1.30419E+01,1.30419E+01,4.14923E+01,1.30419E+01,4.14923E+01,1.30419E+01,1.30419E+01,1.30419E+01,1.30419E+01,4.14923E+01,1.50530E+01,1.30419E+01,4.14923E+01,1.30419E+01,4.14923E+01,1.30419E+01,1.50530E+01 
#t = 2.604E+03
4.14923E+01,4.14923E+01,1.50530E+01,1.30419E+01,4.14923E+01,4.14923E+01,1.50530E+01,4.14923E+01,1.30419E+01,1.30419E+01,1.50530E+01,1.30419E+01,1.30419E+01,4.14923E+01,1.30419E+01,1.30419E+01,4.14923E+01,1.30419E+01,4.14923E+01,1.30419E+01,4.14923E+01,1.50530E+01,1.30419E+01,1.30419E+01,1.30419E+01,1.30419E+01,4.14923E+01,1.30419E+01,4.14923E+01,4.14923E+01,4.14923E+01,4.14923E+01,1.30419E+01,4.14923E+01,4.14923E+01,4.14923E+01,1.30419E+01,1.30419E+01,4.14923E+01,1.30419E+01,4.14923E+01,1.30419E+01,4.14923E+01,1.30419E+01,1.30419E+01,4.14923E+01 
#t = 2.646E+03
4.14923E+01,1.30419E+01,4.14923E+01,4.14923E+01,4.14923E+01,1.50530E+01,4.14923E+01,4.14923E+01,4.14923E+01,4.14923E+01,1.30419E+01,4.14923E+01,4.14923E+01,4.14923E+01,4.14923E+01,4.14923E+01,4.14923E+01,4.14923E+01,4.14923E+01,4.14923E+01,4.14923E+01,1.50530E+01,4.14923E+01,4.14923E+01,4.14923E+01,4.14923E+01,4.14923E+01,4.14923E+01,4.14923E+01,4.14923E+01,1.09667E+00,4.14923E+01,1.45491E+00,4.14923E+01,4.14923E+01 
#t = 2.688E+03
4.14923E+01,1.30419E+01,4.14923E+01,4.14923E+01,4.14923E+01,4.14923E+01,4.14923E+01,4.14923E+01,4.14923E+01,4.14923E+01,4.14923E+01,4.14923E+01,4.14923E+01,4.14923E+01,4.14923E+01,4.14923E+01,4.14923E+01,4.14923E+01,4.14923E+01,1.30419E+01,6.26133E+00,4.14923E+01,4.14923E+01,4.14923E+01,4.14923E+01,4.14923E+01,4.38803E+00,4.14923E+01,4.14923E+01,2.05935E+00,4.14923E+01,4.14923E+01,3.78355E+00,2.13597E+00 
#t = 2.730E+03
4.14923E+01,4.14923E+01,4.14923E+01,4.14923E+01,4.14923E+01,4.14923E+01,4.14923E+01,4.14923E+01,4.14923E+01,4.14923E+01,4.14923E+01,4.14923E+01,1.30419E+01,4.14923E+01,4.14923E+01,4.14923E+01,4.14923E+01,4.14923E+01,4.14923E+01,4.14923E+01,4.14923E+01,4.14923E+01,4.14923E+01,4.14923E+01,1.47912E+01,4.14923E+01,4.14923E+01,4.14923E+01,4.14923E+01,4.14923E+01,4.14923E+01,4.14923E+01,4.14923E+01,4.14923E+01,4.14923E+01,4.14923E+01,4.14923E+01,4.14923E+01,4.14923E+01,8.93082E-01,4.14923E+01,4.14923E+01,6.28039E+00,4.14923E+01,4.14923E+01,4.14923E+01,4.14923E+01 
#t = 2.772E+03
4.14923E+01,4.14923E+01,4.14923E+01,4.14923E+01,4.14923E+01,4.14923E+01,4.14923E+01,4.14923E+01,4.14923E+01,4.14923E+01,4.14923E+01,4.14923E+01,4.14923E+01,4.14923E+01,4.14923E+01,4.14923E+01,4.14923E+01,4.14923E+01,4.14923E+01,4.14923E+01,1.18686E+00,4.14923E+01,4.14923E+01,4.14923E+01,1.29876E+01,4.14923E+01,4.14923E+01,4.14923E+01,4.14923E+01,4.14923E+01,1.35633E+00,4.14923E+01,4.14923E+01 
#t = 2.814E+03
4.14923E+01,4.14923E+01,4.14923E+01,4.14923E+01,4.14923E+01,4.14923E+01,4.14923E+01,3.61373E+00,4.14923E+01,4.14923E+01,4.14923E+01,4.14923E+01,4.14923E+01,4.14923E+01,4.14923E+01,4.14923E+01,4.14923E+01,4.14923E+01,4.14923E+01,4.14923E+01,4.14923E+01,4.14923E+01,4.14923E+01,4.14923E+01,4.14923E+01,4.14923E+01,4.14923E+01,6.43276E-01,4.14923E+01,5.10214E+00,4.14923E+01,4.14923E+01,4.14923E+01,3.62568E+00,4.14923E+01 
#t = 2.856E+03
4.14923E+01,4.14923E+01,4.14923E+01,4.14923E+01,4.14923E+01,4.14923E+01,4.14923E+01,4.14923E+01,4.14923E+01,4.14923E+01,4.14923E+01,4.14923E+01,4.14923E+01,4.14923E+01,4.14923E+01,4.14923E+01,4.14923E+01,4.14923E+01,7.60433E+00,4.14923E+01,4.14923E+01,4.14923E+01,4.14923E+01,4.14923E+01,4.14923E+01,1.29401E+00,4.14923E+01,4.14923E+01,4.14923E+01,4.14923E+01,4.14923E+01,4.14923E+01,4.14923E+01,4.14923E+01,4.14923E+01,4.14923E+01,4.14923E+01,4.14923E+01 
#t = 2.898E+03
4.14923E+01,4.14923E+01,4.14923E+01,4.14923E+01,4.14923E+01,4.14923E+01,4.14923E+01,4.14923E+01,4.14923E+01,4.14923E+01,1.06763E+01,4.14923E+01,4.06266E+00,4.14923E+01,4.14923E+01,3.94765E+00 
#t = 2.940E+03
4.14923E+01,4.14923E+01,4.14923E+01,4.14923E+01,4.14923E+01,4.14923E+01,4.14923E+01,4.14923E+01,4.14923E+01,4.14923E+01,4.14923E+01,4.14923E+01,4.14923E+01,4.14923E+01,4.14923E+01,4.14923E+01,4.14923E+01,4.14923E+01,4.14923E+01,4.14923E+01,4.14923E+01,4.14923E+01,4.14923E+01,4.14923E+01,4.14923E+01,4.14923E+01,1.68024E+00,4.14923E+01,4.14923E+01,4.14923E+01,4.14923E+01,8.75808E+00,4.14923E+01,4.14923E+01,4.14923E+01,4.14923E+01,4.14923E+01 
#t = 2.982E+03
4.14923E+01,4.14923E+01,4.14923E+01,4.14923E+01,4.14923E+01,4.14923E+01,4.14923E+01,4.14923E+01,4.14923E+01,4.14923E+01,4.14923E+01,4.14923E+01,4.14923E+01,4.14923E+01,4.14923E+01,4.14923E+01,4.14923E+01,4.14923E+01,4.14923E+01,9.81544E+00,4.14923E+01,4.14923E+01,4.14923E+01,4.14923E+01,4.14923E+01,4.14923E+01,4.14923E+01,4.14923E+01,4.14923E+01,4.14923E+01,4.14923E+01,4.14923E+01,4.14923E+01,4.14923E+01,4.14923E+01,4.14923E+01,8.45698E+00,4.14923E+01 
#t = 3.024E+03
4.14923E+01,4.14923E+01,4.14923E+01,4.14923E+01,4.14923E+01,4.14923E+01,4.14923E+01,4.14923E+01,4.14923E+01,4.14923E+01,4.14923E+01,4.14923E+01,4.14923E+01,4.14923E+01,4.14923E+01,4.14923E+01,7.40323E+00,4.14923E+01,4.14923E+01,4.14923E+01,4.14923E+01,2.71929E-01,4.14923E+01,4.14923E+01,6.01399E-01,4.14923E+01,5.19193E-01,4.14923E+01,4.14923E+01,4.14923E+01,4.14923E+01 
#t = 3.066E+03
4.14923E+01,4.14923E+01,4.14923E+01,4.14923E+01,4.14923E+01,4.14923E+01,4.14923E+01,4.14923E+01,4.14923E+01,4.14923E+01,1.13964E+01,4.14923E+01,4.14923E+01,4.14923E+01,4.14923E+01,4.14923E+01,4.14923E+01,4.14923E+01,1.14405E+01,3.42560E+00,1.14405E+01,4.14923E+01,4.14923E+01,4.14923E+01,1.14405E+01,4.14923E+01,1.27509E+00 
#t = 3.108E+03
4.14923E+01,4.14923E+01,1.13964E+01,4.14923E+01,4.14923E+01,1.13964E+01,4.14923E+01,4.14923E+01,4.14923E+01,4.14923E+01,4.14923E+01,4.14923E+01,4.14923E+01,4.14923E+01,4.14923E+01,4.14923E+01,4.14923E+01,4.14923E+01,4.14923E+01,4.14923E+01,4.14923E+01,4.14923E+01,4.14923E+01,4.14923E+01,4.14923E+01,4.14923E+01,4.14923E+01,4.14923E+01,4.14923E+01,4.14923E+01,4.14923E+01,1.13964E+01,4.14923E+01,4.14923E+01,4.14923E+01,4.14923E+01,4.14923E+01,6.68073E+00,4.14923E+01,4.14923E+01,2.40291E+00 
#t = 3.150E+03
4.14923E+01,4.14923E+01,4.14923E+01,4.14923E+01,4.14923E+01,4.14923E+01,4.14923E+01,4.14923E+01,4.14923E+01,4.14923E+01,4.14923E+01,4.14923E+01,2.39985E+01,4.14923E+01,4.14923E+01,4.14923E+01,4.14923E+01,4.14923E+01,4.14923E+01,4.14923E+01,4.14923E+01,4.14923E+01,4.14923E+01,4.14923E+01,4.14923E+01,4.14923E+01,4.14923E+01,4.14923E+01,4.14923E+01,4.14923E+01,4.14923E+01,4.14923E+01,4.14923E+01,4.14923E+01,4.14923E+01,4.14923E+01,4.14923E+01,4.14923E+01 
#t = 3.192E+03
2.39985E+01,4.14923E+01,4.14923E+01,4.14923E+01,2.46765E+01,4.14923E+01,4.14923E+01,4.14923E+01,5.98576E+00,4.14923E+01,4.14923E+01,2.46765E+01,4.14923E+01,2.46765E+01,2.46765E+01,4.14923E+01,2.46765E+01,4.14923E+01,2.39985E+01,2.46765E+01,1.16782E+01,4.14923E+01,4.14923E+01,4.14923E+01,4.14923E+01,4.14923E+01,4.14923E+01,4.14923E+01,4.14923E+01,6.33653E-01,2.95247E+00,2.39985E+01 
#t = 3.234E+03
4.14923E+01,4.14923E+01,2.46765E+01,4.14923E+01,4.14923E+01,4.14923E+01,4.14923E+01,2.46765E+01,2.46765E+01,2.46765E+01,4.14923E+01,4.14923E+01,4.14923E+01,2.46765E+01,4.14923E+01,4.14923E+01,2.46765E+01,4.14923E+01,4.14923E+01,2.46765E+01,4.14923E+01,2.17755E+01,4.14923E+01,4.14923E+01,2.46765E+01,4.14923E+01,4.14923E+01,2.46765E+01,4.14923E+01,4.14923E+01,4.14923E+01,4.14923E+01 
#t = 3.276E+03
2.46765E+01,2.46765E+01,4.14923E+01,2.46765E+01,4.14923E+01,4.14923E+01,8.70559E+00,4.14923E+01,4.14923E+01,4.14923E+01,9.88446E+00,4.14923E+01,4.14923E+01,2.46765E+01,4.14923E+01,2.46765E+01,4.14923E+01,4.14923E+01,2.46765E+01,4.14923E+01,2.46765E+01,4.14923E+01,4.14923E+01,4.14923E+01,4.14923E+01,4.14923E+01,4.14923E+01,2.46765E+01,4.14923E+01,4.14923E+01,4.14923E+01,4.14923E+01 
#t = 3.318E+03
4.14923E+01,4.14923E+01,4.14923E+01,4.14923E+01,4.14923E+01,4.14923E+01,4.14923E+01,2.46765E+01,4.14923E+01,4.14923E+01,4.14923E+01,4.14923E+01,4.14923E+01,4.14923E+01,4.14923E+01,9.07930E+00,4.14923E+01,4.14923E+01,4.14923E+01,4.14923E+01,4.14923E+01,4.14923E+01,4.14923E+01,4.14923E+01,4.14923E+01,4.14923E+01,4.14923E+01,3.57978E+00,4.14923E+01,4.14923E+01,4.14923E+01,4.14923E+01,4.14923E+01,4.14923E+01,4.14923E+01,4.26331E+00 
#t = 3.360E+03
4.14923E+01,2.46765E+01,4.14923E+01,4.14923E+01,4.14923E+01,4.14923E+01,4.14923E+01,4.14923E+01,4.14923E+01,4.14923E+01,4.14923E+01,4.14923E+01,4.14923E+01,4.14923E+01,4.14923E+01,4.14923E+01,4.14923E+01,4.14923E+01,4.14923E+01,4.14923E+01,4.14923E+01,4.14923E+01,4.14923E+01,4.14923E+01,4.14923E+01,4.14923E+01,4.14923E+01,2.46765E+01,4.14923E+01,4.14923E+01,4.14923E+01,4.14923E+01,4.14923E+01,4.14923E+01,4.14923E+01,4.14923E+01,6.32374E-01,4.14923E+01,3.47284E+00,4.14923E+01,3.12863E+00 
#t = 3.402E+03
4.14923E+01,4.14923E+01,4.14923E+01,4.14923E+01,4.14923E+01,4.14923E+01,4.14923E+01,4.14923E+01,4.14923E+01,4.14923E+01,4.14923E+01,4.14923E+01,4.14923E+01,4.14923E+01,4.14923E+01,4.14923E+01,4.14923E+01,9.93988E+00,4.14923E+01,4.14923E+01,4.14923E+01,4.14923E+01,4.14923E+01,4.14923E+01,4.14923E+01,4.14923E+01,4.14923E+01,4.14923E+01,4.14923E+01,4.14923E+01,4.14923E+01,4.14923E+01,4.14923E+01,4.14923E+01,4.14923E+01,4.14923E+01,4.14923E+01,4.14923E+01,4.14923E+01,4.14923E+01,3.92653E+00,8.26142E+00 
#t = 3.444E+03
4.14923E+01,4.14923E+01,4.14923E+01,4.14923E+01,1.36531E+01,4.14923E+01,1.36531E+01,4.14923E+01,4.14923E+01,4.14923E+01,4.14923E+01,4.14923E+01,4.14923E+01,4.14923E+01,4.14923E+01,4.14923E+01,4.14923E+01,4.14923E+01,4.14923E+01,4.14923E+01,1.36531E+01,4.14923E+01,4.14923E+01,4.14923E+01,4.14923E+01,4.14923E+01,4.14923E+01,4.14923E+01,4.14923E+01,4.14923E+01 
#t = 3.486E+03
4.14923E+01,4.14923E+01,4.14923E+01,4.14923E+01,4.14923E+01,4.14923E+01,4.14923E+01,4.14923E+01,4.14923E+01,4.14923E+01,4.14923E+01,4.14923E+01,4.14923E+01,4.14923E+01,4.14923E+01,4.14923E+01,4.14923E+01,4.14923E+01,4.14923E+01,4.14923E+01,4.14923E+01,4.14923E+01,4.14923E+01,4.14923E+01,4.14923E+01,4.14923E+01,4.14923E+01,4.14923E+01,4.14923E+01,4.14923E+01,1.21741E+00 
#t = 3.528E+03
4.14923E+01,4.14923E+01,4.14923E+01,4.14923E+01,4.14923E+01,4.14923E+01,4.14923E+01,4.14923E+01,4.14923E+01,4.14923E+01,4.14923E+01,4.14923E+01,4.14923E+01,4.14923E+01,4.14923E+01,4.14923E+01,4.14923E+01,4.14923E+01,4.14923E+01,4.14923E+01,4.14923E+01,4.14923E+01,8.82554E+00,4.14923E+01,4.14923E+01,4.14923E+01,4.14923E+01,4.14923E+01,4.14923E+01,4.14923E+01,4.14923E+01,4.14923E+01,4.14923E+01,4.14923E+01,4.14923E+01,4.14923E+01,1.93351E+00,4.14923E+01,4.14923E+01,4.14923E+01,4.14923E+01 
#t = 3.570E+03
4.14923E+01,4.14923E+01,4.14923E+01,4.14923E+01,4.14923E+01,4.14923E+01,4.14923E+01,4.14923E+01,4.14923E+01,4.14923E+01,4.14923E+01,4.14923E+01,4.14923E+01,4.14923E+01,4.14923E+01,4.14923E+01,4.14923E+01,4.14923E+01,4.14923E+01,4.14923E+01,4.14923E+01,4.14923E+01,4.14923E+01,4.14923E+01,4.14923E+01,4.14923E+01,4.14923E+01,4.14923E+01,4.14923E+01,4.14923E+01,4.14923E+01,4.14923E+01,4.14923E+01,4.14923E+01,4.14923E+01,4.14923E+01,4.14923E+01,4.14923E+01,4.14923E+01,4.14923E+01,4.08430E+00,4.14923E+01,4.14923E+01,4.14923E+01,4.14923E+01,4.14923E+01,8.32170E+00,4.14923E+01,4.14923E+01,4.14923E+01,4.14923E+01,4.14923E+01,4.14923E+01,4.14923E+01,4.14923E+01,4.14923E+01,4.14923E+01 
#t = 3.612E+03
4.14923E+01,4.14923E+01,4.14923E+01,1.03292E+01,4.14923E+01,4.14923E+01,1.03292E+01,4.14923E+01,4.14923E+01,4.14923E+01,4.14923E+01,4.14923E+01,4.14923E+01,1.05922E+01,4.14923E+01,1.92170E+01,4.14923E+01,4.14923E+01,4.14923E+01,4.14923E+01,4.14923E+01,6.26623E+00,4.14923E+01,1.43195E+00,4.14923E+01,1.28817E+00,1.51892E+01,3.30888E-01 
#t = 3.654E+03
4.14923E+01,4.14923E+01,4.14923E+01,4.14923E+01,4.14923E+01,4.14923E+01,1.51892E+01,4.14923E+01,4.14923E+01,1.51892E+01,4.14923E+01,4.14923E+01,4.14923E+01,4.14923E+01,4.14923E+01,4.14923E+01,8.04990E+00,4.14923E+01,4.14923E+01,4.14923E+01,4.14923E+01,4.14923E+01,4.14923E+01,1.51892E+01,4.14923E+01,4.14923E+01,4.14923E+01,1.51892E+01,7.48137E+00,4.14923E+01,4.14923E+01,4.14923E+01,2.92034E+00,4.14923E+01,4.14923E+01,1.51892E+01 
#t = 3.696E+03
1.51892E+01,4.14923E+01,4.14923E+01,4.14923E+01,1.51892E+01,4.14923E+01,4.14923E+01,4.14923E+01,4.14923E+01,4.14923E+01,4.14923E+01,4.14923E+01,4.14923E+01,4.14923E+01,4.14923E+01,4.14923E+01,4.14923E+01,4.14923E+01,4.14923E+01,4.14923E+01,4.14923E+01,4.14923E+01,4.14923E+01,1.18082E+01,4.14923E+01,4.14923E+01,4.14923E+01,4.14923E+01,4.46433E+00,2.51732E+00,4.14923E+01,4.14923E+01,4.14923E+01,4.14923E+01,4.14923E+01 
#t = 3.738E+03
4.14923E+01,4.14923E+01,4.14923E+01,4.14923E+01,4.14923E+01,4.14923E+01,4.14923E+01,4.14923E+01,4.14923E+01,9.84104E+00,4.14923E+01,4.14923E+01,1.45266E+01,4.14923E+01,3.48658E+00,4.14923E+01,4.14923E+01,4.14923E+01,4.14923E+01,4.14923E+01,4.10388E+00,4.14923E+01,4.14923E+01,4.14923E+01,4.14923E+01,4.14923E+01,1.78861E+01,4.14923E+01,4.14923E+01,4.14923E+01 
#t = 3.780E+03
4.14923E+01,4.14923E+01,4.14923E+01,4.14923E+01,4.14923E+01,4.14923E+01,4.14923E+01,4.14923E+01,4.14923E+01,4.14923E+01,4.14923E+01,4.14923E+01,4.14923E+01,4.14923E+01,4.14923E+01,4.14923E+01,4.14923E+01,4.14923E+01,4.14923E+01,4.14923E+01,4.14923E+01,4.14923E+01,4.14923E+01,4.14923E+01,4.14923E+01,4.14923E+01,4.14923E+01,4.14923E+01,4.14923E+01,4.14923E+01,4.14923E+01,4.14923E+01,4.14923E+01,4.14923E+01,4.14923E+01,4.14923E+01,4.14923E+01,4.14923E+01,2.55711E+00,4.14923E+01,4.14923E+01,1.74435E+01,4.14923E+01,4.14923E+01 
#t = 3.822E+03
4.14923E+01,4.14923E+01,4.14923E+01,4.14923E+01,4.14923E+01,4.14923E+01,4.14923E+01,4.14923E+01,2.15908E+01,4.14923E+01,1.74435E+01,4.14923E+01,4.14923E+01,4.14923E+01,4.14923E+01,4.14923E+01,4.14923E+01,4.14923E+01,4.14923E+01,4.96037E+00,4.14923E+01,4.14923E+01,4.14923E+01,4.14923E+01,4.14923E+01,4.14923E+01,4.14923E+01,4.14923E+01,4.14923E+01,4.14923E+01,4.14923E+01,4.14923E+01,4.14923E+01,4.14923E+01,4.14923E+01,4.14923E+01,4.14923E+01 
#t = 3.864E+03
4.14923E+01,4.14923E+01,2.15908E+01,4.14923E+01,4.14923E+01,4.14923E+01,4.14923E+01,2.15908E+01,4.14923E+01,2.15908E+01,4.14923E+01,4.14923E+01,4.14923E+01,1.14343E+01,4.14923E+01,4.14923E+01,4.14923E+01,4.14923E+01,4.14923E+01,4.14923E+01,4.14923E+01,4.14923E+01,4.14923E+01,4.14923E+01,4.14923E+01,4.14923E+01,4.14923E+01,4.14923E+01,4.14923E+01,2.21698E+00,4.14923E+01,1.14343E+01,4.14923E+01,1.48183E+00,4.14923E+01,4.14923E+01,2.46316E+00,4.14923E+01,4.14923E+01,4.14923E+01,4.14923E+01,1.34781E+00,4.14923E+01,2.26796E+00,4.14923E+01 
#t = 3.906E+03
4.14923E+01,4.14923E+01,4.14923E+01,4.14923E+01,4.14923E+01,4.14923E+01,4.14923E+01,4.14923E+01,4.14923E+01,4.14923E+01,4.14923E+01,4.14923E+01,4.14923E+01,4.14923E+01,4.14923E+01,4.14923E+01,4.14923E+01,4.14923E+01,4.14923E+01,4.14923E+01,4.14923E+01,4.14923E+01,4.14923E+01,4.14923E+01,4.14923E+01,4.14923E+01,4.14923E+01,4.14923E+01,4.14923E+01,1.85210E+00,4.14923E+01,4.14923E+01,4.14923E+01,4.14923E+01,4.14923E+01,4.14923E+01,4.14923E+01,7.14870E-01,1.15784E+00,4.14923E+01,4.14923E+01 
#t = 3.948E+03
4.14923E+01,4.14923E+01,4.14923E+01,4.14923E+01,4.14923E+01,4.14923E+01,4.14923E+01,4.14923E+01,4.14923E+01,4.14923E+01,4.14923E+01,4.14923E+01,4.14923E+01,4.14923E+01,4.14923E+01,4.14923E+01,4.14923E+01,4.14923E+01,4.14923E+01,4.14923E+01,4.14923E+01,4.14923E+01,4.14923E+01,4.14923E+01,4.14923E+01,4.11943E+00,4.14923E+01,4.14923E+01,4.14923E+01,4.14923E+01,4.14923E+01,4.14923E+01,4.14923E+01,1.33449E+01,4.14923E+01,4.14923E+01,4.14923E+01 
#t = 3.990E+03
4.14923E+01,1.65173E+01,4.14923E+01,4.14923E+01,4.14923E+01,4.14923E+01,4.14923E+01,4.14923E+01,4.14923E+01,4.14923E+01,4.14923E+01,4.14923E+01,4.14923E+01,4.14923E+01,4.14923E+01,4.14923E+01,4.14923E+01,4.14923E+01,4.14923E+01,4.14923E+01,4.14923E+01,4.14923E+01,4.14923E+01,4.14923E+01,4.14923E+01,4.14923E+01,4.14923E+01,4.14923E+01,4.14923E+01,4.14923E+01,4.14923E+01,4.14923E+01,4.14923E+01,4.14923E+01 
#t = 4.032E+03
4.14923E+01,4.14923E+01,4.14923E+01,4.14923E+01,4.14923E+01,4.14923E+01,4.14923E+01,4.14923E+01,4.14923E+01,4.14923E+01,4.14923E+01,1.43366E+01,4.14923E+01,4.14923E+01,5.75742E+00,4.14923E+01,1.02982E+01,4.14923E+01,4.14923E+01,4.14923E+01,4.14923E+01,4.14923E+01,4.14923E+01,4.14923E+01,4.14923E+01,4.14923E+01,4.14923E+01,4.14923E+01,4.14923E+01,4.14923E+01,4.14923E+01,4.14923E+01,4.14923E+01,4.14923E+01,3.83292E+00,4.14923E+01 
#t = 4.074E+03
4.14923E+01,1.43366E+01,4.14923E+01,4.14923E+01,4.14923E+01,4.14923E+01,4.14923E+01,4.14923E+01,1.43366E+01,4.14923E+01,4.14923E+01,4.14923E+01,4.14923E+01,4.14923E+01,3.16557E+00,4.14923E+01,4.14923E+01,4.14923E+01,4.14923E+01,4.14923E+01,4.14923E+01,4.14923E+01,4.14923E+01,1.80055E+01,4.14923E+01,4.14923E+01,4.14923E+01,4.14923E+01,4.14923E+01,4.14923E+01,1.78210E+00 
#t = 4.116E+03
4.14923E+01,4.14923E+01,4.14923E+01,4.14923E+01,1.20423E+01,4.14923E+01,4.14923E+01,4.14923E+01,4.14923E+01,4.14923E+01,1.20423E+01,4.14923E+01,4.14923E+01,4.14923E+01,4.14923E+01,4.82480E+00,8.38904E+00,4.14923E+01,4.14923E+01,4.14923E+01,4.14923E+01,1.20423E+01,4.14923E+01,4.14923E+01,4.14923E+01,4.14923E+01,4.14923E+01,2.94069E+00,4.14923E+01,4.14923E+01,4.14923E+01,4.14923E+01 
#t = 4.158E+03
4.14923E+01,4.14923E+01,4.14923E+01,4.14923E+01,1.20423E+01,4.14923E+01,4.14923E+01,4.14923E+01,4.14923E+01,4.14923E+01,4.14923E+01,1.77594E+01,4.14923E+01,4.14923E+01,4.14923E+01,4.14923E+01,4.14923E+01,4.14923E+01,4.14923E+01,4.14923E+01,4.14923E+01,4.14923E+01,4.14923E+01,1.20423E+01,4.14923E+01,4.14923E+01,7.56998E+00,4.14923E+01,4.14923E+01,4.14923E+01,1.20423E+01,4.14923E+01,4.14923E+01,4.14923E+01,4.14923E+01,4.14923E+01,1.20423E+01,4.14923E+01,4.14923E+01,4.14923E+01,4.14923E+01,4.14923E+01,4.14923E+01,4.14923E+01,4.14923E+01,4.14923E+01,4.14923E+01,4.14923E+01,4.14923E+01,4.14923E+01,4.14923E+01,1.77594E+01,4.14923E+01 
#t = 4.200E+03
4.14923E+01,4.14923E+01,4.14923E+01,4.14923E+01,4.14923E+01,4.14923E+01,4.14923E+01,4.14923E+01,4.14923E+01,4.14923E+01,4.14923E+01,4.14923E+01,4.14923E+01,4.14923E+01,1.20423E+01,9.05190E+00,4.14923E+01,4.14923E+01,4.14923E+01,4.14923E+01,4.14923E+01,4.14923E+01,4.14923E+01,1.05122E+01,4.14923E+01,4.14923E+01,4.14923E+01,4.14923E+01,4.14923E+01,1.08350E+01,1.20423E+01,4.14923E+01,4.14923E+01,1.01510E+00,4.14923E+01,4.14923E+01,4.14923E+01,7.78750E-01,4.14923E+01,8.09218E+00,4.14923E+01 
