#t = 0.000E+00
2.56498E+00,8.27019E-01,1.46006E+00,5.72135E-01,6.36178E-01 
#t = 4.200E+01
1.18142E+00,6.70575E+00,5.62094E+00,1.10023E-01 
#t = 8.401E+01
1.00302E+01,1.60528E+00,1.02498E+00,6.51447E+00 
#t = 1.260E+02
1.00302E+01 
#t = 1.680E+02
7.94188E+00,5.08000E+00,4.10079E-01,7.31552E+00,5.80067E+00,7.92839E+00,6.44584E+00 
#t = 2.100E+02
6.85413E+00,2.50293E+00,9.72633E-01 
#t = 2.520E+02
1.33734E+01,2.79887E+01,1.33734E+01,1.04742E+00,3.87729E+00,1.33734E+01,9.91268E-01 
#t = 2.940E+02
1.33734E+01,1.33734E+01,1.33734E+01,1.33734E+01,1.33734E+01,1.33734E+01,6.69768E+00,5.89329E+00,1.33734E+01,1.15534E+01,7.29803E+00,2.97800E+00,1.33734E+01 
#t = 3.360E+02
1.00799E+01,2.01862E+00,1.33734E+01,4.90684E+00,7.47456E+00,1.16203E+00 
#t = 3.780E+02
7.51291E+00 
#t = 4.200E+02
1.07675E+01,1.15310E+01,1.15310E+01,3.51133E+00,1.15310E+01,7.81482E+00,2.12355E+00 
#t = 4.620E+02
1.08619E+01,1.08619E+01,1.15310E+01,1.08619E+01,1.15310E+01,4.64363E+00 
#t = 5.040E+02
1.08619E+01,1.15310E+01,1.15310E+01,3.82293E+00 
#t = 5.460E+02
1.08619E+01,1.15310E+01,1.87278E+01,1.87278E+01,1.87278E+01,1.08071E+01,1.08619E+01,2.92417E+00,2.82371E-01,2.11082E+00,7.74061E-01,1.87278E+01,6.85567E+00,1.64626E+00 
#t = 5.880E+02
1.08619E+01,2.85596E+01,2.85596E+01,2.85596E+01,2.85596E+01,2.85596E+01,3.95369E+00,3.86914E+00,1.08619E+01,2.85596E+01 
#t = 6.300E+02
2.85596E+01,1.08619E+01,2.85596E+01,1.11128E+01,1.08619E+01,2.85596E+01,2.85596E+01,2.85596E+01,2.85596E+01,2.85596E+01,1.59588E+00,2.85596E+01,4.41057E+00,2.85596E+01 
#t = 6.720E+02
2.85596E+01,2.85596E+01,2.85596E+01,2.85596E+01,2.85596E+01,2.85596E+01,2.85596E+01,2.85596E+01,2.85596E+01,2.85596E+01,2.85596E+01,2.85596E+01,2.85596E+01,2.85596E+01,2.85596E+01,1.33100E+01,2.85596E+01,2.85596E+01,2.85596E+01,2.85596E+01,2.85596E+01,2.85596E+01,2.07119E+00,2.85596E+01,2.85596E+01,2.85596E+01,2.85596E+01,9.39382E+00,2.85596E+01,1.99696E+01,2.85596E+01,2.85596E+01,2.78147E+00,1.91469E+00,1.26536E+00,2.85596E+01,2.85596E+01 
#t = 7.140E+02
2.85596E+01,2.85596E+01,2.85596E+01,2.85596E+01,2.85596E+01,2.85596E+01,2.85596E+01,2.85596E+01,2.85596E+01,2.85596E+01,2.85596E+01,2.85596E+01,5.86020E+00,2.85596E+01,2.85596E+01,2.85596E+01,2.85596E+01,2.85596E+01,2.85596E+01,2.85596E+01,2.85596E+01,2.85596E+01,2.85596E+01,2.85596E+01,4.43073E+00,2.85596E+01,2.85596E+01,1.28347E+00,2.85596E+01,2.85596E+01,9.58094E-01,2.85596E+01 
#t = 7.560E+02
2.85596E+01,2.85596E+01,2.85596E+01,2.85596E+01,2.85596E+01,2.85596E+01,2.85596E+01,2.85596E+01,2.85596E+01,2.85596E+01,2.85596E+01,2.85596E+01,2.85596E+01,2.85596E+01,2.85596E+01,1.29695E+01,2.85596E+01,2.85596E+01,2.85596E+01,2.85596E+01,2.85596E+01,2.85596E+01,2.85596E+01,2.85596E+01,2.36360E+00,2.85596E+01,2.85596E+01,2.85596E+01 
#t = 7.980E+02
2.85596E+01,2.85596E+01,2.85596E+01,2.85596E+01,2.85596E+01,2.85596E+01,2.85596E+01,2.85596E+01,2.85596E+01,2.85596E+01,2.85596E+01,2.85596E+01,2.85596E+01,2.85596E+01,2.85596E+01,2.85596E+01,2.85596E+01,2.85596E+01,2.85596E+01,2.85596E+01,2.85596E+01,2.85596E+01,2.85596E+01,2.85596E+01,2.85596E+01,2.85596E+01,2.85596E+01,2.85596E+01,2.85596E+01,2.85596E+01,2.85596E+01,2.85596E+01,2.85596E+01,2.85596E+01,2.85596E+01,2.85596E+01,8.03129E+00,2.85596E+01,2.85596E+01,1.54095E+00 
#t = 8.400E+02
2.85596E+01,2.85596E+01,2.85596E+01,2.85596E+01,2.85596E+01,2.85596E+01,2.85596E+01,2.85596E+01,2.85596E+01,2.85596E+01,2.85596E+01,2.85596E+01,2.85596E+01,2.85596E+01,2.85596E+01,2.85596E+01,2.85596E+01,2.85596E+01,2.85596E+01,2.85596E+01,2.85596E+01,2.85596E+01,2.85596E+01,1.29398E+00,2.25041E+00,2.85596E+01,2.85596E+01,2.85596E+01,2.85596E+01,2.85596E+01,1.08346E+00,1.36515E+00,2.85596E+01 
#t = 8.820E+02
2.85596E+01,2.85596E+01,2.85596E+01,2.85596E+01,2.85596E+01,2.85596E+01,2.85596E+01,2.85596E+01,2.85596E+01,2.85596E+01,2.85596E+01,2.85596E+01,2.85596E+01,2.85596E+01,2.85596E+01,2.85596E+01,2.85596E+01,1.61058E+01,2.85596E+01,2.85596E+01,2.85596E+01,3.05921E+01,6.82844E+00,2.85596E+01,2.85596E+01,1.93887E+00,2.85596E+01,2.85596E+01,2.85596E+01,9.08671E-01,2.85596E+01 
#t = 9.240E+02
1.61058E+01,3.05921E+01,2.85596E+01,2.85596E+01,2.85596E+01,2.85596E+01,2.85596E+01,2.85596E+01,2.85596E+01,2.85596E+01,1.29297E+01,1.29297E+01,2.85596E+01,2.85596E+01,6.62483E+00,2.85596E+01,2.85596E+01,2.85596E+01,2.85596E+01,2.85596E+01,2.85596E+01,1.61058E+01,2.85596E+01,2.85596E+01,2.85596E+01,2.51507E+00,5.78366E+00 
#t = 9.660E+02
2.85596E+01,1.29297E+01,2.85596E+01,2.85596E+01,2.85596E+01,2.85596E+01,2.85596E+01,2.85596E+01,2.85596E+01,2.85596E+01,2.85596E+01,2.85596E+01,1.45290E+01,2.85596E+01,1.29297E+01,1.19992E+01,2.85596E+01,2.85596E+01,2.85596E+01,2.85596E+01,2.85596E+01,2.85596E+01,1.29297E+01,2.85596E+01,2.85596E+01,2.85596E+01,2.85596E+01,2.85596E+01,2.85596E+01,2.85596E+01,1.29297E+01,2.85596E+01,3.50002E+00,2.85596E+01,2.85596E+01,1.29297E+01,1.32692E+00,2.85596E+01,2.85596E+01,2.85596E+01 
#t = 1.008E+03
2.85596E+01,2.85596E+01,2.85596E+01,2.85596E+01,1.29297E+01,2.85596E+01,2.85596E+01,2.85596E+01,2.85596E+01,2.85596E+01,2.85596E+01,2.85596E+01,2.85596E+01,2.85596E+01,2.85596E+01,2.85596E+01,2.85596E+01,2.85596E+01,2.85596E+01,2.85596E+01,2.85596E+01,2.85596E+01,2.85596E+01,2.85596E+01,1.30747E+01,1.55674E+01,1.30747E+01,8.82226E-01,2.85596E+01 
#t = 1.050E+03
2.85596E+01,1.29297E+01,2.85596E+01,2.85596E+01,2.85596E+01,2.85596E+01,2.85596E+01,2.85596E+01,2.85596E+01,2.85596E+01,2.85596E+01,2.85596E+01,2.85596E+01,2.85596E+01,2.85596E+01,2.85596E+01,2.85596E+01,2.85596E+01,2.85596E+01,2.85596E+01,2.85596E+01,2.85596E+01,2.85596E+01,2.85596E+01,2.85596E+01,2.85596E+01,2.85596E+01,2.85596E+01 
#t = 1.092E+03
2.85596E+01,2.85596E+01,2.85596E+01,2.85596E+01,2.85596E+01,2.85596E+01,2.85596E+01,2.85596E+01,2.85596E+01,2.85596E+01,2.85596E+01,2.85596E+01,2.85596E+01,2.85596E+01,2.85596E+01,2.85596E+01,1.48581E+01,2.85596E+01,2.85596E+01,2.85596E+01,2.85596E+01,2.85596E+01,2.85596E+01,2.85596E+01,2.85596E+01,2.85596E+01,2.85596E+01,2.85596E+01,2.85596E+01,2.85596E+01,2.85596E+01,2.85596E+01,2.85596E+01,2.85596E+01 
#t = 1.134E+03
2.85596E+01,2.85596E+01,2.85596E+01,2.85596E+01,2.85596E+01,2.85596E+01,1.25106E+01,2.85596E+01,2.85596E+01,2.85596E+01,2.85596E+01,2.85596E+01,2.85596E+01,2.85596E+01,2.85596E+01,2.85596E+01,2.85596E+01,2.85596E+01,2.85596E+01,2.85596E+01,2.85596E+01,2.85596E+01,2.85596E+01,2.85596E+01,2.85596E+01,1.25106E+01,2.85596E+01,2.85596E+01,2.85596E+01,1.25106E+01,2.85596E+01 
#t = 1.176E+03
2.85596E+01,2.85596E+01,2.85596E+01,1.25106E+01,2.85596E+01,2.85596E+01,2.85596E+01,2.85596E+01,2.85596E+01,2.85596E+01,1.25106E+01,2.85596E+01,2.85596E+01,2.85596E+01,2.85596E+01,2.85596E+01,2.85596E+01,2.85596E+01,2.85596E+01,2.85596E+01,2.85596E+01,2.85596E+01,2.85596E+01,2.85596E+01,2.85596E+01,2.85596E+01,2.85596E+01,2.85596E+01,1.25106E+01,3.58909E+00,2.85596E+01,2.85596E+01,1.25106E+01,1.25106E+01 
#t = 1.218E+03
1.25106E+01,2.85596E+01,2.85596E+01,1.25106E+01,2.85596E+01,2.85596E+01,2.85596E+01,2.85596E+01,2.85596E+01,2.85596E+01,2.85596E+01,2.85596E+01,2.85596E+01,2.85596E+01,2.85596E+01,2.85596E+01,2.85596E+01,2.85596E+01,6.89482E+00,2.85596E+01,2.85596E+01,2.85596E+01,2.85596E+01,2.85596E+01,2.85596E+01,2.85596E+01,2.85596E+01,2.85596E+01,2.85596E+01 
#t = 1.260E+03
2.85596E+01,2.85596E+01,2.85596E+01,2.85596E+01,2.85596E+01,2.85596E+01,2.85596E+01,2.85596E+01,2.85596E+01,2.85596E+01,2.85596E+01,2.85596E+01,2.85596E+01,2.85596E+01,2.85596E+01,2.85596E+01,2.85596E+01,2.85596E+01,2.85596E+01,2.85596E+01,2.85596E+01,2.85596E+01,6.84856E+00,2.85596E+01,3.09304E+00,2.85596E+01 
#t = 1.302E+03
2.85596E+01,2.85596E+01,1.92795E+01,2.85596E+01,2.85596E+01,2.85596E+01,2.85596E+01,2.85596E+01,2.85596E+01,2.85596E+01,2.85596E+01,2.85596E+01,2.85596E+01,5.35147E+00,2.85596E+01,1.92795E+01,1.92795E+01,2.85596E+01,2.85596E+01,2.85596E+01,1.92795E+01,2.85596E+01,1.92795E+01,8.73387E-01,1.51407E+00,1.80881E+00,1.92795E+01 
#t = 1.344E+03
2.85596E+01,2.85596E+01,1.92795E+01,2.85596E+01,2.85596E+01,2.85596E+01,2.85596E+01,2.85596E+01,2.85596E+01,2.85596E+01,2.85596E+01,2.85596E+01,2.85596E+01,2.85596E+01,4.36841E+00,2.85596E+01,2.85596E+01,1.79354E+00,3.03561E+00 
#t = 1.386E+03
2.85596E+01,2.85596E+01,1.92795E+01,2.85596E+01,2.85596E+01,2.85596E+01,2.85596E+01,2.85596E+01,2.85596E+01,2.85596E+01,1.92795E+01,1.92795E+01,2.85596E+01,1.57635E+01,2.85596E+01,2.85596E+01,2.85596E+01,1.93037E+00,2.85596E+01,2.85596E+01,2.85596E+01,2.85596E+01,9.43658E-01,1.02826E+00,4.80260E+00,1.19050E+01,1.76376E+01 
#t = 1.428E+03
2.85596E+01,2.85596E+01,1.92795E+01,2.85596E+01,2.85596E+01,8.78947E+00,1.92795E+01,2.85596E+01,2.85596E+01,2.85596E+01,2.85596E+01,8.80174E+00,2.85596E+01,2.85596E+01,5.87788E+00,2.85596E+01,2.85596E+01,2.85596E+01,2.85596E+01,2.85596E+01,2.85596E+01,2.85596E+01,1.06761E+00,1.54454E+01,2.85596E+01,2.85596E+01,1.92795E+01,1.54454E+01,2.85596E+01,2.85596E+01,2.85596E+01,4.88361E-01 
#t = 1.470E+03
2.85596E+01,2.85596E+01,2.85596E+01,2.85596E+01,2.85596E+01,2.85596E+01,3.68305E+01,2.85596E+01,2.85596E+01,2.85596E+01,2.85596E+01,2.85596E+01,2.85596E+01,2.85596E+01,2.85596E+01,2.85596E+01,2.85596E+01,2.85596E+01,2.85596E+01,2.85596E+01,2.85596E+01,2.85596E+01,2.85596E+01,2.85596E+01,3.68305E+01 
#t = 1.512E+03
2.85596E+01,2.85596E+01,2.85596E+01,2.85596E+01,2.85596E+01,2.85596E+01,2.85596E+01,2.85596E+01,2.85596E+01,2.85596E+01,2.85596E+01,2.85596E+01,2.85596E+01,2.85596E+01,2.85596E+01,2.85596E+01,2.85596E+01,2.85596E+01,2.85596E+01,2.85596E+01,2.85596E+01,2.85596E+01,2.85596E+01,2.85596E+01,2.85596E+01,2.85596E+01,2.85596E+01,2.85596E+01,2.85596E+01,2.85596E+01,2.85596E+01,2.85596E+01,2.85596E+01,2.85596E+01,2.85596E+01,2.85596E+01,2.85596E+01,2.85596E+01,3.14916E+00 
#t = 1.554E+03
2.85596E+01,2.85596E+01,2.85596E+01,2.85596E+01,2.85596E+01,2.85596E+01,2.85596E+01,2.85596E+01,2.85596E+01,2.85596E+01,1.02858E+01,2.85596E+01,2.85596E+01,2.85596E+01,2.85596E+01,2.85596E+01,2.85596E+01,2.85596E+01,5.17024E+00,2.85596E+01,2.85596E+01,2.85596E+01,2.85596E+01,6.98847E+00,7.77462E+00,2.85596E+01,2.85596E+01,2.85596E+01,2.85596E+01,2.85596E+01,2.85596E+01,2.85596E+01,1.42841E+00 
#t = 1.596E+03
2.85596E+01,2.85596E+01,2.85596E+01,2.85596E+01,2.85596E+01,2.85596E+01,2.85596E+01,2.85596E+01,2.85596E+01,2.85596E+01,2.85596E+01,2.85596E+01,2.85596E+01,2.85596E+01,2.85596E+01,2.85596E+01,2.85596E+01,2.85596E+01,2.85596E+01,2.85596E+01,2.85596E+01,2.85596E+01,2.85596E+01,1.33381E+01,2.85596E+01,2.85596E+01,2.85596E+01,7.32588E-01,2.85596E+01,2.85596E+01,2.85596E+01,2.85596E+01,2.85596E+01 
#t = 1.638E+03
2.85596E+01,2.85596E+01,2.85596E+01,2.85596E+01,2.85596E+01,2.85596E+01,2.85596E+01,2.85596E+01,2.85596E+01,2.85596E+01,8.60616E+00,2.85596E+01,2.85596E+01,2.85596E+01,2.85596E+01,2.85596E+01,2.85596E+01,2.85596E+01,3.41904E+00,2.85596E+01,2.85596E+01,2.22761E+00 
#t = 1.680E+03
2.85596E+01,2.85596E+01,2.85596E+01,2.85596E+01,2.85596E+01,2.85596E+01,2.85596E+01,2.85596E+01,2.85596E+01,2.85596E+01,1.27655E+01,2.85596E+01,2.85596E+01,2.85596E+01,2.85596E+01,2.85596E+01,2.85596E+01,2.85596E+01,8.32262E+00,2.85596E+01,7.58164E+00,2.85596E+01,2.85596E+01,2.85596E+01,2.85596E+01,2.85596E+01,1.09091E+00,2.85596E+01,2.85596E+01,2.85596E+01,2.85596E+01 
#t = 1.722E+03
2.85596E+01,2.85596E+01,2.85596E+01,2.85596E+01,2.85596E+01,2.85596E+01,2.85596E+01,2.85596E+01,2.85596E+01,1.17696E+01,2.85596E+01,2.85596E+01,2.85596E+01,2.85596E+01,2.85596E+01,2.85596E+01,2.85596E+01,2.85596E+01,2.85596E+01,2.85596E+01,2.85596E+01,2.85596E+01,2.85596E+01,2.85596E+01,2.78909E+00,2.85596E+01,2.85596E+01,2.85596E+01,2.85596E+01,2.85596E+01,2.85596E+01,2.85596E+01,2.85596E+01,7.08372E+00,2.85596E+01,3.35802E+00,2.85596E+01,2.85596E+01 
#t = 1.764E+03
2.85596E+01,2.85596E+01,2.85596E+01,2.85596E+01,2.85596E+01,2.85596E+01,2.85596E+01,2.85596E+01,2.85596E+01,2.85596E+01,2.85596E+01,2.85596E+01,2.85596E+01,2.85596E+01,2.85596E+01,2.85596E+01,2.85596E+01,2.85596E+01,2.85596E+01,2.85596E+01,2.85596E+01,2.85596E+01,2.85596E+01,2.85596E+01,2.85596E+01,2.85596E+01,2.85596E+01,2.85596E+01,2.85596E+01,2.85596E+01,2.85596E+01,2.85596E+01,2.85596E+01,2.85596E+01 
#t = 1.806E+03
2.85596E+01,2.85596E+01,2.85596E+01,2.85596E+01,2.85596E+01,2.85596E+01,2.85596E+01,2.85596E+01,2.85596E+01,2.85596E+01,2.85596E+01,2.85596E+01,2.85596E+01,2.85596E+01,2.85596E+01,2.85596E+01,2.85596E+01,2.85596E+01,2.85596E+01,2.85596E+01,2.85596E+01,2.85596E+01,2.85596E+01,2.85596E+01,2.85596E+01,2.85596E+01,2.85596E+01,2.85596E+01,2.85596E+01,1.21172E+01,5.43173E+00,2.85596E+01,2.85596E+01,2.85596E+01,2.85596E+01,1.11680E+00 
#t = 1.848E+03
2.85596E+01,2.85596E+01,2.85596E+01,2.85596E+01,2.85596E+01,2.85596E+01,2.85596E+01,2.85596E+01,2.85596E+01,2.85596E+01,2.85596E+01,2.85596E+01,1.17886E+01,2.85596E+01,1.17886E+01,7.40656E+00,2.85596E+01,2.85596E+01,2.85596E+01,2.85596E+01,2.85596E+01,2.85596E+01,2.85596E+01,2.85596E+01,2.85596E+01,2.85596E+01,2.85596E+01,2.85596E+01,2.85596E+01,2.85596E+01,2.85596E+01,2.85596E+01,1.17886E+01,2.85596E+01,2.85596E+01 
#t = 1.890E+03
1.17886E+01,2.85596E+01,2.85596E+01,2.85596E+01,2.85596E+01,2.85596E+01,2.85596E+01,2.85596E+01,2.85596E+01,2.85596E+01,2.85596E+01,2.85596E+01,2.85596E+01,2.85596E+01,2.85596E+01,1.75077E+01,2.85596E+01,2.85596E+01,2.85596E+01,2.85596E+01,2.85596E+01,1.18232E+01,2.85596E+01 
#t = 1.932E+03
2.85596E+01,2.85596E+01,2.85596E+01,2.85596E+01,2.85596E+01,2.85596E+01,1.17886E+01,2.85596E+01,2.85596E+01,2.85596E+01,2.85596E+01,2.85596E+01,2.85596E+01,2.85596E+01,1.34928E+01,2.85596E+01,2.85596E+01,2.85596E+01,9.49845E+00,2.85596E+01,4.26903E+00,2.85596E+01,2.85596E+01,2.85596E+01,1.17886E+01,3.94598E-01,2.85596E+01 
#t = 1.974E+03
2.85596E+01,2.85596E+01,2.85596E+01,2.85596E+01,2.85596E+01,2.85596E+01,2.85596E+01,2.85596E+01,2.85596E+01,2.85596E+01,2.85596E+01,2.85596E+01,2.85596E+01,2.85596E+01,2.85596E+01,2.85596E+01,2.85596E+01,4.13062E+00,2.85596E+01,8.06586E+00,2.85596E+01,2.85596E+01,2.85596E+01,2.85596E+01,5.53767E+00,6.59652E-01,2.85596E+01 
#t = 2.016E+03
2.85596E+01,2.85596E+01,2.85596E+01,2.85596E+01,2.85596E+01,2.85596E+01,2.85596E+01,2.85596E+01,2.85596E+01,2.85596E+01,2.85596E+01,2.85596E+01,2.85596E+01,2.85596E+01,2.85596E+01,2.85596E+01,2.85596E+01,2.85596E+01,2.85596E+01,2.85596E+01,2.85596E+01,2.85596E+01,2.85596E+01,2.85596E+01,2.85596E+01,2.85596E+01,2.85596E+01,2.85596E+01,2.85596E+01,2.85596E+01 
#t = 2.058E+03
2.85596E+01,2.85596E+01,2.85596E+01,2.85596E+01,2.85596E+01,2.85596E+01,2.85596E+01,2.85596E+01,2.85596E+01,2.85596E+01,2.85596E+01,2.85596E+01,1.03498E+00,2.85596E+01,2.85596E+01,2.85596E+01,2.85596E+01,2.85596E+01,2.85596E+01,2.85596E+01,2.85596E+01 
#t = 2.100E+03
2.85596E+01,2.85596E+01,2.85596E+01,2.85596E+01,2.85596E+01,2.85596E+01,2.85596E+01,2.85596E+01,2.85596E+01,2.85596E+01,2.85596E+01,2.85596E+01,2.85596E+01,2.85596E+01,2.85596E+01,2.85596E+01,2.85596E+01,2.85596E+01,2.85596E+01,2.85596E+01,1.06782E+01,2.85596E+01,2.85596E+01,2.85596E+01,2.85596E+01,2.85596E+01,2.85596E+01,2.85596E+01,2.85596E+01,2.85596E+01,2.85596E+01,2.85596E+01,2.85596E+01,9.07473E-01,2.85596E+01 
#t = 2.142E+03
2.85596E+01,2.85596E+01,2.85596E+01,2.85596E+01,2.85596E+01,2.85596E+01,2.85596E+01,2.85596E+01,2.85596E+01,2.85596E+01,8.38834E+00,2.85596E+01,2.85596E+01,2.85596E+01,2.85596E+01,2.85596E+01,2.85596E+01,2.66837E+01,2.85596E+01,2.66837E+01,2.85596E+01,2.85596E+01,2.85596E+01 
#t = 2.184E+03
2.85596E+01,2.85596E+01,2.66837E+01,2.85596E+01,2.85596E+01,2.85596E+01,2.85596E+01,2.85596E+01,2.85596E+01,2.85596E+01,2.85596E+01,2.85596E+01,2.85596E+01,2.85596E+01,2.85596E+01,2.66837E+01,2.85596E+01,2.85596E+01,2.85596E+01,2.85596E+01,2.85596E+01,2.85596E+01,2.85596E+01,3.90129E+00,2.85596E+01,2.66837E+01,2.85596E+01,4.43831E+00,2.85596E+01,2.85596E+01,2.85596E+01,2.66837E+01,2.85596E+01,2.85596E+01,2.85596E+01,2.85596E+01,1.14793E+00,2.85596E+01,2.85596E+01,2.85596E+01,1.28745E+00 
#t = 2.226E+03
2.85596E+01,2.85596E+01,2.85596E+01,2.66837E+01,2.85596E+01,2.85596E+01,2.85596E+01,2.66837E+01,2.85596E+01,2.66837E+01,2.85596E+01,6.29278E+00,2.85596E+01,2.85596E+01,2.85596E+01,2.74973E+01,2.85596E+01,2.85596E+01,2.85596E+01,2.85596E+01,2.85596E+01,2.85596E+01,2.85596E+01,2.85596E+01,2.74973E+01,1.97593E+01,2.85596E+01,2.85596E+01,2.85596E+01,2.85596E+01,2.85596E+01,2.85596E+01,2.85596E+01,2.66837E+01,2.85596E+01,2.85596E+01,2.85596E+01,2.66837E+01,1.43807E+00 
#t = 2.268E+03
2.85596E+01,2.85596E+01,2.85596E+01,2.85596E+01,2.85596E+01,2.85596E+01,2.85596E+01,2.66837E+01,2.85596E+01,2.66837E+01,2.85596E+01,2.66837E+01,2.85596E+01,2.85596E+01,2.85596E+01,2.66837E+01,2.85596E+01,2.66837E+01,2.66837E+01,2.66837E+01,2.85596E+01,2.66837E+01,2.85596E+01,2.85596E+01,2.85596E+01,2.85596E+01,6.51718E+00,2.66837E+01,2.85596E+01 
#t = 2.310E+03
2.66837E+01,2.66837E+01,2.85596E+01,2.66837E+01,2.66837E+01,2.85596E+01,2.85596E+01,2.66837E+01,2.85596E+01,2.85596E+01,2.85596E+01,2.66837E+01,2.66837E+01,2.66837E+01,1.20205E+01,1.33429E+01,2.85596E+01,2.85596E+01,2.85596E+01,2.66837E+01,1.20205E+01,2.85596E+01,2.66837E+01,2.66837E+01,6.16223E+00,2.85596E+01,1.20205E+01,1.20205E+01,1.62743E+00 
#t = 2.352E+03
2.85596E+01,2.85596E+01,2.85596E+01,1.33429E+01,1.20205E+01,2.66837E+01,2.66837E+01,2.66837E+01,2.66837E+01,2.85596E+01,2.85596E+01,2.66837E+01,1.20205E+01,2.85596E+01,2.66837E+01,1.33429E+01,2.85596E+01,2.85596E+01,2.66837E+01,2.66837E+01,2.85596E+01,1.20205E+01,2.85596E+01,2.66837E+01,2.85596E+01,2.85596E+01,2.85596E+01,2.85596E+01,2.66837E+01,2.85596E+01,2.66837E+01,5.99206E+00,1.20205E+01,2.85596E+01,6.90383E-01,1.18687E+01 
#t = 2.394E+03
2.85596E+01,1.20205E+01,2.85596E+01,2.66837E+01,2.85596E+01,2.85596E+01,2.66837E+01,2.66837E+01,2.66837E+01,1.20205E+01,2.66837E+01,1.20205E+01,2.66837E+01,2.85596E+01,1.20205E+01,2.66837E+01,2.85596E+01,3.86541E+00,1.08113E+00,1.73208E+00,8.95779E+00,2.85596E+01 
#t = 2.436E+03
2.85596E+01,1.20205E+01,2.66837E+01,2.66837E+01,2.66837E+01,2.66837E+01,1.20205E+01,2.85596E+01,2.85596E+01,2.85596E+01,2.85596E+01,2.66837E+01,2.66837E+01,2.66837E+01,2.66837E+01,2.66837E+01,2.85596E+01,2.66837E+01,2.85596E+01,2.85596E+01,2.85596E+01,2.66837E+01,5.58425E+00,8.40092E+00,2.66837E+01,2.85596E+01,2.66837E+01,2.85596E+01,2.66837E+01,2.66837E+01,1.28928E+00,2.85596E+01,2.66837E+01,1.19495E+00,1.69129E+00 
#t = 2.478E+03
2.66837E+01,2.66837E+01,1.10594E+01,2.66837E+01,2.66837E+01,2.85596E+01,2.66837E+01,2.66837E+01,1.10594E+01,2.66837E+01,2.66837E+01,2.66837E+01,2.66837E+01,1.12291E+00,1.10594E+01,1.02928E+00,1.10594E+01,1.10594E+01,3.87783E+00,2.66837E+01,2.66837E+01,4.13151E-01,2.66837E+01,2.66837E+01 
#t = 2.520E+03
2.66837E+01,2.66837E+01,2.66837E+01,2.66837E+01,2.66837E+01,1.00135E+01,1.10594E+01,2.66837E+01,2.66837E+01,1.10594E+01,2.66837E+01,2.66837E+01,1.10594E+01,2.66837E+01,2.66837E+01,2.66837E+01,2.66837E+01,2.66837E+01,2.66837E+01,2.66837E+01,2.66837E+01,3.80810E+00,1.42670E+00,2.66837E+01,1.60852E+00,2.66837E+01 
#t = 2.562E+03
2.66837E+01,1.10594E+01,2.66837E+01,2.66837E+01,2.66837E+01,2.66837E+01,2.66837E+01,2.66837E+01,2.66837E+01,2.66837E+01,2.66837E+01,2.66837E+01,2.66837E+01,2.66837E+01,2.66837E+01,2.66837E+01,8.10243E-01,1.61599E+00,2.66837E+01,2.66837E+01,2.66837E+01 
#t = 2.604E+03
2.66837E+01,2.66837E+01,2.66837E+01,2.66837E+01,1.19787E+01,2.66837E+01,2.66837E+01,2.66837E+01,2.66837E+01,2.66837E+01,2.66837E+01,2.66837E+01,2.66837E+01,9.55174E+00,2.66837E+01,1.19787E+01,2.66837E+01,4.14405E-01,4.40243E-01,5.63643E-01 
#t = 2.646E+03
2.66837E+01,1.19787E+01,2.66837E+01,2.66837E+01,2.66837E+01,2.66837E+01,1.43552E+01,2.66837E+01,2.66837E+01,2.66837E+01,2.66837E+01,2.66837E+01,2.66837E+01,2.66837E+01,2.66837E+01,2.66837E+01,2.66837E+01,2.66837E+01,2.66837E+01,2.66837E+01,2.66837E+01,2.66837E+01,1.34476E+00,2.66837E+01,2.66837E+01,2.66837E+01,2.66837E+01,2.66837E+01 
#t = 2.688E+03
2.66837E+01,2.66837E+01,2.66837E+01,2.66837E+01,2.66837E+01,2.66837E+01,2.66837E+01,1.19787E+01,2.66837E+01,1.19787E+01,2.66837E+01,1.19787E+01,2.66837E+01,2.66837E+01,1.19787E+01,2.66837E+01,2.66837E+01,1.19787E+01,2.66837E+01,2.66837E+01,2.66837E+01,2.66837E+01,2.66837E+01,2.66837E+01,1.19787E+01,2.66837E+01,2.66837E+01,2.66837E+01,2.77194E+00,2.66837E+01,2.66837E+01,1.52228E+00,2.66837E+01,2.66837E+01 
#t = 2.730E+03
2.66837E+01,2.66837E+01,2.66837E+01,2.66837E+01,1.19787E+01,2.66837E+01,2.66837E+01,2.66837E+01,2.66837E+01,2.66837E+01,2.66837E+01,1.19787E+01,2.66837E+01,2.66837E+01,1.16378E+01,2.66837E+01,2.66837E+01,2.66837E+01,2.66837E+01,3.09087E+00,5.06546E-01,2.11920E+00,2.66837E+01 
#t = 2.772E+03
2.66837E+01,2.66837E+01,2.66837E+01,2.66837E+01,2.66837E+01,2.66837E+01,1.16378E+01,2.21694E+01,2.66837E+01,2.66837E+01,2.66837E+01,2.66837E+01,2.21694E+01,2.66837E+01,2.66837E+01,2.66837E+01,2.66837E+01,2.66837E+01,7.97910E+00,2.66837E+01,2.66837E+01,2.66837E+01,2.66837E+01,2.66837E+01,2.21694E+01,2.66837E+01,7.77388E-01,3.20497E-01,2.66837E+01,2.66837E+01 
#t = 2.814E+03
2.66837E+01,2.66837E+01,2.66837E+01,2.66837E+01,2.66837E+01,2.66837E+01,2.66837E+01,2.21694E+01,2.66837E+01,2.66837E+01,2.66837E+01,2.21694E+01,2.66837E+01,2.66837E+01,2.66837E+01,2.66837E+01,2.21694E+01,2.66837E+01,2.21694E+01,2.66837E+01,2.66837E+01,1.83186E+01,2.66837E+01,2.66837E+01,2.66837E+01,2.66837E+01,2.21694E+01,2.66837E+01,1.83186E+01,2.66837E+01,1.83186E+01,1.83186E+01,3.36202E+00,1.83186E+01,9.48844E+00,2.66837E+01,1.83186E+01,3.41430E-01,2.66837E+01,1.83186E+01 
#t = 2.856E+03
2.66837E+01,2.21694E+01,2.66837E+01,2.66837E+01,9.48844E+00,1.83186E+01,2.21694E+01,2.21694E+01,1.83186E+01,1.83186E+01,2.66837E+01,1.83186E+01,1.83186E+01,1.83186E+01,2.66837E+01,2.66837E+01,1.83186E+01,1.83186E+01,1.83186E+01,3.97781E+00,2.75678E+00,2.66837E+01,6.26346E+00,1.83186E+01,2.66837E+01,2.66837E+01 
#t = 2.898E+03
2.66837E+01,2.66837E+01,2.66837E+01,2.66837E+01,2.66837E+01,2.21694E+01,2.66837E+01,2.66837E+01,2.66837E+01,2.21694E+01,2.66837E+01,2.66837E+01,1.14873E+00,2.66837E+01,2.66837E+01,2.21694E+01,2.66837E+01 
#t = 2.940E+03
2.66837E+01,2.66837E+01,1.11129E+01,2.66837E+01,2.66837E+01,2.66837E+01,2.66837E+01,2.21694E+01,2.21694E+01,2.66837E+01,2.66837E+01,2.66837E+01,1.01225E+01,2.66837E+01,2.66837E+01,2.66837E+01,2.66837E+01,2.66837E+01,2.66837E+01,6.60750E+00,2.66837E+01,2.66837E+01,2.66837E+01,2.66837E+01,2.66837E+01,2.66837E+01,2.66837E+01,2.66837E+01,2.21694E+01,2.66837E+01 
#t = 2.982E+03
2.21694E+01,5.75071E+01,1.11129E+01,2.66837E+01,2.66837E+01,2.66837E+01,5.75071E+01,5.75071E+01,2.66837E+01,2.66837E+01,5.75071E+01,2.66837E+01,2.66837E+01,2.66837E+01,2.66837E+01,2.66837E+01,2.66837E+01,2.66837E+01,2.66837E+01,3.29146E+00,2.66837E+01 
#t = 3.024E+03
5.75071E+01,2.66837E+01,2.66837E+01,2.66837E+01,5.75071E+01,2.66837E+01,2.66837E+01,2.66837E+01,2.66837E+01,5.75071E+01,2.66837E+01,2.66837E+01,2.66837E+01,5.75071E+01,2.66837E+01,2.66837E+01,2.66837E+01,2.66837E+01,5.75071E+01,2.66837E+01,2.66837E+01,1.16516E+01,3.15572E+01,1.36374E+01,2.66837E+01,2.66837E+01,1.18603E+01,2.66837E+01,2.66837E+01,5.75071E+01,2.66837E+01,2.21789E+00,8.98741E-01,2.66837E+01,1.36374E+01 
#t = 3.066E+03
2.66837E+01,2.66837E+01,1.16516E+01,1.16516E+01,9.91804E+00,1.16516E+01,5.75071E+01,2.66837E+01,5.75071E+01,5.75071E+01,5.75071E+01,5.75071E+01,2.66837E+01,5.75071E+01,2.66837E+01,2.66837E+01,5.75071E+01,1.16516E+01,5.75071E+01,5.75071E+01,5.75071E+01,5.75071E+01,5.75071E+01,5.75071E+01,5.75071E+01,1.15094E+00,5.75071E+01,1.96383E+00 
#t = 3.108E+03
2.66837E+01,5.75071E+01,5.75071E+01,5.75071E+01,5.75071E+01,5.75071E+01,5.75071E+01,5.75071E+01,5.75071E+01,1.16516E+01,5.75071E+01,2.66837E+01,5.75071E+01,1.13649E+01,5.75071E+01,5.75071E+01,5.75071E+01,7.56540E+00,5.75071E+01,5.75071E+01,5.75071E+01,5.75071E+01,5.75071E+01,5.75071E+01,5.75071E+01,2.66837E+01,5.75071E+01,6.12656E+00,5.75071E+01,5.75071E+01,5.75071E+01,5.75071E+01,5.75071E+01,2.66837E+01,4.05505E+00 
#t = 3.150E+03
2.66837E+01,5.75071E+01,2.66837E+01,5.75071E+01,2.66837E+01,5.75071E+01,5.75071E+01,2.66837E+01,5.75071E+01,5.75071E+01,5.75071E+01,2.66837E+01,5.75071E+01,5.75071E+01,5.75071E+01,5.75071E+01,5.75071E+01,5.75071E+01,5.75071E+01,5.75071E+01,5.75071E+01,5.75071E+01,2.66837E+01,5.75071E+01,5.75071E+01,5.75071E+01,3.87456E+00,2.66837E+01,5.75071E+01,5.75071E+01,5.75071E+01,5.75071E+01,5.75071E+01,2.26843E+00,2.66837E+01,5.75071E+01 
#t = 3.192E+03
5.75071E+01,5.75071E+01,5.75071E+01,5.75071E+01,5.75071E+01,5.75071E+01,2.66837E+01,5.75071E+01,5.75071E+01,5.75071E+01,5.75071E+01,5.75071E+01,5.75071E+01,5.75071E+01,5.75071E+01,5.75071E+01,2.66837E+01,2.66837E+01,5.75071E+01,5.75071E+01,5.75071E+01,5.75071E+01,5.75071E+01,5.75071E+01,5.75071E+01,5.75071E+01,5.75071E+01,5.75071E+01,5.75071E+01,5.75071E+01,5.75071E+01,2.66837E+01,5.75071E+01,5.75071E+01,5.75071E+01 
#t = 3.234E+03
5.75071E+01,2.66837E+01,5.75071E+01,5.75071E+01,5.75071E+01,5.75071E+01,5.75071E+01,5.75071E+01,5.75071E+01,5.75071E+01,4.26607E+00,5.75071E+01,5.75071E+01,5.75071E+01,5.75071E+01,5.75071E+01,2.66837E+01,5.75071E+01,5.75071E+01,5.75071E+01,5.75071E+01,5.75071E+01,5.75071E+01,5.75071E+01,5.75071E+01,5.75071E+01,5.75071E+01,5.75071E+01,5.75071E+01,5.75071E+01,5.75071E+01,5.75071E+01,5.75071E+01,5.75071E+01,2.75349E+00,5.75071E+01,2.71368E+00,1.99641E+01 
#t = 3.276E+03
5.75071E+01,5.75071E+01,5.75071E+01,5.75071E+01,5.75071E+01,5.75071E+01,5.75071E+01,5.75071E+01,5.75071E+01,1.82687E+01,5.75071E+01,5.75071E+01,5.75071E+01,5.75071E+01,5.75071E+01,5.75071E+01,5.75071E+01,5.75071E+01,5.75071E+01,5.75071E+01,5.75071E+01,5.75071E+01,5.75071E+01,1.42373E+01,5.75071E+01,5.75071E+01,5.75071E+01,5.75071E+01,1.42373E+01,1.42373E+01,5.75071E+01,2.83299E+00,1.82687E+01,5.75071E+01,5.75071E+01 
#t = 3.318E+03
5.75071E+01,5.75071E+01,1.42373E+01,5.75071E+01,5.75071E+01,5.75071E+01,5.75071E+01,5.75071E+01,5.75071E+01,5.75071E+01,5.75071E+01,5.75071E+01,5.75071E+01,5.75071E+01,3.00799E+00,5.75071E+01,5.75071E+01,5.75071E+01,3.34943E+00,5.75071E+01,5.75071E+01,5.75071E+01,4.31315E+00,5.75071E+01,5.75071E+01,5.75071E+01,5.75071E+01,1.62727E+00,5.75071E+01,5.75071E+01,5.75071E+01 
#t = 3.360E+03
5.75071E+01,5.75071E+01,5.75071E+01,5.75071E+01,5.75071E+01,5.75071E+01,5.75071E+01,5.75071E+01,5.75071E+01,5.75071E+01,5.75071E+01,5.75071E+01,5.75071E+01,5.75071E+01,5.75071E+01,5.75071E+01,5.75071E+01,5.75071E+01,5.75071E+01,5.75071E+01,5.75071E+01,5.75071E+01,3.21779E+00,5.75071E+01,5.75071E+01,5.75071E+01,5.75071E+01,5.75071E+01,5.75071E+01,5.75071E+01,5.75071E+01,5.75071E+01,6.81136E+00,5.75071E+01,5.75071E+01,5.75071E+01,5.40000E+00,5.75071E+01,5.75071E+01,5.96920E-01,3.93388E+00,5.75071E+01 
#t = 3.402E+03
5.75071E+01,5.75071E+01,5.75071E+01,5.75071E+01,5.75071E+01,5.75071E+01,5.75071E+01,2.20076E+01,5.75071E+01,5.75071E+01,5.75071E+01,5.75071E+01,5.75071E+01,5.75071E+01,5.75071E+01,5.75071E+01,5.75071E+01,5.75071E+01,5.75071E+01,5.75071E+01,5.75071E+01,5.75071E+01,5.75071E+01,5.75071E+01,5.75071E+01,5.75071E+01,5.75071E+01,5.75071E+01,5.75071E+01,5.75071E+01,5.75071E+01,5.75071E+01,5.75071E+01,5.75071E+01,5.75071E+01,5.75071E+01,5.75071E+01,4.01692E+00,5.75071E+01,5.75071E+01,5.75071E+01,4.09767E+00,5.75071E+01 
#t = 3.444E+03
5.75071E+01,5.75071E+01,5.75071E+01,5.75071E+01,5.75071E+01,5.75071E+01,5.75071E+01,5.75071E+01,5.75071E+01,2.20076E+01,5.75071E+01,5.75071E+01,5.75071E+01,5.75071E+01,5.75071E+01,5.75071E+01,4.84910E+00,2.20076E+01,5.75071E+01,5.75071E+01,5.75071E+01,5.75071E+01,2.20076E+01,5.75071E+01,2.20076E+01,5.75071E+01,5.75071E+01,5.75071E+01,5.75071E+01,5.75071E+01,5.75071E+01,5.75071E+01,5.75071E+01,5.75071E+01,2.20076E+01,5.75071E+01,5.75071E+01,3.25185E+00,5.75071E+01,5.75071E+01,2.20076E+01,5.75071E+01,1.57640E+00,5.75071E+01,5.75071E+01,2.20076E+01,5.75071E+01,1.11060E+00 
#t = 3.486E+03
5.75071E+01,5.75071E+01,5.75071E+01,5.75071E+01,5.75071E+01,5.75071E+01,5.75071E+01,2.20076E+01,5.75071E+01,5.75071E+01,5.75071E+01,5.75071E+01,1.27495E+01,5.75071E+01,5.75071E+01,5.75071E+01,1.27495E+01,5.75071E+01,5.75071E+01,1.27495E+01,5.75071E+01,5.75071E+01,5.75071E+01,7.44273E-01,5.75071E+01,5.75071E+01,5.75071E+01,5.75071E+01,5.75071E+01 
#t = 3.528E+03
5.75071E+01,5.75071E+01,5.75071E+01,5.75071E+01,5.75071E+01,5.75071E+01,5.75071E+01,2.71313E+01,5.75071E+01,5.75071E+01,5.75071E+01,5.75071E+01,1.97028E+01,5.75071E+01,5.75071E+01,5.75071E+01,5.75071E+01,5.75071E+01,5.75071E+01,5.75071E+01,5.75071E+01,5.75071E+01,5.75071E+01,5.75071E+01,5.75071E+01,5.75071E+01,2.67074E+00,5.75071E+01,5.75071E+01,5.75071E+01,2.78785E+00,5.75071E+01,5.75071E+01,5.75071E+01,5.75071E+01,2.71313E+01,5.75071E+01,5.75071E+01 
#t = 3.570E+03
5.75071E+01,5.75071E+01,5.75071E+01,5.75071E+01,2.71313E+01,5.75071E+01,5.75071E+01,5.75071E+01,5.75071E+01,5.75071E+01,5.75071E+01,5.75071E+01,5.75071E+01,5.75071E+01,5.75071E+01,5.75071E+01,5.75071E+01,5.75071E+01,5.75071E+01,5.75071E+01,8.83164E+00,5.75071E+01,5.75071E+01,5.75071E+01,5.75071E+01,5.75071E+01,5.75071E+01,5.75071E+01,5.75071E+01,5.75071E+01,5.75071E+01,5.75071E+01,5.75071E+01,5.75071E+01,5.75071E+01,5.75071E+01,5.75071E+01,5.75071E+01,5.75071E+01,5.75071E+01,5.75071E+01,6.13579E+00,5.75071E+01,5.75071E+01,1.91249E+00,2.59717E+00,5.51010E-01 
#t = 3.612E+03
5.75071E+01,5.75071E+01,5.75071E+01,5.75071E+01,5.75071E+01,5.75071E+01,5.75071E+01,5.75071E+01,5.75071E+01,5.75071E+01,5.75071E+01,5.75071E+01,5.75071E+01,1.97611E+01,5.75071E+01,5.75071E+01,5.75071E+01,5.75071E+01,5.75071E+01,5.75071E+01,5.75071E+01,5.75071E+01,5.75071E+01,5.75071E+01,5.75071E+01,5.75071E+01,5.75071E+01,5.75071E+01,5.75071E+01,5.75071E+01,5.75071E+01,5.75071E+01,5.75071E+01,5.75071E+01,5.75071E+01,5.75071E+01,5.75071E+01,5.75071E+01,5.75071E+01,5.75071E+01,2.96615E+00,5.75071E+01,5.75071E+01 
#t = 3.654E+03
5.75071E+01,5.75071E+01,5.75071E+01,5.75071E+01,5.75071E+01,5.75071E+01,5.75071E+01,5.75071E+01,7.52965E+00,5.75071E+01,5.75071E+01,5.75071E+01,5.75071E+01,5.75071E+01,5.75071E+01,5.75071E+01,5.75071E+01,1.44627E+01,5.75071E+01,5.75071E+01,5.75071E+01,5.75071E+01,5.75071E+01,5.75071E+01,5.75071E+01,5.75071E+01,5.75071E+01,5.75071E+01,5.75071E+01,5.75071E+01,4.36429E+00,5.75071E+01,5.75071E+01,5.75071E+01,5.75071E+01,5.50219E+00 
#t = 3.696E+03
5.75071E+01,5.75071E+01,5.75071E+01,5.75071E+01,5.75071E+01,5.75071E+01,5.75071E+01,5.75071E+01,5.75071E+01,5.75071E+01,5.75071E+01,5.75071E+01,5.75071E+01,5.75071E+01,5.75071E+01,5.75071E+01,5.75071E+01,5.75071E+01,5.75071E+01,5.03370E+00,5.75071E+01,5.75071E+01,5.75071E+01,5.75071E+01,5.75071E+01,5.75071E+01,5.75071E+01,5.75071E+01,5.75071E+01,5.75071E+01,5.75071E+01,5.75071E+01,2.14946E+00,3.30935E+00,5.75071E+01,5.75071E+01,4.57533E-01,5.75071E+01,5.75071E+01 
#t = 3.738E+03
5.75071E+01,5.75071E+01,5.75071E+01,5.75071E+01,5.75071E+01,5.75071E+01,5.75071E+01,5.75071E+01,5.75071E+01,5.75071E+01,1.35788E+01,1.36195E+01,5.75071E+01,5.75071E+01,1.36195E+01,5.75071E+01,5.75071E+01,5.75071E+01,5.75071E+01,1.36195E+01,5.75071E+01,1.35788E+01,5.75071E+01,5.75071E+01,5.75071E+01,1.12281E+00,1.02962E+01,5.75071E+01,5.75071E+01,5.75071E+01,5.75071E+01,6.88391E+00,5.75071E+01,1.89426E+00,9.78037E-01,5.75071E+01,5.75071E+01,5.75071E+01,5.75071E+01,1.02962E+01,5.75071E+01 
#t = 3.780E+03
5.75071E+01,5.75071E+01,5.75071E+01,5.75071E+01,5.75071E+01,5.75071E+01,5.75071E+01,5.75071E+01,5.75071E+01,5.75071E+01,5.75071E+01,5.75071E+01,5.75071E+01,5.75071E+01,5.75071E+01,5.75071E+01,5.75071E+01,5.75071E+01,5.75071E+01,5.75071E+01,5.75071E+01,5.75071E+01,5.75071E+01,5.75071E+01,8.80418E-01 
#t = 3.822E+03
5.75071E+01,5.75071E+01,5.75071E+01,5.75071E+01,5.75071E+01,5.75071E+01,5.75071E+01,5.75071E+01,5.75071E+01,5.75071E+01,5.75071E+01,5.75071E+01,5.75071E+01,5.75071E+01,5.75071E+01,2.25012E+01,5.75071E+01,5.75071E+01,5.75071E+01,5.75071E+01,5.75071E+01,5.75071E+01,5.75071E+01,5.75071E+01,5.75071E+01,5.75071E+01,5.75071E+01,5.75071E+01,5.75071E+01,5.75071E+01 
#t = 3.864E+03
5.75071E+01,5.75071E+01,5.75071E+01,5.75071E+01,5.75071E+01,5.75071E+01,5.75071E+01,5.75071E+01,5.75071E+01,5.75071E+01,5.75071E+01,1.48542E+01,5.75071E+01,1.48542E+01,5.75071E+01,5.75071E+01,5.75071E+01,5.75071E+01,1.59612E+00,1.75095E+00,5.75071E+01,5.75071E+01,5.75071E+01,7.49845E+00,5.75071E+01,5.75071E+01,5.75071E+01,5.75071E+01,5.75071E+01,5.75071E+01,5.75071E+01,5.75071E+01 
#t = 3.906E+03
1.48542E+01,5.75071E+01,5.75071E+01,5.75071E+01,5.75071E+01,1.48542E+01,5.75071E+01,5.75071E+01,5.75071E+01,5.75071E+01,5.75071E+01,5.75071E+01,5.75071E+01,6.77933E+00,5.75071E+01,5.75071E+01,5.25007E+00,5.75071E+01,5.75071E+01,5.75071E+01,5.75071E+01,5.75071E+01,5.75071E+01,5.75071E+01,3.85904E+00,5.75071E+01,5.75071E+01,5.75071E+01,5.75071E+01 
#t = 3.948E+03
5.75071E+01,5.75071E+01,5.75071E+01,5.75071E+01,5.75071E+01,5.75071E+01,5.75071E+01,5.75071E+01,5.75071E+01,5.75071E+01,5.75071E+01,5.75071E+01,5.75071E+01,5.75071E+01,5.75071E+01,1.48542E+01,1.48542E+01,5.75071E+01,5.75071E+01,1.48542E+01,5.75071E+01,5.75071E+01,1.20246E+01,5.75071E+01,2.54044E+00,1.42069E+01,4.13693E-01,5.75071E+01,1.48542E+01,5.75071E+01,5.75071E+01,5.75071E+01 
#t = 3.990E+03
5.75071E+01,5.75071E+01,5.75071E+01,1.39050E+01,5.75071E+01,5.75071E+01,1.39050E+01,5.75071E+01,5.75071E+01,5.75071E+01,5.75071E+01,5.75071E+01,5.75071E+01,5.75071E+01,5.75071E+01,5.75071E+01,5.75071E+01,5.75071E+01,5.75071E+01,5.75071E+01,5.75071E+01,5.75071E+01,5.75071E+01,1.48542E+01,5.75071E+01,5.75071E+01,5.75071E+01,5.75071E+01,5.75071E+01,5.75071E+01,5.75071E+01,7.48713E+00,5.75071E+01,5.75071E+01,5.36815E+00,2.57481E-01,5.75071E+01,5.75071E+01,5.75071E+01,5.75071E+01 
#t = 4.032E+03
1.39050E+01,5.75071E+01,5.75071E+01,5.75071E+01,5.75071E+01,5.75071E+01,5.75071E+01,5.75071E+01,5.75071E+01,5.75071E+01,5.75071E+01,5.75071E+01,5.75071E+01,5.75071E+01,5.75071E+01,5.75071E+01,5.75071E+01,5.75071E+01,5.75071E+01,5.75071E+01,5.75071E+01,5.75071E+01,5.75071E+01,5.75071E+01,5.75071E+01,5.75071E+01,5.75071E+01,5.75071E+01,5.75071E+01,5.75071E+01,5.75071E+01,5.75071E+01,5.75071E+01,5.75071E+01,5.75071E+01,5.75071E+01,5.75071E+01,5.75071E+01,5.75071E+01,5.75071E+01,5.75071E+01,5.75071E+01,5.75071E+01,5.75071E+01,5.53638E-01,5.75071E+01,5.75071E+01,9.69073E-01,5.75071E+01,5.75071E+01 
#t = 4.074E+03
1.39050E+01,5.75071E+01,5.75071E+01,5.75071E+01,5.75071E+01,5.75071E+01,5.75071E+01,5.75071E+01,5.75071E+01,5.75071E+01,5.75071E+01,5.75071E+01,5.75071E+01,5.75071E+01,5.75071E+01,5.75071E+01,5.75071E+01,5.75071E+01,1.39050E+01,5.75071E+01,5.75071E+01,1.13340E+01,5.75071E+01,5.75071E+01,5.75071E+01,5.75071E+01,6.32466E+00,5.75071E+01,5.75071E+01,1.39050E+01,5.75071E+01,1.39050E+01,5.75071E+01,5.75071E+01,5.75071E+01,5.75071E+01 
#t = 4.116E+03
5.75071E+01,5.75071E+01,5.75071E+01,5.75071E+01,5.75071E+01,5.75071E+01,5.75071E+01,1.39050E+01,5.75071E+01,5.75071E+01,5.75071E+01,5.75071E+01,5.75071E+01,5.75071E+01,1.63850E+01,5.75071E+01,5.75071E+01,5.75071E+01,5.75071E+01,5.75071E+01,5.75071E+01,5.75071E+01,5.75071E+01,5.75071E+01,5.75071E+01,5.75071E+01,1.18753E+01,5.75071E+01,5.75071E+01,1.63850E+01,5.75071E+01,8.58516E-01,5.75071E+01 
#t = 4.158E+03
5.75071E+01,5.75071E+01,5.75071E+01,5.75071E+01,5.75071E+01,5.75071E+01,5.75071E+01,5.75071E+01,5.75071E+01,5.75071E+01,5.75071E+01,5.75071E+01,5.75071E+01,5.75071E+01,5.75071E+01,5.75071E+01,5.75071E+01,5.75071E+01,5.75071E+01,5.75071E+01,5.75071E+01,5.75071E+01,5.75071E+01,5.75071E+01,5.75071E+01,5.75071E+01,5.75071E+01,5.75071E+01,5.75071E+01,5.75071E+01,5.75071E+01,5.75071E+01,5.75071E+01,5.75071E+01,5.75071E+01 
#t = 4.200E+03
5.75071E+01,5.75071E+01,5.75071E+01,5.75071E+01,5.75071E+01,5.75071E+01,5.75071E+01,5.75071E+01,5.75071E+01,6.10832E+00,5.75071E+01,5.75071E+01,5.75071E+01,5.75071E+01,5.75071E+01,5.75071E+01,5.75071E+01,5.75071E+01,5.75071E+01,5.75071E+01,5.75071E+01,5.75071E+01,5.75071E+01,5.75071E+01,5.75071E+01,5.75071E+01,5.75071E+01,5.75071E+01,5.75071E+01,5.75071E+01,5.75071E+01,5.75071E+01,5.75071E+01,5.75071E+01,5.75071E+01,5.75071E+01,5.75071E+01,5.75071E+01,5.75071E+01,5.75071E+01,5.75071E+01,2.90442E+00,5.75071E+01 
