#t = 0.000E+00
2.51061E+00,2.81291E-01,7.65738E-01,1.00425E+01,1.37270E+00 
#t = 4.200E+01
2.94730E+01,2.94730E+01,2.94730E+01,2.94730E+01,2.94730E+01,2.94730E+01,2.94730E+01,2.94730E+01,2.94730E+01,2.94730E+01,2.94730E+01,4.18086E+00 
#t = 8.400E+01
2.94730E+01,2.58355E+01,9.41270E+00,2.94730E+01,2.94730E+01,2.94730E+01,2.94730E+01,2.94730E+01,2.94730E+01,2.94730E+01,2.94730E+01,2.94730E+01,1.43368E+01,3.49846E-01,2.94730E+01,9.53436E+00,2.94730E+01,2.94730E+01,2.94730E+01 
#t = 1.260E+02
2.94730E+01,2.94730E+01,2.94730E+01,2.94730E+01,2.94730E+01,2.94730E+01,2.94730E+01,2.94730E+01,2.94730E+01,2.94730E+01,2.94730E+01,2.94730E+01,2.94730E+01,2.94730E+01,2.94730E+01,2.94730E+01,8.88275E+00,2.94730E+01,2.94730E+01,2.94730E+01,2.94730E+01,2.94730E+01,2.94730E+01,2.94730E+01,2.94730E+01,2.94730E+01,2.94730E+01,2.94730E+01,2.94730E+01,2.94730E+01,2.94730E+01,2.94730E+01,2.94730E+01,2.94730E+01,2.94730E+01,2.94730E+01,2.94730E+01,2.94730E+01,2.94730E+01,2.94730E+01 
#t = 1.680E+02
2.94730E+01,2.94730E+01,2.94730E+01,2.94730E+01,2.94730E+01,2.94730E+01,2.94730E+01,2.94730E+01,2.94730E+01,2.94730E+01,2.94730E+01,2.94730E+01,2.94730E+01,2.94730E+01,2.94730E+01,2.94730E+01,2.94730E+01,2.94730E+01,2.94730E+01,2.94730E+01,2.94730E+01,2.94730E+01,2.94730E+01,2.94730E+01,2.94730E+01,2.94730E+01,2.94730E+01,2.94730E+01,2.94730E+01,2.94730E+01,2.94730E+01,2.94730E+01,2.94730E+01,2.94730E+01,5.00605E+00,2.94730E+01,2.94730E+01,2.94730E+01,2.94730E+01,2.94730E+01,2.94730E+01,2.94730E+01,2.94730E+01,2.94730E+01,2.94730E+01,2.94730E+01 
#t = 2.100E+02
2.94730E+01,2.94730E+01,2.94730E+01,2.94730E+01,2.94730E+01,2.94730E+01,2.94730E+01,2.94730E+01,2.94730E+01,2.94730E+01,2.94730E+01,2.94730E+01,2.94730E+01,2.94730E+01,2.94730E+01,2.94730E+01,2.94730E+01,2.94730E+01,2.94730E+01,2.94730E+01,2.94730E+01,2.94730E+01,2.94730E+01,2.94730E+01,2.94730E+01,2.35967E+00,2.94730E+01,2.94730E+01,2.94730E+01,2.94730E+01,2.94730E+01,2.94730E+01,2.94730E+01,3.67982E+01,2.94730E+01,2.94730E+01 
#t = 2.520E+02
2.94730E+01,2.94730E+01,2.94730E+01,2.94730E+01,2.94730E+01,2.94730E+01,2.94730E+01,2.94730E+01,2.94730E+01,2.94730E+01,2.94730E+01,2.94730E+01,2.94730E+01,2.94730E+01,2.94730E+01,2.94730E+01,2.94730E+01,2.94730E+01,2.94730E+01,2.94730E+01,2.94730E+01,2.94730E+01,2.94730E+01,2.94730E+01,2.94730E+01,2.94730E+01,2.94730E+01,2.94730E+01,2.94730E+01,2.94730E+01,2.94730E+01,3.94647E+00,2.94730E+01,2.94730E+01,2.94730E+01,2.94730E+01,2.94730E+01,2.94730E+01,2.94730E+01,2.24564E+00,2.94730E+01,2.94730E+01,2.94730E+01,2.94730E+01,2.94730E+01,4.04934E+00,2.94730E+01,2.45375E+00 
#t = 2.940E+02
2.94730E+01,2.94730E+01,2.94730E+01,2.94730E+01,2.94730E+01,2.94730E+01,2.94730E+01,2.94730E+01,2.94730E+01,2.94730E+01,2.94730E+01,2.94730E+01,2.94730E+01,2.94730E+01,2.94730E+01,2.94730E+01,2.94730E+01,2.94730E+01,2.94730E+01,2.94730E+01,2.94730E+01,8.53575E+00,2.94730E+01,2.94730E+01,1.02743E+01,2.94730E+01,2.94730E+01,2.66220E+00,2.94730E+01,2.94730E+01,9.07100E-01 
#t = 3.360E+02
2.94730E+01,2.94730E+01,2.94730E+01,2.94730E+01,2.94730E+01,2.94730E+01,2.94730E+01,2.94730E+01,2.94730E+01,2.94730E+01,2.94730E+01,2.94730E+01,2.94730E+01,2.94730E+01,2.42274E+01,2.94730E+01,2.94730E+01,2.94730E+01,2.94730E+01,2.94730E+01,2.94730E+01,2.94730E+01,2.94730E+01,1.20117E+00,2.94730E+01,5.57917E-01,2.94730E+01,2.94730E+01,2.94730E+01,2.94730E+01,2.94730E+01,2.94730E+01,2.94730E+01,2.01370E+00,2.58653E+00 
#t = 3.780E+02
2.94730E+01,2.94730E+01,2.94730E+01,2.94730E+01,2.94730E+01,2.94730E+01,2.94730E+01,2.94730E+01,2.94730E+01,2.94730E+01,2.94730E+01,2.94730E+01,2.94730E+01,2.94730E+01,2.94730E+01,2.94730E+01,2.94730E+01,2.94730E+01,2.94730E+01,2.94730E+01,2.94730E+01,2.94730E+01,2.94730E+01,2.94730E+01,2.94730E+01,2.94730E+01,2.94730E+01,2.94730E+01,2.94730E+01,2.94730E+01,2.94730E+01,2.94730E+01,2.94730E+01,2.94730E+01,2.94730E+01,2.94730E+01,9.36966E-01,2.94730E+01,5.10686E-01,2.94730E+01,2.94730E+01,2.94730E+01,2.94730E+01,2.94730E+01,2.94730E+01 
#t = 4.200E+02
2.94730E+01,2.94730E+01,2.94730E+01,2.94730E+01,2.94730E+01,2.94730E+01,2.94730E+01,2.94730E+01,2.94730E+01,2.94730E+01,2.94730E+01,2.94730E+01,2.94730E+01,2.94730E+01,2.94730E+01,2.94730E+01,2.94730E+01,2.94730E+01,2.94730E+01,2.94730E+01,2.94730E+01,2.94730E+01,2.94730E+01,2.94730E+01,2.94730E+01,2.94730E+01,2.94730E+01,2.94730E+01,2.94730E+01,2.94730E+01,1.09370E+01,2.94730E+01,2.94730E+01,2.94730E+01,2.94730E+01,2.94730E+01,6.04676E+00 
#t = 4.620E+02
2.94730E+01,2.94730E+01,2.94730E+01,2.94730E+01,2.94730E+01,2.94730E+01,2.94730E+01,2.94730E+01,2.94730E+01,2.94730E+01,2.94730E+01,2.94730E+01,2.94730E+01,2.94730E+01,2.94730E+01,2.94730E+01,2.94730E+01,8.58468E+00,2.94730E+01,6.77715E+00,2.94730E+01,2.94730E+01,2.94730E+01,2.94730E+01,2.94730E+01,2.94730E+01,2.94730E+01,2.94730E+01,1.79005E+00 
#t = 5.040E+02
2.94730E+01,2.94730E+01,2.94730E+01,2.94730E+01,2.94730E+01,2.94730E+01,2.94730E+01,2.94730E+01,1.08764E+01,2.94730E+01,1.08764E+01,2.94730E+01,2.94730E+01,2.94730E+01,2.94730E+01,2.94730E+01,2.94730E+01,2.94730E+01,2.94730E+01,2.94730E+01,2.94730E+01,2.94730E+01,2.94730E+01,2.94730E+01,2.94730E+01,2.94730E+01,2.94730E+01,2.94730E+01 
#t = 5.460E+02
2.94730E+01,2.94730E+01,2.94730E+01,2.94730E+01,2.94730E+01,1.57719E+01,2.94730E+01,2.94730E+01,1.57719E+01,2.94730E+01,2.94730E+01,2.94730E+01,2.94730E+01,2.94730E+01,2.94730E+01,2.94730E+01,2.94730E+01,2.94730E+01,2.94730E+01,2.94730E+01,9.55657E-01,2.94730E+01,1.54597E+01,2.94730E+01,1.02558E+00,3.54242E+00,1.57719E+01 
#t = 5.880E+02
2.94730E+01,2.94730E+01,2.94730E+01,2.94730E+01,2.94730E+01,2.94730E+01,2.94730E+01,2.94730E+01,2.94730E+01,1.18899E+01,2.94730E+01,2.94730E+01,2.94730E+01,2.94730E+01,2.94730E+01,2.94730E+01,2.94730E+01,2.70059E+00,2.94730E+01,2.94730E+01,4.54218E+00,7.62460E+00,2.94730E+01,2.94730E+01,3.27641E+00 
#t = 6.300E+02
2.94730E+01,2.94730E+01,2.94730E+01,2.94730E+01,2.94730E+01,2.94730E+01,2.94730E+01,2.94730E+01,2.94730E+01,2.94730E+01,2.94730E+01,2.94730E+01,2.94730E+01,2.94730E+01,2.94730E+01,2.94730E+01,2.94730E+01,2.94730E+01,2.94730E+01,2.94730E+01,2.94730E+01,2.94730E+01,2.94730E+01,2.61829E+01,2.94730E+01,2.61829E+01,2.94730E+01,2.94730E+01,2.94730E+01,2.94730E+01,2.94730E+01,2.94730E+01,2.61829E+01,2.94730E+01,2.94730E+01,2.61829E+01,1.42904E+00,2.94730E+01,2.94730E+01 
#t = 6.720E+02
2.94730E+01,2.94730E+01,2.94730E+01,2.94730E+01,2.94730E+01,2.94730E+01,2.94730E+01,2.94730E+01,2.94730E+01,2.61829E+01,2.94730E+01,2.94730E+01,2.94730E+01,2.94730E+01,2.94730E+01,2.94730E+01,2.61829E+01,2.94730E+01,2.61829E+01,2.94730E+01,2.94730E+01,2.61829E+01,2.94730E+01,2.94730E+01,2.94730E+01,2.94730E+01,2.94730E+01,8.04302E-01,2.94730E+01,2.94730E+01,2.61829E+01,2.94730E+01,3.57833E+00,2.94730E+01,2.94730E+01,2.94730E+01,2.94730E+01 
#t = 7.140E+02
2.61829E+01,2.94730E+01,2.94730E+01,2.94730E+01,2.61829E+01,1.11148E+01,2.94730E+01,2.94730E+01,2.94730E+01,2.94730E+01,2.94730E+01,2.94730E+01,2.61829E+01,2.94730E+01,2.94730E+01,2.61829E+01,2.94730E+01,2.94730E+01,2.94730E+01,2.94730E+01,2.94730E+01,2.94730E+01,2.94730E+01,2.94730E+01,3.93523E+00,2.94730E+01,2.94730E+01,1.76222E+00,2.94730E+01,2.94730E+01,2.94730E+01,1.47462E-01,2.94730E+01,2.94730E+01,2.61829E+01,1.56037E+01,2.94730E+01,2.94730E+01,2.61829E+01,2.94730E+01,5.32189E+00,2.61829E+01,2.94730E+01,2.61829E+01,2.94730E+01,2.94730E+01 
#t = 7.560E+02
1.11148E+01,2.94730E+01,2.94730E+01,2.94730E+01,2.94730E+01,2.94730E+01,2.94730E+01,2.94730E+01,8.58253E+00,2.94730E+01,2.61829E+01,2.94730E+01,2.94730E+01,2.94730E+01,2.94730E+01,2.61829E+01,2.94730E+01,2.94730E+01,2.61829E+01,2.94730E+01,2.94730E+01,2.61829E+01,2.94730E+01,2.94730E+01,2.94730E+01,2.94730E+01,2.94730E+01,2.94730E+01,5.43497E+00,2.61829E+01,2.33435E+00,1.00466E+01,1.00797E+00,2.61829E+01,2.94730E+01,3.01310E+00,2.94730E+01,6.37197E-01,2.94730E+01,2.94730E+01,2.61829E+01,2.94730E+01,1.64723E+00 
#t = 7.980E+02
2.61829E+01,2.61829E+01,2.94730E+01,2.94730E+01,2.94730E+01,2.94730E+01,2.94730E+01,2.94730E+01,2.94730E+01,2.94730E+01,2.94730E+01,2.94730E+01,3.76974E+01,2.94730E+01,2.61829E+01,2.94730E+01,2.61829E+01,2.94730E+01,2.94730E+01,3.76974E+01,2.61829E+01,3.76974E+01,1.04047E+00,2.97607E+00,3.39883E+00 
#t = 8.400E+02
2.61829E+01,2.94730E+01,2.94730E+01,2.94730E+01,2.94730E+01,2.61829E+01,2.94730E+01,2.94730E+01,2.94730E+01,2.94730E+01,2.94730E+01,2.94730E+01,2.94730E+01,2.94730E+01,2.94730E+01,2.94730E+01,1.88481E+00,2.94730E+01 
#t = 8.820E+02
2.94730E+01,2.94730E+01,2.94730E+01,2.61829E+01,2.61829E+01,2.61829E+01,2.94730E+01,2.94730E+01,2.94730E+01,2.94730E+01,2.94730E+01,2.94730E+01,2.94730E+01,2.94730E+01,2.94730E+01,2.94730E+01,2.61829E+01,2.61829E+01,2.94730E+01,2.61829E+01,2.94730E+01,3.26057E+01,2.61829E+01,2.94730E+01,2.94730E+01,2.94730E+01,2.94730E+01,2.94730E+01,2.94730E+01,6.67138E-01,2.94730E+01,2.94730E+01,3.08045E+00,2.94730E+01,2.94730E+01,5.23548E+00 
#t = 9.240E+02
2.61829E+01,3.26057E+01,2.94730E+01,2.94730E+01,2.94730E+01,2.94730E+01,2.94730E+01,2.94730E+01,2.94730E+01,2.94730E+01,2.94730E+01,2.94730E+01,2.94730E+01,2.94730E+01,2.94730E+01,2.94730E+01,2.94730E+01,2.94730E+01,2.94730E+01,2.94730E+01,2.61829E+01,2.94730E+01,2.94730E+01,2.94730E+01,2.94730E+01,2.61829E+01,2.94730E+01,2.61829E+01,2.94730E+01,2.94730E+01,2.94730E+01,2.94730E+01,2.36174E+00,2.94730E+01 
#t = 9.660E+02
2.94730E+01,2.94730E+01,2.94730E+01,2.61829E+01,2.94730E+01,2.94730E+01,2.94730E+01,2.94730E+01,2.94730E+01,2.61829E+01,2.94730E+01,2.61829E+01,2.61829E+01,2.61829E+01,2.94730E+01,2.94730E+01,2.94730E+01,2.94730E+01,2.94730E+01,2.61829E+01,2.94730E+01,2.94730E+01,2.94730E+01,2.94730E+01,2.94730E+01,2.94730E+01,2.94730E+01,2.94730E+01,2.94730E+01,2.94730E+01,2.94730E+01,3.75584E+00,2.94730E+01,2.94730E+01,2.94730E+01,2.94730E+01,2.81729E+00,1.37407E+00,5.92854E-01 
#t = 1.008E+03
2.94730E+01,2.94730E+01,2.94730E+01,2.94730E+01,2.94730E+01,2.61829E+01,2.94730E+01,2.94730E+01,2.94730E+01,2.94730E+01,2.94730E+01,2.94730E+01,2.94730E+01,2.94730E+01,2.94730E+01,2.94730E+01,2.94730E+01,2.94730E+01,2.61829E+01,2.61829E+01,2.61829E+01,2.94730E+01,2.94730E+01,2.94730E+01,2.94730E+01,2.94730E+01,2.94730E+01,2.94730E+01,2.94730E+01,2.94730E+01,2.61829E+01,2.94730E+01,2.94730E+01,2.94730E+01 
#t = 1.050E+03
2.94730E+01,2.61829E+01,2.61829E+01,2.61829E+01,2.61829E+01,2.94730E+01,2.94730E+01,2.61829E+01,2.61829E+01,2.61829E+01,2.94730E+01,2.61829E+01,2.61829E+01,2.61829E+01,2.61829E+01,2.94730E+01,2.94730E+01,2.94730E+01,2.61829E+01,2.94730E+01,2.61829E+01,6.02397E+00,2.61829E+01,2.61829E+01,2.94730E+01,2.61829E+01,2.61829E+01,2.94730E+01,2.61829E+01,2.94730E+01,3.72509E+00,2.94730E+01,2.61829E+01,2.94730E+01,2.61829E+01 
#t = 1.092E+03
2.61829E+01,2.61829E+01,2.94730E+01,1.39465E+01,2.61829E+01,2.61829E+01,1.72926E+01,2.24704E+01,2.94730E+01,2.94730E+01,1.39465E+01,2.61829E+01,2.61829E+01,2.61829E+01,2.94730E+01,2.94730E+01,2.94730E+01,2.24704E+01,2.61829E+01,2.61829E+01,2.61829E+01,2.94730E+01,2.61829E+01,2.61829E+01,2.61829E+01,2.61829E+01,2.94730E+01,2.61829E+01,2.61829E+01,2.61829E+01,2.94730E+01,2.61829E+01,2.94730E+01,1.44509E+00 
#t = 1.134E+03
2.61829E+01,2.94730E+01,2.61829E+01,2.61829E+01,2.61829E+01,2.94730E+01,2.61829E+01,2.61829E+01,2.61829E+01,2.94730E+01,2.94730E+01,2.94730E+01,2.61829E+01,2.61829E+01,2.94730E+01,2.94730E+01,2.61829E+01,2.94730E+01,2.61829E+01,2.94730E+01,6.16791E+00,2.61829E+01,2.61829E+01,2.61829E+01,2.61829E+01,1.55169E+01,2.94730E+01,2.94730E+01,2.61829E+01,2.61829E+01,2.94730E+01,2.61829E+01,2.94730E+01,2.61829E+01,2.94730E+01,9.67818E-01 
#t = 1.176E+03
2.61829E+01,2.61829E+01,2.61829E+01,2.61829E+01,2.94730E+01,2.61829E+01,2.61829E+01,2.61829E+01,2.94730E+01,2.94730E+01,2.61829E+01,2.61829E+01,2.94730E+01,2.94730E+01,2.94730E+01,2.94730E+01,2.61829E+01,2.94730E+01,4.91460E+00,2.94730E+01,2.61829E+01,3.05633E+01 
#t = 1.218E+03
2.61829E+01,2.61829E+01,2.94730E+01,2.94730E+01,2.61829E+01,9.20615E-02,9.45412E-01,1.55652E+00,2.61829E+01,2.61829E+01,2.61829E+01 
#t = 1.260E+03
2.61829E+01,2.61829E+01,2.61829E+01,2.61829E+01,2.61829E+01,2.61829E+01,2.61829E+01,2.61829E+01,2.61829E+01,2.61829E+01,2.61829E+01,2.61829E+01,2.61829E+01,2.61829E+01,2.54653E+00,2.61829E+01,2.61829E+01,2.61829E+01,2.61829E+01 
#t = 1.302E+03
2.61829E+01,2.61829E+01,2.61829E+01,2.61829E+01,2.61829E+01,2.61829E+01,2.61829E+01,2.61829E+01,2.61829E+01,2.61829E+01,2.61829E+01,2.61829E+01,2.61829E+01,2.61829E+01,2.61829E+01,2.61829E+01,2.61829E+01,2.61829E+01,2.61829E+01,2.61829E+01,2.61829E+01,2.61829E+01,2.61829E+01,2.61829E+01,2.61829E+01,2.61829E+01,2.61829E+01,2.61829E+01,2.61829E+01,2.61829E+01,2.05590E+00 
#t = 1.344E+03
2.61829E+01,2.61829E+01,2.61829E+01,2.61829E+01,2.61829E+01,2.61829E+01,1.37653E+01,2.61829E+01,2.61829E+01,2.61829E+01,2.61829E+01,2.61829E+01,2.61829E+01,2.61829E+01,2.61829E+01,2.61829E+01,2.61829E+01,2.61829E+01,2.61829E+01,2.61829E+01,2.61829E+01,2.61829E+01,9.96550E+00,2.61829E+01,2.61829E+01,2.61829E+01,2.61829E+01,2.61829E+01,2.61829E+01,2.61829E+01,2.61829E+01,2.61829E+01,2.61829E+01,7.26126E+00,2.61829E+01,2.61829E+01,2.61829E+01,7.38786E-01,2.61829E+01,2.61829E+01 
#t = 1.386E+03
9.96550E+00,2.61829E+01,2.61829E+01,2.61829E+01,2.61829E+01,2.61829E+01,2.61829E+01,2.61829E+01,2.61829E+01,2.61829E+01,2.61829E+01,2.61829E+01,2.61829E+01,2.61829E+01,2.61829E+01,2.61829E+01,2.61829E+01,2.61829E+01,2.61829E+01,2.61829E+01,2.61829E+01,2.61829E+01,2.61829E+01,2.61829E+01,6.66476E+00,2.61829E+01,2.61829E+01,2.61829E+01,2.61829E+01,2.48807E+00,2.61829E+01,2.61829E+01,2.61829E+01,2.61829E+01,2.61829E+01,2.61829E+01,2.61829E+01,2.61829E+01,2.61829E+01,2.61829E+01,1.11961E+00 
#t = 1.428E+03
2.61829E+01,2.61829E+01,2.61829E+01,2.61829E+01,2.61829E+01,2.61829E+01,2.61829E+01,2.61829E+01,2.61829E+01,2.61829E+01,2.61829E+01,1.05827E+01,2.61829E+01,2.61829E+01,1.08431E+01,2.61829E+01,2.61829E+01,2.61358E+00,8.24769E-01,4.82273E+00,2.61829E+01,2.61829E+01,1.11454E+00 
#t = 1.470E+03
2.61829E+01,2.61829E+01,2.61829E+01,2.61829E+01,2.61829E+01,2.61829E+01,2.61829E+01,2.61829E+01,2.61829E+01,2.61829E+01,2.61829E+01,2.61829E+01,2.61829E+01,2.61829E+01,2.61829E+01,2.61829E+01,9.33320E+00,2.61829E+01,2.13245E+00,1.12005E+00,2.61829E+01 
#t = 1.512E+03
2.61829E+01,2.61829E+01,2.61829E+01,2.61829E+01,2.61829E+01,2.61829E+01,2.61829E+01,2.61829E+01,2.61829E+01,2.61829E+01,2.61829E+01,2.61829E+01,2.61829E+01,2.61829E+01,2.61829E+01,2.61829E+01,2.61829E+01,2.61829E+01,2.56613E+00 
#t = 1.554E+03
2.61829E+01,2.61829E+01,2.61829E+01,2.61829E+01,2.61829E+01,2.61829E+01,2.61829E+01,2.61829E+01,2.61829E+01,2.61829E+01,2.61829E+01,2.61829E+01,2.61829E+01,2.60981E+00,2.61829E+01,2.38974E+00,2.61829E+01,2.61829E+01,2.61829E+01,2.64353E+00,2.61829E+01,2.61829E+01,2.61829E+01,2.61829E+01 
#t = 1.596E+03
2.61829E+01,2.61829E+01,2.61829E+01,2.61829E+01,2.61829E+01,2.61829E+01,2.76389E+01,2.61829E+01,2.61829E+01,2.61829E+01,2.61829E+01,2.61829E+01,2.61829E+01,2.61829E+01,2.61829E+01,2.61829E+01,2.61829E+01,2.61829E+01,2.61829E+01,1.41277E+01,2.61829E+01,2.61829E+01,1.41277E+01,2.61829E+01,2.76389E+01,2.61829E+01,1.41277E+01,2.61829E+01,2.61829E+01,2.61829E+01,2.61829E+01,2.61829E+01,2.76389E+01,2.61829E+01 
#t = 1.638E+03
2.61829E+01,2.61829E+01,2.61829E+01,2.61829E+01,2.61829E+01,2.61829E+01,2.61829E+01,2.61829E+01,2.61829E+01,2.61829E+01,2.61829E+01,2.61829E+01,1.27119E+01,2.61829E+01,2.61829E+01,2.61829E+01,2.61829E+01,2.61829E+01,1.27119E+01,2.61829E+01,2.61829E+01,7.31504E-01,2.61829E+01,2.07896E+00,3.22957E+00,2.61829E+01,2.61829E+01,1.27119E+01,3.96415E+00,1.42934E-01,2.61829E+01 
#t = 1.680E+03
2.61829E+01,2.61829E+01,1.27119E+01,2.61829E+01,2.61829E+01,2.61829E+01,8.30077E+00,2.61829E+01,2.61829E+01,2.61829E+01,2.61829E+01,2.61829E+01,2.61829E+01,2.61829E+01,6.13624E+00,9.78563E+00,2.61829E+01,2.61829E+01,2.61829E+01,1.27119E+01,2.20671E+00,2.61829E+01,2.61829E+01,2.61829E+01,4.32967E+00,2.61829E+01,2.61829E+01,2.61829E+01,1.65443E+00,7.84279E-01 
#t = 1.722E+03
2.61829E+01,2.61829E+01,2.61829E+01,2.61829E+01,2.61829E+01,2.61829E+01,2.61829E+01,2.61829E+01,2.61829E+01,2.61829E+01,2.61829E+01,2.61829E+01,2.61829E+01,2.61829E+01,2.61829E+01,2.61829E+01,2.61829E+01,2.61829E+01,2.61829E+01,7.44281E+00,2.61829E+01,2.61829E+01,2.61829E+01,2.61829E+01 
#t = 1.764E+03
2.61829E+01,2.61829E+01,2.61829E+01,2.61829E+01,2.61829E+01,2.61829E+01,2.61829E+01,2.61829E+01,2.61829E+01,2.61829E+01,2.61829E+01,2.61829E+01,2.61829E+01,2.61829E+01,2.61829E+01,2.61829E+01,2.61829E+01,2.61829E+01,2.61829E+01,2.61829E+01,2.61829E+01,2.61829E+01,2.61829E+01,2.61829E+01,2.61829E+01,2.61829E+01,2.69808E+00,2.15181E+00,2.61829E+01,2.61829E+01 
#t = 1.806E+03
2.61829E+01,2.61829E+01,2.61829E+01,2.61829E+01,2.61829E+01,2.61829E+01,2.61829E+01,2.61829E+01,2.61829E+01,2.61829E+01,2.61829E+01,2.61829E+01,2.61829E+01,2.61829E+01,2.61829E+01,2.61829E+01,2.61829E+01,2.61829E+01,2.61829E+01,2.61829E+01,2.61829E+01,2.61829E+01,2.61829E+01,2.61829E+01,2.61829E+01,2.61829E+01,2.61829E+01,2.61829E+01,4.80154E+00,2.61829E+01,5.11404E+00,2.61829E+01,1.67368E+00,2.61829E+01 
#t = 1.848E+03
2.61829E+01,2.61829E+01,2.61829E+01,2.61829E+01,2.61829E+01,2.61829E+01,2.61829E+01,2.61829E+01,2.61829E+01,2.61829E+01,2.61829E+01,2.61829E+01,2.61829E+01,2.61829E+01,2.61829E+01,2.61829E+01,2.61829E+01,2.61829E+01,2.61829E+01,2.61829E+01,2.61829E+01,2.61829E+01,2.61829E+01,2.61829E+01,2.61829E+01,2.61829E+01,3.68862E+00,2.61829E+01,2.61829E+01 
#t = 1.890E+03
2.61829E+01,2.61829E+01,2.61829E+01,2.61829E+01,2.61829E+01,2.61829E+01,2.61829E+01,2.61829E+01,2.61829E+01,2.61829E+01,2.61829E+01,2.61829E+01,2.61829E+01,2.61829E+01,2.61829E+01,2.61829E+01,2.61829E+01,2.61829E+01,2.61829E+01,2.61829E+01,2.23691E+00,2.61829E+01,2.61829E+01,2.61829E+01,2.61829E+01,3.97955E+00,2.61829E+01,2.61829E+01,1.09951E+00 
#t = 1.932E+03
2.61829E+01,2.61829E+01,2.61829E+01,2.61829E+01,2.61829E+01,2.61829E+01,2.61829E+01,2.61829E+01,2.61829E+01,2.61829E+01,2.61829E+01,2.61829E+01,2.61829E+01,2.61829E+01,2.61829E+01,4.83156E+00,2.61829E+01,2.61829E+01,2.61829E+01,2.61829E+01,2.61829E+01,7.56062E+00,2.61829E+01,2.61829E+01,1.51353E+00 
#t = 1.974E+03
2.61829E+01,2.61829E+01,2.61829E+01,2.61829E+01,2.61829E+01,2.61829E+01,2.61829E+01,2.61829E+01,1.01404E+01,2.61829E+01,2.61829E+01,1.81512E+01,2.61829E+01,2.61829E+01,2.61829E+01,2.61829E+01,2.61829E+01,2.61829E+01,2.61829E+01,5.48666E+01,2.61829E+01,2.61829E+01,2.61829E+01,2.61829E+01,7.27501E-01,2.61829E+01 
#t = 2.016E+03
2.61829E+01,2.61829E+01,2.61829E+01,2.61829E+01,2.61829E+01,2.61829E+01,2.61829E+01,2.61829E+01,2.61829E+01,2.61829E+01,2.61829E+01,2.61829E+01,2.61829E+01,2.61829E+01,2.61829E+01,2.61829E+01,2.61829E+01,2.61829E+01,2.61829E+01,2.61829E+01,2.61829E+01,2.61829E+01,2.61829E+01,2.61829E+01,2.61829E+01,2.61829E+01,2.61829E+01,2.61829E+01,2.61829E+01,2.61829E+01,5.23487E+00,2.61829E+01,2.61829E+01,2.61829E+01,2.61829E+01,2.61829E+01,2.61829E+01 
#t = 2.058E+03
2.61829E+01,2.61829E+01,2.61829E+01,2.61829E+01,2.61829E+01,2.61829E+01,2.61829E+01,2.61829E+01,2.61829E+01,2.61829E+01,2.61829E+01,2.61829E+01,2.61829E+01,2.61829E+01,2.61829E+01,2.61829E+01,2.61829E+01,2.61829E+01,2.61829E+01,2.61829E+01,2.61829E+01,2.61829E+01,2.61829E+01,2.61829E+01,2.61829E+01,2.61829E+01,2.61829E+01,2.61829E+01,2.61829E+01,2.61829E+01,2.61829E+01,2.61829E+01,2.61829E+01,2.61829E+01,1.34261E+00,2.70948E+00,2.61829E+01,2.61829E+01,2.61829E+01,2.61829E+01 
#t = 2.100E+03
2.61829E+01,2.61829E+01,2.61829E+01,2.61829E+01,2.61829E+01,2.61829E+01,2.61829E+01,2.61829E+01,2.61829E+01,2.61829E+01,2.61829E+01,2.61829E+01,2.61829E+01,2.61829E+01,2.61829E+01,2.61829E+01,2.61829E+01,2.61829E+01,2.61829E+01,2.61829E+01,2.61829E+01,2.61829E+01,2.61829E+01,2.61829E+01,1.23271E+00,2.61829E+01,2.46319E+00,2.61829E+01,2.61829E+01,2.61829E+01,1.44037E+00,2.61829E+01,2.61829E+01,2.61829E+01,2.61829E+01 
#t = 2.142E+03
2.61829E+01,2.61829E+01,2.61829E+01,2.61829E+01,2.61829E+01,2.61829E+01,2.61829E+01,2.61829E+01,2.61829E+01,2.61829E+01,2.61829E+01,2.61829E+01,1.03652E+00,2.61829E+01,2.61829E+01,2.61829E+01,2.61829E+01,2.61829E+01,6.15401E+00,1.62795E+00,2.61829E+01,3.56445E-01,2.61829E+01,2.61829E+01,2.61829E+01 
#t = 2.184E+03
2.61829E+01,2.61829E+01,2.61829E+01,2.61829E+01,2.61829E+01,2.61829E+01,2.61829E+01,2.61829E+01,2.61829E+01,2.61829E+01,2.61829E+01,2.61829E+01,2.61829E+01,2.61829E+01,2.61829E+01,2.61829E+01,2.61829E+01,2.61829E+01,2.61829E+01,2.61829E+01,2.61829E+01,2.61829E+01,2.85541E+00 
#t = 2.226E+03
2.61829E+01,2.61829E+01,2.61829E+01,2.61829E+01,2.01344E+01,2.61829E+01,1.63455E+01,2.61829E+01,2.61829E+01,2.61829E+01,2.61829E+01,2.61829E+01,2.61829E+01,2.61829E+01,2.61829E+01,5.83049E+00,2.61829E+01,1.88746E+00,2.61829E+01,2.61829E+01,2.61829E+01,2.61829E+01,2.61829E+01,2.61829E+01,2.24638E+00 
#t = 2.268E+03
2.61829E+01,2.61829E+01,2.61829E+01,2.61829E+01,2.61829E+01,2.61829E+01,2.61829E+01,2.61829E+01,2.61829E+01,2.61829E+01,1.74860E+01,1.74860E+01,2.61829E+01,2.61829E+01,2.61829E+01,2.61829E+01,2.61829E+01,2.61829E+01,2.61829E+01,2.52544E+01,1.74860E+01,2.61829E+01,2.61829E+01,2.61829E+01,6.91319E+00,2.61829E+01,2.61829E+01,3.30462E+00,2.61829E+01,2.52544E+01,7.49556E-01 
#t = 2.310E+03
2.61829E+01,2.61829E+01,2.61829E+01,2.61829E+01,2.61829E+01,1.74860E+01,8.17035E+00,2.61829E+01,2.61829E+01,2.61829E+01,3.39857E+01,2.61829E+01,2.61829E+01,2.61829E+01,2.61829E+01,2.61829E+01,2.61829E+01,2.61829E+01,2.61829E+01,2.61829E+01,1.50774E+01,2.07617E+01,3.24096E+01,2.61829E+01,1.74860E+01,1.74860E+01,2.61829E+01,2.61829E+01,2.61829E+01,4.23845E+00,1.74860E+01,2.07617E+01,1.74860E+01,3.54985E+00,1.74860E+01,1.74860E+01,3.36580E+00 
#t = 2.352E+03
2.61829E+01,2.61829E+01,2.61829E+01,2.61829E+01,2.61829E+01,1.74860E+01,2.07617E+01,2.47119E+01,2.61829E+01,2.47119E+01,2.61829E+01,2.61829E+01,2.61829E+01,2.61829E+01,2.61829E+01,2.61829E+01,2.61829E+01,2.61829E+01,2.61829E+01,2.61829E+01,2.47119E+01,2.61829E+01,3.59561E+00,2.61829E+01,2.61829E+01,2.61829E+01,2.61829E+01,2.39484E+00 
#t = 2.394E+03
2.61829E+01,2.61829E+01,2.07617E+01,2.61829E+01,2.07617E+01,2.07617E+01,2.61829E+01,2.61829E+01,2.61829E+01,2.61829E+01,8.37717E+00,1.60189E+00,9.57840E+00,2.61829E+01,2.61829E+01,2.07617E+01,2.61829E+01,1.28644E+01,1.55818E+00,2.61829E+01,2.61829E+01,2.07617E+01,5.20194E+00,2.61829E+01,1.17496E+00,2.07617E+01,2.61829E+01,6.14574E+00,2.61829E+01,2.07617E+01,7.56781E-01 
#t = 2.436E+03
2.92942E+01,2.61829E+01,2.07617E+01,1.02162E+01,1.28644E+01,2.61829E+01,2.61829E+01,2.61829E+01,2.61829E+01,2.61829E+01,2.61829E+01,1.30043E+00,9.74940E-01,2.44036E+00,3.70681E+00,1.99827E+00,1.18190E+00,1.33557E+00 
#t = 2.478E+03
2.92942E+01,1.02162E+01,2.61829E+01,2.61829E+01,2.61829E+01,2.61829E+01,2.61829E+01,2.61829E+01,2.92942E+01,1.02162E+01,2.61829E+01,2.61829E+01,2.61829E+01,2.61829E+01,2.61829E+01,2.61829E+01,2.61829E+01,2.92942E+01,2.61829E+01,2.61829E+01,2.61829E+01,2.61829E+01,2.61829E+01,2.61829E+01,1.50839E-01,4.69487E-01,2.61829E+01 
#t = 2.520E+03
2.61829E+01,2.61829E+01,2.61829E+01,2.61829E+01,2.61829E+01,2.61829E+01,2.61829E+01,2.61829E+01,2.61829E+01,2.61829E+01,2.61829E+01,2.61829E+01,2.61829E+01,7.53433E+00,2.61829E+01,2.61829E+01,2.61829E+01,2.61829E+01,2.61829E+01,2.61829E+01,2.61829E+01,2.61829E+01 
#t = 2.562E+03
2.61829E+01,2.61829E+01,2.61829E+01,2.61829E+01,2.61829E+01,2.61829E+01,2.61829E+01,2.61829E+01,2.61829E+01,2.61829E+01,2.61829E+01,2.61829E+01,2.61829E+01,2.61829E+01,2.61829E+01,2.61829E+01,2.61829E+01,2.61829E+01,2.61829E+01,2.61829E+01,2.61829E+01,2.61829E+01,2.61829E+01,2.61829E+01,2.61829E+01,2.61829E+01,2.61829E+01,2.61829E+01,2.61829E+01,2.61829E+01,1.19931E+00 
#t = 2.604E+03
2.61829E+01,2.61829E+01,2.61829E+01,2.61829E+01,2.61829E+01,2.61829E+01,2.61829E+01,2.61829E+01,2.61829E+01,2.38653E+01,2.38653E+01,2.61829E+01,2.61829E+01,2.61829E+01,2.61829E+01,8.57112E+00,2.61829E+01,2.61829E+01,2.61829E+01,2.61829E+01,1.52447E+01,2.61829E+01,2.05528E+00,2.61829E+01,2.61829E+01,6.06094E-01 
#t = 2.646E+03
2.61829E+01,2.61829E+01,2.38653E+01,2.61829E+01,2.61829E+01,2.61829E+01,2.61829E+01,2.61829E+01,2.61829E+01,2.61829E+01,2.61829E+01,2.61829E+01,2.61829E+01,2.61829E+01,2.61829E+01,2.61829E+01,2.61829E+01,2.38653E+01,2.61829E+01,2.61829E+01,2.61829E+01,4.11680E+00,2.61829E+01,2.38653E+01,2.38653E+01,2.61829E+01,6.66291E+00,2.61829E+01,2.61829E+01,2.61829E+01,2.61829E+01,2.61829E+01 
#t = 2.688E+03
2.61829E+01,2.61829E+01,2.61829E+01,2.61829E+01,2.61829E+01,2.61829E+01,2.61829E+01,2.61829E+01,2.61829E+01,2.61829E+01,2.61829E+01,2.61829E+01,2.61829E+01,2.61829E+01,2.61829E+01,2.61829E+01,2.61829E+01,4.56974E+00,6.75846E+00,2.61829E+01,2.61829E+01,2.61829E+01,2.61829E+01,2.61829E+01,2.61829E+01,2.61829E+01,2.61829E+01,2.61829E+01,2.61829E+01,1.42646E+00,2.61829E+01,2.61829E+01,2.61829E+01 
#t = 2.730E+03
2.61829E+01,2.61829E+01,2.61829E+01,1.23367E+01,2.61829E+01,6.76866E+00,2.61829E+01,2.61829E+01,2.61829E+01,2.61829E+01,2.61829E+01,2.61829E+01,1.23367E+01,5.62696E+00,4.95297E-01,2.61829E+01,3.89559E+00,2.61829E+01,1.29001E+00,8.53846E-01 
#t = 2.772E+03
2.61829E+01,2.61829E+01,2.61829E+01,2.61829E+01,2.61829E+01,2.61829E+01,2.61829E+01,2.61829E+01,2.61829E+01,2.61829E+01,2.61829E+01,2.61829E+01,2.61829E+01,2.61829E+01,1.08309E+01,2.61829E+01,2.61829E+01,2.61829E+01,2.61829E+01,2.61829E+01,2.61829E+01,2.61829E+01,2.61829E+01,2.61829E+01,2.46387E+00,2.61829E+01 
#t = 2.814E+03
1.20551E+01,2.61829E+01,2.61829E+01,2.61829E+01,7.65927E+00,1.20551E+01,2.61829E+01,2.61829E+01,2.61829E+01,2.61829E+01,2.61829E+01,3.71408E+01,1.17111E+01,8.19303E+00,2.61829E+01,1.62026E+00,2.61829E+01 
#t = 2.856E+03
2.61829E+01,2.61829E+01,2.61829E+01,2.61829E+01,2.61829E+01,2.61829E+01,2.61829E+01,2.61829E+01,3.71408E+01,3.71408E+01,2.61829E+01,1.17111E+01,2.61829E+01,2.61829E+01,2.61829E+01,3.71408E+01,2.61829E+01,3.71408E+01,2.61829E+01,2.61829E+01,3.71408E+01,3.71408E+01,3.71408E+01,3.71408E+01,2.61829E+01,3.71408E+01,3.52261E+01,2.61829E+01,2.61829E+01,2.61829E+01 
#t = 2.898E+03
2.61829E+01,2.61829E+01,2.61829E+01,2.61829E+01,2.61829E+01,2.61829E+01,2.61829E+01,2.61829E+01,2.61829E+01,2.61829E+01,2.61829E+01,2.61829E+01,2.61829E+01,2.61829E+01,2.61829E+01,2.61829E+01,2.61829E+01,2.61829E+01,2.61829E+01,2.61829E+01,2.61829E+01,2.61829E+01,2.61829E+01 
#t = 2.940E+03
2.61829E+01,1.03294E+01,2.61829E+01,2.61829E+01,2.61829E+01,2.61829E+01,2.61829E+01,2.61829E+01,2.61829E+01,2.61829E+01,2.61829E+01,2.61829E+01,5.79777E+00,2.61829E+01,2.61829E+01,7.14511E+00,2.61829E+01,2.61829E+01,3.67274E+00,3.82716E+00,2.61829E+01,6.11631E+00 
#t = 2.982E+03
2.61829E+01,2.61829E+01,2.61829E+01,2.61829E+01,2.61829E+01,2.61829E+01,2.61829E+01,2.61829E+01,2.61829E+01,2.61829E+01,2.61829E+01,2.61829E+01,2.61829E+01,2.61829E+01,2.61829E+01,2.61829E+01,2.61829E+01,2.61829E+01,2.61829E+01,2.61829E+01,7.66381E+00,2.61829E+01,2.61829E+01,2.61829E+01,2.61829E+01,2.61829E+01,9.33503E-01,2.61829E+01,4.36434E+00,2.61829E+01,2.61829E+01,7.64035E-01,2.61829E+01 
#t = 3.024E+03
2.61829E+01,2.61829E+01,2.61829E+01,2.61829E+01,1.13898E+01,2.61829E+01,2.61829E+01,1.01210E+01,2.61829E+01,2.61829E+01,2.61829E+01,2.61829E+01,2.61829E+01,2.61829E+01,2.61829E+01,2.61829E+01,2.61829E+01,2.61829E+01,2.61829E+01,2.61829E+01,2.61829E+01,5.59569E+00,7.39405E+00,2.39349E+00,2.61829E+01,2.61829E+01 
#t = 3.066E+03
2.61829E+01,2.61829E+01,2.61829E+01,2.61829E+01,2.61829E+01,2.61829E+01,2.61829E+01,2.61829E+01,2.61829E+01,2.61829E+01,2.61829E+01,2.61829E+01,2.61829E+01,2.61829E+01,2.61829E+01,2.61829E+01,2.61829E+01,2.61829E+01,2.61829E+01,2.61829E+01,2.61829E+01,2.61829E+01,2.61829E+01,2.61829E+01,2.61829E+01,2.61829E+01 
#t = 3.108E+03
2.61829E+01,2.61829E+01,2.61829E+01,2.61829E+01,2.61829E+01,2.61829E+01,2.61829E+01,2.61829E+01,2.61829E+01,2.61829E+01,2.61829E+01,2.61829E+01,2.61829E+01,2.61829E+01,4.83794E-01,2.61829E+01,2.61829E+01,2.61829E+01,7.41875E+00,2.61829E+01,2.61829E+01,2.61829E+01,1.13959E+01,2.61829E+01,2.61829E+01,2.61829E+01,9.05565E-01,2.61829E+01 
#t = 3.150E+03
2.61829E+01,2.61829E+01,2.61829E+01,2.61829E+01,2.61829E+01,2.61829E+01,2.61829E+01,2.61829E+01,1.44095E+01,2.61829E+01,2.61829E+01,2.61829E+01,2.61829E+01,2.61829E+01,1.07303E+01,1.44095E+01,5.84039E+00,1.44095E+01,2.61829E+01,6.26153E+00,2.61829E+01,2.61829E+01,1.44095E+01,2.61829E+01,2.61829E+01,2.36493E+00,2.61829E+01,1.44095E+01,2.61829E+01,1.44095E+01 
#t = 3.192E+03
2.61829E+01,2.61829E+01,1.44095E+01,2.61829E+01,2.61829E+01,1.44095E+01,2.61829E+01,2.61829E+01,2.61829E+01,2.61829E+01,1.44095E+01,2.61829E+01,2.61829E+01,2.61829E+01,2.61829E+01,2.61829E+01,1.44095E+01,2.61829E+01,2.61829E+01,1.44095E+01,2.61829E+01,2.61829E+01,2.61829E+01,2.61829E+01,2.61829E+01,2.61829E+01 
#t = 3.234E+03
1.44095E+01,2.61829E+01,1.44095E+01,2.61829E+01,2.61829E+01,2.61829E+01,2.61829E+01,2.61829E+01,2.61829E+01,2.61829E+01,2.61829E+01,2.61829E+01,7.34808E+00,6.69756E+00,2.61829E+01,1.44095E+01,2.61829E+01,1.22298E+01,2.61829E+01,2.61829E+01,2.61829E+01,1.22298E+01,1.44095E+01,1.22298E+01,2.61829E+01,1.22298E+01,1.44095E+01 
#t = 3.276E+03
2.61829E+01,2.61829E+01,1.22298E+01,1.44095E+01,2.61829E+01,2.61829E+01,2.61829E+01,1.44095E+01,1.44095E+01,1.44095E+01,2.61829E+01,2.61829E+01,2.61829E+01,2.61829E+01,2.61829E+01,3.80079E+00,2.61829E+01,3.70903E+00,2.61829E+01,1.44095E+01,7.13006E+00,9.67808E-01,2.61829E+01,2.61829E+01,2.61829E+01,2.61829E+01,3.55079E-01,5.57237E+00 
#t = 3.318E+03
2.61829E+01,1.22298E+01,2.61829E+01,1.22298E+01,2.61829E+01,2.61829E+01,2.61829E+01,2.61829E+01,2.61829E+01,2.61829E+01,2.61829E+01,2.61829E+01,2.61829E+01,1.44095E+01,1.22298E+01,2.61829E+01,1.44095E+01,2.61829E+01,2.61829E+01,2.61829E+01,2.61829E+01,2.61829E+01,2.61829E+01,2.61829E+01,2.61829E+01,1.44095E+01,1.22298E+01,2.61829E+01,1.22298E+01,2.61829E+01,1.94310E+00,1.22298E+01,2.61829E+01,1.22298E+01,1.44095E+01,1.22298E+01,1.02844E+01,2.61829E+01,1.44095E+01,2.61829E+01,3.87817E-01,1.02844E+01,2.61829E+01,2.61829E+01 
#t = 3.360E+03
1.22298E+01,2.61829E+01,2.61829E+01,1.22298E+01,2.61829E+01,2.61829E+01,2.61829E+01,7.52950E+00,2.61829E+01,1.22298E+01,2.61829E+01,2.61829E+01,2.61829E+01,2.61829E+01,2.61829E+01,2.61829E+01,1.22298E+01,2.61829E+01,1.22298E+01,2.61829E+01,2.61829E+01,2.61829E+01,1.22298E+01,3.51802E+00,2.61829E+01,1.16388E+00,2.26688E+00,2.61829E+01,2.61829E+01,1.22298E+01,7.75341E-01,2.61829E+01 
#t = 3.402E+03
1.22298E+01,2.61829E+01,1.22298E+01,2.61829E+01,2.61829E+01,2.61829E+01,2.61829E+01,2.61829E+01,2.61829E+01,1.22298E+01,2.61829E+01,2.61829E+01,2.61829E+01,1.35735E+01,2.61829E+01,1.22298E+01,1.35735E+01,2.61829E+01,2.61829E+01,2.61829E+01,2.61829E+01,2.61829E+01,1.22298E+01,1.22298E+01,2.61829E+01,2.61829E+01,2.61829E+01,2.61829E+01,1.22298E+01,2.61829E+01,2.61829E+01,2.61829E+01,4.42253E+00,1.35735E+01,2.61829E+01,2.61829E+01,2.61829E+01,1.00978E+00,1.22298E+01,1.22298E+01,2.61829E+01,2.61829E+01,4.97663E+00 
#t = 3.444E+03
2.61829E+01,2.61829E+01,2.61829E+01,1.22298E+01,1.22298E+01,1.22298E+01,2.61829E+01,2.61829E+01,2.61829E+01,1.22298E+01,1.22298E+01,2.61829E+01,2.61829E+01,1.22298E+01,1.22298E+01,1.22298E+01,2.61829E+01,1.22298E+01,2.61829E+01,2.61829E+01,2.61829E+01,1.22298E+01,2.61829E+01,2.61829E+01,2.61829E+01,2.61829E+01,7.88455E-01,1.22298E+01,1.22298E+01,4.48228E-01,3.96787E+00 
#t = 3.486E+03
1.22298E+01,2.61829E+01,2.61829E+01,2.61829E+01,2.61829E+01,1.22298E+01,2.61829E+01,2.61829E+01,1.42861E+01,2.61829E+01,1.22298E+01,1.24638E+01,2.61829E+01,1.22298E+01,2.61829E+01,2.61829E+01,1.42861E+01,1.22298E+01,1.22298E+01,2.61829E+01,2.61829E+01,1.22298E+01,2.61829E+01,2.61829E+01,1.84901E+00,2.61829E+01,2.61829E+01,2.61829E+01,1.22298E+01,1.22298E+01 
#t = 3.528E+03
2.61829E+01,1.42861E+01,1.22298E+01,2.61829E+01,2.61829E+01,2.61829E+01,1.22298E+01,2.61829E+01,1.22298E+01,1.22298E+01,1.42861E+01,1.22298E+01,2.61829E+01,2.61829E+01,1.22298E+01,1.22298E+01,1.22298E+01,1.22298E+01,2.61829E+01,1.20486E+01,2.61829E+01,1.20486E+01,2.61829E+01,1.22298E+01,2.61829E+01,1.22298E+01,1.22298E+01,2.05087E+00,2.61829E+01 
#t = 3.570E+03
1.20486E+01,1.22298E+01,1.42861E+01,1.22298E+01,2.61829E+01,2.61829E+01,1.22298E+01,2.61829E+01,2.61829E+01,2.61829E+01,1.20486E+01,2.61829E+01,2.61829E+01,2.61829E+01,2.61829E+01,2.61829E+01,2.61829E+01,2.61829E+01,2.61829E+01,2.61829E+01,2.61829E+01,2.96290E+00,2.61829E+01,1.20486E+01,2.61829E+01,1.20486E+01,2.49325E+00,2.61829E+01,2.61829E+01,1.22298E+01,2.61829E+01 
#t = 3.612E+03
2.61829E+01,2.61829E+01,1.20486E+01,1.20486E+01,2.61829E+01,1.38596E+01,1.38596E+01,2.61829E+01,2.61829E+01,1.20486E+01,2.61829E+01,2.61829E+01,2.61829E+01,2.61829E+01,2.61829E+01,2.61829E+01,1.20486E+01,1.20486E+01,1.20486E+01,2.61829E+01,2.61829E+01,2.83088E+01,2.61829E+01,2.61829E+01,2.61829E+01,2.12716E+00,1.20486E+01,1.20486E+01,2.61829E+01,4.72149E-01,2.61829E+01 
#t = 3.654E+03
1.20486E+01,2.61829E+01,2.61829E+01,2.83088E+01,2.61829E+01,2.61829E+01,1.30531E+01,2.61829E+01,2.61829E+01,2.61829E+01,2.61829E+01,2.61829E+01,2.61829E+01,2.61829E+01,1.38596E+01,1.20486E+01,1.38596E+01,2.61829E+01,2.61829E+01,2.61829E+01,2.61829E+01,2.61829E+01,2.61829E+01,2.61829E+01,2.61829E+01,2.61829E+01,2.61829E+01,2.83088E+01,2.61829E+01,2.61829E+01,1.20486E+01,1.38596E+01,2.61829E+01,5.75993E-01,2.61829E+01,2.61829E+01,2.61829E+01,2.61829E+01,2.67228E+00,1.20486E+01,2.61829E+01 
#t = 3.696E+03
1.38596E+01,2.61829E+01,2.61829E+01,2.61829E+01,2.61829E+01,2.61829E+01,2.83088E+01,2.61829E+01,2.61829E+01,2.61829E+01,2.83088E+01,2.61829E+01,1.38596E+01,2.61829E+01,2.61829E+01,2.61829E+01,2.83088E+01,2.83088E+01,2.61829E+01,2.61829E+01,7.34281E+00,4.08544E+00,2.61829E+01,2.61829E+01,2.41858E+01,1.06242E+00,2.21222E+00 
#t = 3.738E+03
2.61829E+01,1.38596E+01,2.83088E+01,2.83088E+01,2.61829E+01,2.83088E+01,2.83088E+01,2.61829E+01,2.61829E+01,2.83088E+01,2.83088E+01,2.61829E+01,2.83088E+01,1.38596E+01,2.61829E+01,2.61829E+01,2.61829E+01,2.61829E+01,2.83088E+01,2.61829E+01,2.61829E+01,2.61829E+01,6.11707E+00,4.84141E+00,2.61829E+01,1.91442E+00,1.15790E+00,8.98332E-01,8.98124E+00,2.61829E+01,1.38596E+01,3.60042E+00 
#t = 3.780E+03
2.61829E+01,2.61829E+01,2.83088E+01,2.83088E+01,2.61829E+01,2.61829E+01,2.83088E+01,2.83088E+01,2.83088E+01,2.83088E+01,2.83088E+01,2.61829E+01,2.83088E+01,2.61829E+01,2.61829E+01,2.83088E+01,2.61829E+01,2.83088E+01,2.83088E+01,2.61829E+01,2.83088E+01,2.83088E+01,2.83088E+01,2.83088E+01,2.61829E+01,2.61829E+01,2.83088E+01,2.83088E+01,2.61829E+01,7.13133E-01,2.83088E+01,1.44841E+00,2.73309E+00 
#t = 3.822E+03
2.83088E+01,2.61829E+01,2.83088E+01,2.83088E+01,2.83088E+01,2.83088E+01,2.61829E+01,2.83088E+01,1.84009E+01,2.83088E+01,2.83088E+01,2.83088E+01,2.61829E+01,2.61829E+01,2.83088E+01,2.83088E+01,2.83088E+01,2.83088E+01,2.83088E+01,2.83088E+01,2.83088E+01,2.83088E+01,2.83088E+01,2.61829E+01,6.11477E+00,1.68868E+00,2.83088E+01,2.83088E+01,3.52145E+00,1.39269E+01,2.83088E+01,2.83088E+01,2.83088E+01,2.83088E+01,2.83088E+01 
#t = 3.864E+03
2.83088E+01,2.83088E+01,2.61829E+01,2.83088E+01,2.83088E+01,2.83088E+01,2.83088E+01,2.61829E+01,2.83088E+01,2.83088E+01,2.61829E+01,2.83088E+01,2.83088E+01,2.83088E+01,2.83088E+01,2.83088E+01,2.83088E+01,2.61829E+01,2.43197E+01,2.83088E+01,2.21690E+01,2.83088E+01,2.83088E+01,2.83088E+01,2.83088E+01,2.83088E+01,2.83088E+01,2.83088E+01,1.52461E+00,4.61792E-01,2.83088E+01,2.83088E+01,2.21690E+01,2.20080E+00,2.83088E+01 
#t = 3.906E+03
2.83088E+01,2.83088E+01,2.83088E+01,2.83088E+01,2.61829E+01,2.83088E+01,2.83088E+01,2.43197E+01,2.83088E+01,2.83088E+01,2.83088E+01,1.36426E+01,2.83088E+01,2.83088E+01,2.83088E+01,2.83088E+01,2.61829E+01,2.83088E+01,2.83088E+01,2.83088E+01,1.08772E+01,2.61829E+01,2.83088E+01,2.83088E+01,2.83088E+01,2.83088E+01,2.83088E+01,7.01016E+00,2.83088E+01,2.83088E+01 
#t = 3.948E+03
9.50548E+00,2.83088E+01,2.83088E+01,2.83088E+01,2.83088E+01,2.83088E+01,2.83088E+01,2.83088E+01,2.83088E+01,2.83088E+01,2.83088E+01,2.83088E+01,2.83088E+01,2.61829E+01,2.83088E+01,2.83088E+01,2.83088E+01,2.83088E+01,2.83088E+01,2.83088E+01,2.61829E+01,2.83088E+01,2.83088E+01,2.61829E+01,1.12169E+00,2.61829E+01,1.41926E-01,2.61829E+01,2.61829E+01,2.83088E+01,2.61829E+01 
#t = 3.990E+03
2.83088E+01,2.83088E+01,2.83088E+01,2.83088E+01,2.83088E+01,2.83088E+01,7.51930E+00,2.83088E+01,2.83088E+01,2.83088E+01,1.03727E+01,2.83088E+01,2.83088E+01,2.83088E+01,2.83088E+01,2.83088E+01,2.83088E+01,2.83088E+01,2.83088E+01,1.41610E+01,2.61829E+01,2.83088E+01,2.83088E+01,2.83088E+01,2.83088E+01,2.83088E+01,2.01420E+00,2.83088E+01,2.65873E+00,1.87937E+00,4.00558E+00,2.83088E+01,1.97561E+00 
#t = 4.032E+03
2.83088E+01,2.83088E+01,1.03727E+01,2.83088E+01,2.83088E+01,2.83088E+01,2.83088E+01,2.83088E+01,2.83088E+01,2.83088E+01,2.83088E+01,2.83088E+01,2.83088E+01,2.83088E+01,2.83088E+01,2.83088E+01,2.83088E+01,2.83088E+01,2.83088E+01,2.83088E+01,2.83088E+01,2.83088E+01,2.83088E+01,2.83088E+01,2.83088E+01,2.37657E+00,2.83088E+01,2.83088E+01,2.17518E+01,2.83088E+01,2.83088E+01,2.42884E+00,8.06503E+00,2.83088E+01,1.19328E+00,1.29894E+00,2.01865E+01,2.83088E+01 
#t = 4.074E+03
2.83088E+01,2.83088E+01,2.17518E+01,2.83088E+01,8.06503E+00,2.83088E+01,2.83088E+01,2.83088E+01,2.83088E+01,2.83088E+01,2.83088E+01,2.83088E+01,2.83088E+01,2.83088E+01,2.83088E+01,2.83088E+01,2.83088E+01,4.96486E+00,2.83088E+01,5.12617E+00,2.83088E+01,2.83088E+01,2.83088E+01,1.15579E+00,7.32093E+00 
#t = 4.116E+03
2.83088E+01,2.83088E+01,2.83088E+01,2.83088E+01,2.83088E+01,2.83088E+01,2.83088E+01,2.83088E+01,2.83088E+01,2.83088E+01,2.83088E+01,2.83088E+01,2.83088E+01,2.83088E+01,2.83088E+01,2.83088E+01,2.83088E+01,2.83088E+01,2.83088E+01,2.83088E+01,2.83088E+01,2.83088E+01,2.83088E+01,2.83088E+01,2.83088E+01,2.83088E+01,2.83088E+01,2.83088E+01,2.83088E+01,2.83088E+01,4.98210E+00,2.83088E+01,2.83088E+01,2.83088E+01,2.83088E+01,2.83088E+01,2.83088E+01,2.83088E+01,2.29620E+00,2.83088E+01,2.83088E+01 
#t = 4.158E+03
2.83088E+01,2.83088E+01,2.83088E+01,2.83088E+01,2.83088E+01,2.83088E+01,2.83088E+01,2.83088E+01,2.83088E+01,2.83088E+01,2.83088E+01,1.52473E+01,2.83088E+01,2.83088E+01,2.83088E+01,2.92701E+00,2.83088E+01,2.83088E+01,2.83088E+01,2.83088E+01,2.83088E+01,2.83088E+01,2.83088E+01,2.83088E+01,2.83088E+01,2.83088E+01,2.83088E+01 
#t = 4.200E+03
2.83088E+01,2.83088E+01,2.83088E+01,2.83088E+01,2.83088E+01,2.83088E+01,2.83088E+01,2.83088E+01,2.83088E+01,2.83088E+01,2.83088E+01,2.83088E+01,2.83088E+01,2.83088E+01,2.83088E+01,2.83088E+01,2.83088E+01,2.83088E+01,2.83088E+01,2.83088E+01,2.83088E+01,2.83088E+01,2.83088E+01,2.83088E+01,2.83088E+01,2.83088E+01,2.83088E+01,2.83088E+01,2.83088E+01,2.83088E+01 
