#t = 0.000E+00
3.52667E+00,1.55240E+00,5.23118E+00,3.52317E+00,2.89910E+00 
#t = 4.200E+01
1.22364E+01,8.66955E+00,7.22392E+00,1.56712E+01,1.56712E+01,1.85834E+00,6.15253E+00,9.70002E-01,1.22364E+01 
#t = 8.400E+01
8.66955E+00,1.56712E+01,1.56712E+01,4.23917E+01,1.12663E+01,1.56712E+01,1.56712E+01,1.56712E+01,1.56712E+01,1.12663E+01,1.56712E+01,7.38362E+00,1.56712E+01 
#t = 1.260E+02
1.56712E+01,1.56712E+01,1.56712E+01,1.56712E+01,1.56712E+01,1.56712E+01,1.56712E+01,7.75057E+00,1.54123E+01,1.56712E+01,1.56712E+01,1.56712E+01,5.83604E+00,1.56712E+01,1.56712E+01,1.54123E+01,1.56712E+01,1.56712E+01,1.56712E+01,1.56712E+01,1.56712E+01,1.54123E+01,1.56712E+01,5.99187E+00,1.54123E+01,1.10892E+00,1.56712E+01,8.41688E-01 
#t = 1.680E+02
1.54123E+01,1.56712E+01,1.56712E+01,1.56712E+01,1.56712E+01,1.56712E+01,1.56712E+01,1.56712E+01,1.56712E+01,1.56712E+01,1.54123E+01,1.17247E+01,1.56712E+01,8.02165E-01 
#t = 2.100E+02
1.56712E+01,1.56712E+01,2.41404E+01,5.60878E+00,1.38264E+00,8.71954E-01,2.48372E+00,5.95449E+00,1.25574E+00 
#t = 2.520E+02
1.56712E+01,2.27212E+01,6.75537E+00 
#t = 2.940E+02
-9999       
#t = 3.360E+02
1.12248E+01,6.68528E+00 
#t = 3.780E+02
1.71612E+01,9.96950E+00,9.30769E-01,3.50324E+00,6.51247E-01 
#t = 4.200E+02
4.03742E+00,1.31698E+00 
#t = 4.620E+02
4.72815E-01 
#t = 5.040E+02
2.01863E+00,2.52863E+00,3.68299E+00 
#t = 5.460E+02
3.79495E+00 
#t = 5.880E+02
1.16438E+01,1.16438E+01,5.55424E-01 
#t = 6.300E+02
2.16619E+00,1.65065E+00,1.30015E+01,7.76604E+00,2.07514E+00 
#t = 6.720E+02
1.03685E+00,2.92989E+00,9.52531E+00,3.56139E+00 
#t = 7.140E+02
7.59252E+00,3.04322E+01,5.46910E+00,1.35955E+01,1.04829E+00,1.30931E+00,4.98699E+00,8.75250E+00,3.04322E+01,8.26538E-01,1.97347E-01,1.18889E+00 
#t = 7.560E+02
3.04322E+01,3.04322E+01,3.04322E+01,3.04322E+01,3.04322E+01,3.04322E+01,3.04322E+01,3.04322E+01,3.04322E+01,3.04322E+01,3.04322E+01,3.04322E+01,3.04322E+01,3.04322E+01,1.26192E+00,1.79436E+01,7.45792E+00,4.43142E+00,3.04322E+01,3.04322E+01,3.04322E+01 
#t = 7.980E+02
3.04322E+01,3.04322E+01,3.04322E+01,3.04322E+01,3.04322E+01,3.04322E+01,3.04322E+01,3.04322E+01,3.04322E+01,3.04322E+01,3.04322E+01,3.04322E+01,3.04322E+01,3.04322E+01,3.04322E+01,3.04322E+01,3.04322E+01,3.04322E+01,3.04322E+01,1.39619E+01,3.04322E+01,3.04322E+01,3.04322E+01,3.04322E+01,3.23412E+00,3.04322E+01,3.04322E+01,3.04322E+01,3.04322E+01,3.04322E+01,3.04322E+01,3.04322E+01,3.04322E+01,3.04322E+01 
#t = 8.400E+02
3.04322E+01,3.04322E+01,3.04322E+01,3.04322E+01,3.04322E+01,3.04322E+01,3.04322E+01,3.04322E+01,3.04322E+01,3.04322E+01,3.04322E+01,3.04322E+01,3.04322E+01,3.04322E+01,3.04322E+01,3.04322E+01,3.04322E+01,1.97286E+01,3.04322E+01,1.08475E+01,3.04322E+01,3.04322E+01,3.04322E+01,1.08475E+01,1.97286E+01,3.04322E+01,3.04322E+01,3.04322E+01,3.04322E+01,3.04322E+01,3.04322E+01,3.04322E+01,9.50675E-01,3.04322E+01,3.04322E+01,1.97286E+01,3.04322E+01,7.58810E+00 
#t = 8.820E+02
1.97286E+01,1.97286E+01,3.04322E+01,1.97286E+01,3.04322E+01,3.04322E+01,1.97286E+01,1.05779E+01,3.04322E+01,3.04322E+01,1.83853E+01,1.05779E+01,3.04322E+01,1.97286E+01,1.97286E+01,7.19327E+00,1.97286E+01,3.04322E+01 
#t = 9.240E+02
3.04322E+01,1.97286E+01,1.97286E+01,3.04322E+01,3.04322E+01,3.04322E+01,3.04322E+01,3.04322E+01,3.04322E+01,1.83853E+01,3.04322E+01,3.04322E+01,3.04322E+01,1.97286E+01,1.97286E+01,3.04322E+01,3.04322E+01,3.04322E+01,1.97286E+01,1.97286E+01,1.97286E+01,1.97286E+01,6.06694E+00,1.84282E+01,1.97286E+01,3.04322E+01,1.97286E+01,3.04322E+01,1.97286E+01,3.04322E+01,1.97286E+01,3.04322E+01,3.04322E+01,2.31911E+00,3.04322E+01,1.97286E+01,1.97286E+01,3.04322E+01,1.97286E+01,3.06037E+00,3.04322E+01,3.04322E+01 
#t = 9.660E+02
3.04322E+01,3.04322E+01,3.04322E+01,1.35946E+01,3.04322E+01,3.04322E+01,1.97286E+01,1.97286E+01,3.04322E+01,1.35946E+01,3.04322E+01,1.35443E+01,1.35946E+01,3.04322E+01,1.97286E+01,1.35946E+01,1.83853E+01,3.04322E+01,3.04322E+01,1.97286E+01,3.04322E+01,1.35443E+01,1.97286E+01,3.04322E+01,3.04322E+01,3.04322E+01 
#t = 1.008E+03
1.35443E+01,3.04322E+01,3.04322E+01,3.04322E+01,3.04322E+01,3.04322E+01,3.04322E+01,3.04322E+01,3.46286E+00,3.04322E+01,3.04322E+01,3.04322E+01,3.04322E+01,1.02356E+01,5.75847E+00,3.04322E+01,1.02356E+01,3.04322E+01,3.04322E+01,3.04322E+01,3.04322E+01,3.04322E+01,3.04322E+01,3.04322E+01,3.50805E+00,2.03606E+00,3.23396E+00,3.04322E+01,3.04322E+01,1.16037E+01,3.04322E+01 
#t = 1.050E+03
3.04322E+01,3.04322E+01,3.04322E+01,3.04322E+01,3.04322E+01,1.35443E+01,3.04322E+01,3.04322E+01,3.04322E+01,3.04322E+01,3.04322E+01,3.04322E+01,3.04322E+01,3.04322E+01,3.04322E+01,3.04322E+01,3.04322E+01,3.04322E+01,3.04322E+01,3.04322E+01,3.04322E+01,3.04322E+01,3.04322E+01,3.04322E+01,3.04322E+01,3.04322E+01,4.24128E+00,3.04322E+01,3.04322E+01,3.04322E+01,3.04322E+01 
#t = 1.092E+03
3.04322E+01,3.04322E+01,3.04322E+01,3.04322E+01,3.04322E+01,1.35443E+01,3.04322E+01,3.04322E+01,3.04322E+01,3.04322E+01,3.04322E+01,1.35443E+01,3.04322E+01,3.04322E+01,3.04322E+01,1.35443E+01,3.04322E+01,5.14423E+00,3.04322E+01,3.04322E+01,3.04322E+01,1.35443E+01,3.04322E+01,3.04322E+01,1.35443E+01,3.04322E+01,1.35443E+01,3.04322E+01,3.04322E+01,1.62130E+01,2.09982E+00,3.04322E+01,1.46114E+00,3.20301E+00 
#t = 1.134E+03
3.04322E+01,1.62130E+01,1.62130E+01,3.04322E+01,3.04322E+01,1.62130E+01,3.04322E+01,1.62130E+01,1.62130E+01,3.04322E+01,3.04322E+01,1.62130E+01,3.04322E+01,1.62130E+01,3.04322E+01,3.04322E+01,3.04322E+01,3.04322E+01,3.04322E+01,3.04322E+01,1.29144E+01,3.04322E+01,3.04322E+01,3.04322E+01,1.62130E+01,1.62130E+01,3.04322E+01,1.29144E+01,3.04322E+01,1.29144E+01,1.37120E+00,1.65817E+00,1.29144E+01,3.04322E+01 
#t = 1.176E+03
1.62130E+01,3.04322E+01,3.04322E+01,3.04322E+01,3.04322E+01,1.62130E+01,3.04322E+01,1.62130E+01,3.04322E+01,3.04322E+01,1.29144E+01,1.29144E+01,1.29144E+01,1.29144E+01,3.04322E+01,3.04322E+01,1.29144E+01,1.31336E+01,3.04322E+01,1.72407E+01,3.04322E+01,1.29144E+01,3.04322E+01,3.04322E+01,3.04322E+01,3.04322E+01,3.04322E+01,1.29144E+01,3.04322E+01,3.04322E+01,1.29144E+01,1.29144E+01,7.79069E-01,1.29144E+01,3.04322E+01,1.29144E+01,3.04322E+01,3.04322E+01,3.04322E+01,1.29144E+01 
#t = 1.218E+03
1.29144E+01,3.04322E+01,3.04322E+01,3.04322E+01,3.04322E+01,3.04322E+01,3.04322E+01,3.04322E+01,3.04322E+01,1.29144E+01,3.04322E+01,3.04322E+01,3.04322E+01,3.04322E+01,1.29144E+01,3.04322E+01,4.31524E+00,1.29144E+01,3.04322E+01,3.51082E+00,1.29144E+01,3.04322E+01,3.04322E+01 
#t = 1.260E+03
3.04322E+01,1.29144E+01,1.29144E+01,3.04322E+01,3.04322E+01,3.04322E+01,3.04322E+01,3.04322E+01,3.04322E+01,3.04322E+01,3.04322E+01,3.04322E+01,3.04322E+01,3.04322E+01,3.04322E+01,3.04322E+01,3.04322E+01,3.49117E+00,3.04322E+01,3.04322E+01,3.04322E+01,3.04322E+01,3.04322E+01,3.04322E+01,3.04322E+01,6.33243E+00,3.04322E+01 
#t = 1.302E+03
1.29144E+01,3.04322E+01,3.04322E+01,3.04322E+01,3.04322E+01,3.04322E+01,3.04322E+01,3.04322E+01,3.04322E+01,1.84157E+01,3.04322E+01,3.04322E+01,3.04322E+01,3.04322E+01,3.04322E+01,3.04322E+01,3.04322E+01,3.04322E+01,3.04322E+01,3.04322E+01,3.04322E+01,3.04322E+01,1.84157E+01,3.04322E+01,3.04322E+01,3.04322E+01,3.04322E+01,3.04322E+01,1.84157E+01,3.04322E+01,3.04322E+01,3.04322E+01,3.04322E+01,1.78198E+01,3.04322E+01,3.04322E+01,3.04322E+01,3.04322E+01 
#t = 1.344E+03
3.04322E+01,3.04322E+01,3.04322E+01,3.04322E+01,3.04322E+01,3.04322E+01,3.04322E+01,3.04322E+01,3.04322E+01,3.04322E+01,3.04322E+01,3.04322E+01,3.04322E+01,3.04322E+01,3.04322E+01,3.04322E+01,3.04322E+01,3.04322E+01,3.04322E+01,3.04322E+01,3.04322E+01,3.04322E+01,3.04322E+01,3.04322E+01,3.04322E+01,3.04322E+01,3.04322E+01,3.04322E+01,3.04322E+01,3.04322E+01,3.04322E+01,3.04322E+01,3.04322E+01,3.04322E+01,3.04322E+01,3.04322E+01,3.04322E+01,3.04322E+01 
#t = 1.386E+03
3.04322E+01,3.04322E+01,3.04322E+01,3.04322E+01,3.04322E+01,3.04322E+01,3.04322E+01,3.04322E+01,3.04322E+01,3.04322E+01,3.04322E+01,3.04322E+01,3.04322E+01,3.04322E+01,3.04322E+01,3.04322E+01,3.04322E+01,3.04322E+01,3.04322E+01,3.04322E+01,3.04322E+01,3.04322E+01,3.04322E+01,3.04322E+01,3.04322E+01,3.04322E+01,3.04322E+01,3.60596E+00,3.04322E+01,3.04322E+01,3.04322E+01,3.04322E+01,2.12933E+00 
#t = 1.428E+03
3.04322E+01,3.04322E+01,3.04322E+01,3.04322E+01,3.04322E+01,3.04322E+01,3.04322E+01,3.04322E+01,3.04322E+01,3.04322E+01,3.04322E+01,3.04322E+01,3.04322E+01,3.10959E+00,3.04322E+01,3.04322E+01,2.21209E+00,3.04322E+01,3.04322E+01,3.04322E+01,3.04322E+01,1.99685E+00,3.04322E+01,3.04322E+01,3.04322E+01,3.04322E+01,3.04322E+01,8.78542E-01 
#t = 1.470E+03
3.04322E+01,3.04322E+01,3.04322E+01,3.04322E+01,3.04322E+01,3.04322E+01,3.04322E+01,3.04322E+01,3.04322E+01,3.04322E+01,3.04322E+01,3.04322E+01,1.46005E+00,3.39721E+00,3.04322E+01,3.04322E+01,3.04322E+01,4.28724E-01,3.04322E+01,3.04322E+01,3.04322E+01,3.04322E+01,3.04322E+01,3.04322E+01 
#t = 1.512E+03
3.04322E+01,3.04322E+01,3.04322E+01,3.04322E+01,3.04322E+01,3.04322E+01,3.04322E+01,3.04322E+01,3.04322E+01,3.04322E+01,3.04322E+01,3.04322E+01,3.04322E+01,3.04322E+01,3.04322E+01,3.04322E+01,3.04322E+01,3.04322E+01,3.04322E+01,3.04322E+01,3.04322E+01,3.04322E+01,1.22646E+01,3.04322E+01,3.04322E+01,3.04322E+01,4.29132E+00,3.04322E+01,3.04322E+01,1.38196E+00,1.36705E+01,1.22646E+01,3.04322E+01,3.04322E+01 
#t = 1.554E+03
3.04322E+01,3.04322E+01,1.22646E+01,3.04322E+01,3.04322E+01,3.04322E+01,3.04322E+01,1.22646E+01,3.04322E+01,3.04322E+01,3.04322E+01,3.04322E+01,3.04322E+01,3.04322E+01,3.04322E+01,3.04322E+01,3.04322E+01,3.04322E+01,3.04322E+01,7.05254E+00,3.04322E+01,1.22646E+01,3.04322E+01,3.04322E+01,3.04322E+01,3.04322E+01,3.04322E+01,1.22646E+01,1.22646E+01,3.04322E+01,5.83009E-01,3.04322E+01,4.28545E-01,1.57380E+00,3.04322E+01 
#t = 1.596E+03
1.22646E+01,3.04322E+01,3.04322E+01,1.22646E+01,1.22646E+01,1.22646E+01,3.04322E+01,3.04322E+01,3.04322E+01,1.22646E+01,3.04322E+01,3.04322E+01,3.04322E+01,3.04322E+01,3.04322E+01,3.04322E+01,3.04322E+01,3.04322E+01,3.04322E+01,3.04322E+01,3.04322E+01,3.04322E+01,1.84215E+00,1.22646E+01,9.56413E+00,5.06828E+00,3.04322E+01 
#t = 1.638E+03
3.04322E+01,3.04322E+01,3.04322E+01,1.82433E+01,3.04322E+01,1.82433E+01,1.22646E+01,3.04322E+01,1.22646E+01,6.68681E+00,3.04322E+01,3.04322E+01,3.04322E+01,1.79850E+01,1.22646E+01,3.04322E+01,3.04322E+01,1.41263E+00,1.79850E+01,2.22449E+00,3.04322E+01,1.79850E+01,3.04322E+01 
#t = 1.680E+03
3.04322E+01,3.04322E+01,3.04322E+01,3.04322E+01,3.04322E+01,3.04322E+01,3.04322E+01,3.04322E+01,3.04322E+01,3.04322E+01,3.04322E+01,3.04322E+01,3.04322E+01,3.04322E+01,3.04322E+01,3.04322E+01,3.04322E+01,3.04322E+01,3.04322E+01,3.04322E+01,3.04322E+01,3.04322E+01,3.04322E+01,3.04322E+01,3.04322E+01,3.04322E+01,3.04322E+01,3.04322E+01,3.04322E+01,3.04322E+01,3.04322E+01,3.04322E+01,3.04322E+01,1.82503E+00,2.32916E+00,3.04322E+01,3.04322E+01,3.04322E+01,1.83518E+00 
#t = 1.722E+03
3.04322E+01,2.29838E+01,3.04322E+01,2.29838E+01,2.29838E+01,3.04322E+01,2.29838E+01,2.29838E+01,3.04322E+01,2.29838E+01,3.04322E+01,2.29838E+01,2.29838E+01,3.04322E+01,3.04322E+01,3.04322E+01,3.04322E+01,3.04322E+01,3.04322E+01,3.04322E+01,3.04322E+01,2.29838E+01,2.29838E+01,2.29838E+01,3.04322E+01,3.04322E+01,1.52387E+00 
#t = 1.764E+03
3.04322E+01,3.04322E+01,3.04322E+01,2.41548E+01,3.04322E+01,2.29838E+01,3.04322E+01,3.04322E+01,3.04322E+01,3.04322E+01,3.04322E+01,3.04322E+01,2.29838E+01,3.04322E+01,3.04322E+01,3.04322E+01,3.04322E+01,3.04322E+01,3.04322E+01,1.64618E+00,3.04322E+01,3.78605E+00,2.41548E+01,3.04322E+01,3.04322E+01,3.04322E+01,2.41548E+01,3.04322E+01,6.63541E-01 
#t = 1.806E+03
2.29838E+01,3.04322E+01,3.04322E+01,3.04322E+01,3.04322E+01,3.04322E+01,3.04322E+01,3.04322E+01,3.04322E+01,3.04322E+01,3.04322E+01,3.04322E+01,3.04322E+01,3.04322E+01,3.04322E+01,3.04322E+01,5.39236E+00,3.04322E+01,3.04322E+01,3.04322E+01,3.04322E+01,3.04322E+01,3.04322E+01,2.47621E+00,3.04322E+01,3.04322E+01,3.04322E+01,3.04322E+01,3.04322E+01,3.04322E+01,2.88291E+00,3.04322E+01,3.04322E+01,1.88409E+00,1.19389E+00 
#t = 1.848E+03
3.04322E+01,3.04322E+01,3.04322E+01,3.04322E+01,3.04322E+01,3.04322E+01,3.04322E+01,3.04322E+01,3.04322E+01,3.04322E+01,3.04322E+01,3.04322E+01,3.04322E+01,3.04322E+01,3.04322E+01,3.04322E+01,3.04322E+01,3.04322E+01,3.04322E+01,3.04322E+01,3.04322E+01,3.04322E+01,3.04322E+01,3.04322E+01,3.04322E+01,1.91480E+00,3.04322E+01,3.04322E+01,3.04322E+01,3.04322E+01,3.04322E+01 
#t = 1.890E+03
3.04322E+01,3.04322E+01,3.04322E+01,3.04322E+01,1.21637E+01,3.04322E+01,3.04322E+01,3.04322E+01,3.04322E+01,1.21637E+01,3.04322E+01,1.95031E+01,3.04322E+01,3.04322E+01,3.04322E+01,3.04322E+01,1.63110E+01,3.04322E+01,3.04322E+01,3.04322E+01,3.04322E+01,3.04322E+01,1.63110E+01,9.36476E-01,2.49761E+00,1.63110E+01,3.04322E+01,8.97201E+00,3.04322E+01 
#t = 1.932E+03
3.04322E+01,1.95031E+01,1.63110E+01,3.04322E+01,3.04322E+01,3.04322E+01,3.04322E+01,3.04322E+01,3.04322E+01,3.04322E+01,3.04322E+01,3.04322E+01,3.04322E+01,3.04322E+01,3.04322E+01,3.04322E+01,1.95031E+01,3.04322E+01,1.95031E+01,3.04322E+01,1.95031E+01,3.04322E+01,3.04322E+01,3.04322E+01,3.04322E+01,6.56699E+00,3.04322E+01,3.04322E+01,3.04322E+01,3.04322E+01,8.87243E+00,3.04322E+01,3.80371E-01 
#t = 1.974E+03
3.04322E+01,1.95031E+01,3.04322E+01,3.04322E+01,3.04322E+01,1.95031E+01,3.04322E+01,3.04322E+01,3.04322E+01,3.04322E+01,1.55916E+01,3.04322E+01,1.55916E+01,1.55916E+01,1.95031E+01,3.04322E+01,3.04322E+01,3.04322E+01,5.17662E+00,3.04322E+01,3.04322E+01,3.04322E+01,3.04322E+01,3.04322E+01,3.04322E+01,3.04322E+01,3.04322E+01,1.95031E+01,7.76390E+00,3.04322E+01,3.04322E+01,5.74630E+00,1.95031E+01,3.04322E+01,2.89003E+00,1.95179E+00,3.04322E+01,3.04322E+01 
#t = 2.016E+03
3.04322E+01,3.04322E+01,1.95031E+01,3.04322E+01,3.04322E+01,3.04322E+01,1.26583E+01,3.04322E+01,3.04322E+01,3.04322E+01,3.04322E+01,3.04322E+01,3.04322E+01,3.04322E+01,1.90372E+00,1.95031E+01,3.04322E+01,3.04322E+01,3.04322E+01 
#t = 2.058E+03
3.04322E+01,3.04322E+01,3.04322E+01,1.08349E+01,1.18741E+01,3.04322E+01,3.04322E+01,1.26024E+01,1.28646E+01,3.04322E+01,3.04322E+01,3.04322E+01,3.04322E+01,3.04322E+01,3.04322E+01,1.18741E+01,3.04322E+01,3.04322E+01,4.88430E-01,1.28646E+01,3.04322E+01,1.28646E+01,3.04322E+01 
#t = 2.100E+03
1.26024E+01,3.04322E+01,3.04322E+01,3.04322E+01,3.04322E+01,3.04322E+01,3.04322E+01,3.04322E+01,2.09758E+01,3.04322E+01,3.04322E+01,3.04322E+01,3.04322E+01,3.04322E+01,3.04322E+01,2.84896E-01,3.04322E+01,3.04322E+01,3.04322E+01,3.04322E+01,9.11311E-01,3.04322E+01,3.04322E+01,3.04322E+01,3.04322E+01 
#t = 2.142E+03
3.04322E+01,3.04322E+01,3.04322E+01,3.04322E+01,2.09758E+01,3.04322E+01,3.04322E+01,3.04322E+01,2.09758E+01,3.04322E+01,3.04322E+01,3.04322E+01,3.04322E+01,3.04322E+01,3.04322E+01,3.04322E+01,3.04322E+01,2.09758E+01,3.04322E+01,3.04322E+01,2.09758E+01,3.04322E+01,3.04322E+01,3.04322E+01,7.44874E+00,2.09758E+01,2.09758E+01,3.04322E+01,2.09758E+01,5.29967E+00,3.04322E+01,3.04322E+01,3.04322E+01,3.04322E+01,2.98417E-01 
#t = 2.184E+03
3.04322E+01,2.09758E+01,3.04322E+01,2.09758E+01,2.09758E+01,3.04322E+01,2.09758E+01,2.09758E+01,3.04322E+01,2.57499E+00,3.04322E+01,3.04322E+01,8.96876E+00,3.04322E+01,3.04322E+01,2.09758E+01,3.04322E+01,3.04322E+01,1.41582E+01,3.04322E+01,1.31738E+01,2.10583E+00,3.04322E+01,2.51916E+00,3.04322E+01 
#t = 2.226E+03
2.09758E+01,3.04322E+01,3.04322E+01,3.04322E+01,3.04322E+01,3.04322E+01,3.04322E+01,3.04322E+01,2.09758E+01,3.04322E+01,2.09758E+01,2.09758E+01,3.04322E+01,3.04322E+01,3.04322E+01,3.04322E+01,2.09758E+01,3.04322E+01,3.04322E+01,3.04322E+01,3.04322E+01,1.75205E+00,2.09758E+01,3.04322E+01,4.00324E-01,2.09758E+01,3.04322E+01 
#t = 2.268E+03
2.09758E+01,3.04322E+01,3.04322E+01,3.04322E+01,3.04322E+01,3.04322E+01,3.04322E+01,3.04322E+01,2.09758E+01,3.04322E+01,3.04322E+01,3.04322E+01,3.04322E+01,3.04322E+01,3.04322E+01,3.04322E+01,3.04322E+01,3.04322E+01,3.04322E+01,3.04322E+01,3.04322E+01,3.04322E+01,3.04322E+01,3.04322E+01,3.04322E+01,2.09758E+01,9.40995E-01,3.04322E+01,3.04322E+01,8.79130E+00,3.04322E+01,3.04322E+01 
#t = 2.310E+03
3.04322E+01,3.04322E+01,3.04322E+01,3.04322E+01,3.04322E+01,3.04322E+01,3.04322E+01,3.04322E+01,3.04322E+01,3.04322E+01,3.04322E+01,3.04322E+01,3.04322E+01,3.04322E+01,3.04322E+01,3.04322E+01,3.04322E+01,3.04322E+01,3.04322E+01,3.04322E+01,3.04322E+01,3.04322E+01,3.04322E+01,3.04322E+01,3.04322E+01,3.04322E+01,3.04322E+01,3.04322E+01,3.04322E+01,3.04322E+01,3.04322E+01,3.27867E-01,1.91200E+00,1.06350E+00,3.04322E+01,9.57265E-01,3.04322E+01,3.04322E+01,3.04322E+01,3.04322E+01,2.43034E+00 
#t = 2.352E+03
3.04322E+01,3.04322E+01,3.04322E+01,3.04322E+01,3.04322E+01,3.04322E+01,3.04322E+01,3.04322E+01,3.04322E+01,3.04322E+01,3.04322E+01,3.04322E+01,3.04322E+01,3.04322E+01,3.04322E+01,4.71181E+00,3.04322E+01,3.04322E+01,3.04322E+01,5.95087E+00,3.04322E+01,3.04322E+01,3.04322E+01,3.04322E+01,3.04322E+01,3.04322E+01,3.04322E+01,9.42668E+00,4.29222E+00,3.04322E+01,3.04322E+01,3.04322E+01,3.04322E+01,3.04322E+01,3.04322E+01,4.87588E+00,3.04322E+01,3.04322E+01,3.04322E+01,3.04322E+01 
#t = 2.394E+03
3.04322E+01,3.04322E+01,3.04322E+01,3.04322E+01,3.04322E+01,3.04322E+01,7.84135E+00,3.04322E+01,3.04322E+01,3.04322E+01,3.04322E+01,3.04322E+01,3.04322E+01,3.04322E+01,3.04322E+01,3.04322E+01,3.04322E+01,3.04322E+01,3.04322E+01,3.04322E+01,3.04322E+01,3.04322E+01,3.04322E+01,3.04322E+01,3.04322E+01,3.04322E+01,3.04322E+01,3.04322E+01,3.04322E+01,3.04322E+01,3.04322E+01,3.04322E+01,3.04322E+01,3.04322E+01,3.04322E+01,3.04322E+01,3.04322E+01,3.04322E+01,3.90913E+00 
#t = 2.436E+03
3.04322E+01,3.04322E+01,3.04322E+01,3.04322E+01,3.04322E+01,3.04322E+01,3.04322E+01,3.04322E+01,3.04322E+01,3.04322E+01,3.04322E+01,3.04322E+01,3.04322E+01,3.04322E+01,3.04322E+01,3.04322E+01,3.04322E+01,3.04322E+01,8.05333E+00,3.04322E+01,3.04322E+01,3.04322E+01,3.04322E+01,3.04322E+01,3.04322E+01,5.92902E+00,3.04322E+01,3.04322E+01,3.04322E+01,3.04322E+01,2.42145E+00,3.31951E+00,3.04322E+01,3.04322E+01 
#t = 2.478E+03
3.04322E+01,3.04322E+01,3.04322E+01,3.04322E+01,3.04322E+01,3.04322E+01,3.04322E+01,3.04322E+01,3.04322E+01,3.04322E+01,3.04322E+01,3.04322E+01,3.04322E+01,3.04322E+01,3.04322E+01,3.04322E+01,3.04322E+01,3.04322E+01,3.04322E+01,3.04322E+01,3.04322E+01,3.04322E+01,3.04322E+01,3.04322E+01,3.04322E+01,3.04322E+01,3.04322E+01,3.04322E+01,3.04322E+01,3.04322E+01,3.04322E+01,3.04322E+01,3.04322E+01,3.04322E+01,3.04322E+01 
#t = 2.520E+03
3.04322E+01,3.04322E+01,3.04322E+01,3.04322E+01,3.04322E+01,3.04322E+01,3.04322E+01,3.04322E+01,3.04322E+01,3.04322E+01,3.04322E+01,3.04322E+01,3.04322E+01,3.04322E+01,3.04322E+01,3.04322E+01,4.62626E+00,3.04322E+01,3.04322E+01,3.04322E+01,3.04322E+01,3.04322E+01,3.04322E+01,3.04322E+01,3.04322E+01,3.04322E+01,3.04322E+01,3.04322E+01,3.04322E+01,3.04322E+01,2.19439E+00,3.04322E+01 
#t = 2.562E+03
3.04322E+01,3.04322E+01,3.04322E+01,3.04322E+01,3.04322E+01,3.04322E+01,3.04322E+01,3.04322E+01,3.04322E+01,3.04322E+01,3.04322E+01,3.04322E+01,3.04322E+01,3.04322E+01,3.04322E+01,3.04322E+01,3.04322E+01,3.04322E+01,3.04322E+01,3.04322E+01,3.04322E+01,6.19926E+00,3.04322E+01,1.05584E+00,4.01362E+00,3.04322E+01,1.11848E+01,4.18352E+00 
#t = 2.604E+03
3.04322E+01,1.11848E+01,3.04322E+01,3.04322E+01,3.04322E+01,3.04322E+01,3.04322E+01,3.04322E+01,3.04322E+01,3.04322E+01,3.04322E+01,3.04322E+01,3.04322E+01,3.04322E+01,3.04322E+01,3.04322E+01,3.04322E+01,3.04322E+01,3.04322E+01,3.04322E+01,3.04322E+01,3.04322E+01,3.04322E+01,3.04322E+01,3.04322E+01,3.04322E+01,3.04322E+01,3.04322E+01,1.23049E+00,3.04322E+01 
#t = 2.646E+03
3.04322E+01,3.04322E+01,3.04322E+01,3.04322E+01,3.04322E+01,3.04322E+01,3.04322E+01,7.49837E+00,3.04322E+01,3.04322E+01,3.04322E+01,3.45409E+00,3.04322E+01,3.04322E+01,3.04322E+01,3.04322E+01,3.04322E+01,3.04322E+01,3.04322E+01,3.04322E+01,3.04322E+01,3.04322E+01,3.04322E+01,3.04322E+01,2.22030E+01,3.04322E+01,3.04322E+01,1.35553E+00,8.55124E+00,3.04322E+01,3.04322E+01,6.88946E-01,3.04322E+01,3.04322E+01 
#t = 2.688E+03
3.04322E+01,3.04322E+01,3.04322E+01,3.04322E+01,3.04322E+01,3.04322E+01,3.04322E+01,3.04322E+01,3.04322E+01,3.04322E+01,3.04322E+01,3.04322E+01,3.04322E+01,3.04322E+01,3.04322E+01,3.04322E+01,3.04322E+01,3.04322E+01,3.04322E+01,3.04322E+01,3.04322E+01,3.04322E+01,3.04322E+01,3.04322E+01,3.04322E+01,3.04322E+01,3.04322E+01,3.04322E+01,3.04322E+01,3.04322E+01,3.04322E+01,3.04322E+01,3.04322E+01,3.04322E+01,9.76777E-01,3.04322E+01,3.04322E+01,3.04322E+01,3.04322E+01 
#t = 2.730E+03
3.04322E+01,3.04322E+01,3.04322E+01,3.04322E+01,3.04322E+01,3.04322E+01,3.04322E+01,3.04322E+01,3.04322E+01,3.04322E+01,3.04322E+01,3.04322E+01,3.04322E+01,3.04322E+01,3.04322E+01,3.04322E+01,3.04322E+01,3.04322E+01,3.04322E+01,3.04322E+01,3.04322E+01,3.04322E+01,3.04322E+01,3.04322E+01,3.04322E+01,3.04322E+01,3.04322E+01,3.04322E+01,3.04322E+01,3.04322E+01,3.04322E+01,3.04322E+01,3.04322E+01,3.04322E+01,3.04322E+01,3.20201E-01,3.04322E+01,3.04322E+01,3.04322E+01,3.04322E+01,3.04322E+01,3.04322E+01,3.04322E+01,3.04322E+01,3.04322E+01 
#t = 2.772E+03
3.04322E+01,3.04322E+01,3.04322E+01,3.04322E+01,3.04322E+01,3.04322E+01,3.04322E+01,3.04322E+01,3.04322E+01,3.04322E+01,3.04322E+01,3.04322E+01,3.04322E+01,3.04322E+01,3.04322E+01,3.04322E+01,3.04322E+01,3.04322E+01,3.04322E+01,3.04322E+01,3.04322E+01,3.04322E+01,3.04322E+01,3.04322E+01,3.04322E+01,3.04322E+01,6.17244E+00,3.04322E+01,3.04322E+01,3.04322E+01,3.04322E+01,3.04322E+01,3.04322E+01,3.04322E+01,3.04322E+01,3.04322E+01,3.04322E+01,3.20921E+00 
#t = 2.814E+03
3.04322E+01,3.04322E+01,3.04322E+01,3.04322E+01,3.04322E+01,3.04322E+01,3.04322E+01,3.04322E+01,3.04322E+01,1.10651E+01,1.79283E+01,3.04322E+01,3.04322E+01,3.04322E+01,3.04322E+01,3.04322E+01,3.04322E+01,3.04322E+01,3.04322E+01,3.04322E+01,3.04322E+01,1.10651E+01,3.04322E+01,3.04322E+01,6.30294E-01,3.04322E+01,3.04322E+01,3.04322E+01,3.04322E+01,3.04322E+01,3.04322E+01 
#t = 2.856E+03
3.04322E+01,3.04322E+01,3.04322E+01,3.04322E+01,3.04322E+01,3.04322E+01,3.04322E+01,3.04322E+01,3.04322E+01,1.36218E+01,3.04322E+01,3.04322E+01,3.04322E+01,3.04322E+01,3.04322E+01,3.04322E+01,1.15945E+01,3.04322E+01,3.04322E+01,3.04322E+01,3.04322E+01,3.04322E+01,3.04322E+01,3.04322E+01,3.04322E+01,3.04322E+01,3.04322E+01,3.04322E+01,1.36218E+01 
#t = 2.898E+03
3.04322E+01,3.04322E+01,3.04322E+01,3.04322E+01,3.04322E+01,3.04322E+01,3.04322E+01,3.04322E+01,3.04322E+01,3.04322E+01,3.04322E+01,3.04322E+01,3.04322E+01,4.31158E+00,3.04322E+01,3.04322E+01,3.04322E+01,3.04322E+01,3.04322E+01,1.36218E+01,3.04322E+01,3.04322E+01,3.04322E+01,1.32238E+00,3.04322E+01,2.20279E+00 
#t = 2.940E+03
3.04322E+01,3.04322E+01,3.04322E+01,3.04322E+01,3.04322E+01,3.04322E+01,3.04322E+01,3.04322E+01,3.04322E+01,3.04322E+01,3.04322E+01,3.04322E+01,3.04322E+01,3.04322E+01,3.04322E+01,3.04322E+01,3.04322E+01,3.04322E+01,3.04322E+01,3.04322E+01,3.04322E+01,3.04322E+01,3.04322E+01,3.04322E+01,3.04322E+01,3.04322E+01,3.04322E+01,3.04322E+01,3.04322E+01,3.04322E+01,3.04322E+01,3.04322E+01,1.31097E+00,1.76665E+00,3.04322E+01,3.04322E+01,9.04325E-01,3.04322E+01 
#t = 2.982E+03
3.04322E+01,3.04322E+01,3.04322E+01,3.04322E+01,3.04322E+01,3.04322E+01,3.04322E+01,3.04322E+01,3.04322E+01,3.04322E+01,3.04322E+01,3.04322E+01,3.04322E+01,3.04322E+01,3.04322E+01,3.04322E+01,3.04322E+01,3.04322E+01,3.04322E+01,3.04322E+01,3.04322E+01,3.04322E+01,3.04322E+01,3.04322E+01,3.04322E+01,2.04723E+00,3.04322E+01,3.04322E+01,3.04322E+01,3.04322E+01,3.04322E+01,9.88535E+00 
#t = 3.024E+03
3.04322E+01,3.04322E+01,3.04322E+01,3.04322E+01,3.04322E+01,3.04322E+01,3.04322E+01,3.04322E+01,3.04322E+01,3.04322E+01,3.04322E+01,3.04322E+01,3.04322E+01,3.04322E+01,3.04322E+01,3.04322E+01,3.04322E+01,3.04322E+01,3.04322E+01,3.04322E+01,3.04322E+01,3.04322E+01,3.04322E+01,3.04322E+01,3.04322E+01,3.04322E+01,3.04322E+01,1.63836E+00,3.04322E+01,3.04322E+01,3.04322E+01,3.04322E+01 
#t = 3.066E+03
3.04322E+01,3.04322E+01,3.04322E+01,3.04322E+01,3.04322E+01,3.04322E+01,3.04322E+01,3.04322E+01,3.04322E+01,3.04322E+01,3.04322E+01,3.04322E+01,3.04322E+01,3.04322E+01,3.04322E+01,3.04322E+01,3.04322E+01,3.04322E+01,3.04322E+01,3.04322E+01,3.04322E+01,3.04322E+01,3.04322E+01,4.72925E+00,3.04322E+01,3.04322E+01,3.04322E+01,3.04322E+01,4.71201E-01,3.04322E+01,3.04322E+01,3.04322E+01,3.04322E+01,3.04322E+01,2.79425E+00 
#t = 3.108E+03
3.04322E+01,3.04322E+01,3.04322E+01,3.04322E+01,3.04322E+01,3.04322E+01,3.04322E+01,3.04322E+01,3.04322E+01,3.04322E+01,3.04322E+01,3.04322E+01,3.04322E+01,3.04322E+01,3.04322E+01,1.87291E+01,3.04322E+01,3.04322E+01,4.94326E+00,1.30213E+00,3.04322E+01,3.04322E+01,3.04322E+01,3.04322E+01,3.04322E+01,3.04322E+01,3.04322E+01,5.10775E+00,3.04322E+01,3.04322E+01,3.04322E+01,3.04322E+01,3.04322E+01,3.04322E+01,3.04322E+01,3.04322E+01,2.76895E-01 
#t = 3.150E+03
3.04322E+01,3.04322E+01,1.87291E+01,3.04322E+01,3.04322E+01,3.04322E+01,3.04322E+01,3.04322E+01,3.04322E+01,3.04322E+01,3.04322E+01,3.04322E+01,3.04322E+01,3.04322E+01,3.04322E+01,3.04322E+01,3.04322E+01,3.04322E+01,3.04322E+01,3.04322E+01,3.04322E+01,3.04322E+01,3.04322E+01,3.04322E+01,3.04322E+01,3.04322E+01,3.04322E+01,3.04322E+01,3.04322E+01,5.81404E-01,3.04322E+01,1.94835E+00,3.04322E+01,3.04322E+01,3.04322E+01,4.73050E+00,1.34540E+00 
#t = 3.192E+03
3.04322E+01,3.04322E+01,3.04322E+01,1.87291E+01,3.04322E+01,3.04322E+01,3.04322E+01,3.04322E+01,3.04322E+01,3.04322E+01,3.04322E+01,3.04322E+01,3.04322E+01,3.04322E+01,3.04322E+01,1.10603E+01,1.10603E+01,1.26377E+01,3.04322E+01,3.04322E+01,3.04322E+01,3.04322E+01,1.10603E+01,3.04322E+01,3.04322E+01,1.50622E+01,3.04322E+01,2.53881E-01,5.80744E+00,3.04322E+01,3.05370E+00 
#t = 3.234E+03
1.87291E+01,3.04322E+01,3.04322E+01,3.04322E+01,3.04322E+01,3.04322E+01,3.04322E+01,3.04322E+01,3.04322E+01,3.04322E+01,3.04322E+01,3.04322E+01,3.04322E+01,3.04322E+01,7.18360E+00,3.04322E+01,3.04322E+01,3.04322E+01,3.04322E+01,3.04322E+01,3.04322E+01,3.04322E+01,3.04322E+01,3.04322E+01,3.04322E+01,3.04322E+01,3.04322E+01,3.04322E+01 
#t = 3.276E+03
3.04322E+01,3.04322E+01,3.04322E+01,3.04322E+01,3.04322E+01,3.04322E+01,3.04322E+01,3.04322E+01,3.04322E+01,3.04322E+01,2.43686E+01,3.04322E+01,3.04322E+01,3.04322E+01,3.04322E+01,3.04322E+01,3.04322E+01,3.04322E+01,1.51413E+01,3.04322E+01,3.04322E+01,3.04322E+01,3.04322E+01,3.04322E+01,2.43686E+01,3.04322E+01,1.51413E+01,3.04322E+01,2.43686E+01,3.04322E+01,3.04322E+01,3.04322E+01,3.04322E+01,7.00654E+00,3.04322E+01,3.04322E+01,3.04322E+01,3.04322E+01,3.04322E+01,1.52499E+01,3.04322E+01,3.04322E+01,7.35541E+00,2.43686E+01,3.04322E+01,3.04322E+01 
#t = 3.318E+03
3.04322E+01,3.04322E+01,3.04322E+01,3.04322E+01,3.04322E+01,3.04322E+01,3.04322E+01,1.51413E+01,3.04322E+01,3.04322E+01,2.43686E+01,3.04322E+01,3.04322E+01,3.04322E+01,3.04322E+01,3.04322E+01,3.04322E+01,3.04322E+01,3.04322E+01,3.04322E+01,3.04322E+01,3.04322E+01,3.04322E+01,3.04322E+01,3.04322E+01,3.04322E+01,3.04322E+01,5.01274E+00,2.43686E+01,3.04322E+01,3.04322E+01,3.04322E+01,3.04322E+01,1.27797E+01,3.04322E+01,3.04322E+01 
#t = 3.360E+03
3.04322E+01,1.27797E+01,3.04322E+01,1.69476E+01,3.04322E+01,3.04322E+01,2.43686E+01,3.04322E+01,3.04322E+01,3.04322E+01,3.04322E+01,2.43686E+01,3.04322E+01,3.04322E+01,3.04322E+01,3.04322E+01,3.04322E+01,3.04322E+01,3.04322E+01,3.04322E+01,3.04322E+01,3.04322E+01,3.04322E+01,3.04322E+01,3.04322E+01,3.04322E+01,3.04322E+01,3.04322E+01,3.04322E+01 
#t = 3.402E+03
3.04322E+01,3.04322E+01,3.04322E+01,3.04322E+01,3.04322E+01,3.04322E+01,1.69476E+01,3.04322E+01,3.04322E+01,3.04322E+01,3.04322E+01,3.04322E+01,3.04322E+01,1.53550E+01,3.04322E+01,3.04322E+01,3.04322E+01,3.04322E+01,3.04322E+01,1.69476E+01,3.04322E+01,3.04322E+01,3.04322E+01,3.04322E+01,3.04322E+01,3.04322E+01,3.04322E+01,3.04322E+01,3.04322E+01,3.04322E+01,3.04322E+01,1.69476E+01,1.69476E+01 
#t = 3.444E+03
3.04322E+01,3.04322E+01,3.04322E+01,3.04322E+01,3.04322E+01,3.04322E+01,1.69476E+01,3.04322E+01,3.04322E+01,3.04322E+01,3.04322E+01,3.04322E+01,3.04322E+01,3.04322E+01,3.04322E+01,3.04322E+01,1.88162E+01,3.04322E+01,3.04322E+01,3.04322E+01,3.04322E+01,3.04322E+01,3.04322E+01,1.14189E+01,3.04322E+01,3.04322E+01,3.04322E+01,1.69476E+01,3.04322E+01,3.04322E+01,1.88162E+01,3.04322E+01,3.04322E+01,1.88162E+01,5.89737E+00,7.68505E-01,3.04322E+01,1.14189E+01,3.04322E+01,3.04322E+01,3.04322E+01 
#t = 3.486E+03
3.04322E+01,3.04322E+01,1.03393E+01,3.04322E+01,3.04322E+01,3.04322E+01,3.04322E+01,3.04322E+01,3.04322E+01,3.04322E+01,3.04322E+01,3.04322E+01,3.04322E+01,3.04322E+01,3.04322E+01,3.04322E+01,3.04322E+01,3.04322E+01,2.13302E+00,3.04322E+01,3.04322E+01,6.20095E+00,3.04322E+01,3.04322E+01,1.15027E+01 
#t = 3.528E+03
3.04322E+01,3.04322E+01,3.04322E+01,3.04322E+01,3.04322E+01,3.04322E+01,3.04322E+01,3.04322E+01,3.04322E+01,3.04322E+01,3.04322E+01,3.04322E+01,3.04322E+01,3.04322E+01,3.04322E+01,3.04322E+01,3.04322E+01,3.04322E+01,3.04322E+01,3.04322E+01,3.04322E+01,3.04322E+01,3.04322E+01,3.04322E+01,3.04322E+01,3.04322E+01,3.04322E+01,3.04322E+01,3.04322E+01,1.20756E+01,3.04322E+01,3.04322E+01,1.25597E+01,3.04322E+01 
#t = 3.570E+03
3.04322E+01,3.04322E+01,3.04322E+01,3.04322E+01,3.04322E+01,3.04322E+01,3.04322E+01,3.04322E+01,3.04322E+01,3.04322E+01,3.04322E+01,3.04322E+01,3.04322E+01,3.04322E+01,3.04322E+01,3.04322E+01,3.04322E+01,1.98068E+01,3.04322E+01,3.04322E+01,1.66655E+01,6.85285E+00,3.04322E+01,3.04322E+01,3.04322E+01,3.04322E+01,3.04322E+01,3.04322E+01,3.04322E+01,3.04322E+01,3.04322E+01,3.04322E+01,3.04322E+01,3.04322E+01,4.00482E+00,7.20969E-01,3.04322E+01,3.04322E+01,8.03329E-01 
#t = 3.612E+03
3.04322E+01,3.04322E+01,3.04322E+01,3.04322E+01,3.04322E+01,3.04322E+01,3.04322E+01,3.04322E+01,3.04322E+01,3.04322E+01,3.04322E+01,3.04322E+01,3.04322E+01,3.04322E+01,3.04322E+01,3.04322E+01,3.04322E+01,3.04322E+01,1.29715E+00,3.04322E+01,3.04322E+01,3.04322E+01,3.04322E+01,3.04322E+01,3.04322E+01,3.04322E+01,3.04322E+01,5.50828E+00,3.04322E+01,9.40264E-01,3.04322E+01,3.04322E+01,3.04322E+01,5.59401E-01,4.93183E+01 
#t = 3.654E+03
3.04322E+01,3.04322E+01,3.04322E+01,3.04322E+01,3.04322E+01,3.04322E+01,3.04322E+01,3.04322E+01,3.04322E+01,3.04322E+01,3.04322E+01,3.04322E+01,3.04322E+01,3.04322E+01,3.04322E+01,3.04322E+01,3.04322E+01,3.04322E+01,3.04322E+01,3.04322E+01,4.07403E+00,3.04322E+01,3.04322E+01,3.04322E+01,3.04322E+01,3.04322E+01,3.04322E+01,3.04322E+01,3.04322E+01,3.04322E+01,3.04322E+01,3.04322E+01,1.02283E+01,3.04322E+01,3.04322E+01,3.04322E+01,5.30953E+00,3.04322E+01,3.04322E+01,3.04322E+01,3.04322E+01,3.04322E+01,3.04322E+01,3.04322E+01,3.04322E+01,3.04322E+01,1.47187E+00,3.04322E+01,3.04322E+01,3.33178E-01,3.04322E+01,1.61935E+00,3.04322E+01,3.04322E+01,3.04322E+01 
#t = 3.696E+03
3.04322E+01,3.04322E+01,3.04322E+01,3.04322E+01,3.04322E+01,3.04322E+01,3.04322E+01,3.04322E+01,3.04322E+01,3.04322E+01,3.04322E+01,3.04322E+01,3.04322E+01,1.95857E+01,3.04322E+01,3.04322E+01,3.04322E+01,3.04322E+01,3.04322E+01,3.04322E+01,3.04322E+01,3.04322E+01,3.04322E+01,3.04322E+01,3.04322E+01,2.16840E+00,1.15674E+00,3.04322E+01,3.04322E+01 
#t = 3.738E+03
3.04322E+01,1.95857E+01,3.04322E+01,3.04322E+01,3.04322E+01,3.04322E+01,3.04322E+01,3.04322E+01,3.04322E+01,2.25707E+01,3.04322E+01,2.25707E+01,3.04322E+01,3.04322E+01,3.04322E+01,3.04322E+01,3.04322E+01,3.04322E+01,2.25707E+01,3.04322E+01,3.04322E+01,3.04322E+01,3.04322E+01,1.57319E+01,3.04322E+01,3.04322E+01,1.61562E+00,3.04322E+01,3.04322E+01,1.95857E+01,3.04322E+01,3.04322E+01,3.04322E+01 
#t = 3.780E+03
3.04322E+01,2.25707E+01,3.04322E+01,3.04322E+01,3.04322E+01,2.25707E+01,3.04322E+01,2.25707E+01,3.04322E+01,2.25707E+01,3.04322E+01,3.04322E+01,3.04322E+01,3.04322E+01,3.04322E+01,1.87642E+01,3.04322E+01,3.04322E+01,3.04322E+01,2.25707E+01,3.04322E+01,3.04322E+01,2.25707E+01,3.04322E+01,6.57271E+00,2.25707E+01,3.04322E+01,2.95236E+00,3.04322E+01,2.25707E+01,3.04322E+01,3.04322E+01 
#t = 3.822E+03
3.04322E+01,3.04322E+01,3.04322E+01,3.04322E+01,3.04322E+01,3.04322E+01,3.04322E+01,3.04322E+01,3.04322E+01,3.04322E+01,3.04322E+01,3.04322E+01,3.04322E+01,1.80409E+01,3.04322E+01,5.40427E+00,7.45461E+00,3.04322E+01,3.04322E+01,3.04322E+01,3.04322E+01,3.04322E+01,3.04322E+01,3.04322E+01,3.04322E+01,3.04322E+01,3.04322E+01,3.04322E+01,3.04322E+01,3.04322E+01,3.04322E+01 
#t = 3.864E+03
3.04322E+01,3.04322E+01,3.04322E+01,3.04322E+01,3.04322E+01,3.04322E+01,3.04322E+01,3.04322E+01,3.04322E+01,3.04322E+01,3.04322E+01,3.04322E+01,3.04322E+01,3.04322E+01,3.04322E+01,1.78228E+01,3.04322E+01,3.04322E+01,3.04322E+01,3.04322E+01,3.04322E+01,3.04322E+01,3.04322E+01,3.04322E+01,3.04322E+01,3.04322E+01,3.04322E+01,3.04322E+01,3.04322E+01,1.83742E+00,3.04322E+01,3.04322E+01,1.52118E+01,3.04322E+01,2.66865E+00,3.04322E+01,3.04322E+01,5.78959E+00,3.04322E+01,1.78228E+01 
#t = 3.906E+03
1.78228E+01,3.04322E+01,3.04322E+01,3.04322E+01,3.04322E+01,3.04322E+01,3.04322E+01,2.00319E+01,3.04322E+01,3.04322E+01,5.88948E+00,3.04322E+01,3.04322E+01,3.04322E+01,3.04322E+01,3.04322E+01,3.04322E+01,3.04322E+01,3.04322E+01,3.04322E+01,3.04322E+01,3.04322E+01,3.04322E+01,3.04322E+01,1.37829E+00,4.38686E+00,3.53948E+00,3.04322E+01,3.04322E+01,3.04322E+01 
#t = 3.948E+03
3.04322E+01,3.04322E+01,3.04322E+01,3.04322E+01,3.04322E+01,3.04322E+01,3.04322E+01,1.55120E+01,3.04322E+01,3.04322E+01,3.04322E+01,3.04322E+01,3.04322E+01,2.91058E+00,3.04322E+01,1.55120E+01,3.04322E+01,1.13111E+00,3.04322E+01 
#t = 3.990E+03
3.04322E+01,9.86464E+00,3.04322E+01,3.04322E+01,3.04322E+01,3.04322E+01,3.04322E+01,3.04322E+01,1.26384E+01,3.04322E+01,3.04322E+01,3.04322E+01,5.57899E+00,3.04322E+01,3.04322E+01,3.04322E+01,3.04322E+01,3.04322E+01,3.04322E+01,3.04322E+01,3.04322E+01,8.09123E+00,3.04322E+01 
#t = 4.032E+03
3.04322E+01,3.04322E+01,3.04322E+01,3.04322E+01,3.04322E+01,3.04322E+01,3.04322E+01,3.04322E+01,3.04322E+01,1.32161E+01,3.04322E+01,3.04322E+01,3.04322E+01,3.04322E+01,3.04322E+01,3.04322E+01,3.04322E+01,3.04322E+01,3.04322E+01,3.04322E+01,1.32161E+01,3.04322E+01,3.04322E+01,3.04322E+01,3.04322E+01,3.04322E+01,3.04322E+01,3.04322E+01,3.04322E+01,3.04322E+01,3.04322E+01,3.04322E+01,3.04322E+01,3.04322E+01,3.04322E+01,3.04322E+01,3.04322E+01,3.04322E+01 
#t = 4.074E+03
3.04322E+01,3.04322E+01,3.04322E+01,3.04322E+01,3.04322E+01,3.04322E+01,3.04322E+01,3.04322E+01,1.32161E+01,3.04322E+01,3.04322E+01,3.04322E+01,3.04322E+01,3.04322E+01,3.04322E+01,3.04322E+01,3.04322E+01,3.04322E+01,3.04322E+01,3.04322E+01,3.04322E+01,3.04322E+01,3.04322E+01,3.04322E+01,1.32161E+01,3.04322E+01,3.04322E+01,3.04322E+01,3.04322E+01 
#t = 4.116E+03
3.04322E+01,3.04322E+01,3.04322E+01,3.04322E+01,3.04322E+01,3.04322E+01,3.04322E+01,3.04322E+01,3.04322E+01,3.04322E+01,3.04322E+01,3.04322E+01,3.04322E+01,3.04322E+01,3.04322E+01,3.04322E+01,3.04322E+01,3.04322E+01,3.04322E+01,3.04322E+01,3.04322E+01,3.04322E+01,3.04322E+01,3.04322E+01,3.04322E+01,3.04322E+01,3.04322E+01,3.04322E+01,3.04322E+01,1.95811E+01 
#t = 4.158E+03
3.04322E+01,3.04322E+01,1.03193E+01,3.04322E+01,3.04322E+01,3.04322E+01,3.04322E+01,3.04322E+01,3.04322E+01,3.04322E+01,3.04322E+01,3.04322E+01,3.04322E+01,3.04322E+01,3.04322E+01,3.04322E+01,3.04322E+01,3.04322E+01,3.04322E+01,3.04322E+01,3.04322E+01,3.04322E+01,3.04322E+01,3.04322E+01,3.04322E+01,3.04322E+01,1.20040E+00,3.04322E+01,3.04322E+01,3.04322E+01,3.04322E+01,3.04322E+01,3.04322E+01,3.04322E+01,1.28215E+00 
#t = 4.200E+03
3.04322E+01,3.04322E+01,3.04322E+01,3.04322E+01,3.04322E+01,3.04322E+01,1.41939E+01,3.04322E+01,3.04322E+01,3.04322E+01,3.04322E+01,3.04322E+01,3.04322E+01,3.04322E+01,3.04322E+01,3.04322E+01,3.04322E+01,3.04322E+01,3.25165E+01,3.04322E+01,3.04322E+01,3.04322E+01,3.04322E+01,1.41939E+01,3.04322E+01,3.04322E+01,3.04322E+01,3.04322E+01,3.04322E+01,3.04322E+01 
