#t = 0.000E+00
9.00197E-01,9.42288E-01,3.04242E+00,1.03732E+01,3.53949E+00 
#t = 4.200E+01
3.50484E+01,3.50484E+01,3.50484E+01,6.54968E-01 
#t = 8.400E+01
3.50484E+01,3.50484E+01,3.50484E+01,3.50484E+01,3.50484E+01,3.50484E+01,3.50484E+01,3.50484E+01,3.50484E+01,3.50484E+01,3.50484E+01,3.50484E+01,3.50484E+01,3.50484E+01,6.32760E+00,3.50484E+01,3.50484E+01,3.50484E+01,3.50484E+01,3.50484E+01,3.50484E+01,3.50484E+01,1.52259E+01,3.50484E+01,3.50484E+01,3.50484E+01,3.50484E+01,3.50484E+01,3.50484E+01,3.50484E+01,3.50484E+01 
#t = 1.260E+02
3.50484E+01,3.50484E+01,3.50484E+01,3.50484E+01,3.50484E+01,3.50484E+01,3.50484E+01,3.50484E+01,3.50484E+01,1.32603E+01,3.50484E+01,3.50484E+01,3.50484E+01,3.50484E+01,3.50484E+01,7.26135E-01,3.50484E+01,6.11106E+00,3.50484E+01,3.50484E+01,3.50484E+01,3.50484E+01,3.50484E+01,1.04854E+01,3.50484E+01,3.50484E+01,1.37178E+00,3.50484E+01,1.35012E+00,3.50484E+01,6.39192E-01 
#t = 1.680E+02
3.50484E+01,3.50484E+01,3.50484E+01,3.50484E+01,3.50484E+01,3.50484E+01,3.50484E+01,3.50484E+01,1.20577E+01,3.50484E+01,3.50484E+01,3.50484E+01,3.50484E+01,3.50484E+01,3.50484E+01,3.50484E+01,3.50484E+01,3.50484E+01,1.20577E+01,3.50484E+01,3.50484E+01,3.50484E+01,3.50484E+01,3.50484E+01,3.50484E+01,3.50484E+01,3.50484E+01,3.50484E+01,3.50484E+01,3.50484E+01,1.20577E+01,3.50484E+01,3.50484E+01,3.50484E+01,3.50484E+01,3.50484E+01,9.87991E-01,3.50484E+01,3.50484E+01,6.92570E-01 
#t = 2.100E+02
3.50484E+01,3.50484E+01,3.50484E+01,3.50484E+01,3.50484E+01,3.50484E+01,3.50484E+01,3.50484E+01,3.50484E+01,1.00005E+01,3.50484E+01,3.50484E+01,3.50484E+01,3.50484E+01,3.50484E+01,3.50484E+01,3.50484E+01,3.50484E+01,3.50484E+01,3.50484E+01,3.50484E+01,5.92261E+01,3.50484E+01,3.50484E+01,3.50484E+01,3.50484E+01,1.27899E+01,3.50484E+01,3.50484E+01,3.50484E+01,5.92261E+01,1.27899E+01,5.88668E-01,3.50484E+01,3.50484E+01,1.18133E+00,3.50484E+01,3.50484E+01,6.16872E+00 
#t = 2.520E+02
3.50484E+01,5.92261E+01,3.50484E+01,3.50484E+01,3.50484E+01,3.50484E+01,3.50484E+01,5.92261E+01,3.50484E+01,3.50484E+01,3.50484E+01,3.50484E+01,3.50484E+01,3.50484E+01,5.92261E+01,5.92261E+01,5.92261E+01,3.50484E+01,5.92261E+01,2.12008E+00,3.50484E+01,3.50484E+01,5.92261E+01,5.92261E+01,3.50484E+01,5.92261E+01,3.50484E+01,3.50484E+01,3.50484E+01,9.96224E-01,5.92261E+01,3.50484E+01,5.92261E+01,3.50484E+01,5.92261E+01,3.50484E+01,3.50484E+01,3.50484E+01,5.92261E+01 
#t = 2.940E+02
3.50484E+01,3.50484E+01,3.50484E+01,3.50484E+01,5.92261E+01,5.92261E+01,5.92261E+01,5.92261E+01,5.92261E+01,3.50484E+01,5.92261E+01,3.50484E+01,3.50484E+01,3.50484E+01,3.50484E+01,3.50484E+01,3.50484E+01,3.50484E+01,5.92261E+01,3.50484E+01,3.50484E+01,5.92261E+01,3.50484E+01,3.50484E+01,1.39068E+01,3.50484E+01,3.50484E+01,3.50484E+01,5.92261E+01,5.92261E+01,3.50484E+01,3.50484E+01,3.50484E+01,3.50484E+01,5.84286E+00,3.50484E+01,3.50484E+01,5.27378E+00,3.50484E+01,5.01829E+00,3.50484E+01,5.92261E+01,3.50484E+01,5.92261E+01,3.50484E+01,3.50484E+01 
#t = 3.360E+02
3.50484E+01,5.92261E+01,3.50484E+01,5.92261E+01,3.50484E+01,5.92261E+01,5.92261E+01,5.92261E+01,3.50484E+01,5.92261E+01,3.50484E+01,5.92261E+01,5.92261E+01,5.92261E+01,5.92261E+01,5.92261E+01,5.92261E+01,3.50484E+01,5.92261E+01,3.50484E+01,3.50484E+01,5.92261E+01,5.92261E+01,5.92261E+01,5.92261E+01,3.50484E+01,5.92261E+01,3.50484E+01,5.92261E+01,5.92261E+01,5.92261E+01,5.92261E+01,2.22787E+00,3.50484E+01,4.73920E+00,5.92261E+01,5.92261E+01,3.50484E+01 
#t = 3.780E+02
3.50484E+01,5.92261E+01,5.92261E+01,5.92261E+01,5.92261E+01,5.92261E+01,5.92261E+01,3.50484E+01,3.50484E+01,5.92261E+01,3.50484E+01,2.91782E+01,5.92261E+01,5.92261E+01,3.50484E+01,5.92261E+01,3.50484E+01,5.92261E+01,5.92261E+01,3.50484E+01,3.50484E+01,5.92261E+01,5.92261E+01,5.92261E+01,5.92261E+01,5.92261E+01,3.50484E+01,3.50484E+01,5.92261E+01,5.92261E+01,5.96128E+00,5.92261E+01,5.92261E+01,5.92261E+01,5.92261E+01,5.92261E+01,5.92261E+01,5.92261E+01 
#t = 4.200E+02
5.92261E+01,3.50484E+01,3.50484E+01,5.92261E+01,5.92261E+01,5.92261E+01,5.92261E+01,5.92261E+01,5.92261E+01,3.50484E+01,5.92261E+01,5.92261E+01,5.92261E+01,5.92261E+01,5.92261E+01,5.92261E+01,5.92261E+01,5.92261E+01,5.92261E+01,5.92261E+01,5.92261E+01,3.50484E+01,3.50484E+01,3.50484E+01,5.92261E+01,5.92261E+01,5.92261E+01,5.92261E+01,5.92261E+01,5.92261E+01,3.02382E+00,5.92261E+01,5.92261E+01,5.92261E+01,5.92261E+01,5.92261E+01,5.92261E+01,9.91367E+00,5.92261E+01,3.50484E+01,2.43195E+00,3.50484E+01,5.92261E+01,3.04382E+00,7.03619E+00,1.11776E+01,9.92652E-01,5.92261E+01 
#t = 4.620E+02
5.92261E+01,5.92261E+01,5.92261E+01,3.50484E+01,5.92261E+01,5.92261E+01,3.50484E+01,5.92261E+01,5.92261E+01,5.92261E+01,5.92261E+01,5.92261E+01,5.92261E+01,5.92261E+01,5.92261E+01,5.92261E+01,5.92261E+01,5.92261E+01,5.92261E+01,5.92261E+01,6.43788E+00,5.92261E+01,5.92261E+01,5.92261E+01,5.92261E+01,5.92261E+01,5.92261E+01,5.92261E+01,3.50484E+01,5.92261E+01,5.92261E+01,5.92261E+01,9.93397E-01,5.92261E+01,5.17729E-01,5.92261E+01,5.92261E+01,5.92261E+01,3.49306E+00,5.92261E+01,4.52229E+00 
#t = 5.040E+02
5.92261E+01,5.92261E+01,5.92261E+01,5.92261E+01,5.92261E+01,5.92261E+01,5.92261E+01,5.92261E+01,5.92261E+01,5.92261E+01,5.92261E+01,5.92261E+01,5.92261E+01,5.92261E+01,5.92261E+01,5.92261E+01,5.92261E+01,1.62343E+01,5.92261E+01,5.92261E+01,3.98688E+00,5.92261E+01,5.92261E+01,5.92261E+01,1.14565E+00,5.92261E+01,5.92261E+01,5.92261E+01,5.92261E+01,6.90696E-01,5.92261E+01,5.92261E+01,5.92261E+01,5.92261E+01,5.92261E+01,5.92261E+01,5.92261E+01 
#t = 5.460E+02
5.92261E+01,5.92261E+01,1.08327E+01,5.92261E+01,5.92261E+01,1.62343E+01,1.08327E+01,5.92261E+01,5.92261E+01,5.92261E+01,5.92261E+01,5.92261E+01,5.92261E+01,5.92261E+01,5.92261E+01,5.92261E+01,5.92261E+01,1.08327E+01,1.18092E+01,5.92261E+01,5.92261E+01,5.92261E+01,5.92261E+01,5.92261E+01,5.59903E+00,5.92261E+01,3.04095E+00,3.97195E+00,2.88305E+00,5.92261E+01,5.92261E+01,5.92261E+01,5.92261E+01 
#t = 5.880E+02
5.92261E+01,5.92261E+01,5.92261E+01,5.92261E+01,5.92261E+01,5.92261E+01,5.92261E+01,5.92261E+01,5.92261E+01,7.79970E+00,5.92261E+01,5.92261E+01,5.92261E+01,5.92261E+01,5.92261E+01,5.92261E+01,5.92261E+01,5.92261E+01,5.92261E+01,5.92261E+01,5.92261E+01,5.92261E+01,5.92261E+01,5.92261E+01,5.92261E+01,5.92261E+01,5.92261E+01,5.92261E+01,5.92261E+01,3.84222E+00,4.45619E-01,5.92261E+01,5.92261E+01,5.92261E+01,1.37872E+00 
#t = 6.300E+02
5.92261E+01,5.92261E+01,5.92261E+01,5.92261E+01,5.92261E+01,5.92261E+01,5.92261E+01,5.92261E+01,5.92261E+01,5.92261E+01,5.92261E+01,5.92261E+01,5.92261E+01,5.92261E+01,5.92261E+01,5.92261E+01,5.92261E+01,5.92261E+01,5.92261E+01,5.92261E+01,5.92261E+01,5.92261E+01,5.92261E+01,5.92261E+01,5.92261E+01,5.92261E+01,5.92261E+01,5.92261E+01,5.92261E+01,5.92261E+01,5.92261E+01,5.92261E+01,5.21888E+00,5.92261E+01,5.92261E+01,6.09263E+00,5.92261E+01,5.92261E+01,5.92261E+01,5.92261E+01,5.92261E+01,5.92261E+01,1.12991E+00 
#t = 6.720E+02
5.92261E+01,5.92261E+01,5.92261E+01,5.92261E+01,5.92261E+01,5.92261E+01,5.92261E+01,5.92261E+01,5.92261E+01,5.92261E+01,5.92261E+01,5.92261E+01,5.92261E+01,5.92261E+01,5.92261E+01,5.92261E+01,5.92261E+01,1.30629E+01,5.92261E+01,5.92261E+01,5.92261E+01,3.37721E+00,5.92261E+01,5.92261E+01,5.92261E+01,5.92261E+01,5.92261E+01,2.20054E+00,5.92261E+01,3.71295E+00,8.63023E-01,1.30629E+01,5.92261E+01,1.30629E+01,1.30629E+01,9.36944E-01,5.92261E+01,5.92261E+01,4.92997E-01 
#t = 7.140E+02
1.30629E+01,5.92261E+01,5.92261E+01,5.92261E+01,5.92261E+01,5.92261E+01,1.30629E+01,5.92261E+01,5.92261E+01,5.92261E+01,5.92261E+01,5.92261E+01,5.92261E+01,5.92261E+01,5.92261E+01,6.31066E+00,5.92261E+01,5.92261E+01,5.92261E+01,5.92261E+01,5.92261E+01,5.92261E+01,1.47137E+01,5.92261E+01,5.92261E+01,5.92261E+01,5.92261E+01,1.89825E+00,1.19384E+01,5.92261E+01,5.92261E+01,5.92261E+01,5.92261E+01,5.92261E+01,5.92261E+01,5.92261E+01 
#t = 7.560E+02
1.47137E+01,5.92261E+01,5.92261E+01,5.92261E+01,2.51197E+01,5.92261E+01,5.92261E+01,5.92261E+01,5.92261E+01,5.92261E+01,1.47137E+01,5.92261E+01,1.47137E+01,5.92261E+01,2.51197E+01,2.51197E+01,5.92261E+01,5.92261E+01,1.30629E+01,5.92261E+01,5.92261E+01,5.92261E+01,2.51197E+01,1.30629E+01,2.51197E+01,5.92261E+01,1.30629E+01,5.92261E+01,5.92261E+01,1.30629E+01,1.47137E+01,1.30629E+01,2.51197E+01,3.03540E+01,1.91076E+00,5.92261E+01,5.92261E+01,5.92261E+01,2.51197E+01 
#t = 7.980E+02
5.92261E+01,5.92261E+01,5.92261E+01,5.92261E+01,5.92261E+01,5.92261E+01,1.47137E+01,5.92261E+01,5.92261E+01,5.92261E+01,5.92261E+01,1.81137E+01,1.81137E+01,5.92261E+01,5.92261E+01,5.92261E+01,5.92261E+01,5.92261E+01,4.37083E+00,5.92261E+01,1.81137E+01,5.92261E+01,5.92261E+01,5.92261E+01,1.81137E+01,5.92261E+01,1.81137E+01,5.92261E+01,1.52436E+00,5.92261E+01,1.81137E+01,5.92261E+01,1.81137E+01,5.92261E+01 
#t = 8.400E+02
5.92261E+01,5.92261E+01,5.92261E+01,5.92261E+01,5.92261E+01,5.92261E+01,5.92261E+01,5.92261E+01,5.92261E+01,5.92261E+01,5.92261E+01,1.81137E+01,5.92261E+01,5.92261E+01,5.92261E+01,5.92261E+01,5.92261E+01,5.92261E+01,5.92261E+01,5.92261E+01,5.92261E+01,5.92261E+01,5.92261E+01,5.92261E+01,5.92261E+01,5.92261E+01,5.92261E+01,5.92261E+01,5.92261E+01,4.31248E-01,5.92261E+01,5.92261E+01,4.82757E+00,5.92261E+01,5.92261E+01,5.92261E+01,5.92261E+01,5.92261E+01,5.92261E+01,5.92261E+01,1.38745E+00,5.92261E+01 
#t = 8.820E+02
5.92261E+01,5.92261E+01,5.92261E+01,5.92261E+01,5.92261E+01,1.38041E+01,5.92261E+01,5.92261E+01,5.92261E+01,5.92261E+01,5.92261E+01,5.92261E+01,5.92261E+01,5.92261E+01,1.38041E+01,5.92261E+01,5.92261E+01,5.92261E+01,5.92261E+01,5.92261E+01,5.92261E+01,5.92261E+01,5.92261E+01,1.08293E+01,5.92261E+01,5.92261E+01,5.92261E+01,4.03245E-01 
#t = 9.240E+02
5.92261E+01,5.92261E+01,1.08293E+01,5.92261E+01,5.92261E+01,5.92261E+01,5.92261E+01,5.92261E+01,5.92261E+01,5.92261E+01,5.92261E+01,5.92261E+01,5.92261E+01,5.92261E+01,5.92261E+01,5.92261E+01,5.92261E+01,5.92261E+01,5.92261E+01,5.92261E+01,5.92261E+01,5.92261E+01,5.92261E+01,5.92261E+01,5.92261E+01,5.92261E+01,3.40829E+00,5.92261E+01,5.92261E+01,5.92261E+01,5.92261E+01,5.92261E+01,5.92261E+01,5.92261E+01,5.92261E+01,5.92261E+01,5.92261E+01,5.92261E+01,5.92261E+01,5.92261E+01,5.92261E+01,5.92261E+01,5.92261E+01,6.39060E-01 
#t = 9.660E+02
5.92261E+01,5.92261E+01,5.92261E+01,5.92261E+01,5.92261E+01,5.92261E+01,5.92261E+01,5.92261E+01,1.34381E+01,5.92261E+01,5.92261E+01,5.92261E+01,5.92261E+01,5.92261E+01,5.92261E+01,1.34381E+01,5.92261E+01,5.92261E+01,5.92261E+01,5.92261E+01,5.92261E+01,5.92261E+01,5.92261E+01,9.00944E+00,5.92261E+01,5.92261E+01,5.92261E+01,5.92261E+01,5.92261E+01,5.92261E+01,5.92261E+01,5.92261E+01,5.92261E+01,5.92261E+01,8.77652E-01,1.34381E+01,5.92261E+01,5.92261E+01,5.92261E+01,5.92261E+01,5.92261E+01,5.92261E+01,3.19422E+00 
#t = 1.008E+03
5.92261E+01,5.92261E+01,5.92261E+01,5.92261E+01,5.92261E+01,5.92261E+01,5.92261E+01,5.92261E+01,5.92261E+01,5.92261E+01,5.92261E+01,5.92261E+01,5.92261E+01,5.92261E+01,5.92261E+01,5.92261E+01,1.06855E+01,5.92261E+01,5.92261E+01,5.92261E+01,5.04708E+00,5.92261E+01,5.92261E+01,5.92261E+01,5.92261E+01,5.92261E+01,5.92261E+01,1.34381E+01,1.34381E+01,1.34381E+01,5.92261E+01,5.92261E+01,5.92261E+01,5.92261E+01,5.92261E+01,5.92261E+01,7.49387E+00,5.92261E+01,5.92261E+01,4.20687E+00,1.67326E+00,5.92261E+01,5.78555E+00 
#t = 1.050E+03
5.92261E+01,5.92261E+01,5.92261E+01,5.92261E+01,5.92261E+01,5.92261E+01,5.92261E+01,5.92261E+01,5.92261E+01,5.92261E+01,5.92261E+01,5.92261E+01,5.92261E+01,5.92261E+01,5.92261E+01,5.92261E+01,5.92261E+01,2.12654E+01,5.92261E+01,5.92261E+01,9.80832E+00,5.92261E+01,5.92261E+01,5.92261E+01,5.92261E+01,5.92261E+01,5.92261E+01,5.92261E+01,5.92261E+01,5.92261E+01,5.92261E+01,5.92261E+01,5.92261E+01,5.92261E+01,5.92261E+01,3.55320E+00,2.12654E+01,5.92261E+01,5.92261E+01,5.92261E+01,5.92261E+01,1.92564E+00,5.92261E+01 
#t = 1.092E+03
5.92261E+01,5.92261E+01,2.12654E+01,5.92261E+01,5.92261E+01,5.92261E+01,5.92261E+01,5.92261E+01,5.92261E+01,5.92261E+01,5.92261E+01,5.92261E+01,5.92261E+01,5.92261E+01,5.92261E+01,5.92261E+01,5.92261E+01,5.92261E+01,5.92261E+01,1.06223E+01,5.92261E+01,5.92261E+01,5.92261E+01,5.92261E+01,5.92261E+01,5.92261E+01,5.92261E+01,5.92261E+01,5.92261E+01,3.83726E+00,5.92261E+01,5.92261E+01,5.92261E+01,5.92261E+01,5.92261E+01,5.92261E+01,5.92261E+01,5.92261E+01,5.92261E+01,5.92261E+01,5.92261E+01,5.92261E+01,6.47307E+00,5.92261E+01,6.27592E-01 
#t = 1.134E+03
5.92261E+01,5.92261E+01,5.92261E+01,5.92261E+01,5.92261E+01,5.92261E+01,5.92261E+01,5.92261E+01,5.92261E+01,5.92261E+01,5.92261E+01,5.92261E+01,5.92261E+01,5.92261E+01,5.92261E+01,5.92261E+01,5.92261E+01,1.26098E+01,5.92261E+01,5.92261E+01,5.92261E+01,1.26098E+01,5.92261E+01,5.92261E+01,5.92261E+01,5.92261E+01,5.92261E+01,8.48713E+00,2.23486E+00,5.92261E+01,5.92261E+01,3.58791E+00,5.92261E+01,5.92261E+01,5.92261E+01,5.92261E+01,5.92261E+01,5.92261E+01,5.92261E+01,5.92261E+01 
#t = 1.176E+03
5.92261E+01,5.92261E+01,5.92261E+01,5.92261E+01,5.92261E+01,5.92261E+01,5.92261E+01,5.92261E+01,5.92261E+01,5.92261E+01,5.92261E+01,5.92261E+01,5.92261E+01,5.92261E+01,5.92261E+01,5.92261E+01,5.92261E+01,5.92261E+01,5.92261E+01,5.92261E+01,5.92261E+01,5.92261E+01,5.92261E+01,3.22478E+01,5.92261E+01,5.92261E+01,5.92261E+01,5.92261E+01,5.92261E+01,5.92261E+01,5.92261E+01,5.92261E+01,5.92261E+01,3.22478E+01,5.92261E+01,5.92261E+01,5.92261E+01,5.92261E+01,5.92261E+01,5.92261E+01,8.33236E-01 
#t = 1.218E+03
5.92261E+01,5.92261E+01,5.92261E+01,5.92261E+01,5.92261E+01,5.92261E+01,5.92261E+01,5.92261E+01,5.92261E+01,5.92261E+01,1.68560E+01,5.92261E+01,5.92261E+01,5.92261E+01,5.92261E+01,5.92261E+01,5.92261E+01,5.92261E+01,5.92261E+01,5.92261E+01,5.92261E+01,3.02652E+00,5.92261E+01,5.92261E+01,5.92261E+01,5.92261E+01,5.92261E+01,5.92261E+01,5.92261E+01,5.92261E+01,5.92261E+01,5.92261E+01,5.92261E+01,5.92261E+01,5.92261E+01,5.92261E+01,5.92261E+01,5.92261E+01,5.92261E+01,5.92261E+01,5.92261E+01,5.92261E+01,5.92261E+01,5.92261E+01,5.92261E+01 
#t = 1.260E+03
5.92261E+01,5.92261E+01,5.92261E+01,5.92261E+01,5.92261E+01,5.92261E+01,5.92261E+01,5.92261E+01,5.92261E+01,5.92261E+01,5.92261E+01,5.92261E+01,5.92261E+01,5.92261E+01,5.92261E+01,5.92261E+01,5.92261E+01,5.92261E+01,5.92261E+01,5.92261E+01,5.92261E+01,5.92261E+01,5.92261E+01,5.92261E+01,5.92261E+01,5.92261E+01,5.92261E+01,5.92261E+01,5.92261E+01,5.92261E+01,4.28693E-01,5.92261E+01,5.92261E+01,5.92261E+01,5.92261E+01,5.92261E+01,5.92261E+01,5.92261E+01 
#t = 1.302E+03
5.92261E+01,5.92261E+01,5.92261E+01,5.92261E+01,5.92261E+01,5.92261E+01,5.92261E+01,5.92261E+01,5.92261E+01,5.92261E+01,5.92261E+01,5.92261E+01,5.92261E+01,5.92261E+01,5.92261E+01,5.92261E+01,5.92261E+01,5.92261E+01,5.92261E+01,5.92261E+01,5.92261E+01,5.92261E+01,5.92261E+01,5.92261E+01,5.92261E+01,5.92261E+01,5.92261E+01,1.53772E+00,5.92261E+01,5.92261E+01,5.92261E+01,5.92261E+01,5.92261E+01,1.79455E+00,5.92261E+01,5.92261E+01 
#t = 1.344E+03
5.92261E+01,5.92261E+01,5.92261E+01,5.92261E+01,5.92261E+01,5.92261E+01,5.92261E+01,5.92261E+01,5.92261E+01,5.92261E+01,5.92261E+01,5.92261E+01,5.92261E+01,5.92261E+01,5.92261E+01,5.92261E+01,5.92261E+01,5.92261E+01,5.92261E+01,5.92261E+01,5.92261E+01,5.92261E+01,5.92261E+01,5.64910E+00,5.92261E+01,5.92261E+01,5.92261E+01,5.92261E+01,5.92261E+01,5.92261E+01,5.92261E+01,5.92261E+01,5.92261E+01,5.92261E+01,5.92261E+01,5.92261E+01,5.92261E+01,5.92261E+01,5.92261E+01 
#t = 1.386E+03
5.92261E+01,5.92261E+01,5.92261E+01,5.92261E+01,5.92261E+01,5.92261E+01,5.92261E+01,5.92261E+01,5.92261E+01,5.92261E+01,5.92261E+01,5.92261E+01,5.92261E+01,5.92261E+01,5.92261E+01,5.92261E+01,5.92261E+01,5.92261E+01,5.92261E+01,5.92261E+01,5.92261E+01,5.92261E+01,5.92261E+01,5.92261E+01,1.65675E+00,5.92261E+01,1.37767E+01,5.92261E+01,1.58645E+00,5.92261E+01,5.92261E+01,5.92261E+01,5.92261E+01 
#t = 1.428E+03
5.92261E+01,5.92261E+01,5.92261E+01,5.92261E+01,5.92261E+01,5.92261E+01,5.92261E+01,5.92261E+01,5.92261E+01,5.92261E+01,5.92261E+01,5.92261E+01,5.92261E+01,5.92261E+01,5.92261E+01,5.92261E+01,5.92261E+01,5.92261E+01,5.92261E+01,5.92261E+01,5.92261E+01,5.92261E+01,5.92261E+01,5.92261E+01,5.92261E+01,5.92261E+01,5.92261E+01,5.92261E+01,5.92261E+01,5.92261E+01,5.92261E+01,5.92261E+01,2.54579E+00 
#t = 1.470E+03
5.92261E+01,5.92261E+01,5.92261E+01,5.92261E+01,5.92261E+01,5.92261E+01,5.92261E+01,5.92261E+01,5.92261E+01,5.92261E+01,8.99565E+00,5.92261E+01,5.92261E+01,5.92261E+01,5.92261E+01,5.92261E+01,5.92261E+01,5.92261E+01,6.23601E+00,5.92261E+01,5.92261E+01,5.92261E+01,5.92261E+01,5.92261E+01,5.92261E+01,5.92261E+01,4.02485E+00,5.92261E+01,5.92261E+01,7.58703E-01,1.42199E+01 
#t = 1.512E+03
5.92261E+01,5.92261E+01,5.92261E+01,5.92261E+01,2.35829E+01,5.92261E+01,5.92261E+01,5.92261E+01,5.92261E+01,5.92261E+01,5.92261E+01,5.92261E+01,5.92261E+01,5.92261E+01,5.92261E+01,5.92261E+01,5.92261E+01,5.92261E+01,5.92261E+01,5.92261E+01,5.92261E+01,4.72936E+00,5.92261E+01,5.92261E+01,5.92261E+01,5.92261E+01,5.92261E+01,5.92261E+01,5.92261E+01,5.92261E+01,5.92261E+01,5.92261E+01,5.92261E+01,5.92261E+01,5.92261E+01,5.92261E+01 
#t = 1.554E+03
5.92261E+01,5.92261E+01,5.92261E+01,5.92261E+01,5.92261E+01,5.92261E+01,5.92261E+01,5.92261E+01,5.92261E+01,5.92261E+01,5.92261E+01,5.92261E+01,5.92261E+01,5.92261E+01,5.92261E+01,5.92261E+01,5.92261E+01,5.92261E+01,5.92261E+01,5.92261E+01,5.92261E+01,5.92261E+01,5.92261E+01,5.92261E+01,5.92261E+01,5.92261E+01,5.92261E+01,5.92261E+01,5.92261E+01,5.92261E+01,5.92261E+01,5.92261E+01,3.81169E+00,5.92261E+01,5.92261E+01,5.92261E+01,5.92261E+01,5.92261E+01,5.92261E+01,5.92261E+01,5.92261E+01,5.92261E+01,1.43585E+00,5.92261E+01,5.92261E+01,5.92261E+01,5.92261E+01,5.92261E+01,5.92261E+01,5.92261E+01,5.92261E+01,3.53848E+00 
#t = 1.596E+03
5.92261E+01,5.92261E+01,5.92261E+01,5.92261E+01,5.92261E+01,5.92261E+01,5.92261E+01,5.92261E+01,5.92261E+01,5.92261E+01,5.92261E+01,5.92261E+01,5.92261E+01,5.92261E+01,5.92261E+01,5.92261E+01,5.92261E+01,5.92261E+01,5.92261E+01,5.92261E+01,5.92261E+01,5.92261E+01,4.25500E+00,5.92261E+01,5.92261E+01,5.92261E+01,5.92261E+01,5.92261E+01,5.92261E+01,5.92261E+01,5.92261E+01,5.92261E+01,5.92261E+01,5.92261E+01,5.92261E+01,5.92261E+01,5.92261E+01,5.92261E+01,2.53110E-01 
#t = 1.638E+03
5.92261E+01,5.92261E+01,5.92261E+01,5.92261E+01,5.92261E+01,5.92261E+01,5.92261E+01,5.92261E+01,5.92261E+01,5.92261E+01,5.92261E+01,5.92261E+01,5.92261E+01,1.77944E+01,5.92261E+01,5.92261E+01,4.69447E+00,5.92261E+01,5.92261E+01,5.92261E+01,5.92261E+01,5.92261E+01,5.92261E+01,5.92261E+01,1.47343E+01,5.92261E+01,1.47343E+01,5.92261E+01,5.92261E+01,5.92261E+01,5.92261E+01,6.48815E-01,5.92261E+01,1.86969E+00,8.53233E+00,5.92261E+01,5.92261E+01,5.92261E+01,5.92261E+01,5.92261E+01,5.92261E+01,5.92261E+01,5.92261E+01,5.92261E+01,5.92261E+01 
#t = 1.680E+03
5.92261E+01,5.92261E+01,5.92261E+01,5.92261E+01,5.92261E+01,5.92261E+01,5.92261E+01,5.92261E+01,6.18176E+00,9.07972E+00,1.78506E+01,5.92261E+01,5.92261E+01,5.92261E+01,5.92261E+01,5.92261E+01,5.92261E+01,5.92261E+01,5.92261E+01,5.92261E+01,5.92261E+01,5.92261E+01,5.92261E+01,5.92261E+01,5.92261E+01,5.92261E+01,5.92261E+01,5.92261E+01,5.92261E+01,5.92261E+01,5.92261E+01,5.92261E+01,5.92261E+01,5.92261E+01,5.92261E+01,5.92261E+01,5.92261E+01,5.92261E+01,5.92261E+01,5.92261E+01,5.92261E+01,5.92261E+01,9.09278E-01,5.92261E+01,5.92261E+01,5.92261E+01,5.92261E+01,5.92261E+01,5.92261E+01,5.92261E+01,1.78506E+01,8.46416E-01 
#t = 1.722E+03
5.92261E+01,5.92261E+01,5.92261E+01,5.92261E+01,5.92261E+01,5.92261E+01,5.92261E+01,5.92261E+01,5.92261E+01,5.92261E+01,5.92261E+01,5.92261E+01,5.92261E+01,5.92261E+01,5.92261E+01,5.92261E+01,5.92261E+01,5.92261E+01,5.92261E+01,1.59038E+01,5.92261E+01,1.59038E+01,5.92261E+01,5.92261E+01,5.92261E+01,5.92261E+01,5.92261E+01,5.92261E+01,5.92261E+01,5.92261E+01,5.92261E+01,5.92261E+01,5.92261E+01,5.92261E+01,5.92261E+01,5.92261E+01,5.77608E+00,5.92261E+01,5.92261E+01,5.92261E+01,5.92261E+01,5.92261E+01,5.92261E+01,5.92261E+01,5.92261E+01,5.92261E+01,5.92261E+01,5.92261E+01,8.68309E+00 
#t = 1.764E+03
5.92261E+01,5.92261E+01,5.92261E+01,5.92261E+01,5.92261E+01,5.92261E+01,5.92261E+01,5.92261E+01,1.59038E+01,5.92261E+01,5.92261E+01,5.92261E+01,5.92261E+01,5.92261E+01,5.92261E+01,5.92261E+01,5.92261E+01,5.92261E+01,5.92261E+01,5.92261E+01,5.07113E+01,5.92261E+01,5.92261E+01,5.92261E+01,5.92261E+01,5.92261E+01,5.92261E+01,5.92261E+01,5.92261E+01,5.92261E+01,5.92261E+01,5.92261E+01,5.92261E+01,5.92261E+01,5.92261E+01,5.92261E+01,5.92261E+01,5.92261E+01,5.07072E+00,5.92261E+01,5.92261E+01,5.92261E+01,5.92261E+01,5.92261E+01 
#t = 1.806E+03
5.92261E+01,5.92261E+01,5.92261E+01,5.92261E+01,5.92261E+01,5.92261E+01,5.92261E+01,5.92261E+01,5.92261E+01,5.92261E+01,5.92261E+01,5.92261E+01,5.92261E+01,5.92261E+01,5.92261E+01,5.92261E+01,5.92261E+01,5.92261E+01,5.92261E+01,5.92261E+01,5.92261E+01,5.92261E+01,5.92261E+01,5.92261E+01,5.92261E+01,5.92261E+01,5.92261E+01,5.92261E+01,5.92261E+01,5.92261E+01,5.92261E+01,5.92261E+01,5.92261E+01,5.92261E+01,5.92261E+01,5.92261E+01,5.92261E+01,5.92261E+01,5.92261E+01,5.92261E+01,5.92261E+01,5.92261E+01,5.92261E+01,5.92261E+01,5.92261E+01,2.50664E+00,5.92261E+01,5.92261E+01,5.92261E+01,5.92261E+01,5.92261E+01,5.92261E+01,5.92261E+01,5.92261E+01,5.92261E+01,2.39560E+00,5.92261E+01,5.92261E+01,5.92261E+01,5.92261E+01,5.92261E+01,5.92261E+01 
#t = 1.848E+03
5.92261E+01,5.92261E+01,5.92261E+01,5.92261E+01,5.92261E+01,5.92261E+01,5.92261E+01,5.92261E+01,5.92261E+01,5.92261E+01,5.92261E+01,5.92261E+01,5.92261E+01,5.92261E+01,5.92261E+01,5.92261E+01,5.92261E+01,5.92261E+01,5.92261E+01,5.92261E+01,5.92261E+01,1.65947E+01,5.92261E+01,5.92261E+01,5.92261E+01,5.92261E+01,5.92261E+01,5.92261E+01,5.92261E+01,5.92261E+01,5.92261E+01,5.92261E+01,5.92261E+01,5.92261E+01,2.17590E+00,5.92261E+01,5.92261E+01,5.92261E+01,5.92261E+01,5.92261E+01,5.92261E+01,5.92261E+01,5.92261E+01,1.10935E+00,2.01149E+00 
#t = 1.890E+03
5.92261E+01,5.92261E+01,5.92261E+01,5.92261E+01,5.92261E+01,5.92261E+01,5.92261E+01,5.92261E+01,5.92261E+01,5.92261E+01,5.92261E+01,5.92261E+01,5.92261E+01,5.92261E+01,5.92261E+01,5.92261E+01,5.92261E+01,5.92261E+01,5.92261E+01,5.92261E+01,5.92261E+01,5.92261E+01,5.92261E+01,5.92261E+01,5.92261E+01,5.92261E+01,5.92261E+01,5.92261E+01,5.92261E+01,5.92261E+01,5.92261E+01,5.92261E+01,5.92261E+01,5.92261E+01,5.92261E+01,5.92261E+01,5.92261E+01,5.92261E+01,1.37103E+01,5.92261E+01,5.92261E+01,3.45025E+00 
#t = 1.932E+03
5.92261E+01,5.92261E+01,5.92261E+01,5.92261E+01,1.79726E+01,5.92261E+01,5.92261E+01,5.92261E+01,5.92261E+01,5.92261E+01,5.92261E+01,5.92261E+01,1.27800E+01,5.92261E+01,5.92261E+01,5.92261E+01,5.92261E+01,5.92261E+01,5.92261E+01,9.09272E+00,5.92261E+01,5.92261E+01,5.92261E+01,5.92261E+01,5.92261E+01,5.92261E+01,5.92261E+01,1.27800E+01,1.27800E+01,1.27800E+01,5.92261E+01,5.92261E+01,5.92261E+01,5.92261E+01,1.56662E+00,5.92261E+01,1.27800E+01,5.92261E+01,5.92261E+01,6.96160E+00,1.27800E+01 
#t = 1.974E+03
5.92261E+01,1.27800E+01,5.92261E+01,5.92261E+01,5.92261E+01,5.92261E+01,5.92261E+01,5.92261E+01,5.92261E+01,5.92261E+01,5.92261E+01,5.92261E+01,5.92261E+01,1.27987E+01,5.92261E+01,5.92261E+01,5.92261E+01,5.92261E+01,5.92261E+01,5.92261E+01,5.92261E+01,5.92261E+01,5.92261E+01,5.92261E+01,5.92261E+01,5.92261E+01,5.92261E+01,5.92261E+01,5.92261E+01,5.92261E+01,5.92261E+01,5.92261E+01,5.92261E+01 
#t = 2.016E+03
5.92261E+01,5.92261E+01,5.92261E+01,5.92261E+01,5.92261E+01,5.92261E+01,5.92261E+01,5.92261E+01,5.92261E+01,5.92261E+01,5.92261E+01,5.92261E+01,5.92261E+01,5.92261E+01,5.92261E+01,5.92261E+01,5.92261E+01,5.92261E+01,5.92261E+01,5.92261E+01,5.92261E+01,5.92261E+01,5.92261E+01,5.92261E+01,5.92261E+01,5.92261E+01,5.92261E+01,5.92261E+01,5.92261E+01,5.92261E+01,5.92261E+01,5.92261E+01,5.92261E+01,5.92261E+01,5.92261E+01,5.92261E+01,5.92261E+01,5.92261E+01,3.65781E+00,5.92261E+01,5.92261E+01,5.92261E+01,5.92261E+01,5.92261E+01,5.92261E+01,5.92261E+01,5.92261E+01,2.24598E-01,5.92261E+01 
#t = 2.058E+03
5.92261E+01,5.92261E+01,5.92261E+01,5.92261E+01,5.92261E+01,5.92261E+01,5.92261E+01,5.92261E+01,5.92261E+01,5.92261E+01,5.92261E+01,5.92261E+01,5.92261E+01,5.92261E+01,5.92261E+01,5.92261E+01,5.92261E+01,5.92261E+01,5.92261E+01,5.92261E+01,5.92261E+01,5.92261E+01,5.92261E+01,5.92261E+01,1.13193E+00,5.92261E+01,5.92261E+01,2.60023E+00,5.92261E+01,2.92596E+00,5.92261E+01,5.92261E+01,5.92261E+01,5.92261E+01,5.92261E+01,5.92261E+01,1.08255E+00 
#t = 2.100E+03
5.92261E+01,5.92261E+01,5.92261E+01,5.92261E+01,5.92261E+01,5.92261E+01,5.92261E+01,1.02263E+01,5.92261E+01,5.92261E+01,5.92261E+01,5.92261E+01,5.92261E+01,5.92261E+01,5.92261E+01,5.92261E+01,5.92261E+01,5.92261E+01,5.92261E+01,5.92261E+01,5.92261E+01,5.92261E+01,5.92261E+01,5.92261E+01,5.92261E+01,1.65243E+01,5.92261E+01,5.92261E+01,5.92261E+01,5.92261E+01,5.92261E+01,5.92261E+01,5.92261E+01,5.92261E+01,5.92261E+01,5.92261E+01,5.92261E+01,7.81865E+00,5.92261E+01,5.92261E+01,5.92261E+01,5.92261E+01,6.07260E-01,5.92261E+01,9.73124E+00,5.92261E+01,5.92261E+01 
#t = 2.142E+03
5.92261E+01,5.92261E+01,5.92261E+01,5.92261E+01,5.92261E+01,1.35771E+01,5.92261E+01,5.92261E+01,5.92261E+01,5.92261E+01,5.92261E+01,5.92261E+01,5.92261E+01,5.92261E+01,5.92261E+01,5.92261E+01,5.92261E+01,5.92261E+01,5.92261E+01,5.92261E+01,5.92261E+01,5.92261E+01,5.92261E+01,5.92261E+01,5.92261E+01,1.35771E+01,5.76067E+00,5.92261E+01,5.92261E+01,1.54184E+00,5.92261E+01,5.92261E+01,5.92261E+01,5.92261E+01,5.92261E+01,1.17327E+01,5.92261E+01,5.66254E+01,5.92261E+01,5.92261E+01,5.92261E+01,5.92261E+01,4.45378E-01 
#t = 2.184E+03
1.35771E+01,5.92261E+01,5.92261E+01,5.92261E+01,1.17327E+01,5.92261E+01,5.92261E+01,5.92261E+01,5.92261E+01,5.92261E+01,5.92261E+01,5.92261E+01,2.35982E+01,5.92261E+01,5.92261E+01,1.67374E+01,1.17327E+01,5.92261E+01,5.92261E+01,5.92261E+01,2.35982E+01,5.92261E+01,5.92261E+01,5.92261E+01,5.92261E+01,5.92261E+01,1.35771E+01,5.92261E+01,5.92261E+01,1.35771E+01,1.17327E+01,1.35771E+01,5.92261E+01,1.67374E+01,5.92261E+01,5.92261E+01,5.92261E+01,5.92261E+01,5.92261E+01,1.12949E+00 
#t = 2.226E+03
5.92261E+01,5.92261E+01,1.35771E+01,5.92261E+01,5.92261E+01,5.92261E+01,5.92261E+01,5.92261E+01,5.92261E+01,5.92261E+01,5.92261E+01,5.92261E+01,5.92261E+01,5.92261E+01,5.92261E+01,5.92261E+01,5.92261E+01,5.92261E+01,5.92261E+01,5.92261E+01,5.92261E+01,5.92261E+01,5.92261E+01,5.92261E+01,5.92261E+01,5.92261E+01,5.92261E+01,5.92261E+01,5.92261E+01,1.35771E+01,5.92261E+01,5.92261E+01,1.35771E+01,5.92261E+01,5.92261E+01,5.92261E+01,5.92261E+01,5.92261E+01,5.92261E+01,5.80676E-01,5.92261E+01,5.92261E+01,1.35771E+01 
#t = 2.268E+03
5.92261E+01,5.92261E+01,5.92261E+01,5.92261E+01,5.92261E+01,5.92261E+01,5.92261E+01,5.92261E+01,1.35771E+01,5.92261E+01,5.92261E+01,5.92261E+01,5.92261E+01,5.92261E+01,5.92261E+01,5.92261E+01,5.92261E+01,5.92261E+01,5.92261E+01,5.92261E+01,5.92261E+01,5.92261E+01,5.92261E+01,5.92261E+01,5.92261E+01,5.92261E+01,5.92261E+01,5.92261E+01,1.44209E+00,5.92261E+01,5.92261E+01,5.92261E+01,7.02346E+00,5.92261E+01,2.37032E+00 
#t = 2.310E+03
5.92261E+01,5.92261E+01,5.92261E+01,5.92261E+01,5.92261E+01,5.92261E+01,5.92261E+01,5.92261E+01,5.92261E+01,5.92261E+01,5.92261E+01,5.92261E+01,5.92261E+01,5.92261E+01,5.92261E+01,5.92261E+01,5.92261E+01,5.92261E+01,5.92261E+01,5.92261E+01,5.92261E+01,5.92261E+01,5.92261E+01,5.92261E+01,5.92261E+01,5.92261E+01,5.92261E+01,5.92261E+01,5.92261E+01,5.92261E+01,5.92261E+01,5.92261E+01,5.92261E+01,5.92261E+01,5.92261E+01,5.92261E+01,5.92261E+01,5.92261E+01,5.92261E+01,5.92261E+01,5.05151E+00,5.92261E+01,5.92261E+01,5.92261E+01,5.92261E+01,5.92261E+01,5.92261E+01,5.92261E+01,5.92261E+01,5.07361E-01,5.92261E+01,7.46728E-02,5.92261E+01,5.92261E+01,5.92261E+01,5.92261E+01,1.68686E+00,5.92261E+01 
#t = 2.352E+03
5.92261E+01,5.92261E+01,5.92261E+01,5.92261E+01,5.75435E+00,5.92261E+01,5.92261E+01,5.92261E+01,5.92261E+01,5.92261E+01,5.92261E+01,5.92261E+01,5.92261E+01,5.92261E+01,1.12304E+01,5.92261E+01,5.92261E+01,5.92261E+01,5.92261E+01,5.92261E+01,5.92261E+01,4.85658E+00,5.92261E+01,5.92261E+01,5.92261E+01,5.92261E+01,5.92261E+01,5.92261E+01,5.92261E+01,5.92261E+01,5.92261E+01,5.92261E+01,5.92261E+01,1.93704E+00,5.92261E+01,1.66430E+00,1.40782E+01,3.16244E-01 
#t = 2.394E+03
5.92261E+01,5.92261E+01,1.48404E+01,5.92261E+01,5.92261E+01,5.92261E+01,5.92261E+01,5.92261E+01,5.92261E+01,1.40782E+01,1.40782E+01,5.92261E+01,5.92261E+01,1.40782E+01,5.92261E+01,5.92261E+01,5.92261E+01,5.92261E+01,5.92261E+01,1.40782E+01,5.92261E+01,5.92261E+01,5.92261E+01,5.92261E+01,5.92261E+01,5.92261E+01,5.92261E+01,5.92261E+01,5.92261E+01,5.92261E+01,5.92261E+01,1.40782E+01,5.92261E+01,5.92261E+01,5.82376E+00,5.92261E+01,5.92261E+01,5.92261E+01,1.40782E+01,5.92261E+01,5.92261E+01,5.92261E+01,5.92261E+01,5.92261E+01,2.83151E+00,5.92261E+01 
#t = 2.436E+03
5.92261E+01,5.92261E+01,5.92261E+01,5.92261E+01,5.92261E+01,5.92261E+01,5.92261E+01,5.92261E+01,5.92261E+01,5.92261E+01,5.92261E+01,5.92261E+01,5.92261E+01,5.92261E+01,5.92261E+01,5.92261E+01,5.92261E+01,5.92261E+01,5.92261E+01,5.92261E+01,5.92261E+01,5.92261E+01,5.92261E+01,5.92261E+01,5.92261E+01,5.92261E+01,5.92261E+01,5.92261E+01,5.92261E+01,5.92261E+01,3.07690E+00,1.23639E+01,5.92261E+01,5.92261E+01,7.87124E-01,9.91588E-01,1.11771E+00 
#t = 2.478E+03
5.92261E+01,5.92261E+01,5.92261E+01,5.92261E+01,5.92261E+01,5.92261E+01,5.92261E+01,5.92261E+01,5.92261E+01,5.92261E+01,5.92261E+01,5.92261E+01,5.92261E+01,5.92261E+01,5.92261E+01,5.92261E+01,5.92261E+01,5.92261E+01,5.92261E+01,5.92261E+01,5.92261E+01,5.92261E+01,5.92261E+01,5.92261E+01,5.80174E+00,5.92261E+01,5.92261E+01,5.92261E+01,5.92261E+01,5.92261E+01,5.92261E+01,5.92261E+01,5.92261E+01,5.92261E+01,5.92261E+01,3.08032E-01,4.70119E+00,5.92261E+01,5.92261E+01,5.92261E+01,5.92261E+01,5.92261E+01,5.92261E+01,5.92261E+01,5.92261E+01,5.92261E+01 
#t = 2.520E+03
5.92261E+01,5.92261E+01,5.92261E+01,5.92261E+01,5.92261E+01,5.92261E+01,5.92261E+01,5.92261E+01,5.92261E+01,5.92261E+01,5.92261E+01,5.92261E+01,5.92261E+01,5.92261E+01,5.92261E+01,5.92261E+01,5.92261E+01,5.92261E+01,3.69088E+00,5.92261E+01,5.92261E+01,5.92261E+01,5.92261E+01,5.92261E+01,5.92261E+01,6.94710E+00,5.92261E+01,5.92261E+01,5.92261E+01,5.92261E+01,5.92261E+01 
#t = 2.562E+03
5.92261E+01,5.92261E+01,5.92261E+01,5.92261E+01,5.92261E+01,5.92261E+01,5.92261E+01,5.92261E+01,5.92261E+01,5.92261E+01,5.92261E+01,5.92261E+01,5.92261E+01,5.92261E+01,5.92261E+01,5.92261E+01,5.92261E+01,5.92261E+01,5.92261E+01,5.92261E+01,5.92261E+01,5.92261E+01,5.92261E+01,5.92261E+01,5.92261E+01,5.92261E+01,5.92261E+01,5.92261E+01,5.92261E+01,5.92261E+01,5.92261E+01,5.92261E+01 
#t = 2.604E+03
5.92261E+01,5.92261E+01,5.92261E+01,5.92261E+01,5.92261E+01,5.92261E+01,5.92261E+01,5.92261E+01,5.92261E+01,1.14821E+01,5.92261E+01,5.92261E+01,5.92261E+01,5.92261E+01,5.92261E+01,5.92261E+01,5.92261E+01,5.92261E+01,5.92261E+01,5.92261E+01,5.92261E+01,5.92261E+01,5.92261E+01,5.92261E+01,5.92261E+01,5.92261E+01,5.92261E+01,5.92261E+01,1.70426E+00,5.92261E+01,5.92261E+01,1.50709E+00,5.92261E+01,5.92261E+01,1.40257E+00,5.92261E+01,4.36445E-01,6.05248E+00 
#t = 2.646E+03
5.92261E+01,5.92261E+01,5.92261E+01,5.92261E+01,5.92261E+01,5.92261E+01,5.92261E+01,5.92261E+01,5.92261E+01,5.92261E+01,5.92261E+01,5.92261E+01,5.92261E+01,5.92261E+01,5.92261E+01,5.92261E+01,9.67181E+00,5.92261E+01,5.92261E+01,5.92261E+01,5.92261E+01,5.92261E+01,5.92261E+01,5.92261E+01,5.92261E+01,1.78541E+00,5.92261E+01,5.92261E+01,5.92261E+01,5.92261E+01,5.92261E+01,5.92261E+01,5.91389E+00,5.92261E+01,5.92261E+01,5.92261E+01,5.92261E+01,4.37026E-01,5.92261E+01 
#t = 2.688E+03
5.92261E+01,5.92261E+01,5.92261E+01,5.92261E+01,5.92261E+01,5.92261E+01,5.92261E+01,5.92261E+01,5.92261E+01,5.92261E+01,5.92261E+01,5.92261E+01,5.92261E+01,5.92261E+01,5.92261E+01,5.92261E+01,5.92261E+01,5.92261E+01,5.92261E+01,5.92261E+01,1.59383E+01,5.92261E+01,5.92261E+01,5.92261E+01,5.92261E+01,5.92261E+01,5.92261E+01,5.92261E+01,5.92261E+01,5.92261E+01,3.46434E+00,5.92261E+01,5.92261E+01,5.92261E+01,5.92261E+01,5.92261E+01,1.59383E+01,5.92261E+01,5.92261E+01,5.92261E+01,5.92261E+01,5.92261E+01,5.74599E-01,5.92261E+01 
#t = 2.730E+03
5.92261E+01,5.92261E+01,5.92261E+01,5.92261E+01,5.92261E+01,5.92261E+01,5.92261E+01,5.92261E+01,5.92261E+01,5.92261E+01,5.92261E+01,5.92261E+01,5.92261E+01,5.92261E+01,5.92261E+01,5.92261E+01,5.92261E+01,1.59383E+01,5.92261E+01,5.92261E+01,5.92261E+01,5.92261E+01,5.92261E+01,5.92261E+01,5.92261E+01,5.92261E+01,5.92261E+01,5.92261E+01,1.68272E+01,5.92261E+01,5.92261E+01,5.92261E+01,1.59383E+01,5.92261E+01,5.92261E+01,7.91864E-01,5.92261E+01,5.92261E+01,1.75424E+00 
#t = 2.772E+03
5.92261E+01,5.92261E+01,5.92261E+01,1.59383E+01,5.92261E+01,5.92261E+01,5.92261E+01,1.86645E+01,5.92261E+01,5.92261E+01,5.92261E+01,5.92261E+01,5.92261E+01,5.92261E+01,5.92261E+01,1.86645E+01,5.92261E+01,5.92261E+01,5.92261E+01,5.92261E+01,5.92261E+01,1.86645E+01,5.92261E+01,5.92261E+01,1.86645E+01,5.92261E+01,5.92261E+01,8.76611E-01,3.58055E+01,6.94217E+00,5.92261E+01,2.82410E+00,5.92261E+01,5.92261E+01,5.92261E+01,5.92261E+01,5.92261E+01,1.06326E+00,1.86645E+01,7.67188E-01 
#t = 2.814E+03
5.92261E+01,5.92261E+01,5.92261E+01,5.92261E+01,5.92261E+01,5.92261E+01,1.59383E+01,5.92261E+01,5.92261E+01,5.92261E+01,5.92261E+01,5.92261E+01,5.92261E+01,5.92261E+01,5.92261E+01,5.92261E+01,5.92261E+01,5.92261E+01,5.92261E+01,5.92261E+01,5.92261E+01,5.92261E+01,2.68305E+01,5.92261E+01,5.92261E+01,5.92261E+01,5.92261E+01,5.92261E+01,5.92261E+01,5.92261E+01,5.92261E+01,5.92261E+01,5.92261E+01,5.92261E+01,5.92261E+01,5.92261E+01,5.92261E+01,1.59383E+01,5.92261E+01,5.92261E+01,5.92261E+01,5.92261E+01,5.92261E+01 
#t = 2.856E+03
5.92261E+01,5.92261E+01,5.92261E+01,5.92261E+01,5.92261E+01,5.92261E+01,5.92261E+01,5.92261E+01,2.68305E+01,1.29688E+01,5.92261E+01,5.92261E+01,5.92261E+01,2.68305E+01,2.68305E+01,5.92261E+01,5.92261E+01,5.92261E+01,5.92261E+01,3.01975E+00,5.92261E+01,5.92261E+01,5.92261E+01,5.92261E+01,2.68305E+01,5.92261E+01,4.90754E+00,5.92261E+01,5.92261E+01,5.92261E+01,1.29688E+01,5.92261E+01,1.52164E+00,1.57842E+00,5.92261E+01,9.47483E-01,2.59292E+00,1.29688E+01,4.03732E-01,2.68305E+01,5.92261E+01,2.99763E+00 
#t = 2.898E+03
5.92261E+01,5.92261E+01,5.92261E+01,5.92261E+01,5.92261E+01,5.92261E+01,5.92261E+01,5.92261E+01,5.92261E+01,5.92261E+01,5.92261E+01,5.92261E+01,5.92261E+01,5.92261E+01,5.92261E+01,5.92261E+01,5.92261E+01,5.92261E+01,5.92261E+01,5.92261E+01,5.92261E+01,1.53116E+01,5.92261E+01,5.92261E+01,5.92261E+01,5.92261E+01,2.31209E+00,1.53116E+01,4.16475E-01,5.92261E+01,5.92261E+01,5.92261E+01,5.92261E+01,5.92261E+01,5.92261E+01,7.41032E+00,5.92261E+01,5.92261E+01,5.92261E+01,5.92261E+01,5.92261E+01,5.92261E+01,3.32516E+00,5.92261E+01,6.74396E+00 
#t = 2.940E+03
1.53116E+01,5.92261E+01,5.92261E+01,5.92261E+01,5.92261E+01,5.92261E+01,5.92261E+01,5.92261E+01,5.92261E+01,5.92261E+01,5.92261E+01,5.92261E+01,5.92261E+01,5.92261E+01,5.92261E+01,5.92261E+01,5.92261E+01,5.92261E+01,5.92261E+01,5.92261E+01,5.92261E+01,5.92261E+01,5.92261E+01,5.92261E+01,5.92261E+01,5.92261E+01,5.92261E+01,4.85792E+00,3.60340E+00,5.92261E+01,5.92261E+01,5.92261E+01,2.71054E-01,5.92261E+01,5.92261E+01,5.92261E+01 
#t = 2.982E+03
5.92261E+01,5.92261E+01,5.92261E+01,5.92261E+01,5.92261E+01,5.92261E+01,5.92261E+01,5.92261E+01,5.92261E+01,5.92261E+01,5.92261E+01,5.92261E+01,5.92261E+01,5.92261E+01,5.92261E+01,5.92261E+01,5.92261E+01,5.92261E+01,5.92261E+01,5.48368E-01,5.92261E+01,5.92261E+01,5.92261E+01,5.92261E+01,5.92261E+01,5.92261E+01,5.92261E+01,5.92261E+01,5.92261E+01,5.92261E+01,5.92261E+01,5.92261E+01,5.92261E+01,5.92261E+01,4.53425E-01,5.92261E+01,8.01337E+00,5.92261E+01,5.92261E+01,5.92261E+01 
#t = 3.024E+03
5.92261E+01,5.92261E+01,5.92261E+01,5.92261E+01,2.70741E+01,5.92261E+01,5.92261E+01,5.92261E+01,5.92261E+01,5.92261E+01,5.92261E+01,9.64955E+00,5.92261E+01,5.92261E+01,5.92261E+01,5.92261E+01,5.92261E+01,5.92261E+01,5.92261E+01,5.92261E+01,1.23796E+01,4.20125E+00,5.92261E+01,5.92261E+01,5.92261E+01,5.92261E+01,5.92261E+01,5.92261E+01,5.92261E+01,5.92261E+01,4.29419E+00,5.92261E+01,5.92261E+01,5.92261E+01,5.92261E+01,5.92261E+01,5.92261E+01,5.92261E+01 
#t = 3.066E+03
5.92261E+01,5.92261E+01,5.92261E+01,5.92261E+01,5.92261E+01,5.92261E+01,5.92261E+01,5.92261E+01,5.92261E+01,5.92261E+01,5.92261E+01,5.92261E+01,6.69556E+00,5.92261E+01,5.92261E+01,8.28748E+00,5.92261E+01,5.92261E+01,5.92261E+01,5.92261E+01,5.92261E+01,5.92261E+01,5.92261E+01,5.92261E+01,5.92261E+01,5.92261E+01,5.92261E+01,5.92261E+01,1.01444E+00,5.92261E+01,5.92261E+01,5.92261E+01,3.57469E+00,5.92261E+01 
#t = 3.108E+03
5.92261E+01,5.92261E+01,5.92261E+01,5.92261E+01,5.92261E+01,5.92261E+01,5.92261E+01,5.92261E+01,5.92261E+01,5.92261E+01,5.92261E+01,5.92261E+01,5.92261E+01,5.92261E+01,5.92261E+01,5.92261E+01,5.92261E+01,5.92261E+01,5.92261E+01,5.92261E+01,5.92261E+01,5.92261E+01,5.92261E+01,5.92261E+01,5.92261E+01,5.92261E+01,5.92261E+01,5.92261E+01,5.92261E+01,5.92261E+01,5.92261E+01,5.92261E+01,5.92261E+01,5.92261E+01,5.92261E+01,5.92261E+01,5.92261E+01,5.92261E+01,5.92261E+01,5.92261E+01,5.92261E+01,5.92261E+01,5.92261E+01,5.92261E+01,5.92261E+01,8.43120E-01,5.92261E+01,5.92261E+01,5.92261E+01 
#t = 3.150E+03
5.92261E+01,5.92261E+01,5.92261E+01,5.92261E+01,5.92261E+01,5.92261E+01,5.92261E+01,5.92261E+01,3.02118E+01,5.92261E+01,5.92261E+01,5.92261E+01,5.92261E+01,5.92261E+01,5.92261E+01,5.92261E+01,5.92261E+01,5.92261E+01,5.92261E+01,5.92261E+01,5.92261E+01,5.92261E+01,5.92261E+01,5.92261E+01,5.92261E+01,5.92261E+01,5.92261E+01,5.92261E+01,5.92261E+01,3.02118E+01,5.92261E+01,5.92261E+01,1.65969E+00,5.92261E+01,4.00416E+00,5.92261E+01,5.92261E+01,5.92261E+01,5.92261E+01,5.92261E+01,5.92261E+01 
#t = 3.192E+03
5.92261E+01,5.92261E+01,5.92261E+01,5.92261E+01,5.92261E+01,5.92261E+01,5.92261E+01,3.02118E+01,5.92261E+01,5.92261E+01,5.92261E+01,5.92261E+01,5.92261E+01,5.92261E+01,3.02118E+01,5.92261E+01,5.92261E+01,5.92261E+01,5.92261E+01,5.92261E+01,5.92261E+01,5.92261E+01,5.92261E+01,5.92261E+01,5.92261E+01,5.92261E+01,5.92261E+01,5.92261E+01,5.92261E+01,5.92261E+01,5.92261E+01,5.92261E+01,5.92261E+01,5.92261E+01,5.92261E+01,5.92261E+01,5.92261E+01,1.71523E+00,5.92261E+01,6.08387E-01,5.92261E+01,5.92261E+01,3.02118E+01 
#t = 3.234E+03
5.92261E+01,5.92261E+01,5.92261E+01,5.92261E+01,5.92261E+01,5.92261E+01,5.92261E+01,5.92261E+01,5.92261E+01,5.92261E+01,5.92261E+01,5.92261E+01,1.02320E+01,5.92261E+01,5.92261E+01,5.92261E+01,5.92261E+01,5.92261E+01,5.92261E+01,5.92261E+01,5.92261E+01,5.92261E+01,5.92261E+01,5.92261E+01,5.92261E+01,4.27078E+00,5.92261E+01,5.13221E+00,5.92261E+01,5.92261E+01,5.92261E+01,3.62163E+00,5.92261E+01,5.92261E+01,5.92261E+01,5.92261E+01,1.16332E+01,5.92261E+01,5.92261E+01,6.38296E+00,6.58345E-01,5.92261E+01,5.92261E+01 
#t = 3.276E+03
5.92261E+01,5.92261E+01,5.92261E+01,5.92261E+01,5.92261E+01,5.92261E+01,5.92261E+01,5.92261E+01,5.92261E+01,5.92261E+01,5.92261E+01,5.92261E+01,9.83922E+00,5.92261E+01,5.92261E+01,8.74261E+00,5.92261E+01,5.92261E+01,5.92261E+01,5.92261E+01,5.92261E+01,5.92261E+01,5.92261E+01,5.92261E+01,5.92261E+01,5.92261E+01,5.92261E+01,5.92261E+01,5.92261E+01,5.92261E+01,5.92261E+01,5.92261E+01,5.92261E+01,7.10244E+00,5.92261E+01,5.92261E+01,5.92261E+01,5.92261E+01,5.92261E+01,8.46286E-01,5.92261E+01 
#t = 3.318E+03
5.92261E+01,5.92261E+01,5.92261E+01,5.92261E+01,5.92261E+01,5.92261E+01,5.92261E+01,5.92261E+01,5.92261E+01,5.92261E+01,5.92261E+01,5.92261E+01,5.92261E+01,5.92261E+01,5.92261E+01,5.92261E+01,5.92261E+01,5.92261E+01,5.92261E+01,5.92261E+01,5.92261E+01,5.92261E+01,5.92261E+01,5.92261E+01,5.92261E+01,8.84551E+00,5.92261E+01,5.92261E+01,5.92261E+01,5.92261E+01,5.92261E+01,1.34685E+00,5.92261E+01,5.92261E+01,5.92261E+01,5.92261E+01,5.92261E+01,5.92261E+01,5.92261E+01,5.92261E+01,5.92261E+01,5.92261E+01,1.76500E+00,5.92261E+01,5.92261E+01,5.92261E+01 
#t = 3.360E+03
5.92261E+01,5.92261E+01,5.92261E+01,5.92261E+01,5.92261E+01,5.92261E+01,5.92261E+01,5.92261E+01,5.92261E+01,5.92261E+01,5.92261E+01,5.92261E+01,5.92261E+01,5.92261E+01,5.92261E+01,5.92261E+01,5.92261E+01,5.92261E+01,5.92261E+01,5.92261E+01,5.92261E+01,5.92261E+01,5.92261E+01,5.92261E+01,5.92261E+01,5.92261E+01,5.92261E+01,5.92261E+01,5.92261E+01,5.92261E+01,5.92261E+01,5.92261E+01,5.92261E+01,5.92261E+01,5.92261E+01,7.18865E+00,1.91754E+00,5.92261E+01,5.92261E+01,5.92261E+01,5.92261E+01,5.92261E+01,5.92261E+01,4.45820E+00,5.92261E+01,3.44066E-01,5.92261E+01,5.92261E+01,5.92261E+01 
#t = 3.402E+03
5.92261E+01,5.92261E+01,5.92261E+01,5.92261E+01,5.92261E+01,5.92261E+01,5.92261E+01,5.92261E+01,5.92261E+01,5.92261E+01,5.92261E+01,1.53381E+01,5.92261E+01,5.92261E+01,5.92261E+01,5.92261E+01,5.92261E+01,5.92261E+01,5.92261E+01,5.92261E+01,9.38601E+00,5.92261E+01,5.92261E+01,5.92261E+01,5.92261E+01,5.92261E+01,5.92261E+01,5.92261E+01,5.92261E+01,4.82549E+00,5.92261E+01,5.92261E+01,5.92261E+01,1.53381E+01,8.30007E-01,1.53381E+01,5.92261E+01,5.92261E+01,5.92261E+01,5.92261E+01,5.92261E+01,5.92261E+01 
#t = 3.444E+03
1.53381E+01,5.92261E+01,5.92261E+01,5.92261E+01,5.92261E+01,5.92261E+01,5.92261E+01,5.92261E+01,5.92261E+01,5.92261E+01,5.92261E+01,1.53381E+01,5.92261E+01,5.92261E+01,5.92261E+01,5.92261E+01,5.92261E+01,5.92261E+01,5.92261E+01,5.92261E+01,5.92261E+01,5.92261E+01,5.92261E+01,5.92261E+01,5.92261E+01,5.92261E+01,5.92261E+01,5.92261E+01,5.92261E+01,5.92261E+01,5.92261E+01,5.92261E+01,5.92261E+01,5.92261E+01,1.70821E+01,5.92261E+01,1.70821E+01,5.92261E+01,5.92261E+01,5.92261E+01,6.81574E+00,5.92261E+01,5.92261E+01,5.92261E+01,5.92261E+01,1.17891E+01,5.92261E+01,5.92261E+01,5.92261E+01 
#t = 3.486E+03
5.92261E+01,5.92261E+01,5.92261E+01,1.17891E+01,1.53381E+01,5.92261E+01,5.92261E+01,1.17891E+01,5.92261E+01,5.92261E+01,5.92261E+01,5.92261E+01,1.53381E+01,5.92261E+01,5.92261E+01,5.92261E+01,5.92261E+01,5.92261E+01,5.92261E+01,4.78411E+00,5.92261E+01,5.92261E+01,1.17891E+01,5.92261E+01,5.92261E+01,5.92261E+01,5.92261E+01,5.92261E+01,5.92261E+01,1.53381E+01,1.53381E+01,5.92261E+01,5.92261E+01,1.17891E+01,5.92261E+01,5.92261E+01 
#t = 3.528E+03
5.92261E+01,5.92261E+01,1.80953E+01,5.92261E+01,5.92261E+01,5.92261E+01,5.92261E+01,5.92261E+01,5.92261E+01,5.92261E+01,5.92261E+01,5.92261E+01,5.92261E+01,5.92261E+01,5.92261E+01,5.92261E+01,5.92261E+01,5.92261E+01,1.44397E+01,5.92261E+01,5.92261E+01,1.17891E+01,1.80953E+01,5.92261E+01,5.92261E+01,5.92261E+01,1.17891E+01,5.92261E+01,5.92261E+01,5.92261E+01,5.92261E+01,5.92261E+01,5.92261E+01,5.92261E+01,5.92261E+01,1.80953E+01,5.92261E+01,5.92261E+01,5.92261E+01,2.05686E+00,5.92261E+01,5.92261E+01,1.39611E+01,5.92261E+01 
#t = 3.570E+03
5.92261E+01,5.92261E+01,1.17891E+01,5.92261E+01,5.92261E+01,5.92261E+01,1.10832E+01,5.92261E+01,5.92261E+01,5.92261E+01,5.92261E+01,5.92261E+01,5.92261E+01,5.92261E+01,5.92261E+01,5.92261E+01,5.92261E+01,5.92261E+01,5.92261E+01,1.80953E+01,5.92261E+01,5.92261E+01,5.92261E+01,5.92261E+01,5.92261E+01,5.92261E+01,5.92261E+01,5.92261E+01,5.92261E+01,5.92261E+01,5.92261E+01,5.92261E+01,5.92261E+01,5.92261E+01,4.85741E+00,1.17891E+01,1.10832E+01,8.50414E-01,5.92261E+01,5.92261E+01,1.10148E+00,5.92261E+01 
#t = 3.612E+03
5.92261E+01,5.92261E+01,5.92261E+01,1.10832E+01,5.92261E+01,5.92261E+01,5.92261E+01,5.92261E+01,5.92261E+01,5.92261E+01,5.92261E+01,5.92261E+01,5.92261E+01,5.92261E+01,5.92261E+01,5.92261E+01,5.92261E+01,5.92261E+01,5.92261E+01,5.92261E+01,1.66121E+00,5.92261E+01,5.92261E+01,5.92261E+01,5.92261E+01,5.92261E+01,5.92261E+01,5.92261E+01,5.92261E+01,5.92261E+01,5.92261E+01,5.92261E+01,5.92261E+01,5.92261E+01,1.62693E+01,5.92261E+01,5.92261E+01,5.92261E+01 
#t = 3.654E+03
5.92261E+01,5.92261E+01,5.92261E+01,5.92261E+01,5.92261E+01,5.92261E+01,5.92261E+01,5.92261E+01,5.92261E+01,1.10832E+01,5.92261E+01,5.92261E+01,5.92261E+01,5.92261E+01,5.92261E+01,5.92261E+01,5.92261E+01,5.92261E+01,5.92261E+01,5.92261E+01,5.92261E+01,5.92261E+01,5.92261E+01,5.92261E+01,5.92261E+01,5.92261E+01,5.92261E+01,5.92261E+01,5.92261E+01,5.92261E+01,5.92261E+01,5.92261E+01,1.74048E+00,5.92261E+01,5.92261E+01,5.92261E+01,5.92261E+01,5.92261E+01,5.92261E+01,5.92261E+01,5.92261E+01,5.92261E+01,5.92261E+01,5.92261E+01,5.92261E+01,4.20230E+00 
#t = 3.696E+03
5.92261E+01,5.92261E+01,5.92261E+01,5.92261E+01,5.92261E+01,5.92261E+01,5.92261E+01,5.92261E+01,5.92261E+01,5.92261E+01,5.92261E+01,5.92261E+01,5.92261E+01,5.92261E+01,5.92261E+01,5.92261E+01,5.92261E+01,5.92261E+01,5.92261E+01,5.92261E+01,5.92261E+01,5.92261E+01,5.92261E+01,5.92261E+01,5.92261E+01,5.92261E+01,5.92261E+01,5.92261E+01,5.92261E+01,1.78607E+00,5.92261E+01,5.92261E+01,5.92261E+01,5.92261E+01,5.92261E+01,5.92261E+01,3.56678E+00,2.47920E-01,5.92261E+01,5.92261E+01 
#t = 3.738E+03
5.92261E+01,5.92261E+01,5.92261E+01,5.92261E+01,5.92261E+01,5.92261E+01,5.92261E+01,3.08001E+01,5.92261E+01,5.92261E+01,5.92261E+01,1.18623E+01,5.92261E+01,5.92261E+01,5.92261E+01,5.92261E+01,5.92261E+01,5.92261E+01,5.92261E+01,5.92261E+01,5.92261E+01,5.92261E+01,5.92261E+01,5.92261E+01,5.92261E+01,5.92261E+01,5.92261E+01,1.18623E+01,5.92261E+01,5.92261E+01 
#t = 3.780E+03
3.08001E+01,5.92261E+01,5.92261E+01,5.92261E+01,5.92261E+01,5.92261E+01,5.92261E+01,5.92261E+01,5.92261E+01,5.92261E+01,5.92261E+01,5.92261E+01,3.08001E+01,5.92261E+01,5.92261E+01,1.18623E+01,5.92261E+01,5.92261E+01,5.92261E+01,5.92261E+01,5.92261E+01,4.91523E+00,5.92261E+01,5.92261E+01,5.92261E+01,5.92261E+01,5.92261E+01,5.92261E+01,5.92261E+01,5.92261E+01,5.92261E+01,5.92261E+01,3.14877E+00,5.92261E+01 
#t = 3.822E+03
5.92261E+01,5.92261E+01,5.92261E+01,5.92261E+01,5.92261E+01,5.92261E+01,5.92261E+01,5.92261E+01,5.92261E+01,5.92261E+01,2.67856E+01,5.92261E+01,5.92261E+01,5.92261E+01,5.92261E+01,5.92261E+01,5.92261E+01,5.92261E+01,5.92261E+01,5.92261E+01,5.92261E+01,5.92261E+01,5.92261E+01,5.92261E+01,5.92261E+01,5.92261E+01,5.92261E+01,5.92261E+01,5.92261E+01,5.92261E+01,2.00621E+00,8.60407E+00,2.67856E+01,7.81084E+00,5.92261E+01,5.92261E+01,5.92261E+01,5.92261E+01,2.14641E+00,5.92261E+01,5.92261E+01,5.92261E+01,5.92261E+01,2.61959E+00,5.92261E+01,2.67856E+01 
#t = 3.864E+03
5.92261E+01,5.92261E+01,5.92261E+01,5.92261E+01,5.92261E+01,5.92261E+01,2.67856E+01,5.92261E+01,5.92261E+01,5.92261E+01,5.92261E+01,5.92261E+01,5.92261E+01,5.92261E+01,5.92261E+01,5.92261E+01,5.92261E+01,5.92261E+01,5.92261E+01,5.92261E+01,5.92261E+01,5.92261E+01,5.92261E+01,5.92261E+01,5.92261E+01,5.92261E+01,5.92261E+01,3.88624E+00,5.92261E+01,5.92261E+01,1.80195E+00,1.41288E+00,5.92261E+01 
#t = 3.906E+03
5.92261E+01,5.92261E+01,5.92261E+01,5.92261E+01,5.92261E+01,5.92261E+01,5.92261E+01,5.92261E+01,5.92261E+01,5.92261E+01,5.92261E+01,5.92261E+01,5.92261E+01,5.92261E+01,5.92261E+01,5.92261E+01,5.92261E+01,5.92261E+01,5.92261E+01,5.92261E+01,5.92261E+01,5.92261E+01,5.92261E+01,5.92261E+01,5.92261E+01,5.92261E+01,5.92261E+01,5.92261E+01,5.92261E+01,5.92261E+01,5.92261E+01,5.92261E+01,5.49223E-01 
#t = 3.948E+03
5.92261E+01,5.92261E+01,5.92261E+01,5.92261E+01,5.92261E+01,5.92261E+01,5.92261E+01,5.92261E+01,5.92261E+01,5.92261E+01,5.92261E+01,5.92261E+01,5.92261E+01,5.92261E+01,5.92261E+01,5.92261E+01,5.92261E+01,5.92261E+01,5.92261E+01,5.92261E+01,5.92261E+01,5.92261E+01,5.92261E+01,5.92261E+01,5.92261E+01,5.92261E+01,5.92261E+01,5.92261E+01,5.92261E+01,5.92261E+01,5.92261E+01,5.92261E+01,5.92261E+01,5.92261E+01,5.92261E+01,3.30781E+00,5.92261E+01,5.92261E+01,5.92261E+01,5.92261E+01,5.92261E+01,5.92261E+01,5.92261E+01,5.92261E+01,2.66561E+00,7.73161E-01,5.92261E+01,5.92261E+01 
#t = 3.990E+03
5.92261E+01,5.92261E+01,5.92261E+01,5.92261E+01,5.92261E+01,5.92261E+01,5.92261E+01,5.92261E+01,5.92261E+01,5.92261E+01,5.92261E+01,5.92261E+01,5.92261E+01,5.92261E+01,5.92261E+01,5.92261E+01,5.92261E+01,5.92261E+01,5.92261E+01,5.92261E+01,5.92261E+01,5.92261E+01,5.92261E+01,5.92261E+01,5.92261E+01,5.92261E+01,5.92261E+01,5.92261E+01,5.92261E+01,5.92261E+01,5.92261E+01,5.92261E+01,1.16096E+01,5.92261E+01,6.44022E+00,5.92261E+01,5.92261E+01,5.92261E+01,5.92261E+01,5.92261E+01,5.92261E+01,5.92261E+01,5.92261E+01,4.86527E+00,5.92261E+01,5.92261E+01,2.69047E+00,4.03908E+00,5.92261E+01,4.77200E+00,5.92261E+01 
#t = 4.032E+03
5.92261E+01,5.92261E+01,5.92261E+01,5.92261E+01,5.92261E+01,5.92261E+01,5.92261E+01,5.92261E+01,5.92261E+01,5.92261E+01,5.92261E+01,5.92261E+01,5.92261E+01,5.92261E+01,5.92261E+01,5.92261E+01,5.92261E+01,5.92261E+01,5.92261E+01,5.92261E+01,5.92261E+01,5.92261E+01,5.92261E+01,1.01871E+00,5.92261E+01,5.92261E+01,5.92261E+01,5.92261E+01,5.92261E+01,5.92261E+01,5.92261E+01 
#t = 4.074E+03
5.92261E+01,5.92261E+01,5.92261E+01,5.92261E+01,5.92261E+01,5.92261E+01,5.92261E+01,5.92261E+01,5.92261E+01,5.92261E+01,5.92261E+01,5.92261E+01,5.92261E+01,5.92261E+01,5.92261E+01,5.92261E+01,5.92261E+01,5.92261E+01,5.92261E+01,5.92261E+01,5.92261E+01,5.92261E+01,5.92261E+01,3.04808E+01,8.50829E+00,5.92261E+01,5.92261E+01,5.92261E+01,5.92261E+01,5.92261E+01,5.92261E+01,5.92261E+01,5.92261E+01,5.92261E+01,5.92261E+01,5.92261E+01,9.42285E-01,5.92261E+01,5.92261E+01,5.92261E+01,5.92261E+01,5.92261E+01,3.04808E+01,5.92261E+01,5.92261E+01,3.04808E+01,5.92261E+01,3.40251E+00,8.90644E-02,6.23368E-01 
#t = 4.116E+03
5.92261E+01,5.92261E+01,5.92261E+01,3.04808E+01,5.92261E+01,5.92261E+01,5.92261E+01,5.92261E+01,5.92261E+01,5.92261E+01,5.92261E+01,5.92261E+01,5.92261E+01,5.92261E+01,5.92261E+01,3.04808E+01,5.92261E+01,9.66495E+00,5.92261E+01,5.92261E+01,5.92261E+01,5.92261E+01,5.92261E+01,5.92261E+01,5.92261E+01,5.92261E+01,5.92261E+01,5.92261E+01,5.92261E+01,5.92261E+01,5.92261E+01,5.92261E+01,5.92261E+01,5.92261E+01,5.92261E+01,5.92261E+01,5.92261E+01,5.92261E+01,1.49122E+01,5.92261E+01,5.92261E+01,5.92261E+01,5.92261E+01,5.92261E+01,5.92261E+01,5.92261E+01,5.92261E+01,5.92261E+01,5.92261E+01,5.92261E+01,5.92261E+01,5.92261E+01,5.92261E+01,5.92261E+01,5.92261E+01,5.92261E+01,2.43156E+00,5.92261E+01,5.92261E+01,3.51937E+00,5.92261E+01 
#t = 4.158E+03
5.92261E+01,5.92261E+01,5.92261E+01,5.92261E+01,9.66495E+00,5.92261E+01,5.92261E+01,5.92261E+01,1.49122E+01,5.92261E+01,5.92261E+01,5.92261E+01,5.92261E+01,5.92261E+01,5.92261E+01,5.92261E+01,5.92261E+01,5.92261E+01,5.92261E+01,5.92261E+01,5.92261E+01,5.92261E+01,5.92261E+01,5.92261E+01,5.92261E+01,5.92261E+01,5.92261E+01,5.92261E+01,5.92261E+01,5.92261E+01,5.92261E+01,5.92261E+01,5.92261E+01,5.92261E+01,5.92261E+01,1.49122E+01,3.04808E+01,5.92261E+01,5.92261E+01,5.92261E+01,5.92261E+01,5.92261E+01,1.70897E+01,5.92261E+01,5.92261E+01,5.92261E+01,5.92261E+01,5.92261E+01,5.92261E+01,5.92261E+01,5.92261E+01,5.92261E+01,2.20820E+00,5.92261E+01,5.92261E+01,1.87446E+00,5.92261E+01,1.70897E+01 
#t = 4.200E+03
5.92261E+01,5.92261E+01,5.92261E+01,5.92261E+01,5.92261E+01,5.92261E+01,5.92261E+01,5.92261E+01,5.92261E+01,5.92261E+01,5.92261E+01,1.64323E+01,3.04808E+01,1.64323E+01,5.92261E+01,5.92261E+01,5.92261E+01,5.92261E+01,5.92261E+01,5.92261E+01,5.92261E+01,5.92261E+01,5.92261E+01,5.92261E+01,5.92261E+01,5.92261E+01,5.92261E+01,5.92261E+01,5.92261E+01,5.92261E+01,5.92261E+01,5.92261E+01,5.92261E+01,5.92261E+01,5.92261E+01,5.92261E+01,1.44241E+00,1.24108E+01,4.43339E+00,5.92261E+01,5.92261E+01 
