#t = 0.000E+00
1.73714E+00,1.75799E+00,4.36897E+00,6.77994E+00,2.47465E+00 
#t = 4.200E+01
8.36606E+00 
#t = 8.400E+01
-9999       
#t = 1.260E+02
1.65736E+01,6.96816E+00 
#t = 1.680E+02
1.65736E+01,1.65736E+01,1.98707E+01,2.15741E+00,1.98707E+01,2.23802E+01 
#t = 2.100E+02
1.98707E+01,8.80545E+00,1.98707E+01,1.98707E+01,1.38453E+01,2.23802E+01,2.23802E+01,1.98707E+01,1.98707E+01,1.98707E+01,1.14583E+00,7.38631E-01,1.38453E+01,1.84961E+00,3.38775E+00 
#t = 2.520E+02
1.98707E+01,1.98707E+01,1.73152E+01,1.98707E+01,1.98707E+01,1.98707E+01,1.73152E+01,1.98707E+01,1.98707E+01,1.98707E+01,1.98707E+01,1.98707E+01,1.98707E+01,1.98707E+01,1.98707E+01,1.98707E+01,3.31414E+00,5.12734E-01 
#t = 2.940E+02
1.98707E+01,1.98707E+01,1.98707E+01,1.98707E+01,1.98707E+01,1.98707E+01,1.98707E+01,1.98707E+01,1.73152E+01,1.98707E+01,1.98707E+01,1.98707E+01,1.98707E+01,1.98707E+01,1.98707E+01,1.73152E+01,1.98707E+01,1.98707E+01,5.91083E+00,5.36037E+00,1.94133E+00,1.98707E+01,1.98707E+01 
#t = 3.360E+02
1.98707E+01,1.98707E+01,1.98707E+01,1.98707E+01,1.98707E+01,3.21153E+00,2.45283E+00,8.90000E-01 
#t = 3.780E+02
1.98707E+01,1.98707E+01,1.98707E+01,1.98707E+01,1.98707E+01,1.98707E+01,1.98707E+01,1.98707E+01,1.98707E+01,1.98707E+01,1.98707E+01 
#t = 4.200E+02
1.98707E+01,1.98707E+01,1.98707E+01,1.98707E+01,1.98707E+01,1.98707E+01,1.81975E+01,1.98707E+01,1.98707E+01,1.98707E+01,1.98707E+01,1.98707E+01,1.98707E+01,6.14907E+00,5.16264E+00,1.39111E+00,1.98707E+01 
#t = 4.620E+02
1.98707E+01,1.13325E+01,1.18405E+01,1.98707E+01,1.98707E+01,1.98707E+01,1.98707E+01,1.81975E+01,1.98707E+01,1.13325E+01,1.98707E+01,1.98707E+01,1.98707E+01,1.98707E+01,2.07760E+00,1.98707E+01,1.98707E+01,1.81975E+01,1.06038E+00,1.81975E+01,2.59486E+00 
#t = 5.040E+02
1.81975E+01,1.98707E+01,1.98707E+01,1.98707E+01,1.98707E+01,4.41345E+00,1.98707E+01,4.06400E+00,1.98707E+01,6.04238E-01,1.98707E+01,1.59791E+00,1.98707E+01 
#t = 5.460E+02
1.98707E+01,1.98707E+01,6.59304E+00,1.98707E+01,5.23586E+00,1.98707E+01,1.98707E+01,5.41086E-01,3.61003E+00,4.09055E+00,2.41337E+00 
#t = 5.880E+02
1.98707E+01,1.98707E+01,1.98707E+01,6.98145E+00,1.83781E+00,3.67906E+00,1.98707E+01,1.98707E+01 
#t = 6.300E+02
1.98707E+01,1.98707E+01,1.98707E+01,1.98707E+01,1.43634E+01,1.98707E+01,7.87494E+00,1.98707E+01,1.98707E+01,1.43634E+01,1.43634E+01,1.34882E+01,1.43634E+01,1.98707E+01,9.87438E-01,1.98707E+01 
#t = 6.720E+02
1.43634E+01,1.98707E+01,1.98707E+01,1.43634E+01,1.43634E+01,1.98707E+01,1.98707E+01,1.98707E+01,1.61963E+00 
#t = 7.140E+02
1.43634E+01,1.43634E+01,1.98707E+01,1.98707E+01,5.22097E+00,1.43634E+01,1.98707E+01,1.98707E+01,1.94458E+00,1.98707E+01,1.98707E+01,1.43634E+01,2.56752E-01,1.43634E+01 
#t = 7.560E+02
1.98707E+01,1.43634E+01,1.43634E+01,1.98707E+01,1.98707E+01,1.43634E+01,1.35271E+01,1.98707E+01,1.35271E+01,1.02682E+01,1.98707E+01,1.98707E+01,1.16186E+01 
#t = 7.980E+02
1.98707E+01,1.98707E+01,1.16186E+01,1.98707E+01,1.16186E+01,1.02555E+01,5.43285E+00,1.98707E+01,1.98707E+01,1.98707E+01 
#t = 8.400E+02
7.14690E+00,1.07155E+00 
#t = 8.820E+02
6.78545E+00 
#t = 9.240E+02
6.01889E-01,4.79915E+00 
#t = 9.660E+02
-9999       
#t = 1.008E+03
1.05823E+01,6.44745E+00,5.55756E+00,1.02262E+00,7.79603E+00 
#t = 1.050E+03
1.10611E+01,1.33907E+01,3.36195E+00 
#t = 1.092E+03
1.33907E+01,4.63217E+00 
#t = 1.134E+03
6.77098E+00,1.41114E+01,8.21166E+00,5.64606E+00,2.93104E+00 
#t = 1.176E+03
1.25172E+01,8.95251E+00,1.24296E+01 
#t = 1.218E+03
1.25172E+01,1.25172E+01,1.25172E+01,1.25172E+01,1.24296E+01,1.25172E+01,1.25172E+01,1.24296E+01,6.66124E+00,1.25172E+01,1.25172E+01,1.25172E+01,1.25172E+01,1.25172E+01,1.24296E+01,1.25172E+01,1.25172E+01,5.95460E+00,1.25172E+01,1.32776E+01,1.25172E+01,2.81503E+00,1.25172E+01 
#t = 1.260E+03
1.24296E+01,1.24296E+01,1.25172E+01,1.25172E+01,1.25172E+01,1.25172E+01,1.24296E+01,1.24296E+01,1.25172E+01,1.24296E+01,1.25172E+01,6.08368E+00,1.24296E+01,6.33208E-01,3.69499E+00 
#t = 1.302E+03
1.25172E+01,1.24296E+01,1.46545E+01,1.01834E+01,1.01834E+01,7.34791E+00,1.66043E+00,7.57137E-01,1.24296E+01,1.24296E+01,5.15542E+00,1.96321E+00,7.95642E+00 
#t = 1.344E+03
3.48217E+01,1.42064E+01,1.24296E+01,1.24296E+01,1.24296E+01,1.24296E+01,1.24296E+01,1.42064E+01,1.24296E+01,1.24296E+01,1.42064E+01,3.27185E+00,1.24296E+01,2.27514E+00,1.24296E+01,3.48217E+01 
#t = 1.386E+03
1.24296E+01,1.24296E+01,1.24296E+01,1.24296E+01,3.48217E+01,1.24296E+01,1.24296E+01,1.24296E+01,1.42064E+01,1.24296E+01,1.24296E+01,1.24296E+01,3.48217E+01,1.24296E+01,1.42064E+01,1.24296E+01,3.48217E+01,3.48217E+01,3.48217E+01,3.48217E+01,1.24296E+01,1.24296E+01,1.24296E+01,3.48217E+01,1.24296E+01,3.48217E+01,3.48217E+01,1.24296E+01,1.24296E+01,1.24296E+01,1.24296E+01,1.24296E+01,1.24296E+01,2.17682E+00,3.67255E+00 
#t = 1.428E+03
1.24296E+01,1.24296E+01,1.24296E+01,2.50257E+01,1.24296E+01,7.33019E+01,3.48217E+01,1.24296E+01,1.24296E+01,1.24296E+01,1.24296E+01,1.24296E+01,1.24296E+01,1.24296E+01,7.44381E+01,1.24296E+01,2.21695E+01,1.24296E+01,1.24296E+01,1.24296E+01,1.24296E+01,1.33252E+01,1.24296E+01,1.24296E+01,1.24296E+01,7.44381E+01,7.44381E+01,7.44381E+01,7.44381E+01 
#t = 1.470E+03
2.21695E+01,7.44381E+01,1.24296E+01,1.24296E+01,1.24296E+01,7.44381E+01,1.24296E+01,1.04551E+01,7.44381E+01,7.44381E+01,1.24296E+01,7.44381E+01,7.44381E+01,3.48217E+01,1.20496E+01,1.24296E+01,7.44381E+01,7.44381E+01,7.44381E+01,1.24296E+01,7.44381E+01,1.24296E+01,7.44381E+01,7.44381E+01,6.55445E+00,7.44381E+01,7.44381E+01,1.24296E+01,9.50988E-01,7.44381E+01,7.44381E+01,7.44381E+01,7.44381E+01 
#t = 1.512E+03
7.44381E+01,7.44381E+01,7.44381E+01,7.44381E+01,7.44381E+01,1.24296E+01,7.44381E+01,7.44381E+01,7.44381E+01,7.44381E+01,7.44381E+01,1.24296E+01,7.44381E+01,7.44381E+01,2.67916E+00,7.44381E+01,7.44381E+01,1.24296E+01,1.31540E+01,7.44381E+01,7.44381E+01,7.44381E+01,7.44381E+01,7.44381E+01,7.44381E+01 
#t = 1.554E+03
7.44381E+01,7.44381E+01,7.44381E+01,7.44381E+01,1.08578E+01,1.31540E+01,7.44381E+01,7.44381E+01,7.44381E+01,7.44381E+01,7.44381E+01,7.44381E+01,7.44381E+01,1.08578E+01,7.44381E+01,7.44381E+01,7.44381E+01,7.44381E+01,7.44381E+01,1.31540E+01,9.85992E+00,7.44381E+01,7.44381E+01,7.44381E+01,7.44381E+01,7.44381E+01,7.44381E+01,7.44381E+01,1.31540E+01,7.44381E+01,1.31540E+01,7.44381E+01,1.31540E+01,7.44381E+01,7.44381E+01,7.44381E+01,7.44381E+01,7.44381E+01,1.08578E+01,1.31540E+01,7.44381E+01,7.44381E+01,1.31540E+01 
#t = 1.596E+03
7.44381E+01,7.44381E+01,7.44381E+01,7.44381E+01,7.44381E+01,7.44381E+01,1.08578E+01,1.08578E+01,7.44381E+01,7.44381E+01,7.44381E+01,7.44381E+01,7.44381E+01,7.44381E+01,7.44381E+01,7.44381E+01,7.44381E+01,7.44381E+01,7.44381E+01,7.44381E+01,7.44381E+01,7.44381E+01,2.46905E+01,7.44381E+01,7.44381E+01,7.44381E+01,7.44381E+01,7.44381E+01,7.44381E+01,7.44381E+01,7.44381E+01,7.44381E+01,7.44381E+01,7.44381E+01,7.44381E+01,7.44381E+01 
#t = 1.638E+03
7.44381E+01,7.44381E+01,7.44381E+01,7.44381E+01,7.44381E+01,7.44381E+01,7.44381E+01,7.44381E+01,7.44381E+01,7.44381E+01,7.44381E+01,7.44381E+01,8.06210E+00,7.44381E+01,7.44381E+01,7.44381E+01,7.44381E+01,7.44381E+01,7.44381E+01,7.44381E+01,7.44381E+01,7.44381E+01,7.44381E+01,7.44381E+01,7.44381E+01,7.44381E+01,7.44381E+01,1.92364E+01,7.44381E+01,7.44381E+01,7.44381E+01,7.44381E+01,7.44381E+01,7.44381E+01,7.44381E+01,7.44381E+01,7.44381E+01 
#t = 1.680E+03
7.44381E+01,7.44381E+01,7.44381E+01,7.44381E+01,7.44381E+01,7.44381E+01,7.44381E+01,7.44381E+01,7.44381E+01,7.44381E+01,7.44381E+01,7.44381E+01,7.44381E+01,7.44381E+01,1.92364E+01,7.44381E+01,7.44381E+01,7.44381E+01,7.44381E+01,7.44381E+01,7.44381E+01,7.44381E+01,7.44381E+01,7.44381E+01,7.44381E+01,7.44381E+01,7.44381E+01,1.92364E+01,7.44381E+01,7.44381E+01,7.44381E+01,7.44381E+01,7.44381E+01,1.92364E+01,3.46856E+00,3.90864E-01,7.44381E+01,7.44381E+01,7.44381E+01 
#t = 1.722E+03
7.44381E+01,7.44381E+01,1.92364E+01,7.44381E+01,7.44381E+01,7.44381E+01,1.03741E+01,7.44381E+01,7.44381E+01,7.44381E+01,7.44381E+01,7.44381E+01,1.92364E+01,7.44381E+01,1.48186E+01,7.44381E+01,7.44381E+01,7.44381E+01,7.44381E+01,7.44381E+01,7.44381E+01,7.44381E+01,7.44381E+01,7.44381E+01,7.44381E+01,7.44381E+01,7.44381E+01,7.44381E+01,7.44381E+01,7.44381E+01,7.44381E+01,7.44381E+01,7.44381E+01,7.44381E+01,7.44381E+01,7.44381E+01,7.44381E+01,7.44381E+01,7.44381E+01,7.44381E+01,7.44381E+01,7.44381E+01,7.44381E+01,4.27691E+00,7.44381E+01,7.44381E+01 
#t = 1.764E+03
7.44381E+01,7.44381E+01,7.44381E+01,7.44381E+01,7.44381E+01,7.44381E+01,7.44381E+01,7.44381E+01,7.44381E+01,7.44381E+01,7.44381E+01,7.44381E+01,7.44381E+01,7.44381E+01,7.44381E+01,7.44381E+01,7.44381E+01,7.44381E+01,7.44381E+01,7.44381E+01,7.44381E+01,7.44381E+01,7.44381E+01,7.44381E+01,7.44381E+01,7.44381E+01,7.44381E+01,7.44381E+01,7.44381E+01,7.44381E+01,7.44381E+01,7.44381E+01,7.44381E+01,7.44381E+01,7.44381E+01,1.02609E+00,2.83579E+00,1.73723E+01,7.44381E+01,7.44381E+01,3.97649E+00 
#t = 1.806E+03
7.44381E+01,7.44381E+01,7.44381E+01,7.44381E+01,7.44381E+01,7.44381E+01,7.44381E+01,7.44381E+01,7.44381E+01,7.44381E+01,7.44381E+01,7.44381E+01,7.44381E+01,7.44381E+01,7.44381E+01,1.42806E+01,7.44381E+01,1.42806E+01,7.44381E+01,7.44381E+01,7.44381E+01,7.44381E+01,7.44381E+01,7.44381E+01,7.44381E+01,7.44381E+01,7.44381E+01,7.44381E+01,7.44381E+01,7.44381E+01,7.44381E+01,7.44381E+01,2.88275E+00,7.44381E+01,7.44381E+01,2.75977E+00,7.44381E+01,7.44381E+01,7.44381E+01 
#t = 1.848E+03
7.44381E+01,7.44381E+01,7.44381E+01,7.44381E+01,7.44381E+01,7.44381E+01,7.44381E+01,7.44381E+01,7.44381E+01,7.44381E+01,7.44381E+01,7.44381E+01,7.44381E+01,7.44381E+01,7.44381E+01,7.44381E+01,7.44381E+01,7.44381E+01,7.44381E+01,1.12960E+01,7.44381E+01,7.44381E+01,7.44381E+01,7.44381E+01,7.44381E+01,7.44381E+01,7.44381E+01,7.44381E+01,7.44381E+01,7.44381E+01,7.44381E+01,1.78029E+00,7.44381E+01,7.44381E+01,2.22391E+00,7.44381E+01,2.69271E+00,7.44381E+01,7.44381E+01,7.44381E+01,8.48568E-01,7.44381E+01,7.44381E+01,1.11303E+00 
#t = 1.890E+03
7.44381E+01,7.44381E+01,7.44381E+01,7.44381E+01,7.44381E+01,7.44381E+01,7.44381E+01,7.44381E+01,7.44381E+01,7.44381E+01,7.44381E+01,7.44381E+01,7.44381E+01,3.11192E+01,7.44381E+01,7.44381E+01,7.44381E+01,7.44381E+01,7.44381E+01,7.44381E+01,7.44381E+01,7.44381E+01,7.44381E+01,7.44381E+01,7.44381E+01,7.44381E+01,7.44381E+01,7.44381E+01,7.44381E+01,7.44381E+01,7.44381E+01,7.44381E+01,3.16282E+00,7.44381E+01,7.44381E+01,7.44381E+01,3.11192E+01,7.44381E+01,7.44381E+01,5.13939E+00,7.44381E+01,7.44381E+01,7.44381E+01,7.44381E+01,7.44381E+01,7.44381E+01,7.44381E+01,7.44381E+01,7.44381E+01,7.44381E+01,7.44381E+01,7.44381E+01,7.44381E+01,2.20627E-01,7.44381E+01,9.03879E-01,7.44381E+01,3.11192E+01,7.44381E+01,7.44381E+01 
#t = 1.932E+03
7.44381E+01,7.44381E+01,7.44381E+01,7.44381E+01,7.44381E+01,3.11192E+01,7.44381E+01,7.44381E+01,7.44381E+01,7.44381E+01,7.44381E+01,7.44381E+01,7.44381E+01,7.44381E+01,7.44381E+01,3.11192E+01,7.44381E+01,6.45551E+00,7.44381E+01,7.44381E+01,3.11192E+01,7.44381E+01,7.44381E+01,3.11192E+01,7.44381E+01,7.44381E+01,7.44381E+01,7.44381E+01,7.44381E+01,7.44381E+01,7.44381E+01 
#t = 1.974E+03
7.44381E+01,7.44381E+01,7.44381E+01,7.44381E+01,7.44381E+01,7.44381E+01,7.44381E+01,7.44381E+01,7.44381E+01,7.44381E+01,7.44381E+01,7.44381E+01,7.44381E+01,7.44381E+01,7.44381E+01,7.44381E+01,7.44381E+01,7.44381E+01,7.44381E+01,7.44381E+01,7.44381E+01,7.44381E+01,7.44381E+01,7.44381E+01,7.44381E+01,7.44381E+01,7.44381E+01,7.44381E+01,8.44992E+00,7.44381E+01,7.44381E+01,7.44381E+01,7.44381E+01,7.44381E+01,7.44381E+01,7.44381E+01,7.44381E+01,7.44381E+01,7.44381E+01,7.44381E+01,7.44381E+01,7.44381E+01,7.44381E+01,7.44381E+01,2.57323E+00,7.44381E+01,3.85045E+00,7.44381E+01 
#t = 2.016E+03
7.44381E+01,7.44381E+01,7.44381E+01,7.44381E+01,7.44381E+01,7.44381E+01,7.44381E+01,7.44381E+01,7.44381E+01,7.44381E+01,7.44381E+01,7.44381E+01,7.44381E+01,7.44381E+01,7.44381E+01,7.44381E+01,7.44381E+01,7.44381E+01,7.44381E+01,7.44381E+01,7.44381E+01,7.44381E+01,1.33019E+01,7.44381E+01,7.44381E+01,7.44381E+01,7.44381E+01,7.44381E+01,7.44381E+01,7.44381E+01,7.44381E+01,7.44381E+01,3.25657E+00,1.88003E+00,7.44381E+01,7.44381E+01,7.44381E+01,3.03432E+00,7.44381E+01,7.44381E+01,7.44381E+01 
#t = 2.058E+03
7.44381E+01,7.44381E+01,7.44381E+01,7.44381E+01,7.44381E+01,7.44381E+01,7.44381E+01,7.44381E+01,7.44381E+01,7.44381E+01,7.44381E+01,7.44381E+01,7.44381E+01,7.44381E+01,7.44381E+01,7.44381E+01,7.44381E+01,7.44381E+01,7.44381E+01,7.44381E+01,7.44381E+01,7.44381E+01,7.44381E+01,7.44381E+01,7.44381E+01,7.44381E+01,1.77276E+01,7.44381E+01,7.44381E+01,7.44381E+01,7.44381E+01,7.44381E+01,7.44381E+01,7.44381E+01,7.44381E+01,2.45496E+01,7.44381E+01,7.44381E+01,7.44381E+01,7.44381E+01,7.44381E+01,7.44381E+01,9.83256E+00,7.44381E+01,7.44381E+01,7.44381E+01,7.44381E+01,2.08466E+00,7.51006E+00 
#t = 2.100E+03
7.44381E+01,7.44381E+01,9.83256E+00,7.44381E+01,7.44381E+01,7.44381E+01,7.44381E+01,7.44381E+01,7.44381E+01,7.44381E+01,7.44381E+01,7.44381E+01,7.44381E+01,7.44381E+01,7.44381E+01,7.44381E+01,7.44381E+01,7.44381E+01,7.44381E+01,1.32522E+01,7.44381E+01,7.44381E+01,7.44381E+01,1.32522E+01,1.32522E+01,7.44381E+01,7.44381E+01,7.44381E+01,7.44381E+01,7.44381E+01,1.77276E+01,7.44381E+01,7.44381E+01,7.44381E+01,6.11624E+00,7.44381E+01,1.32522E+01,7.44381E+01,7.44381E+01,7.44381E+01,7.44381E+01,7.44381E+01,7.44381E+01,1.77276E+01,7.44381E+01,7.44381E+01,3.67740E-01,7.44381E+01,7.44381E+01,7.44381E+01,7.44381E+01,7.44381E+01,1.44448E+00,7.44381E+01,6.41123E-01 
#t = 2.142E+03
7.44381E+01,7.44381E+01,7.44381E+01,1.77276E+01,7.44381E+01,7.44381E+01,7.44381E+01,1.77276E+01,7.44381E+01,7.44381E+01,7.44381E+01,1.32522E+01,2.05815E+01,7.44381E+01,7.44381E+01,1.32522E+01,7.44381E+01,7.44381E+01,7.44381E+01,7.44381E+01,1.77276E+01,7.44381E+01,7.44381E+01,7.44381E+01,7.44381E+01,7.44381E+01,7.44381E+01,1.77276E+01,7.44381E+01,2.05815E+01,7.44381E+01,7.44381E+01,7.44381E+01,7.44381E+01,7.44381E+01,7.44381E+01,7.44381E+01,7.44381E+01,7.44381E+01,7.44381E+01,7.44381E+01,7.44381E+01,3.16956E+00,7.44381E+01,7.44381E+01,7.88045E+00,7.44381E+01,7.44381E+01,7.44381E+01,7.44381E+01,5.77994E-01,7.44381E+01,1.32522E+01,7.44381E+01 
#t = 2.184E+03
7.44381E+01,7.44381E+01,1.77276E+01,7.44381E+01,1.32522E+01,7.44381E+01,7.44381E+01,7.44381E+01,7.44381E+01,7.44381E+01,7.44381E+01,7.44381E+01,7.44381E+01,7.44381E+01,7.44381E+01,7.44381E+01,7.44381E+01,2.05815E+01,7.44381E+01,7.44381E+01,7.44381E+01,7.44381E+01,7.44381E+01,7.44381E+01,7.44381E+01,7.44381E+01,7.44381E+01,7.44381E+01,2.05815E+01,7.44381E+01,1.77276E+01,7.44381E+01,7.44381E+01,7.44381E+01,1.77276E+01,7.44381E+01,7.44381E+01,7.44381E+01,7.44381E+01,7.44381E+01,7.44381E+01,1.32522E+01,8.34993E+00,7.44381E+01,1.77276E+01,2.05815E+01,1.21035E+01,7.44381E+01,4.53753E+00,7.44381E+01,7.44381E+01,1.77276E+01,7.57830E+00,1.77276E+01,7.44381E+01,7.44381E+01,7.44381E+01,7.44381E+01,7.44381E+01,7.44381E+01,7.44381E+01,1.29465E+01,7.44381E+01,7.44381E+01,7.44381E+01,7.44381E+01,1.77276E+01,7.44381E+01,7.44381E+01,7.44381E+01,7.44381E+01,7.44381E+01,1.77276E+01,7.44381E+01,1.21043E+00,7.44381E+01,7.44381E+01,2.12413E+00,7.44381E+01,7.44381E+01,3.37098E+00,7.44381E+01,7.44381E+01,7.44381E+01,1.10143E+00 
#t = 2.226E+03
7.44381E+01,7.44381E+01,7.44381E+01,7.44381E+01,7.44381E+01,1.29465E+01,7.44381E+01,7.44381E+01,7.44381E+01,7.44381E+01,7.44381E+01,7.44381E+01,7.44381E+01,1.32522E+01,1.77276E+01,7.44381E+01,7.44381E+01,7.44381E+01,7.44381E+01,7.44381E+01,7.44381E+01,9.96253E+00,7.44381E+01,7.44381E+01,7.44381E+01,7.44381E+01,1.77276E+01,7.44381E+01,7.44381E+01,7.44381E+01,7.44381E+01,7.44381E+01,7.44381E+01,7.44381E+01,8.95148E+00,7.44381E+01,7.44381E+01,7.44381E+01,1.77276E+01,1.77276E+01,7.44381E+01,7.44381E+01,7.44381E+01,7.44381E+01,7.44381E+01,7.44381E+01,7.44381E+01,7.44381E+01,3.28042E+00,7.44381E+01,7.44381E+01,1.77276E+01,7.44381E+01,7.44381E+01 
#t = 2.268E+03
7.44381E+01,7.44381E+01,7.44381E+01,7.44381E+01,1.29465E+01,7.44381E+01,1.29465E+01,7.44381E+01,7.44381E+01,7.44381E+01,2.07820E+01,1.77276E+01,7.44381E+01,7.44381E+01,1.77276E+01,7.44381E+01,7.44381E+01,7.44381E+01,2.07820E+01,7.44381E+01,7.44381E+01,7.44381E+01,7.44381E+01,7.44381E+01,7.44381E+01,7.44381E+01,7.44381E+01,7.44381E+01,2.07820E+01,7.44381E+01,7.44381E+01,7.44381E+01,7.44381E+01,7.44381E+01,7.44381E+01,1.77276E+01,7.44381E+01,6.86385E+00,2.07820E+01,7.44381E+01,2.07820E+01,3.64444E+00,2.07820E+01,7.44381E+01 
#t = 2.310E+03
7.44381E+01,7.44381E+01,7.44381E+01,7.44381E+01,7.44381E+01,7.44381E+01,7.44381E+01,7.44381E+01,7.44381E+01,7.44381E+01,7.44381E+01,7.44381E+01,7.44381E+01,7.44381E+01,7.44381E+01,1.53394E+01,7.44381E+01,7.44381E+01,7.44381E+01,7.44381E+01,7.44381E+01,7.44381E+01,7.44381E+01,7.44381E+01,1.53394E+01,7.44381E+01,7.44381E+01,7.44381E+01,1.77276E+01,7.44381E+01,7.44381E+01,7.44381E+01,7.44381E+01,7.44381E+01,6.69365E+00,6.65934E-01,7.44381E+01,8.43313E+00,7.44381E+01,7.44381E+01,7.44381E+01,2.69863E+00,7.44381E+01,2.50029E+00,7.44381E+01,7.44381E+01 
#t = 2.352E+03
7.44381E+01,7.44381E+01,7.44381E+01,1.77276E+01,7.44381E+01,1.39369E+01,7.44381E+01,7.44381E+01,1.77276E+01,7.44381E+01,7.44381E+01,7.44381E+01,1.53394E+01,7.44381E+01,1.77276E+01,7.44381E+01,1.53394E+01,7.44381E+01,7.44381E+01,7.44381E+01,7.44381E+01,2.83197E+00,7.44381E+01,7.44381E+01,7.44381E+01,7.44381E+01,7.44381E+01,2.37913E+00,7.44381E+01,7.44381E+01,2.18171E+00,7.44381E+01 
#t = 2.394E+03
7.44381E+01,7.44381E+01,7.44381E+01,1.77276E+01,7.44381E+01,7.44381E+01,7.44381E+01,7.44381E+01,7.44381E+01,7.44381E+01,7.44381E+01,7.44381E+01,7.44381E+01,7.44381E+01,7.44381E+01,7.44381E+01,7.44381E+01,7.44381E+01,1.25693E+01,7.44381E+01,7.55952E+00,7.44381E+01,1.77276E+01,7.44381E+01,7.44381E+01,7.44381E+01,1.25693E+01,7.44381E+01,7.44381E+01,7.44381E+01,7.44381E+01,1.25693E+01,7.44381E+01,7.44381E+01,1.25693E+01,1.25693E+01,1.25693E+01,7.44381E+01,7.44381E+01,7.44381E+01,7.44381E+01,7.44381E+01,7.44381E+01,7.44381E+01 
#t = 2.436E+03
7.44381E+01,7.44381E+01,7.44381E+01,1.25693E+01,7.44381E+01,7.44381E+01,1.25693E+01,7.44381E+01,7.44381E+01,7.44381E+01,7.44381E+01,7.44381E+01,7.44381E+01,7.44381E+01,1.77276E+01,7.44381E+01,7.44381E+01,7.44381E+01,7.44381E+01,7.44381E+01,7.44381E+01,7.44381E+01,7.44381E+01,7.44381E+01,7.44381E+01,3.89039E+00,7.44381E+01,1.25693E+01,1.31300E+01,7.44381E+01,7.44381E+01,7.44381E+01,7.44381E+01,7.44381E+01,4.40245E+00,7.44381E+01,7.44381E+01,2.92682E+00,7.44381E+01,5.48362E+00,7.44381E+01,1.31300E+01,7.44381E+01,8.68481E+00,7.44381E+01 
#t = 2.478E+03
1.25693E+01,7.44381E+01,7.44381E+01,7.44381E+01,7.44381E+01,1.25693E+01,7.44381E+01,7.44381E+01,1.77276E+01,7.44381E+01,7.44381E+01,7.44381E+01,7.44381E+01,7.44381E+01,7.44381E+01,7.44381E+01,7.44381E+01,7.44381E+01,7.44381E+01,7.44381E+01,7.44381E+01,7.44381E+01,7.44381E+01,1.25693E+01,7.44381E+01,1.25693E+01,7.44381E+01,7.44381E+01,7.44381E+01,1.25693E+01,7.44381E+01,7.44381E+01,7.44381E+01,7.44381E+01,1.25693E+01,1.77276E+01,7.44381E+01,1.25693E+01,5.02895E+00,1.25693E+01 
#t = 2.520E+03
7.44381E+01,7.44381E+01,7.44381E+01,1.25693E+01,7.44381E+01,1.25693E+01,7.44381E+01,7.44381E+01,7.44381E+01,7.44381E+01,7.44381E+01,7.44381E+01,7.44381E+01,7.44381E+01,7.44381E+01,1.04565E+01,7.44381E+01,7.44381E+01,7.44381E+01,7.44381E+01,7.44381E+01,7.44381E+01,7.44381E+01,7.44381E+01,7.44381E+01,7.44381E+01,7.44381E+01,7.44381E+01,2.25699E+00 
#t = 2.562E+03
7.44381E+01,1.25693E+01,1.27644E+01,7.44381E+01,7.44381E+01,7.44381E+01,7.44381E+01,7.44381E+01,1.25693E+01,7.44381E+01,7.44381E+01,7.44381E+01,1.27644E+01,7.44381E+01,7.44381E+01,7.44381E+01,7.44381E+01,7.44381E+01,6.63647E+00,7.44381E+01,1.25693E+01,7.44381E+01,7.44381E+01,7.44381E+01,7.44381E+01,5.94403E+00,1.27644E+01,7.44381E+01,7.44381E+01,7.44381E+01,1.25693E+01,7.44381E+01,7.44381E+01,7.44381E+01,7.44381E+01,7.44381E+01,7.44381E+01,7.44381E+01,7.44381E+01,7.44381E+01,7.44381E+01,2.62068E+00,7.44381E+01 
#t = 2.604E+03
1.25693E+01,7.44381E+01,7.44381E+01,7.44381E+01,7.44381E+01,1.25693E+01,7.44381E+01,1.65386E+01,7.44381E+01,7.44381E+01,7.44381E+01,7.44381E+01,7.44381E+01,1.25693E+01,7.44381E+01,1.25693E+01,7.44381E+01,7.44381E+01,7.44381E+01,7.44381E+01,7.44381E+01,7.44381E+01,1.25693E+01,1.75509E+00,7.44381E+01,7.44381E+01,7.44381E+01,7.44381E+01,7.44381E+01,7.44381E+01,7.44381E+01,7.44381E+01,7.44381E+01,7.44381E+01,7.44381E+01,7.44381E+01,7.44381E+01,7.44381E+01,7.44381E+01,3.26498E+00,7.56415E-01,7.44381E+01,7.44381E+01 
#t = 2.646E+03
7.44381E+01,7.44381E+01,7.44381E+01,7.44381E+01,7.44381E+01,7.44381E+01,1.38265E+01,1.25693E+01,7.44381E+01,7.44381E+01,7.44381E+01,7.44381E+01,7.44381E+01,7.44381E+01,7.44381E+01,7.44381E+01,9.93595E+00,7.44381E+01,7.44381E+01,1.25693E+01,7.44381E+01,7.44381E+01,7.44381E+01,7.44381E+01,7.44381E+01,7.44381E+01,7.44381E+01,7.44381E+01,7.44381E+01,7.44381E+01,7.44381E+01,7.44381E+01,7.44381E+01,7.44381E+01,7.44381E+01,7.44381E+01,7.44381E+01,1.25693E+01,7.44381E+01,7.44381E+01,1.46844E+00,1.96688E+00,7.44381E+01 
#t = 2.688E+03
7.44381E+01,7.44381E+01,7.44381E+01,7.44381E+01,7.44381E+01,7.44381E+01,7.44381E+01,7.44381E+01,7.44381E+01,7.44381E+01,7.44381E+01,7.44381E+01,7.44381E+01,7.44381E+01,7.44381E+01,7.44381E+01,7.44381E+01,9.53897E+00,7.44381E+01,7.44381E+01,7.44381E+01,7.44381E+01,7.44381E+01,1.25752E+01,8.16786E+00,7.44381E+01,7.44381E+01,7.44381E+01,7.44381E+01,7.44381E+01,7.44381E+01,7.44381E+01,7.44381E+01,7.44381E+01,7.44381E+01,7.44381E+01,7.44381E+01,7.44381E+01,5.32175E-01,7.44381E+01,7.44381E+01,7.44381E+01 
#t = 2.730E+03
7.44381E+01,7.44381E+01,7.44381E+01,1.25752E+01,7.44381E+01,7.44381E+01,7.44381E+01,7.44381E+01,7.44381E+01,7.44381E+01,3.69837E+00,7.44381E+01,7.44381E+01,1.25752E+01,1.25752E+01,7.44381E+01,7.44381E+01,7.44381E+01,7.44381E+01,1.25752E+01,7.44381E+01,7.44381E+01,7.44381E+01,7.44381E+01,7.44381E+01,7.44381E+01,7.44381E+01,1.25752E+01,7.44381E+01,7.44381E+01,7.44381E+01,7.44381E+01,7.44381E+01,7.44381E+01,7.44381E+01,7.44381E+01,1.25752E+01,1.29245E+00,7.44381E+01 
#t = 2.772E+03
7.44381E+01,7.44381E+01,7.44381E+01,1.25752E+01,7.44381E+01,1.25752E+01,7.44381E+01,7.44381E+01,7.44381E+01,7.44381E+01,7.44381E+01,7.44381E+01,1.25752E+01,7.44381E+01,7.44381E+01,7.44381E+01,7.44381E+01,1.25752E+01,7.44381E+01,7.44381E+01,7.44381E+01,7.44381E+01,7.44381E+01,7.44381E+01,7.44381E+01,7.44381E+01,7.44381E+01,7.44381E+01,7.44381E+01,7.44381E+01,7.44381E+01,7.44381E+01,7.44381E+01,7.44381E+01,7.44381E+01,7.44381E+01,7.44381E+01,7.44381E+01,7.44381E+01,7.44381E+01,7.44381E+01,7.44381E+01,7.44381E+01,7.44381E+01,7.44381E+01,7.44381E+01,7.44381E+01,7.44381E+01,7.44381E+01,4.71578E+00,7.44381E+01,7.44381E+01,7.44381E+01,3.04266E+00,7.44381E+01 
#t = 2.814E+03
1.25752E+01,7.44381E+01,7.44381E+01,7.44381E+01,7.44381E+01,7.44381E+01,7.44381E+01,7.44381E+01,7.44381E+01,7.44381E+01,7.44381E+01,7.44381E+01,7.44381E+01,7.44381E+01,7.44381E+01,7.44381E+01,7.44381E+01,7.44381E+01,7.44381E+01,7.44381E+01,7.44381E+01,7.44381E+01,7.44381E+01,7.44381E+01,7.44381E+01,7.44381E+01,7.44381E+01,7.44381E+01,7.44381E+01,7.44381E+01,7.44381E+01,7.44381E+01,7.44381E+01,7.44381E+01,7.44381E+01,7.44381E+01,7.44381E+01,7.44381E+01,7.44381E+01,7.44381E+01,4.89163E-01,7.44381E+01,7.44381E+01,7.44381E+01,7.44381E+01,7.44381E+01,7.44381E+01,7.44381E+01 
#t = 2.856E+03
1.25752E+01,7.44381E+01,7.44381E+01,7.44381E+01,7.44381E+01,7.44381E+01,7.44381E+01,7.44381E+01,7.44381E+01,7.44381E+01,7.44381E+01,7.44381E+01,7.44381E+01,7.44381E+01,7.44381E+01,7.44381E+01,7.44381E+01,7.44381E+01,7.44381E+01,7.44381E+01,7.44381E+01,7.44381E+01,7.44381E+01,7.44381E+01,7.44381E+01,7.44381E+01,7.44381E+01,7.44381E+01,7.44381E+01,7.44381E+01,7.44381E+01,7.44381E+01,7.44381E+01,7.44381E+01,7.44381E+01,7.44381E+01,7.44381E+01,7.44381E+01,7.44381E+01,7.44381E+01 
#t = 2.898E+03
7.44381E+01,7.44381E+01,7.44381E+01,7.44381E+01,7.44381E+01,7.44381E+01,7.44381E+01,7.44381E+01,7.44381E+01,7.44381E+01,7.44381E+01,7.44381E+01,7.44381E+01,7.44381E+01,1.63927E+01,7.44381E+01,7.44381E+01,7.44381E+01,7.44381E+01,7.44381E+01,7.44381E+01,7.44381E+01,1.63927E+01,7.44381E+01,7.44381E+01,7.44381E+01,7.44381E+01,7.44381E+01,7.44381E+01,1.82395E+00,7.44381E+01,7.44381E+01,7.44381E+01,7.44381E+01,7.44381E+01,7.44381E+01,7.44381E+01,7.44381E+01,7.44381E+01,1.68682E+00,7.44381E+01,7.44381E+01,7.44381E+01,7.44381E+01,7.44381E+01 
#t = 2.940E+03
7.44381E+01,7.44381E+01,7.44381E+01,7.44381E+01,1.63927E+01,7.44381E+01,7.44381E+01,7.44381E+01,7.44381E+01,7.44381E+01,7.44381E+01,7.44381E+01,7.44381E+01,7.44381E+01,7.44381E+01,7.44381E+01,7.44381E+01,7.44381E+01,7.44381E+01,7.44381E+01,7.44381E+01,7.44381E+01,7.44381E+01,7.44381E+01,7.44381E+01,7.44381E+01,4.91535E-01,7.44381E+01,7.44381E+01,7.44381E+01,7.44381E+01,7.44381E+01,7.44381E+01,7.44381E+01,7.44381E+01,5.06353E+00 
#t = 2.982E+03
7.44381E+01,7.44381E+01,7.44381E+01,7.44381E+01,7.44381E+01,7.44381E+01,7.44381E+01,7.44381E+01,7.44381E+01,7.44381E+01,7.44381E+01,7.44381E+01,7.44381E+01,7.44381E+01,7.44381E+01,7.44381E+01,7.44381E+01,7.44381E+01,7.44381E+01,7.44381E+01,7.44381E+01,7.44381E+01,7.44381E+01,7.44381E+01,7.44381E+01,7.44381E+01,7.44381E+01,7.44381E+01,7.44381E+01,7.44381E+01,7.44381E+01,7.44381E+01,4.10474E+00,7.44381E+01,7.44381E+01 
#t = 3.024E+03
7.44381E+01,7.44381E+01,7.44381E+01,7.44381E+01,7.44381E+01,7.44381E+01,7.44381E+01,7.44381E+01,7.44381E+01,7.44381E+01,7.44381E+01,7.44381E+01,7.44381E+01,7.44381E+01,7.44381E+01,7.44381E+01,7.44381E+01,7.44381E+01,7.44381E+01,7.44381E+01,7.44381E+01,7.44381E+01,7.44381E+01,7.44381E+01,3.02367E+00,7.44381E+01,7.44381E+01,7.44381E+01,2.19598E+00,7.44381E+01,4.40600E+00,4.29100E+00,1.95342E+00,7.44381E+01,7.44381E+01,1.72587E+00,7.44381E+01,7.44381E+01,7.44381E+01,7.44381E+01,6.27795E+00,7.44381E+01,7.44381E+01,7.44381E+01,9.09218E-01,4.00349E-01,7.44381E+01,7.44381E+01 
#t = 3.066E+03
7.44381E+01,7.44381E+01,7.44381E+01,7.44381E+01,7.44381E+01,7.44381E+01,7.44381E+01,7.44381E+01,7.44381E+01,7.44381E+01,7.44381E+01,7.44381E+01,7.44381E+01,7.44381E+01,7.44381E+01,7.44381E+01,7.44381E+01,7.44381E+01,7.44381E+01,7.44381E+01,7.44381E+01,7.44381E+01,7.44381E+01,7.44381E+01,7.44381E+01,7.44381E+01,7.44381E+01,7.44381E+01,7.44381E+01,7.44381E+01,7.44381E+01,7.44381E+01,7.44381E+01,7.44381E+01,7.44381E+01,7.44381E+01,2.25106E+00,7.44381E+01,7.44381E+01,7.44381E+01,7.44381E+01,7.44381E+01,7.44381E+01,7.44381E+01,7.73788E+00 
#t = 3.108E+03
7.44381E+01,7.44381E+01,7.44381E+01,7.44381E+01,7.44381E+01,7.44381E+01,7.44381E+01,7.44381E+01,7.44381E+01,7.44381E+01,7.44381E+01,7.44381E+01,7.44381E+01,7.44381E+01,7.44381E+01,7.44381E+01,7.44381E+01,7.44381E+01,7.44381E+01,7.44381E+01,7.44381E+01,7.44381E+01,7.44381E+01,7.44381E+01,7.44381E+01,7.44381E+01,1.49672E+01,7.44381E+01,7.44381E+01,7.44381E+01,7.44381E+01,7.44381E+01,1.49672E+01,7.44381E+01,1.49672E+01,7.44381E+01,7.44381E+01,7.44381E+01,7.44381E+01,7.44381E+01,7.44381E+01,7.44381E+01,7.44381E+01,7.44381E+01,7.44381E+01,7.44381E+01,7.44381E+01,7.44381E+01,1.05344E+00,1.49672E+01,7.44381E+01,7.44381E+01,1.84797E+00 
#t = 3.150E+03
7.44381E+01,7.44381E+01,7.44381E+01,7.44381E+01,1.49672E+01,7.44381E+01,1.49672E+01,7.44381E+01,7.44381E+01,7.44381E+01,7.44381E+01,7.44381E+01,7.44381E+01,7.44381E+01,1.49672E+01,7.44381E+01,7.44381E+01,7.44381E+01,7.44381E+01,7.44381E+01,7.44381E+01,7.44381E+01,7.44381E+01,7.44381E+01,7.44381E+01,7.44381E+01,7.44381E+01,1.49672E+01,1.61203E+00,7.44381E+01,7.44381E+01,7.10567E+00,7.44381E+01,7.44381E+01,7.44381E+01,7.44381E+01,7.44381E+01,7.44381E+01,1.33786E+01,7.44381E+01,2.91958E+00,7.44381E+01,7.44381E+01,7.44381E+01,7.44381E+01 
#t = 3.192E+03
7.44381E+01,7.44381E+01,7.44381E+01,7.44381E+01,7.44381E+01,7.44381E+01,7.44381E+01,7.44381E+01,7.44381E+01,7.44381E+01,7.44381E+01,7.44381E+01,7.44381E+01,7.44381E+01,7.44381E+01,7.44381E+01,7.44381E+01,7.44381E+01,7.44381E+01,7.44381E+01,7.44381E+01,7.44381E+01,7.44381E+01,7.44381E+01,7.44381E+01,7.44381E+01,7.44381E+01,7.44381E+01,7.44381E+01,7.44381E+01,7.44381E+01,7.44381E+01,7.44381E+01,7.44381E+01,3.03331E+00,7.44381E+01,7.44381E+01,7.44381E+01,5.70158E+00 
#t = 3.234E+03
7.44381E+01,7.44381E+01,7.44381E+01,7.44381E+01,7.44381E+01,7.44381E+01,7.44381E+01,7.44381E+01,7.44381E+01,1.16374E+01,7.44381E+01,7.44381E+01,7.44381E+01,7.44381E+01,7.44381E+01,7.44381E+01,7.44381E+01,7.44381E+01,7.44381E+01,7.44381E+01,7.44381E+01,7.44381E+01,7.44381E+01,7.44381E+01,7.44381E+01,7.44381E+01,7.44381E+01,7.44381E+01,7.44381E+01,7.44381E+01,7.44381E+01,7.44381E+01,7.44381E+01,7.44381E+01,7.44381E+01,6.43442E-01,7.44381E+01,7.44381E+01,7.44381E+01,7.44381E+01,7.44381E+01 
#t = 3.276E+03
7.44381E+01,7.44381E+01,7.44381E+01,7.44381E+01,9.87402E+00,7.44381E+01,7.44381E+01,7.44381E+01,7.44381E+01,7.44381E+01,7.44381E+01,7.44381E+01,7.44381E+01,7.44381E+01,7.44381E+01,7.44381E+01,7.44381E+01,7.44381E+01,7.44381E+01,7.44381E+01,7.44381E+01,7.44381E+01,7.44381E+01,7.44381E+01,7.44381E+01,7.44381E+01,7.44381E+01,7.44381E+01,7.44381E+01,7.44381E+01,2.45698E+00,7.44381E+01,7.44381E+01 
#t = 3.318E+03
7.44381E+01,7.44381E+01,7.44381E+01,7.44381E+01,7.44381E+01,7.44381E+01,7.44381E+01,7.44381E+01,7.44381E+01,7.44381E+01,7.44381E+01,7.44381E+01,7.44381E+01,7.44381E+01,7.44381E+01,7.44381E+01,7.44381E+01,7.44381E+01,7.44381E+01,7.44381E+01,7.44381E+01,7.44381E+01,7.44381E+01,5.30186E+00,7.44381E+01,7.44381E+01,7.44381E+01,7.44381E+01,7.44381E+01,7.44381E+01,7.44381E+01,7.44381E+01,1.27766E+00,7.44381E+01,7.44381E+01,7.44381E+01,7.44381E+01,3.93405E+00,7.44381E+01,7.44381E+01,7.44381E+01,7.44381E+01,3.60283E+00,8.07626E+00,2.80566E+00,7.44381E+01,3.21802E+00 
#t = 3.360E+03
7.44381E+01,7.44381E+01,7.44381E+01,7.44381E+01,7.44381E+01,7.44381E+01,7.44381E+01,7.44381E+01,7.44381E+01,7.44381E+01,7.44381E+01,1.30163E+01,7.44381E+01,7.44381E+01,8.51992E+00,7.44381E+01,7.44381E+01,7.44381E+01,7.44381E+01,7.44381E+01,7.44381E+01,7.44381E+01,9.24212E+00,7.44381E+01,7.44381E+01,7.44381E+01,1.98847E+00,1.02967E+00,7.44381E+01,7.44381E+01 
#t = 3.402E+03
7.44381E+01,7.44381E+01,7.44381E+01,7.44381E+01,7.44381E+01,7.44381E+01,7.44381E+01,7.44381E+01,7.44381E+01,2.23383E+01,7.44381E+01,7.44381E+01,7.44381E+01,7.44381E+01,7.44381E+01,7.44381E+01,7.44381E+01,8.43474E+00,7.44381E+01,7.44381E+01,7.44381E+01,7.44381E+01,7.44381E+01,7.44381E+01,7.44381E+01,7.44381E+01,7.44381E+01,7.44381E+01,7.44381E+01,7.44381E+01,2.91500E+00,7.44381E+01,7.44381E+01,7.44381E+01,7.44381E+01,7.44381E+01,7.44381E+01,7.44381E+01,7.44381E+01,7.44381E+01,7.44381E+01,7.44381E+01,7.44381E+01 
#t = 3.444E+03
7.44381E+01,7.44381E+01,7.44381E+01,7.44381E+01,7.44381E+01,7.44381E+01,7.44381E+01,7.44381E+01,7.44381E+01,7.44381E+01,1.09546E+01,7.44381E+01,7.44381E+01,7.44381E+01,7.44381E+01,7.44381E+01,7.44381E+01,1.01644E+01,7.44381E+01,7.44381E+01,7.44381E+01,1.22158E+01,7.44381E+01,7.44381E+01,7.44381E+01,7.44381E+01,7.44381E+01,6.10960E+00,7.44381E+01,7.44381E+01,2.78708E+00,7.44381E+01,7.44381E+01,7.44381E+01,7.44381E+01,7.44381E+01,7.44381E+01,9.21591E+00,7.44381E+01,7.44381E+01,7.44381E+01,7.44381E+01 
#t = 3.486E+03
7.44381E+01,7.44381E+01,1.01644E+01,7.44381E+01,7.44381E+01,7.44381E+01,7.44381E+01,7.44381E+01,7.44381E+01,7.44381E+01,7.44381E+01,7.44381E+01,7.44381E+01,7.44381E+01,7.44381E+01,7.44381E+01,7.44381E+01,7.44381E+01,7.44381E+01,7.44381E+01,7.44381E+01,7.44381E+01,7.44381E+01,7.44381E+01,7.44381E+01,7.44381E+01,7.44381E+01,7.44381E+01,7.44381E+01,7.44381E+01,7.44381E+01,7.44381E+01,7.44381E+01,7.44381E+01,7.44381E+01,7.44381E+01,7.44381E+01,6.05612E-01,7.44381E+01,5.26729E+00,7.44381E+01 
#t = 3.528E+03
7.44381E+01,7.44381E+01,7.44381E+01,7.44381E+01,7.44381E+01,7.44381E+01,7.44381E+01,7.44381E+01,1.93174E+01,7.44381E+01,7.44381E+01,7.44381E+01,7.44381E+01,7.44381E+01,7.44381E+01,7.44381E+01,7.44381E+01,7.44381E+01,7.44381E+01,7.44381E+01,7.44381E+01,7.44381E+01,7.44381E+01,7.44381E+01,7.44381E+01,7.44381E+01,7.44381E+01,7.44381E+01,7.44381E+01,7.44381E+01,7.64180E+00,7.44381E+01,7.44381E+01,7.44381E+01,7.44381E+01,7.44381E+01,2.24306E+00,7.44381E+01,7.44381E+01,7.44381E+01,7.44381E+01 
#t = 3.570E+03
7.44381E+01,7.44381E+01,7.44381E+01,7.44381E+01,7.44381E+01,7.44381E+01,9.90890E+00,7.44381E+01,7.44381E+01,7.44381E+01,7.44381E+01,7.44381E+01,7.44381E+01,7.44381E+01,7.44381E+01,7.44381E+01,7.44381E+01,7.44381E+01,7.44381E+01,7.44381E+01,7.44381E+01,7.44381E+01,7.44381E+01,7.44381E+01,7.44381E+01,7.44381E+01,7.44381E+01,7.44381E+01,7.44381E+01,7.44381E+01,7.44381E+01,7.44381E+01,7.44381E+01,1.13482E+00,7.44381E+01,2.60493E+00,7.44381E+01,7.44381E+01 
#t = 3.612E+03
7.44381E+01,7.44381E+01,7.44381E+01,7.44381E+01,7.44381E+01,7.44381E+01,7.44381E+01,7.44381E+01,7.44381E+01,7.44381E+01,7.44381E+01,7.44381E+01,7.44381E+01,7.44381E+01,7.44381E+01,7.44381E+01,7.44381E+01,7.44381E+01,7.44381E+01,7.44381E+01,7.44381E+01,7.44381E+01,7.44381E+01,7.44381E+01,7.44381E+01,7.44381E+01,7.44381E+01,7.44381E+01,7.44381E+01,7.44381E+01,7.44381E+01,7.44381E+01,7.44381E+01,7.44381E+01,7.44381E+01,7.44381E+01,7.44381E+01,7.44381E+01,7.44381E+01,2.10881E+00,7.44381E+01,7.44381E+01,7.44381E+01,7.44381E+01,7.44381E+01,7.44381E+01,7.44381E+01,7.44381E+01 
#t = 3.654E+03
7.44381E+01,7.44381E+01,7.44381E+01,7.44381E+01,7.44381E+01,7.44381E+01,7.44381E+01,7.44381E+01,7.44381E+01,7.44381E+01,7.44381E+01,7.44381E+01,7.44381E+01,7.44381E+01,7.44381E+01,1.42596E+01,7.44381E+01,7.44381E+01,1.42596E+01,7.44381E+01,7.44381E+01,1.42596E+01,7.44381E+01,7.44381E+01,7.44381E+01,7.31944E+00,7.44381E+01,7.44381E+01,7.44381E+01,1.42596E+01,7.44381E+01,7.44381E+01,7.44381E+01,7.44381E+01,7.44381E+01 
#t = 3.696E+03
7.44381E+01,7.44381E+01,7.44381E+01,7.44381E+01,7.44381E+01,7.44381E+01,7.44381E+01,7.44381E+01,7.44381E+01,7.44381E+01,7.44381E+01,7.44381E+01,7.44381E+01,7.44381E+01,7.44381E+01,7.44381E+01,7.44381E+01,7.44381E+01,7.44381E+01,2.99120E+01,7.44381E+01,7.44381E+01,7.44381E+01,7.44381E+01,7.44381E+01,7.44381E+01,7.44381E+01,7.44381E+01,7.44381E+01,7.44381E+01,7.44381E+01,1.50098E+01,3.30201E+00,7.44381E+01,7.44381E+01,7.44381E+01,7.44381E+01,7.44381E+01,7.44381E+01,7.44381E+01,7.44381E+01 
#t = 3.738E+03
7.44381E+01,7.44381E+01,7.44381E+01,7.44381E+01,7.44381E+01,7.44381E+01,7.44381E+01,7.44381E+01,7.44381E+01,7.44381E+01,7.44381E+01,7.44381E+01,7.44381E+01,7.44381E+01,7.44381E+01,7.44381E+01,7.44381E+01,1.51273E+01,7.44381E+01,7.44381E+01,7.44381E+01,7.44381E+01,7.44381E+01,7.44381E+01,7.44381E+01,7.44381E+01,7.44381E+01,7.44381E+01,7.44381E+01,7.44381E+01,7.44381E+01,7.44381E+01,7.44381E+01,7.44381E+01,2.37112E+00,7.44381E+01,7.44381E+01,7.44381E+01,6.18184E-01,7.44381E+01 
#t = 3.780E+03
7.44381E+01,7.44381E+01,7.44381E+01,7.44381E+01,7.44381E+01,7.44381E+01,7.44381E+01,7.44381E+01,7.44381E+01,7.44381E+01,7.44381E+01,7.44381E+01,7.44381E+01,7.44381E+01,7.44381E+01,7.44381E+01,7.44381E+01,7.44381E+01,7.44381E+01,7.44381E+01,7.44381E+01,7.44381E+01,7.44381E+01,7.44381E+01,7.44381E+01,7.44381E+01,7.44381E+01,7.44381E+01,3.29306E+00,7.44381E+01,7.44381E+01,7.44381E+01,7.44381E+01,7.44381E+01,7.44381E+01,7.44381E+01,7.44381E+01,7.44381E+01,7.44381E+01,3.86862E+00,7.44381E+01,5.21758E+00,7.44381E+01,8.56144E-01,7.44381E+01,7.75766E-01 
#t = 3.822E+03
7.44381E+01,7.44381E+01,7.44381E+01,7.44381E+01,7.44381E+01,7.44381E+01,7.44381E+01,7.44381E+01,7.44381E+01,7.44381E+01,7.44381E+01,7.44381E+01,7.44381E+01,7.44381E+01,7.44381E+01,7.44381E+01,7.44381E+01,7.44381E+01,7.44381E+01,7.44381E+01,7.44381E+01,7.44381E+01,7.44381E+01,7.44381E+01,7.44381E+01,7.44381E+01,7.44381E+01,7.44381E+01,7.44381E+01,7.44381E+01,7.44381E+01,7.44381E+01,7.44381E+01,1.97247E+00,4.99010E+00 
#t = 3.864E+03
7.44381E+01,7.44381E+01,7.44381E+01,7.44381E+01,7.44381E+01,1.21840E+01,7.44381E+01,7.44381E+01,7.44381E+01,7.44381E+01,7.44381E+01,7.44381E+01,7.44381E+01,7.44381E+01,7.44381E+01,7.44381E+01,7.44381E+01,7.44381E+01,7.44381E+01,7.44381E+01,7.44381E+01,7.44381E+01,7.44381E+01,7.44381E+01,7.44381E+01,7.44381E+01,7.44381E+01,7.44381E+01,7.44381E+01,7.44381E+01,7.44381E+01,7.44381E+01,7.44381E+01,1.21063E+01,7.44381E+01,7.44381E+01,7.44381E+01 
#t = 3.906E+03
7.44381E+01,7.44381E+01,7.44381E+01,7.44381E+01,7.44381E+01,7.44381E+01,7.44381E+01,7.44381E+01,7.44381E+01,7.44381E+01,7.44381E+01,7.44381E+01,7.44381E+01,7.44381E+01,7.44381E+01,7.44381E+01,7.44381E+01,7.44381E+01,7.44381E+01,7.44381E+01,1.06723E+01,7.44381E+01,7.44381E+01,7.44381E+01,7.44381E+01,7.44381E+01,2.16731E+00,7.44381E+01,7.44381E+01,7.44381E+01,7.44381E+01,7.44381E+01,7.44381E+01,7.44381E+01,7.44381E+01,7.44381E+01,7.44381E+01,7.44381E+01,5.68537E+00,7.44381E+01,1.88015E+00,7.44381E+01,7.44381E+01,7.44381E+01,7.44381E+01,7.44381E+01,7.44381E+01,7.44381E+01,7.44381E+01,7.44381E+01 
#t = 3.948E+03
7.44381E+01,7.44381E+01,7.44381E+01,7.44381E+01,7.44381E+01,7.44381E+01,7.44381E+01,7.44381E+01,7.44381E+01,7.44381E+01,7.44381E+01,7.44381E+01,7.44381E+01,7.44381E+01,7.44381E+01,7.44381E+01,7.44381E+01,7.44381E+01,7.44381E+01,7.44381E+01,7.44381E+01,7.44381E+01,7.44381E+01,1.47702E+01,7.44381E+01,7.44381E+01,7.44381E+01,7.44381E+01,7.44381E+01,7.44381E+01,7.44381E+01,1.45034E+00,7.44381E+01,7.44381E+01,7.44381E+01,1.82094E+00,7.44381E+01,7.44381E+01,7.44381E+01,1.61242E+00 
#t = 3.990E+03
7.44381E+01,7.44381E+01,7.44381E+01,7.44381E+01,7.44381E+01,7.44381E+01,1.75106E+01,7.44381E+01,7.44381E+01,7.44381E+01,7.44381E+01,7.44381E+01,7.44381E+01,7.44381E+01,7.44381E+01,7.44381E+01,7.44381E+01,7.44381E+01,7.44381E+01,7.44381E+01,7.44381E+01,7.44381E+01,7.44381E+01,7.44381E+01,7.44381E+01,7.44381E+01,7.44381E+01,7.44381E+01,7.44381E+01,7.44381E+01,7.44381E+01,7.44381E+01,7.44381E+01,7.44381E+01,7.44381E+01,7.44381E+01,7.44381E+01,7.44381E+01,2.95420E+00,7.44381E+01,2.22275E+00,7.44381E+01,1.02131E+00,7.44381E+01,7.44381E+01 
#t = 4.032E+03
7.44381E+01,7.44381E+01,7.44381E+01,7.44381E+01,7.44381E+01,7.44381E+01,7.44381E+01,7.44381E+01,7.44381E+01,7.44381E+01,7.44381E+01,7.44381E+01,7.44381E+01,7.44381E+01,7.44381E+01,7.44381E+01,7.44381E+01,7.44381E+01,7.44381E+01,7.44381E+01,7.44381E+01,7.44381E+01,7.44381E+01,7.44381E+01,7.44381E+01,7.44381E+01,7.44381E+01,7.44381E+01,7.44381E+01,7.44381E+01,7.44381E+01,7.44381E+01,9.89681E-01,7.44381E+01,7.44381E+01,7.44381E+01,7.44381E+01,7.44381E+01,7.44381E+01,7.44381E+01,7.44381E+01,7.44381E+01,1.81428E+00 
#t = 4.074E+03
7.44381E+01,7.44381E+01,7.44381E+01,7.44381E+01,7.44381E+01,7.44381E+01,1.70263E+01,7.44381E+01,7.44381E+01,7.44381E+01,7.44381E+01,7.44381E+01,7.44381E+01,7.44381E+01,7.44381E+01,1.70263E+01,7.44381E+01,7.44381E+01,7.44381E+01,7.44381E+01,7.44381E+01,7.44381E+01,7.44381E+01,7.44381E+01,7.44381E+01,7.44381E+01,7.44381E+01,1.70263E+01,7.44381E+01,7.44381E+01,7.44381E+01,7.44381E+01,7.44381E+01,7.44381E+01,7.44381E+01,7.44381E+01,7.44381E+01,7.44381E+01,3.73503E-01,7.44381E+01,7.44381E+01,2.10184E+01 
#t = 4.116E+03
7.44381E+01,7.44381E+01,7.44381E+01,9.60442E+00,7.44381E+01,2.10184E+01,7.44381E+01,7.44381E+01,7.44381E+01,7.44381E+01,7.44381E+01,7.44381E+01,7.44381E+01,7.44381E+01,7.44381E+01,7.44381E+01,7.44381E+01,7.44381E+01,7.44381E+01,7.44381E+01,7.44381E+01,7.44381E+01,7.44381E+01,7.44381E+01,7.44381E+01,7.44381E+01,7.44381E+01,7.44381E+01,7.44381E+01,7.44381E+01,7.44381E+01,7.44381E+01,7.44381E+01,7.44381E+01,7.44381E+01,7.44381E+01,7.44381E+01,7.44381E+01,7.44381E+01,7.44381E+01,7.44381E+01,7.44381E+01,7.44381E+01,7.44381E+01,7.44381E+01 
#t = 4.158E+03
7.44381E+01,7.44381E+01,7.44381E+01,7.44381E+01,7.44381E+01,7.44381E+01,7.44381E+01,7.44381E+01,7.44381E+01,7.44381E+01,7.44381E+01,7.44381E+01,7.44381E+01,7.44381E+01,7.44381E+01,7.44381E+01,7.44381E+01,7.44381E+01,7.44381E+01,7.44381E+01,7.44381E+01,7.44381E+01,7.44381E+01,8.92127E+00,7.44381E+01,7.44381E+01,7.44381E+01,7.44381E+01,7.44381E+01,7.44381E+01,7.44381E+01,7.44381E+01,7.44381E+01,7.44381E+01,7.44381E+01,7.44381E+01,7.44381E+01,7.44381E+01,7.44381E+01,9.14788E+00,1.06052E+00,7.44381E+01,7.44381E+01 
#t = 4.200E+03
7.44381E+01,7.44381E+01,7.44381E+01,7.44381E+01,7.44381E+01,7.44381E+01,7.44381E+01,1.91244E+01,7.44381E+01,7.44381E+01,7.44381E+01,7.44381E+01,7.44381E+01,7.44381E+01,7.44381E+01,7.44381E+01,7.44381E+01,1.91244E+01,1.91244E+01,4.20309E+00,7.44381E+01,7.44381E+01,7.44381E+01,7.44381E+01,7.44381E+01,7.44381E+01,7.44381E+01,7.44381E+01,7.44381E+01,7.44381E+01,7.44381E+01,1.91244E+01,7.44381E+01,7.44381E+01,7.44381E+01,1.91244E+01,7.44381E+01,7.44381E+01,7.44381E+01,7.44381E+01 
