#t = 0.000E+00
5.23736E+00,1.85374E+00,1.28537E+00,1.06699E+00,4.94880E-01 
#t = 4.200E+01
9.28410E+00 
#t = 8.400E+01
2.05679E+00,1.00803E+00 
#t = 1.260E+02
4.91820E-01 
#t = 1.680E+02
2.06726E+01,2.06726E+01,9.00958E-01,9.64846E-01,2.06726E+01 
#t = 2.100E+02
2.06726E+01,2.06726E+01,6.90842E+00,7.92406E+00,4.33555E+00,2.60742E+00,3.65186E+00,1.42209E+00 
#t = 2.520E+02
1.03624E+01,1.85029E+01,1.85029E+01,1.85029E+01,1.66012E+00,1.39292E-01 
#t = 2.940E+02
3.61423E-01,1.85029E+01,9.46909E-01 
#t = 3.360E+02
4.73020E-01 
#t = 3.780E+02
1.25710E+01,9.58986E+00,1.25710E+01 
#t = 4.200E+02
1.25710E+01 
#t = 4.620E+02
9.91190E+00,1.12592E+01 
#t = 5.040E+02
-9999       
#t = 5.460E+02
2.46797E+00,8.90703E+00,1.19846E+00,2.21644E+00,3.03077E+00 
#t = 5.880E+02
5.06732E+00 
#t = 6.300E+02
1.36376E+01,2.28472E+00,1.36376E+01,5.79740E+00 
#t = 6.720E+02
1.36376E+01,5.32597E+00,1.36376E+01,1.83749E+00 
#t = 7.140E+02
1.36376E+01,1.36376E+01,8.88070E+00,9.36394E-01,4.77246E+00,4.09570E-01,2.86449E+00 
#t = 7.560E+02
1.36376E+01 
#t = 7.980E+02
1.60413E+00,3.66214E+00 
#t = 8.400E+02
-9999       
#t = 8.820E+02
3.61806E+01,3.61806E+01,3.61806E+01,3.61806E+01,3.61806E+01,3.33730E+00 
#t = 9.240E+02
3.61806E+01,3.61806E+01,3.61806E+01,3.61806E+01,3.61806E+01,3.61806E+01,3.61806E+01,1.18766E+01,3.61806E+01,3.61806E+01,3.61806E+01,3.61806E+01,3.61806E+01,1.01866E+01,3.61806E+01,3.61806E+01,3.68070E+01,1.18766E+01,3.61806E+01,3.61806E+01,3.61806E+01,4.10737E+00,3.61806E+01,3.61806E+01,3.61806E+01,3.61806E+01,3.61806E+01,3.61806E+01,8.23429E+00,3.61806E+01,3.61806E+01,3.61806E+01,2.84127E+00,3.61806E+01,3.61806E+01,3.61806E+01,3.61806E+01,1.18766E+01,3.61806E+01,1.18766E+01 
#t = 9.660E+02
3.61806E+01,3.61806E+01,3.61806E+01,3.61806E+01,1.18766E+01,3.61806E+01,3.61806E+01,1.18766E+01,3.61806E+01,1.18766E+01,3.61806E+01,3.61806E+01,3.61806E+01,3.61806E+01,3.61806E+01,3.61806E+01,3.61806E+01,3.61806E+01,3.61806E+01,3.61806E+01,1.18766E+01,3.61806E+01,3.61806E+01,5.27931E+00,3.61806E+01,1.18766E+01,3.61806E+01,3.61806E+01,3.61806E+01,7.63184E-01,3.61806E+01,1.65957E+00,3.61806E+01,3.61806E+01,1.46175E+00,3.61806E+01 
#t = 1.008E+03
3.61806E+01,1.18766E+01,3.61806E+01,1.18766E+01,3.61806E+01,3.61806E+01,3.61806E+01,3.61806E+01,1.18766E+01,3.61806E+01,3.61806E+01,3.61806E+01,3.61806E+01,3.61806E+01,3.61806E+01,3.61806E+01,3.61806E+01,3.61806E+01,1.18766E+01,3.61806E+01,3.61806E+01,3.61806E+01,3.61806E+01,3.61806E+01,3.61806E+01,3.61806E+01,2.27421E+00,3.61806E+01,3.61806E+01,3.61806E+01,1.14424E+01,3.61806E+01 
#t = 1.050E+03
3.61806E+01,3.61806E+01,3.61806E+01,1.18766E+01,3.61806E+01,1.48787E+01,3.61806E+01,3.61806E+01,3.61806E+01,3.61806E+01,3.61806E+01,3.61806E+01,3.61806E+01,3.61806E+01,3.61806E+01,3.61806E+01,3.61806E+01,3.61806E+01,3.61806E+01,3.61806E+01,3.61806E+01,3.61806E+01,3.61806E+01,3.61806E+01,3.61806E+01,3.61806E+01,3.61806E+01,3.61806E+01,3.61806E+01,1.48787E+01,3.61806E+01,1.48787E+01,4.74026E+00,3.61806E+01,3.61806E+01,3.61806E+01,2.20200E+00 
#t = 1.092E+03
3.61806E+01,3.61806E+01,3.61806E+01,3.61806E+01,3.61806E+01,3.61806E+01,3.61806E+01,3.61806E+01,3.61806E+01,1.68844E+01,3.61806E+01,3.61806E+01,3.61806E+01,3.61806E+01,3.61806E+01,3.61806E+01,5.74802E+00,3.61806E+01,3.61806E+01,3.61806E+01,3.61806E+01,3.61806E+01,3.61806E+01,3.61806E+01,3.61806E+01,3.61806E+01,3.61806E+01,3.61806E+01,3.61806E+01,3.61806E+01,3.61806E+01,3.61806E+01,3.61806E+01,3.78702E-01,6.09536E+00,3.61806E+01 
#t = 1.134E+03
3.61806E+01,6.09536E+00,3.61806E+01,1.05350E+01,3.61806E+01,3.61806E+01,3.61806E+01,3.61806E+01,3.61806E+01,3.61806E+01,3.61806E+01,3.61806E+01,3.61806E+01,3.61806E+01,3.61806E+01,3.61806E+01,3.61806E+01,3.61806E+01,3.61806E+01,3.61806E+01,3.61806E+01,3.61806E+01,3.61806E+01,3.61806E+01,3.61806E+01,3.61806E+01,3.61806E+01,3.61806E+01,3.61806E+01,3.61806E+01,3.61806E+01,3.61806E+01,2.92217E+00 
#t = 1.176E+03
3.61806E+01,3.61806E+01,3.61806E+01,3.61806E+01,3.61806E+01,3.61806E+01,3.61806E+01,3.61806E+01,3.61806E+01,3.61806E+01,3.61806E+01,3.61806E+01,3.61806E+01,3.61806E+01,3.61806E+01,3.62153E+00,3.61806E+01,3.61806E+01,3.61806E+01,3.61806E+01,3.61806E+01,3.61806E+01,3.61806E+01,3.61806E+01,3.61806E+01,3.61806E+01,7.61774E+00,3.61806E+01,6.51254E+00,1.83103E+00,3.61806E+01,3.61806E+01,3.61806E+01,4.03741E-01,3.61806E+01,3.61806E+01 
#t = 1.218E+03
3.61806E+01,3.61806E+01,3.61806E+01,3.61806E+01,3.61806E+01,3.61806E+01,3.61806E+01,3.61806E+01,3.61806E+01,3.61806E+01,3.61806E+01,3.61806E+01,3.61806E+01,3.61806E+01,3.61806E+01,3.61806E+01,3.61806E+01,3.61806E+01,3.61806E+01,3.61806E+01,3.61806E+01,3.61806E+01,3.61806E+01,3.61806E+01,3.61806E+01,3.61806E+01,3.61806E+01,3.61806E+01,4.16604E+00,3.45024E-01,3.61806E+01,3.61806E+01,3.61806E+01 
#t = 1.260E+03
3.61806E+01,3.61806E+01,3.61806E+01,3.61806E+01,3.61806E+01,3.61806E+01,3.61806E+01,3.61806E+01,3.61806E+01,3.61806E+01,3.61806E+01,3.61806E+01,3.61806E+01,3.61806E+01,3.61806E+01,3.61806E+01,3.61806E+01,9.10440E+00,3.61806E+01,3.61806E+01,3.61806E+01,3.61806E+01,3.61806E+01,3.61806E+01,3.61806E+01,3.61806E+01,3.61806E+01,3.61806E+01,3.61806E+01,3.61806E+01,3.61806E+01,3.61806E+01,3.61806E+01,3.61806E+01,6.74914E+00,3.61806E+01,3.61806E+01,3.61806E+01,3.61806E+01,3.61806E+01 
#t = 1.302E+03
3.61806E+01,3.61806E+01,3.61806E+01,3.61806E+01,3.61806E+01,3.61806E+01,3.61806E+01,3.61806E+01,3.61806E+01,3.61806E+01,3.61806E+01,3.61806E+01,3.61806E+01,3.61806E+01,3.61806E+01,3.61806E+01,8.98440E+00,3.61806E+01,3.61806E+01,3.61806E+01,3.61806E+01,3.61806E+01,3.61806E+01,3.61806E+01,3.61806E+01,3.61806E+01,3.61806E+01,6.52611E+00,3.61806E+01,3.61806E+01,3.61806E+01,3.61806E+01,3.61806E+01,3.61806E+01,3.61806E+01,3.61806E+01,3.61806E+01,1.17226E+01,3.61806E+01,3.61806E+01,3.61806E+01,2.69758E+00,3.61806E+01,3.61806E+01 
#t = 1.344E+03
3.61806E+01,3.61806E+01,3.61806E+01,3.61806E+01,3.61806E+01,3.61806E+01,1.37049E+01,3.61806E+01,3.61806E+01,3.61806E+01,3.61806E+01,3.61806E+01,3.61806E+01,3.61806E+01,3.61806E+01,3.61806E+01,3.61806E+01,1.79693E+01,3.61806E+01,3.61806E+01,3.61806E+01,1.37049E+01,3.61806E+01,3.61806E+01,3.61806E+01,3.61806E+01,1.04098E+01,3.61806E+01,3.61806E+01,1.04098E+01,3.61806E+01,3.61806E+01,7.04874E-01,4.90059E-01,3.61806E+01,3.61806E+01,3.61806E+01 
#t = 1.386E+03
3.61806E+01,3.61806E+01,1.04098E+01,1.04098E+01,3.61806E+01,3.61806E+01,3.61806E+01,3.61806E+01,3.61806E+01,3.61806E+01,3.61806E+01,2.01783E+01,3.61806E+01,3.61806E+01,3.61806E+01,3.61806E+01,3.61806E+01,2.71027E+00,3.61806E+01,1.55571E+00,3.61806E+01,3.61806E+01,3.61806E+01,3.61806E+01,3.61806E+01,3.61806E+01,3.61806E+01,3.61806E+01,3.61806E+01,2.01783E+01,3.61806E+01,3.61806E+01,3.61806E+01,3.61806E+01,3.61806E+01 
#t = 1.428E+03
3.61806E+01,3.61806E+01,3.61806E+01,3.61806E+01,3.61806E+01,3.61806E+01,3.61806E+01,2.01783E+01,3.61806E+01,3.61806E+01,3.61806E+01,3.61806E+01,3.61806E+01,3.61806E+01,3.61806E+01,3.61806E+01,3.61806E+01,2.01051E+00,3.61806E+01,3.61806E+01,3.61806E+01,4.52648E+00,4.31677E+00,5.45819E+00,3.61806E+01,3.61806E+01,2.01783E+01,3.61806E+01,3.61806E+01,3.61806E+01,3.61806E+01,3.61806E+01,3.61806E+01,2.60389E+00,3.61806E+01 
#t = 1.470E+03
3.61806E+01,3.61806E+01,3.61806E+01,1.46706E+01,2.01783E+01,3.61806E+01,1.46706E+01,3.61806E+01,3.61806E+01,1.12680E+01,3.61806E+01,1.46706E+01,3.61806E+01,3.61806E+01,3.61806E+01,3.61806E+01,3.61806E+01,3.61806E+01,3.61806E+01,1.46706E+01,3.61806E+01,3.61806E+01,3.61806E+01,2.01783E+01,3.32234E+00,3.61806E+01,1.46706E+01 
#t = 1.512E+03
3.61806E+01,3.61806E+01,1.46706E+01,3.61806E+01,3.61806E+01,3.61806E+01,3.61806E+01,3.61806E+01,3.61806E+01,3.61806E+01,3.61806E+01,3.61806E+01,3.61806E+01,3.61806E+01,3.61806E+01,1.46706E+01,3.61806E+01,3.61806E+01,3.61806E+01,3.61806E+01,3.61806E+01,3.61806E+01,3.61806E+01,1.46706E+01,3.61806E+01,3.61806E+01,1.46706E+01,3.61806E+01,3.61806E+01,3.61806E+01,3.61806E+01,3.61806E+01,3.61806E+01,3.61806E+01,1.73101E+00,3.61806E+01,3.61806E+01,3.33375E+00,3.61806E+01,3.61806E+01,3.61806E+01 
#t = 1.554E+03
1.46706E+01,1.46706E+01,3.61806E+01,3.61806E+01,3.61806E+01,3.61806E+01,3.61806E+01,3.61806E+01,3.61806E+01,3.61806E+01,3.61806E+01,3.61806E+01,3.61806E+01,1.46706E+01,3.61806E+01,3.61806E+01,1.46706E+01,3.61806E+01,3.61806E+01,3.61806E+01,3.61806E+01,3.61806E+01,3.61806E+01,3.61806E+01,3.61806E+01,3.61806E+01,1.46706E+01,3.61806E+01,3.61806E+01,3.61806E+01,3.61806E+01,1.46706E+01,1.46706E+01,3.61806E+01,3.61806E+01,1.46706E+01,3.61806E+01,1.46706E+01 
#t = 1.596E+03
3.61806E+01,3.61806E+01,1.46706E+01,1.46706E+01,3.61806E+01,3.61806E+01,3.61806E+01,3.61806E+01,3.61806E+01,3.61806E+01,1.46706E+01,3.61806E+01,3.61806E+01,3.61806E+01,3.61806E+01,3.61806E+01,1.46706E+01,3.61806E+01,3.61806E+01,1.46706E+01,3.61806E+01,3.61806E+01,3.61806E+01,3.61806E+01,1.46706E+01,3.61806E+01,1.46706E+01,3.61806E+01,3.61806E+01,3.61806E+01,3.61806E+01,3.61806E+01,3.61806E+01,3.18045E+00,1.46706E+01,1.46706E+01,3.61806E+01,3.61806E+01,3.61806E+01,3.61806E+01,3.61806E+01 
#t = 1.638E+03
3.61806E+01,3.61806E+01,1.46706E+01,3.61806E+01,3.61806E+01,3.61806E+01,3.61806E+01,3.61806E+01,3.61806E+01,3.61806E+01,3.61806E+01,3.61806E+01,3.61806E+01,3.61806E+01,3.61806E+01,3.61806E+01,3.61806E+01,3.61806E+01,3.61806E+01,3.61806E+01,3.61806E+01,8.12402E+00,3.61806E+01,3.61806E+01,3.61806E+01,3.61806E+01,3.61806E+01,3.61806E+01,1.08509E+01,6.72454E-01,3.61806E+01,3.61806E+01,3.61806E+01,7.18164E+00,7.82213E+00,3.61806E+01,3.61806E+01,3.61806E+01,1.08654E+01 
#t = 1.680E+03
3.61806E+01,3.61806E+01,3.61806E+01,3.61806E+01,3.61806E+01,3.61806E+01,3.61806E+01,3.61806E+01,3.61806E+01,3.61806E+01,3.61806E+01,3.61806E+01,3.61806E+01,3.61806E+01,3.61806E+01,3.61806E+01,3.61806E+01,3.61806E+01,1.08752E+01,3.61806E+01,3.61806E+01,3.61806E+01,3.61806E+01,3.61806E+01,3.61806E+01,3.61806E+01,3.61806E+01,8.40986E-01,3.61806E+01,3.61806E+01,2.50849E+00,3.61806E+01,3.61806E+01,1.40060E+00 
#t = 1.722E+03
3.61806E+01,3.61806E+01,3.61806E+01,1.08752E+01,3.61806E+01,3.61806E+01,3.61806E+01,3.61806E+01,3.61806E+01,3.61806E+01,3.61806E+01,3.61806E+01,3.61806E+01,3.61806E+01,1.03005E+01,3.61806E+01,3.61806E+01,3.61806E+01,3.61806E+01,3.61806E+01,3.61806E+01,3.61806E+01,4.04814E+00,3.61806E+01,6.87984E+00,3.61806E+01,5.39323E+00,3.61806E+01,3.61806E+01,3.61806E+01,3.61806E+01,3.61806E+01,4.55549E+01,3.61806E+01,3.61806E+01,3.61806E+01,3.61806E+01,3.61806E+01,3.61806E+01,3.61806E+01 
#t = 1.764E+03
3.61806E+01,3.61806E+01,3.61806E+01,3.61806E+01,3.61806E+01,1.48060E+01,3.61806E+01,3.61806E+01,3.61806E+01,3.61806E+01,3.61806E+01,3.61806E+01,3.61806E+01,3.61806E+01,3.61806E+01,3.61806E+01,3.61806E+01,3.61806E+01,3.61806E+01,3.61806E+01,3.61806E+01,3.61806E+01,3.61806E+01,3.61806E+01,3.61806E+01,3.61806E+01,2.69917E+00,4.14766E+00,3.61806E+01,3.61806E+01,3.61806E+01,3.61806E+01 
#t = 1.806E+03
3.61806E+01,3.61806E+01,3.61806E+01,3.61806E+01,3.61806E+01,3.61806E+01,3.61806E+01,3.61806E+01,3.61806E+01,3.61806E+01,3.61806E+01,3.61806E+01,3.61806E+01,3.61806E+01,3.61806E+01,3.61806E+01,3.61806E+01,3.61806E+01,3.61806E+01,3.61806E+01,3.61806E+01,3.61806E+01,3.61806E+01,1.26734E+01,3.61806E+01,3.61806E+01 
#t = 1.848E+03
3.61806E+01,3.61806E+01,3.61806E+01,3.61806E+01,3.61806E+01,3.61806E+01,3.61806E+01,3.61806E+01,3.61806E+01,3.61806E+01,3.61806E+01,3.61806E+01,3.61806E+01,3.61806E+01,3.61806E+01,3.61806E+01,8.07697E+00,3.61806E+01,3.61806E+01,3.61806E+01,8.69423E+00,3.61806E+01,3.61806E+01,3.61806E+01,3.61806E+01,3.61806E+01,3.61806E+01,8.24190E+00,3.61806E+01,6.84077E+00,3.61806E+01,3.61806E+01,1.69273E+00,3.61806E+01,3.61806E+01,3.61806E+01 
#t = 1.890E+03
3.61806E+01,3.61806E+01,3.61806E+01,3.61806E+01,3.61806E+01,3.61806E+01,3.61806E+01,3.61806E+01,3.61806E+01,3.61806E+01,3.61806E+01,3.61806E+01,3.61806E+01,3.61806E+01,3.61806E+01,3.61806E+01,3.61806E+01,3.61806E+01,3.61806E+01,3.61806E+01,3.61806E+01,3.61806E+01,3.61806E+01,5.28427E+00,3.61806E+01,3.61806E+01,3.61806E+01,3.61806E+01,3.61806E+01,3.61806E+01,3.61806E+01,3.61806E+01,1.18224E+00,3.61806E+01,1.26175E+00 
#t = 1.932E+03
3.61806E+01,3.61806E+01,3.61806E+01,3.61806E+01,3.61806E+01,3.61806E+01,3.61806E+01,3.61806E+01,1.35806E+01,3.61806E+01,3.61806E+01,3.61806E+01,3.61806E+01,3.61806E+01,3.61806E+01,3.61806E+01,3.61806E+01,3.61806E+01,3.05831E+00,3.61806E+01,3.58460E+00,3.61806E+01,3.61806E+01,3.61806E+01,3.61806E+01,4.53631E+00,3.61806E+01,3.61806E+01,1.35806E+01 
#t = 1.974E+03
3.61806E+01,3.61806E+01,3.61806E+01,3.61806E+01,3.61806E+01,3.61806E+01,3.61806E+01,3.61806E+01,3.61806E+01,3.61806E+01,3.61806E+01,3.61806E+01,3.61806E+01,3.61806E+01,3.61806E+01,3.61806E+01,2.94717E+01,3.61806E+01,3.61806E+01,3.61806E+01,3.61806E+01,3.61806E+01,3.61806E+01,3.61806E+01,3.61806E+01,3.61806E+01,3.61806E+01,4.30852E-01,3.61806E+01,2.03991E+00 
#t = 2.016E+03
3.61806E+01,3.61806E+01,3.61806E+01,3.61806E+01,3.61806E+01,2.94717E+01,3.61806E+01,3.61806E+01,3.61806E+01,3.61806E+01,3.61806E+01,2.94717E+01,3.61806E+01,3.61806E+01,3.61806E+01,3.61806E+01,3.61806E+01,3.61806E+01,3.61806E+01,3.61806E+01,3.61806E+01,3.15785E+00,3.61806E+01,3.61806E+01 
#t = 2.058E+03
3.61806E+01,3.61806E+01,3.61806E+01,3.61806E+01,3.61806E+01,3.61806E+01,3.61806E+01,3.61806E+01,3.61806E+01,3.61806E+01,3.61806E+01,3.61806E+01,3.61806E+01,3.61806E+01,3.61806E+01,3.61806E+01,3.61806E+01,1.23647E+01,3.61806E+01,9.68932E-01,3.61806E+01,7.81002E+00,3.61806E+01,3.61806E+01,3.61806E+01,3.61806E+01,3.61806E+01,1.58414E-01,3.61806E+01,3.61806E+01,3.61806E+01,3.61806E+01,3.61806E+01,3.61806E+01 
#t = 2.100E+03
3.61806E+01,3.61806E+01,3.61806E+01,3.61806E+01,1.23647E+01,3.61806E+01,1.23647E+01,3.61806E+01,3.61806E+01,3.61806E+01,3.61806E+01,3.61806E+01,3.61806E+01,3.61806E+01,3.61806E+01,3.61806E+01,3.61806E+01,3.61806E+01,1.23647E+01,3.61806E+01,3.61806E+01,3.61806E+01,3.61806E+01,1.23647E+01,3.61806E+01,1.15128E+01,3.61806E+01,3.61806E+01,3.61806E+01,3.61806E+01,3.61806E+01,1.16082E+00,3.61806E+01,3.61806E+01,5.17630E-01,3.61806E+01,3.61806E+01,3.61806E+01,3.61806E+01,2.11165E+01,3.61806E+01,3.61806E+01 
#t = 2.142E+03
3.61806E+01,3.61806E+01,3.61806E+01,3.61806E+01,3.61806E+01,3.61806E+01,3.61806E+01,3.61806E+01,3.61806E+01,3.61806E+01,3.61806E+01,3.61806E+01,3.61806E+01,3.61806E+01,2.11165E+01,3.61806E+01,3.61806E+01,3.61806E+01,3.61806E+01,1.13190E+01,3.61806E+01,3.61806E+01,3.61806E+01,1.13190E+01,3.61806E+01,2.11165E+01,3.61806E+01,3.61806E+01,3.61806E+01,3.61806E+01,3.61806E+01,3.61806E+01,3.61806E+01,2.11165E+01,3.61806E+01,6.58979E+00,3.61806E+01,3.61806E+01,2.11165E+01,3.04043E+00,3.61806E+01,3.61806E+01,3.61806E+01,3.61806E+01 
#t = 2.184E+03
3.61806E+01,3.61806E+01,3.61806E+01,3.61806E+01,3.61806E+01,3.61806E+01,3.61806E+01,3.61806E+01,3.61806E+01,3.61806E+01,3.61806E+01,3.61806E+01,3.61806E+01,3.61806E+01,3.61806E+01,3.61806E+01,3.61806E+01,3.61806E+01,3.61806E+01,3.61806E+01,3.61806E+01,3.61806E+01,3.61806E+01,3.61806E+01,3.61806E+01,3.61806E+01,8.77285E+00,3.61806E+01,3.61806E+01,3.61806E+01,3.61806E+01,3.61806E+01,3.61806E+01 
#t = 2.226E+03
3.61806E+01,3.61806E+01,3.61806E+01,3.61806E+01,3.61806E+01,3.61806E+01,3.61806E+01,3.61806E+01,3.61806E+01,3.61806E+01,3.61806E+01,3.61806E+01,3.61806E+01,3.61806E+01,3.61806E+01,3.61806E+01,3.61806E+01,2.16708E+01,3.61806E+01,3.61806E+01,3.05939E+00,3.61806E+01,3.61806E+01,3.61806E+01,3.61806E+01,3.61806E+01,3.39037E+00,3.61806E+01,3.61806E+01,5.22523E+00,3.61806E+01,3.61806E+01,7.69737E+00,3.61806E+01,3.61806E+01,3.61806E+01,3.61806E+01,3.61806E+01 
#t = 2.268E+03
3.61806E+01,3.61806E+01,3.61806E+01,3.61806E+01,3.61806E+01,3.61806E+01,3.61806E+01,3.61806E+01,3.61806E+01,3.61806E+01,3.61806E+01,2.31804E+00,3.61806E+01,3.61806E+01,3.61806E+01,3.61806E+01,3.61806E+01,3.61806E+01,3.61806E+01,3.61806E+01,3.61806E+01,3.61806E+01,3.61806E+01,3.61806E+01,3.61806E+01,3.61806E+01,3.61806E+01,3.61806E+01,3.61806E+01,3.61806E+01,3.61806E+01,1.00781E+00,3.61806E+01,1.30694E+00 
#t = 2.310E+03
3.61806E+01,3.61806E+01,3.61806E+01,3.61806E+01,3.61806E+01,3.61806E+01,3.61806E+01,3.61806E+01,3.61806E+01,3.61806E+01,3.61806E+01,3.61806E+01,3.61806E+01,3.61806E+01,3.61806E+01,3.61806E+01,3.61806E+01,3.61806E+01,3.61806E+01,3.61806E+01,3.61806E+01,3.61806E+01,7.39024E-01,3.61806E+01,3.61806E+01,3.61806E+01,3.61806E+01,3.61806E+01,3.61806E+01,3.61806E+01,3.61806E+01,3.61806E+01,3.61806E+01,3.61806E+01,3.61806E+01,3.61806E+01,3.61806E+01,3.61806E+01,3.61806E+01 
#t = 2.352E+03
3.61806E+01,3.61806E+01,3.61806E+01,3.61806E+01,3.61806E+01,3.61806E+01,3.61806E+01,3.61806E+01,3.61806E+01,3.61806E+01,3.61806E+01,3.61806E+01,3.61806E+01,3.61806E+01,3.61806E+01,3.61806E+01,3.61806E+01,7.95849E+00,3.61806E+01,3.61806E+01,3.61806E+01,3.61806E+01,3.61806E+01,3.61806E+01,3.61806E+01,3.61806E+01,6.01642E+00,3.61806E+01,1.71383E+00,3.61806E+01,3.61806E+01,3.61806E+01,3.61806E+01,3.61806E+01,3.61806E+01,3.61806E+01 
#t = 2.394E+03
3.61806E+01,3.61806E+01,3.61806E+01,3.61806E+01,3.61806E+01,3.61806E+01,3.61806E+01,3.61806E+01,3.61806E+01,3.61806E+01,3.61806E+01,3.61806E+01,3.61806E+01,3.61806E+01,3.61806E+01,3.03744E+01,1.00062E+01,3.61806E+01,3.61806E+01,3.61806E+01,3.61806E+01,3.61806E+01,3.61806E+01,3.03744E+01,3.61806E+01,3.61806E+01,3.61806E+01,1.54592E+01,3.61806E+01,3.61806E+01,3.61806E+01,3.61806E+01,3.61806E+01,3.61806E+01,3.61806E+01,3.61806E+01,3.61806E+01,3.61806E+01,3.61806E+01,3.08052E-01,3.61806E+01,3.61806E+01,3.61806E+01 
#t = 2.436E+03
3.61806E+01,3.61806E+01,3.61806E+01,3.61806E+01,3.61806E+01,3.61806E+01,3.61806E+01,3.61806E+01,3.61806E+01,3.61806E+01,3.61806E+01,3.61806E+01,3.61806E+01,3.61806E+01,3.61806E+01,3.61806E+01,3.61806E+01,3.61806E+01,3.61806E+01,3.61806E+01,3.61806E+01,3.61806E+01,3.61806E+01,3.61806E+01,3.61806E+01,3.61806E+01,3.61806E+01,3.61806E+01,3.61806E+01,3.86181E+00,3.61806E+01,3.61806E+01,3.61806E+01,3.61806E+01 
#t = 2.478E+03
3.61806E+01,3.61806E+01,3.61806E+01,3.61806E+01,3.61806E+01,3.61806E+01,3.61806E+01,3.61806E+01,3.61806E+01,3.61806E+01,3.61806E+01,3.61806E+01,3.61806E+01,3.61806E+01,3.61806E+01,3.61806E+01,3.61806E+01,3.61806E+01,3.61806E+01,3.61806E+01,3.61806E+01,3.95113E+00,3.61806E+01,3.61806E+01,3.61806E+01,3.61806E+01,3.61806E+01,3.61806E+01,3.61806E+01,3.61806E+01,3.61806E+01,2.47618E+00,3.61806E+01,3.61806E+01,3.61806E+01,3.61806E+01,3.61806E+01,1.76762E+01,3.61806E+01 
#t = 2.520E+03
3.61806E+01,3.61806E+01,3.61806E+01,3.61806E+01,3.61806E+01,1.76762E+01,3.61806E+01,3.61806E+01,3.61806E+01,3.61806E+01,3.61806E+01,3.61806E+01,3.61806E+01,3.61806E+01,3.61806E+01,3.61806E+01,3.61806E+01,3.61806E+01,3.61806E+01,3.61806E+01,1.76762E+01,1.95903E+01,3.61806E+01,3.61806E+01,3.61806E+01,3.61806E+01,3.61806E+01,3.61806E+01,3.61806E+01,3.61806E+01,3.61806E+01,3.61806E+01,3.61806E+01,2.24733E+00,3.61806E+01,3.61806E+01,1.87423E+01,1.24079E+00,3.61806E+01,3.61806E+01,3.61806E+01 
#t = 2.562E+03
3.61806E+01,3.61806E+01,3.61806E+01,3.61806E+01,3.61806E+01,3.61806E+01,3.61806E+01,3.61806E+01,3.61806E+01,3.61806E+01,3.61806E+01,3.61806E+01,3.61806E+01,3.61806E+01,3.61806E+01,3.61806E+01,3.61806E+01,3.61806E+01,3.61806E+01,3.61806E+01,3.61806E+01,3.61806E+01,3.61806E+01,3.61806E+01,3.61806E+01,1.31132E+01,3.61806E+01,3.61806E+01,3.61806E+01,9.51254E-01,3.61806E+01,3.61806E+01,3.61806E+01,3.61806E+01,3.61806E+01,4.10486E-01,3.61806E+01,3.61806E+01,8.20594E-01 
#t = 2.604E+03
3.61806E+01,3.61806E+01,3.61806E+01,3.61806E+01,3.61806E+01,3.61806E+01,3.61806E+01,3.61806E+01,3.61806E+01,3.61806E+01,3.61806E+01,3.61806E+01,8.11734E+00,3.61806E+01,3.61806E+01,3.61806E+01,3.61806E+01,3.61806E+01,3.61806E+01,3.61806E+01,3.61806E+01,3.61806E+01,3.61806E+01,3.61806E+01,3.61806E+01,7.49908E+00,3.61806E+01,3.61806E+01,3.61806E+01,3.61806E+01,3.61806E+01,3.61806E+01,3.61806E+01,6.36953E-01,3.61806E+01,3.61806E+01,3.61806E+01,3.61806E+01,3.61806E+01,3.61806E+01,3.61806E+01 
#t = 2.646E+03
3.61806E+01,3.61806E+01,3.61806E+01,3.61806E+01,3.61806E+01,3.61806E+01,3.61806E+01,3.61806E+01,1.23664E+01,3.61806E+01,3.61806E+01,3.61806E+01,3.61806E+01,3.61806E+01,3.61806E+01,3.61806E+01,3.61806E+01,3.61806E+01,3.61806E+01,3.61806E+01,3.61806E+01,3.61806E+01,3.61806E+01,3.61806E+01,3.61806E+01,3.61806E+01,3.61806E+01,3.61806E+01,3.61806E+01,3.61806E+01,3.61806E+01,3.61806E+01,6.23151E+00,3.61806E+01,3.61806E+01,3.61806E+01,1.39523E+01,3.61806E+01,3.61806E+01,3.61806E+01,3.61806E+01 
#t = 2.688E+03
3.61806E+01,3.61806E+01,3.61806E+01,3.61806E+01,3.61806E+01,3.61806E+01,3.61806E+01,3.61806E+01,3.61806E+01,3.61806E+01,3.61806E+01,3.61806E+01,3.61806E+01,3.61806E+01,3.61806E+01,3.61806E+01,3.61806E+01,3.61806E+01,3.61806E+01,3.61806E+01,3.61806E+01,3.61806E+01,3.61806E+01,4.95362E+00,3.61806E+01,3.61806E+01,3.61806E+01,3.61806E+01,3.61806E+01,3.61806E+01,3.61806E+01,3.61806E+01,3.61806E+01,3.61806E+01,3.61806E+01,3.61806E+01,3.93520E+00,4.56939E+00 
#t = 2.730E+03
3.61806E+01,3.61806E+01,3.61806E+01,3.61806E+01,3.61806E+01,9.76769E+00,3.61806E+01,3.61806E+01,3.61806E+01,3.61806E+01,3.61806E+01,3.61806E+01,3.61806E+01,3.61806E+01,3.61806E+01,3.61806E+01,3.61806E+01,3.61806E+01,3.61806E+01,3.61806E+01,3.61806E+01,3.61806E+01,3.61806E+01,3.61806E+01,3.61806E+01,3.61806E+01,3.61806E+01,3.61806E+01,3.61806E+01,3.61806E+01,3.61806E+01,3.61806E+01,3.61806E+01,9.54393E+00 
#t = 2.772E+03
3.61806E+01,3.61806E+01,3.61806E+01,3.61806E+01,3.61806E+01,3.61806E+01,3.61806E+01,3.61806E+01,3.61806E+01,3.61806E+01,3.61806E+01,3.61806E+01,3.61806E+01,3.61806E+01,3.61806E+01,3.61806E+01,3.61806E+01,3.61806E+01,3.61806E+01,3.61806E+01,3.61806E+01,3.61806E+01,3.61806E+01,3.61806E+01,3.61806E+01,3.61806E+01,9.58266E+00,3.61806E+01,3.61806E+01,3.61806E+01,3.61806E+01,3.61806E+01,1.04792E+00,3.61806E+01,3.61806E+01,8.50318E+00,3.61806E+01 
#t = 2.814E+03
3.61806E+01,3.61806E+01,3.61806E+01,3.61806E+01,3.61806E+01,3.61806E+01,3.61806E+01,3.61806E+01,3.61806E+01,3.61806E+01,3.61806E+01,3.61806E+01,3.61806E+01,3.61806E+01,3.61806E+01,3.61806E+01,3.61806E+01,3.61806E+01,3.61806E+01,3.61806E+01,3.61806E+01,2.23598E+00,1.39490E+01,3.61806E+01,3.61806E+01,3.61806E+01,3.61806E+01,3.61806E+01,3.61806E+01,3.61806E+01,3.61806E+01,3.61806E+01,3.61806E+01,3.61806E+01,3.61806E+01,3.61806E+01,3.61806E+01,3.61806E+01,3.61806E+01 
#t = 2.856E+03
3.61806E+01,3.61806E+01,3.61806E+01,3.61806E+01,3.61806E+01,3.61806E+01,9.66397E+00,3.61806E+01,3.61806E+01,3.61806E+01,3.61806E+01,3.61806E+01,3.61806E+01,3.61806E+01,3.61806E+01,3.61806E+01,3.61806E+01,3.61806E+01,3.61806E+01,3.61806E+01,3.61806E+01,3.61806E+01,3.61806E+01,3.61806E+01,3.61806E+01,3.61806E+01,3.61806E+01,3.61806E+01,3.61806E+01,3.61806E+01,3.61806E+01,3.61806E+01,3.61806E+01,2.78662E+00,3.61806E+01,3.61806E+01,3.61806E+01,1.46560E+00,1.17673E+01,3.61806E+01,3.61806E+01,3.61806E+01,3.61806E+01,3.61806E+01 
#t = 2.898E+03
3.61806E+01,3.61806E+01,3.61806E+01,3.61806E+01,3.61806E+01,3.61806E+01,3.61806E+01,3.61806E+01,3.61806E+01,3.61806E+01,3.61806E+01,3.61806E+01,3.61806E+01,3.61806E+01,3.61806E+01,3.61806E+01,3.61806E+01,3.61806E+01,3.61806E+01,3.61806E+01,3.61806E+01,3.61806E+01,3.61806E+01,3.61806E+01,3.61806E+01,1.48806E+00,3.61806E+01,3.61806E+01 
#t = 2.940E+03
3.61806E+01,3.61806E+01,3.61806E+01,1.18907E+01,3.61806E+01,3.61806E+01,1.38985E+01,3.61806E+01,3.61806E+01,1.38985E+01,3.61806E+01,3.61806E+01,1.38985E+01,3.61806E+01,3.61806E+01,3.61806E+01,3.61806E+01,3.61806E+01,3.61806E+01,1.38985E+01,3.61806E+01,8.19787E+00,1.38985E+01,3.61806E+01,3.61806E+01 
#t = 2.982E+03
1.38985E+01,3.61806E+01,3.61806E+01,3.61806E+01,3.61806E+01,3.61806E+01,3.61806E+01,3.61806E+01,3.61806E+01,3.61806E+01,3.61806E+01,3.61806E+01,3.61806E+01,1.38985E+01,3.61806E+01,5.50700E+00,1.38985E+01,3.29194E+00,3.61806E+01,3.61806E+01,1.01838E+01,1.38985E+01,3.61806E+01,1.38985E+01,3.61806E+01,3.61806E+01,1.38985E+01,3.61806E+01,3.61806E+01,3.61806E+01,1.54822E+01,3.61806E+01,3.61806E+01,3.61806E+01,3.61806E+01,1.02967E+00,3.61806E+01,3.61806E+01 
#t = 3.024E+03
3.61806E+01,1.36896E+01,3.61806E+01,3.61806E+01,3.61806E+01,1.36896E+01,3.61806E+01,3.61806E+01,3.61806E+01,3.61806E+01,3.61806E+01,3.61806E+01,1.38985E+01,3.61806E+01,3.61806E+01,3.61806E+01,1.36896E+01,3.61806E+01,3.61806E+01,1.47680E+01,3.61806E+01,3.61806E+01,3.61806E+01,3.61806E+01,3.61806E+01,1.38985E+01,3.61806E+01,3.61806E+01,1.12528E+01,3.61806E+01 
#t = 3.066E+03
1.47680E+01,3.61806E+01,1.14838E+01,3.61806E+01,3.61806E+01,3.61806E+01,3.61806E+01,3.61806E+01,3.61806E+01,3.61806E+01,3.61806E+01,3.61806E+01,1.36896E+01,3.61806E+01,3.61806E+01,3.61806E+01,3.61806E+01,3.61806E+01,3.61806E+01,3.61806E+01,3.61806E+01,3.61806E+01,3.61806E+01,3.61806E+01,1.54469E+00,3.61806E+01,3.61806E+01,3.61806E+01,3.61806E+01,3.61806E+01,3.61806E+01,1.47680E+01,3.61806E+01 
#t = 3.108E+03
3.61806E+01,3.61806E+01,3.61806E+01,3.61806E+01,3.61806E+01,3.61806E+01,3.61806E+01,3.61806E+01,3.61806E+01,3.61806E+01,3.61806E+01,3.61806E+01,3.61806E+01,3.61806E+01,3.61806E+01,3.61806E+01,3.61806E+01,3.61806E+01,3.61806E+01,3.61806E+01,7.67734E+00,3.61806E+01,3.61806E+01,3.61806E+01,3.61806E+01,3.61806E+01,3.61806E+01,3.61806E+01,3.61806E+01,3.61806E+01,3.61806E+01,3.61806E+01,5.17841E+00,3.61806E+01,3.61806E+01,3.61806E+01,3.61806E+01,5.96530E+00,1.08405E+00,3.61806E+01,3.61806E+01,3.61806E+01,3.61806E+01,3.30957E+00 
#t = 3.150E+03
3.61806E+01,3.61806E+01,3.61806E+01,3.61806E+01,3.61806E+01,3.61806E+01,3.61806E+01,3.61806E+01,3.61806E+01,3.61806E+01,1.21142E+01,3.61806E+01,3.61806E+01,3.61806E+01,3.20224E+00,3.61806E+01,3.61806E+01,2.86134E+00,3.61806E+01,2.04370E+00,3.61806E+01,3.61806E+01,3.61806E+01 
#t = 3.192E+03
3.61806E+01,3.61806E+01,3.61806E+01,3.61806E+01,3.61806E+01,3.61806E+01,3.61806E+01,3.61806E+01,1.13122E+01,3.61806E+01,1.13122E+01,3.61806E+01,8.50747E+00,3.61806E+01,3.61806E+01,3.61806E+01,3.61806E+01,3.61806E+01,3.61806E+01,3.61806E+01,3.61806E+01,3.61806E+01,1.13122E+01,3.61806E+01,1.79482E+00,3.61806E+01,3.61806E+01,3.61806E+01,3.61806E+01,3.61806E+01,3.61806E+01,3.61806E+01,3.61806E+01 
#t = 3.234E+03
3.61806E+01,3.61806E+01,3.61806E+01,3.61806E+01,3.61806E+01,3.61806E+01,3.61806E+01,3.61806E+01,3.61806E+01,3.61806E+01,3.61806E+01,3.61806E+01,3.61806E+01,3.61806E+01,3.61806E+01,3.61806E+01,3.61806E+01,3.61806E+01,1.13122E+01,1.13122E+01,3.61806E+01,3.61806E+01,1.13122E+01,1.13122E+01,3.61806E+01,3.61806E+01,3.61806E+01,3.61806E+01,3.61806E+01,3.61806E+01,3.61806E+01,3.61806E+01,1.13122E+01,3.61806E+01,1.13122E+01,1.29529E+00,3.61806E+01,3.61806E+01,3.61806E+01,3.61806E+01,3.61806E+01,3.61806E+01,3.61806E+01,3.60699E+00,3.09540E+00,2.59713E+00,3.61806E+01,3.61806E+01,3.61806E+01,3.61806E+01,4.25632E+00 
#t = 3.276E+03
3.61806E+01,3.61806E+01,3.61806E+01,1.13122E+01,3.61806E+01,3.61806E+01,3.61806E+01,3.61806E+01,3.61806E+01,3.61806E+01,3.61806E+01,3.61806E+01,3.61806E+01,3.61806E+01,3.61806E+01,3.61806E+01,8.54198E+00,3.61806E+01,3.61806E+01,3.61806E+01,3.61806E+01,1.40059E+01,3.61806E+01,3.61806E+01,3.61806E+01,3.61806E+01,3.61806E+01,3.61806E+01,3.61806E+01,1.33669E+00,3.61806E+01,3.61806E+01,1.10247E+00,3.61806E+01 
#t = 3.318E+03
3.61806E+01,3.61806E+01,3.61806E+01,3.61806E+01,3.61806E+01,3.61806E+01,3.61806E+01,3.61806E+01,3.61806E+01,3.61806E+01,3.61806E+01,3.61806E+01,3.61806E+01,3.61806E+01,3.61806E+01,1.40059E+01,3.61806E+01,4.88233E+00,1.36428E+01,3.61806E+01,3.61806E+01,1.36428E+01,3.61806E+01,3.61806E+01,3.61806E+01,3.61806E+01,3.61806E+01,3.61806E+01,3.61806E+01,3.61806E+01,3.61806E+01,3.61806E+01,3.61806E+01,8.54832E+00,2.96679E+00,3.61806E+01,3.61806E+01,3.61806E+01,1.36428E+01 
#t = 3.360E+03
3.61806E+01,3.61806E+01,3.61806E+01,3.61806E+01,3.61806E+01,3.61806E+01,3.61806E+01,3.61806E+01,3.61806E+01,3.61806E+01,3.61806E+01,3.61806E+01,3.61806E+01,3.61806E+01,3.61806E+01,3.61806E+01,3.61806E+01,3.61806E+01,3.61806E+01,3.61806E+01,3.61806E+01,3.61806E+01,3.61806E+01,3.61806E+01,3.61806E+01,3.61806E+01,3.61806E+01,3.61806E+01,5.19021E-01,4.50790E+00,1.45047E+00,3.61806E+01 
#t = 3.402E+03
3.61806E+01,3.61806E+01,3.61806E+01,1.22748E+01,3.61806E+01,3.61806E+01,3.61806E+01,3.61806E+01,3.61806E+01,3.61806E+01,3.61806E+01,3.61806E+01,3.61806E+01,3.61806E+01,3.61806E+01,3.61806E+01,3.61806E+01,3.61806E+01,3.61806E+01,3.61806E+01,3.61806E+01,3.61806E+01,3.61806E+01,3.61806E+01,1.22748E+01,3.61806E+01,3.61806E+01,3.61806E+01,3.61806E+01,1.22748E+01,3.99627E+00,3.61806E+01,3.61806E+01,3.61806E+01,1.22748E+01 
#t = 3.444E+03
3.61806E+01,3.61806E+01,3.61806E+01,1.22748E+01,3.61806E+01,3.61806E+01,3.61806E+01,3.61806E+01,3.61806E+01,3.61806E+01,3.61806E+01,4.70449E+00,3.61806E+01,3.61806E+01,3.61806E+01,3.61806E+01,3.61806E+01,3.61806E+01,1.22748E+01,1.07613E+01,3.61806E+01,4.98077E+00,3.61806E+01,3.61806E+01,1.66961E+00,3.61806E+01 
#t = 3.486E+03
3.61806E+01,3.61806E+01,3.61806E+01,3.61806E+01,3.61806E+01,3.61806E+01,3.61806E+01,3.61806E+01,1.07613E+01,3.61806E+01,3.61806E+01,3.61806E+01,3.61806E+01,3.61806E+01,3.61806E+01,3.61806E+01,3.61806E+01,3.61806E+01,3.61806E+01,3.61806E+01,3.61806E+01,3.61806E+01,3.61806E+01,3.61806E+01,3.61806E+01,3.61806E+01,3.61806E+01,3.61806E+01,3.61806E+01,3.61806E+01,1.17969E+00,3.61806E+01,3.61806E+01 
#t = 3.528E+03
3.61806E+01,3.61806E+01,3.61806E+01,3.61806E+01,3.61806E+01,3.61806E+01,3.61806E+01,3.61806E+01,3.61806E+01,3.61806E+01,3.61806E+01,3.61806E+01,3.61806E+01,1.22474E+01,3.61806E+01,3.61806E+01,3.61806E+01,3.61806E+01,3.61806E+01,3.61806E+01,3.61806E+01,9.75389E+00,3.61806E+01,3.61806E+01,3.61806E+01,3.61806E+01,3.61806E+01,3.61806E+01,3.61806E+01,3.61806E+01,3.61806E+01,3.61806E+01,3.61806E+01,3.61806E+01,3.61806E+01,3.61806E+01,3.61806E+01,3.61806E+01,1.33803E+00 
#t = 3.570E+03
3.61806E+01,3.61806E+01,3.61806E+01,3.61806E+01,3.61806E+01,3.61806E+01,3.61806E+01,3.61806E+01,3.61806E+01,3.61806E+01,3.61806E+01,3.61806E+01,3.61806E+01,1.39813E+01,3.61806E+01,3.61806E+01,3.61806E+01,3.61806E+01,3.61806E+01,3.61806E+01,3.61806E+01,3.61806E+01,3.61806E+01,3.61806E+01,3.61806E+01,1.39344E+00,3.61806E+01,3.61806E+01,3.61806E+01,4.53896E+00,3.61806E+01,4.09167E+00,3.61806E+01 
#t = 3.612E+03
3.61806E+01,3.61806E+01,3.61806E+01,3.61806E+01,3.61806E+01,3.61806E+01,3.61806E+01,3.61806E+01,3.61806E+01,3.61806E+01,3.61806E+01,3.61806E+01,3.61806E+01,3.61806E+01,3.61806E+01,3.61806E+01,3.61806E+01,3.61806E+01,3.61806E+01,3.61806E+01,3.61806E+01,3.61806E+01,3.61806E+01,3.61806E+01,3.61806E+01,3.61806E+01,3.61806E+01,3.61806E+01,3.61806E+01,3.61806E+01,2.49631E+00,3.61806E+01,3.61806E+01,3.61806E+01,3.61806E+01,3.61806E+01,3.61806E+01,3.05433E+00,3.61806E+01,3.61806E+01,9.43217E-01,3.61806E+01,3.61806E+01,3.61806E+01,3.61806E+01 
#t = 3.654E+03
3.61806E+01,3.61806E+01,3.61806E+01,3.61806E+01,1.65863E+01,3.61806E+01,3.61806E+01,3.61806E+01,3.61806E+01,3.61806E+01,3.61806E+01,3.61806E+01,3.61806E+01,3.61806E+01,3.61806E+01,3.61806E+01,3.61806E+01,3.61806E+01,1.96679E+00,3.61806E+01,3.61806E+01,3.61806E+01,2.10410E+00,3.61806E+01,3.61806E+01,3.61806E+01,3.61806E+01,3.61806E+01,3.61806E+01,3.61806E+01 
#t = 3.696E+03
3.61806E+01,3.61806E+01,3.61806E+01,3.61806E+01,3.61806E+01,3.61806E+01,3.61806E+01,3.61806E+01,3.61806E+01,3.61806E+01,3.61806E+01,3.61806E+01,3.61806E+01,3.61806E+01,3.61806E+01,3.61806E+01,3.61806E+01,3.61806E+01,3.61806E+01,3.61806E+01,3.61806E+01,3.61806E+01,3.61806E+01,3.61806E+01,3.61806E+01,3.61806E+01,3.61806E+01,3.61806E+01,3.61806E+01,3.61806E+01,3.61806E+01,1.11562E+01,3.61806E+01,2.59221E+00,6.12156E+00,3.61806E+01,3.61806E+01,3.61806E+01,2.84248E+01,3.61806E+01 
#t = 3.738E+03
3.61806E+01,3.61806E+01,3.61806E+01,3.61806E+01,3.61806E+01,3.61806E+01,3.61806E+01,3.61806E+01,6.20913E+00,3.61806E+01,3.61806E+01,3.61806E+01,3.61806E+01,3.61806E+01,3.61806E+01,3.61806E+01,3.61806E+01,3.61806E+01,3.61806E+01,3.61806E+01,1.94571E+00,3.61806E+01,3.61806E+01,3.61806E+01,3.61806E+01,3.61806E+01,3.61806E+01,3.61806E+01,3.61806E+01,1.94037E+00,3.61806E+01,3.61806E+01,3.61806E+01,3.61806E+01,3.61806E+01,3.61806E+01 
#t = 3.780E+03
3.61806E+01,3.61806E+01,3.61806E+01,3.61806E+01,3.61806E+01,3.61806E+01,3.61806E+01,3.61806E+01,3.61806E+01,3.61806E+01,3.61806E+01,3.61806E+01,3.61806E+01,3.61806E+01,3.61806E+01,1.22315E+01,3.61806E+01,3.61806E+01,3.61806E+01,3.61806E+01,3.61785E-01,3.61806E+01,3.61806E+01,3.55209E+01,3.61806E+01,3.61806E+01,3.61806E+01,3.61806E+01,3.61806E+01,3.61806E+01,3.61806E+01,5.56147E-01,1.22315E+01,3.61806E+01,3.60276E+00,3.61806E+01,1.22315E+01,3.61806E+01,1.63818E+01,3.61806E+01,3.61806E+01,3.61806E+01,1.99139E+00,3.61806E+01 
#t = 3.822E+03
3.61806E+01,3.61806E+01,3.61806E+01,3.61806E+01,1.22315E+01,3.61806E+01,3.61806E+01,3.61806E+01,3.61806E+01,3.61806E+01,3.61806E+01,2.12168E+01,3.61806E+01,3.61806E+01,3.61806E+01,3.61806E+01,3.61806E+01,3.61806E+01,3.61806E+01,3.61806E+01,1.22315E+01,1.22315E+01,3.61806E+01,2.79973E+00,3.61806E+01,3.61806E+01,3.61806E+01,3.61806E+01,3.61806E+01,5.34797E-01,3.61806E+01,3.61806E+01,1.22315E+01,6.73529E+00,1.04813E+00 
#t = 3.864E+03
1.22315E+01,3.61806E+01,3.61806E+01,3.61806E+01,1.22315E+01,3.61806E+01,1.22315E+01,3.61806E+01,3.61806E+01,3.61806E+01,3.61806E+01,3.61806E+01,3.61806E+01,3.61806E+01,2.12168E+01,1.22315E+01,3.61806E+01,3.61806E+01,3.61806E+01,3.61806E+01,3.61806E+01,3.61806E+01,3.61806E+01,3.61806E+01,3.61806E+01,3.61806E+01,3.61806E+01,3.61806E+01,1.22315E+01,3.61806E+01,2.12168E+01,3.61806E+01,3.61806E+01,3.61806E+01,3.61806E+01,3.61806E+01,1.22315E+01,3.61806E+01,3.61806E+01,1.22315E+01,3.88546E+00,3.61806E+01,2.12168E+01,3.61806E+01,3.61806E+01,3.61806E+01 
#t = 3.906E+03
3.61806E+01,3.61806E+01,3.61806E+01,3.61806E+01,1.22315E+01,3.61806E+01,3.61806E+01,1.22315E+01,3.61806E+01,3.61806E+01,3.61806E+01,3.61806E+01,3.61806E+01,3.61806E+01,3.61806E+01,1.22315E+01,3.61806E+01,3.61806E+01,3.61806E+01,1.22315E+01,3.61806E+01,3.61806E+01,3.61806E+01,3.61806E+01,1.22315E+01,3.61806E+01,1.22315E+01,1.22315E+01,3.61806E+01,3.61806E+01,1.22315E+01,3.61806E+01,3.61806E+01,3.61806E+01,3.61806E+01,3.61806E+01,3.61806E+01 
#t = 3.948E+03
3.61806E+01,3.61806E+01,1.06033E+01,3.61806E+01,3.61806E+01,3.61806E+01,1.22315E+01,3.61806E+01,1.22315E+01,3.61806E+01,3.61806E+01,3.61806E+01,3.61806E+01,3.61806E+01,3.61806E+01,3.61806E+01,3.61806E+01,3.61806E+01,3.61806E+01,3.61806E+01,3.61806E+01,3.61806E+01,3.61806E+01,4.03570E+00,1.22315E+01,3.61806E+01,1.22315E+01,3.61806E+01,3.00136E+00,3.61806E+01,3.61806E+01,3.61806E+01,3.61806E+01,3.61806E+01 
#t = 3.990E+03
3.61806E+01,3.61806E+01,3.61806E+01,3.61806E+01,3.61806E+01,3.61806E+01,3.61806E+01,3.61806E+01,3.61806E+01,3.61806E+01,1.22315E+01,3.61806E+01,3.61806E+01,3.61806E+01,3.61806E+01,3.61806E+01,3.61806E+01,3.61806E+01,3.61806E+01,3.61806E+01,3.61806E+01,3.61806E+01,3.61806E+01,3.61806E+01,3.61806E+01,3.61806E+01,3.61806E+01,3.61806E+01,5.24234E+00,3.61806E+01,3.61806E+01,3.61806E+01,6.10267E-01,3.61806E+01,3.61806E+01,3.61806E+01,3.24876E+00,3.61806E+01,3.61806E+01,3.61806E+01 
#t = 4.032E+03
3.61806E+01,3.61806E+01,3.61806E+01,3.61806E+01,3.61806E+01,3.61806E+01,3.61806E+01,3.61806E+01,3.61806E+01,3.61806E+01,3.61806E+01,3.61806E+01,3.61806E+01,3.61806E+01,3.61806E+01,3.61806E+01,3.61806E+01,3.61806E+01,3.61806E+01,3.61806E+01,3.61806E+01,3.61806E+01,3.61806E+01,3.61806E+01,3.61806E+01,3.61806E+01,3.61806E+01,3.61806E+01,8.40328E+00,3.61806E+01,1.61806E+01,3.61806E+01,3.61806E+01,3.61806E+01,3.61806E+01,3.61806E+01,3.61806E+01 
#t = 4.074E+03
3.61806E+01,3.61806E+01,3.61806E+01,3.61806E+01,3.61806E+01,3.61806E+01,3.61806E+01,3.61806E+01,3.61806E+01,3.61806E+01,3.61806E+01,3.61806E+01,1.30870E+01,3.61806E+01,3.61806E+01,3.61806E+01,3.61806E+01,3.61806E+01,3.61806E+01,3.61806E+01,3.61806E+01,3.61806E+01,3.61806E+01,3.61806E+01,3.61806E+01,3.61806E+01,3.61806E+01,3.61806E+01,3.69752E+00,3.61806E+01,3.61806E+01,3.61806E+01,3.61806E+01,3.61806E+01 
#t = 4.116E+03
3.61806E+01,3.61806E+01,3.61806E+01,3.61806E+01,3.61806E+01,3.61806E+01,3.61806E+01,3.61806E+01,3.61806E+01,3.61806E+01,3.61806E+01,3.61806E+01,3.61806E+01,8.89844E+00,3.61806E+01,3.61806E+01,3.61806E+01,3.61806E+01,3.61806E+01,3.61806E+01,3.61806E+01,3.61806E+01,3.61806E+01,3.61806E+01,3.61806E+01,3.61806E+01,3.61806E+01,3.61806E+01,1.60183E+01,3.61806E+01,3.61806E+01,3.61806E+01,3.61806E+01,3.61806E+01,3.61806E+01,2.85858E+00,3.61806E+01,4.37744E+00,3.61494E+00,3.61806E+01,1.61485E+00,2.85432E+00,1.60183E+01,3.65897E+00 
#t = 4.158E+03
1.60183E+01,3.61806E+01,3.61806E+01,3.61806E+01,3.61806E+01,3.61806E+01,3.61806E+01,3.61806E+01,3.61806E+01,3.61806E+01,3.61806E+01,3.61806E+01,3.61806E+01,3.61806E+01,1.60183E+01,3.61806E+01,3.61806E+01,3.61806E+01,3.61806E+01,3.61806E+01,3.61806E+01,3.61806E+01,3.61806E+01,3.61806E+01,3.61806E+01,3.61806E+01,3.61806E+01,3.61806E+01,3.61806E+01,3.61806E+01,3.61806E+01,3.61806E+01,3.61806E+01,3.61806E+01,3.61806E+01,3.61806E+01,8.95077E+00,3.61806E+01,3.61806E+01,3.61806E+01,1.60183E+01,1.60183E+01 
#t = 4.200E+03
3.61806E+01,3.61806E+01,3.61806E+01,1.60183E+01,3.61806E+01,3.61806E+01,3.61806E+01,3.61806E+01,1.60183E+01,3.61806E+01,3.61806E+01,3.61806E+01,3.61806E+01,3.61806E+01,3.61806E+01,3.61806E+01,3.61806E+01,3.61806E+01,7.13981E+00,3.61806E+01,3.61806E+01,3.61806E+01,3.61806E+01,3.61806E+01,3.61806E+01,3.61806E+01,3.61806E+01,3.61806E+01,3.61806E+01,3.33416E+00,6.38152E+00,1.32932E+00,3.61806E+01,3.61806E+01,5.73247E+00,3.61806E+01,2.30627E+00,3.61806E+01,3.61806E+01,1.60183E+01,5.56705E+00,1.52546E+00 
