#t = 0.000E+00
1.15143E+00,2.58114E+00,5.59855E-01,6.16941E-01,6.43659E+00 
#t = 4.200E+01
3.85999E+00,6.23406E+00 
#t = 8.400E+01
-9999       
#t = 1.260E+02
4.44276E+00,1.18623E+00,2.13744E+00 
#t = 1.680E+02
-9999       
#t = 2.100E+02
2.48065E+01,2.48065E+01,6.36316E+00,6.89381E-01,3.46746E-01,1.03605E+00,2.48065E+01,2.48065E+01,2.75430E+00 
#t = 2.520E+02
2.48065E+01,2.48065E+01,2.48065E+01,2.48065E+01,7.56275E+00,2.48065E+01,2.48065E+01,9.11223E+00,1.54747E+00 
#t = 2.940E+02
2.48065E+01,2.48065E+01,2.48065E+01,2.48065E+01,2.48065E+01,2.48065E+01,2.48065E+01,2.48065E+01,2.48065E+01,2.48065E+01,2.48065E+01,2.48065E+01,1.31177E+01,2.48065E+01,2.48065E+01,2.48065E+01,2.48065E+01,3.61202E+00,1.21883E+01,3.23637E+00,7.17050E+00,2.48065E+01,2.48065E+01,2.48065E+01,2.48065E+01 
#t = 3.360E+02
2.48065E+01,2.48065E+01,1.03089E+01,2.48065E+01,2.48065E+01,1.53474E+01,2.48065E+01,2.48065E+01,2.48065E+01,2.48065E+01,1.03089E+01,2.48065E+01,1.50024E+01,1.24138E+01,2.48065E+01,2.48065E+01,2.48065E+01,1.53474E+01,2.48065E+01,2.48065E+01,2.48065E+01,3.94595E+00,2.48065E+01,1.00838E+00,7.83467E+00 
#t = 3.780E+02
2.48065E+01,2.48065E+01,2.48065E+01,2.48065E+01,2.48065E+01,2.48065E+01,2.48065E+01,2.48065E+01,2.48065E+01,2.48065E+01,2.48065E+01,2.48065E+01,2.48065E+01,2.48065E+01,2.48065E+01,1.31208E+00,2.48065E+01,2.48065E+01,5.77222E+00,2.48065E+01,2.48065E+01,2.48065E+01,6.53581E+00 
#t = 4.200E+02
2.48065E+01,2.48065E+01,2.48065E+01,2.48065E+01,2.48065E+01,2.48065E+01,2.48065E+01,2.48065E+01,2.48065E+01,2.48065E+01,2.48065E+01,2.48065E+01,2.48065E+01,1.04467E+01,2.48065E+01,2.48065E+01,2.48065E+01,5.12296E+00,2.48065E+01,2.48065E+01,2.48065E+01,2.48065E+01,6.66962E+00,4.18322E+00 
#t = 4.620E+02
2.48065E+01,2.48065E+01,2.48065E+01,2.48065E+01,2.48065E+01,2.48065E+01,2.48065E+01,2.48065E+01,2.48065E+01,2.48065E+01,2.48065E+01,2.48065E+01,1.43015E+01,2.48065E+01,2.48065E+01,2.48065E+01,2.48065E+01,2.48065E+01,9.47057E+00,2.48065E+01,2.48065E+01,2.48065E+01,1.43015E+01,2.48065E+01,2.48065E+01,1.85377E+00,2.48065E+01,2.48065E+01,1.17891E+00,2.48065E+01,2.48065E+01,2.48065E+01 
#t = 5.040E+02
2.48065E+01,2.48065E+01,1.43015E+01,2.48065E+01,2.48065E+01,2.48065E+01,2.48065E+01,2.48065E+01,2.48065E+01,2.48065E+01,2.48065E+01,2.48065E+01,3.77820E+01,2.48065E+01,2.48065E+01,2.48065E+01,2.48065E+01,8.06237E-01,2.48065E+01,2.48065E+01,1.43015E+01,2.48065E+01,2.48065E+01,2.18716E+00,2.48065E+01,4.89464E+00,1.43015E+01,2.48065E+01,2.48065E+01,1.02022E+01,2.48065E+01,2.71777E+00 
#t = 5.460E+02
2.48065E+01,2.48065E+01,2.48065E+01,2.48065E+01,2.48065E+01,2.48065E+01,2.48065E+01,2.48065E+01,2.48065E+01,4.21178E+00,2.48065E+01,2.48065E+01,1.92900E+01,1.92900E+01,1.92900E+01,2.48065E+01,2.48065E+01,2.48065E+01,2.48065E+01,2.48065E+01,2.48065E+01,2.48065E+01,1.92900E+01,3.25855E+00,2.62214E+00 
#t = 5.880E+02
2.48065E+01,2.48065E+01,1.09253E+01,2.48065E+01,2.48065E+01,2.48065E+01,2.48065E+01,2.48065E+01,2.48065E+01,2.48065E+01,2.48065E+01,2.48065E+01,6.04567E+00,2.48065E+01,2.48065E+01,2.48065E+01,1.89821E+00,2.48065E+01,8.05271E-01,3.67509E+00,2.48065E+01,1.85828E+00 
#t = 6.300E+02
2.48065E+01,2.48065E+01,2.48065E+01,2.48065E+01,2.48065E+01,2.48065E+01,2.48065E+01,7.69427E+00,2.48065E+01,2.48065E+01,2.48065E+01,2.48065E+01,2.48065E+01,2.48065E+01,1.23271E+01,2.48065E+01,2.48065E+01,1.73271E+00,2.57457E-01,2.61182E+00,4.29260E+00,4.61545E+00,2.48065E+01,6.53023E-01,9.07207E-01 
#t = 6.720E+02
2.48065E+01,2.48065E+01,1.92967E+01,1.36373E+01,2.48065E+01,1.36373E+01,2.48065E+01,2.48065E+01,1.92967E+01,2.48065E+01,2.48065E+01,2.48065E+01,2.48065E+01,2.48065E+01,2.48065E+01,1.92967E+01,2.48065E+01,4.11860E+00,2.48065E+01,1.92967E+01,1.47911E+00,2.48065E+01 
#t = 7.140E+02
2.48065E+01,2.48065E+01,2.48065E+01,2.48065E+01,2.48065E+01,2.48065E+01,2.48065E+01,2.48065E+01,2.48065E+01,2.48065E+01,2.48065E+01,2.48065E+01,2.48065E+01,2.48065E+01,9.24106E+00,2.48065E+01,2.48065E+01,2.48065E+01,2.48065E+01,2.48065E+01,2.48065E+01,1.34407E+00,1.43492E+01,2.48065E+01,2.48065E+01,1.74196E+00,2.48065E+01 
#t = 7.560E+02
2.48065E+01,2.48065E+01,2.48065E+01,2.48065E+01,2.48065E+01,2.48065E+01,9.34145E+00,1.43492E+01,2.48065E+01,2.48065E+01,2.48065E+01,2.48065E+01,2.48065E+01,2.48065E+01,2.48065E+01,2.48065E+01,2.48065E+01,2.48065E+01,2.48065E+01,2.48065E+01,2.48065E+01,2.48065E+01,2.48065E+01,1.43492E+01,2.48065E+01,2.48065E+01,6.44458E+00,2.48065E+01,2.48065E+01,2.48065E+01,2.48065E+01,5.71575E+00,2.48065E+01,2.48065E+01 
#t = 7.980E+02
2.48065E+01,2.48065E+01,2.48065E+01,2.48065E+01,2.48065E+01,1.72274E+01,9.07891E+00,2.48065E+01,2.48065E+01,2.48065E+01,2.48065E+01,2.48065E+01,4.41118E+00,2.48065E+01,2.48065E+01,2.60554E+00,2.48065E+01,3.00454E+00,2.48065E+01,2.48065E+01,2.48065E+01,2.48065E+01,1.98745E+00,2.48065E+01,2.48065E+01,2.48065E+01 
#t = 8.400E+02
2.48065E+01,2.48065E+01,2.48065E+01,2.48065E+01,2.48065E+01,2.48065E+01,2.48065E+01,2.48065E+01,2.48065E+01,5.87326E+01,2.48065E+01,2.48065E+01,2.48065E+01,2.48065E+01,2.48065E+01,2.48065E+01,1.17110E+01,2.48065E+01,5.87326E+01 
#t = 8.820E+02
2.48065E+01,2.48065E+01,2.48065E+01,2.48065E+01,1.17110E+01,2.48065E+01,2.48065E+01,5.87326E+01,2.48065E+01,2.48065E+01,5.87326E+01,2.48065E+01,2.48065E+01,5.87326E+01,2.48065E+01,2.48065E+01,1.17110E+01,2.48065E+01,2.48065E+01,2.48065E+01,5.87326E+01,5.87326E+01,2.48065E+01,2.48065E+01,1.58389E+00,2.48065E+01,2.48065E+01,2.48065E+01,2.48065E+01,5.87326E+01 
#t = 9.240E+02
2.48065E+01,2.48065E+01,1.17110E+01,1.17110E+01,2.48065E+01,5.87326E+01,5.87326E+01,5.87326E+01,2.48065E+01,8.93154E+00,2.48065E+01,2.48065E+01,5.87326E+01,1.17110E+01,5.87326E+01,5.87326E+01,1.17110E+01,2.48065E+01,2.48065E+01,5.87326E+01,5.87326E+01,1.17110E+01,2.48065E+01,5.87326E+01,1.17110E+01,2.48065E+01,2.48065E+01,2.54850E+00,5.87326E+01,2.48065E+01,2.48065E+01,5.87326E+01 
#t = 9.660E+02
2.48065E+01,2.48065E+01,2.48065E+01,1.17110E+01,1.17110E+01,5.87326E+01,5.87326E+01,2.48065E+01,5.87326E+01,5.87326E+01,5.87326E+01,2.48065E+01,1.17110E+01,5.87326E+01,5.87326E+01,2.48065E+01,2.48065E+01,2.48065E+01,5.87326E+01,5.87326E+01,2.48065E+01,5.87326E+01,2.48065E+01,2.48065E+01,2.48065E+01,2.48065E+01,2.48065E+01,5.87326E+01,2.48065E+01,2.48065E+01,5.87326E+01,5.87326E+01,5.87326E+01,1.17110E+01,5.87326E+01,5.87326E+01,5.87326E+01,2.48065E+01,5.87326E+01,5.87326E+01,5.87326E+01,5.87326E+01,1.23856E+00,5.87326E+01,2.48065E+01,2.48065E+01,1.48396E+00,5.87326E+01,5.78518E-01,2.48065E+01 
#t = 1.008E+03
2.48065E+01,2.48065E+01,2.48065E+01,5.87326E+01,5.87326E+01,1.17110E+01,5.87326E+01,5.87326E+01,5.87326E+01,5.87326E+01,5.87326E+01,2.48065E+01,5.87326E+01,5.87326E+01,5.87326E+01,2.48065E+01,5.87326E+01,9.22809E+00,5.87326E+01,5.87326E+01,5.87326E+01,5.87326E+01,2.48065E+01,2.48065E+01,5.87326E+01,1.17110E+01,5.87326E+01,5.87326E+01,5.87326E+01,5.87326E+01,5.87326E+01,1.17627E+01,5.87326E+01,5.87326E+01,2.48065E+01,5.87326E+01,5.87326E+01,5.87326E+01,2.48065E+01,2.48065E+01,5.87326E+01,2.04590E+01,5.87326E+01,5.87326E+01,5.87326E+01,5.87326E+01,2.48065E+01,2.90553E+00,5.87326E+01 
#t = 1.050E+03
2.48065E+01,5.87326E+01,5.87326E+01,5.87326E+01,5.87326E+01,5.87326E+01,5.87326E+01,5.87326E+01,1.17110E+01,5.87326E+01,5.87326E+01,1.17110E+01,5.87326E+01,5.87326E+01,5.87326E+01,1.17110E+01,5.87326E+01,5.87326E+01,5.87326E+01,5.87326E+01,5.87326E+01,5.87326E+01,5.87326E+01,2.48065E+01,5.87326E+01,5.87326E+01,1.10945E+00,5.87326E+01,6.99635E-01 
#t = 1.092E+03
5.87326E+01,5.87326E+01,5.87326E+01,5.87326E+01,5.87326E+01,5.87326E+01,5.87326E+01,1.17110E+01,5.87326E+01,1.17110E+01,5.87326E+01,5.87326E+01,5.87326E+01,5.87326E+01,5.87326E+01,5.87326E+01,5.87326E+01,5.87326E+01,5.87326E+01,5.87326E+01,5.87326E+01,5.87326E+01,5.87326E+01,5.87326E+01,5.87326E+01,5.87326E+01,5.87326E+01,5.87326E+01,5.87326E+01,5.87326E+01,5.87326E+01,5.87326E+01,5.87326E+01,5.87326E+01,5.87326E+01,5.87326E+01,1.87418E+00,5.87326E+01,5.87326E+01,5.87326E+01,5.87326E+01,5.87326E+01,1.74104E+00,5.87326E+01,5.87326E+01,5.87326E+01,5.87326E+01,3.44355E+00,5.87326E+01 
#t = 1.134E+03
5.87326E+01,5.87326E+01,5.87326E+01,5.87326E+01,5.87326E+01,5.87326E+01,5.87326E+01,5.87326E+01,5.87326E+01,5.87326E+01,5.87326E+01,5.87326E+01,1.31578E+01,5.87326E+01,5.87326E+01,5.87326E+01,5.87326E+01,5.87326E+01,5.87326E+01,5.87326E+01,1.31578E+01,5.87326E+01,5.87326E+01,5.87326E+01,5.87326E+01,5.87326E+01,5.87326E+01,5.87326E+01,5.87326E+01,5.87326E+01,5.87326E+01,5.87326E+01,5.87326E+01,1.31578E+01,5.87326E+01,9.63626E+00,5.87326E+01,5.87326E+01,5.37155E-01,5.87326E+01 
#t = 1.176E+03
5.87326E+01,5.87326E+01,5.87326E+01,1.31578E+01,5.87326E+01,5.87326E+01,5.87326E+01,5.87326E+01,5.87326E+01,5.87326E+01,5.87326E+01,5.87326E+01,5.87326E+01,5.87326E+01,5.87326E+01,5.87326E+01,5.87326E+01,5.87326E+01,5.87326E+01,5.87326E+01,5.87326E+01,5.87326E+01,1.31578E+01,1.31578E+01,5.87326E+01,5.87326E+01,5.87326E+01,5.87326E+01,5.87326E+01,5.87326E+01,5.87326E+01,5.87326E+01,5.87326E+01,5.87326E+01,5.87326E+01,5.87326E+01,5.87326E+01,5.87326E+01,5.87326E+01,5.87326E+01,5.87326E+01,5.87326E+01,5.87326E+01,5.87326E+01,5.87326E+01 
#t = 1.218E+03
5.87326E+01,5.87326E+01,5.87326E+01,1.31578E+01,5.87326E+01,1.11186E+01,1.31578E+01,5.87326E+01,5.87326E+01,9.85461E+00,5.87326E+01,5.87326E+01,5.87326E+01,1.31578E+01,5.87326E+01,5.87326E+01,5.87326E+01,5.87326E+01,5.87326E+01,5.87326E+01,3.22063E+00,5.87326E+01,5.87326E+01,5.87326E+01,5.87326E+01,5.87326E+01,5.87326E+01,5.87326E+01,5.87326E+01,5.87326E+01,5.87326E+01,5.52748E-01,2.22416E+00 
#t = 1.260E+03
5.87326E+01,5.87326E+01,5.87326E+01,5.87326E+01,5.87326E+01,5.87326E+01,5.87326E+01,5.87326E+01,5.87326E+01,5.87326E+01,5.87326E+01,5.87326E+01,5.87326E+01,5.87326E+01,5.87326E+01,5.87326E+01,5.87326E+01,5.87326E+01,1.31578E+01,5.87326E+01,5.87326E+01,5.87326E+01,5.87326E+01,5.87326E+01,5.87326E+01,5.87326E+01,5.87326E+01,5.87326E+01,2.08600E+01,5.87326E+01,5.87326E+01,5.87326E+01,5.87326E+01,1.31578E+01,5.87326E+01,5.87326E+01,5.87326E+01,5.87326E+01,5.87326E+01,4.71914E+00 
#t = 1.302E+03
5.87326E+01,5.87326E+01,5.87326E+01,5.87326E+01,5.87326E+01,5.87326E+01,5.87326E+01,2.08600E+01,5.87326E+01,2.08600E+01,5.87326E+01,2.08600E+01,5.87326E+01,5.87326E+01,5.87326E+01,5.87326E+01,5.87326E+01,5.87326E+01,5.87326E+01,5.87326E+01,5.87326E+01,5.87326E+01,5.87326E+01,2.08600E+01,5.87326E+01,5.87326E+01,5.87326E+01,5.87326E+01,5.87326E+01,5.87326E+01,5.87326E+01,5.87326E+01,5.87326E+01,5.87326E+01,9.90502E-01,5.87326E+01,6.88674E-01,1.30108E+00,5.87326E+01,1.21776E+00 
#t = 1.344E+03
5.87326E+01,5.87326E+01,5.87326E+01,5.87326E+01,5.87326E+01,5.87326E+01,5.87326E+01,5.87326E+01,5.87326E+01,5.87326E+01,5.87326E+01,5.87326E+01,5.87326E+01,5.87326E+01,5.87326E+01,5.87326E+01,5.87326E+01,5.87326E+01,5.87326E+01,5.87326E+01,5.87326E+01,5.87326E+01,5.87326E+01,5.87326E+01,5.53639E+00,5.87326E+01,1.90256E+00,5.87326E+01,5.87326E+01,5.87326E+01,5.87326E+01 
#t = 1.386E+03
5.87326E+01,5.87326E+01,5.87326E+01,5.87326E+01,5.87326E+01,5.87326E+01,5.87326E+01,5.87326E+01,5.87326E+01,5.87326E+01,5.87326E+01,5.87326E+01,5.87326E+01,5.87326E+01,5.87326E+01,5.87326E+01,8.82809E+00,5.87326E+01,5.87326E+01,4.26514E+00,5.87326E+01,5.87326E+01,5.87326E+01,5.87326E+01,7.24189E+00,5.87326E+01,5.87326E+01,5.87326E+01,5.87326E+01,5.87326E+01,1.88274E+00,5.87326E+01,5.87326E+01,5.87326E+01,5.87326E+01 
#t = 1.428E+03
5.87326E+01,5.87326E+01,9.91505E+00,5.87326E+01,5.87326E+01,7.67093E+00,5.87326E+01,5.87326E+01,5.87326E+01,5.87326E+01,5.87326E+01,5.87326E+01,5.87326E+01,1.18357E+01,5.87326E+01,5.87326E+01,5.87326E+01,5.87326E+01,5.87326E+01,5.87326E+01,5.87326E+01,5.87326E+01,5.87326E+01,5.87326E+01,4.63598E+00,5.87326E+01,5.87326E+01,5.87326E+01,5.87326E+01,5.87326E+01,5.87326E+01,5.87326E+01,5.87326E+01,5.87326E+01,5.87326E+01,2.54693E+00,5.87326E+01,5.87326E+01,7.85244E+00,5.87326E+01,1.18595E+00 
#t = 1.470E+03
5.87326E+01,1.18357E+01,5.87326E+01,5.87326E+01,5.87326E+01,5.87326E+01,5.87326E+01,5.87326E+01,5.87326E+01,5.87326E+01,5.87326E+01,5.87326E+01,5.87326E+01,5.87326E+01,5.87326E+01,5.87326E+01,5.87326E+01,5.87326E+01,5.87326E+01,5.87326E+01,5.87326E+01,5.87326E+01,5.87326E+01,5.87326E+01,1.11314E+01,5.87326E+01,5.87326E+01,5.87326E+01,5.87326E+01,5.87326E+01,5.87326E+01,6.85316E+00,1.11314E+01,5.87326E+01,4.63508E+00 
#t = 1.512E+03
5.87326E+01,5.87326E+01,5.87326E+01,5.87326E+01,5.87326E+01,5.87326E+01,5.87326E+01,5.87326E+01,5.87326E+01,2.00160E+01,5.87326E+01,5.87326E+01,5.87326E+01,5.87326E+01,5.87326E+01,1.99578E+01,5.87326E+01,5.87326E+01,5.87326E+01,5.87326E+01,5.87326E+01,5.87326E+01,5.87326E+01,5.87326E+01,5.87326E+01,5.87326E+01,5.87326E+01,5.87326E+01,5.87326E+01,5.87326E+01,5.87326E+01,5.87326E+01,5.87326E+01,5.87326E+01,5.87326E+01,5.87326E+01,5.87326E+01,5.87326E+01,5.87326E+01,5.87326E+01,5.87326E+01,5.87326E+01,2.85030E+00,2.00160E+01,5.87326E+01,7.50093E-01,5.87326E+01,5.87326E+01 
#t = 1.554E+03
5.87326E+01,5.87326E+01,5.87326E+01,5.87326E+01,2.00160E+01,5.87326E+01,5.87326E+01,5.87326E+01,5.87326E+01,5.87326E+01,5.87326E+01,5.87326E+01,5.87326E+01,5.87326E+01,5.87326E+01,5.87326E+01,5.87326E+01,5.87326E+01,5.87326E+01,5.87326E+01,5.87326E+01,5.87326E+01,5.87326E+01,5.87326E+01,5.87326E+01,1.22000E+01,5.87326E+01,7.35665E+00,5.87326E+01,5.87326E+01,5.87326E+01,5.87326E+01,5.87326E+01,5.87326E+01,5.87326E+01,5.87326E+01,3.14653E+00,5.87326E+01,5.87326E+01,5.87326E+01,5.87326E+01,5.87326E+01,9.99072E+00,5.87326E+01,5.87326E+01,5.87326E+01,5.87326E+01,5.87326E+01,5.87326E+01,1.03537E+00,5.87326E+01,5.87326E+01,5.87326E+01,5.87326E+01,5.87326E+01,5.87326E+01,5.87326E+01,5.87326E+01,5.87326E+01,5.87326E+01,8.61693E-01,1.35323E+00,5.87326E+01,5.87326E+01,5.87326E+01,5.87326E+01 
#t = 1.596E+03
5.87326E+01,5.87326E+01,5.87326E+01,9.99072E+00,5.87326E+01,5.87326E+01,5.87326E+01,5.87326E+01,5.87326E+01,5.87326E+01,5.87326E+01,5.87326E+01,5.87326E+01,5.87326E+01,5.87326E+01,5.87326E+01,5.87326E+01,5.87326E+01,5.87326E+01,5.87326E+01,5.87326E+01,2.12828E+01,5.87326E+01,5.87326E+01,1.07279E+01,5.87326E+01,5.87326E+01,5.87326E+01,5.87326E+01,5.87326E+01,5.87326E+01,5.87326E+01,5.87326E+01,5.87326E+01,5.87326E+01,5.87326E+01,5.87326E+01,5.87326E+01,5.87326E+01,5.87326E+01,5.87326E+01,5.87326E+01,5.87326E+01,5.87326E+01,5.87326E+01,5.87326E+01,5.87326E+01,5.87326E+01,5.87326E+01,5.87326E+01,5.87326E+01,5.87326E+01 
#t = 1.638E+03
5.87326E+01,5.87326E+01,5.87326E+01,5.87326E+01,5.87326E+01,5.87326E+01,5.87326E+01,5.87326E+01,5.87326E+01,5.87326E+01,5.87326E+01,5.87326E+01,5.87326E+01,5.87326E+01,5.87326E+01,5.87326E+01,5.87326E+01,5.87326E+01,5.87326E+01,5.87326E+01,5.87326E+01,5.87326E+01,5.87326E+01,5.87326E+01,5.87326E+01,5.87326E+01,5.87326E+01,5.87326E+01,5.87326E+01,5.87326E+01,5.87326E+01,5.87326E+01,5.87326E+01,5.87326E+01,5.87326E+01,5.87326E+01,5.87326E+01,5.87326E+01,5.87326E+01,5.87326E+01,5.87326E+01,5.87326E+01,5.87326E+01 
#t = 1.680E+03
5.87326E+01,5.87326E+01,5.87326E+01,5.87326E+01,5.87326E+01,5.87326E+01,5.87326E+01,5.87326E+01,5.87326E+01,5.87326E+01,5.87326E+01,5.87326E+01,5.87326E+01,5.87326E+01,5.87326E+01,5.87326E+01,5.87326E+01,5.87326E+01,5.87326E+01,5.87326E+01,5.87326E+01,5.87326E+01,5.87326E+01,5.87326E+01,5.87326E+01,5.87326E+01,5.87326E+01,5.87326E+01,5.87326E+01,1.43378E+00,5.87326E+01,5.87326E+01,5.87326E+01,5.87326E+01,3.25656E+00,5.87326E+01,5.87326E+01,5.87326E+01,5.87326E+01,5.87326E+01,5.87326E+01,5.87326E+01,1.14935E+00,5.87326E+01,5.87326E+01,5.87326E+01,5.87326E+01,5.87326E+01,5.87326E+01,5.87326E+01,5.87326E+01,5.87326E+01,5.87326E+01,5.87326E+01,5.87326E+01,5.87326E+01 
#t = 1.722E+03
5.87326E+01,5.87326E+01,5.87326E+01,5.87326E+01,5.87326E+01,5.87326E+01,5.87326E+01,5.87326E+01,5.87326E+01,5.87326E+01,5.87326E+01,5.87326E+01,5.87326E+01,5.87326E+01,5.87326E+01,5.87326E+01,5.87326E+01,5.87326E+01,5.87326E+01,5.87326E+01,5.87326E+01,5.87326E+01,5.87326E+01,5.87326E+01,5.87326E+01,5.87326E+01,5.87326E+01,5.87326E+01,5.87326E+01,5.87326E+01,5.87326E+01,5.87326E+01,5.87326E+01,5.87326E+01,7.83719E+00,5.87326E+01,2.07021E+00,5.87326E+01,5.87326E+01,5.87326E+01,5.25314E+00,5.87326E+01,5.87326E+01,5.87326E+01,5.87326E+01,5.79136E+00,4.20548E-01 
#t = 1.764E+03
5.87326E+01,5.87326E+01,5.87326E+01,5.87326E+01,5.87326E+01,5.87326E+01,5.87326E+01,5.87326E+01,5.87326E+01,5.87326E+01,5.87326E+01,5.87326E+01,5.87326E+01,5.87326E+01,5.87326E+01,5.87326E+01,5.87326E+01,5.87326E+01,5.87326E+01,5.87326E+01,5.87326E+01,5.87326E+01,5.87326E+01,5.87326E+01,5.87326E+01,5.87326E+01,5.87326E+01,5.87326E+01,5.87326E+01,5.87326E+01,5.87326E+01,5.87326E+01,5.87326E+01,5.87326E+01,2.48794E+00,5.87326E+01,5.87326E+01,5.87326E+01,5.87326E+01,5.87326E+01,5.87326E+01,5.87326E+01,5.87326E+01,5.87326E+01,5.87326E+01,5.87326E+01,5.87326E+01 
#t = 1.806E+03
5.87326E+01,5.87326E+01,5.87326E+01,5.87326E+01,5.87326E+01,5.87326E+01,1.11553E+01,5.87326E+01,5.87326E+01,5.87326E+01,5.87326E+01,5.87326E+01,5.87326E+01,5.87326E+01,5.87326E+01,5.87326E+01,5.87326E+01,5.87326E+01,5.87326E+01,5.87326E+01,5.87326E+01,5.87326E+01,5.87326E+01,5.87326E+01,5.87326E+01,5.87326E+01,5.87326E+01,5.87326E+01,5.87326E+01,5.87326E+01,5.87326E+01,5.87326E+01,5.87326E+01,5.87326E+01,5.87326E+01,5.87326E+01,5.87326E+01,5.87326E+01,5.87326E+01,4.15936E-01,5.87326E+01,3.49046E-01,5.87326E+01,5.87326E+01 
#t = 1.848E+03
5.87326E+01,5.87326E+01,5.87326E+01,5.87326E+01,5.87326E+01,5.87326E+01,5.87326E+01,5.87326E+01,5.87326E+01,5.87326E+01,5.87326E+01,5.87326E+01,5.87326E+01,5.87326E+01,5.87326E+01,5.87326E+01,5.87326E+01,5.87326E+01,5.87326E+01,5.87326E+01,5.87326E+01,5.87326E+01,5.87326E+01,5.87326E+01,5.87326E+01,5.87326E+01,5.87326E+01,5.87326E+01,5.87326E+01,5.87326E+01,5.87326E+01,5.87326E+01,5.87326E+01,5.87326E+01,5.87326E+01,7.42410E+00,5.87326E+01,5.87326E+01,5.87326E+01,2.51969E+00,5.87326E+01,5.87326E+01,5.87326E+01,5.87326E+01,5.87326E+01,5.87326E+01,5.87326E+01,5.87326E+01,2.02604E+00,1.02648E+00 
#t = 1.890E+03
5.87326E+01,5.87326E+01,5.87326E+01,5.87326E+01,5.87326E+01,5.87326E+01,9.61943E+00,5.87326E+01,5.87326E+01,5.87326E+01,4.98073E+01,4.98073E+01,4.98073E+01,5.87326E+01,5.87326E+01,5.87326E+01,5.87326E+01,5.87326E+01,4.98073E+01,5.87326E+01,5.87326E+01,4.98073E+01,4.98073E+01,4.98073E+01,5.87326E+01,5.87326E+01,5.87326E+01,5.87326E+01,4.98073E+01,4.98073E+01,5.87326E+01,4.98073E+01,4.98073E+01,4.98073E+01 
#t = 1.932E+03
5.87326E+01,5.87326E+01,4.98073E+01,4.98073E+01,5.87326E+01,5.87326E+01,5.87326E+01,5.87326E+01,5.87326E+01,5.87326E+01,5.87326E+01,5.87326E+01,5.87326E+01,5.87326E+01,4.98073E+01,5.87326E+01,5.87326E+01,5.87326E+01,5.87326E+01,4.98073E+01,9.90333E+00,5.87326E+01,3.61665E+00,4.98073E+01,5.87326E+01,4.98073E+01,4.98073E+01,5.87326E+01,5.87326E+01,9.94826E+00,5.87326E+01,5.87326E+01,5.87326E+01,4.98073E+01,5.87326E+01,7.96666E+00,5.87326E+01,4.98073E+01,5.87326E+01,5.87326E+01,5.87326E+01,4.98073E+01,5.87326E+01,5.87326E+01,5.87326E+01,5.87326E+01,5.87326E+01 
#t = 1.974E+03
5.87326E+01,9.90333E+00,5.87326E+01,5.87326E+01,5.87326E+01,5.87326E+01,5.87326E+01,5.87326E+01,5.87326E+01,5.87326E+01,5.87326E+01,5.87326E+01,5.87326E+01,5.87326E+01,5.87326E+01,4.98073E+01,5.87326E+01,5.87326E+01,5.87326E+01,5.87326E+01,5.87326E+01,5.87326E+01,5.87326E+01,5.87326E+01,5.87326E+01,5.87326E+01,5.87326E+01,5.87326E+01,5.87326E+01,5.87326E+01,5.87326E+01,5.87326E+01,5.87326E+01,5.87326E+01,5.87326E+01,1.56669E+00,3.74841E+00,5.87326E+01,5.87326E+01,5.87326E+01,5.87326E+01 
#t = 2.016E+03
5.87326E+01,5.87326E+01,5.87326E+01,5.87326E+01,5.87326E+01,5.87326E+01,5.87326E+01,5.87326E+01,5.87326E+01,5.87326E+01,5.87326E+01,5.87326E+01,5.87326E+01,5.87326E+01,5.87326E+01,5.87326E+01,5.87326E+01,5.87326E+01,5.87326E+01,5.87326E+01,5.87326E+01,5.87326E+01,5.87326E+01,5.87326E+01,5.87326E+01,5.87326E+01,5.87326E+01,5.87326E+01,5.87326E+01,5.87326E+01,5.87326E+01,1.90771E+00,5.87326E+01,5.87326E+01,5.87326E+01,5.87326E+01,5.87326E+01,5.87326E+01,2.24567E+00,5.87326E+01,5.87326E+01,5.87326E+01,5.87326E+01,5.87326E+01,5.87326E+01,5.87326E+01,5.87326E+01 
#t = 2.058E+03
5.87326E+01,5.87326E+01,5.87326E+01,5.87326E+01,5.87326E+01,5.87326E+01,5.87326E+01,1.30100E+01,5.87326E+01,5.87326E+01,5.87326E+01,5.87326E+01,5.87326E+01,5.87326E+01,5.87326E+01,1.54128E+01,5.87326E+01,5.87326E+01,5.87326E+01,5.87326E+01,3.27828E+01,5.87326E+01,5.87326E+01,5.87326E+01,5.87326E+01,5.87326E+01,5.87326E+01,5.87326E+01,5.87326E+01,5.87326E+01,5.87326E+01,5.87326E+01,5.87326E+01,5.87326E+01,5.87326E+01,3.27828E+01,1.30100E+01,5.87326E+01,5.87326E+01,3.27828E+01,5.87326E+01,5.87326E+01,5.87326E+01,5.87326E+01,5.87326E+01,8.30278E+00,5.87326E+01,5.87326E+01,5.87326E+01,5.87326E+01 
#t = 2.100E+03
5.87326E+01,5.87326E+01,5.87326E+01,3.27828E+01,5.87326E+01,5.87326E+01,5.87326E+01,5.87326E+01,5.87326E+01,5.87326E+01,5.87326E+01,5.87326E+01,5.87326E+01,5.87326E+01,5.87326E+01,5.87326E+01,5.87326E+01,5.87326E+01,5.87326E+01,5.87326E+01,5.87326E+01,5.87326E+01,5.87326E+01,8.32935E+00,5.87326E+01,5.87326E+01,5.87326E+01,5.87326E+01,5.87326E+01,5.87326E+01,5.87326E+01,5.87326E+01,5.87326E+01,5.87326E+01,3.27828E+01,5.87326E+01,2.72809E+00,5.87326E+01,5.87326E+01,5.87326E+01,5.87326E+01 
#t = 2.142E+03
5.87326E+01,5.87326E+01,5.87326E+01,5.87326E+01,5.87326E+01,5.87326E+01,5.87326E+01,5.87326E+01,5.87326E+01,5.87326E+01,5.87326E+01,5.87326E+01,5.87326E+01,5.87326E+01,5.87326E+01,5.87326E+01,5.87326E+01,5.87326E+01,5.87326E+01,5.87326E+01,5.87326E+01,5.87326E+01,5.87326E+01,5.87326E+01,5.87326E+01,5.87326E+01,5.87326E+01,5.87326E+01,5.87326E+01,5.87326E+01,5.87326E+01,5.87326E+01,1.34862E+01,5.87326E+01,1.34862E+01,4.64601E+00,5.87326E+01,5.87326E+01,1.34862E+01,5.87326E+01,5.87326E+01,3.47942E+00,5.87326E+01 
#t = 2.184E+03
5.87326E+01,5.87326E+01,5.87326E+01,5.87326E+01,5.87326E+01,5.87326E+01,5.87326E+01,5.87326E+01,5.87326E+01,5.87326E+01,5.87326E+01,5.87326E+01,5.87326E+01,5.87326E+01,5.87326E+01,5.87326E+01,5.87326E+01,5.87326E+01,5.87326E+01,5.87326E+01,1.91512E+00,5.87326E+01,5.87326E+01,5.87326E+01,5.87326E+01,5.87326E+01,5.87326E+01,5.87326E+01,5.87326E+01,5.87326E+01,5.87326E+01,5.87326E+01,5.87326E+01,5.87326E+01,5.87326E+01,4.11565E+00,1.58588E+01,4.69520E+00,5.87326E+01,5.87326E+01,5.87326E+01 
#t = 2.226E+03
5.87326E+01,5.87326E+01,5.87326E+01,5.87326E+01,5.87326E+01,5.87326E+01,5.87326E+01,5.87326E+01,5.87326E+01,5.87326E+01,7.74956E+00,5.87326E+01,5.87326E+01,5.87326E+01,5.87326E+01,5.87326E+01,5.87326E+01,5.87326E+01,5.87326E+01,5.87326E+01,5.87326E+01,5.87326E+01,5.87326E+01,5.87326E+01,5.87326E+01,5.87326E+01,7.07111E+00,5.87326E+01,1.11433E+01,3.07885E+00,5.87326E+01,5.87326E+01,1.06927E+00,5.87326E+01,5.87326E+01,5.87326E+01,5.87326E+01,5.87326E+01,5.87326E+01,5.87326E+01 
#t = 2.268E+03
5.87326E+01,5.87326E+01,5.87326E+01,5.87326E+01,5.87326E+01,5.87326E+01,5.87326E+01,5.87326E+01,5.87326E+01,5.87326E+01,5.87326E+01,5.87326E+01,5.87326E+01,5.87326E+01,5.87326E+01,5.87326E+01,5.87326E+01,5.87326E+01,5.87326E+01,5.87326E+01,5.87326E+01,5.87326E+01,5.87326E+01,5.87326E+01,5.87326E+01,5.87326E+01,5.87326E+01,5.87326E+01,5.87326E+01,5.87326E+01,5.87326E+01,5.87326E+01,6.79752E+00,5.87326E+01,6.49700E+00,5.87326E+01,5.87326E+01,5.87326E+01,5.87326E+01,2.11198E+00,5.87326E+01,5.87326E+01,5.87326E+01,5.87326E+01 
#t = 2.310E+03
5.87326E+01,5.87326E+01,5.87326E+01,5.87326E+01,5.87326E+01,5.87326E+01,5.87326E+01,5.87326E+01,5.87326E+01,5.87326E+01,5.87326E+01,5.87326E+01,5.87326E+01,5.87326E+01,5.87326E+01,5.87326E+01,5.87326E+01,5.87326E+01,5.87326E+01,5.87326E+01,5.87326E+01,5.87326E+01,5.87326E+01,5.87326E+01,5.87326E+01,5.87326E+01,5.87326E+01,5.87326E+01,5.87326E+01,5.87326E+01,5.87326E+01,5.87326E+01,5.87326E+01,3.39430E+00,7.63187E+00,5.87326E+01,5.87326E+01,5.87326E+01,5.87326E+01,3.57450E+00,5.87326E+01,5.87326E+01,5.87326E+01,5.87326E+01,5.87326E+01,5.87326E+01,3.67127E+00,5.87326E+01,5.87326E+01,5.87326E+01,5.87326E+01 
#t = 2.352E+03
5.87326E+01,5.87326E+01,5.87326E+01,5.87326E+01,5.87326E+01,5.87326E+01,5.87326E+01,5.87326E+01,5.87326E+01,5.87326E+01,5.87326E+01,5.87326E+01,5.87326E+01,5.87326E+01,5.87326E+01,5.87326E+01,5.87326E+01,5.87326E+01,5.87326E+01,5.87326E+01,5.87326E+01,5.87326E+01,1.05478E+01,5.87326E+01,5.87326E+01,5.87326E+01,5.87326E+01,5.87326E+01,5.87326E+01,5.87326E+01,1.70915E+00,5.87326E+01,5.80895E+00,5.87326E+01,5.87326E+01,5.87326E+01,5.87326E+01,5.87326E+01,3.45175E+00 
#t = 2.394E+03
5.87326E+01,5.87326E+01,1.05478E+01,5.87326E+01,5.87326E+01,5.87326E+01,5.87326E+01,5.87326E+01,5.87326E+01,5.87326E+01,5.87326E+01,5.87326E+01,5.87326E+01,5.87326E+01,5.87326E+01,5.87326E+01,5.87326E+01,5.87326E+01,5.87326E+01,5.87326E+01,5.87326E+01,5.87326E+01,5.87326E+01,5.87326E+01,5.87326E+01,5.87326E+01,5.87326E+01,5.83097E+00,5.87326E+01,5.87326E+01,5.87326E+01,5.87326E+01,5.87326E+01,5.87326E+01,2.37107E+00,5.87326E+01 
#t = 2.436E+03
5.87326E+01,5.87326E+01,5.87326E+01,5.87326E+01,5.87326E+01,5.87326E+01,5.87326E+01,5.87326E+01,5.87326E+01,5.87326E+01,5.87326E+01,5.87326E+01,5.87326E+01,5.87326E+01,5.87326E+01,5.87326E+01,5.87326E+01,5.87326E+01,5.87326E+01,5.87326E+01,5.87326E+01,5.87326E+01,5.87326E+01,5.87326E+01,5.87326E+01,5.87326E+01,5.87326E+01,5.87326E+01,5.87326E+01,5.87326E+01,5.87326E+01,5.87326E+01 
#t = 2.478E+03
5.87326E+01,5.87326E+01,5.87326E+01,5.87326E+01,5.87326E+01,5.87326E+01,5.87326E+01,5.87326E+01,5.87326E+01,5.87326E+01,5.87326E+01,5.87326E+01,5.87326E+01,5.87326E+01,5.87326E+01,5.87326E+01,5.87326E+01,5.87326E+01,5.87326E+01,5.87326E+01,5.87326E+01,5.87326E+01,5.87326E+01,5.87326E+01,1.07349E+01,5.87326E+01,5.87326E+01,5.87326E+01,5.87326E+01,1.03521E+01,5.87326E+01,5.87326E+01,2.80649E+00,5.91519E-01,5.87326E+01 
#t = 2.520E+03
5.87326E+01,5.87326E+01,5.87326E+01,5.87326E+01,5.87326E+01,5.87326E+01,5.87326E+01,5.87326E+01,5.87326E+01,5.87326E+01,5.87326E+01,5.87326E+01,5.87326E+01,5.87326E+01,5.87326E+01,5.87326E+01,9.65500E+00,5.87326E+01,5.87326E+01,5.87326E+01,5.87326E+01,5.87326E+01,5.87326E+01,5.87326E+01,5.87326E+01,5.87326E+01,5.87326E+01,5.87326E+01,5.87326E+01,5.87326E+01,5.87326E+01,5.87326E+01,5.87326E+01,5.87326E+01,5.87326E+01,5.87326E+01,3.64038E+00,5.87326E+01,5.87326E+01,5.87326E+01,5.87326E+01,5.87326E+01,5.87326E+01,5.87326E+01,2.07311E+00,9.24805E+00 
#t = 2.562E+03
5.87326E+01,5.87326E+01,5.87326E+01,5.87326E+01,5.87326E+01,5.87326E+01,5.87326E+01,5.87326E+01,5.87326E+01,5.87326E+01,5.87326E+01,5.87326E+01,5.87326E+01,5.87326E+01,5.87326E+01,5.87326E+01,5.87326E+01,5.87326E+01,5.87326E+01,5.87326E+01,5.87326E+01,5.87326E+01,5.87326E+01,5.87326E+01,5.87326E+01,5.87326E+01,5.87326E+01,5.87326E+01,5.87326E+01,5.87326E+01,5.87326E+01,5.87326E+01,5.87326E+01,5.87326E+01,5.87326E+01,5.87326E+01,5.87326E+01,5.87326E+01,5.87326E+01,5.87326E+01,5.87326E+01,5.87326E+01,5.87326E+01,5.87326E+01,5.87326E+01,5.87326E+01,5.87326E+01,5.87326E+01,4.37591E+00,5.87326E+01,5.87326E+01 
#t = 2.604E+03
5.87326E+01,5.87326E+01,5.87326E+01,5.87326E+01,5.87326E+01,5.87326E+01,5.87326E+01,5.87326E+01,5.87326E+01,5.87326E+01,5.87326E+01,5.87326E+01,5.87326E+01,5.87326E+01,5.87326E+01,5.87326E+01,5.87326E+01,5.87326E+01,5.87326E+01,5.87326E+01,5.87326E+01,5.87326E+01,5.87326E+01,5.87326E+01,5.87326E+01,5.87326E+01,5.87326E+01,5.87326E+01,5.87326E+01,5.87326E+01,5.87326E+01,5.87326E+01,5.87326E+01,7.03089E+00,5.87326E+01,1.68903E+00,5.87326E+01 
#t = 2.646E+03
5.87326E+01,5.87326E+01,5.87326E+01,5.87326E+01,5.87326E+01,5.87326E+01,5.87326E+01,5.87326E+01,5.87326E+01,5.87326E+01,5.87326E+01,5.87326E+01,5.87326E+01,5.87326E+01,5.87326E+01,5.87326E+01,5.87326E+01,5.87326E+01,5.87326E+01,5.87326E+01,5.87326E+01,5.87326E+01,5.87326E+01,5.87326E+01,5.87326E+01,5.87326E+01,5.87326E+01,2.86668E+00,5.87326E+01,5.87326E+01,1.55127E+01,5.87326E+01,5.87326E+01,5.87326E+01,5.87326E+01,5.87326E+01,5.87326E+01,5.87326E+01,5.87326E+01,5.87326E+01,5.87326E+01,5.87326E+01,5.87326E+01 
#t = 2.688E+03
5.87326E+01,5.87326E+01,5.87326E+01,5.87326E+01,5.87326E+01,5.87326E+01,5.87326E+01,5.87326E+01,5.87326E+01,5.87326E+01,5.87326E+01,5.87326E+01,5.87326E+01,5.87326E+01,5.87326E+01,5.87326E+01,5.87326E+01,5.87326E+01,5.87326E+01,5.87326E+01,5.87326E+01,5.87326E+01,5.87326E+01,5.87326E+01,5.87326E+01,5.87326E+01,5.87326E+01,1.27574E+01,5.87326E+01,5.87326E+01,5.87326E+01,1.14320E+01,5.87326E+01,5.87326E+01,5.87326E+01,5.87326E+01,5.87326E+01,5.87326E+01,3.33281E+00,3.57842E+00,5.87326E+01,5.87326E+01,1.33173E+01,5.87326E+01,5.87326E+01,5.87326E+01 
#t = 2.730E+03
5.87326E+01,5.87326E+01,1.33173E+01,5.87326E+01,5.87326E+01,5.87326E+01,5.87326E+01,1.14320E+01,5.87326E+01,5.87326E+01,5.87326E+01,5.87326E+01,5.87326E+01,1.14320E+01,5.87326E+01,5.87326E+01,5.87326E+01,5.87326E+01,5.87326E+01,5.87326E+01,5.87326E+01,5.87326E+01,5.87326E+01,5.87326E+01,5.87326E+01,5.87326E+01,5.87326E+01,5.87326E+01,5.87326E+01,5.87326E+01,1.14320E+01,5.87326E+01,5.87326E+01,5.87326E+01 
#t = 2.772E+03
5.87326E+01,1.14320E+01,5.87326E+01,5.87326E+01,5.87326E+01,5.87326E+01,5.87326E+01,5.87326E+01,5.87326E+01,5.87326E+01,5.87326E+01,5.87326E+01,5.87326E+01,5.87326E+01,5.87326E+01,5.87326E+01,5.87326E+01,5.87326E+01,5.87326E+01,5.87326E+01,5.87326E+01,5.87326E+01,5.87326E+01,5.87326E+01,7.41173E+00,5.87326E+01,5.87326E+01,5.87326E+01,5.87326E+01,5.87326E+01,5.87326E+01,5.87326E+01,5.87326E+01,5.87326E+01,5.87326E+01,5.87326E+01,5.87326E+01,5.87326E+01,1.62827E+00,5.87326E+01,5.87326E+01 
#t = 2.814E+03
5.87326E+01,5.87326E+01,5.87326E+01,5.87326E+01,5.87326E+01,5.87326E+01,5.87326E+01,5.87326E+01,5.87326E+01,5.87326E+01,5.87326E+01,5.87326E+01,5.87326E+01,5.87326E+01,5.87326E+01,5.87326E+01,5.87326E+01,5.87326E+01,5.87326E+01,5.87326E+01,5.87326E+01,5.87326E+01,5.87326E+01,5.87326E+01,5.87326E+01,5.87326E+01,5.87326E+01,5.87326E+01,5.87326E+01,1.05336E+01,3.81000E+00,5.87326E+01,5.87326E+01,5.87326E+01,5.87326E+01,5.87326E+01,1.71377E+01,2.00479E+00,5.87326E+01,5.87326E+01,5.87326E+01 
#t = 2.856E+03
5.87326E+01,5.87326E+01,5.87326E+01,5.87326E+01,5.87326E+01,5.87326E+01,5.87326E+01,5.87326E+01,5.87326E+01,5.87326E+01,5.87326E+01,5.87326E+01,5.87326E+01,5.87326E+01,5.87326E+01,5.87326E+01,5.87326E+01,5.87326E+01,5.87326E+01,5.87326E+01,5.87326E+01,5.87326E+01,5.87326E+01,5.87326E+01,5.87326E+01,5.87326E+01,5.87326E+01,5.87326E+01,5.87326E+01,5.87326E+01,5.87326E+01,5.87326E+01,5.87326E+01,5.87326E+01,5.87326E+01,5.87326E+01,1.01355E+00,5.87326E+01,5.87326E+01,5.87326E+01,6.88571E-01,5.87326E+01 
#t = 2.898E+03
5.87326E+01,5.87326E+01,5.87326E+01,5.87326E+01,5.87326E+01,5.87326E+01,5.87326E+01,5.87326E+01,5.87326E+01,5.87326E+01,5.87326E+01,5.87326E+01,5.87326E+01,5.87326E+01,5.87326E+01,1.06458E+01,5.87326E+01,5.87326E+01,1.91579E+00,5.87326E+01,5.87326E+01,5.87326E+01,5.87326E+01,5.87326E+01,5.87326E+01,5.87326E+01,5.87326E+01,5.87326E+01,5.87326E+01,5.87326E+01,5.87326E+01,5.87326E+01,5.87326E+01,5.87326E+01,5.87326E+01,5.87326E+01,5.87326E+01,5.87326E+01,5.87326E+01,5.87326E+01,2.49381E+00,5.87326E+01,5.87326E+01 
#t = 2.940E+03
5.87326E+01,5.87326E+01,5.87326E+01,5.87326E+01,5.87326E+01,5.87326E+01,5.87326E+01,5.87326E+01,5.87326E+01,5.87326E+01,5.87326E+01,5.87326E+01,5.87326E+01,5.87326E+01,5.87326E+01,5.87326E+01,5.87326E+01,5.87326E+01,5.87326E+01,5.87326E+01,5.87326E+01,5.87326E+01,3.15662E+00,5.87326E+01,5.87326E+01,5.87326E+01,5.87326E+01,5.87326E+01,5.87326E+01,5.87326E+01,5.87326E+01,5.87326E+01,1.89806E+00,5.87326E+01,5.87326E+01,5.87326E+01,5.87326E+01,1.25781E+00,5.87326E+01,5.87326E+01,5.87326E+01,5.87326E+01,6.48628E+00 
#t = 2.982E+03
5.87326E+01,5.87326E+01,5.87326E+01,5.87326E+01,5.87326E+01,5.87326E+01,5.87326E+01,5.87326E+01,5.87326E+01,2.23966E+01,5.87326E+01,5.87326E+01,5.87326E+01,5.87326E+01,5.87326E+01,5.87326E+01,5.87326E+01,5.87326E+01,5.87326E+01,5.87326E+01,5.87326E+01,5.87326E+01,5.87326E+01,5.87326E+01,5.87326E+01,5.87326E+01,5.87326E+01,5.87326E+01,5.87326E+01,5.87326E+01,5.87326E+01,5.87326E+01,5.87326E+01,5.87326E+01,5.87326E+01,5.87326E+01,5.87326E+01,5.87326E+01,5.87326E+01,5.87326E+01,5.87326E+01,5.87326E+01,5.87326E+01,5.87326E+01,2.04782E+00,5.87326E+01,2.61400E+00 
#t = 3.024E+03
5.87326E+01,5.87326E+01,5.87326E+01,5.87326E+01,5.87326E+01,5.87326E+01,7.31296E+00,5.87326E+01,5.87326E+01,5.87326E+01,5.87326E+01,5.87326E+01,5.87326E+01,5.87326E+01,5.87326E+01,5.87326E+01,5.87326E+01,5.87326E+01,5.87326E+01,5.87326E+01,5.87326E+01,5.87326E+01,5.87326E+01,5.87326E+01,5.87326E+01,5.87326E+01,5.87326E+01,5.87326E+01,5.87326E+01,5.87326E+01,5.95398E+00,5.87326E+01,5.87326E+01 
#t = 3.066E+03
5.87326E+01,5.87326E+01,5.87326E+01,5.87326E+01,5.87326E+01,5.87326E+01,5.87326E+01,5.87326E+01,5.87326E+01,5.87326E+01,5.87326E+01,5.87326E+01,5.87326E+01,5.87326E+01,5.87326E+01,5.87326E+01,5.87326E+01,5.87326E+01,5.87326E+01,5.87326E+01,5.87326E+01,5.87326E+01,5.87326E+01,5.87326E+01,5.87326E+01,5.87326E+01,5.87326E+01,5.87326E+01,1.28571E+01,5.87326E+01,5.87326E+01,9.95476E-01,5.87326E+01,5.87326E+01,5.87326E+01,5.87326E+01,5.87326E+01,5.87326E+01,5.87326E+01,7.10784E+00,5.87326E+01,5.87326E+01,5.87326E+01,5.87326E+01,5.87326E+01,6.03301E+00,1.69498E+01,5.87326E+01 
#t = 3.108E+03
1.28571E+01,5.87326E+01,5.87326E+01,5.87326E+01,5.87326E+01,5.87326E+01,5.87326E+01,5.87326E+01,1.28571E+01,5.87326E+01,5.87326E+01,5.87326E+01,5.87326E+01,5.87326E+01,5.87326E+01,5.87326E+01,5.87326E+01,5.87326E+01,5.87326E+01,5.87326E+01,5.87326E+01,5.87326E+01,5.87326E+01,9.78585E-01,5.87326E+01,5.87326E+01,5.87326E+01,5.87326E+01,5.87326E+01,8.52738E+00,5.87326E+01,5.87326E+01,5.87326E+01,5.87326E+01,1.28571E+01,1.28571E+01,1.42393E-01,4.02319E+00,8.00387E-01,5.87326E+01 
#t = 3.150E+03
5.87326E+01,5.87326E+01,5.87326E+01,5.87326E+01,5.87326E+01,5.87326E+01,5.87326E+01,5.87326E+01,5.87326E+01,5.87326E+01,5.87326E+01,5.87326E+01,5.87326E+01,5.87326E+01,5.87326E+01,5.87326E+01,5.87326E+01,5.87326E+01,5.87326E+01,5.87326E+01,5.87326E+01,5.87326E+01,5.87326E+01,5.87326E+01,5.87326E+01,5.87326E+01,5.87326E+01,5.87326E+01,5.87326E+01,5.87326E+01,5.87326E+01,1.39445E+01,4.68031E+00,5.87326E+01,5.87326E+01,5.87326E+01,5.87326E+01,5.87326E+01,5.87326E+01 
#t = 3.192E+03
5.87326E+01,5.87326E+01,5.87326E+01,5.87326E+01,5.87326E+01,5.87326E+01,5.87326E+01,5.87326E+01,5.87326E+01,5.87326E+01,5.87326E+01,5.87326E+01,5.87326E+01,5.87326E+01,5.87326E+01,5.87326E+01,6.45162E+00,5.87326E+01,5.87326E+01,5.87326E+01,5.87326E+01,5.87326E+01,5.87326E+01,5.87326E+01,5.87326E+01,5.87326E+01,5.87326E+01,5.87326E+01,5.87326E+01,5.87326E+01,5.87326E+01,5.87326E+01,5.87326E+01,5.87326E+01,5.87326E+01,5.87326E+01 
#t = 3.234E+03
5.87326E+01,5.87326E+01,5.87326E+01,5.87326E+01,5.87326E+01,5.87326E+01,5.87326E+01,5.87326E+01,5.87326E+01,5.87326E+01,5.87326E+01,5.87326E+01,5.87326E+01,5.87326E+01,5.87326E+01,5.87326E+01,5.87326E+01,5.87326E+01,5.87326E+01,5.87326E+01,5.87326E+01,5.87326E+01,5.87326E+01,5.87326E+01,5.87326E+01,5.87326E+01,5.87326E+01,5.87326E+01,5.87326E+01,5.87326E+01,5.87326E+01,5.87326E+01,5.87326E+01,3.82617E+00,5.87326E+01,5.87326E+01,5.87326E+01,5.87326E+01,5.87326E+01,5.87326E+01 
#t = 3.276E+03
5.87326E+01,5.87326E+01,5.87326E+01,5.87326E+01,5.87326E+01,5.87326E+01,5.87326E+01,5.87326E+01,5.87326E+01,5.87326E+01,5.87326E+01,5.87326E+01,5.87326E+01,5.87326E+01,5.87326E+01,5.87326E+01,5.87326E+01,5.87326E+01,5.87326E+01,5.87326E+01,2.81709E+01,5.87326E+01,5.87326E+01,5.87326E+01,5.87326E+01,5.87326E+01,1.94333E+00,5.87326E+01,5.87326E+01,5.87326E+01,5.87326E+01,5.87326E+01,5.87326E+01,5.87326E+01,5.87326E+01,5.87326E+01,5.87326E+01,5.87326E+01,5.87326E+01,9.07339E-01,1.21601E+01,5.87326E+01 
#t = 3.318E+03
5.87326E+01,5.87326E+01,5.87326E+01,5.87326E+01,5.87326E+01,5.87326E+01,5.87326E+01,5.87326E+01,5.87326E+01,5.87326E+01,5.87326E+01,5.87326E+01,5.87326E+01,5.87326E+01,5.87326E+01,5.87326E+01,5.87326E+01,5.87326E+01,5.87326E+01,5.87326E+01,5.87326E+01,2.81709E+01,5.87326E+01,2.56452E+00,5.87326E+01,5.87326E+01,5.87326E+01,5.87326E+01,5.87326E+01,5.87326E+01,2.43368E+01,5.87326E+01,5.87326E+01,5.87326E+01,5.87326E+01,5.87326E+01,5.87326E+01,5.87326E+01,5.87326E+01,3.16688E+00,5.87326E+01,5.87326E+01 
#t = 3.360E+03
5.87326E+01,5.87326E+01,5.87326E+01,5.87326E+01,5.87326E+01,5.87326E+01,5.87326E+01,5.87326E+01,5.87326E+01,5.87326E+01,5.87326E+01,5.87326E+01,5.87326E+01,5.87326E+01,5.87326E+01,5.87326E+01,5.87326E+01,5.87326E+01,5.87326E+01,5.87326E+01,5.87326E+01,5.87326E+01,5.87326E+01,5.87326E+01,5.87326E+01,5.87326E+01,5.87326E+01,5.87326E+01,5.87326E+01,5.87326E+01,5.87326E+01,5.87326E+01,5.87326E+01,5.87326E+01,5.87326E+01,1.49526E+01,5.87326E+01,5.87326E+01,5.87326E+01,5.87326E+01,5.87326E+01,5.87326E+01,5.87326E+01,5.87326E+01,5.87326E+01,5.87326E+01,5.87326E+01,5.87326E+01,5.87326E+01,5.87326E+01,5.87326E+01,5.87326E+01,5.87326E+01,5.87326E+01,5.87326E+01,5.87326E+01,5.87326E+01,5.87326E+01,5.87326E+01,5.87326E+01,5.87326E+01,5.87326E+01,5.87326E+01,5.87326E+01,5.87326E+01 
#t = 3.402E+03
5.87326E+01,5.87326E+01,5.87326E+01,5.87326E+01,5.87326E+01,5.87326E+01,5.87326E+01,5.87326E+01,5.87326E+01,5.87326E+01,5.87326E+01,7.83026E+00,5.87326E+01,5.87326E+01,5.87326E+01,5.87326E+01,5.87326E+01,5.87326E+01,5.87326E+01,5.87326E+01,5.87326E+01,5.87326E+01,5.87326E+01,5.87326E+01,5.87326E+01,5.87326E+01,5.87326E+01,5.87326E+01,5.87326E+01,5.87326E+01,4.44928E-01,5.87326E+01,5.87326E+01 
#t = 3.444E+03
5.87326E+01,5.87326E+01,5.87326E+01,5.87326E+01,5.87326E+01,5.87326E+01,5.87326E+01,5.87326E+01,5.87326E+01,5.87326E+01,5.87326E+01,5.87326E+01,5.87326E+01,5.87326E+01,5.87326E+01,5.87326E+01,5.87326E+01,5.87326E+01,5.87326E+01,5.87326E+01,1.20290E+01,5.87326E+01,5.87326E+01,1.01159E+00,5.87326E+01,5.87326E+01,9.00877E-01,5.87326E+01,5.87326E+01,5.87326E+01,5.87326E+01,5.87326E+01,5.87326E+01 
#t = 3.486E+03
5.87326E+01,5.87326E+01,5.87326E+01,5.87326E+01,5.87326E+01,5.87326E+01,5.87326E+01,5.87326E+01,3.25132E+01,5.87326E+01,5.87326E+01,3.25132E+01,5.87326E+01,5.87326E+01,5.87326E+01,3.25132E+01,1.29559E+01,3.25132E+01,1.02474E+00,3.25132E+01,5.87326E+01,5.87326E+01,2.40074E+00,5.87326E+01,1.49946E+01,3.25132E+01,1.74852E+00,3.25132E+01,6.46949E+00,5.87326E+01,5.87326E+01 
#t = 3.528E+03
1.29559E+01,1.49946E+01,1.35300E+01,5.87326E+01,5.87326E+01,1.35300E+01,5.87326E+01,5.87326E+01,5.87326E+01,5.87326E+01,5.87326E+01,5.87326E+01,3.25132E+01,1.49946E+01,1.29559E+01,1.29559E+01,5.87326E+01,5.87326E+01,5.87326E+01,5.87326E+01,5.87326E+01,1.29559E+01,5.87326E+01,1.49946E+01,1.04823E+01,5.87326E+01,1.44770E+00,1.29559E+01,1.11340E+01,5.87326E+01,5.87326E+01,5.87326E+01,5.87326E+01,5.87326E+01,1.49946E+01,5.87326E+01,5.87326E+01,3.25823E-01,5.87326E+01,4.32355E-01 
#t = 3.570E+03
5.87326E+01,5.87326E+01,5.87326E+01,5.87326E+01,5.87326E+01,5.87326E+01,5.87326E+01,5.87326E+01,5.87326E+01,5.87326E+01,5.87326E+01,5.87326E+01,5.87326E+01,5.87326E+01,5.87326E+01,5.87326E+01,5.87326E+01,5.87326E+01,5.87326E+01,5.87326E+01,7.24052E+00,5.87326E+01,5.87326E+01,5.87326E+01,5.87326E+01,5.87326E+01,5.87326E+01,5.87326E+01,5.87326E+01,5.87326E+01,5.87326E+01,5.87326E+01,5.87326E+01,5.87326E+01,5.87326E+01,5.87326E+01,5.87326E+01,5.87326E+01,5.87326E+01,5.87326E+01 
#t = 3.612E+03
5.87326E+01,5.87326E+01,5.87326E+01,5.87326E+01,5.87326E+01,5.87326E+01,5.87326E+01,5.87326E+01,5.87326E+01,5.87326E+01,5.87326E+01,5.87326E+01,5.87326E+01,5.87326E+01,5.87326E+01,5.87326E+01,5.87326E+01,5.87326E+01,1.22916E+01,5.87326E+01,5.87326E+01,5.87326E+01,5.87326E+01,5.87326E+01,5.87326E+01,5.87326E+01,5.87326E+01,5.87326E+01,5.87326E+01,5.87326E+01,5.87326E+01,5.87326E+01,5.87326E+01,5.87326E+01,1.22916E+01,5.87326E+01,5.87326E+01,5.87326E+01,5.87326E+01,5.87326E+01,6.43547E-01,5.87326E+01,4.77004E+00,5.87326E+01,2.35491E+00,5.87326E+01,5.87326E+01,5.87326E+01,5.87326E+01,5.87326E+01,5.87326E+01,5.87326E+01,5.87326E+01,5.87326E+01,6.36279E+00,5.87326E+01,5.87326E+01 
#t = 3.654E+03
5.87326E+01,5.87326E+01,5.87326E+01,5.87326E+01,5.87326E+01,5.87326E+01,5.87326E+01,5.87326E+01,5.87326E+01,5.87326E+01,5.87326E+01,5.87326E+01,5.87326E+01,5.87326E+01,5.87326E+01,5.87326E+01,5.87326E+01,5.87326E+01,5.87326E+01,5.87326E+01,1.04274E+01,5.87326E+01,5.87326E+01,5.87326E+01,5.87326E+01,5.87326E+01,5.87326E+01,5.87326E+01,5.87326E+01,5.87326E+01,5.87326E+01,5.87326E+01 
#t = 3.696E+03
5.87326E+01,5.87326E+01,5.87326E+01,5.87326E+01,5.87326E+01,5.87326E+01,5.87326E+01,5.87326E+01,5.87326E+01,5.87326E+01,5.87326E+01,5.87326E+01,5.87326E+01,5.87326E+01,5.87326E+01,5.87326E+01,5.87326E+01,5.87326E+01,5.87326E+01,5.87326E+01,9.73656E+00,5.87326E+01,5.87326E+01,5.87326E+01,4.77604E-01,5.87326E+01,5.87326E+01,5.87326E+01,5.87326E+01,5.87326E+01,5.87326E+01,2.95906E+00,1.99456E+00,9.37480E+00,5.87326E+01,5.87326E+01,6.82049E-01,3.52944E-01,5.87326E+01,5.87326E+01 
#t = 3.738E+03
5.87326E+01,5.87326E+01,5.87326E+01,5.87326E+01,5.87326E+01,5.87326E+01,5.87326E+01,5.87326E+01,5.87326E+01,5.87326E+01,5.87326E+01,5.87326E+01,5.87326E+01,5.87326E+01,5.87326E+01,5.87326E+01,5.87326E+01,5.87326E+01,5.87326E+01,5.87326E+01,5.87326E+01,5.87326E+01,5.87326E+01,5.87326E+01,5.87326E+01,5.87326E+01,5.87326E+01,5.87326E+01,4.56080E+00,5.87326E+01,5.87326E+01,5.87326E+01,5.87326E+01,1.59852E+00,5.87326E+01,5.87326E+01,5.87326E+01,5.87326E+01,5.87326E+01 
#t = 3.780E+03
5.87326E+01,5.87326E+01,5.87326E+01,5.87326E+01,5.87326E+01,5.87326E+01,5.87326E+01,5.87326E+01,5.87326E+01,5.87326E+01,5.87326E+01,5.87326E+01,5.87326E+01,5.87326E+01,5.87326E+01,5.87326E+01,5.87326E+01,5.87326E+01,5.87326E+01,5.87326E+01,5.28977E+00,5.87326E+01,5.87326E+01,5.87326E+01,5.87326E+01,5.87326E+01,5.87326E+01,5.87326E+01,5.87326E+01,5.87326E+01,5.87326E+01,5.87326E+01,5.87326E+01,5.87326E+01,5.87326E+01,5.87326E+01,5.87326E+01,5.87326E+01,1.74561E+01,5.87326E+01,3.92039E+00,5.87326E+01,4.01994E+00,4.66419E+00 
#t = 3.822E+03
5.87326E+01,5.87326E+01,5.87326E+01,5.87326E+01,5.87326E+01,5.87326E+01,5.87326E+01,5.87326E+01,5.87326E+01,5.87326E+01,5.87326E+01,5.87326E+01,5.87326E+01,5.87326E+01,5.87326E+01,5.87326E+01,5.87326E+01,5.87326E+01,5.87326E+01,5.87326E+01,5.87326E+01,5.87326E+01,1.24007E+01,5.87326E+01,5.87326E+01,5.87326E+01,1.24007E+01,5.87326E+01,5.87326E+01,5.87326E+01,1.24007E+01,5.87326E+01,5.87326E+01,5.87326E+01,5.87326E+01,5.87326E+01,5.87326E+01,5.87326E+01,5.87326E+01,5.87326E+01,5.87326E+01,3.60718E+00,5.87326E+01,4.81638E+00,5.87326E+01,2.46466E-01,5.87326E+01,1.15304E+00 
#t = 3.864E+03
5.87326E+01,1.24007E+01,5.87326E+01,5.87326E+01,5.87326E+01,5.87326E+01,5.87326E+01,5.87326E+01,5.87326E+01,5.87326E+01,5.87326E+01,5.87326E+01,5.87326E+01,5.87326E+01,5.87326E+01,5.87326E+01,1.36102E+01,5.87326E+01,5.87326E+01,5.87326E+01,5.87326E+01,5.87326E+01,5.87326E+01,5.87326E+01,5.87326E+01,5.87326E+01,5.87326E+01,5.87326E+01,5.87326E+01,5.87326E+01,5.87326E+01,5.87326E+01,5.87326E+01,3.81422E+00,5.87326E+01,1.24007E+01,5.87326E+01,5.87326E+01,5.87326E+01,5.87326E+01,5.87326E+01,5.87326E+01,5.87326E+01,5.87326E+01,3.01680E+00,8.54719E-01 
#t = 3.906E+03
5.87326E+01,5.87326E+01,5.87326E+01,5.87326E+01,5.87326E+01,5.87326E+01,5.87326E+01,5.87326E+01,5.87326E+01,5.87326E+01,1.24007E+01,5.87326E+01,1.24007E+01,5.87326E+01,5.87326E+01,5.87326E+01,5.87326E+01,5.87326E+01,5.87326E+01,5.87326E+01,1.24007E+01,5.87326E+01,5.87326E+01,1.24007E+01,5.87326E+01,5.87326E+01,1.13231E+00,5.87326E+01,3.87977E+00,5.87326E+01,5.87326E+01,5.87326E+01,5.87326E+01,4.62119E+00 
#t = 3.948E+03
5.87326E+01,5.87326E+01,5.87326E+01,5.87326E+01,5.87326E+01,5.87326E+01,5.87326E+01,5.87326E+01,5.87326E+01,5.87326E+01,5.87326E+01,5.87326E+01,5.87326E+01,1.24007E+01,1.24007E+01,5.87326E+01,5.87326E+01,5.87326E+01,5.87326E+01,5.87326E+01,1.24007E+01,5.87326E+01,5.87326E+01,5.87326E+01,5.87326E+01,5.87326E+01,5.87326E+01,1.45141E+00,5.87326E+01,5.87326E+01,5.87326E+01,1.24007E+01,5.87326E+01,1.24007E+01,5.87326E+01,5.87326E+01,5.87326E+01,5.87326E+01,5.87326E+01 
#t = 3.990E+03
5.87326E+01,5.87326E+01,5.87326E+01,5.87326E+01,5.87326E+01,5.87326E+01,5.87326E+01,5.87326E+01,1.24007E+01,5.87326E+01,5.87326E+01,5.87326E+01,5.87326E+01,5.87326E+01,5.87326E+01,1.24007E+01,5.87326E+01,1.24007E+01,5.87326E+01,1.24007E+01,5.87326E+01,5.87326E+01,5.87326E+01,5.87326E+01,5.87326E+01,5.87326E+01,7.84402E+00,5.87326E+01,5.87326E+01,5.87326E+01,1.24007E+01,5.87326E+01,5.87326E+01,1.24007E+01,5.87326E+01,7.08262E-01,5.87326E+01,3.74186E+00,5.87326E+01,5.87326E+01,5.87326E+01,5.87326E+01,5.87326E+01 
#t = 4.032E+03
5.87326E+01,5.87326E+01,5.87326E+01,5.87326E+01,5.87326E+01,5.87326E+01,5.87326E+01,5.87326E+01,5.87326E+01,5.87326E+01,5.87326E+01,5.87326E+01,5.87326E+01,5.87326E+01,5.87326E+01,5.87326E+01,5.87326E+01,5.87326E+01,5.87326E+01,5.87326E+01,5.87326E+01,5.87326E+01,5.87326E+01,5.87326E+01,5.87326E+01,5.87326E+01,5.87326E+01,5.87326E+01,5.87326E+01,5.87326E+01,5.87326E+01,5.87326E+01,5.87326E+01,3.46256E+00,5.87326E+01,5.87326E+01,5.87326E+01 
#t = 4.074E+03
5.87326E+01,5.87326E+01,5.87326E+01,5.87326E+01,5.87326E+01,5.87326E+01,5.87326E+01,5.87326E+01,5.87326E+01,5.87326E+01,5.87326E+01,5.87326E+01,5.87326E+01,5.87326E+01,5.87326E+01,5.87326E+01,5.87326E+01,5.87326E+01,5.87326E+01,5.87326E+01,5.87326E+01,5.87326E+01,5.87326E+01,5.87326E+01,5.87326E+01,5.87326E+01,5.87326E+01,5.87326E+01,5.87326E+01,5.87326E+01,5.87326E+01,5.87326E+01,5.87326E+01,5.87326E+01,5.87326E+01,5.87326E+01,4.26519E+00,5.87326E+01,5.98143E+00,5.87326E+01,5.87326E+01,5.87326E+01 
#t = 4.116E+03
5.87326E+01,5.87326E+01,5.87326E+01,5.87326E+01,5.87326E+01,1.92701E+01,5.87326E+01,1.92701E+01,5.87326E+01,5.87326E+01,5.87326E+01,5.87326E+01,5.87326E+01,5.87326E+01,5.87326E+01,5.87326E+01,5.87326E+01,5.87326E+01,5.87326E+01,5.87326E+01,5.87326E+01,5.87326E+01,5.87326E+01,5.87326E+01,5.87326E+01,1.76064E+00,5.87326E+01,5.87326E+01,5.87326E+01,5.87326E+01,5.87326E+01,5.87326E+01,5.87326E+01,1.27831E+00,5.87326E+01,5.87326E+01,5.87326E+01,5.87326E+01,5.87326E+01,5.87326E+01 
#t = 4.158E+03
5.87326E+01,5.87326E+01,5.87326E+01,5.87326E+01,5.87326E+01,1.92701E+01,5.87326E+01,5.87326E+01,5.87326E+01,5.87326E+01,5.87326E+01,5.87326E+01,7.11928E+00,4.09139E+00,5.87326E+01,5.87326E+01,5.87326E+01,5.87326E+01,5.87326E+01,5.87326E+01,5.87326E+01,5.87326E+01,5.87326E+01,5.87326E+01,5.87326E+01,5.87326E+01,5.87326E+01,5.87326E+01,5.87326E+01,5.87326E+01,5.87326E+01,2.45635E+00,5.87326E+01,5.87326E+01,5.87326E+01,5.87326E+01,5.87326E+01 
#t = 4.200E+03
5.87326E+01,5.87326E+01,5.87326E+01,5.87326E+01,5.87326E+01,5.87326E+01,5.87326E+01,5.87326E+01,5.87326E+01,5.87326E+01,5.87326E+01,5.87326E+01,1.12398E+01,5.87326E+01,5.87326E+01,5.87326E+01,5.87326E+01,5.87326E+01,5.87326E+01,5.87326E+01,5.87326E+01,5.87326E+01,5.87326E+01,5.87326E+01,5.87326E+01,5.87326E+01,5.87326E+01,5.87326E+01,5.87326E+01,5.87326E+01,3.05066E+00,5.87326E+01,5.87326E+01,5.87326E+01,5.87326E+01,1.12398E+01 
