#t = 0.000E+00
1.32415E+00,9.57250E-01,2.20869E+00,2.26432E+00,3.27660E+00 
#t = 4.200E+01
2.98013E+00 
#t = 8.400E+01
1.12472E+01,1.00594E+01,2.40817E+00,2.97573E-01 
#t = 1.260E+02
1.15045E+01,7.92852E+00,1.15045E+01,1.15045E+01,2.67557E+00,6.81196E-01 
#t = 1.680E+02
1.44833E+01,1.44833E+01,1.44833E+01,6.28106E-01,9.17546E+00,3.48078E+00 
#t = 2.100E+02
1.44833E+01,2.16453E+00,5.62031E-01,1.31316E+00 
#t = 2.520E+02
3.74652E+01,3.74652E+01,3.74652E+01,3.74652E+01,3.74652E+01,3.74652E+01,3.74652E+01,3.74652E+01,3.74652E+01,3.74652E+01,3.74652E+01 
#t = 2.940E+02
3.74652E+01,3.74652E+01,3.74652E+01,3.74652E+01,3.74652E+01,3.74652E+01,3.74652E+01,3.74652E+01,3.74652E+01,3.74652E+01,3.74652E+01,3.74652E+01,1.19187E+01,1.19187E+01,3.74652E+01,1.02433E+01,3.74652E+01,3.74652E+01,3.74652E+01,3.74652E+01,3.74652E+01,3.74652E+01,4.57842E+00,3.74652E+01,3.74652E+01,1.19187E+01,3.74652E+01,3.74652E+01,3.74652E+01,3.74652E+01,5.37712E+00,1.05328E+00 
#t = 3.360E+02
3.74652E+01,1.22070E+01,3.74652E+01,1.19187E+01,1.22070E+01,3.74652E+01,3.74652E+01,3.74652E+01,3.74652E+01,3.74652E+01,3.74652E+01,3.74652E+01,3.74652E+01,3.74652E+01,1.19187E+01,3.74652E+01,3.74652E+01,3.74652E+01,3.74652E+01,3.74652E+01,3.74652E+01,3.74652E+01,3.74652E+01,4.48342E+00,3.74652E+01,3.74652E+01,3.74652E+01,3.74652E+01,3.89530E+00,3.74652E+01,3.74652E+01,3.74652E+01,6.61759E+00,4.49335E-01 
#t = 3.780E+02
3.74652E+01,3.74652E+01,3.74652E+01,3.74652E+01,3.74652E+01,1.22070E+01,3.74652E+01,3.74652E+01,3.74652E+01,3.74652E+01,1.22070E+01,1.22070E+01,3.74652E+01,3.74652E+01,3.74652E+01,1.22070E+01,1.19187E+01,1.19187E+01,3.74652E+01,1.19187E+01,3.74652E+01,3.74652E+01,1.22070E+01,3.74652E+01,3.74652E+01,3.74652E+01,1.74031E+00,1.19187E+01,1.22070E+01,3.74652E+01,3.74652E+01,1.19187E+01,3.74652E+01,3.74652E+01,3.74652E+01,1.22070E+01,3.74652E+01,1.22070E+01,7.68259E-01,1.22070E+01,3.74652E+01,3.74652E+01,3.74652E+01,1.08045E+00,3.74652E+01,1.22070E+01,2.16129E-01 
#t = 4.200E+02
3.74652E+01,3.74652E+01,3.74652E+01,1.22070E+01,3.74652E+01,1.22070E+01,3.74652E+01,3.74652E+01,3.74652E+01,3.74652E+01,3.74652E+01,3.74652E+01,3.74652E+01,3.74652E+01,3.74652E+01,3.74652E+01,3.74652E+01,3.74652E+01,1.22070E+01,3.74652E+01,3.74652E+01,3.74652E+01,3.74652E+01,3.74652E+01,3.74652E+01,3.74652E+01,3.74652E+01,4.09318E+00,3.74652E+01,3.74652E+01,3.74652E+01,7.34664E-01,2.74526E+01,8.85989E-02,1.66574E+00,3.74652E+01,1.61059E+00 
#t = 4.620E+02
3.74652E+01,3.74652E+01,3.74652E+01,3.74652E+01,1.84108E+01,3.74652E+01,3.74652E+01,3.74652E+01,3.74652E+01,3.74652E+01,3.74652E+01,3.74652E+01,3.74652E+01,3.74652E+01,3.74652E+01,3.74652E+01,3.74652E+01,3.74652E+01,3.74652E+01,3.74652E+01,3.74652E+01,3.74652E+01,3.74652E+01,3.74652E+01,3.74652E+01,3.74652E+01,3.74652E+01,3.74652E+01,3.74652E+01,3.74652E+01,3.74652E+01,3.74652E+01,3.74652E+01,3.74652E+01,3.74652E+01,1.41020E+00,2.61711E+00,3.74652E+01,3.74652E+01,3.74652E+01,3.74652E+01,3.74652E+01 
#t = 5.040E+02
3.74652E+01,3.74652E+01,3.74652E+01,3.74652E+01,3.74652E+01,3.74652E+01,3.74652E+01,3.74652E+01,3.74652E+01,3.74652E+01,3.74652E+01,3.74652E+01,3.74652E+01,3.74652E+01,3.74652E+01,3.74652E+01,3.22525E+00,3.74652E+01,3.74652E+01,3.74652E+01,3.74652E+01,3.74652E+01,3.74652E+01,3.74652E+01,3.74652E+01,3.74652E+01,3.74652E+01,3.74652E+01,3.74652E+01,3.74652E+01,3.74652E+01,3.74652E+01,3.74652E+01,3.74652E+01,3.74652E+01,3.74652E+01,3.74652E+01,3.74652E+01,3.74652E+01,3.74652E+01,3.74652E+01,3.74652E+01,3.74652E+01 
#t = 5.460E+02
3.74652E+01,3.74652E+01,3.74652E+01,3.74652E+01,3.74652E+01,3.74652E+01,3.74652E+01,3.74652E+01,3.74652E+01,3.74652E+01,3.74652E+01,3.74652E+01,3.74652E+01,3.74652E+01,3.74652E+01,3.74652E+01,3.74652E+01,3.74652E+01,3.74652E+01,3.74652E+01,3.74652E+01,3.74652E+01,3.74652E+01,1.06738E+01,3.74652E+01,3.74652E+01,3.74652E+01,3.74652E+01,3.74652E+01,3.74652E+01,3.74652E+01,3.74652E+01,3.74652E+01,3.74652E+01,3.74652E+01,7.38242E-01,7.70470E-01 
#t = 5.880E+02
3.74652E+01,3.74652E+01,3.74652E+01,3.74652E+01,3.74652E+01,3.74652E+01,3.74652E+01,3.74652E+01,3.74652E+01,3.74652E+01,3.74652E+01,3.74652E+01,3.74652E+01,3.74652E+01,3.74652E+01,1.31124E+01,3.74652E+01,3.74652E+01,3.74652E+01,3.74652E+01,3.74652E+01,3.74652E+01,3.74652E+01,3.74652E+01,3.74652E+01,1.31124E+01,3.74652E+01,3.74652E+01,2.37650E+01,3.74652E+01,3.74652E+01,9.15347E+00,3.74652E+01,3.74652E+01 
#t = 6.300E+02
1.31124E+01,3.74652E+01,1.31124E+01,3.74652E+01,3.74652E+01,3.74652E+01,3.74652E+01,3.74652E+01,3.74652E+01,3.74652E+01,3.74652E+01,3.74652E+01,3.74652E+01,3.74652E+01,3.74652E+01,3.74652E+01,3.74652E+01,3.74652E+01,1.31124E+01,3.74652E+01,1.51403E+01,1.51403E+01,1.51403E+01,3.74652E+01,1.51403E+01,3.74652E+01,3.74652E+01,1.24760E+00,3.74652E+01,3.74652E+01,3.74652E+01,3.74652E+01,3.74652E+01,3.74652E+01 
#t = 6.720E+02
3.74652E+01,3.74652E+01,1.51403E+01,3.74652E+01,3.74652E+01,3.74652E+01,3.74652E+01,3.74652E+01,3.74652E+01,3.74652E+01,3.74652E+01,3.74652E+01,3.74652E+01,3.74652E+01,3.74652E+01,3.74652E+01,3.74652E+01,3.74652E+01,3.74652E+01,3.74652E+01,3.74652E+01,3.74652E+01,3.74652E+01,3.74652E+01,3.74652E+01,3.74652E+01,9.62477E+00,3.74652E+01,3.74652E+01,3.74652E+01,1.31124E+01,3.74652E+01,3.74652E+01,3.74652E+01,1.94509E+00,3.74652E+01,3.74652E+01,5.32004E+00,6.20237E+00 
#t = 7.140E+02
3.74652E+01,3.74652E+01,3.74652E+01,3.74652E+01,3.74652E+01,3.74652E+01,3.74652E+01,3.74652E+01,3.74652E+01,3.74652E+01,3.74652E+01,3.74652E+01,3.74652E+01,3.74652E+01,3.74652E+01,3.74652E+01,3.74652E+01,3.74652E+01,3.74652E+01,7.85953E+00,3.74652E+01,3.74652E+01,3.74652E+01,3.74652E+01,3.74652E+01,3.74652E+01,3.74652E+01,3.74652E+01,3.74652E+01,3.74652E+01,3.74652E+01,3.74652E+01,1.49845E+00,3.74652E+01,3.74652E+01,3.74652E+01 
#t = 7.560E+02
3.74652E+01,3.74652E+01,3.74652E+01,3.74652E+01,3.74652E+01,3.74652E+01,3.74652E+01,3.74652E+01,3.74652E+01,3.74652E+01,3.74652E+01,3.74652E+01,3.74652E+01,3.74652E+01,3.74652E+01,3.74652E+01,3.74652E+01,3.74652E+01,3.74652E+01,3.74652E+01,3.74652E+01,3.74652E+01,3.74652E+01,3.74652E+01,3.74652E+01,1.10136E+01,3.74652E+01,3.74652E+01,3.74652E+01,3.74652E+01,1.84929E+01,3.74652E+01,3.74652E+01,3.74652E+01,3.74652E+01,3.74652E+01,3.74652E+01 
#t = 7.980E+02
3.74652E+01,1.10136E+01,3.74652E+01,3.74652E+01,3.74652E+01,3.74652E+01,3.74652E+01,3.74652E+01,3.74652E+01,3.74652E+01,3.74652E+01,3.74652E+01,3.74652E+01,3.74652E+01,3.74652E+01,3.74652E+01,3.74652E+01,3.74652E+01,3.74652E+01,3.74652E+01,3.74652E+01,3.74652E+01,3.74652E+01,1.94569E+01,3.74652E+01,3.74652E+01,3.74652E+01,3.74652E+01,3.74652E+01,8.59820E+00,3.74652E+01,3.74652E+01,3.74652E+01,3.74652E+01,3.74652E+01,3.74652E+01,3.74652E+01,3.74652E+01,3.74652E+01,3.74652E+01,3.74652E+01,3.74652E+01,3.74652E+01,3.74652E+01,3.74652E+01,3.74652E+01,2.56819E+01,3.74652E+01,3.74652E+01,1.10136E+01,1.03126E+01,3.74652E+01,3.74652E+01,3.74652E+01,3.74652E+01,3.74652E+01,3.74652E+01,3.74652E+01,3.74652E+01,9.93967E+00 
#t = 8.400E+02
3.74652E+01,3.74652E+01,3.74652E+01,3.74652E+01,3.74652E+01,3.74652E+01,3.74652E+01,3.74652E+01,9.95061E+00,3.74652E+01,1.65290E+01,3.74652E+01,3.74652E+01,3.74652E+01,3.74652E+01,3.74652E+01,3.74652E+01,3.74652E+01,3.74652E+01,3.74652E+01,3.74652E+01,3.74652E+01,1.65290E+01,3.74652E+01,3.74652E+01,1.66987E+01,3.74652E+01,3.74652E+01,3.74652E+01,3.74652E+01,3.74652E+01,3.74652E+01,3.74652E+01,3.74652E+01,3.74652E+01,1.32162E+00,3.74652E+01,3.74652E+01,3.74652E+01,3.74652E+01,3.74513E-01 
#t = 8.820E+02
3.74652E+01,3.74652E+01,1.65290E+01,3.74652E+01,1.65290E+01,3.74652E+01,3.74652E+01,3.74652E+01,3.74652E+01,3.74652E+01,3.74652E+01,3.74652E+01,3.74652E+01,3.74652E+01,1.31467E+01,1.31467E+01,3.74652E+01,3.74652E+01,3.74652E+01,1.42303E+01,3.74652E+01,1.65290E+01,1.12052E+00,3.74652E+01,3.74652E+01,6.74816E-01,3.74652E+01,3.74652E+01,3.74652E+01,3.74652E+01,1.65290E+01,2.17931E+00,3.74652E+01,3.74652E+01,8.96013E+00 
#t = 9.240E+02
3.74652E+01,3.74652E+01,1.65290E+01,3.74652E+01,3.74652E+01,1.65290E+01,3.74652E+01,3.74652E+01,3.74652E+01,3.74652E+01,3.74652E+01,3.74652E+01,2.28813E+01,3.74652E+01,3.74652E+01,3.74652E+01,8.53036E+00,7.61238E+00,3.74652E+01,3.74652E+01,3.74652E+01,1.95749E+01,3.74652E+01,3.74652E+01,3.74652E+01,3.74652E+01,3.74652E+01,3.74652E+01,3.74652E+01,2.88126E+00,1.65290E+01,2.28813E+01,2.28813E+01,2.28813E+01,3.74652E+01,3.74652E+01,3.74652E+01,3.74652E+01,3.74652E+01,3.74652E+01,1.44659E-01 
#t = 9.660E+02
3.74652E+01,3.74652E+01,3.74652E+01,3.74652E+01,3.74652E+01,3.74652E+01,3.74652E+01,3.74652E+01,1.31850E+01,2.28813E+01,3.74652E+01,3.74652E+01,3.74652E+01,3.74652E+01,3.74652E+01,3.74652E+01,3.74652E+01,3.74652E+01,3.74652E+01,3.74652E+01,3.74652E+01,1.31850E+01,3.74652E+01,3.74652E+01,3.74652E+01,3.74652E+01,3.74652E+01,2.28813E+01,3.74652E+01,3.74652E+01,3.74652E+01,3.74652E+01,3.74652E+01,3.74652E+01,1.31850E+01,3.74652E+01,3.74652E+01,2.22832E+00 
#t = 1.008E+03
3.74652E+01,3.74652E+01,3.74652E+01,2.28813E+01,3.74652E+01,3.74652E+01,3.74652E+01,3.74652E+01,3.74652E+01,3.74652E+01,3.74652E+01,3.74652E+01,3.74652E+01,3.74652E+01,1.31850E+01,3.74652E+01,2.28813E+01,3.74652E+01,3.74652E+01,3.74652E+01,3.74652E+01,3.74652E+01,3.74652E+01,3.74652E+01,3.74652E+01,3.74652E+01,3.74652E+01,3.74652E+01,3.74652E+01,3.74652E+01,3.74652E+01,6.30821E+00,3.74652E+01,3.74652E+01,3.74652E+01,1.54320E+01,2.28813E+01,3.74652E+01,3.74652E+01,3.74652E+01,3.74652E+01,3.74652E+01 
#t = 1.050E+03
3.74652E+01,3.74652E+01,3.74652E+01,3.74652E+01,3.74652E+01,3.74652E+01,3.74652E+01,3.74652E+01,3.74652E+01,3.74652E+01,3.74652E+01,3.74652E+01,3.74652E+01,3.74652E+01,3.74652E+01,3.74652E+01,2.28813E+01,3.74652E+01,3.74652E+01,8.71934E+00,3.74652E+01,3.74652E+01,3.74652E+01,3.74652E+01,3.74652E+01,3.74652E+01,3.74652E+01,3.74652E+01,3.74652E+01,3.74652E+01,3.74652E+01,2.28813E+01,3.74652E+01,3.74652E+01,8.51699E+00,3.74652E+01,3.74652E+01,1.35731E+01,3.74652E+01,3.74652E+01,3.74652E+01,3.74652E+01,3.74652E+01,3.74652E+01,3.74652E+01,3.74652E+01,3.74652E+01,3.74652E+01,2.65692E+00,7.51498E+00,2.28813E+01 
#t = 1.092E+03
3.74652E+01,3.74652E+01,3.74652E+01,3.74652E+01,3.74652E+01,3.74652E+01,3.74652E+01,3.74652E+01,3.74652E+01,3.74652E+01,3.74652E+01,3.74652E+01,3.74652E+01,3.74652E+01,3.85049E+01,3.74652E+01,3.74652E+01,3.74652E+01,3.74652E+01,3.74652E+01,3.74652E+01,3.74652E+01,3.74652E+01,3.74652E+01,3.74652E+01,3.74652E+01,3.74652E+01,3.74652E+01,3.74652E+01,3.74652E+01,3.74652E+01,3.74652E+01,3.74652E+01,3.74652E+01,1.96322E+00,3.74652E+01,3.74652E+01,3.74652E+01,3.74652E+01 
#t = 1.134E+03
3.74652E+01,3.74652E+01,3.74652E+01,3.74652E+01,1.13442E+01,3.74652E+01,3.74652E+01,3.74652E+01,3.74652E+01,3.74652E+01,3.74652E+01,3.74652E+01,3.74652E+01,3.74652E+01,3.74652E+01,3.74652E+01,3.74652E+01,3.74652E+01,3.74652E+01,3.74652E+01,5.66668E+00,3.74652E+01,3.74652E+01,3.74652E+01,1.13442E+01,3.74652E+01,3.74652E+01,3.74652E+01,3.74652E+01,4.64741E+00,3.74652E+01,3.74652E+01,3.74652E+01 
#t = 1.176E+03
3.74652E+01,3.74652E+01,3.74652E+01,3.74652E+01,3.74652E+01,3.74652E+01,3.74652E+01,3.74652E+01,3.74652E+01,3.74652E+01,3.74652E+01,3.74652E+01,3.74652E+01,1.51590E+01,3.74652E+01,3.74652E+01,3.74652E+01,1.51590E+01,3.74652E+01,3.74652E+01,3.74652E+01,3.74652E+01,1.51590E+01,3.74652E+01,3.74652E+01,3.74652E+01,3.74652E+01,1.20526E+00,1.03452E+01,3.74652E+01,3.74652E+01 
#t = 1.218E+03
3.74652E+01,3.74652E+01,3.74652E+01,3.74652E+01,3.74652E+01,3.74652E+01,3.74652E+01,3.74652E+01,3.74652E+01,3.74652E+01,3.74652E+01,3.74652E+01,3.74652E+01,3.74652E+01,3.74652E+01,3.74652E+01,3.74652E+01,3.74652E+01,3.74652E+01,3.74652E+01,3.74652E+01,3.74652E+01,3.74652E+01,3.74652E+01,3.74652E+01,3.74652E+01,3.74652E+01,3.74652E+01,3.74652E+01,3.74652E+01,2.69523E+00,3.74652E+01,3.74652E+01,3.74652E+01,3.74652E+01,3.74652E+01,3.74652E+01,3.74652E+01,3.74652E+01,3.74652E+01,3.74652E+01,3.74652E+01,3.74652E+01,3.74652E+01,3.74652E+01,3.74652E+01,3.74652E+01,3.74652E+01,2.91232E+00,3.74652E+01 
#t = 1.260E+03
3.74652E+01,3.74652E+01,3.74652E+01,3.74652E+01,3.74652E+01,3.74652E+01,3.74652E+01,3.74652E+01,3.74652E+01,3.74652E+01,1.18733E+01,3.74652E+01,3.74652E+01,3.74652E+01,3.74652E+01,3.74652E+01,3.74652E+01,3.74652E+01,3.74652E+01,3.74652E+01,3.74652E+01,3.74652E+01,3.74652E+01,3.23259E+00,3.74652E+01,3.74652E+01,3.74652E+01,3.74652E+01,1.18733E+01,3.74652E+01,3.74652E+01,3.74652E+01,8.89457E+00,3.74652E+01,3.74652E+01,3.74652E+01,3.74652E+01,7.01656E+00,3.74652E+01,3.74652E+01,3.74652E+01,3.74652E+01,5.74483E+00 
#t = 1.302E+03
3.74652E+01,3.74652E+01,1.18733E+01,3.74652E+01,3.74652E+01,3.74652E+01,1.51745E+01,3.74652E+01,1.18733E+01,3.74652E+01,1.18733E+01,3.74652E+01,3.74652E+01,3.74652E+01,3.74652E+01,1.18733E+01,3.74652E+01,1.57227E+01,3.74652E+01,3.74652E+01,3.74652E+01,1.98419E+01,3.74652E+01,3.74652E+01,1.18733E+01,3.74652E+01,1.18733E+01,3.74652E+01,1.18733E+01,1.51745E+01,6.26256E+00,1.18733E+01,1.18733E+01,1.18733E+01 
#t = 1.344E+03
1.18733E+01,1.18733E+01,3.74652E+01,3.74652E+01,1.57227E+01,3.74652E+01,3.74652E+01,1.18733E+01,3.74652E+01,1.18733E+01,1.98419E+01,3.74652E+01,3.74652E+01,3.74652E+01,3.74652E+01,1.18733E+01,1.57227E+01,1.18733E+01,3.74652E+01,3.74652E+01,3.74652E+01,3.74652E+01,3.74652E+01,1.18733E+01,3.74652E+01,1.57227E+01,1.18733E+01,3.74652E+01,3.74652E+01,3.74652E+01,3.74652E+01,3.74652E+01,3.74652E+01,3.74652E+01,3.74652E+01,1.18733E+01,3.74652E+01,3.74652E+01,3.74652E+01,3.25342E+00,9.76013E-01,3.74652E+01 
#t = 1.386E+03
1.18733E+01,1.18733E+01,1.18733E+01,3.74652E+01,3.74652E+01,3.74652E+01,3.74652E+01,3.74652E+01,3.74652E+01,1.57227E+01,3.74652E+01,1.18733E+01,3.74652E+01,1.18733E+01,3.74652E+01,3.74652E+01,3.74652E+01,1.18733E+01,3.74652E+01,3.74652E+01 
#t = 1.428E+03
3.74652E+01,3.74652E+01,1.57227E+01,3.74652E+01,1.18733E+01,3.74652E+01,9.89704E+00,3.74652E+01,3.74652E+01,3.74652E+01,3.74652E+01,3.74652E+01,1.57227E+01,1.46017E+01,3.74652E+01,1.18733E+01,1.57227E+01,4.13733E+00,3.74652E+01,1.48482E+00,1.57227E+01,3.74652E+01,3.74652E+01 
#t = 1.470E+03
3.74652E+01,1.57227E+01,1.46017E+01,3.74652E+01,3.74652E+01,3.74652E+01,3.74652E+01,3.74652E+01,1.57227E+01,3.74652E+01,3.74652E+01,7.58322E+00,1.57227E+01,3.74652E+01,3.74652E+01,3.74652E+01,1.57227E+01,3.74652E+01,3.74652E+01,1.02831E+01,3.74652E+01,3.74652E+01,3.74652E+01,3.74652E+01,2.65609E+00,1.57227E+01,3.74652E+01,3.74652E+01,1.57227E+01,1.57227E+01,3.74652E+01,3.74652E+01,1.89910E+00,3.74652E+01,1.85187E+00 
#t = 1.512E+03
3.74652E+01,1.57227E+01,3.74652E+01,1.57227E+01,3.74652E+01,3.74652E+01,3.74652E+01,1.57227E+01,3.74652E+01,3.74652E+01,3.74652E+01,3.74652E+01,3.74652E+01,3.74652E+01,1.57227E+01,1.57227E+01,1.12962E+01,1.11339E+00,3.74652E+01,1.57227E+01,1.12962E+01,3.74652E+01,3.74652E+01,3.74652E+01,3.74652E+01,3.74652E+01,3.74652E+01,5.69124E+00,3.74652E+01,3.74652E+01 
#t = 1.554E+03
1.57227E+01,3.74652E+01,1.21295E+01,3.74652E+01,3.74652E+01,3.74652E+01,3.74652E+01,3.74652E+01,3.74652E+01,1.57227E+01,3.74652E+01,3.74652E+01,3.74652E+01,3.74652E+01,3.74652E+01,3.74652E+01,3.74652E+01,3.74652E+01,1.21295E+01,1.21295E+01,3.74652E+01,3.74652E+01,1.21295E+01,3.74652E+01,3.74652E+01,3.74652E+01,3.74652E+01,1.21295E+01,3.74652E+01,3.74652E+01,3.74652E+01,3.74652E+01,3.74652E+01,3.74652E+01,1.57227E+01,3.74652E+01,3.74652E+01,3.74652E+01,3.74652E+01,3.74652E+01 
#t = 1.596E+03
1.21295E+01,3.74652E+01,3.74652E+01,3.74652E+01,3.74652E+01,3.74652E+01,3.74652E+01,3.74652E+01,3.74652E+01,3.74652E+01,3.74652E+01,3.74652E+01,3.74652E+01,3.74652E+01,3.74652E+01,3.74652E+01,3.74652E+01,3.74652E+01,3.74652E+01,3.74652E+01,3.74652E+01,3.74652E+01,3.74652E+01,3.74652E+01,3.74652E+01,3.74652E+01,3.74652E+01,3.74652E+01,3.74652E+01,3.74652E+01,3.74652E+01,3.74652E+01,3.74652E+01,3.74652E+01,3.74652E+01,3.74652E+01,3.42452E+00,3.74652E+01 
#t = 1.638E+03
3.74652E+01,3.74652E+01,3.74652E+01,3.74652E+01,3.74652E+01,3.74652E+01,3.74652E+01,3.74652E+01,3.74652E+01,3.74652E+01,3.74652E+01,3.74652E+01,3.74652E+01,3.74652E+01,3.74652E+01,3.74652E+01,3.74652E+01,3.74652E+01,3.74652E+01,1.21295E+01,3.74652E+01,3.74652E+01,1.40278E+01,1.57887E+01,3.74652E+01,3.74652E+01,3.74652E+01,3.74652E+01,3.74652E+01,3.74652E+01,1.71584E+00,3.74652E+01,3.74652E+01,2.67921E+00,3.74652E+01,3.74652E+01,3.74652E+01,3.74652E+01,3.62213E+00,1.57887E+01,3.74652E+01,4.32369E+00,1.89270E+00,4.98611E-01 
#t = 1.680E+03
3.74652E+01,3.74652E+01,3.74652E+01,3.74652E+01,3.74652E+01,1.22028E+01,3.74652E+01,3.74652E+01,3.74652E+01,3.74652E+01,3.74652E+01,3.74652E+01,3.74652E+01,3.74652E+01,3.74652E+01,3.74652E+01,3.74652E+01,3.74652E+01,3.74652E+01,3.74652E+01,3.74652E+01,3.74652E+01,1.32405E+01,7.21350E+00,3.74652E+01,3.74652E+01,3.74652E+01,3.74652E+01,3.74652E+01,3.74652E+01,3.74652E+01,3.74652E+01,3.74652E+01,3.74652E+01,3.74652E+01,3.74652E+01,3.74652E+01,3.74652E+01,3.74652E+01,2.36473E+00 
#t = 1.722E+03
3.74652E+01,3.74652E+01,3.74652E+01,3.74652E+01,3.74652E+01,3.74652E+01,1.22028E+01,3.74652E+01,3.74652E+01,3.74652E+01,3.74652E+01,3.74652E+01,3.74652E+01,1.22028E+01,3.74652E+01,3.74652E+01,1.53503E+00,3.74652E+01,3.74652E+01,3.74652E+01,3.74652E+01,1.22028E+01,3.74652E+01,3.74652E+01,1.22028E+01,3.74652E+01,3.74652E+01,3.74652E+01,1.28965E+00,2.37993E+00,3.74652E+01,3.74652E+01,3.74652E+01,3.74652E+01,1.22028E+01,1.22028E+01 
#t = 1.764E+03
3.74652E+01,1.22028E+01,1.22028E+01,1.07348E+01,1.22028E+01,3.74652E+01,1.22028E+01,3.74652E+01,3.74652E+01,3.74652E+01,3.74652E+01,3.74652E+01,1.22028E+01,3.74652E+01,3.74652E+01,3.74652E+01,3.74652E+01,3.74652E+01,3.74652E+01,1.37311E+01,3.74652E+01,3.74652E+01,3.74652E+01,3.74652E+01,3.74652E+01,1.22028E+01,3.74652E+01,3.74652E+01,3.74652E+01 
#t = 1.806E+03
3.74652E+01,3.74652E+01,1.37311E+01,3.74652E+01,3.74652E+01,3.74652E+01,3.74652E+01,1.22028E+01,1.22028E+01,1.22028E+01,3.74652E+01,3.74652E+01,3.74652E+01,3.74652E+01,1.22028E+01,3.74652E+01,3.74652E+01,3.74652E+01,1.22028E+01,1.22028E+01,1.22028E+01,3.74652E+01,3.74652E+01,1.22028E+01,1.22028E+01,3.74652E+01,3.74652E+01,3.74652E+01,3.74652E+01,1.22454E+00,3.74652E+01,3.74652E+01,3.74652E+01,3.74652E+01,1.22028E+01,1.22028E+01 
#t = 1.848E+03
1.22028E+01,4.32466E+01,1.22028E+01,1.37311E+01,3.74652E+01,3.74652E+01,3.74652E+01,1.22028E+01,3.74652E+01,1.37311E+01,3.74652E+01,4.32466E+01,3.74652E+01,3.74652E+01,3.74652E+01,3.74652E+01,3.74652E+01,3.74652E+01,1.37311E+01,1.22028E+01,1.22028E+01,1.38073E+01,3.74652E+01,3.74652E+01,1.22028E+01,3.74652E+01,8.39698E+00,1.65173E+00,4.32466E+01 
#t = 1.890E+03
3.74652E+01,3.74652E+01,3.74652E+01,3.74652E+01,3.74652E+01,3.74652E+01,3.74652E+01,4.32466E+01,3.74652E+01,3.74652E+01,3.74652E+01,3.74652E+01,3.74652E+01,3.74652E+01,3.74652E+01,3.74652E+01,3.74652E+01,3.74652E+01,3.74652E+01,3.74652E+01,3.74652E+01,3.74652E+01,2.33021E+01,4.32466E+01,3.74652E+01,3.74652E+01,2.18567E+00,3.74652E+01,3.74652E+01,3.74652E+01,2.33021E+01,1.67253E+00,3.74652E+01,3.74652E+01,1.53588E+01 
#t = 1.932E+03
3.74652E+01,3.74652E+01,3.74652E+01,8.45221E+00,3.74652E+01,3.74652E+01,3.74652E+01,3.74652E+01,3.74652E+01,1.36242E+01,1.36242E+01,5.78851E+00,3.74652E+01,3.74652E+01,3.74652E+01,3.74652E+01,1.36242E+01,2.19040E+00,3.74652E+01,1.36242E+01,3.74652E+01,3.74652E+01,1.45771E+01,3.74652E+01,3.19285E+00,3.74652E+01,3.74652E+01,3.74652E+01,3.74652E+01,1.36242E+01,3.74652E+01 
#t = 1.974E+03
1.36242E+01,1.36242E+01,3.74652E+01,3.74652E+01,3.74652E+01,3.74652E+01,3.74652E+01,1.36242E+01,3.74652E+01,3.74652E+01,3.74652E+01,3.74652E+01,1.36242E+01,1.36242E+01,3.74652E+01,1.36242E+01,3.74652E+01,3.74652E+01,3.74652E+01,1.36242E+01,3.74652E+01,3.74652E+01,3.74652E+01,1.36242E+01,1.23719E+01,3.74652E+01,3.74652E+01,3.74652E+01,2.06848E+01,3.74652E+01,3.74652E+01,3.74652E+01,3.74652E+01,3.74652E+01,5.00341E-01,3.74652E+01 
#t = 2.016E+03
1.36242E+01,3.74652E+01,3.74652E+01,3.74652E+01,1.23719E+01,3.74652E+01,2.10810E+01,3.74652E+01,1.23719E+01,1.36242E+01,3.74652E+01,3.74652E+01,3.74652E+01,3.74652E+01,5.87906E+00,3.74652E+01,3.74652E+01,3.74652E+01,3.74652E+01,3.74652E+01,3.74652E+01,3.74652E+01,1.36242E+01,3.74652E+01,1.36242E+01,3.74652E+01,3.74652E+01,3.74652E+01,3.74652E+01,1.44292E+00,3.74652E+01,3.74652E+01,1.41693E-01 
#t = 2.058E+03
1.36242E+01,3.74652E+01,3.74652E+01,3.74652E+01,3.74652E+01,3.74652E+01,4.84614E+01,3.74652E+01,3.74652E+01,2.10810E+01,3.74652E+01,3.74652E+01,3.74652E+01,3.74652E+01,1.48852E+01,3.74652E+01,3.74652E+01,3.74652E+01,3.74652E+01,1.36242E+01,2.10810E+01,3.74652E+01,3.74652E+01,3.74652E+01,3.74652E+01,3.74652E+01,3.74652E+01,1.68009E+00,3.74652E+01,2.38066E+00,3.74652E+01,3.74652E+01 
#t = 2.100E+03
3.74652E+01,3.74652E+01,3.74652E+01,2.10810E+01,3.74652E+01,1.36242E+01,3.74652E+01,1.05422E+01,4.84614E+01,2.10810E+01,3.74652E+01,4.84614E+01,3.74652E+01,2.10810E+01,3.74652E+01,2.10810E+01,2.10810E+01,4.84614E+01,3.74652E+01,3.74652E+01,2.10810E+01,3.74652E+01,4.84614E+01,3.74652E+01,3.74652E+01,3.74652E+01,3.74652E+01,2.10810E+01,3.74652E+01,3.74652E+01,4.84614E+01,3.74652E+01,3.74652E+01,5.54398E-01,3.74652E+01,3.74652E+01,3.74652E+01,4.84614E+01,2.13650E+00,4.84614E+01,3.74652E+01,3.74652E+01,1.19984E+00,3.74652E+01,3.74652E+01,3.74652E+01,3.74652E+01 
#t = 2.142E+03
3.74652E+01,1.36242E+01,3.74652E+01,4.84614E+01,3.74652E+01,3.74652E+01,3.74652E+01,3.74652E+01,2.10810E+01,3.74652E+01,3.74652E+01,1.36242E+01,1.36242E+01,4.84614E+01,3.74652E+01,3.74652E+01,4.84614E+01,4.84614E+01,3.74652E+01,4.84614E+01,3.74652E+01,3.74652E+01,3.74652E+01,4.84614E+01,4.84614E+01,9.93560E+00,4.84614E+01,4.84614E+01,4.84614E+01,1.36242E+01,1.60013E+00,1.36242E+01,3.74652E+01,3.74652E+01,1.48068E+00,3.74652E+01,3.74652E+01,2.54317E+00 
#t = 2.184E+03
3.74652E+01,3.74652E+01,3.74652E+01,3.74652E+01,3.74652E+01,3.74652E+01,3.74652E+01,1.08510E+01,1.36242E+01,3.74652E+01,3.74652E+01,4.84614E+01,3.74652E+01,1.08510E+01,1.41019E+01,1.36242E+01,3.74652E+01,3.74652E+01,1.41019E+01,4.84614E+01,3.74652E+01,3.74652E+01,1.08510E+01,4.84614E+01,1.36242E+01,3.74652E+01,3.74652E+01,1.14654E+00,4.84614E+01,3.74652E+01,1.36242E+01,5.32936E+00 
#t = 2.226E+03
3.74652E+01,4.84614E+01,4.84614E+01,4.84614E+01,1.36242E+01,6.49575E+00,3.74652E+01,4.84614E+01,3.74652E+01,3.74652E+01,3.74652E+01,3.74652E+01,1.35104E+01,1.35104E+01,3.74652E+01,3.74652E+01,4.84614E+01,3.74652E+01,4.84614E+01,4.84614E+01,3.74652E+01,4.84614E+01,3.74652E+01,8.93456E-01,1.96394E+00,3.74652E+01,4.84614E+01 
#t = 2.268E+03
3.74652E+01,4.84614E+01,3.74652E+01,4.84614E+01,4.84614E+01,1.36242E+01,3.74652E+01,4.84614E+01,3.74652E+01,3.74652E+01,3.74652E+01,4.84614E+01,4.84614E+01,4.84614E+01,4.84614E+01,4.84614E+01,4.84614E+01,3.74652E+01,4.84614E+01,4.84614E+01,4.84614E+01,3.74652E+01,3.74652E+01,4.84614E+01,4.84614E+01,3.74652E+01,3.74652E+01,4.84614E+01,5.03996E-01,4.84614E+01,3.74652E+01,4.84614E+01,4.84614E+01,3.74652E+01 
#t = 2.310E+03
4.84614E+01,4.84614E+01,3.74652E+01,3.74652E+01,3.74652E+01,4.84614E+01,3.74652E+01,4.84614E+01,3.74652E+01,8.86899E+01,3.74652E+01,3.74652E+01,3.74652E+01,3.74652E+01,3.74652E+01,1.13011E+01,4.84614E+01,4.84614E+01,3.74652E+01,3.74652E+01,3.74652E+01,3.74652E+01,4.84614E+01,3.74652E+01,4.84614E+01,3.74652E+01,3.74652E+01,4.84614E+01,3.74652E+01,4.88706E+00,4.84614E+01,3.74652E+01,3.74652E+01,4.84614E+01,4.84614E+01,3.74652E+01,3.74652E+01,4.84614E+01,5.99178E-01,3.74652E+01,3.74652E+01,3.74652E+01,4.84614E+01,3.74652E+01 
#t = 2.352E+03
3.74652E+01,1.13011E+01,4.84614E+01,3.74652E+01,4.84614E+01,3.74652E+01,4.84614E+01,3.74652E+01,3.74652E+01,3.74652E+01,7.55360E+00,4.84614E+01,3.74652E+01,3.74652E+01,3.74652E+01,1.50628E+01,4.84614E+01,3.74652E+01,3.74652E+01,4.84614E+01,3.74652E+01,3.74652E+01,3.74652E+01,4.84614E+01,3.74652E+01,4.84614E+01,3.74652E+01,8.56984E+00,3.74652E+01,3.74652E+01,3.74652E+01,1.10112E+01,1.50628E+01,3.74652E+01,1.39549E+01,3.19724E+00,4.96202E+00,3.74652E+01,9.53904E+00,4.84614E+01,3.74652E+01,3.74652E+01,3.74652E+01,3.74652E+01,4.84614E+01,3.74652E+01,3.74652E+01,1.10112E+01,4.84614E+01,3.74652E+01,3.74652E+01 
#t = 2.394E+03
3.74652E+01,4.84614E+01,3.74652E+01,4.84614E+01,3.74652E+01,3.74652E+01,3.74652E+01,3.74652E+01,4.84614E+01,3.74652E+01,4.84614E+01,4.84614E+01,3.74652E+01,4.84614E+01,3.74652E+01,3.74652E+01,3.74652E+01,3.74652E+01,3.74652E+01,1.09046E+01,1.09046E+01,3.74652E+01,3.74652E+01,4.84614E+01,4.84614E+01,3.74652E+01,3.74652E+01,4.84614E+01,4.84614E+01,3.74652E+01,4.84614E+01,3.74652E+01,3.74652E+01,3.74652E+01,1.09046E+01,3.74652E+01,3.74652E+01,3.74652E+01,3.74652E+01,4.84614E+01 
#t = 2.436E+03
4.84614E+01,3.74652E+01,3.74652E+01,4.84614E+01,3.74652E+01,4.84614E+01,3.74652E+01,4.84614E+01,9.53438E+00,4.84614E+01,4.84614E+01,4.84614E+01,3.74652E+01,4.84614E+01,4.84614E+01,3.74652E+01,4.84614E+01,4.84614E+01,3.74652E+01,4.84614E+01,4.84614E+01,3.74652E+01,4.84614E+01,4.84614E+01,4.84614E+01,3.74652E+01,3.74652E+01,4.84614E+01,4.84614E+01,4.84614E+01,4.84614E+01,4.84614E+01,5.64649E-01 
#t = 2.478E+03
4.84614E+01,4.84614E+01,4.84614E+01,3.74652E+01,3.74652E+01,4.84614E+01,4.84614E+01,3.74652E+01,3.74652E+01,4.84614E+01,4.84614E+01,4.84614E+01,4.84614E+01,4.84614E+01,4.84614E+01,4.84614E+01,4.84614E+01,4.84614E+01,4.84614E+01,1.18904E+01,4.84614E+01,4.84614E+01,4.84614E+01,4.84614E+01,1.18904E+01,4.84614E+01,3.74652E+01,1.10588E+00,4.84614E+01,3.24745E+00,4.84614E+01,3.74652E+01,4.83028E+00,1.24204E+00 
#t = 2.520E+03
4.84614E+01,3.74652E+01,3.74652E+01,3.74652E+01,4.84614E+01,4.84614E+01,4.84614E+01,4.84614E+01,3.74652E+01,3.74652E+01,3.74652E+01,3.74652E+01,4.84614E+01,4.84614E+01,4.84614E+01,4.84614E+01,4.84614E+01,4.84614E+01,4.84614E+01,4.84614E+01,4.84614E+01,4.84614E+01,4.84614E+01,4.84614E+01,4.84614E+01,4.84614E+01,3.74652E+01,4.84614E+01,3.74652E+01,4.94880E+00,4.84614E+01,4.84614E+01,4.84614E+01,4.84614E+01,4.84614E+01,3.74652E+01,4.84614E+01,4.84614E+01,4.84614E+01,7.60754E+00,4.51060E+00 
#t = 2.562E+03
4.84614E+01,4.84614E+01,3.74652E+01,4.84614E+01,1.34570E+01,4.84614E+01,4.84614E+01,4.84614E+01,3.74652E+01,4.84614E+01,4.84614E+01,2.78841E+01,3.74652E+01,3.74652E+01,4.84614E+01,1.29622E+01,4.84614E+01,5.10778E+00,4.84614E+01,4.84614E+01,3.74652E+01,4.84614E+01,1.64361E+00,4.84614E+01,4.84614E+01,4.84614E+01,4.84614E+01,1.34570E+01,4.84614E+01,2.66145E+00,1.83254E-01,4.84614E+01,3.74652E+01,4.84614E+01 
#t = 2.604E+03
4.84614E+01,4.84614E+01,4.84614E+01,4.84614E+01,4.84614E+01,3.74652E+01,4.84614E+01,4.84614E+01,4.84614E+01,4.84614E+01,1.15681E+01,4.84614E+01,4.84614E+01,4.84614E+01,3.74652E+01,3.74652E+01,4.84614E+01,4.84614E+01,3.74652E+01,4.84614E+01,4.84614E+01,1.41775E-01,5.29125E-01 
#t = 2.646E+03
4.84614E+01,3.74652E+01,4.84614E+01,4.84614E+01,4.84614E+01,4.84614E+01,4.84614E+01,4.84614E+01,3.74652E+01,4.84614E+01,4.84614E+01,4.84614E+01,7.84268E+00,4.84614E+01,3.74652E+01,4.84614E+01,4.84614E+01,3.74652E+01,4.84614E+01,3.74652E+01,3.74652E+01,4.84614E+01,4.84614E+01,4.84614E+01,3.74652E+01,3.74652E+01,3.74652E+01,3.74652E+01,4.84614E+01,3.74652E+01,4.84614E+01,4.84614E+01,4.84614E+01,4.84614E+01,4.84614E+01,4.84614E+01,4.84614E+01,2.42136E+00,4.84614E+01 
#t = 2.688E+03
3.74652E+01,4.84614E+01,4.84614E+01,4.84614E+01,4.84614E+01,4.84614E+01,4.84614E+01,4.84614E+01,4.84614E+01,4.84614E+01,4.84614E+01,4.84614E+01,4.84614E+01,4.84614E+01,4.84614E+01,4.84614E+01,4.84614E+01,4.84614E+01,4.84614E+01,4.84614E+01,4.84614E+01,3.74652E+01,4.84614E+01,3.74652E+01,4.84614E+01,4.84614E+01,1.92626E+00,4.84614E+01,2.31645E+01,4.84614E+01,3.74652E+01,4.84614E+01,4.84614E+01,4.84614E+01,4.84614E+01,4.84614E+01,4.13645E+00,2.31645E+01 
#t = 2.730E+03
4.84614E+01,4.84614E+01,4.84614E+01,4.84614E+01,4.84614E+01,3.74652E+01,4.84614E+01,4.84614E+01,4.84614E+01,4.84614E+01,3.74652E+01,4.84614E+01,4.84614E+01,4.84614E+01,4.84614E+01,4.84614E+01,3.74652E+01,1.02109E+01,4.84614E+01,4.84614E+01,4.84614E+01,4.84614E+01,4.84614E+01,3.74652E+01,4.84614E+01,3.74652E+01,4.84614E+01,3.74652E+01,4.84614E+01,4.84614E+01,3.74652E+01,4.84614E+01,4.84614E+01,4.84614E+01,1.24483E+01,4.84614E+01,2.96207E+00,4.84614E+01 
#t = 2.772E+03
4.84614E+01,4.84614E+01,4.84614E+01,3.74652E+01,3.74652E+01,4.84614E+01,4.84614E+01,4.84614E+01,4.84614E+01,1.24483E+01,3.74652E+01,3.74652E+01,4.84614E+01,4.84614E+01,4.84614E+01,3.74652E+01,3.74652E+01,4.84614E+01,4.84614E+01,4.84614E+01,4.84614E+01,4.84614E+01,4.84614E+01,4.84614E+01,4.84614E+01,4.84614E+01,4.84614E+01,4.84614E+01,4.84614E+01,4.84614E+01,4.84614E+01,3.74652E+01,3.74652E+01,1.07106E+01,4.84614E+01,4.84614E+01,4.84614E+01,4.84614E+01,4.84614E+01 
#t = 2.814E+03
4.84614E+01,4.84614E+01,4.84614E+01,4.84614E+01,4.84614E+01,4.84614E+01,3.74652E+01,3.74652E+01,4.84614E+01,3.74652E+01,2.18207E+01,4.84614E+01,4.84614E+01,4.84614E+01,4.84614E+01,4.84614E+01,4.84614E+01,4.84614E+01,4.84614E+01,3.74652E+01,4.84614E+01,4.84614E+01,3.74652E+01,4.84614E+01,3.74652E+01,4.84614E+01,4.84614E+01,5.89610E-01,4.84614E+01,4.84614E+01,3.74652E+01 
#t = 2.856E+03
4.84614E+01,4.84614E+01,2.18207E+01,4.84614E+01,4.84614E+01,4.84614E+01,3.74652E+01,2.18207E+01,3.74652E+01,3.74652E+01,3.74652E+01,4.84614E+01,4.84614E+01,4.84614E+01,3.74652E+01,4.84614E+01,3.74652E+01,4.84614E+01,4.84614E+01,3.74652E+01,4.84614E+01,2.18207E+01,4.84614E+01,4.84614E+01,2.18207E+01,3.74652E+01,4.84614E+01,3.74652E+01,4.84614E+01,4.84614E+01,4.84614E+01,4.84614E+01,3.74652E+01,3.74652E+01,4.84614E+01,3.74652E+01,4.84614E+01 
#t = 2.898E+03
4.84614E+01,3.74652E+01,4.84614E+01,4.84614E+01,3.74652E+01,4.84614E+01,3.74652E+01,4.84614E+01,4.84614E+01,4.84614E+01,3.74652E+01,3.74652E+01,4.84614E+01,4.84614E+01,3.74652E+01,3.74652E+01,4.84614E+01,4.84614E+01,4.84614E+01,4.84614E+01,4.84614E+01,4.84614E+01,4.84614E+01,4.84614E+01,4.84614E+01,4.84614E+01,4.84614E+01,4.84614E+01,3.74652E+01,3.74652E+01,3.74652E+01,4.83492E+00,4.84614E+01,4.84614E+01,4.84614E+01,3.74652E+01 
#t = 2.940E+03
4.84614E+01,4.84614E+01,3.74652E+01,3.74652E+01,3.74652E+01,3.74652E+01,4.84614E+01,4.84614E+01,4.84614E+01,4.84614E+01,4.84614E+01,4.84614E+01,4.84614E+01,3.74652E+01,3.74652E+01,4.84614E+01,4.84614E+01,3.74652E+01,3.74652E+01,3.74652E+01,3.74652E+01,4.84614E+01,3.74652E+01,4.84614E+01,4.84614E+01 
#t = 2.982E+03
3.74652E+01,3.74652E+01,4.84614E+01,1.30167E+01,4.84614E+01,4.84614E+01,4.84614E+01,4.84614E+01,4.84614E+01,4.84614E+01,4.84614E+01,4.84614E+01,1.60541E+01,4.84614E+01,4.84614E+01,4.84614E+01,4.84614E+01,4.84614E+01,1.30167E+01,4.84614E+01,3.74652E+01,3.74652E+01,4.84614E+01,4.84614E+01,4.84614E+01,4.84614E+01,4.84614E+01,4.84614E+01,3.74652E+01,4.84614E+01,4.84614E+01,1.30167E+01,4.84614E+01,4.84614E+01,4.84614E+01,3.74652E+01,7.96903E-01 
#t = 3.024E+03
1.30167E+01,3.74652E+01,4.84614E+01,3.74652E+01,1.30167E+01,4.84614E+01,4.84614E+01,4.84614E+01,3.74652E+01,4.84614E+01,4.84614E+01,4.84614E+01,4.84614E+01,4.84614E+01,4.84614E+01,4.84614E+01,4.84614E+01,4.84614E+01,4.84614E+01,4.84614E+01,4.84614E+01,4.84614E+01,4.84614E+01,4.84614E+01,4.84614E+01,4.84614E+01,4.84614E+01,4.72420E-01,4.84614E+01,4.84614E+01,3.74652E+01,4.84614E+01,4.84614E+01,4.84614E+01,4.84614E+01,4.84614E+01,4.84614E+01,4.84614E+01,4.19462E+00,4.84614E+01,4.84614E+01,4.84614E+01,2.15519E+01 
#t = 3.066E+03
4.84614E+01,4.84614E+01,2.15519E+01,4.84614E+01,4.84614E+01,4.84614E+01,4.84614E+01,4.84614E+01,4.84614E+01,1.08869E+01,4.84614E+01,4.84614E+01,6.16136E+00,4.84614E+01,1.30167E+01,4.84614E+01,4.84614E+01,3.24507E+00,4.84614E+01,4.84614E+01,4.84614E+01,1.62868E+00,4.84614E+01,4.84614E+01,4.84614E+01,4.84614E+01,4.84614E+01,8.44356E+00,2.70444E-01,4.84614E+01,4.84614E+01,4.84614E+01,4.84614E+01,4.84614E+01,4.84614E+01,9.83963E-01 
#t = 3.108E+03
4.84614E+01,4.84614E+01,4.84614E+01,4.84614E+01,4.84614E+01,4.84614E+01,4.84614E+01,1.11129E+01,4.84614E+01,1.11129E+01,1.11129E+01,4.84614E+01,4.84614E+01,4.84614E+01,4.84614E+01,2.18227E+01,2.15519E+01,4.84614E+01,4.84614E+01,8.38668E+00,4.84614E+01,4.84614E+01,4.84614E+01,2.18227E+01,4.84614E+01,4.84614E+01,4.84614E+01,4.84614E+01,4.84614E+01,4.84614E+01,2.18227E+01,4.84614E+01,4.84614E+01,4.84614E+01,4.84614E+01,4.84614E+01,6.61456E+00,4.84614E+01,3.64069E+00,4.84614E+01,4.84614E+01,4.84614E+01,4.84614E+01,2.18227E+01,4.84614E+01,1.76592E+00 
#t = 3.150E+03
4.84614E+01,4.84614E+01,4.84614E+01,4.84614E+01,4.84614E+01,4.84614E+01,1.11129E+01,4.84614E+01,4.84614E+01,4.84614E+01,4.84614E+01,4.84614E+01,4.84614E+01,4.84614E+01,4.84614E+01,4.84614E+01,1.11129E+01,4.84614E+01,4.84614E+01,4.84614E+01,4.84614E+01,4.84614E+01,4.84614E+01,4.84614E+01,4.84614E+01,4.84614E+01,1.48457E+01,8.97545E+00,4.84614E+01,6.99106E+00,2.09858E+00,4.84614E+01,4.84614E+01,4.84614E+01,4.84614E+01,4.84614E+01 
#t = 3.192E+03
4.84614E+01,4.84614E+01,4.84614E+01,4.84614E+01,4.84614E+01,1.11129E+01,4.84614E+01,4.84614E+01,4.84614E+01,4.84614E+01,4.84614E+01,4.84614E+01,4.84614E+01,4.84614E+01,4.84614E+01,4.84614E+01,4.84614E+01,4.84614E+01,4.84614E+01,4.84614E+01,4.84614E+01,4.84614E+01,4.84614E+01,4.84614E+01,4.84614E+01,4.84614E+01,4.84614E+01,4.84614E+01,4.84614E+01,1.11129E+01,9.41502E-01,1.11129E+01,4.84614E+01,4.84614E+01,4.84614E+01,4.84614E+01,4.84614E+01,4.84614E+01,4.84614E+01,1.53028E+00 
#t = 3.234E+03
4.84614E+01,4.84614E+01,4.84614E+01,4.84614E+01,4.84614E+01,7.95706E+00,4.84614E+01,4.84614E+01,4.84614E+01,4.84614E+01,4.84614E+01,4.84614E+01,4.84614E+01,4.84614E+01,4.84614E+01,4.84614E+01,1.68367E+01,4.84614E+01,4.84614E+01,4.84614E+01,4.84614E+01,4.84614E+01,4.84614E+01,4.84614E+01,4.84614E+01,4.84614E+01,4.84614E+01,4.84614E+01,4.84614E+01,4.84614E+01,4.84614E+01,4.84614E+01,4.84614E+01,4.84614E+01 
#t = 3.276E+03
4.84614E+01,4.84614E+01,4.84614E+01,4.84614E+01,4.84614E+01,4.84614E+01,4.84614E+01,4.84614E+01,4.84614E+01,4.84614E+01,4.84614E+01,1.41312E+01,4.84614E+01,4.84614E+01,4.84614E+01,4.84614E+01,4.84614E+01,4.84614E+01,4.84614E+01,4.84614E+01,4.84614E+01,4.84614E+01,4.84614E+01,4.84614E+01,4.84614E+01,4.84614E+01,4.84614E+01,4.84614E+01,4.84614E+01,4.84614E+01,4.84614E+01,4.84614E+01,4.84614E+01,4.84614E+01,4.84614E+01,4.84614E+01,4.84614E+01,4.84614E+01,4.84614E+01 
#t = 3.318E+03
4.84614E+01,4.84614E+01,4.84614E+01,4.84614E+01,4.84614E+01,4.84614E+01,4.84614E+01,4.84614E+01,4.84614E+01,1.40176E+01,4.84614E+01,1.40176E+01,4.84614E+01,4.84614E+01,4.84614E+01,4.84614E+01,4.84614E+01,4.84614E+01,4.84614E+01,4.84614E+01,4.84614E+01,4.84614E+01,4.84614E+01,4.84614E+01,4.84614E+01,4.84614E+01,4.84614E+01,1.40176E+01,4.84614E+01,4.84614E+01,4.84614E+01,1.40176E+01,4.84614E+01,4.84614E+01,4.84614E+01,4.84614E+01,4.84614E+01,1.24835E+00,4.84614E+01 
#t = 3.360E+03
4.84614E+01,4.84614E+01,4.84614E+01,1.40176E+01,4.84614E+01,1.46007E+01,4.84614E+01,4.84614E+01,4.84614E+01,4.84614E+01,4.84614E+01,4.84614E+01,4.84614E+01,4.84614E+01,4.84614E+01,4.84614E+01,4.84614E+01,4.84614E+01,1.25556E+01,4.84614E+01,4.84614E+01,4.84614E+01,4.84614E+01,4.84614E+01,1.90100E+00,4.84614E+01,4.84614E+01,4.84614E+01,4.84614E+01,4.84614E+01,4.84614E+01,4.84614E+01,4.84614E+01,4.84614E+01,4.84614E+01,1.25556E+01,1.19301E+01 
#t = 3.402E+03
4.84614E+01,4.84614E+01,4.84614E+01,4.84614E+01,1.19301E+01,4.84614E+01,4.84614E+01,4.84614E+01,4.84614E+01,4.84614E+01,4.84614E+01,4.84614E+01,1.44405E+01,4.84614E+01,1.46007E+01,4.84614E+01,4.84614E+01,2.98037E+01,1.19301E+01,4.84614E+01,4.84614E+01,4.84614E+01,3.05214E+00,4.84614E+01,1.44405E+01,4.84614E+01,1.19301E+01,2.98037E+01,2.97304E+01,4.84614E+01,4.84614E+01,4.84614E+01,4.84614E+01,1.46007E+01,4.84614E+01,4.84614E+01,4.84614E+01,4.84614E+01,4.84614E+01,1.44405E+01,4.84614E+01,4.84614E+01,4.84614E+01,3.82478E+00,4.84614E+01,4.84614E+01,4.84614E+01,1.44405E+01,4.84614E+01,4.84614E+01,1.44405E+01,4.84614E+01,1.19301E+01,4.84614E+01,1.19301E+01 
#t = 3.444E+03
4.84614E+01,4.84614E+01,1.44405E+01,4.84614E+01,4.84614E+01,4.84614E+01,4.84614E+01,4.84614E+01,4.84614E+01,4.84614E+01,4.84614E+01,4.84614E+01,4.84614E+01,1.19301E+01,4.84614E+01,1.19301E+01,1.19301E+01,4.84614E+01,1.19301E+01,4.84614E+01,4.84614E+01,1.19301E+01,1.19301E+01,4.84614E+01,4.84614E+01,4.84614E+01,4.84614E+01,4.84614E+01,4.84614E+01,4.84614E+01,4.84614E+01,2.10382E+01,1.09651E+01,4.84614E+01,4.84614E+01,4.84614E+01,4.84614E+01 
#t = 3.486E+03
4.84614E+01,4.84614E+01,4.84614E+01,4.84614E+01,4.84614E+01,4.84614E+01,1.19301E+01,4.84614E+01,1.19301E+01,4.84614E+01,4.84614E+01,1.19301E+01,4.84614E+01,4.84614E+01,4.84614E+01,1.19301E+01,4.84614E+01,1.19301E+01,4.84614E+01,1.07647E+01,1.19301E+01,4.84614E+01,4.84614E+01,1.19301E+01,4.84614E+01,4.84614E+01,4.84614E+01,4.84614E+01,4.84614E+01,4.84614E+01,4.84614E+01,1.19301E+01,4.84614E+01,4.84614E+01,4.84614E+01,1.19301E+01,1.19301E+01,4.84614E+01 
#t = 3.528E+03
4.84614E+01,1.19301E+01,4.84614E+01,4.84614E+01,4.84614E+01,1.19301E+01,4.84614E+01,1.19301E+01,1.19301E+01,1.19301E+01,1.19301E+01,4.84614E+01,4.84614E+01,1.19301E+01,4.84614E+01,4.84614E+01,1.19301E+01,1.19301E+01,1.19301E+01,1.19301E+01,1.19301E+01,1.19301E+01,1.19301E+01,4.84614E+01,4.84614E+01,1.19301E+01,1.19301E+01,1.19301E+01,1.19301E+01,2.06611E+00,4.84614E+01,1.19301E+01 
#t = 3.570E+03
1.19301E+01,1.19301E+01,1.19301E+01,4.84614E+01,4.84614E+01,4.84614E+01,4.84614E+01,4.84614E+01,4.84614E+01,4.84614E+01,4.84614E+01,4.84614E+01,4.84614E+01,4.84614E+01,4.84614E+01,4.84614E+01,1.19301E+01,4.84614E+01,1.19301E+01,4.84614E+01,1.19301E+01,4.84614E+01,5.57902E+00,4.84614E+01 
#t = 3.612E+03
4.84614E+01,1.19301E+01,4.84614E+01,4.84614E+01,4.84614E+01,4.84614E+01,4.84614E+01,4.84614E+01,4.84614E+01,4.84614E+01,4.84614E+01,4.84614E+01,4.84614E+01,4.84614E+01,4.84614E+01,4.84614E+01,4.84614E+01,4.84614E+01,7.11654E+00,4.84614E+01,4.84614E+01,4.84614E+01,4.84614E+01,4.84614E+01,4.84614E+01,4.84614E+01,4.84614E+01,4.84614E+01,4.84614E+01,4.84614E+01,4.84614E+01,4.84614E+01,4.84614E+01,3.30509E+00,4.84614E+01,1.43412E+00 
#t = 3.654E+03
4.84614E+01,4.84614E+01,4.84614E+01,4.84614E+01,1.16328E+01,4.84614E+01,4.84614E+01,4.84614E+01,4.84614E+01,4.84614E+01,4.84614E+01,4.84614E+01,4.84614E+01,4.84614E+01,4.84614E+01,4.84614E+01,4.84614E+01,4.84614E+01,4.84614E+01,4.84614E+01,1.19301E+01,4.84614E+01,4.84614E+01,4.84614E+01,4.84614E+01,4.84614E+01,4.84614E+01,4.84614E+01,4.84614E+01,4.84614E+01,4.84614E+01,1.16328E+01,4.84614E+01,4.84614E+01,4.84614E+01,4.84614E+01,4.84614E+01,3.88347E+00,4.84614E+01,2.81561E+00,1.19301E+01,2.57453E+00,4.84614E+01,3.82128E+00,1.95918E+00,4.84614E+01,4.84614E+01,4.84614E+01,5.92385E-01,4.84614E+01,4.84614E+01,4.84614E+01 
#t = 3.696E+03
4.84614E+01,4.84614E+01,4.84614E+01,4.84614E+01,4.84614E+01,4.84614E+01,4.84614E+01,4.84614E+01,4.84614E+01,4.84614E+01,4.84614E+01,4.84614E+01,4.84614E+01,4.84614E+01,4.84614E+01,4.84614E+01,4.84614E+01,4.84614E+01,4.84614E+01,4.84614E+01,1.19301E+01,4.84614E+01,6.55165E+00,4.84614E+01,4.84614E+01,4.84614E+01,4.84614E+01,4.84614E+01,4.84614E+01,4.84614E+01,4.84614E+01,1.19301E+01,4.84614E+01,4.84614E+01,4.84614E+01,4.84614E+01,4.84614E+01,8.44872E+00,6.01100E+00,2.82041E+00,4.84614E+01,4.91444E+00,4.84614E+01 
#t = 3.738E+03
4.84614E+01,1.19301E+01,4.84614E+01,4.84614E+01,4.84614E+01,4.84614E+01,4.84614E+01,4.84614E+01,4.84614E+01,4.84614E+01,4.84614E+01,4.84614E+01,4.84614E+01,4.84614E+01,4.84614E+01,4.84614E+01,4.84614E+01,4.84614E+01,4.84614E+01,4.84614E+01,4.84614E+01,4.84614E+01,4.84614E+01,4.84614E+01,4.84614E+01,4.84614E+01,4.84614E+01,4.84614E+01,4.87217E-01,4.84614E+01,4.84614E+01,4.84614E+01,4.84614E+01,4.84614E+01,4.84614E+01,2.99484E+00,4.84614E+01,2.51787E+00,9.10577E-01 
#t = 3.780E+03
4.84614E+01,4.84614E+01,4.84614E+01,4.84614E+01,4.84614E+01,1.66639E+01,4.84614E+01,4.84614E+01,4.84614E+01,4.84614E+01,4.84614E+01,4.84614E+01,4.84614E+01,4.84614E+01,4.84614E+01,4.84614E+01,4.84614E+01,4.84614E+01,4.84614E+01,4.84614E+01,4.84614E+01,4.84614E+01,1.09296E+01,1.66639E+01,4.84614E+01,4.84614E+01,4.84614E+01,4.84614E+01,4.84614E+01,4.84614E+01,4.84614E+01,3.27419E+00,4.84614E+01 
#t = 3.822E+03
4.84614E+01,1.09296E+01,4.84614E+01,4.84614E+01,4.84614E+01,4.84614E+01,4.84614E+01,1.66639E+01,4.84614E+01,4.84614E+01,4.84614E+01,4.84614E+01,4.84614E+01,4.84614E+01,4.84614E+01,4.84614E+01,4.84614E+01,4.84614E+01,4.84614E+01,4.84614E+01,4.84614E+01,1.31619E+01,1.87944E+00,4.84614E+01,4.84614E+01,4.84614E+01,4.84614E+01,4.84614E+01,4.84614E+01,1.37515E+01,4.84614E+01,4.84614E+01,4.84614E+01,4.84614E+01,4.84614E+01 
#t = 3.864E+03
4.84614E+01,4.84614E+01,1.37515E+01,4.84614E+01,4.84614E+01,4.84614E+01,4.84614E+01,4.84614E+01,1.66639E+01,4.84614E+01,4.84614E+01,4.84614E+01,4.84614E+01,4.84614E+01,4.84614E+01,1.37515E+01,1.66639E+01,4.84614E+01,4.84614E+01,1.37515E+01,4.84614E+01,4.84614E+01,1.37515E+01,4.88620E+00,4.84614E+01,4.84614E+01,4.84614E+01,2.04487E+00,1.66639E+01,4.84614E+01,4.84614E+01,1.37515E+01,1.22556E-01,1.37515E+01,1.68953E+00,4.84614E+01,7.89439E-01,4.84614E+01 
#t = 3.906E+03
4.84614E+01,4.84614E+01,4.84614E+01,1.66639E+01,1.37515E+01,4.84614E+01,4.84614E+01,4.84614E+01,4.84614E+01,1.37515E+01,4.84614E+01,4.84614E+01,4.84614E+01,4.84614E+01,4.84614E+01,8.95701E+00,4.84614E+01,1.37515E+01,4.84614E+01,4.84614E+01,4.84614E+01,4.84614E+01,4.84614E+01,1.37515E+01,4.84614E+01,4.84614E+01,4.84614E+01,4.84614E+01,1.66639E+01,4.84614E+01,4.84614E+01,4.84614E+01,1.37515E+01,4.84614E+01,4.84614E+01,1.39779E+00,4.84614E+01,4.84614E+01,2.86873E+00 
#t = 3.948E+03
4.84614E+01,4.84614E+01,1.66639E+01,4.84614E+01,4.84614E+01,4.84614E+01,4.84614E+01,4.84614E+01,4.84614E+01,4.84614E+01,4.84614E+01,4.84614E+01,4.84614E+01,8.68070E+00,4.84614E+01,4.84614E+01,1.51970E+01,4.84614E+01,4.84614E+01,4.84614E+01,4.84614E+01,4.84614E+01,4.84614E+01,4.84614E+01,4.84614E+01,4.84614E+01,4.84614E+01,4.84614E+01,4.84614E+01,4.84614E+01,4.84614E+01,4.84614E+01,2.83483E+00,4.84614E+01,4.84614E+01,2.05653E+00,4.84614E+01,4.84614E+01,4.84614E+01,4.84614E+01,4.84614E+01,4.84614E+01,4.84614E+01,1.66087E+00,4.84614E+01,1.30483E+00,1.94941E+00,4.84614E+01 
#t = 3.990E+03
4.84614E+01,4.84614E+01,4.84614E+01,1.66639E+01,4.84614E+01,4.84614E+01,4.84614E+01,1.66639E+01,4.84614E+01,4.84614E+01,1.66639E+01,4.84614E+01,4.84614E+01,4.84614E+01,4.84614E+01,4.84614E+01,4.84614E+01,4.84614E+01,4.84614E+01,4.84614E+01,4.84614E+01,4.84614E+01,4.84614E+01,4.84614E+01,4.84614E+01,4.84614E+01,4.84614E+01,1.66639E+01,4.84614E+01,4.84614E+01,4.84614E+01,4.84614E+01,4.84614E+01,4.84614E+01,1.66639E+01,4.84614E+01,5.19267E+00,4.84614E+01,1.66639E+01,4.84614E+01 
#t = 4.032E+03
4.84614E+01,4.84614E+01,4.84614E+01,4.84614E+01,4.84614E+01,4.84614E+01,1.66639E+01,4.84614E+01,4.84614E+01,4.84614E+01,4.84614E+01,4.84614E+01,4.84614E+01,4.84614E+01,4.84614E+01,4.84614E+01,4.84614E+01,4.84614E+01,4.84614E+01,4.84614E+01,4.84614E+01,4.84614E+01,4.84614E+01,4.84614E+01,4.84614E+01,4.84614E+01,4.84614E+01,4.84614E+01,4.84614E+01,4.84614E+01,1.10569E+01,4.84614E+01,4.84614E+01,4.84614E+01,1.38654E+01,4.84614E+01,4.84614E+01,3.63152E+00,4.84614E+01,4.84614E+01,4.84614E+01,1.65170E+00,4.84614E+01 
#t = 4.074E+03
4.84614E+01,4.84614E+01,4.84614E+01,4.84614E+01,4.84614E+01,4.84614E+01,4.84614E+01,4.84614E+01,4.84614E+01,4.84614E+01,4.84614E+01,4.84614E+01,4.84614E+01,4.84614E+01,4.84614E+01,4.84614E+01,4.84614E+01,4.84614E+01,4.84614E+01,4.84614E+01,4.84614E+01,4.84614E+01,4.84614E+01,4.84614E+01,4.84614E+01,4.84614E+01,4.84614E+01,4.84614E+01,4.84614E+01,4.84614E+01,4.28631E+00,4.84614E+01,4.84614E+01,4.84614E+01,4.84614E+01,4.84614E+01,2.11841E+00,4.84614E+01,4.84614E+01,4.84614E+01,4.84614E+01,4.84614E+01,4.84614E+01,4.75258E+00,4.84614E+01 
#t = 4.116E+03
4.84614E+01,4.84614E+01,4.84614E+01,4.84614E+01,4.84614E+01,4.84614E+01,4.84614E+01,4.84614E+01,4.84614E+01,4.84614E+01,4.84614E+01,4.84614E+01,4.84614E+01,4.84614E+01,4.84614E+01,4.84614E+01,4.84614E+01,4.84614E+01,4.84614E+01,4.84614E+01,4.84614E+01,4.84614E+01,4.84614E+01,4.84614E+01,4.84614E+01,4.84614E+01,4.84614E+01,4.84614E+01,4.84614E+01,4.84614E+01,4.84614E+01,4.84614E+01,4.84614E+01,4.84614E+01,4.84614E+01,1.39323E+01,4.84614E+01,4.84614E+01,4.84614E+01,4.84614E+01,4.84614E+01 
#t = 4.158E+03
4.84614E+01,4.84614E+01,4.84614E+01,4.84614E+01,4.84614E+01,4.84614E+01,4.84614E+01,4.84614E+01,4.84614E+01,4.84614E+01,4.84614E+01,4.84614E+01,4.84614E+01,4.84614E+01,4.84614E+01,4.84614E+01,4.84614E+01,4.84614E+01,4.84614E+01,4.84614E+01,4.84614E+01,4.84614E+01,4.84614E+01,1.24834E+01,4.84614E+01,4.84614E+01,4.84614E+01,4.58403E+00 
#t = 4.200E+03
4.84614E+01,4.84614E+01,4.84614E+01,4.84614E+01,4.84614E+01,4.84614E+01,4.84614E+01,1.05340E+01,4.84614E+01,4.84614E+01,4.84614E+01,4.84614E+01,4.84614E+01,4.84614E+01,2.88899E+01,4.84614E+01,4.84614E+01,4.84614E+01,4.84614E+01,4.84614E+01,4.84614E+01,4.84614E+01,4.84614E+01,4.84614E+01,4.84614E+01,4.84614E+01,4.84614E+01,4.03841E+00,4.84614E+01,4.84614E+01,4.84614E+01,4.84614E+01,4.84614E+01,4.84614E+01,4.84614E+01,4.84614E+01,4.84614E+01,4.84614E+01,4.84614E+01 
