#t = 0.000E+00
7.06509E-01,1.54703E+00,5.95539E-01,2.74681E+00,5.08933E-01 
#t = 4.200E+01
1.04245E+01,2.47174E+01,1.04245E+01,6.70669E+00,1.06259E+01,8.10886E-01,2.59177E+00,7.27568E-01,3.57385E+01,5.26841E-01,1.76068E+00,1.35028E+00 
#t = 8.400E+01
1.74884E+01,1.74884E+01,1.82348E+01,1.74884E+01,2.47174E+01,1.74884E+01,2.47174E+01,1.74884E+01,1.74884E+01,1.74884E+01,1.74884E+01,2.47174E+01,1.74884E+01,4.86167E+00,1.74884E+01,1.11265E+00 
#t = 1.260E+02
1.58798E+01,2.47174E+01,2.47174E+01,2.47174E+01,2.47174E+01,2.47174E+01,2.47174E+01,6.02452E+00,2.47174E+01,2.47174E+01,2.47174E+01,2.47174E+01,1.58798E+01,2.47174E+01,2.47174E+01,2.47174E+01,2.47174E+01,2.47174E+01,3.38864E+00 
#t = 1.680E+02
2.47174E+01,2.47174E+01,2.47174E+01,2.47174E+01,2.47174E+01,2.47174E+01,2.47174E+01,2.47174E+01,2.47174E+01,2.47174E+01,2.47174E+01,2.47174E+01,2.47174E+01,2.47174E+01,2.47174E+01,2.47174E+01,2.47174E+01,2.47174E+01,2.47174E+01,2.47174E+01 
#t = 2.100E+02
2.47174E+01,2.47174E+01,2.47174E+01,2.47174E+01,2.47174E+01,2.47174E+01,2.47174E+01,2.47174E+01,2.47174E+01,2.47174E+01,2.47174E+01,2.47174E+01,2.47174E+01,2.47174E+01,2.47174E+01,2.47174E+01,2.47174E+01,2.47174E+01,2.47174E+01,2.47174E+01,2.47174E+01,2.47174E+01,2.47174E+01,1.59176E+00 
#t = 2.520E+02
2.47174E+01,2.47174E+01,2.47174E+01,2.47174E+01,2.47174E+01,2.47174E+01,2.47174E+01,2.47174E+01,2.47174E+01,2.47174E+01,2.47174E+01,2.47174E+01,2.47174E+01,2.47174E+01,2.47174E+01,2.47174E+01,2.47174E+01,2.47174E+01,2.47174E+01,2.47174E+01,2.47174E+01,2.47174E+01,2.47174E+01,2.47174E+01,2.47174E+01,5.61726E+00,8.60093E-01,2.47174E+01,2.47174E+01,1.14388E+01,2.47174E+01,2.47174E+01 
#t = 2.940E+02
2.47174E+01,2.47174E+01,2.47174E+01,2.47174E+01,2.47174E+01,2.47174E+01,2.47174E+01,2.47174E+01,2.47174E+01,2.47174E+01,2.47174E+01,2.47174E+01,2.47174E+01,2.47174E+01,2.47174E+01,2.47174E+01,2.47174E+01,5.80889E+00,2.47174E+01 
#t = 3.360E+02
2.47174E+01,2.47174E+01,2.47174E+01,2.47174E+01,2.47174E+01,2.47174E+01,2.47174E+01,2.47174E+01,2.47174E+01,2.47174E+01,2.47174E+01,2.47174E+01,2.47174E+01,2.47174E+01,2.47174E+01,2.87165E+00,2.47174E+01,2.47174E+01,1.78929E+00,2.47174E+01,2.47174E+01,2.47174E+01,2.12229E+00,2.82004E-01 
#t = 3.780E+02
2.47174E+01,2.47174E+01,2.47174E+01,2.47174E+01,2.47174E+01,2.47174E+01,2.47174E+01,2.47174E+01,2.47174E+01,2.47174E+01,2.47174E+01,2.47174E+01,2.47174E+01,2.47174E+01,2.47174E+01,2.47174E+01,2.47174E+01,2.31011E+00,2.47174E+01,2.47174E+01,2.47174E+01,2.47174E+01,8.25054E+00,1.91808E+00,1.13170E+00,2.47174E+01 
#t = 4.200E+02
2.47174E+01,2.47174E+01,2.47174E+01,2.47174E+01,7.64279E+00,2.47174E+01,7.94623E+00,2.47174E+01,2.47174E+01,2.47174E+01,2.47174E+01,2.47174E+01,2.47174E+01,2.47174E+01,2.47174E+01,2.47174E+01,2.47174E+01,1.21293E+01,2.47174E+01,2.47174E+01,2.47174E+01,1.21293E+01,2.47174E+01,2.47174E+01,2.47174E+01,1.72611E+00 
#t = 4.620E+02
2.47174E+01,1.21293E+01,2.47174E+01,2.47174E+01,2.47174E+01,1.21293E+01,2.47174E+01,2.47174E+01,5.29640E+00,1.21293E+01,2.47174E+01,2.47174E+01,2.47174E+01,2.47174E+01,2.47174E+01,2.47174E+01,2.47174E+01,2.47174E+01,2.47174E+01,1.38574E+00,2.47174E+01,2.47174E+01,6.34490E-01,2.47174E+01,2.47174E+01 
#t = 5.040E+02
2.47174E+01,2.47174E+01,2.47174E+01,2.47174E+01,2.47174E+01,2.47174E+01,2.47174E+01,2.47174E+01,2.47174E+01,2.47174E+01,2.47174E+01,2.47174E+01,2.47174E+01,2.47174E+01,2.47174E+01,2.47174E+01,2.47174E+01,2.47174E+01,1.56841E+01,2.47174E+01,2.47174E+01,2.47174E+01,1.56841E+01,2.47174E+01,1.56841E+01,2.47174E+01,8.66828E-01 
#t = 5.460E+02
2.47174E+01,1.56841E+01,2.47174E+01,2.47174E+01,2.47174E+01,2.47174E+01,2.47174E+01,2.47174E+01,2.47174E+01,2.47174E+01,2.47174E+01,1.56841E+01,2.47174E+01,2.47174E+01,2.47174E+01,2.47174E+01,2.47174E+01 
#t = 5.880E+02
2.47174E+01,2.47174E+01,2.47174E+01,2.47174E+01,2.47174E+01,2.47174E+01,2.47174E+01,2.47174E+01,2.47174E+01,2.47174E+01,3.91283E+00,2.47174E+01,2.47174E+01,2.47174E+01,2.47174E+01,2.47174E+01,9.23717E+00,2.47174E+01,2.47174E+01,2.47174E+01,1.13951E+01,2.47174E+01,2.47174E+01,2.47174E+01,2.47174E+01,1.74124E+00,2.47174E+01,2.47174E+01,2.61755E-01,9.59375E-01 
#t = 6.300E+02
2.47174E+01,2.47174E+01,2.47174E+01,2.47174E+01,2.47174E+01,2.47174E+01,2.47174E+01,2.47174E+01,2.47174E+01,2.47174E+01,2.47174E+01,2.47174E+01,2.47174E+01,2.47174E+01,2.47174E+01,9.20558E-01,2.47174E+01,2.47174E+01,2.47174E+01,2.47174E+01,6.46958E+00 
#t = 6.720E+02
2.47174E+01,2.47174E+01,2.47174E+01,2.47174E+01,2.47174E+01,2.47174E+01,2.47174E+01,2.47174E+01,2.47174E+01,2.47174E+01,2.47174E+01,2.47174E+01,2.47174E+01,2.47174E+01,2.47174E+01,2.47174E+01,2.47174E+01,2.47174E+01,2.47174E+01,2.47174E+01,2.47174E+01,1.19213E+01,2.47174E+01,2.47174E+01,9.02460E+00,2.47174E+01,2.47174E+01,2.47174E+01,2.47174E+01,2.47174E+01,2.47174E+01,2.47174E+01,2.47174E+01,2.47174E+01,2.47174E+01,2.47174E+01,2.47174E+01,2.47174E+01,7.26114E+00,2.47174E+01,2.47174E+01,1.05714E+00,5.57341E+00,2.47174E+01 
#t = 7.140E+02
2.47174E+01,2.47174E+01,2.47174E+01,2.47174E+01,2.47174E+01,2.47174E+01,2.47174E+01,2.47174E+01,2.47174E+01,2.47174E+01,2.47174E+01,2.47174E+01,2.47174E+01,2.47174E+01,7.97320E+00,2.47174E+01,2.47174E+01,2.47174E+01,2.47174E+01,2.47174E+01,2.47174E+01,2.47174E+01,2.47174E+01,1.52652E+00,2.47174E+01,2.47174E+01,3.71732E+00,2.47174E+01,5.42865E+00,6.52208E+00,9.90196E+00,2.47174E+01 
#t = 7.560E+02
2.47174E+01,2.47174E+01,2.47174E+01,2.47174E+01,2.47174E+01,2.47174E+01,2.47174E+01,2.47174E+01,2.47174E+01,2.47174E+01,2.47174E+01,2.47174E+01,2.47174E+01,2.47174E+01,2.47174E+01,2.47174E+01,2.47174E+01,2.47174E+01,2.47174E+01,2.47174E+01,2.47174E+01,2.47174E+01,2.47174E+01,2.47174E+01,2.47174E+01,2.47174E+01,2.47174E+01,2.47174E+01,2.47174E+01,2.47174E+01,2.47174E+01,2.47174E+01,2.47174E+01,2.47174E+01,1.64363E+00,3.98375E+00,2.47174E+01 
#t = 7.980E+02
2.47174E+01,2.47174E+01,2.47174E+01,2.47174E+01,2.47174E+01,8.47217E+00,2.47174E+01,2.44738E+01,2.44738E+01,2.47174E+01,2.47174E+01,2.47174E+01,2.47174E+01,1.47620E+00,2.44738E+01,1.64798E+00,2.47174E+01,2.47174E+01,2.47174E+01,2.47174E+01,2.47174E+01 
#t = 8.400E+02
2.44738E+01,2.44738E+01,3.90156E+01,2.47174E+01,2.47174E+01,2.47174E+01,2.47174E+01,2.44738E+01,2.47174E+01,2.47174E+01,3.49062E-01,1.34812E+00 
#t = 8.820E+02
2.44738E+01,2.47174E+01,3.90156E+01,2.44738E+01,3.90156E+01,3.90156E+01,2.47174E+01,3.90156E+01,2.47174E+01,2.47174E+01,2.44738E+01,3.90156E+01,2.47174E+01,2.44738E+01,2.44738E+01,3.90156E+01,2.44738E+01,3.90156E+01,5.91935E+00,2.44738E+01,2.44738E+01,3.88960E+00,3.90156E+01,3.24915E+00,2.47174E+01,3.90156E+01,2.44738E+01,3.54166E+00 
#t = 9.240E+02
3.90156E+01,3.90156E+01,3.90156E+01,1.38101E+01,3.90156E+01,2.44738E+01,3.90156E+01,2.47174E+01,2.47174E+01,2.44738E+01,3.90156E+01,2.44738E+01,2.47174E+01,3.90156E+01,2.44738E+01,3.90156E+01,3.90156E+01,3.90156E+01,2.44738E+01,3.90156E+01,2.47174E+01,3.90156E+01,3.90156E+01,3.90156E+01,3.90156E+01,3.90156E+01,3.90156E+01,9.32518E-01,3.90156E+01,3.90156E+01,3.90156E+01 
#t = 9.660E+02
3.90156E+01,3.90156E+01,3.90156E+01,3.90156E+01,3.90156E+01,2.44738E+01,3.90156E+01,3.90156E+01,3.90156E+01,3.90156E+01,3.90156E+01,3.90156E+01,3.90156E+01,3.90156E+01,4.00871E+00,3.90156E+01,2.44738E+01,3.90156E+01,3.90156E+01,3.90156E+01,3.90156E+01,3.90156E+01,3.90156E+01,3.90156E+01,2.44738E+01,2.44738E+01,2.44738E+01,3.90156E+01,3.90156E+01 
#t = 1.008E+03
3.90156E+01,3.90156E+01,3.90156E+01,3.90156E+01,3.90156E+01,3.90156E+01,3.90156E+01,3.90156E+01,3.90156E+01,3.90156E+01,3.90156E+01,3.90156E+01,3.90156E+01,3.90156E+01,3.90156E+01,3.90156E+01,3.90156E+01,1.14300E+01,3.90156E+01,3.90156E+01,3.90156E+01,3.90156E+01,3.90156E+01 
#t = 1.050E+03
3.90156E+01,3.90156E+01,3.90156E+01,3.90156E+01,3.90156E+01,3.90156E+01,3.90156E+01,3.90156E+01,3.90156E+01,3.90156E+01,3.90156E+01,3.90156E+01,3.90156E+01,3.90156E+01,3.90156E+01,3.90156E+01,3.90156E+01,3.90156E+01,3.90156E+01,3.90156E+01,3.90156E+01,3.90156E+01,3.90156E+01,2.85444E+00,3.90156E+01,3.90156E+01,3.90156E+01,3.90156E+01,3.90156E+01,3.90156E+01,3.90156E+01,3.90156E+01,2.34180E+00,3.90156E+01 
#t = 1.092E+03
3.90156E+01,3.90156E+01,3.90156E+01,3.90156E+01,3.90156E+01,3.90156E+01,3.90156E+01,3.90156E+01,3.90156E+01,3.90156E+01,3.90156E+01,3.90156E+01,3.90156E+01,3.90156E+01,3.90156E+01,3.90156E+01,3.90156E+01,3.90156E+01,3.90156E+01,3.90156E+01,3.90156E+01,3.90156E+01,3.90156E+01,3.90156E+01,3.90156E+01,3.90156E+01,3.90156E+01,3.90156E+01,3.90156E+01,3.90156E+01,3.90156E+01,3.90156E+01,3.90156E+01,3.90156E+01,3.90156E+01 
#t = 1.134E+03
3.90156E+01,3.90156E+01,3.90156E+01,3.90156E+01,3.90156E+01,3.90156E+01,3.90156E+01,3.90156E+01,3.90156E+01,3.90156E+01,3.90156E+01,3.90156E+01,3.90156E+01,3.90156E+01,3.90156E+01,3.90156E+01,3.90156E+01,3.90156E+01,3.90156E+01,3.90156E+01,3.90156E+01,3.90156E+01,3.90156E+01,3.90156E+01,3.90156E+01,3.90156E+01,3.90156E+01,1.19471E+01,3.90156E+01,3.90156E+01,5.43261E+00,3.90156E+01,3.90156E+01,3.90156E+01,9.28850E-01,3.90156E+01,3.90156E+01,3.90156E+01,1.19471E+01,3.90156E+01,3.90156E+01,3.90156E+01,3.90156E+01 
#t = 1.176E+03
3.90156E+01,3.90156E+01,3.90156E+01,3.90156E+01,3.90156E+01,3.90156E+01,3.90156E+01,3.90156E+01,3.90156E+01,3.90156E+01,3.90156E+01,3.90156E+01,3.90156E+01,3.90156E+01,3.90156E+01,3.90156E+01,3.90156E+01,3.90156E+01,3.90156E+01,3.90156E+01,3.90156E+01,3.90156E+01,3.90156E+01,3.90156E+01,3.90156E+01,3.90156E+01,3.90156E+01,3.90156E+01,3.90156E+01,2.61910E+00,3.90156E+01,3.90156E+01,3.90156E+01,3.90156E+01,3.90156E+01,3.90156E+01,3.90156E+01,3.90156E+01,3.90156E+01,3.90156E+01,3.90156E+01,3.90156E+01,3.90156E+01 
#t = 1.218E+03
3.90156E+01,3.90156E+01,3.90156E+01,3.90156E+01,3.90156E+01,3.90156E+01,3.90156E+01,3.90156E+01,3.90156E+01,3.90156E+01,3.90156E+01,3.90156E+01,3.90156E+01,3.90156E+01,3.90156E+01,3.90156E+01,3.90156E+01,3.90156E+01,3.90156E+01,3.90156E+01,3.90156E+01,3.90156E+01,3.90156E+01,3.90156E+01,3.90156E+01,3.90156E+01,3.90156E+01,4.96291E+00,3.90156E+01,3.90156E+01,3.90156E+01,3.90156E+01,3.90156E+01,2.69939E+00,3.90156E+01,3.90156E+01,3.90156E+01,4.80139E-01,3.90156E+01,4.49984E+00,3.90156E+01,3.90156E+01,3.90156E+01,3.90156E+01 
#t = 1.260E+03
3.90156E+01,3.90156E+01,3.90156E+01,3.90156E+01,3.90156E+01,3.90156E+01,3.90156E+01,3.90156E+01,3.90156E+01,3.90156E+01,3.90156E+01,3.90156E+01,3.90156E+01,3.90156E+01,3.90156E+01,3.90156E+01,3.90156E+01,3.90156E+01,1.06455E+01,3.90156E+01,3.90156E+01,3.90156E+01,3.90156E+01,1.06455E+01,3.90156E+01,3.50075E+01,3.90156E+01,3.90156E+01,3.90156E+01,3.90156E+01,3.90156E+01,5.62048E+00,3.90156E+01,3.90156E+01,2.37368E+00,2.46856E-01,3.90156E+01,7.36625E-01,3.90156E+01,3.54975E-01 
#t = 1.302E+03
3.90156E+01,3.90156E+01,3.90156E+01,3.90156E+01,3.90156E+01,3.90156E+01,3.90156E+01,3.90156E+01,3.90156E+01,3.90156E+01,3.90156E+01,3.90156E+01,3.90156E+01,3.90156E+01,3.90156E+01,3.90156E+01,3.90156E+01,1.12298E+01,3.90156E+01,3.90156E+01,3.90156E+01,3.90156E+01,3.90156E+01,3.90156E+01,3.90156E+01,3.90156E+01,3.90156E+01,6.77602E+00,3.90156E+01,3.90156E+01,3.90156E+01,3.90156E+01,3.90156E+01,3.90156E+01,3.90156E+01,3.90156E+01,3.90156E+01,3.90156E+01,3.90156E+01,2.08608E+00 
#t = 1.344E+03
3.90156E+01,3.90156E+01,3.90156E+01,1.90846E+01,3.90156E+01,3.90156E+01,3.90156E+01,3.90156E+01,3.90156E+01,3.90156E+01,3.90156E+01,3.90156E+01,3.90156E+01,3.36800E+00,3.90156E+01,3.90156E+01,3.90156E+01,3.90156E+01,3.90156E+01,3.90156E+01,3.90156E+01,3.90156E+01,3.90156E+01,3.90156E+01,3.90156E+01,2.12640E+00,1.18580E+00,6.12552E+00,3.90156E+01,3.90156E+01,4.78667E+00,3.90156E+01 
#t = 1.386E+03
3.90156E+01,3.90156E+01,3.90156E+01,3.90156E+01,3.90156E+01,3.90156E+01,3.90156E+01,3.90156E+01,3.90156E+01,3.90156E+01,3.90156E+01,3.90156E+01,3.90156E+01,3.90156E+01,3.90156E+01,3.90156E+01,3.90156E+01,3.90156E+01,3.90156E+01,3.90156E+01,3.90156E+01,3.90156E+01,3.90156E+01,3.90156E+01,3.90156E+01,3.90156E+01,3.90156E+01,3.90156E+01,3.90156E+01,3.90156E+01,3.90156E+01,1.71741E+00,3.90156E+01,3.90156E+01,3.90156E+01,4.90050E+00,9.77940E-01 
#t = 1.428E+03
3.90156E+01,3.90156E+01,3.90156E+01,3.90156E+01,3.90156E+01,3.90156E+01,3.90156E+01,3.90156E+01,3.90156E+01,3.90156E+01,3.90156E+01,3.90156E+01,3.90156E+01,3.90156E+01,3.90156E+01,3.90156E+01,3.90156E+01,3.90156E+01,5.83354E+00,3.90156E+01,3.90156E+01,3.90156E+01,2.77333E+00,3.90156E+01,3.90156E+01,3.90156E+01,6.45667E+00,3.90156E+01,3.90156E+01,3.90156E+01,4.82388E+00 
#t = 1.470E+03
3.90156E+01,3.90156E+01,3.90156E+01,3.90156E+01,3.90156E+01,3.90156E+01,3.90156E+01,3.90156E+01,3.90156E+01,3.90156E+01,3.90156E+01,3.90156E+01,3.90156E+01,3.90156E+01,3.90156E+01,3.90156E+01,9.71670E+00,3.90156E+01,3.90156E+01,3.90156E+01,3.90156E+01,3.90156E+01,3.90156E+01,3.90156E+01,3.90156E+01,3.90156E+01,3.90156E+01,1.08246E+01,3.90156E+01,3.90156E+01,3.90156E+01,3.90156E+01 
#t = 1.512E+03
3.90156E+01,3.90156E+01,3.90156E+01,3.90156E+01,3.90156E+01,3.90156E+01,3.90156E+01,3.90156E+01,3.90156E+01,7.83769E+00,3.90156E+01,1.04405E+01,3.90156E+01,3.90156E+01,3.90156E+01,3.90156E+01,3.90156E+01,3.90156E+01,3.90156E+01,3.90156E+01,3.90156E+01,3.90156E+01,3.90156E+01,3.90156E+01,3.90156E+01,3.90156E+01,3.90156E+01,3.90156E+01,3.90156E+01,3.90156E+01,3.90156E+01,3.90156E+01,3.90156E+01,3.90156E+01,3.90156E+01,3.90156E+01,3.90156E+01,1.04405E+01,4.43737E+00 
#t = 1.554E+03
3.90156E+01,3.90156E+01,3.90156E+01,3.90156E+01,3.90156E+01,3.90156E+01,3.90156E+01,3.90156E+01,3.90156E+01,3.90156E+01,3.90156E+01,3.90156E+01,3.90156E+01,3.90156E+01,3.90156E+01,3.90156E+01,3.90156E+01,3.90156E+01,3.90156E+01,3.90156E+01,3.90156E+01,3.90156E+01,3.90156E+01,3.90156E+01,3.90156E+01,3.90156E+01,3.90156E+01,3.90156E+01,3.90156E+01,3.90156E+01,3.90156E+01,3.90156E+01,3.90156E+01,3.90156E+01,3.90156E+01,3.90156E+01,3.90156E+01,3.90156E+01,3.90156E+01,3.90156E+01,3.90156E+01,3.90156E+01,3.90156E+01,3.90156E+01,3.90156E+01,3.90156E+01,3.90156E+01,3.90156E+01,2.51777E+00,3.90156E+01,3.90156E+01 
#t = 1.596E+03
3.90156E+01,3.90156E+01,3.90156E+01,3.90156E+01,3.90156E+01,3.90156E+01,3.90156E+01,3.90156E+01,3.90156E+01,3.90156E+01,3.90156E+01,3.90156E+01,3.90156E+01,3.90156E+01,3.90156E+01,3.90156E+01,3.90156E+01,3.90156E+01,2.37052E+00,3.90156E+01,3.90156E+01,3.90156E+01,3.90156E+01,5.06272E-01,3.90156E+01,3.90156E+01,1.80045E+00,3.90156E+01,3.90156E+01,3.90156E+01,3.90156E+01,3.90156E+01,3.90156E+01,3.90156E+01,3.90156E+01 
#t = 1.638E+03
3.90156E+01,3.90156E+01,3.90156E+01,3.90156E+01,3.90156E+01,3.90156E+01,3.90156E+01,9.85453E+00,3.90156E+01,3.90156E+01,3.90156E+01,3.90156E+01,3.90156E+01,3.90156E+01,3.90156E+01,3.90156E+01,3.90156E+01,3.90156E+01,3.90156E+01,3.90156E+01,3.90156E+01,3.90156E+01,3.90156E+01,3.90156E+01,3.90156E+01,3.90156E+01,3.90156E+01,3.90156E+01,3.90156E+01,3.90156E+01,3.90156E+01,7.52208E-01,3.90156E+01,7.99844E+00,3.90156E+01,1.86756E-01 
#t = 1.680E+03
3.90156E+01,3.90156E+01,3.90156E+01,3.90156E+01,3.90156E+01,3.90156E+01,3.90156E+01,3.90156E+01,3.90156E+01,3.90156E+01,3.90156E+01,3.90156E+01,3.90156E+01,3.90156E+01,3.90156E+01,3.90156E+01,3.90156E+01,3.90156E+01,3.90156E+01,3.90156E+01,3.90156E+01,3.90156E+01,3.90156E+01,3.90156E+01,3.90156E+01,2.36574E+00,3.90156E+01,3.90156E+01,3.90156E+01,3.90156E+01,3.90156E+01,3.90156E+01,3.90156E+01 
#t = 1.722E+03
3.90156E+01,3.90156E+01,3.90156E+01,3.90156E+01,3.90156E+01,3.90156E+01,3.90156E+01,3.90156E+01,3.90156E+01,3.90156E+01,3.90156E+01,1.54609E+01,3.90156E+01,3.90156E+01,3.90156E+01,3.90156E+01,3.90156E+01,3.90156E+01,3.90156E+01,3.90156E+01,3.90156E+01,3.90156E+01,3.90156E+01,3.90156E+01,3.90156E+01,3.90156E+01,3.90156E+01,1.90669E+00,3.90156E+01,3.90156E+01,3.90156E+01,3.90156E+01,3.90156E+01,3.90156E+01,3.90156E+01,3.90156E+01,3.90156E+01,3.90156E+01,8.23429E+00,3.90156E+01,3.57115E+00 
#t = 1.764E+03
3.90156E+01,3.90156E+01,3.90156E+01,3.90156E+01,3.90156E+01,3.90156E+01,3.90156E+01,9.94025E+00,3.90156E+01,3.90156E+01,3.90156E+01,3.90156E+01,3.90156E+01,3.90156E+01,3.90156E+01,3.90156E+01,3.90156E+01,1.49299E+00,3.90156E+01,3.48230E+00,3.90156E+01,3.90156E+01,1.32595E+00,1.57281E+00,3.90156E+01,3.90156E+01,3.90156E+01,9.18691E+00 
#t = 1.806E+03
3.90156E+01,3.90156E+01,3.90156E+01,3.90156E+01,3.90156E+01,3.90156E+01,3.90156E+01,3.90156E+01,3.90156E+01,3.90156E+01,3.90156E+01,3.90156E+01,3.90156E+01,3.90156E+01,3.90156E+01,3.90156E+01,3.90156E+01,3.90156E+01,3.90156E+01,3.90156E+01,3.90156E+01,3.90156E+01,3.90156E+01,3.90156E+01,3.90156E+01,3.90156E+01,3.90156E+01,3.90156E+01,3.90156E+01,3.90156E+01,3.90156E+01,3.90156E+01,1.71116E+00,3.90156E+01,3.90156E+01 
#t = 1.848E+03
3.90156E+01,3.90156E+01,3.90156E+01,3.90156E+01,3.90156E+01,3.90156E+01,3.90156E+01,3.90156E+01,3.90156E+01,3.90156E+01,3.90156E+01,3.90156E+01,3.90156E+01,3.90156E+01,3.90156E+01,3.90156E+01,3.90156E+01,1.20436E+01,3.90156E+01,3.90156E+01,1.20436E+01,3.90156E+01,3.90156E+01,1.20436E+01,3.90156E+01,3.90156E+01,3.90156E+01,3.90156E+01,3.90156E+01,3.90156E+01,4.68130E+00,3.90156E+01,6.29293E+00,3.90156E+01,3.90156E+01,3.66867E+00,3.90156E+01,3.90156E+01,5.77319E+00,3.90156E+01,3.90156E+01 
#t = 1.890E+03
3.90156E+01,3.90156E+01,3.90156E+01,3.90156E+01,3.90156E+01,3.90156E+01,3.90156E+01,3.90156E+01,3.90156E+01,3.90156E+01,3.90156E+01,3.90156E+01,3.90156E+01,3.90156E+01,3.90156E+01,1.20436E+01,3.90156E+01,3.90156E+01,3.90156E+01,3.90156E+01,1.20436E+01,1.20436E+01,3.90156E+01,3.90156E+01,3.90156E+01,3.90156E+01,3.90156E+01,3.90156E+01,3.90156E+01,3.90156E+01,3.90156E+01,3.90156E+01,3.90156E+01,3.90156E+01,3.90156E+01,3.90156E+01,3.90156E+01,3.90156E+01,3.90156E+01,3.90156E+01,3.90156E+01 
#t = 1.932E+03
3.90156E+01,3.90156E+01,3.90156E+01,1.20436E+01,3.90156E+01,3.90156E+01,3.90156E+01,3.90156E+01,1.20436E+01,3.90156E+01,1.20436E+01,3.90156E+01,3.90156E+01,3.90156E+01,3.90156E+01,3.90156E+01,3.90156E+01,3.90156E+01,3.90156E+01,3.90156E+01,3.90156E+01,3.90156E+01,3.90156E+01,8.81957E-01,3.90156E+01,3.90156E+01,1.20436E+01,3.90156E+01,3.90156E+01,3.90156E+01,3.90156E+01,7.39207E-01,3.90156E+01,3.90156E+01,3.90156E+01,1.20436E+01 
#t = 1.974E+03
3.90156E+01,3.90156E+01,3.90156E+01,3.90156E+01,3.90156E+01,3.90156E+01,3.90156E+01,3.90156E+01,3.90156E+01,2.15563E+01,3.90156E+01,3.90156E+01,2.15563E+01,3.90156E+01,3.90156E+01,3.90156E+01,3.90156E+01,3.90156E+01,3.90156E+01,2.15563E+01,3.90156E+01,3.90156E+01,3.90156E+01,3.90156E+01,3.90156E+01,3.90156E+01,3.90156E+01,3.90156E+01,3.90156E+01,3.90156E+01,3.90156E+01,3.90156E+01,3.90156E+01,3.90156E+01,3.90156E+01,3.90156E+01,3.90156E+01,3.90156E+01,3.90156E+01,3.33487E+00,2.15226E+00 
#t = 2.016E+03
3.90156E+01,2.15563E+01,3.90156E+01,3.90156E+01,3.90156E+01,3.90156E+01,3.90156E+01,3.90156E+01,3.90156E+01,3.90156E+01,3.90156E+01,3.90156E+01,3.90156E+01,3.90156E+01,3.90156E+01,3.90156E+01,3.90156E+01,3.90156E+01,3.90156E+01,3.90156E+01,3.90156E+01,9.73360E+00,3.90156E+01,2.86158E+00,3.90156E+01,3.90156E+01,3.90156E+01,3.90156E+01,3.90156E+01,3.90156E+01,3.90156E+01,1.04374E+00,3.90156E+01,3.90156E+01,3.90156E+01,3.90156E+01,3.90156E+01,3.90156E+01,2.98717E+00,3.90156E+01 
#t = 2.058E+03
3.90156E+01,3.90156E+01,3.90156E+01,3.90156E+01,3.90156E+01,3.90156E+01,3.90156E+01,3.90156E+01,3.90156E+01,3.90156E+01,3.90156E+01,3.90156E+01,3.90156E+01,3.90156E+01,3.90156E+01,3.90156E+01,3.90156E+01,3.90156E+01,3.90156E+01,3.90156E+01,3.90156E+01,3.90156E+01,3.90156E+01,3.90156E+01,3.90156E+01,3.90156E+01,3.90156E+01,3.90156E+01,3.90156E+01,3.90156E+01,7.76008E-01,3.90156E+01 
#t = 2.100E+03
3.90156E+01,3.90156E+01,3.90156E+01,9.98340E+00,3.90156E+01,3.90156E+01,3.90156E+01,3.90156E+01,3.90156E+01,3.90156E+01,3.90156E+01,3.90156E+01,3.90156E+01,3.90156E+01,3.90156E+01,3.90156E+01,3.90156E+01,3.90156E+01,3.90156E+01,3.90156E+01,3.90156E+01,3.90156E+01,3.90156E+01,3.90156E+01,3.90156E+01,3.90156E+01,3.90156E+01,3.90156E+01,3.90156E+01,3.90156E+01,3.90156E+01,3.90156E+01,3.90156E+01,3.90156E+01,3.90156E+01,3.90156E+01 
#t = 2.142E+03
3.90156E+01,3.90156E+01,3.90156E+01,3.90156E+01,3.90156E+01,3.90156E+01,3.90156E+01,3.90156E+01,3.90156E+01,3.90156E+01,3.90156E+01,3.90156E+01,3.90156E+01,3.90156E+01,3.90156E+01,3.90156E+01,3.90156E+01,3.90156E+01,3.90156E+01,3.90156E+01,3.90156E+01,3.90156E+01,3.90156E+01,3.90156E+01,3.90156E+01,3.90156E+01,3.90156E+01,3.90156E+01,3.90156E+01,3.90156E+01,3.90156E+01,3.90156E+01,3.90156E+01,3.90156E+01,3.90156E+01 
#t = 2.184E+03
3.90156E+01,3.90156E+01,3.90156E+01,3.90156E+01,3.90156E+01,3.90156E+01,3.90156E+01,3.90156E+01,3.90156E+01,3.90156E+01,3.90156E+01,3.90156E+01,3.90156E+01,3.90156E+01,3.90156E+01,9.66726E+00,3.90156E+01,3.90156E+01,3.90156E+01,3.90156E+01,3.90156E+01,3.90156E+01,3.90156E+01,3.90156E+01,3.90156E+01,3.90156E+01,1.66702E+00 
#t = 2.226E+03
3.90156E+01,3.90156E+01,3.90156E+01,3.90156E+01,3.90156E+01,2.79608E+01,3.90156E+01,3.90156E+01,3.90156E+01,3.90156E+01,3.90156E+01,3.90156E+01,3.90156E+01,3.90156E+01,3.90156E+01,3.90156E+01,3.90156E+01,3.90156E+01,3.90156E+01,3.90156E+01,3.90156E+01,3.90156E+01,3.90156E+01,3.90156E+01,2.82452E+00,3.90156E+01,3.90156E+01,3.90156E+01,3.90156E+01,3.90156E+01,2.79608E+01,3.90156E+01,3.90156E+01,3.90156E+01,3.90156E+01,3.90156E+01,3.90156E+01 
#t = 2.268E+03
3.90156E+01,3.90156E+01,3.90156E+01,3.90156E+01,3.90156E+01,3.90156E+01,3.90156E+01,3.90156E+01,3.90156E+01,3.90156E+01,3.90156E+01,3.90156E+01,3.90156E+01,3.90156E+01,3.90156E+01,3.90156E+01,1.07385E+01,3.90156E+01,3.90156E+01,3.90156E+01,3.90156E+01,3.90156E+01,3.90156E+01,3.90156E+01,5.89228E+00,3.90156E+01,3.90156E+01,3.90156E+01,3.90156E+01,3.90156E+01,3.90156E+01,3.90156E+01,3.90156E+01,3.90156E+01,3.90156E+01,3.90156E+01,1.66624E+01,3.90156E+01,3.90156E+01,3.90156E+01,3.90156E+01,3.90156E+01,3.90156E+01,3.90156E+01,3.90156E+01,3.90156E+01,1.42047E+00,3.90156E+01,3.90156E+01,3.90156E+01,1.07170E+01,3.90156E+01,3.90156E+01 
#t = 2.310E+03
3.90156E+01,3.90156E+01,3.90156E+01,3.90156E+01,3.90156E+01,3.90156E+01,3.90156E+01,3.90156E+01,1.12518E+01,3.90156E+01,3.90156E+01,3.90156E+01,3.90156E+01,3.90156E+01,3.90156E+01,3.90156E+01,3.90156E+01,3.90156E+01,3.90156E+01,3.90156E+01,3.90156E+01,3.90156E+01,3.90156E+01,3.90156E+01,3.90156E+01,4.47073E+00,3.90156E+01,3.90156E+01,3.90156E+01,3.90156E+01,3.90156E+01,3.90156E+01,1.75300E+00,3.90156E+01,3.90156E+01,3.90156E+01,3.26254E+00 
#t = 2.352E+03
3.90156E+01,3.90156E+01,3.90156E+01,3.90156E+01,3.90156E+01,3.90156E+01,3.90156E+01,3.90156E+01,3.90156E+01,3.90156E+01,3.90156E+01,3.90156E+01,3.90156E+01,3.90156E+01,3.90156E+01,3.90156E+01,3.90156E+01,3.90156E+01,3.90156E+01,3.90156E+01,3.90156E+01,3.90156E+01,3.90156E+01,3.90156E+01,3.90156E+01,3.90156E+01,3.90156E+01,3.90156E+01,3.90156E+01,3.90156E+01,3.90156E+01,3.90156E+01,3.90156E+01,3.90156E+01,3.90156E+01,3.90156E+01,3.90156E+01,3.90156E+01,3.90156E+01,3.90156E+01,3.90156E+01,3.90156E+01,3.90156E+01 
#t = 2.394E+03
3.90156E+01,3.90156E+01,3.90156E+01,3.90156E+01,3.90156E+01,3.90156E+01,3.90156E+01,3.90156E+01,3.90156E+01,3.90156E+01,3.90156E+01,3.90156E+01,3.90156E+01,3.90156E+01,3.90156E+01,3.90156E+01,3.90156E+01,3.90156E+01,3.90156E+01,3.90156E+01,3.90156E+01,3.90156E+01,3.90156E+01,3.90156E+01,3.90156E+01,2.16816E+00,3.90156E+01,3.90156E+01,3.90156E+01,1.11311E+01,3.90156E+01,3.90156E+01,3.90156E+01,3.90156E+01,3.90156E+01,3.90156E+01,3.90156E+01,3.90156E+01,3.90156E+01,3.90156E+01,3.90156E+01,3.90156E+01,3.90156E+01,1.82355E+01 
#t = 2.436E+03
3.90156E+01,3.90156E+01,3.90156E+01,3.90156E+01,3.90156E+01,3.90156E+01,3.90156E+01,3.90156E+01,3.90156E+01,3.90156E+01,3.90156E+01,9.88728E+00,7.30711E+00,3.90156E+01,3.90156E+01,3.90156E+01,3.90156E+01,3.90156E+01,3.90156E+01,3.90156E+01,3.90156E+01,3.90156E+01,3.90156E+01,3.90156E+01,3.90156E+01,3.90156E+01,3.90156E+01,3.90156E+01,3.90156E+01,1.47859E+01,3.90156E+01,3.90156E+01,3.90156E+01,3.90156E+01,3.90156E+01,3.90156E+01,1.47859E+01,1.47859E+01,3.90156E+01,3.90156E+01,1.47859E+01,3.90156E+01,3.90156E+01,3.90156E+01 
#t = 2.478E+03
3.90156E+01,3.90156E+01,3.90156E+01,3.90156E+01,3.90156E+01,3.90156E+01,3.90156E+01,3.90156E+01,3.90156E+01,9.42821E+00,3.90156E+01,1.47859E+01,3.90156E+01,6.17612E+00,3.90156E+01,3.90156E+01,3.90156E+01,3.90156E+01,3.90156E+01,3.90156E+01,3.90156E+01,3.90156E+01,3.90156E+01,3.90156E+01,3.90156E+01,3.90156E+01,3.90156E+01,3.90156E+01,3.90156E+01,3.90156E+01,3.90156E+01,3.90156E+01,3.06029E+01,3.90156E+01,3.90156E+01,3.90156E+01,3.90156E+01,7.46008E+00 
#t = 2.520E+03
3.90156E+01,3.90156E+01,3.90156E+01,2.46818E+01,3.90156E+01,3.90156E+01,3.90156E+01,3.90156E+01,3.90156E+01,3.90156E+01,3.90156E+01,2.21878E+01,3.90156E+01,3.90156E+01,3.90156E+01,3.90156E+01,1.02573E+01,3.90156E+01,3.90156E+01,3.90156E+01,1.25533E+00,3.90156E+01,3.90156E+01,5.64698E+00,3.90156E+01,3.90156E+01,3.90156E+01,3.90156E+01,3.90156E+01,3.90156E+01,3.90156E+01,8.14298E+00,3.90156E+01,5.29622E+00,3.90156E+01,3.90156E+01 
#t = 2.562E+03
3.90156E+01,3.90156E+01,3.90156E+01,3.90156E+01,3.90156E+01,3.90156E+01,3.90156E+01,3.90156E+01,3.90156E+01,3.90156E+01,7.43652E+00,3.90156E+01,3.90156E+01,3.90156E+01,3.90156E+01,3.90156E+01,3.90156E+01,3.90156E+01,3.90156E+01,3.90156E+01,3.90156E+01,3.90156E+01,1.00642E+01,3.90156E+01,3.90156E+01,3.90156E+01,3.74241E+00,4.34998E+01,3.90156E+01,7.15263E-01 
#t = 2.604E+03
3.90156E+01,3.90156E+01,4.34998E+01,3.90156E+01,3.90156E+01,3.90156E+01,3.90156E+01,3.90156E+01,3.90156E+01,3.90156E+01,3.90156E+01,3.90156E+01,3.90156E+01,3.90156E+01,3.90156E+01,4.34998E+01,3.90156E+01,7.31346E+00,3.90156E+01,3.90156E+01,3.90156E+01,3.90156E+01,1.14276E+00,3.90156E+01,3.90156E+01,3.90156E+01,3.90156E+01,4.34998E+01,3.90156E+01,4.34998E+01,7.79098E+00,3.90156E+01,3.90156E+01,4.34998E+01,3.90156E+01,3.90156E+01,1.17995E+00,3.90156E+01 
#t = 2.646E+03
3.90156E+01,3.90156E+01,3.90156E+01,3.90156E+01,3.90156E+01,3.90156E+01,3.90156E+01,8.17765E+00,1.00456E+01,3.90156E+01,3.90156E+01,3.90156E+01,3.90156E+01,2.44040E+01,3.90156E+01,3.90156E+01,3.90156E+01,3.90156E+01,3.90156E+01,3.90156E+01,2.48700E+01,2.44040E+01,3.90156E+01,3.90156E+01,3.90156E+01,3.90156E+01,3.90156E+01,3.90156E+01,3.90156E+01,3.90156E+01,3.90156E+01,3.90156E+01,1.38530E+00,3.90156E+01,3.90156E+01,3.90156E+01,3.90156E+01,3.90156E+01,3.90156E+01 
#t = 2.688E+03
3.90156E+01,3.90156E+01,3.90156E+01,3.90156E+01,3.90156E+01,3.90156E+01,3.90156E+01,3.90156E+01,3.90156E+01,3.90156E+01,3.90156E+01,3.90156E+01,2.44040E+01,3.90156E+01,3.90156E+01,3.90156E+01,3.90156E+01,3.90156E+01,3.90156E+01,3.23356E+00,3.90156E+01,3.90156E+01,3.90156E+01,3.90156E+01,3.90156E+01,3.90156E+01,3.90156E+01,3.90156E+01,3.90156E+01,3.90156E+01,3.90156E+01,3.90156E+01,2.00763E+00,3.90156E+01,3.90156E+01 
#t = 2.730E+03
3.90156E+01,3.90156E+01,3.90156E+01,3.90156E+01,3.90156E+01,3.90156E+01,3.90156E+01,3.90156E+01,3.90156E+01,3.90156E+01,3.90156E+01,3.90156E+01,3.90156E+01,2.44040E+01,2.44040E+01,3.90156E+01,3.90156E+01,3.90156E+01,3.90156E+01,3.90156E+01,3.90156E+01,3.90156E+01,1.08326E+01,3.90156E+01,3.90156E+01,1.79760E+00,2.44040E+01,3.90156E+01,2.44040E+01,3.90156E+01,3.90156E+01,3.90156E+01,3.90156E+01,3.90156E+01,2.44040E+01,3.90156E+01,3.90156E+01,3.90156E+01,6.39168E+00,3.90156E+01,3.90156E+01,2.32716E+00,3.90156E+01,3.90156E+01,3.90156E+01,3.90156E+01,3.90156E+01,1.29788E+00,3.90156E+01,5.62560E+00,3.90156E+01,3.90156E+01 
#t = 2.772E+03
3.90156E+01,3.90156E+01,3.90156E+01,3.90156E+01,3.90156E+01,3.90156E+01,2.44040E+01,3.90156E+01,1.08326E+01,3.90156E+01,3.90156E+01,3.90156E+01,3.90156E+01,1.49142E+01,3.90156E+01,3.90156E+01,3.90156E+01,2.44040E+01,3.90156E+01,2.44040E+01,3.90156E+01,3.90156E+01,3.90156E+01,2.44040E+01,3.90156E+01,3.90156E+01,3.90156E+01,6.64647E+00,3.90156E+01,1.08326E+01,1.10267E+00,3.90156E+01,3.90156E+01,2.44040E+01 
#t = 2.814E+03
3.90156E+01,3.90156E+01,3.90156E+01,3.90156E+01,3.90156E+01,3.90156E+01,3.90156E+01,3.90156E+01,3.90156E+01,3.90156E+01,2.44040E+01,3.90156E+01,3.90156E+01,2.44040E+01,3.90156E+01,3.90156E+01,3.90156E+01,5.42900E+00,3.90156E+01,3.90156E+01,3.90156E+01,3.90156E+01,3.90156E+01,3.90156E+01,4.95845E+00,3.90156E+01,3.90156E+01,3.90156E+01 
#t = 2.856E+03
3.90156E+01,3.90156E+01,3.90156E+01,3.90156E+01,3.90156E+01,3.90156E+01,3.90156E+01,3.90156E+01,3.90156E+01,3.90156E+01,3.90156E+01,9.99990E+00,3.90156E+01,3.90156E+01,3.90156E+01,3.90156E+01,3.90156E+01,3.90156E+01,3.90156E+01,3.90156E+01,3.90156E+01,3.90156E+01,3.90156E+01,3.90156E+01,3.90156E+01,3.90156E+01,3.90156E+01,3.90156E+01,3.90156E+01,3.90156E+01,3.90156E+01,3.90156E+01 
#t = 2.898E+03
3.90156E+01,3.90156E+01,3.90156E+01,3.90156E+01,3.90156E+01,3.90156E+01,3.90156E+01,3.90156E+01,3.90156E+01,3.90156E+01,3.90156E+01,3.90156E+01,3.90156E+01,3.90156E+01,3.90156E+01,3.90156E+01,3.90156E+01,3.90156E+01,3.90156E+01,3.90156E+01,3.90156E+01,3.90156E+01,3.90156E+01,3.90156E+01,3.90156E+01,3.90156E+01,3.90156E+01,3.90156E+01,3.90156E+01,3.90156E+01,3.90156E+01,3.90156E+01,3.90156E+01,3.90156E+01,3.90156E+01,3.90156E+01,3.90156E+01,3.90156E+01,6.69117E-01 
#t = 2.940E+03
3.90156E+01,3.90156E+01,3.90156E+01,3.90156E+01,3.90156E+01,3.90156E+01,3.90156E+01,3.90156E+01,3.90156E+01,3.90156E+01,3.90156E+01,3.90156E+01,3.90156E+01,3.90156E+01,3.90156E+01,3.90156E+01,3.90156E+01,3.90156E+01,3.90156E+01,3.90156E+01,3.90156E+01,3.90156E+01,3.90156E+01,3.90156E+01,3.90156E+01,3.90156E+01,3.90156E+01,3.90156E+01,3.90156E+01,3.90156E+01,3.90156E+01,3.90156E+01,4.53291E+00,3.90156E+01,3.90156E+01,3.90156E+01,9.50146E-01 
#t = 2.982E+03
3.90156E+01,3.90156E+01,3.90156E+01,3.90156E+01,3.90156E+01,3.90156E+01,3.90156E+01,3.90156E+01,3.90156E+01,3.90156E+01,3.90156E+01,3.90156E+01,3.90156E+01,3.90156E+01,3.90156E+01,3.90156E+01,3.90156E+01,3.90156E+01,3.90156E+01,3.90156E+01,3.90156E+01,3.90156E+01,3.90156E+01,3.90156E+01,3.90156E+01,3.90156E+01,3.90156E+01,3.90156E+01,5.63222E-01 
#t = 3.024E+03
3.90156E+01,3.90156E+01,3.90156E+01,3.90156E+01,3.90156E+01,3.90156E+01,3.90156E+01,3.90156E+01,3.90156E+01,3.90156E+01,3.90156E+01,3.90156E+01,3.90156E+01,3.90156E+01,3.90156E+01,3.90156E+01,3.90156E+01,3.90156E+01,3.90156E+01,3.90156E+01,3.90156E+01,3.90156E+01,3.90156E+01,3.90156E+01,3.88579E+00,3.90156E+01,3.90156E+01,3.90156E+01,3.90156E+01,2.78253E+00,3.90156E+01,3.90156E+01,3.90156E+01,3.90156E+01,3.90156E+01,3.87148E+00,3.90156E+01,3.90156E+01,3.90156E+01,3.90294E+01,1.91909E+00 
#t = 3.066E+03
3.90156E+01,3.90294E+01,3.90156E+01,3.90294E+01,3.90294E+01,3.90156E+01,3.90156E+01,3.90156E+01,3.90156E+01,3.90156E+01,3.90156E+01,3.90156E+01,3.90294E+01,3.90156E+01,3.90156E+01,3.90156E+01,3.90156E+01,3.90156E+01,3.90156E+01,3.90156E+01,3.90156E+01,3.90156E+01,3.90156E+01,4.68989E+00,3.90156E+01,8.52509E-01,3.86335E+00 
#t = 3.108E+03
3.90156E+01,3.90156E+01,3.90294E+01,3.90156E+01,3.90294E+01,3.90156E+01,3.90156E+01,3.90156E+01,3.90156E+01,3.90156E+01,3.90294E+01,3.90294E+01,3.90156E+01,3.90156E+01,1.51530E+01,9.75792E+00,3.90294E+01,3.90294E+01,3.90156E+01,3.90156E+01,3.90156E+01,3.90294E+01,3.90156E+01,3.90156E+01,3.90156E+01,3.90294E+01,3.90294E+01,3.90294E+01,3.90294E+01,3.90294E+01,3.90294E+01,1.51530E+01,3.90156E+01,6.58772E+00,3.90294E+01,3.90294E+01,1.51530E+01,3.90156E+01,4.85821E+00,1.51530E+01,3.90294E+01,3.90294E+01,3.90294E+01,3.90294E+01,4.55373E-01,3.90294E+01,3.90156E+01 
#t = 3.150E+03
3.90156E+01,3.90294E+01,3.90294E+01,3.90294E+01,3.90294E+01,3.90294E+01,3.90294E+01,3.90294E+01,3.90156E+01,3.90156E+01,3.90294E+01,3.90156E+01,3.90294E+01,3.90294E+01,3.90294E+01,3.90156E+01,3.90156E+01,3.90294E+01,3.90294E+01,3.90294E+01,3.90294E+01,3.90156E+01,3.90294E+01,3.90294E+01,3.90294E+01,3.90294E+01,3.90156E+01,3.90156E+01,3.90294E+01,1.11959E+01,3.90294E+01,3.90294E+01,3.90294E+01,1.51530E+01,3.53121E+00,3.90294E+01,3.90294E+01,3.90294E+01,3.90156E+01,1.06113E+00,2.55433E+00,3.90294E+01,3.90294E+01,3.90294E+01,3.90156E+01,3.90294E+01 
#t = 3.192E+03
3.90156E+01,1.11959E+01,3.90156E+01,3.90294E+01,3.90294E+01,3.90156E+01,3.90294E+01,3.90294E+01,3.90294E+01,3.90156E+01,3.90156E+01,3.90156E+01,3.90294E+01,3.90294E+01,3.90156E+01,3.90294E+01,3.90156E+01,3.90156E+01,3.90156E+01,1.30367E+00,3.90156E+01,3.90294E+01,3.90294E+01,3.90156E+01,3.90156E+01,3.90294E+01,3.90294E+01,3.90294E+01,4.76649E+00,3.90294E+01,3.90294E+01,3.53945E+00,3.90294E+01,3.90156E+01,1.35763E+00,3.90156E+01 
#t = 3.234E+03
3.90294E+01,3.90156E+01,3.90156E+01,3.90294E+01,3.90294E+01,3.90156E+01,3.90294E+01,3.90156E+01,3.90156E+01,3.90156E+01,3.90294E+01,3.90294E+01,3.90294E+01,3.90294E+01,3.90294E+01,3.90294E+01,2.13317E+00,3.90294E+01,3.90294E+01,3.90294E+01,3.90294E+01,3.90294E+01,3.90294E+01,3.90156E+01,3.90294E+01,3.90294E+01,3.90156E+01,1.63934E+00,3.90294E+01,3.90294E+01,3.90294E+01,1.70784E+00 
#t = 3.276E+03
3.90156E+01,3.90294E+01,3.90294E+01,3.90294E+01,3.90294E+01,3.90294E+01,3.90294E+01,3.90294E+01,3.90294E+01,3.90156E+01,3.90156E+01,3.90294E+01,3.90294E+01,3.90294E+01,3.90294E+01,3.90294E+01,3.90294E+01,1.41706E+01,3.90294E+01,3.90294E+01,3.90156E+01,3.90294E+01,1.41706E+01,3.90294E+01,3.90156E+01,1.22811E+01,3.90156E+01,3.90294E+01,3.90156E+01,3.90156E+01,3.90294E+01,4.69608E+00,3.90294E+01,3.90294E+01,3.90294E+01,3.90294E+01,3.90294E+01,3.90156E+01,8.11582E+00 
#t = 3.318E+03
3.90294E+01,3.90294E+01,3.90156E+01,3.90294E+01,3.90294E+01,3.90294E+01,3.90156E+01,3.90294E+01,3.90156E+01,3.90294E+01,3.90294E+01,3.90294E+01,3.90294E+01,3.90294E+01,3.90294E+01,3.90156E+01,3.90294E+01,3.90294E+01,3.90294E+01,3.33648E+00,3.90294E+01,3.90640E+00,3.90156E+01,3.90294E+01,3.90294E+01,3.90294E+01 
#t = 3.360E+03
3.90156E+01,3.90294E+01,3.90294E+01,3.90294E+01,3.90156E+01,3.90294E+01,3.90294E+01,3.90294E+01,3.90294E+01,3.90294E+01,3.90294E+01,3.90294E+01,3.90156E+01,3.90294E+01,3.90294E+01,3.90294E+01,3.90294E+01,3.90294E+01,3.90294E+01,3.90294E+01,3.90294E+01,3.90156E+01,3.90294E+01,5.26108E+00,3.90294E+01,3.90294E+01,3.90156E+01,3.90156E+01,3.90294E+01,3.90156E+01,3.90294E+01,3.90294E+01,3.90294E+01,3.90294E+01,3.90294E+01,3.90156E+01,3.90294E+01,3.90156E+01,3.90156E+01,3.90294E+01,3.90294E+01,3.90156E+01,3.90156E+01,3.90294E+01,3.90156E+01,3.90294E+01,3.90156E+01,3.90294E+01,3.90294E+01,3.90294E+01 
#t = 3.402E+03
3.90294E+01,3.90294E+01,3.90294E+01,3.90294E+01,3.90294E+01,3.90294E+01,3.90294E+01,3.90156E+01,3.90294E+01,3.90294E+01,3.90156E+01,3.90156E+01,3.90294E+01,3.90294E+01,3.90156E+01,1.16961E+01,3.90294E+01,3.90294E+01,3.90156E+01,3.90294E+01,3.90294E+01,3.90294E+01,3.90294E+01,1.16961E+01,3.90294E+01,1.16961E+01,3.90156E+01,3.90156E+01,1.16961E+01,3.90156E+01,3.90294E+01,3.90156E+01,1.16961E+01,3.90156E+01,3.90156E+01,1.16961E+01,3.90294E+01 
#t = 3.444E+03
3.90294E+01,1.16961E+01,1.16961E+01,3.90294E+01,3.90294E+01,3.90156E+01,3.90294E+01,3.90156E+01,3.90156E+01,1.16961E+01,1.16961E+01,3.90156E+01,3.90156E+01,3.90294E+01,3.90294E+01,3.90294E+01,3.90156E+01,3.90294E+01,3.90294E+01,3.90294E+01,3.90294E+01,3.90156E+01,3.90156E+01,3.90156E+01,3.90294E+01,1.16961E+01,3.90294E+01,3.90156E+01,1.16961E+01,3.90294E+01,3.90156E+01,3.90156E+01,3.90294E+01,1.16961E+01,3.90294E+01,3.90294E+01,3.90294E+01,1.49655E+00 
#t = 3.486E+03
3.90294E+01,3.90294E+01,1.16961E+01,3.90294E+01,3.90294E+01,1.16961E+01,3.90294E+01,1.16961E+01,8.17456E+00,1.16961E+01,5.02451E+01,5.02451E+01,3.90294E+01,3.90294E+01,3.90294E+01,5.02451E+01,1.16961E+01,3.90294E+01,1.16961E+01,1.16961E+01,3.90294E+01,1.16961E+01,5.70740E+00,4.45122E+00,4.09926E+00,3.90294E+01,3.90294E+01,8.39205E-01,1.16961E+01 
#t = 3.528E+03
1.16961E+01,3.90294E+01,1.16961E+01,3.90294E+01,3.90294E+01,3.90294E+01,1.16961E+01,3.90294E+01,3.90294E+01,1.16961E+01,5.02451E+01,3.90294E+01,3.90294E+01,3.90294E+01,3.90294E+01,3.90294E+01,3.90294E+01,3.90294E+01,3.90294E+01,3.90294E+01,3.90294E+01,3.90294E+01,3.90294E+01,3.90294E+01,3.90294E+01,1.16961E+01,3.90294E+01,3.90294E+01,1.91514E+00,3.90294E+01,3.90294E+01,1.16961E+01,3.90294E+01,3.90294E+01,3.90294E+01,3.90294E+01 
#t = 3.570E+03
1.16961E+01,3.90294E+01,3.90294E+01,3.90294E+01,3.90294E+01,3.90294E+01,3.90294E+01,1.16961E+01,3.90294E+01,3.90294E+01,3.90294E+01,3.90294E+01,3.90294E+01,3.90294E+01,3.90294E+01,3.90294E+01,3.90294E+01,3.90294E+01,3.90294E+01,3.90294E+01,3.90294E+01,3.90294E+01,3.90294E+01,3.90294E+01,3.90294E+01,3.90294E+01,5.48558E-01,3.90294E+01,3.90294E+01,3.90294E+01,3.90294E+01,3.90294E+01,1.34144E+00,3.90294E+01,3.90294E+01,3.90294E+01,3.90294E+01,3.90294E+01,3.90294E+01,3.90294E+01,3.90294E+01,3.90294E+01,3.90294E+01 
#t = 3.612E+03
3.90294E+01,3.90294E+01,3.90294E+01,3.90294E+01,3.90294E+01,3.90294E+01,3.90294E+01,3.90294E+01,3.90294E+01,3.90294E+01,3.90294E+01,3.90294E+01,1.23633E+01,3.90294E+01,3.90294E+01,3.90294E+01,3.90294E+01,3.90294E+01,3.90294E+01,3.90294E+01,3.90294E+01,3.90294E+01,3.90294E+01,3.90294E+01,9.72638E+00,3.90294E+01,3.90294E+01,3.90294E+01,3.90294E+01,3.90294E+01,3.90294E+01,3.90294E+01,3.90294E+01,3.90294E+01,5.97479E-01,3.90294E+01,6.06392E-01,3.90294E+01,3.90294E+01 
#t = 3.654E+03
3.90294E+01,3.90294E+01,3.90294E+01,1.22365E+01,3.90294E+01,3.90294E+01,3.90294E+01,3.90294E+01,3.90294E+01,3.90294E+01,3.90294E+01,3.90294E+01,3.90294E+01,1.22365E+01,3.90294E+01,3.90294E+01,3.90294E+01,3.90294E+01,3.90294E+01,3.90294E+01,3.90294E+01,3.90294E+01,3.90294E+01,3.90294E+01,3.90294E+01,2.31673E-01,3.90294E+01,3.90294E+01,1.09500E+01,3.90294E+01,3.90294E+01,3.90294E+01,3.90294E+01,1.09500E+01,3.90294E+01,3.90294E+01,3.90294E+01,3.90294E+01 
#t = 3.696E+03
3.90294E+01,3.90294E+01,3.90294E+01,3.90294E+01,3.90294E+01,3.90294E+01,3.90294E+01,1.72348E+01,3.90294E+01,3.90294E+01,3.90294E+01,3.90294E+01,3.90294E+01,3.90294E+01,3.90294E+01,3.90294E+01,3.90294E+01,3.90294E+01,3.90294E+01,3.90294E+01,2.59079E+01,3.90294E+01,3.90294E+01,1.72348E+01,3.90294E+01,3.90294E+01,3.90294E+01,3.90294E+01,3.90294E+01,3.90294E+01,3.90294E+01,3.90294E+01,3.90294E+01,3.90294E+01 
#t = 3.738E+03
3.90294E+01,3.90294E+01,3.90294E+01,3.90294E+01,3.90294E+01,3.90294E+01,3.90294E+01,1.72348E+01,3.90294E+01,3.90294E+01,3.90294E+01,3.90294E+01,3.90294E+01,3.90294E+01,3.90294E+01,3.90294E+01,3.90294E+01,3.90294E+01,3.90294E+01,3.90294E+01,1.72348E+01,1.72348E+01,5.49003E+00,3.90294E+01,3.90294E+01,1.68680E+00,3.90294E+01,2.59079E+01,2.59079E+01,2.59079E+01 
#t = 3.780E+03
3.90294E+01,1.72348E+01,1.72348E+01,3.90294E+01,3.90294E+01,3.90294E+01,3.90294E+01,3.90294E+01,3.90294E+01,3.90294E+01,3.90294E+01,3.90294E+01,3.90294E+01,3.90294E+01,3.90294E+01,3.90294E+01,1.72348E+01,3.90294E+01,3.90294E+01,3.90294E+01,3.90294E+01,3.90294E+01,3.90294E+01,1.72348E+01,3.90294E+01,1.72348E+01,3.90294E+01,3.90294E+01,3.90294E+01,3.90294E+01,3.90294E+01,3.90294E+01,3.90294E+01,3.90294E+01,3.90294E+01,3.90294E+01,3.90294E+01,3.90294E+01,3.90294E+01,1.72348E+01,3.90294E+01,3.90294E+01,3.90294E+01,3.90294E+01,3.90294E+01,1.72348E+01,1.72348E+01,5.94345E-01,3.90294E+01,3.90294E+01 
#t = 3.822E+03
1.72348E+01,3.90294E+01,3.90294E+01,3.90294E+01,1.43659E+01,3.90294E+01,3.90294E+01,3.90294E+01,3.90294E+01,3.90294E+01,3.90294E+01,1.43659E+01,3.90294E+01,3.90294E+01,3.90294E+01,3.90294E+01,3.90294E+01,3.90294E+01,3.90294E+01,3.90294E+01,3.42064E+00,1.72348E+01,3.90294E+01,3.90294E+01,3.90294E+01,3.90294E+01,3.90294E+01,3.90294E+01,3.90294E+01,5.05261E+00,3.90294E+01,1.72348E+01,3.90294E+01 
#t = 3.864E+03
3.90294E+01,3.90294E+01,3.90294E+01,3.90294E+01,1.72348E+01,1.85383E+01,3.90294E+01,1.72348E+01,3.90294E+01,3.90294E+01,3.90294E+01,3.90294E+01,3.90294E+01,3.90294E+01,3.90294E+01,3.90294E+01,3.90294E+01,3.90294E+01,3.90294E+01,1.72348E+01,3.90294E+01,1.72348E+01,3.90294E+01,1.85383E+01,3.90294E+01,3.90294E+01,1.72348E+01,3.90294E+01,3.90294E+01,3.90294E+01,3.90294E+01,3.90294E+01,3.90294E+01,3.90294E+01,4.69100E+00 
#t = 3.906E+03
3.90294E+01,3.90294E+01,1.72348E+01,1.72348E+01,3.90294E+01,3.90294E+01,3.90294E+01,3.90294E+01,3.90294E+01,3.90294E+01,3.90294E+01,3.90294E+01,3.90294E+01,3.90294E+01,3.90294E+01,3.90294E+01,3.90294E+01,3.90294E+01,3.90294E+01,3.90294E+01,3.90294E+01,3.90294E+01,1.72348E+01,3.90294E+01,3.90294E+01,3.90294E+01,3.90294E+01,3.90294E+01,3.90294E+01,3.90294E+01,3.90294E+01,2.33820E+01,3.90294E+01,3.90294E+01,3.90294E+01,3.90294E+01,3.90294E+01,3.90294E+01,3.90294E+01,3.90294E+01,3.90294E+01 
#t = 3.948E+03
3.90294E+01,3.90294E+01,3.90294E+01,3.90294E+01,3.90294E+01,3.90294E+01,3.90294E+01,3.90294E+01,3.90294E+01,3.90294E+01,3.90294E+01,3.90294E+01,3.90294E+01,3.90294E+01,3.90294E+01,3.90294E+01,3.90294E+01,3.90294E+01,3.90294E+01,3.90294E+01,3.90294E+01,3.90294E+01,9.93050E+00,3.90294E+01,3.90294E+01,3.90294E+01,3.90294E+01,3.90294E+01,3.90294E+01,3.90294E+01,3.90294E+01,3.90294E+01,3.90294E+01,3.90294E+01,3.90294E+01,3.90294E+01,3.90294E+01,3.90294E+01,3.56636E+00 
#t = 3.990E+03
3.90294E+01,3.90294E+01,3.90294E+01,3.90294E+01,3.90294E+01,3.90294E+01,3.90294E+01,3.90294E+01,3.90294E+01,3.90294E+01,3.90294E+01,3.90294E+01,3.90294E+01,3.90294E+01,3.90294E+01,3.90294E+01,3.90294E+01,3.90294E+01,7.40413E+00,3.90294E+01,3.90294E+01,3.90294E+01,1.14788E+01,3.90294E+01,3.90294E+01,3.90294E+01,3.90294E+01,3.90294E+01,3.90294E+01,1.57613E+00,3.90294E+01,3.90294E+01 
#t = 4.032E+03
3.90294E+01,3.90294E+01,3.90294E+01,3.90294E+01,3.90294E+01,3.90294E+01,1.14788E+01,3.90294E+01,3.90294E+01,3.90294E+01,6.15443E+00,3.90294E+01,1.14788E+01,3.90294E+01,3.90294E+01,3.90294E+01,3.90294E+01,3.90294E+01,3.90294E+01,1.14788E+01,3.90294E+01,1.14788E+01,1.10799E+01,3.90294E+01,3.90294E+01,3.90294E+01,3.90294E+01,3.90294E+01,3.90294E+01,3.90294E+01,3.90294E+01,3.90294E+01,3.87558E+00,1.14788E+01,3.90294E+01,3.90294E+01,3.90294E+01,1.81381E+00,3.90294E+01,3.90294E+01 
#t = 4.074E+03
3.90294E+01,3.90294E+01,3.90294E+01,3.90294E+01,3.90294E+01,3.90294E+01,3.90294E+01,3.90294E+01,3.90294E+01,3.90294E+01,3.90294E+01,2.11876E+01,3.90294E+01,3.90294E+01,3.90294E+01,3.90294E+01,3.90294E+01,3.90294E+01,2.11876E+01,3.90294E+01,3.90294E+01,3.90294E+01,3.90294E+01,3.90294E+01,3.90294E+01,3.90294E+01,3.90294E+01,3.90294E+01,3.90294E+01,3.90294E+01,3.90294E+01,3.90294E+01,3.90294E+01,3.90294E+01,8.70853E-01,3.90294E+01,1.73622E+00,3.90294E+01,3.90294E+01,2.11876E+01,3.90294E+01 
#t = 4.116E+03
3.90294E+01,3.90294E+01,3.90294E+01,3.90294E+01,2.11876E+01,3.90294E+01,3.90294E+01,3.90294E+01,3.90294E+01,3.90294E+01,3.90294E+01,3.90294E+01,3.90294E+01,3.90294E+01,3.90294E+01,3.90294E+01,3.90294E+01,3.90294E+01,3.90294E+01,3.90294E+01,3.90294E+01,3.90294E+01,3.90294E+01,3.90294E+01,3.90294E+01,3.90294E+01,9.23970E+00,3.90294E+01,2.11876E+01,3.90294E+01,3.90294E+01,3.90294E+01,3.90294E+01,3.90294E+01 
#t = 4.158E+03
3.90294E+01,3.90294E+01,3.90294E+01,3.90294E+01,3.90294E+01,3.90294E+01,3.90294E+01,3.90294E+01,3.90294E+01,3.90294E+01,3.90294E+01,6.17726E+00,3.90294E+01,3.90294E+01,3.90294E+01,1.12381E+01,3.90294E+01,3.90294E+01,3.90294E+01,3.90294E+01,3.90294E+01,3.90294E+01,3.90294E+01,3.90294E+01,1.12381E+01,2.52336E+00,3.90294E+01,3.90294E+01,3.90294E+01,8.85175E-01,1.12381E+01,3.90294E+01 
#t = 4.200E+03
3.90294E+01,3.90294E+01,3.90294E+01,3.90294E+01,3.90294E+01,3.90294E+01,3.90294E+01,3.90294E+01,3.90294E+01,3.90294E+01,3.90294E+01,3.90294E+01,3.90294E+01,3.90294E+01,3.90294E+01,3.90294E+01,3.90294E+01,3.90294E+01,3.90294E+01,3.90294E+01,3.90294E+01,1.12381E+01,3.90294E+01,3.90294E+01,3.90294E+01,3.90294E+01,3.90294E+01,3.90294E+01,4.12475E+00,1.12381E+01,3.90294E+01 
