#t = 0.000E+00
1.92431E+00,3.19609E-01,8.55821E-01,6.73180E-01,1.80274E+00 
#t = 4.200E+01
1.41370E+01,8.68911E+00,1.59745E+00,2.17017E+00 
#t = 8.400E+01
2.39409E+01,2.39409E+01,5.82128E+00,1.79582E+00,3.82586E+00 
#t = 1.260E+02
1.05972E+01,1.19403E-01,9.55242E+00,9.16937E+00,8.34565E+00,2.07760E-01,4.48039E+00,8.17122E+00 
#t = 1.680E+02
1.05972E+01,1.11983E+01,9.96018E+00 
#t = 2.100E+02
9.96018E+00,1.05972E+01,2.56541E+00,9.20917E+00,1.25547E+00,1.46016E+00 
#t = 2.520E+02
6.49644E-01,3.34349E+00 
#t = 2.940E+02
3.54424E+00,1.23158E+00,3.23157E+00,3.72932E+00,1.06854E+00,2.94528E+00 
#t = 3.360E+02
6.74660E+00,3.50602E+00,7.71917E+00,1.52095E+01,2.75316E+00 
#t = 3.780E+02
2.01690E+01,6.27093E-01,6.28748E+00,1.48463E+00,1.56102E+00,3.08562E+00 
#t = 4.200E+02
2.01690E+01,1.05421E+01,2.01690E+01,7.59033E+00,1.39507E+00,1.05421E+01,3.46122E+00,4.96159E+00,8.31107E-01 
#t = 4.620E+02
2.01690E+01,2.01690E+01,1.20364E+00,2.01690E+01,2.27804E+00,2.75763E+00,6.79172E+00 
#t = 5.040E+02
2.01690E+01,2.01690E+01,2.01690E+01,9.99430E+00 
#t = 5.460E+02
2.01690E+01,2.01690E+01,2.01690E+01,1.06811E+01,2.01690E+01,2.01690E+01,2.01690E+01,2.01690E+01,3.44224E+00 
#t = 5.880E+02
2.01690E+01,2.01690E+01,2.01690E+01,2.01690E+01,5.39618E-01,3.41798E+00,2.01690E+01,7.99580E-01,2.01690E+01,4.66334E-01,9.46121E+00,2.37245E+00 
#t = 6.300E+02
2.01690E+01,2.01690E+01,2.01690E+01,8.37074E+00,2.01690E+01,2.01690E+01,2.01690E+01,2.01690E+01,2.01690E+01 
#t = 6.720E+02
2.01690E+01,2.01690E+01,2.01690E+01,1.27354E+01,2.01690E+01,2.01690E+01,2.01690E+01,2.01690E+01,1.87158E+00,2.01690E+01,2.01690E+01,2.01690E+01 
#t = 7.140E+02
2.01690E+01,2.01690E+01,1.27354E+01,1.27354E+01,2.01690E+01,1.27354E+01,2.01690E+01,1.27354E+01,2.01690E+01,2.01690E+01,2.01690E+01,1.27354E+01,3.10961E-01,1.27354E+01,2.53041E-01 
#t = 7.560E+02
2.01690E+01,1.27354E+01,2.01690E+01,2.01690E+01,2.01690E+01,1.27354E+01,1.57415E+01,1.27354E+01,1.27354E+01,2.01690E+01,2.01690E+01,2.01690E+01,2.01690E+01,2.38704E+00,1.57415E+01,2.86347E-01 
#t = 7.980E+02
2.01690E+01,1.52369E+01,1.57415E+01,1.27354E+01,2.01690E+01,1.57415E+01,2.01690E+01,2.01690E+01,2.01690E+01,1.57415E+01,2.01690E+01,2.01690E+01,1.72276E+00,1.27354E+01,2.01690E+01,9.59804E+00,1.54307E+01,1.22193E+00 
#t = 8.400E+02
2.01690E+01,9.59804E+00,2.01690E+01,1.57415E+01,2.51656E+00,1.57415E+01,2.01690E+01,2.01690E+01,2.01690E+01,1.57415E+01,2.01690E+01,2.01690E+01,1.30535E+01,4.37650E-01,3.72545E+00,1.30535E+01 
#t = 8.820E+02
1.57415E+01,2.01690E+01,1.57415E+01,2.01690E+01,4.52323E+00,2.01690E+01,2.01690E+01,1.38592E+01,1.30969E+00,2.25078E-01,2.01690E+01,2.70853E+00 
#t = 9.240E+02
2.01690E+01,2.01690E+01,2.01690E+01,3.91874E+00,2.01690E+01,2.01690E+01,9.25782E+00,2.01690E+01,2.01690E+01,1.15166E+01,2.01690E+01,2.01690E+01 
#t = 9.660E+02
2.01690E+01,1.15166E+01,3.42984E+01,2.01690E+01,1.87075E+01,1.01887E+01,2.01690E+01,2.01690E+01,1.92048E+00,2.01690E+01,2.01690E+01,1.34770E+00,9.41496E+00,2.01690E+01,7.90194E-01,4.23328E-01 
#t = 1.008E+03
1.01887E+01,2.01690E+01,2.01690E+01,2.01690E+01,2.01690E+01,2.01690E+01,2.01690E+01,2.01690E+01 
#t = 1.050E+03
2.01690E+01,2.01690E+01,2.01690E+01,2.01690E+01,2.01690E+01,2.01690E+01,2.01690E+01,6.92349E-01,3.63532E+00,1.43152E+00,2.01690E+01,2.01690E+01,2.01690E+01,2.01690E+01,2.01690E+01 
#t = 1.092E+03
2.01690E+01,2.01690E+01,2.01690E+01,2.01690E+01,8.66778E+00,4.91493E-01,2.01690E+01,2.21254E+00,2.01690E+01,2.01690E+01,7.44105E+00,1.54020E+01 
#t = 1.134E+03
2.01690E+01,2.01690E+01,1.40894E+01,2.01690E+01,2.01690E+01,2.01690E+01,1.40894E+01,5.07162E+00,1.40894E+01,3.03752E+00,1.40894E+01,7.21850E+00,2.01690E+01 
#t = 1.176E+03
2.01690E+01,1.40894E+01,2.01690E+01,2.01690E+01,2.01690E+01,2.01690E+01,2.01690E+01,2.01690E+01,2.01690E+01,2.01690E+01,2.01690E+01,8.80030E+00,2.01690E+01,7.53172E+00,2.01690E+01,2.52237E+00,2.01690E+01 
#t = 1.218E+03
1.40894E+01,2.01690E+01,2.01690E+01,2.44381E+00,2.01690E+01,2.01690E+01,5.75401E+00,6.87955E+00,2.01690E+01,1.93428E+01,2.01690E+01 
#t = 1.260E+03
2.01690E+01,2.01690E+01,1.15079E+01,2.01690E+01,2.01690E+01,2.01690E+01,2.01690E+01,2.01690E+01,2.01690E+01,2.01690E+01,1.05582E+01,1.21307E+00,3.44805E+00,2.23970E+00,1.01760E+01 
#t = 1.302E+03
2.01690E+01,2.01690E+01,2.01690E+01,2.01690E+01,2.01690E+01,2.01690E+01,2.01690E+01,2.01690E+01,2.01690E+01,2.01690E+01 
#t = 1.344E+03
2.01690E+01,2.01690E+01,2.01690E+01,2.01690E+01,2.01690E+01,1.24673E+01,7.63041E+00,2.01690E+01,4.50029E+00,2.01690E+01 
#t = 1.386E+03
2.01690E+01,2.01690E+01,1.13071E+01,2.22471E+00 
#t = 1.428E+03
2.01690E+01,2.01690E+01,1.43911E+01,1.43911E+01,2.01690E+01,2.01690E+01,6.27882E-01 
#t = 1.470E+03
2.01690E+01,1.15287E+01,2.01690E+01,1.47530E+01,1.71424E+01,4.24135E+00,1.71424E+01 
#t = 1.512E+03
1.71424E+01,1.71424E+01,2.01690E+01,1.41890E+01,2.01690E+01,1.41890E+01,1.41890E+01,1.71424E+01,1.71424E+01,2.37706E+00,2.01690E+01,2.77463E+00,1.61481E+00 
#t = 1.554E+03
1.41890E+01,1.27137E+01,1.27137E+01,1.71424E+01,2.01690E+01,1.27137E+01,1.41890E+01,1.41890E+01,2.01690E+01,1.27137E+01,9.94839E+00,1.27137E+01,2.07085E+00,1.41890E+01 
#t = 1.596E+03
1.27137E+01,1.41890E+01,1.41890E+01,6.39737E+00,1.41890E+01,1.48515E+00,1.41890E+01,1.62391E+00 
#t = 1.638E+03
1.41890E+01,1.41890E+01,1.41890E+01,1.41890E+01,1.41890E+01,1.41890E+01,1.41890E+01,2.90776E+00,1.41890E+01,1.41890E+01 
#t = 1.680E+03
1.41890E+01,1.41890E+01,1.41890E+01,1.41890E+01,3.91736E+00,1.41890E+01,8.10185E+00 
#t = 1.722E+03
1.41890E+01,1.41890E+01,1.41890E+01,1.41890E+01,1.41890E+01,1.41890E+01,1.41890E+01,1.41890E+01,1.41890E+01,1.41890E+01,1.41890E+01,1.41890E+01,1.41890E+01,1.41890E+01,1.41890E+01,1.41890E+01,1.41890E+01,7.65315E+00,1.41890E+01 
#t = 1.764E+03
1.41890E+01,1.41890E+01,1.41890E+01,1.41890E+01,1.41890E+01,1.41890E+01,1.41890E+01,1.41890E+01,1.41890E+01,1.41890E+01,1.41890E+01,1.41890E+01,1.41890E+01,1.41890E+01,1.41890E+01,1.33216E+00,3.18465E+00,1.41890E+01 
#t = 1.806E+03
1.41890E+01,1.41890E+01,1.41890E+01,1.41890E+01,3.09763E+01,1.41890E+01,3.09763E+01,1.41890E+01,1.41890E+01,3.09763E+01,1.41890E+01,1.96469E+00,1.41890E+01,1.41890E+01 
#t = 1.848E+03
1.41890E+01,1.41890E+01,1.41890E+01,1.41890E+01,1.41890E+01,1.41890E+01,9.36018E+00,1.41890E+01,1.41890E+01,1.41890E+01,1.41890E+01,1.41890E+01,1.41890E+01,1.41890E+01,7.79818E+00 
#t = 1.890E+03
8.69626E+00,1.02794E+01,2.03770E+01,6.94080E+00,1.11492E+01,1.26221E+00,5.84027E-01,7.14541E-01,2.14292E+00 
#t = 1.932E+03
1.98585E+01,7.38151E+00,2.48864E+00,1.01588E+00 
#t = 1.974E+03
5.66119E-01,1.94249E+00 
#t = 2.016E+03
4.07948E-01 
#t = 2.058E+03
1.27487E+01,1.59924E+01,1.59924E+01,1.59924E+01,1.59924E+01,1.59924E+01,1.27487E+01 
#t = 2.100E+03
1.59924E+01,1.59924E+01,1.27324E+01,1.59924E+01,1.59924E+01,1.27324E+01,1.27324E+01,1.59924E+01,1.59924E+01,1.27324E+01,1.59924E+01,1.59924E+01,1.59924E+01,1.59924E+01,1.27324E+01,1.59924E+01,1.59924E+01,1.59924E+01,6.66767E+00,1.59924E+01,4.04822E-01 
#t = 2.142E+03
1.59924E+01,1.27324E+01,1.59924E+01,1.59924E+01,1.04398E+00 
#t = 2.184E+03
1.59924E+01,6.92175E+00,5.92968E+00,2.27438E+00,1.59924E+01 
#t = 2.226E+03
1.59924E+01,1.59924E+01,1.89959E+00,7.48310E+00,1.59924E+01 
#t = 2.268E+03
1.59924E+01,7.58706E+00,2.24818E+01,2.24818E+01,2.24818E+01,9.90821E-02,3.23035E+00 
#t = 2.310E+03
1.06343E+01,1.14347E+01,2.24818E+01,2.24818E+01,2.24818E+01 
#t = 2.352E+03
2.24818E+01,2.24818E+01,2.24818E+01,2.24818E+01,2.24818E+01,2.24818E+01,6.20930E+00,2.39516E+00,2.24818E+01,3.92846E+00,4.75156E+00 
#t = 2.394E+03
2.24818E+01,2.24818E+01,2.24818E+01,2.24818E+01,2.24818E+01,2.24818E+01,2.24818E+01,2.60630E+01,2.24818E+01,2.24818E+01,2.24818E+01,2.24818E+01,2.60630E+01,2.60630E+01,2.24818E+01,2.24818E+01,2.24818E+01,2.58259E+00,2.24818E+01,1.72453E+01,2.24818E+01,2.60630E+01,7.59686E-01 
#t = 2.436E+03
2.24818E+01,2.24818E+01,2.60630E+01,2.24818E+01,2.36627E+01,2.24818E+01,2.60630E+01,2.24818E+01,2.60630E+01,2.60630E+01,2.24818E+01,3.10169E+01,2.60630E+01,2.60630E+01,2.36627E+01,2.24818E+01,1.34374E+01,2.60630E+01,2.60630E+01,2.24818E+01,2.24818E+01,2.24818E+01,2.60630E+01,1.43271E+00,7.73177E+00 
#t = 2.478E+03
2.60630E+01,1.34374E+01,2.60630E+01,2.60630E+01,2.24818E+01,2.60630E+01,2.24818E+01,1.34374E+01,2.60630E+01,2.60630E+01,2.24818E+01,2.24818E+01,1.10104E+01,2.60630E+01,1.34374E+01,2.24818E+01,2.24818E+01,2.60630E+01,2.24818E+01,2.60630E+01,2.60630E+01,1.25564E+00,2.24818E+01,2.60630E+01,5.37871E+00,2.60630E+01,2.60630E+01,2.60630E+01,2.24818E+01,2.60630E+01,1.67225E+01 
#t = 2.520E+03
2.60630E+01,2.60630E+01,2.24818E+01,2.60630E+01,2.60630E+01,2.60630E+01,2.60630E+01,2.60630E+01,2.60630E+01,2.60630E+01,2.60630E+01,2.60630E+01,2.24818E+01,2.60630E+01,2.60630E+01,2.60630E+01,2.60630E+01,2.60630E+01,2.60630E+01,3.13712E+00,1.95894E+01,2.60630E+01,2.24818E+01,2.60630E+01,1.74599E+00,2.24818E+01,2.24818E+01 
#t = 2.562E+03
2.24818E+01,2.60630E+01,2.60630E+01,2.24818E+01,2.24818E+01,2.24818E+01,2.24818E+01,2.24818E+01,2.60630E+01,2.24818E+01,2.24818E+01,2.60630E+01,2.24818E+01,2.60630E+01,2.60630E+01,2.60630E+01,2.60630E+01,2.24818E+01,2.60630E+01,2.24818E+01,2.24818E+01,2.60630E+01,3.02564E+00,2.24818E+01,2.24818E+01,2.24818E+01,2.60630E+01,2.24818E+01,2.60630E+01,2.60630E+01,2.60630E+01,2.60630E+01,2.24818E+01,2.60630E+01,2.60630E+01,2.24818E+01,2.59697E+00 
#t = 2.604E+03
2.60630E+01,2.60630E+01,2.60630E+01,2.24818E+01,2.60630E+01,2.60630E+01,2.60630E+01,2.60630E+01,2.60630E+01,9.82744E+00,2.24818E+01,2.60630E+01,2.60630E+01,2.60630E+01,2.60630E+01,2.60630E+01,2.60630E+01,2.60630E+01,2.60630E+01,2.60630E+01,2.60630E+01,2.60630E+01,2.60630E+01,2.60630E+01,2.60630E+01,5.05051E+00,2.60630E+01 
#t = 2.646E+03
2.60630E+01,2.60630E+01,2.60630E+01,2.60630E+01,2.60630E+01,2.60630E+01,2.60630E+01,2.60630E+01,2.60630E+01,2.60630E+01,2.60630E+01,2.60630E+01,2.60630E+01,2.60630E+01,2.60630E+01,2.60630E+01,2.60630E+01,5.94550E+00,5.24044E+00,2.60630E+01,2.60630E+01,2.60630E+01,2.60630E+01,2.60630E+01,2.60630E+01,1.78682E+00,9.11509E+00,2.60630E+01,2.60630E+01,2.60630E+01,2.49583E+00,2.60630E+01 
#t = 2.688E+03
2.60630E+01,2.60630E+01,2.60630E+01,2.60630E+01,2.60630E+01,2.60630E+01,2.60630E+01,2.60630E+01,2.60630E+01,2.60630E+01,2.10844E+01,2.60630E+01,2.10844E+01,2.60630E+01,2.10844E+01,2.10844E+01,2.60630E+01,2.60630E+01,1.10119E+00,2.10844E+01,2.60630E+01,2.60630E+01,2.10844E+01,2.60630E+01,9.38895E-01,1.60696E+00,7.06344E-01 
#t = 2.730E+03
2.60630E+01,8.58845E+00,2.60630E+01,2.60630E+01,2.60630E+01,2.60630E+01,2.60630E+01,2.60630E+01,2.60630E+01,2.60630E+01,2.60630E+01,2.60630E+01,2.60630E+01,2.60630E+01,2.60630E+01,2.10844E+01,1.65045E+00,2.60630E+01,2.60630E+01,2.60630E+01,2.60630E+01,2.60630E+01,2.60630E+01,2.60630E+01,2.60630E+01,2.60630E+01,2.60630E+01,2.60630E+01,1.46700E+00 
#t = 2.772E+03
2.60630E+01,2.60630E+01,2.60630E+01,2.60630E+01,2.60630E+01,2.10844E+01,2.10844E+01,2.10844E+01,2.60630E+01,2.60630E+01,2.60630E+01,2.60630E+01,2.10844E+01,2.10844E+01,2.10844E+01,2.60630E+01,2.10844E+01,2.60630E+01,2.10844E+01,2.60630E+01,3.33610E+00,2.10844E+01,2.60630E+01,2.60630E+01,2.25960E+00,5.20219E+00,2.60630E+01,2.60630E+01,1.83033E-01,2.10844E+01,2.60630E+01,5.58020E-01 
#t = 2.814E+03
2.60630E+01,2.60630E+01,2.10844E+01,2.60630E+01,2.60630E+01,2.60630E+01,2.60630E+01,2.60630E+01,2.10844E+01,2.60630E+01,2.60630E+01,2.10844E+01,2.60630E+01,2.60630E+01,2.10844E+01,2.60630E+01,4.07464E+00,7.65812E-01,2.60630E+01,2.60630E+01 
#t = 2.856E+03
2.10844E+01,2.60630E+01,2.60630E+01,2.60630E+01,2.60630E+01,2.60630E+01,2.60630E+01,6.42992E+00,2.60630E+01,2.60630E+01,2.60630E+01,2.80939E-01,2.60630E+01,2.60630E+01,2.60630E+01,2.60630E+01,2.60630E+01,2.60630E+01,3.22182E+00,2.60630E+01,6.81637E-01,2.60630E+01 
#t = 2.898E+03
2.60630E+01,2.60630E+01,2.60630E+01,2.60630E+01,2.60630E+01,2.60630E+01,2.60630E+01,2.60630E+01,2.60630E+01,2.60630E+01,2.60630E+01,7.90618E+00,2.60630E+01,2.60630E+01,2.60630E+01,2.60630E+01,2.60630E+01,2.60630E+01,2.60630E+01,2.60630E+01,2.60630E+01,2.76597E+00,2.60630E+01,2.60630E+01,2.60630E+01,2.60630E+01,2.60630E+01,2.60630E+01,2.60630E+01,7.81767E+00,2.10162E+00,2.60630E+01,2.60630E+01,2.60630E+01,2.61679E+00,2.60630E+01,2.60630E+01,1.38449E+00,2.60630E+01,2.60630E+01,2.60630E+01,5.98737E-01,2.60630E+01,1.29243E+00 
#t = 2.940E+03
2.60630E+01,2.60630E+01,2.60630E+01,2.60630E+01,2.60630E+01,2.60630E+01,2.60630E+01,2.60630E+01,2.60630E+01,2.60630E+01,2.60630E+01,2.60630E+01,2.60630E+01,2.60630E+01,2.60630E+01,1.82133E+01,1.28005E+01,2.60630E+01,2.60630E+01,2.60630E+01,2.60630E+01,1.82133E+01,2.60630E+01,2.60630E+01,2.60630E+01,2.60630E+01 
#t = 2.982E+03
2.60630E+01,1.82133E+01,2.60630E+01,1.17344E+01,2.60630E+01,2.60630E+01,2.60630E+01,1.17344E+01,1.17344E+01,2.60630E+01,2.60630E+01,2.60630E+01,3.66122E-01,2.60630E+01,1.17344E+01,1.17344E+01,6.04938E+00,1.17344E+01,2.60630E+01 
#t = 3.024E+03
2.60630E+01,1.17344E+01,2.60630E+01,2.60630E+01,2.60630E+01,1.17344E+01,2.60630E+01,2.60630E+01,2.60630E+01,1.17344E+01,2.60630E+01,2.60630E+01,2.60630E+01,8.43082E+00,1.17344E+01,1.11775E+01,2.60630E+01,1.69141E+01,2.60630E+01,2.60630E+01,2.60630E+01,1.17344E+01,1.17344E+01,2.60630E+01,1.17344E+01,2.60630E+01,1.17344E+01,2.60630E+01,2.60630E+01,1.23049E+00 
#t = 3.066E+03
2.60630E+01,2.60630E+01,2.60630E+01,2.60630E+01,2.60630E+01,2.60630E+01,2.60630E+01,2.60630E+01,2.60630E+01,2.60630E+01,2.60630E+01,2.60630E+01,2.60630E+01,2.60630E+01,2.60630E+01,2.60630E+01,2.60630E+01,2.60630E+01,2.60630E+01,2.60630E+01,2.60630E+01,2.60630E+01,2.60630E+01,2.60630E+01,2.60630E+01,6.57584E+00,2.60630E+01,2.60630E+01,2.60630E+01,2.60630E+01,1.56083E+00,5.09894E+01,5.40824E+00,2.60630E+01,2.60630E+01 
#t = 3.108E+03
2.60630E+01,2.60630E+01,2.60630E+01,2.60630E+01,2.60630E+01,2.60630E+01,5.09894E+01,2.60630E+01,2.60630E+01,2.60630E+01,2.60630E+01,2.60630E+01,2.60630E+01,2.60630E+01,2.60630E+01,5.09894E+01,2.60630E+01,2.60630E+01,2.60630E+01,2.60630E+01,2.60630E+01,2.60630E+01,2.60630E+01,2.60630E+01,2.60630E+01,2.60630E+01,2.18694E+00,2.60630E+01,2.60630E+01,2.60630E+01,2.60630E+01,2.60630E+01,1.29058E+00,5.09894E+01,2.60630E+01,2.60630E+01,2.60630E+01,2.60630E+01,2.60630E+01,8.81226E+00,2.60630E+01 
#t = 3.150E+03
2.60630E+01,2.60630E+01,2.60630E+01,2.60630E+01,5.09894E+01,2.60630E+01,2.60630E+01,1.78331E+01,2.60630E+01,2.60630E+01,2.60630E+01,2.60630E+01,2.60630E+01,2.60630E+01,2.60630E+01,2.60630E+01,2.60630E+01,2.60630E+01,5.09894E+01,5.09894E+01,2.60630E+01,2.60630E+01,5.09894E+01,2.60630E+01,2.60630E+01,2.60630E+01,2.60630E+01,1.25419E+00,2.60630E+01,3.00318E+00,2.01204E-01,2.60630E+01,2.60630E+01 
#t = 3.192E+03
2.60630E+01,5.09894E+01,2.60630E+01,2.60630E+01,2.60630E+01,2.60630E+01,5.09894E+01,2.60630E+01,2.60630E+01,2.60630E+01,2.60630E+01,2.60630E+01,2.60630E+01,2.60630E+01,2.60630E+01,2.60630E+01,2.60630E+01,2.60630E+01,2.60630E+01,2.60630E+01,2.60630E+01,2.60630E+01,2.60630E+01,5.09894E+01,2.60630E+01,2.60630E+01,2.60630E+01,5.09894E+01,2.60630E+01,2.60630E+01,2.60630E+01,2.60630E+01,2.60630E+01,2.60630E+01,2.60630E+01,2.60630E+01,2.60630E+01,2.60630E+01,2.60630E+01,2.60630E+01,1.22384E+00,3.09169E-01,5.09894E+01,2.60630E+01,2.60630E+01,2.60630E+01,4.77371E+00 
#t = 3.234E+03
2.60630E+01,2.60630E+01,2.60630E+01,2.60630E+01,2.60630E+01,2.60630E+01,2.60630E+01,2.60630E+01,2.60630E+01,2.60630E+01,2.60630E+01,2.60630E+01,5.09894E+01,2.60630E+01,2.60630E+01,2.60630E+01,2.60630E+01,5.09894E+01,2.60630E+01,2.60630E+01,1.13942E+00,2.60630E+01,4.22441E+00,2.60630E+01,2.60630E+01,5.09894E+01,2.60630E+01,1.22194E+00,2.60630E+01 
#t = 3.276E+03
2.60630E+01,2.60630E+01,5.09894E+01,8.42404E+00,2.60630E+01,5.09894E+01,2.60630E+01,2.60630E+01,2.60630E+01,5.09894E+01,2.60630E+01,2.60630E+01,2.60630E+01,2.60630E+01,2.60630E+01,2.60630E+01,2.60630E+01,2.60630E+01,5.09894E+01,2.60630E+01,2.60630E+01,2.60630E+01 
#t = 3.318E+03
2.60630E+01,2.60630E+01,5.09894E+01,5.09894E+01,2.60630E+01,2.60630E+01,2.60630E+01,2.60630E+01,2.60630E+01,2.60630E+01,2.60630E+01,5.09894E+01,2.60630E+01,1.03958E+01,2.60630E+01,5.09894E+01,2.60630E+01,2.60630E+01,5.09894E+01,2.60630E+01,2.60630E+01,5.09894E+01,4.69799E+00,2.60630E+01,2.60630E+01,5.09894E+01,5.09894E+01,2.60630E+01,2.60630E+01,2.60630E+01,2.60630E+01,5.09894E+01,5.09894E+01,2.60630E+01,2.60630E+01,2.60630E+01,2.60630E+01,2.60630E+01,2.60630E+01,2.60630E+01 
#t = 3.360E+03
5.09894E+01,2.60630E+01,5.09894E+01,2.60630E+01,2.60630E+01,5.09894E+01,2.60630E+01,5.09894E+01,2.60630E+01,2.60630E+01,5.09894E+01,2.60630E+01,2.60630E+01,2.60630E+01,5.09894E+01,5.09894E+01,2.60630E+01,5.09894E+01,5.09894E+01,2.60630E+01,5.09894E+01,5.09894E+01,5.09894E+01,2.60630E+01,2.60630E+01,2.60630E+01,2.60630E+01,5.09894E+01,5.09894E+01,2.60630E+01,2.60630E+01,5.09894E+01,5.09894E+01,5.09894E+01,5.09894E+01,1.40707E+00,5.09894E+01,2.60630E+01,2.60630E+01,5.09894E+01,5.09894E+01,2.60630E+01 
#t = 3.402E+03
2.60630E+01,5.09894E+01,2.60630E+01,5.09894E+01,2.60630E+01,5.09894E+01,5.09894E+01,5.09894E+01,2.60630E+01,2.60630E+01,2.60630E+01,5.09894E+01,5.09894E+01,5.09894E+01,1.04622E+01,2.60630E+01,5.09894E+01,5.09894E+01,5.09894E+01,2.60630E+01,5.09894E+01,2.60630E+01,2.60630E+01,5.09894E+01,5.09894E+01,2.60630E+01,1.55328E+00,5.09894E+01,1.18170E+00,2.60630E+01,2.60630E+01,2.60630E+01,5.09894E+01,2.60630E+01,5.09894E+01,5.09894E+01 
#t = 3.444E+03
2.60630E+01,5.09894E+01,2.60630E+01,5.09894E+01,5.09894E+01,5.09894E+01,2.60630E+01,2.60630E+01,2.60630E+01,5.09894E+01,2.60630E+01,5.09894E+01,2.60630E+01,5.09894E+01,5.09894E+01,5.09894E+01,5.09894E+01,5.09894E+01,5.09894E+01,2.60630E+01,5.09894E+01,5.09894E+01,2.60630E+01,5.09894E+01,9.57253E+00,5.09894E+01,2.60630E+01,2.60630E+01,5.09894E+01,5.09894E+01,5.09894E+01,5.09894E+01,2.60630E+01,7.41214E-01,5.09894E+01,5.09894E+01,5.09894E+01,2.60630E+01,5.09894E+01,2.60630E+01,5.09894E+01,2.60630E+01,5.09894E+01,5.09894E+01,2.60630E+01,5.09894E+01,8.13853E+00 
#t = 3.486E+03
5.09894E+01,5.09894E+01,2.60630E+01,5.09894E+01,1.07455E+01,5.09894E+01,5.09894E+01,2.60630E+01,5.09894E+01,5.09894E+01,5.09894E+01,5.09894E+01,2.60630E+01,5.09894E+01,5.09894E+01,5.09894E+01,5.09894E+01,5.09894E+01,5.09894E+01,5.09894E+01,5.09894E+01,5.09894E+01,5.09894E+01,6.38431E-01,5.09894E+01,5.09894E+01,2.60630E+01,9.05477E+00,5.09894E+01,5.09894E+01,3.14145E-01,5.09894E+01,5.09894E+01,5.09894E+01,5.09894E+01,1.08107E+00,1.05670E+00 
#t = 3.528E+03
2.60630E+01,5.09894E+01,5.09894E+01,5.09894E+01,5.09894E+01,5.09894E+01,5.09894E+01,5.09894E+01,5.09894E+01,5.09894E+01,2.60630E+01,5.09894E+01,5.09894E+01,5.09894E+01,5.09894E+01,5.09894E+01,5.09894E+01,5.09894E+01,5.09894E+01,5.09894E+01,5.09894E+01,5.09894E+01,5.09894E+01,5.09894E+01,5.09894E+01,5.09894E+01,1.34076E+00,5.09894E+01,5.09894E+01,5.09894E+01,5.09894E+01,8.94413E-01 
#t = 3.570E+03
5.09894E+01,5.09894E+01,2.60630E+01,5.09894E+01,5.09894E+01,5.09894E+01,5.09894E+01,2.60630E+01,2.60630E+01,5.09894E+01,2.60630E+01,5.09894E+01,5.09894E+01,5.09894E+01,5.09894E+01,5.09894E+01,5.09894E+01,5.09894E+01,5.09894E+01,5.09894E+01,5.09894E+01,5.09894E+01,5.09894E+01,5.09894E+01,5.09894E+01,5.09894E+01,5.09894E+01,5.09894E+01,2.60630E+01,5.09894E+01,5.09894E+01,5.09894E+01,5.09894E+01,5.09894E+01,5.09894E+01,5.09894E+01,5.09894E+01,5.09894E+01,2.60630E+01,1.62228E+00,5.09894E+01,3.66827E+00,5.09894E+01,5.09894E+01,5.09894E+01,3.16951E+00 
#t = 3.612E+03
5.09894E+01,2.60630E+01,5.09894E+01,5.09894E+01,5.09894E+01,2.60630E+01,5.09894E+01,5.09894E+01,5.09894E+01,5.09894E+01,5.09894E+01,5.09894E+01,5.09894E+01,2.60630E+01,5.09894E+01,5.09894E+01,5.09894E+01,5.09894E+01,5.09894E+01,5.09894E+01,5.09894E+01,5.09894E+01,5.09894E+01,2.60630E+01,5.09894E+01,2.60630E+01,5.09894E+01,5.09894E+01,5.09894E+01,2.60630E+01,2.60630E+01,5.09894E+01,5.09894E+01,5.09894E+01,5.09894E+01,5.09894E+01,5.09894E+01,5.09894E+01,5.50824E-01,7.47618E-01,5.09894E+01,5.09894E+01 
#t = 3.654E+03
5.09894E+01,5.09894E+01,2.60630E+01,5.09894E+01,5.09894E+01,1.12414E+01,5.09894E+01,5.09894E+01,5.09894E+01,5.09894E+01,5.09894E+01,5.09894E+01,5.09894E+01,5.09894E+01,5.09894E+01,2.60630E+01,5.09894E+01,5.09894E+01,5.09894E+01,5.09894E+01,5.09894E+01,5.09894E+01,2.60630E+01,5.09894E+01,5.09894E+01,2.60630E+01,5.09894E+01,5.32650E+00,5.09894E+01,5.09894E+01,2.60630E+01,1.12414E+01,1.12414E+01,5.09894E+01,5.09894E+01,5.09894E+01,3.00428E+00,5.09894E+01,2.18982E+01,2.60630E+01,2.21802E+00,8.64937E-01,5.09894E+01,1.86889E+00,5.09894E+01 
#t = 3.696E+03
5.09894E+01,5.09894E+01,1.12414E+01,5.09894E+01,5.09894E+01,5.09894E+01,5.09894E+01,5.09894E+01,5.09894E+01,5.09894E+01,5.09894E+01,5.09894E+01,5.09894E+01,5.09894E+01,5.09894E+01,5.09894E+01,5.09894E+01,5.09894E+01,5.09894E+01,5.09894E+01,5.09894E+01,5.09894E+01,5.09894E+01,5.09894E+01,5.09894E+01,5.09894E+01,5.09894E+01,5.09894E+01,5.09894E+01,5.09894E+01,5.09894E+01,9.70993E+00,5.09894E+01,5.09894E+01,5.09894E+01,5.09894E+01,5.09894E+01,5.09894E+01,5.09894E+01,5.09894E+01,8.41180E+00,5.09894E+01,5.09894E+01,7.01874E-01 
#t = 3.738E+03
5.09894E+01,5.09894E+01,9.58015E+00,5.09894E+01,5.09894E+01,5.09894E+01,5.09894E+01,5.09894E+01,5.09894E+01,5.09894E+01,5.09894E+01,5.09894E+01,5.09894E+01,5.09894E+01,5.09894E+01,5.09894E+01,5.09894E+01,5.09894E+01,5.09894E+01,5.09894E+01,5.09894E+01,5.09894E+01,5.09894E+01,5.09894E+01,2.13574E+00,5.09894E+01,5.09894E+01,5.09894E+01,5.09894E+01,5.09894E+01,5.09894E+01,5.09894E+01,7.54916E+00,5.09894E+01,5.09894E+01,5.09894E+01,5.09894E+01,5.09894E+01,5.09894E+01,5.09894E+01,4.61266E+00,5.09894E+01,5.09894E+01 
#t = 3.780E+03
5.09894E+01,5.09894E+01,5.09894E+01,5.09894E+01,5.09894E+01,5.09894E+01,5.09894E+01,5.09894E+01,5.09894E+01,5.09894E+01,5.09894E+01,1.10022E+01,5.09894E+01,5.09894E+01,5.09894E+01,5.09894E+01,2.27088E+01,5.09894E+01,1.91644E+01,5.09894E+01,5.09894E+01,1.91644E+01,1.47924E+01,5.09894E+01,5.09894E+01,5.09894E+01,2.27631E+00,5.09894E+01,4.47419E+00,5.09894E+01,5.09894E+01,5.09894E+01,5.09894E+01,5.09894E+01,5.09894E+01,5.09894E+01,5.09894E+01,5.09894E+01 
#t = 3.822E+03
5.09894E+01,5.09894E+01,1.91644E+01,5.09894E+01,5.09894E+01,5.09894E+01,5.09894E+01,5.09894E+01,5.09894E+01,5.09894E+01,5.09894E+01,5.09894E+01,5.09894E+01,5.09894E+01,5.09894E+01,5.09894E+01,1.56202E+01,5.09894E+01,5.09894E+01,5.09894E+01,5.09894E+01,5.09894E+01,5.09894E+01,5.09894E+01,5.09894E+01,5.09894E+01,5.09894E+01,5.09894E+01,5.09894E+01,5.09894E+01,5.09894E+01,5.09894E+01,5.09894E+01,1.91644E+01,5.09894E+01,5.09894E+01,5.09894E+01,5.09894E+01,8.81924E-01,5.09894E+01,2.21279E+00,5.09894E+01,1.56202E+01,5.09894E+01,1.60195E+00 
#t = 3.864E+03
5.09894E+01,5.09894E+01,5.09894E+01,5.09894E+01,5.09894E+01,5.09894E+01,5.09894E+01,5.09894E+01,5.09894E+01,1.61241E+01,5.09894E+01,3.37035E+01,9.79999E+00,3.37035E+01,5.09894E+01,4.30668E+01,5.09894E+01,5.09894E+01,5.09894E+01,3.37035E+01,5.09894E+01,5.09894E+01,4.30668E+01,5.09894E+01,5.09894E+01,3.37035E+01,5.09894E+01,5.09894E+01,1.61241E+01,3.37035E+01,3.37035E+01,5.09894E+01,3.22162E+00,4.30668E+01,5.09894E+01,5.09894E+01,4.30668E+01,5.09894E+01,5.09894E+01,5.09894E+01,5.09894E+01,5.09894E+01,5.09894E+01,2.80186E+00 
#t = 3.906E+03
5.09894E+01,4.30668E+01,5.09894E+01,5.09894E+01,5.09894E+01,3.37035E+01,5.09894E+01,5.09894E+01,5.09894E+01,4.30668E+01,3.37035E+01,5.09894E+01,5.09894E+01,3.37035E+01,4.30668E+01,5.09894E+01,5.09894E+01,5.09894E+01,5.09894E+01,4.30668E+01,5.09894E+01,5.09894E+01,3.37035E+01,4.30668E+01,5.09894E+01,5.09894E+01,4.30668E+01,3.37035E+01,5.09894E+01,5.09894E+01,5.09894E+01,3.37035E+01,3.37035E+01,5.09894E+01,7.98086E+00,5.09894E+01,5.09894E+01,5.58856E-01,7.80589E-01,1.38614E+00,4.87706E+00,5.09894E+01 
#t = 3.948E+03
5.09894E+01,5.09894E+01,5.09894E+01,5.09894E+01,3.37035E+01,5.09894E+01,5.09894E+01,5.09894E+01,5.09894E+01,4.30668E+01,1.44708E+01,5.09894E+01,5.09894E+01,5.09894E+01,5.09894E+01,3.37035E+01,8.75461E+00,5.09894E+01,5.09894E+01,5.09894E+01,3.37035E+01,5.09894E+01,5.09894E+01,5.09894E+01,5.09894E+01,5.09894E+01,5.09894E+01,5.09894E+01,5.09894E+01,5.09894E+01,5.09894E+01,5.09894E+01,5.09894E+01,5.09894E+01,2.75143E+00,5.09894E+01,2.84229E+00,3.53226E+00,5.09894E+01,5.09894E+01 
#t = 3.990E+03
5.09894E+01,3.37035E+01,5.09894E+01,5.09894E+01,5.09894E+01,5.09894E+01,3.37035E+01,5.09894E+01,5.09894E+01,5.09894E+01,5.09894E+01,5.09894E+01,5.09894E+01,5.09894E+01,5.09894E+01,5.09894E+01,5.09894E+01,5.09894E+01,5.09894E+01,5.09894E+01,5.09894E+01,3.37035E+01,5.09894E+01,5.09894E+01,5.09894E+01,1.22328E+01,5.09894E+01,5.09894E+01,2.51017E+01,5.09894E+01,2.62424E+00,5.09894E+01,5.09894E+01,2.23009E-01,1.01177E+00,5.09894E+01,2.51017E+01,5.09894E+01,5.09894E+01,5.09894E+01,2.51017E+01,5.09894E+01,3.37035E+01,5.09894E+01,5.09894E+01 
#t = 4.032E+03
5.09894E+01,5.09894E+01,5.09894E+01,5.09894E+01,5.09894E+01,2.51017E+01,5.09894E+01,5.09894E+01,5.09894E+01,5.09894E+01,5.09894E+01,5.09894E+01,5.09894E+01,5.09894E+01,1.85229E+01,5.09894E+01,5.09894E+01,5.09894E+01,5.09894E+01,5.09894E+01,5.09894E+01,5.09894E+01,5.09894E+01,5.09894E+01,4.20883E+00,5.09894E+01,5.09894E+01,5.09894E+01,5.09894E+01,5.09894E+01,5.09894E+01,7.67357E+00,2.51017E+01,5.09894E+01,5.09894E+01,5.09894E+01,5.09894E+01,5.09894E+01,7.24371E+00,5.09894E+01,2.05219E+00 
#t = 4.074E+03
5.09894E+01,5.09894E+01,5.09894E+01,5.09894E+01,5.09894E+01,5.09894E+01,5.09894E+01,5.09894E+01,5.09894E+01,5.09894E+01,5.09894E+01,5.09894E+01,5.09894E+01,1.69357E+01,5.09894E+01,5.09894E+01,5.09894E+01,5.09894E+01,5.09894E+01,5.09894E+01,5.09894E+01,5.09894E+01,5.09894E+01,5.09894E+01,5.09894E+01,5.09894E+01,5.09894E+01,1.69357E+01,5.09894E+01,5.09894E+01,5.09894E+01,5.09894E+01,5.09894E+01,3.99501E+00,5.09894E+01,5.09894E+01,5.09894E+01 
#t = 4.116E+03
5.09894E+01,5.09894E+01,5.09894E+01,5.09894E+01,5.09894E+01,5.09894E+01,5.09894E+01,5.09894E+01,5.09894E+01,5.09894E+01,5.09894E+01,5.09894E+01,5.09894E+01,5.09894E+01,5.09894E+01,5.09894E+01,5.09894E+01,5.09894E+01,5.09894E+01,5.09894E+01,5.09894E+01,5.09894E+01,5.09894E+01,5.09894E+01,5.09894E+01,5.09894E+01,5.09894E+01,5.09894E+01,5.09894E+01,5.09894E+01,5.09894E+01,5.09894E+01,5.09894E+01,5.09894E+01,5.09894E+01,5.09894E+01,5.09894E+01,1.39445E+00,5.09894E+01,1.43886E+00,5.09894E+01 
#t = 4.158E+03
5.09894E+01,5.09894E+01,5.09894E+01,5.09894E+01,5.09894E+01,5.09894E+01,5.09894E+01,5.09894E+01,5.09894E+01,5.09894E+01,5.09894E+01,5.09894E+01,5.09894E+01,5.09894E+01,5.09894E+01,5.09894E+01,5.09894E+01,5.09894E+01,5.09894E+01,5.09894E+01,5.09894E+01,5.09894E+01,5.09894E+01,5.09894E+01,5.09894E+01,5.09894E+01,5.09894E+01,5.09894E+01,5.09894E+01,5.09894E+01,5.09894E+01,5.09894E+01,5.09894E+01,5.09894E+01,5.09894E+01,4.30553E+00,5.09894E+01,5.09894E+01 
#t = 4.200E+03
5.09894E+01,5.09894E+01,5.09894E+01,5.09894E+01,5.09894E+01,5.09894E+01,5.09894E+01,5.09894E+01,5.09894E+01,1.05117E+01,5.09894E+01,5.09894E+01,5.09894E+01,5.09894E+01,5.09894E+01,5.09894E+01,5.09894E+01,8.83122E+00,5.09894E+01,5.09894E+01,5.09894E+01,5.09894E+01,5.09894E+01,5.09894E+01,5.09894E+01,5.09894E+01,5.09894E+01,5.09894E+01,5.09894E+01,5.09894E+01,5.09894E+01,5.09894E+01,5.09894E+01,5.09894E+01,5.09894E+01,5.09894E+01,5.09894E+01,5.09894E+01,5.09894E+01,5.09894E+01,5.09894E+01,5.09894E+01 
