#t = 0.000E+00
6.10912E+00,4.81617E+00,5.62841E-01,1.97943E+00,8.67153E-01 
#t = 4.200E+01
7.52093E+00,4.19776E+00,5.37116E+00,6.07588E+00 
#t = 8.400E+01
1.62850E+00,3.71479E+00,4.60852E+00,1.21366E+00 
#t = 1.260E+02
9.42606E+00 
#t = 1.680E+02
2.27015E+01,2.27015E+01,2.27015E+01,2.27015E+01,2.27015E+01,2.27015E+01,2.27015E+01,1.97034E+00,2.27015E+01,2.27015E+01,2.27015E+01,2.27015E+01,2.27015E+01,2.27015E+01,3.65453E+00,2.27015E+01,2.27015E+01 
#t = 2.100E+02
2.27015E+01,2.27015E+01,2.27015E+01,2.27015E+01,2.27015E+01,2.27015E+01,2.27015E+01,2.27015E+01,2.27015E+01,2.27015E+01,2.27015E+01,2.27015E+01,2.27015E+01,2.27015E+01,2.27015E+01,2.27015E+01,2.27015E+01,5.01131E-01,2.27015E+01,2.27015E+01,1.42626E+01,9.60949E+00,2.27015E+01,5.31492E-01,2.27015E+01,2.27015E+01,2.27015E+01,8.96772E+00 
#t = 2.520E+02
2.27015E+01,2.27015E+01,2.27015E+01,2.27015E+01,2.27015E+01,2.27015E+01,2.27015E+01,2.27015E+01,2.27015E+01,2.27015E+01,2.27015E+01,2.27015E+01,2.27015E+01 
#t = 2.940E+02
2.27015E+01,2.27015E+01,2.27015E+01,2.27015E+01,2.27015E+01,2.27015E+01,1.54557E+01,2.27015E+01,2.27015E+01,2.27015E+01,2.27015E+01,2.27015E+01,2.27015E+01,2.27015E+01,2.27015E+01,2.27015E+01 
#t = 3.360E+02
2.27015E+01,1.05996E+01,1.98644E+01,2.27015E+01,2.27015E+01,2.27015E+01,2.27015E+01,2.27015E+01,2.27015E+01,1.38586E+00,7.68118E+00,2.19828E+00 
#t = 3.780E+02
1.05996E+01,2.27015E+01,2.27015E+01,2.27015E+01,2.27015E+01,2.27015E+01,2.27015E+01,2.27015E+01,2.27015E+01,2.27015E+01,1.29508E+01,2.27015E+01,2.27015E+01,5.35978E+00,2.27015E+01,2.27015E+01,2.27015E+01,2.27015E+01,2.27015E+01,2.27015E+01,2.27015E+01,2.27015E+01,2.27015E+01 
#t = 4.200E+02
2.27015E+01,2.27015E+01,1.29508E+01,2.27015E+01,2.27015E+01,2.27015E+01,2.27015E+01,2.27015E+01,2.27015E+01,2.27015E+01,2.27015E+01,2.27015E+01,2.27015E+01,2.40026E+00,2.27015E+01,2.27015E+01 
#t = 4.620E+02
2.27015E+01,2.27015E+01,2.27015E+01,2.27015E+01,2.27015E+01,2.27015E+01,2.27015E+01,2.27015E+01,2.27015E+01,2.27015E+01,2.27015E+01,7.20773E+00,2.27015E+01,2.27015E+01,2.27015E+01,9.29237E-01,2.27015E+01,2.27015E+01,2.27015E+01,2.27015E+01,2.27015E+01,2.27015E+01 
#t = 5.040E+02
2.27015E+01,2.27015E+01,2.27015E+01,2.27015E+01,2.27015E+01,2.27015E+01,1.72173E+01,2.27015E+01,2.27015E+01,2.27015E+01,2.27015E+01,2.27015E+01,2.27015E+01,2.27015E+01,2.27015E+01,2.27015E+01,2.27015E+01,2.27015E+01,2.27015E+01,2.27015E+01,2.27015E+01,2.27015E+01,2.27015E+01,3.52817E+00,2.27015E+01,2.27015E+01,2.27015E+01,2.27015E+01,2.27015E+01 
#t = 5.460E+02
2.27015E+01,2.27015E+01,2.27015E+01,2.27015E+01,2.27015E+01,1.81622E+01,2.27015E+01,2.27015E+01,1.81622E+01,2.27015E+01,2.27015E+01,1.81622E+01,2.27015E+01,2.27015E+01,2.27015E+01,2.27015E+01,2.27015E+01,2.27015E+01,1.76634E+01,2.27015E+01,2.27015E+01,2.27015E+01,2.27015E+01,2.27015E+01,2.27015E+01,2.27015E+01,1.81622E+01,2.27015E+01,2.27015E+01,2.60855E-01,2.27015E+01 
#t = 5.880E+02
2.27015E+01,2.27015E+01,2.27015E+01,1.81622E+01,2.27015E+01,1.81622E+01,2.27015E+01,1.81622E+01,2.27015E+01,2.27015E+01,2.27015E+01,2.27015E+01,2.27015E+01,2.27015E+01,1.81622E+01,2.27015E+01,2.27015E+01,2.27015E+01,2.27015E+01,2.27015E+01,2.27015E+01,2.27015E+01,2.27015E+01,6.32565E+00,2.27015E+01,2.27015E+01,2.27015E+01,2.27015E+01,2.27015E+01,1.81622E+01,1.34482E+01,2.27015E+01,2.34357E-01,2.27015E+01 
#t = 6.300E+02
1.81622E+01,2.27015E+01,2.27015E+01,2.27015E+01,1.81622E+01,2.27015E+01,2.27015E+01,1.81622E+01,1.81622E+01,1.81622E+01,1.81622E+01,2.27015E+01,2.27015E+01,1.81622E+01,2.27015E+01,2.27015E+01,2.27015E+01,1.81622E+01,2.27015E+01,1.81622E+01,1.81622E+01,2.27015E+01,1.05819E+01,1.81622E+01 
#t = 6.720E+02
2.27015E+01,1.81622E+01,2.27015E+01,2.27015E+01,2.27015E+01,1.81622E+01,1.81622E+01,2.27015E+01,1.81622E+01,2.27015E+01,2.27015E+01,1.81622E+01,1.81622E+01,2.27015E+01,2.27015E+01,2.27015E+01,1.81622E+01,1.48396E+00,2.27015E+01 
#t = 7.140E+02
1.81622E+01,2.27015E+01,2.27015E+01,2.27015E+01,1.81622E+01,2.27015E+01,1.81622E+01,2.27015E+01,2.27015E+01,1.81622E+01,2.27015E+01,1.81622E+01,7.36678E-01,2.27015E+01,2.27015E+01,1.81622E+01,1.81622E+01,2.27015E+01,4.30486E+00 
#t = 7.560E+02
1.81622E+01,2.27015E+01,2.27015E+01,2.27015E+01,1.81622E+01,2.27015E+01,1.81622E+01,2.27015E+01,1.81622E+01,2.27015E+01,1.81622E+01,2.27015E+01,1.99881E+00,5.15550E+00,4.03480E-01,2.27015E+01,2.27015E+01,2.27015E+01,5.37835E-01,1.81622E+01,6.18365E+00,2.33545E+00,2.08944E+00,2.00073E+00 
#t = 7.980E+02
2.27015E+01,1.81622E+01,2.27015E+01,2.27015E+01,1.81622E+01,2.27015E+01,2.27015E+01,2.27015E+01,2.27015E+01,1.22636E+00 
#t = 8.400E+02
2.27015E+01,2.27015E+01,2.27015E+01,2.27015E+01,2.27015E+01,2.27015E+01,2.27015E+01,2.27015E+01,1.02175E+01,2.27015E+01,2.27015E+01,2.27015E+01 
#t = 8.820E+02
2.27015E+01,7.33807E+00,2.27015E+01,2.27015E+01,2.27015E+01,2.27015E+01,2.27015E+01,2.27015E+01,2.27015E+01,2.27015E+01,2.27015E+01,2.27015E+01,2.27015E+01,2.27015E+01,2.27015E+01,2.27015E+01,1.53026E+01,2.27015E+01,2.27015E+01,3.33988E+00,2.27015E+01,2.27015E+01,2.27015E+01,2.27015E+01,1.62283E+00,2.27015E+01 
#t = 9.240E+02
2.27015E+01,2.27015E+01,2.27015E+01,2.27015E+01,1.92402E+01,2.27015E+01,1.20733E+01,2.27015E+01,1.92402E+01,2.27015E+01,2.27015E+01,2.27015E+01,2.27015E+01,2.27015E+01,1.92402E+01,2.27015E+01,2.27015E+01,1.65303E+00,3.02609E+00 
#t = 9.660E+02
2.27015E+01,2.27015E+01,2.27015E+01,2.27015E+01,2.27015E+01,2.27015E+01,2.27015E+01,2.27015E+01,2.27015E+01,2.27015E+01,6.29103E+00,2.27015E+01,2.27015E+01,2.27015E+01,2.27015E+01,2.27015E+01,2.27015E+01,1.45940E+01,2.27015E+01,1.45940E+01,2.27015E+01,1.45940E+01,1.45940E+01,1.45940E+01,1.98735E+01,5.54991E+00,1.63613E+00,8.11832E+00,2.27015E+01 
#t = 1.008E+03
7.46352E+00,2.27015E+01,2.27015E+01,2.27015E+01,2.27015E+01,2.27015E+01,2.27015E+01,2.27015E+01,2.27015E+01,3.39026E+01,1.98735E+01,1.98735E+01,2.27015E+01,3.39026E+01,2.27015E+01,2.27015E+01,2.27015E+01,3.39026E+01,2.27015E+01,3.39026E+01,1.98735E+01,2.27015E+01,3.69518E+00,6.37324E+00,3.39026E+01,5.61489E+00,2.27015E+01,1.98735E+01 
#t = 1.050E+03
3.39026E+01,3.39026E+01,2.27015E+01,2.27015E+01,2.27015E+01,2.27015E+01,2.27015E+01,1.98735E+01,3.39026E+01,3.39026E+01,9.66625E+00,3.39026E+01,3.39026E+01,2.27015E+01,2.27015E+01,1.40641E+01,5.90109E+00,2.27015E+01,3.39026E+01,3.39026E+01,1.40641E+01,3.39026E+01,2.27015E+01,1.40458E+00,3.39026E+01,1.98735E+01,3.39026E+01,2.27015E+01,3.39026E+01,4.16664E+00,3.39026E+01 
#t = 1.092E+03
2.27015E+01,9.66625E+00,3.39026E+01,3.39026E+01,3.39026E+01,3.39026E+01,3.39026E+01,3.39026E+01,3.39026E+01,3.39026E+01,2.27015E+01,3.39026E+01,3.39026E+01,2.27015E+01,3.39026E+01,3.39026E+01,3.39026E+01,3.39026E+01,3.39026E+01,2.27015E+01,3.39026E+01,2.27015E+01,3.39026E+01,3.39026E+01,3.39026E+01,3.39026E+01,3.39026E+01,2.27015E+01,2.27015E+01,2.27015E+01,2.03193E+00,2.27015E+01,3.39026E+01,3.39026E+01,2.27015E+01 
#t = 1.134E+03
3.39026E+01,3.39026E+01,3.39026E+01,3.39026E+01,2.27015E+01,3.39026E+01,2.27015E+01,3.39026E+01,3.39026E+01,3.39026E+01,3.39026E+01,2.27015E+01,2.27015E+01,3.39026E+01,3.39026E+01,2.27015E+01,2.27015E+01,2.27015E+01,2.27015E+01,3.39026E+01,3.39026E+01,2.27015E+01,3.39026E+01,3.39026E+01,2.27015E+01,3.39026E+01,2.27015E+01,2.27015E+01,3.39026E+01,3.39026E+01,3.39026E+01,2.27015E+01,3.39026E+01,3.39026E+01,3.39026E+01,3.46003E+00,4.67739E+00,3.39026E+01,1.42286E+00 
#t = 1.176E+03
3.39026E+01,3.39026E+01,2.27015E+01,3.39026E+01,2.27015E+01,3.39026E+01,3.39026E+01,3.39026E+01,2.27015E+01,2.27015E+01,2.27015E+01,2.27015E+01,3.39026E+01,2.27015E+01,3.39026E+01,2.27015E+01,3.39026E+01,2.27015E+01,2.27015E+01,3.39026E+01,3.39026E+01,2.27015E+01,5.89369E+00,1.07726E+01,2.27015E+01,3.39026E+01,3.39026E+01,3.39026E+01,3.39026E+01,2.27015E+01,3.39026E+01,4.00987E+00,2.27015E+01,6.61048E+00,2.27015E+01,2.27015E+01,2.27015E+01,2.27015E+01,2.27015E+01,3.39026E+01,3.39026E+01,3.23102E+00,3.39026E+01,3.39026E+01,3.39026E+01,2.27015E+01,2.27015E+01,5.07580E-01,3.39026E+01 
#t = 1.218E+03
1.07726E+01,3.39026E+01,3.39026E+01,3.39026E+01,3.39026E+01,3.39026E+01,3.39026E+01,3.39026E+01,3.39026E+01,3.39026E+01,3.39026E+01,3.39026E+01,1.01354E+00,3.39026E+01,3.39026E+01,3.39026E+01,3.39026E+01,3.39026E+01,3.39026E+01,3.39026E+01,2.27015E+01,2.73362E+00,3.39026E+01,3.39026E+01,3.39026E+01,3.39026E+01,1.92902E-01,3.39026E+01,3.39026E+01 
#t = 1.260E+03
3.39026E+01,3.39026E+01,3.39026E+01,3.39026E+01,3.39026E+01,3.39026E+01,3.39026E+01,3.39026E+01,3.39026E+01,3.39026E+01,3.39026E+01,3.39026E+01,3.39026E+01,3.39026E+01,3.39026E+01,3.39026E+01,3.39026E+01,3.39026E+01,3.39026E+01,3.39026E+01,3.39026E+01,3.39026E+01,3.39026E+01,3.39026E+01,3.39026E+01,3.39026E+01,3.39026E+01,3.39026E+01,3.39026E+01,3.39026E+01,3.39026E+01,3.39026E+01,3.39026E+01,3.39026E+01 
#t = 1.302E+03
3.39026E+01,3.39026E+01,3.39026E+01,3.39026E+01,3.39026E+01,3.39026E+01,3.39026E+01,3.39026E+01,3.39026E+01,3.39026E+01,3.39026E+01,3.39026E+01,3.39026E+01,3.39026E+01,3.39026E+01,3.39026E+01,3.39026E+01,3.39026E+01,3.39026E+01,3.39026E+01,3.39026E+01,3.39026E+01,3.39026E+01,3.39026E+01,3.39026E+01,3.39026E+01,3.39026E+01,3.39026E+01,3.39026E+01,3.39026E+01,3.39026E+01,3.39026E+01,3.39026E+01,3.39026E+01,3.39026E+01,5.36734E+00,3.39026E+01,3.39026E+01,3.39026E+01,3.39026E+01,3.39026E+01,3.39026E+01 
#t = 1.344E+03
3.39026E+01,3.39026E+01,3.39026E+01,3.39026E+01,3.39026E+01,3.39026E+01,3.39026E+01,3.39026E+01,3.39026E+01,3.39026E+01,3.39026E+01,3.39026E+01,3.39026E+01,3.39026E+01,3.39026E+01,3.39026E+01,3.39026E+01,3.39026E+01,3.39026E+01,3.39026E+01,3.39026E+01,3.39026E+01,3.39026E+01,3.39026E+01,3.39026E+01,3.39026E+01,3.39026E+01,1.52943E+00,3.39026E+01 
#t = 1.386E+03
3.39026E+01,3.39026E+01,3.39026E+01,3.39026E+01,3.39026E+01,3.39026E+01,3.39026E+01,3.39026E+01,3.39026E+01,3.39026E+01,3.39026E+01,3.39026E+01,3.39026E+01,3.39026E+01,3.39026E+01,3.39026E+01,3.39026E+01,3.39026E+01,3.39026E+01,3.39026E+01,3.39026E+01,3.39026E+01,3.39026E+01,3.39026E+01,3.39026E+01,3.39026E+01,3.39026E+01,3.39026E+01,3.39026E+01,3.39026E+01,3.39026E+01,2.94791E+00,3.39026E+01,3.39026E+01,3.39026E+01,3.39026E+01,3.39026E+01,3.28547E+00,3.39026E+01,3.39026E+01,3.39026E+01,3.39026E+01,3.39026E+01,4.38320E+00 
#t = 1.428E+03
3.39026E+01,3.39026E+01,3.39026E+01,3.39026E+01,3.39026E+01,3.39026E+01,3.39026E+01,3.39026E+01,3.39026E+01,3.39026E+01,3.39026E+01,3.39026E+01,3.39026E+01,3.39026E+01,3.39026E+01,3.39026E+01,3.39026E+01,3.39026E+01,4.05730E+00,3.39026E+01,3.39026E+01,3.39026E+01,3.39026E+01,3.39026E+01,3.39026E+01,3.39026E+01,3.39026E+01,9.96089E+00,3.39026E+01,6.29255E+00,3.39026E+01,3.39026E+01,1.82056E+00,3.39026E+01,3.39026E+01,9.38949E-01,3.39026E+01 
#t = 1.470E+03
3.39026E+01,3.39026E+01,3.39026E+01,3.39026E+01,3.39026E+01,3.39026E+01,3.39026E+01,3.39026E+01,3.39026E+01,3.39026E+01,3.39026E+01,3.39026E+01,3.39026E+01,6.26046E+00,3.39026E+01,3.39026E+01,3.39026E+01,3.39026E+01,3.39026E+01,3.39026E+01,3.39026E+01,3.39026E+01,3.39026E+01,3.39026E+01,1.32536E+01,3.39026E+01,3.39026E+01,3.39026E+01,3.39026E+01,3.39026E+01,3.39026E+01 
#t = 1.512E+03
3.39026E+01,3.39026E+01,3.39026E+01,3.39026E+01,3.39026E+01,3.39026E+01,3.39026E+01,3.39026E+01,3.39026E+01,3.39026E+01,3.39026E+01,3.39026E+01,3.39026E+01,3.39026E+01,3.39026E+01,3.39026E+01,3.39026E+01,3.39026E+01,3.39026E+01,3.39026E+01,3.39026E+01,3.39026E+01,3.39026E+01,3.39026E+01,3.39026E+01,3.39026E+01,3.39026E+01,3.39026E+01,3.39026E+01,3.39026E+01,1.68053E+01,5.39834E+00,3.39026E+01,6.06226E+00,3.39026E+01,3.39026E+01,3.39026E+01,4.06470E+00,6.45442E+00,3.39026E+01 
#t = 1.554E+03
3.39026E+01,3.39026E+01,3.39026E+01,3.39026E+01,3.39026E+01,3.39026E+01,3.39026E+01,3.39026E+01,3.39026E+01,3.39026E+01,3.39026E+01,3.39026E+01,1.02185E+01,3.39026E+01,3.39026E+01,3.39026E+01,3.39026E+01,3.39026E+01,3.82004E+00,3.39026E+01,3.39026E+01,3.39026E+01,3.39026E+01,3.39026E+01,3.39026E+01,3.39026E+01,3.39026E+01,3.39026E+01,3.39026E+01,3.39026E+01,3.39026E+01,3.39026E+01,3.39026E+01,3.39026E+01,3.39026E+01,3.39026E+01,2.21861E+00,3.35024E+00,3.39026E+01,3.39026E+01,3.39026E+01,2.61338E+00,2.05178E-01,3.39026E+01,3.39026E+01,5.30772E-01 
#t = 1.596E+03
3.39026E+01,3.39026E+01,3.39026E+01,3.39026E+01,3.39026E+01,3.39026E+01,3.39026E+01,3.39026E+01,3.39026E+01,3.39026E+01,3.39026E+01,3.39026E+01,3.39026E+01,3.39026E+01,3.39026E+01,3.39026E+01,3.39026E+01,3.39026E+01,3.39026E+01,3.39026E+01,3.39026E+01,3.39026E+01,3.39026E+01,3.39026E+01,3.39026E+01,3.39026E+01,3.39026E+01,3.39026E+01,3.39026E+01,3.39026E+01,3.39026E+01,3.39026E+01,3.39026E+01,3.39026E+01,3.39026E+01,3.39026E+01,8.70871E-01,3.39026E+01,4.13081E+00 
#t = 1.638E+03
3.39026E+01,3.39026E+01,3.39026E+01,3.39026E+01,3.39026E+01,3.39026E+01,3.39026E+01,3.39026E+01,3.39026E+01,1.57934E+01,3.39026E+01,1.15333E+01,3.39026E+01,3.39026E+01,3.39026E+01,3.39026E+01,3.39026E+01,1.15333E+01,3.39026E+01,3.39026E+01,1.15333E+01,3.39026E+01,7.64914E+00,1.15333E+01,3.39026E+01,3.39026E+01,3.39026E+01,1.57934E+01,3.39026E+01,3.30777E+00,3.39026E+01,3.39026E+01,8.71687E-01,3.39026E+01,3.39026E+01,3.39026E+01,7.20775E+00,3.39026E+01 
#t = 1.680E+03
3.39026E+01,3.39026E+01,3.39026E+01,3.39026E+01,3.39026E+01,3.39026E+01,3.39026E+01,3.39026E+01,3.39026E+01,3.39026E+01,3.39026E+01,3.39026E+01,3.39026E+01,1.46733E+01,3.39026E+01,3.39026E+01,3.39026E+01,1.36350E+01,3.39026E+01,3.39026E+01,3.39026E+01,3.39026E+01,3.39026E+01,3.39026E+01,1.14210E+01,3.39026E+01,3.39026E+01,3.11146E+00,3.39026E+01,3.39026E+01,3.39026E+01 
#t = 1.722E+03
3.39026E+01,3.39026E+01,3.39026E+01,3.39026E+01,3.39026E+01,3.39026E+01,1.36350E+01,3.39026E+01,3.39026E+01,3.39026E+01,3.39026E+01,3.39026E+01,3.39026E+01,3.39026E+01,1.36350E+01,3.39026E+01,3.39026E+01,9.69455E+00,3.39026E+01,3.41630E+00,3.39026E+01,3.39026E+01,3.39026E+01,3.39026E+01,3.39026E+01,3.39026E+01,3.39026E+01,3.57626E+01,3.39026E+01,3.39026E+01,3.39026E+01,3.39026E+01,3.39026E+01,3.39026E+01,3.39026E+01,3.39026E+01,3.39026E+01,3.39026E+01,3.39026E+01,3.39026E+01,3.39026E+01,3.39026E+01 
#t = 1.764E+03
3.39026E+01,3.39026E+01,3.39026E+01,3.39026E+01,3.39026E+01,4.39016E+00,3.39026E+01,3.39026E+01,3.39026E+01,3.39026E+01,3.39026E+01,3.39026E+01,9.48424E+00,3.39026E+01,3.39026E+01,3.39026E+01,8.14140E+00,3.39026E+01,3.39026E+01,3.39026E+01,3.39026E+01,3.39026E+01,3.39026E+01,3.39026E+01,3.39026E+01,3.39026E+01,3.39026E+01,3.39026E+01,3.39026E+01,3.39026E+01,3.39026E+01,2.82474E+00,3.39026E+01,2.75551E+00,3.39026E+01,3.39026E+01 
#t = 1.806E+03
3.39026E+01,3.39026E+01,3.39026E+01,3.39026E+01,3.39026E+01,3.39026E+01,3.39026E+01,3.39026E+01,3.39026E+01,3.39026E+01,3.39026E+01,3.39026E+01,3.39026E+01,3.39026E+01,3.39026E+01,3.39026E+01,1.37981E+01,3.39026E+01,3.39026E+01,3.39026E+01,3.39026E+01,3.39026E+01,3.39026E+01,3.39026E+01,3.39026E+01,3.39026E+01,3.39026E+01,7.57461E+00,3.39026E+01,3.39026E+01,3.39026E+01,3.39026E+01,3.39026E+01,3.39026E+01,3.39026E+01 
#t = 1.848E+03
3.39026E+01,3.39026E+01,3.39026E+01,3.39026E+01,1.37981E+01,1.70968E+01,1.70968E+01,1.70968E+01,1.70968E+01,3.39026E+01,3.39026E+01,3.39026E+01,8.54551E+00,3.39026E+01,3.39026E+01,1.70968E+01,1.38114E+01,3.39026E+01,1.70968E+01,3.39026E+01,3.39026E+01,3.39026E+01,3.57405E+00,5.47193E+00,3.39026E+01,3.00987E+00,3.39026E+01,3.39026E+01 
#t = 1.890E+03
3.39026E+01,3.39026E+01,3.39026E+01,3.39026E+01,3.39026E+01,3.39026E+01,3.39026E+01,3.39026E+01,3.39026E+01,3.39026E+01,3.39026E+01,3.39026E+01,1.02509E+01,3.39026E+01,3.39026E+01,3.39026E+01,3.39026E+01,3.39026E+01,3.39026E+01,3.39026E+01,3.39026E+01,3.39026E+01,3.39026E+01,3.39026E+01,5.00923E-01,3.39026E+01,3.39026E+01,3.39026E+01,3.39026E+01,8.13342E-01,1.02428E+00,3.39026E+01,4.99935E+00,3.39026E+01,3.39026E+01,3.00445E+01,3.39026E+01 
#t = 1.932E+03
3.39026E+01,3.39026E+01,3.39026E+01,3.39026E+01,3.39026E+01,3.39026E+01,3.39026E+01,3.39026E+01,3.39026E+01,3.39026E+01,3.39026E+01,3.39026E+01,3.39026E+01,3.39026E+01,3.39026E+01,3.39026E+01,3.39026E+01,3.39026E+01,3.39026E+01,3.39026E+01,3.39026E+01,3.39026E+01,3.39026E+01,3.39026E+01,3.39026E+01,3.39026E+01,3.39026E+01,3.39026E+01,3.39026E+01,3.39026E+01,3.39026E+01 
#t = 1.974E+03
3.39026E+01,3.39026E+01,3.39026E+01,3.39026E+01,3.39026E+01,3.39026E+01,3.39026E+01,3.39026E+01,3.39026E+01,3.39026E+01,5.09321E+00,1.07911E+00,3.39026E+01,3.39026E+01,3.39026E+01,3.39026E+01,3.39026E+01,3.39026E+01,3.39026E+01,3.39026E+01,3.39026E+01,3.39026E+01,3.39026E+01,3.39026E+01,3.39026E+01,3.39026E+01,3.39026E+01,3.39026E+01,3.39026E+01,3.39026E+01,3.39026E+01,3.39026E+01,3.39026E+01,3.39026E+01,3.39026E+01,3.39026E+01 
#t = 2.016E+03
3.39026E+01,3.39026E+01,3.39026E+01,3.39026E+01,3.39026E+01,3.39026E+01,3.39026E+01,3.39026E+01,3.39026E+01,3.39026E+01,7.92126E+00,3.39026E+01,3.39026E+01,3.39026E+01,3.39026E+01,3.39026E+01,3.39026E+01,3.39026E+01,2.23201E+00,3.39026E+01,3.39026E+01,3.39026E+01,3.39026E+01,3.50564E+00,6.66312E+00,1.50589E+01,1.16812E+00,3.39026E+01,3.39026E+01,3.39026E+01,3.39026E+01,3.39026E+01 
#t = 2.058E+03
3.39026E+01,3.39026E+01,3.39026E+01,3.39026E+01,3.39026E+01,3.39026E+01,3.39026E+01,3.39026E+01,3.39026E+01,3.39026E+01,3.39026E+01,3.39026E+01,3.39026E+01,3.39026E+01,3.39026E+01,3.39026E+01,3.39026E+01,3.39026E+01,3.39026E+01,3.39026E+01,1.04682E+01,3.39026E+01,1.46610E+00,3.39026E+01,5.26183E-01,3.39026E+01,1.95004E+00 
#t = 2.100E+03
3.39026E+01,3.39026E+01,3.39026E+01,1.04682E+01,1.33346E+01,3.39026E+01,3.39026E+01,3.39026E+01,3.39026E+01,3.39026E+01,3.39026E+01,3.39026E+01,3.39026E+01,3.39026E+01,3.39026E+01,3.39026E+01,3.39026E+01,3.39026E+01,3.39026E+01,3.39026E+01,3.39026E+01,3.39026E+01,3.39026E+01,3.39026E+01,2.12013E+00,3.39026E+01,1.69103E+01,3.39026E+01,3.39026E+01,3.39026E+01,3.39026E+01,3.39026E+01,3.39026E+01,3.39026E+01,3.39026E+01,3.39026E+01,3.39026E+01,3.39026E+01,3.39026E+01,3.39026E+01,3.39026E+01,1.16751E+00,2.67812E+00,2.08757E+00 
#t = 2.142E+03
3.39026E+01,3.39026E+01,3.39026E+01,1.69103E+01,3.39026E+01,3.39026E+01,3.39026E+01,3.39026E+01,3.39026E+01,3.39026E+01,3.39026E+01,3.39026E+01,3.39026E+01,3.39026E+01,3.39026E+01,3.39026E+01,3.39026E+01,3.39026E+01,3.39026E+01,3.39026E+01,3.39026E+01,3.39026E+01,3.39026E+01,3.39026E+01,3.39026E+01,3.39026E+01,3.39026E+01,3.39026E+01,3.39026E+01,3.39026E+01,3.39026E+01,2.81180E-01,3.39026E+01,3.39026E+01,3.39026E+01,6.12312E-01,3.39026E+01,3.39026E+01,3.39026E+01,3.39026E+01,3.39026E+01,3.39026E+01,6.08962E+00,4.94568E-01,3.39026E+01 
#t = 2.184E+03
3.39026E+01,3.39026E+01,3.39026E+01,3.39026E+01,3.39026E+01,3.39026E+01,3.39026E+01,3.39026E+01,3.39026E+01,3.39026E+01,3.39026E+01,3.39026E+01,3.39026E+01,3.39026E+01,3.39026E+01,3.39026E+01,3.39026E+01,3.39026E+01,3.39026E+01,3.39026E+01,3.39026E+01,1.12784E+01,3.39026E+01,4.04345E+00,3.39026E+01,3.39026E+01,3.39026E+01,3.39026E+01,3.39026E+01,1.61417E+00,3.39026E+01,3.39026E+01,4.47870E+00,3.39026E+01 
#t = 2.226E+03
3.39026E+01,3.39026E+01,3.39026E+01,3.39026E+01,3.39026E+01,3.39026E+01,3.39026E+01,3.39026E+01,3.39026E+01,8.80544E+00,3.39026E+01,3.39026E+01,3.39026E+01,3.39026E+01,3.39026E+01,3.39026E+01,3.39026E+01,3.39026E+01,3.39026E+01,3.39026E+01,3.39026E+01,3.39026E+01,3.39026E+01,3.39026E+01,3.39026E+01,3.39026E+01,3.39026E+01,3.39026E+01,3.39026E+01,3.39026E+01,8.94457E-01,3.39026E+01,3.39026E+01,3.39026E+01,3.39026E+01,3.39026E+01,3.39026E+01,3.39026E+01,3.39026E+01,3.39026E+01,3.39026E+01,3.39026E+01,3.39026E+01 
#t = 2.268E+03
3.39026E+01,3.39026E+01,3.39026E+01,3.39026E+01,3.39026E+01,3.39026E+01,3.39026E+01,3.39026E+01,3.39026E+01,3.39026E+01,3.39026E+01,3.39026E+01,3.39026E+01,3.39026E+01,1.55732E+01,3.39026E+01,3.39026E+01,3.39026E+01,3.39026E+01,3.39026E+01,3.39026E+01,3.39026E+01,3.39026E+01,3.39026E+01,3.39026E+01,3.39026E+01,3.39026E+01,3.39026E+01,3.39026E+01,3.39026E+01,3.39026E+01,3.39026E+01,3.39026E+01,1.55732E+01,5.20348E-01,3.39026E+01,3.39026E+01,3.39026E+01,3.39026E+01 
#t = 2.310E+03
3.39026E+01,3.39026E+01,3.39026E+01,3.39026E+01,3.39026E+01,3.39026E+01,3.39026E+01,3.39026E+01,3.39026E+01,3.39026E+01,3.39026E+01,3.39026E+01,3.39026E+01,3.39026E+01,3.39026E+01,3.39026E+01,3.39026E+01,3.39026E+01,3.39026E+01,3.39026E+01,3.39026E+01,3.39026E+01,7.32217E+00,1.35408E+01,3.39026E+01,3.39026E+01,3.39026E+01,3.39026E+01,3.39026E+01,3.39026E+01,3.39026E+01,3.39026E+01,3.39026E+01,1.35408E+01,3.54932E+00,3.39026E+01,3.39026E+01,4.41183E+00,3.39026E+01,3.39026E+01,3.39026E+01,9.36876E+00 
#t = 2.352E+03
3.39026E+01,3.39026E+01,3.39026E+01,3.39026E+01,3.39026E+01,3.39026E+01,3.39026E+01,3.39026E+01,3.39026E+01,3.39026E+01,3.39026E+01,3.39026E+01,3.39026E+01,3.39026E+01,3.39026E+01,3.39026E+01,3.39026E+01,3.39026E+01,3.39026E+01,3.39026E+01,3.39026E+01,3.39026E+01,3.39026E+01,3.39026E+01,3.39026E+01,3.39026E+01,3.39026E+01,3.39026E+01,3.39026E+01,3.39026E+01 
#t = 2.394E+03
3.39026E+01,3.39026E+01,3.39026E+01,3.39026E+01,3.39026E+01,3.39026E+01,3.39026E+01,3.39026E+01,1.13242E+01,3.39026E+01,3.39026E+01,3.39026E+01,3.39026E+01,3.39026E+01,3.39026E+01,3.39026E+01,3.39026E+01,3.39026E+01,3.39026E+01,3.39026E+01,3.39026E+01,3.39026E+01,3.39026E+01,3.39026E+01,3.39026E+01,3.39026E+01,3.39026E+01,3.39026E+01,9.89310E+00 
#t = 2.436E+03
3.39026E+01,3.39026E+01,3.39026E+01,3.39026E+01,3.39026E+01,3.39026E+01,3.39026E+01,3.39026E+01,3.39026E+01,3.39026E+01,3.39026E+01,3.39026E+01,3.39026E+01,3.39026E+01,3.39026E+01,3.39026E+01,3.39026E+01,3.39026E+01,3.39026E+01,1.10709E+01,3.39026E+01,3.39026E+01,1.10709E+01,3.39026E+01,3.39026E+01,3.39026E+01,3.39026E+01,3.39026E+01,3.39026E+01,3.39026E+01,3.39026E+01,3.39026E+01,3.39026E+01,3.39026E+01,3.39026E+01,3.39026E+01 
#t = 2.478E+03
3.39026E+01,3.39026E+01,3.39026E+01,3.39026E+01,3.39026E+01,3.39026E+01,3.39026E+01,3.39026E+01,3.39026E+01,3.39026E+01,3.39026E+01,1.10709E+01,3.39026E+01,3.39026E+01,3.39026E+01,3.39026E+01,3.39026E+01,3.39026E+01,3.39026E+01,3.39026E+01,3.39026E+01,3.39026E+01,3.39026E+01,3.39026E+01,3.39026E+01,3.39026E+01,3.39026E+01,3.39026E+01,3.39026E+01,3.39026E+01,1.63258E+00,3.39026E+01,3.39026E+01,3.39026E+01,3.39026E+01 
#t = 2.520E+03
3.39026E+01,3.39026E+01,3.39026E+01,3.39026E+01,3.39026E+01,3.39026E+01,3.39026E+01,3.39026E+01,8.45994E+00,3.39026E+01,3.39026E+01,3.39026E+01,3.39026E+01,3.39026E+01,3.39026E+01,3.39026E+01,3.39026E+01,3.39026E+01,3.39026E+01,3.39026E+01,3.39026E+01,3.39026E+01,3.39026E+01,3.39026E+01,3.39026E+01,3.39026E+01,3.39026E+01,3.39026E+01,3.63863E+00,3.39026E+01,3.39026E+01,1.63102E+00,3.39026E+01,3.39026E+01 
#t = 2.562E+03
3.39026E+01,3.39026E+01,3.39026E+01,3.39026E+01,3.39026E+01,3.39026E+01,3.39026E+01,3.39026E+01,3.39026E+01,3.39026E+01,3.39026E+01,3.39026E+01,3.39026E+01,3.39026E+01,3.39026E+01,3.39026E+01,3.39026E+01,3.39026E+01,3.39026E+01,3.39026E+01,3.39026E+01,3.39026E+01,3.39026E+01,3.39026E+01,3.39026E+01,3.39026E+01,3.39026E+01,3.39026E+01,3.39026E+01,3.39026E+01,3.39026E+01,3.39026E+01,3.39026E+01,3.39026E+01,3.39026E+01,8.43597E-01,3.39026E+01,9.57973E-01,3.39026E+01,3.39026E+01,8.59619E-01,3.39026E+01 
#t = 2.604E+03
3.39026E+01,3.39026E+01,3.39026E+01,3.39026E+01,3.39026E+01,3.39026E+01,3.39026E+01,3.39026E+01,3.39026E+01,3.39026E+01,3.39026E+01,3.39026E+01,3.39026E+01,3.39026E+01,3.39026E+01,3.39026E+01,3.39026E+01,3.39026E+01,3.39026E+01,3.39026E+01,3.39026E+01,3.39026E+01,3.39026E+01,8.84511E+00,2.00924E+00,3.39026E+01,3.39026E+01,5.22320E+00,3.39026E+01,2.37121E+00,3.39026E+01,2.27015E+00,3.39026E+01,3.39026E+01,3.39026E+01,3.39026E+01,3.98594E+00 
#t = 2.646E+03
3.39026E+01,3.39026E+01,3.39026E+01,3.39026E+01,3.39026E+01,3.39026E+01,3.39026E+01,3.39026E+01,3.39026E+01,3.39026E+01,3.39026E+01,3.39026E+01,3.39026E+01,3.39026E+01,3.39026E+01,8.57494E+00,3.39026E+01,3.39026E+01,3.39026E+01,3.39026E+01,9.49603E+00,3.39026E+01,3.39026E+01,3.39026E+01,3.39026E+01,3.39026E+01,3.39026E+01,3.39026E+01,3.39026E+01,3.39026E+01,3.39026E+01 
#t = 2.688E+03
3.39026E+01,3.39026E+01,3.39026E+01,3.39026E+01,3.39026E+01,3.39026E+01,3.39026E+01,3.39026E+01,3.39026E+01,3.39026E+01,3.39026E+01,3.39026E+01,3.39026E+01,3.39026E+01,3.39026E+01,3.39026E+01,3.39026E+01,3.39026E+01,3.39026E+01,3.39026E+01,3.39026E+01,3.39026E+01,3.39026E+01,3.39026E+01,3.39026E+01,1.82026E+01,3.39026E+01,3.39026E+01,3.39026E+01,3.39026E+01,3.39026E+01,3.39026E+01,3.39026E+01,6.36178E+00,3.39026E+01,3.39026E+01,3.39026E+01,3.39026E+01,3.39026E+01 
#t = 2.730E+03
3.39026E+01,3.39026E+01,3.39026E+01,3.39026E+01,3.39026E+01,3.39026E+01,3.39026E+01,3.39026E+01,3.39026E+01,3.39026E+01,3.39026E+01,3.39026E+01,1.51282E+01,3.39026E+01,3.39026E+01,3.39026E+01,3.39026E+01,3.39026E+01,3.39026E+01,3.39026E+01,3.39026E+01,3.39026E+01,3.39026E+01,3.39026E+01,3.39026E+01,3.39026E+01,3.39026E+01,3.39026E+01,3.39026E+01,3.39026E+01,3.39026E+01,3.39026E+01,3.39026E+01,3.39026E+01,3.89292E+00 
#t = 2.772E+03
3.39026E+01,3.39026E+01,3.39026E+01,3.39026E+01,3.39026E+01,3.39026E+01,3.39026E+01,3.39026E+01,3.39026E+01,3.39026E+01,3.39026E+01,3.39026E+01,3.39026E+01,3.39026E+01,3.39026E+01,3.39026E+01,3.39026E+01,3.39026E+01,3.39026E+01,3.39026E+01,3.39026E+01,3.39026E+01,3.39026E+01,3.39026E+01,3.39026E+01,3.39026E+01,3.39026E+01,3.39026E+01,3.39026E+01,3.39026E+01,3.39026E+01,3.39026E+01,3.39026E+01,3.39026E+01,4.83077E+00,3.39026E+01,3.39026E+01,3.39026E+01 
#t = 2.814E+03
3.39026E+01,3.39026E+01,3.39026E+01,3.39026E+01,3.39026E+01,3.39026E+01,3.39026E+01,3.39026E+01,3.39026E+01,3.39026E+01,3.39026E+01,3.39026E+01,3.39026E+01,3.39026E+01,3.39026E+01,3.39026E+01,3.39026E+01,3.39026E+01,3.39026E+01,3.39026E+01,3.39026E+01,3.39026E+01,3.39026E+01,3.39026E+01,3.39026E+01,3.39026E+01,3.39026E+01,3.39026E+01,3.39026E+01,3.39026E+01,2.38357E-01,3.39026E+01,3.39026E+01,3.39026E+01,3.39026E+01,3.39026E+01,3.39026E+01,3.39026E+01 
#t = 2.856E+03
3.39026E+01,3.39026E+01,3.39026E+01,3.39026E+01,3.39026E+01,3.39026E+01,3.39026E+01,3.39026E+01,3.39026E+01,3.39026E+01,3.39026E+01,3.39026E+01,3.39026E+01,3.39026E+01,3.39026E+01,3.39026E+01,3.39026E+01,3.39026E+01,3.39026E+01,3.39026E+01,3.39026E+01,3.39026E+01,3.39026E+01,3.39026E+01,3.39026E+01,3.39026E+01,3.39026E+01,3.39026E+01,3.39026E+01,3.39026E+01,3.39026E+01,3.39026E+01,4.70332E+00,3.39026E+01 
#t = 2.898E+03
3.39026E+01,3.39026E+01,3.39026E+01,3.39026E+01,3.39026E+01,3.39026E+01,3.39026E+01,3.39026E+01,1.30260E+01,3.39026E+01,3.39026E+01,3.39026E+01,3.39026E+01,3.39026E+01,3.39026E+01,3.39026E+01,3.39026E+01,3.39026E+01,3.39026E+01,3.39026E+01,3.39026E+01,3.39026E+01,3.39026E+01,3.39026E+01,3.39026E+01,6.64128E+00,3.39026E+01,2.18083E+01,3.39026E+01,3.39026E+01,1.72978E+00,3.39026E+01 
#t = 2.940E+03
3.39026E+01,3.39026E+01,3.39026E+01,3.39026E+01,3.39026E+01,3.39026E+01,3.39026E+01,3.39026E+01,3.39026E+01,3.39026E+01,3.39026E+01,3.39026E+01,3.39026E+01,3.39026E+01,3.39026E+01,3.39026E+01,3.39026E+01,3.39026E+01,3.39026E+01,3.39026E+01,3.39026E+01,3.39026E+01,3.39026E+01,3.39026E+01,8.36200E+00,3.39026E+01,8.37788E+00,6.27415E-01,1.94056E+01,3.39026E+01,3.39026E+01,5.55996E+00,3.39026E+01 
#t = 2.982E+03
3.39026E+01,3.39026E+01,3.39026E+01,3.39026E+01,3.39026E+01,3.39026E+01,3.39026E+01,3.39026E+01,3.39026E+01,3.39026E+01,3.39026E+01,3.39026E+01,3.39026E+01,3.39026E+01,3.39026E+01,3.39026E+01,3.39026E+01,3.39026E+01,1.05587E+01,3.39026E+01,3.39026E+01,3.39026E+01,3.39026E+01,3.39026E+01,3.39026E+01,3.39026E+01,3.39026E+01,3.39026E+01,3.39026E+01,3.39026E+01,3.39026E+01,1.95624E+01,1.66778E+01,3.39026E+01,1.07635E+00,3.39026E+01,3.39026E+01,3.39026E+01,3.39026E+01,3.39026E+01,3.39026E+01,3.39026E+01,3.39026E+01,2.98580E+00 
#t = 3.024E+03
3.39026E+01,3.39026E+01,3.39026E+01,3.39026E+01,3.39026E+01,3.39026E+01,3.39026E+01,3.39026E+01,3.39026E+01,3.39026E+01,3.39026E+01,1.64546E+01,3.39026E+01,3.39026E+01,3.39026E+01,3.39026E+01,3.39026E+01,9.37905E+00,3.39026E+01,3.39026E+01,3.39026E+01,3.39026E+01,3.39026E+01,2.35398E+00 
#t = 3.066E+03
3.39026E+01,3.39026E+01,3.39026E+01,3.39026E+01,3.39026E+01,3.39026E+01,3.39026E+01,3.39026E+01,3.39026E+01,3.39026E+01,3.39026E+01,3.39026E+01,3.39026E+01,3.39026E+01,3.39026E+01,3.39026E+01,3.39026E+01,3.39026E+01,3.39026E+01,3.39026E+01,3.39026E+01,3.39026E+01,3.39026E+01,3.39026E+01,3.39026E+01,3.39026E+01,3.39026E+01,3.39026E+01,3.39026E+01,3.39026E+01,3.39026E+01,3.39026E+01,1.49766E+00,3.39026E+01,7.47742E-01,3.39026E+01,3.39026E+01 
#t = 3.108E+03
3.39026E+01,3.39026E+01,3.39026E+01,3.39026E+01,3.39026E+01,3.39026E+01,3.39026E+01,3.39026E+01,3.39026E+01,3.39026E+01,3.39026E+01,3.39026E+01,3.39026E+01,3.39026E+01,3.39026E+01,3.39026E+01,3.39026E+01,3.39026E+01,3.39026E+01,3.39026E+01,3.39026E+01,3.39026E+01,3.39026E+01,3.39026E+01,2.85129E+00,3.39026E+01,3.39026E+01,3.39026E+01,3.39026E+01,3.39026E+01,3.39026E+01,3.39026E+01,3.39026E+01 
#t = 3.150E+03
3.39026E+01,3.39026E+01,3.39026E+01,3.39026E+01,3.39026E+01,3.39026E+01,3.39026E+01,3.39026E+01,3.39026E+01,3.39026E+01,3.39026E+01,3.39026E+01,3.39026E+01,3.39026E+01,3.39026E+01,3.39026E+01,3.39026E+01,3.39026E+01,3.39026E+01,3.39026E+01,3.39026E+01,3.39026E+01,3.39026E+01,3.39026E+01,3.39026E+01,3.39026E+01,3.39026E+01,3.39026E+01,3.39026E+01,3.39026E+01,3.39026E+01,3.39026E+01,3.39026E+01,3.39026E+01,1.69320E+00 
#t = 3.192E+03
3.39026E+01,3.39026E+01,7.26032E+00,3.39026E+01,3.39026E+01,3.39026E+01,3.39026E+01,3.39026E+01,7.06733E+00,3.39026E+01,3.39026E+01,3.39026E+01,3.39026E+01,3.39026E+01,3.39026E+01,3.39026E+01,3.39026E+01,1.73480E+01,3.39026E+01,3.39026E+01,3.39026E+01,3.39026E+01,3.39026E+01,3.39026E+01,3.39026E+01,3.39026E+01,3.39026E+01,3.39026E+01,3.34068E+00 
#t = 3.234E+03
3.39026E+01,3.39026E+01,3.39026E+01,3.39026E+01,3.39026E+01,3.39026E+01,3.39026E+01,3.39026E+01,3.39026E+01,3.39026E+01,3.39026E+01,3.39026E+01,3.39026E+01,3.39026E+01,3.39026E+01,3.39026E+01,3.39026E+01,3.39026E+01,3.39026E+01,3.39026E+01,3.39026E+01,3.39026E+01,3.39026E+01,3.39026E+01,3.39026E+01,3.39026E+01,3.39026E+01,3.39026E+01,3.39026E+01,3.39026E+01,3.39026E+01 
#t = 3.276E+03
3.39026E+01,3.39026E+01,3.39026E+01,3.39026E+01,3.39026E+01,3.39026E+01,3.39026E+01,3.39026E+01,3.39026E+01,3.39026E+01,3.39026E+01,3.39026E+01,3.39026E+01,3.39026E+01,3.39026E+01,1.37103E+01,3.39026E+01,3.39026E+01,1.37103E+01,3.39026E+01,3.39026E+01,4.85505E-01,3.39026E+01,3.39026E+01,1.37103E+01,3.39026E+01,7.71115E+00,3.39026E+01,3.39026E+01,3.39026E+01,3.39026E+01,3.39026E+01,3.39026E+01,7.14076E+00,3.39026E+01 
#t = 3.318E+03
3.39026E+01,1.37103E+01,3.39026E+01,3.39026E+01,3.39026E+01,3.39026E+01,3.39026E+01,3.39026E+01,1.37103E+01,3.39026E+01,3.39026E+01,3.39026E+01,3.39026E+01,1.37103E+01,3.39026E+01,1.37103E+01,3.39026E+01,3.39026E+01,3.39026E+01,3.39026E+01,3.39026E+01,3.39026E+01,3.39026E+01,3.39026E+01,3.39026E+01,3.39026E+01,1.37103E+01 
#t = 3.360E+03
3.39026E+01,3.39026E+01,1.37103E+01,3.39026E+01,1.60810E+01,3.39026E+01,3.39026E+01,3.39026E+01,3.39026E+01,3.39026E+01,3.39026E+01,3.39026E+01,1.60810E+01,3.39026E+01,3.39026E+01,3.39026E+01,3.39026E+01,3.39026E+01,3.39026E+01,7.51856E+00,3.39026E+01,3.39026E+01,3.39026E+01,3.39026E+01,3.39026E+01,3.39026E+01,3.39026E+01,3.39026E+01,3.39026E+01,3.39026E+01,3.39026E+01,3.39026E+01 
#t = 3.402E+03
3.39026E+01,3.39026E+01,3.39026E+01,3.39026E+01,3.39026E+01,3.39026E+01,3.39026E+01,3.39026E+01,3.39026E+01,3.39026E+01,3.39026E+01,3.39026E+01,3.39026E+01,3.39026E+01,3.39026E+01,3.39026E+01,3.39026E+01,3.39026E+01,3.39026E+01,3.39026E+01,3.39026E+01,3.39026E+01,3.39026E+01,3.39026E+01,3.39026E+01,3.39026E+01,8.02485E+00,3.39026E+01,3.39026E+01,3.39026E+01,3.39026E+01,3.39026E+01,3.01954E+00 
#t = 3.444E+03
3.39026E+01,3.39026E+01,3.39026E+01,3.39026E+01,3.39026E+01,3.39026E+01,3.39026E+01,3.39026E+01,3.39026E+01,3.39026E+01,3.39026E+01,3.39026E+01,3.39026E+01,3.39026E+01,3.39026E+01,3.39026E+01,3.39026E+01,3.39026E+01,3.39026E+01,3.39026E+01,3.39026E+01,1.27094E+01,3.39026E+01,3.39026E+01,3.39026E+01,7.03635E-01,3.39026E+01,3.39026E+01,3.39026E+01,3.39026E+01,3.39026E+01,3.39026E+01,3.39026E+01,3.39026E+01 
#t = 3.486E+03
3.39026E+01,3.39026E+01,3.39026E+01,3.39026E+01,1.27094E+01,3.39026E+01,3.39026E+01,3.39026E+01,3.39026E+01,3.39026E+01,3.39026E+01,3.39026E+01,3.39026E+01,3.39026E+01,3.39026E+01,3.39026E+01,3.39026E+01,3.39026E+01,3.39026E+01,3.39026E+01,3.39026E+01,3.39026E+01,3.39026E+01,3.39026E+01,3.39026E+01,3.39026E+01,3.39026E+01,3.39026E+01,3.39026E+01,3.39026E+01,3.39026E+01,3.39026E+01,3.39026E+01,3.39026E+01,3.39026E+01,3.39026E+01,3.39026E+01,3.39026E+01,3.39026E+01,3.39026E+01,1.04976E+01,3.39026E+01,3.39026E+01,3.39026E+01,3.39026E+01,3.39026E+01,3.39026E+01,3.39026E+01,3.39026E+01,3.39026E+01,3.39026E+01,3.39026E+01,3.39026E+01,3.39026E+01,4.26661E+00,3.39026E+01,3.39026E+01,3.39026E+01,3.39026E+01,3.39026E+01,6.46506E+00,3.39026E+01,3.39026E+01,3.39026E+01,3.39026E+01,3.39026E+01,3.39026E+01,3.43811E+00,3.39026E+01,3.39026E+01,3.39026E+01,2.40783E+00,3.39026E+01,3.41992E+00,3.39026E+01 
#t = 3.528E+03
3.39026E+01,3.39026E+01,3.39026E+01,3.39026E+01,3.39026E+01,3.39026E+01,3.39026E+01,3.39026E+01,3.39026E+01,3.39026E+01,3.39026E+01,3.39026E+01,3.39026E+01,3.39026E+01,3.39026E+01,3.39026E+01,3.39026E+01,3.39026E+01,3.39026E+01,3.39026E+01,3.39026E+01,3.39026E+01,3.39026E+01,3.39026E+01,3.39026E+01,3.39026E+01,3.39026E+01,3.39026E+01,3.39026E+01,3.39026E+01,3.39026E+01,3.39026E+01,3.39026E+01,3.39026E+01,3.39026E+01,3.39026E+01,2.40967E+00,3.39026E+01,3.39026E+01,1.33810E+00 
#t = 3.570E+03
3.39026E+01,3.39026E+01,3.39026E+01,3.39026E+01,3.39026E+01,3.39026E+01,3.39026E+01,3.39026E+01,3.39026E+01,3.39026E+01,3.39026E+01,3.39026E+01,3.39026E+01,3.39026E+01,3.39026E+01,3.39026E+01,3.39026E+01,3.39026E+01,3.39026E+01,3.39026E+01,3.39026E+01,3.39026E+01,3.39026E+01,3.39026E+01,3.39026E+01,3.39026E+01,3.39026E+01,2.64602E-01 
#t = 3.612E+03
3.39026E+01,3.39026E+01,3.39026E+01,3.39026E+01,3.39026E+01,3.39026E+01,3.39026E+01,3.39026E+01,3.39026E+01,1.05644E+01,3.39026E+01,3.39026E+01,3.39026E+01,3.39026E+01,3.39026E+01,3.39026E+01,3.39026E+01,3.39026E+01,3.39026E+01,3.39026E+01,3.39026E+01,3.39026E+01,3.39026E+01,3.22149E+00,3.39026E+01,3.39026E+01,6.03894E+00 
#t = 3.654E+03
3.39026E+01,3.39026E+01,3.39026E+01,3.39026E+01,3.39026E+01,3.39026E+01,3.39026E+01,3.39026E+01,3.39026E+01,3.39026E+01,3.39026E+01,3.39026E+01,3.39026E+01,3.39026E+01,3.39026E+01,3.39026E+01,3.39026E+01,3.39026E+01,3.39026E+01,3.39026E+01,3.39026E+01,3.39026E+01,8.08113E+00,3.39026E+01,3.39026E+01,3.39026E+01,3.39026E+01,3.39026E+01,3.39026E+01,4.29308E+00,3.39026E+01,3.39026E+01,3.39026E+01,3.39026E+01 
#t = 3.696E+03
3.39026E+01,3.39026E+01,3.39026E+01,3.39026E+01,3.39026E+01,3.39026E+01,3.39026E+01,1.26814E+01,3.39026E+01,3.39026E+01,3.39026E+01,3.39026E+01,3.39026E+01,3.39026E+01,3.39026E+01,3.39026E+01,3.39026E+01,3.39026E+01,3.39026E+01,3.39026E+01,3.39026E+01,3.39026E+01,3.39026E+01,3.39026E+01,3.39026E+01,3.39026E+01,3.39026E+01,3.39026E+01,2.87495E+00,3.39026E+01,3.39026E+01,3.39026E+01,3.39026E+01,1.41242E+01,1.41413E+00,3.39026E+01,3.39026E+01,6.10135E-01,1.84871E+01,3.39026E+01,3.39026E+01 
#t = 3.738E+03
3.39026E+01,3.39026E+01,3.39026E+01,3.39026E+01,3.39026E+01,3.39026E+01,3.39026E+01,3.39026E+01,3.39026E+01,3.39026E+01,3.39026E+01,3.39026E+01,3.39026E+01,3.39026E+01,3.39026E+01,3.39026E+01,3.39026E+01,3.39026E+01,3.39026E+01,3.39026E+01,1.07358E+01,3.39026E+01,3.39026E+01,3.39026E+01,3.39026E+01,1.38106E+01,3.39026E+01,3.39026E+01,1.60640E+01,3.39026E+01,3.39026E+01,3.39026E+01,3.39026E+01,6.51462E+00,3.39026E+01,3.39026E+01,3.39026E+01,3.39026E+01,3.39026E+01,3.39026E+01,3.39026E+01 
#t = 3.780E+03
3.39026E+01,3.39026E+01,3.39026E+01,3.39026E+01,3.39026E+01,3.39026E+01,3.39026E+01,3.39026E+01,3.39026E+01,3.39026E+01,3.39026E+01,3.39026E+01,3.39026E+01,3.39026E+01,3.39026E+01,3.39026E+01,3.39026E+01,3.39026E+01,3.39026E+01,4.37683E+00,3.39026E+01,3.39026E+01,3.39026E+01,3.39026E+01,3.39026E+01,3.39026E+01,3.39026E+01,3.39026E+01,3.39026E+01 
#t = 3.822E+03
3.39026E+01,3.39026E+01,3.39026E+01,3.39026E+01,3.39026E+01,3.39026E+01,3.39026E+01,3.39026E+01,3.39026E+01,3.39026E+01,3.39026E+01,3.39026E+01,3.39026E+01,3.39026E+01,3.39026E+01,3.39026E+01,3.39026E+01,3.39026E+01,3.39026E+01,3.39026E+01,3.39026E+01,1.69634E+01,3.39026E+01,3.39026E+01,3.39026E+01,1.69634E+01,5.80164E+00,3.39026E+01,2.69155E+00,3.39026E+01,3.39026E+01,3.39026E+01,3.39026E+01,3.39026E+01,3.39026E+01,3.39026E+01,3.39026E+01,1.46812E+00,2.92009E+00 
#t = 3.864E+03
3.39026E+01,3.39026E+01,3.39026E+01,3.39026E+01,3.39026E+01,3.39026E+01,3.39026E+01,3.39026E+01,3.39026E+01,3.39026E+01,3.39026E+01,3.39026E+01,1.53050E+01,3.39026E+01,3.39026E+01,1.53050E+01,3.39026E+01,3.39026E+01,3.39026E+01,3.39026E+01,3.39026E+01,3.39026E+01,3.39026E+01,3.39026E+01,3.39026E+01,3.39026E+01,1.60985E+00,3.39026E+01,3.20543E+00,3.39026E+01,3.39026E+01,5.12360E-01,2.38547E+00,3.39026E+01,6.75777E-01,3.39026E+01,3.39026E+01 
#t = 3.906E+03
3.39026E+01,3.39026E+01,3.39026E+01,3.39026E+01,3.39026E+01,3.39026E+01,3.39026E+01,3.39026E+01,3.39026E+01,3.39026E+01,3.39026E+01,3.39026E+01,1.53050E+01,3.39026E+01,3.39026E+01,3.39026E+01,1.53050E+01,3.39026E+01,3.39026E+01,3.39026E+01,3.39026E+01,3.39026E+01,3.39026E+01,2.36616E+00,3.39026E+01,3.39026E+01,3.39026E+01,3.39026E+01,3.39026E+01,3.39026E+01,4.98602E+00,3.39026E+01,3.39026E+01,3.39026E+01,3.39026E+01,3.39026E+01,3.39026E+01,3.39026E+01,3.39026E+01 
#t = 3.948E+03
3.39026E+01,3.39026E+01,3.39026E+01,1.53050E+01,3.39026E+01,3.39026E+01,3.39026E+01,3.39026E+01,3.39026E+01,3.39026E+01,3.39026E+01,3.39026E+01,3.39026E+01,3.39026E+01,3.39026E+01,1.36285E+01,3.39026E+01,3.39026E+01,3.39026E+01,3.39026E+01,3.39026E+01,3.39026E+01,3.39026E+01,3.39026E+01,3.39026E+01,3.39026E+01,3.39026E+01,3.39026E+01,3.39026E+01,3.39026E+01,1.23746E+00,3.39026E+01,3.39026E+01,3.39026E+01,3.39026E+01,3.39026E+01,5.00708E+00 
#t = 3.990E+03
3.39026E+01,3.39026E+01,3.39026E+01,3.39026E+01,3.39026E+01,3.39026E+01,3.39026E+01,1.36285E+01,3.39026E+01,3.39026E+01,3.39026E+01,3.39026E+01,3.39026E+01,3.39026E+01,3.39026E+01,3.39026E+01,3.39026E+01,3.39026E+01,3.39026E+01,3.39026E+01,3.39026E+01,3.39026E+01,3.39026E+01,3.39026E+01,3.39026E+01,3.39026E+01,3.39026E+01,3.39026E+01,3.39026E+01,3.18561E+00,8.60770E-01,3.39026E+01,1.36285E+01,4.30386E-01,3.39026E+01 
#t = 4.032E+03
8.19023E+00,3.39026E+01,3.39026E+01,1.40267E+01,3.39026E+01,3.39026E+01,3.39026E+01,1.15834E+01,3.39026E+01,3.39026E+01,3.39026E+01,1.15834E+01,3.39026E+01,3.39026E+01,3.39026E+01,3.39026E+01,3.39026E+01,1.15834E+01,3.39026E+01,3.39026E+01,1.15834E+01,3.39026E+01,3.39026E+01,3.39026E+01,3.39026E+01,3.39026E+01,3.39026E+01,1.45862E+00,3.39026E+01,3.39026E+01,3.39026E+01,3.39026E+01,3.39026E+01,3.39026E+01 
#t = 4.074E+03
3.39026E+01,3.39026E+01,3.39026E+01,3.39026E+01,3.39026E+01,3.39026E+01,3.39026E+01,1.40267E+01,3.39026E+01,3.39026E+01,3.39026E+01,3.39026E+01,3.39026E+01,3.39026E+01,3.27376E+01,3.39026E+01,3.39026E+01,3.39026E+01,3.39026E+01,3.39026E+01,3.39026E+01,3.39026E+01,3.39026E+01,3.02072E+00,3.39026E+01,3.39026E+01,3.39026E+01,1.48005E-01,3.39026E+01,3.39026E+01,3.39026E+01,3.39026E+01,3.39026E+01,2.41172E-01,3.39026E+01,2.05690E-01,3.39026E+01,3.39026E+01,3.39026E+01,3.39026E+01 
#t = 4.116E+03
3.39026E+01,3.39026E+01,3.39026E+01,3.39026E+01,1.33081E+01,3.39026E+01,3.39026E+01,3.39026E+01,3.39026E+01,3.39026E+01,3.27376E+01,3.27376E+01,3.39026E+01,3.39026E+01,3.39026E+01,3.39026E+01,3.39026E+01,3.39026E+01,1.33081E+01,3.39026E+01,3.39026E+01,3.39026E+01,3.39026E+01,3.39026E+01,3.39026E+01,1.95299E+00,3.27376E+01,3.39026E+01,3.39026E+01,3.39026E+01,3.89458E+00,3.39026E+01,3.39026E+01,4.03186E+00,3.26661E-01 
#t = 4.158E+03
3.39026E+01,3.39026E+01,3.39026E+01,3.39026E+01,3.39026E+01,3.39026E+01,3.39026E+01,3.39026E+01,3.27376E+01,3.39026E+01,3.39026E+01,3.39026E+01,3.39026E+01,3.39026E+01,3.27376E+01,3.39026E+01,3.39026E+01,1.15048E+00,3.39026E+01,2.82688E+01,3.39026E+01,3.27376E+01,2.66692E+00,3.39026E+01,3.39026E+01,3.39026E+01,3.39026E+01,1.08065E+00,3.39026E+01,3.39026E+01,3.39026E+01,3.39026E+01,3.39026E+01 
#t = 4.200E+03
3.39026E+01,3.39026E+01,3.39026E+01,3.39026E+01,3.27376E+01,3.39026E+01,3.39026E+01,3.39026E+01,3.39026E+01,3.39026E+01,3.39026E+01,2.82688E+01,3.39026E+01,3.39026E+01,3.27376E+01,3.39026E+01,3.39026E+01,3.39026E+01,3.39026E+01,3.39026E+01,3.39026E+01,3.39026E+01,3.77691E+00,4.22562E+00,3.39026E+01,3.39026E+01,3.27376E+01,3.39026E+01 
