#t = 0.000E+00
8.67743E-01,1.11876E+00,1.41048E+00,1.06497E+01,8.55970E-01 
#t = 4.200E+01
1.78199E+01,1.01040E+01 
#t = 8.400E+01
2.17299E+00 
#t = 1.260E+02
1.13266E+01,3.92642E+01,1.13266E+01,3.92642E+01,1.51344E+01,7.06174E-01 
#t = 1.680E+02
1.13266E+01,3.53807E+01,3.92642E+01,3.53807E+01,3.53807E+01,2.47145E+00,3.53807E+01,3.49804E+00,1.13266E+01,1.35811E+00,3.53807E+01,5.72738E+00 
#t = 2.100E+02
3.53807E+01,3.53807E+01,3.92642E+01,3.53807E+01,3.53807E+01,3.53807E+01,3.53807E+01,3.92642E+01,3.53807E+01,3.92642E+01,1.12389E+01,3.92642E+01,3.92642E+01,3.92642E+01,3.53807E+01,3.53807E+01,3.53807E+01,3.53807E+01,1.67874E+01,3.53807E+01,4.17507E+00,3.53807E+01,3.53807E+01,3.92642E+01,6.75203E+00,3.91743E+00,3.53807E+01,3.53807E+01,3.92642E+01,3.92642E+01,3.92642E+01,3.92642E+01,3.92642E+01,3.92642E+01,3.53807E+01,3.53807E+01,3.92642E+01 
#t = 2.520E+02
3.92642E+01,3.53807E+01,3.92642E+01,3.92642E+01,3.92642E+01,1.12389E+01,3.53807E+01,3.92642E+01,3.53807E+01,3.92642E+01,3.92642E+01,3.53807E+01,3.53807E+01,3.53807E+01,3.92642E+01,3.53807E+01,3.92642E+01,3.92642E+01,3.53807E+01,3.92642E+01,3.53807E+01,3.92642E+01 
#t = 2.940E+02
3.53807E+01,3.53807E+01,3.92642E+01,3.92642E+01,3.53807E+01,3.53807E+01,3.92642E+01,3.53807E+01,3.53807E+01,3.53807E+01,3.53807E+01,3.92642E+01,3.92642E+01,3.53807E+01,3.53807E+01,3.53807E+01,3.92642E+01,3.53807E+01,3.53807E+01,3.53807E+01,3.53807E+01,3.53807E+01,3.53807E+01,3.53807E+01,3.53807E+01,3.53807E+01,3.53807E+01,3.53807E+01,3.53807E+01,4.01170E-01,3.32898E+00,3.53807E+01 
#t = 3.360E+02
3.53807E+01,3.53807E+01,3.53807E+01,3.92642E+01,3.92642E+01,3.53807E+01,3.53807E+01,3.92642E+01,3.92642E+01,3.53807E+01,3.53807E+01,3.92642E+01,3.53807E+01,3.92642E+01,3.92642E+01,3.53807E+01,3.53807E+01,3.53807E+01,3.92642E+01,3.53807E+01,3.53807E+01,3.53807E+01,3.92642E+01,3.53807E+01,3.53807E+01,3.53807E+01,3.53807E+01,3.53807E+01,4.19804E+00,3.92642E+01,3.53807E+01,3.92642E+01,3.92642E+01,3.53807E+01,3.53807E+01,3.92642E+01,3.53807E+01,3.53807E+01,3.53807E+01,3.92642E+01,3.92642E+01 
#t = 3.780E+02
3.53807E+01,3.92642E+01,3.92642E+01,3.53807E+01,3.92642E+01,3.92642E+01,3.92642E+01,3.53807E+01,3.92642E+01,3.92642E+01,3.53807E+01,3.53807E+01,3.92642E+01,3.92642E+01,3.53807E+01,3.92642E+01,3.92642E+01,3.92642E+01,3.92642E+01,3.92642E+01,7.93718E+00,3.53807E+01,3.92642E+01,3.92642E+01,3.53807E+01,3.92642E+01,3.92642E+01,3.92642E+01,3.92642E+01,3.92642E+01,3.92642E+01,3.92642E+01,3.92642E+01,3.92642E+01,3.92642E+01,3.92642E+01,3.53807E+01,3.92642E+01,3.92642E+01,3.92642E+01,3.92642E+01,3.92642E+01,3.92642E+01,3.92642E+01,3.92642E+01,3.92642E+01,7.41260E-01 
#t = 4.200E+02
3.92642E+01,3.92642E+01,3.53807E+01,3.92642E+01,3.92642E+01,3.92642E+01,3.92642E+01,3.92642E+01,3.53807E+01,3.92642E+01,3.92642E+01,3.92642E+01,3.92642E+01,3.53807E+01,6.13178E+00,3.92642E+01,3.92642E+01,3.92642E+01,3.92642E+01,3.92642E+01,3.92642E+01,3.92642E+01,3.53807E+01,3.69368E+00,3.53807E+01,3.92642E+01,3.92642E+01,7.74703E+00,3.92642E+01,3.92642E+01,3.92642E+01,3.92642E+01,5.52479E+00,3.92642E+01,3.92642E+01,3.53807E+01,3.92642E+01,3.92642E+01,3.92642E+01 
#t = 4.620E+02
3.92642E+01,3.92642E+01,3.92642E+01,3.92642E+01,3.92642E+01,3.92642E+01,3.92642E+01,3.92642E+01,3.92642E+01,3.92642E+01,3.92642E+01,3.92642E+01,3.92642E+01,3.92642E+01,3.92642E+01,1.31483E+01,3.53807E+01,3.92642E+01,3.92642E+01,3.92642E+01,3.92642E+01,3.92642E+01,3.92642E+01,3.92642E+01,3.92642E+01,3.92642E+01,3.92642E+01,1.31483E+01,3.92642E+01,3.92642E+01,3.92642E+01,3.92642E+01,3.92642E+01,3.92642E+01,3.92642E+01,7.52021E-01,3.92642E+01,6.34733E-01 
#t = 5.040E+02
3.92642E+01,3.92642E+01,3.92642E+01,3.92642E+01,3.92642E+01,3.92642E+01,3.92642E+01,3.92642E+01,3.92642E+01,3.92642E+01,3.92642E+01,3.92642E+01,3.92642E+01,3.92642E+01,3.92642E+01,3.92642E+01,3.92642E+01,3.92642E+01,3.92642E+01,3.92642E+01,3.92642E+01,3.92642E+01,3.92642E+01,3.92642E+01,3.92642E+01,3.92642E+01,3.92642E+01,3.92642E+01,3.92642E+01,3.92642E+01,3.92642E+01,3.92642E+01,3.92642E+01,3.92642E+01,7.88900E+00,7.06458E+01,3.92642E+01,4.85838E+00,3.92642E+01,3.92642E+01,3.92642E+01,3.92642E+01,3.92642E+01,3.92642E+01,3.92642E+01,3.92642E+01,3.92642E+01,3.92642E+01,7.31651E-01,3.92642E+01,3.92642E+01,3.92642E+01 
#t = 5.460E+02
3.92642E+01,3.92642E+01,3.92642E+01,3.92642E+01,3.92642E+01,3.92642E+01,3.92642E+01,3.92642E+01,3.92642E+01,3.92642E+01,7.06458E+01,7.06458E+01,3.92642E+01,3.92642E+01,3.92642E+01,3.92642E+01,3.92642E+01,3.92642E+01,3.92642E+01,3.92642E+01,3.92642E+01,3.92642E+01,3.92642E+01,3.92642E+01,3.92642E+01,3.92642E+01,3.92642E+01,3.92642E+01,3.92642E+01,3.92642E+01,5.32100E+00,3.92642E+01,3.92642E+01,3.92642E+01,3.92642E+01,3.92642E+01,3.92642E+01,3.92642E+01,3.92642E+01,1.75349E+00,3.92642E+01 
#t = 5.880E+02
7.06458E+01,3.92642E+01,3.92642E+01,3.92642E+01,7.06458E+01,3.92642E+01,3.92642E+01,7.06458E+01,3.92642E+01,3.92642E+01,3.92642E+01,3.92642E+01,3.92642E+01,3.92642E+01,3.92642E+01,3.92642E+01,7.06458E+01,3.92642E+01,3.92642E+01,3.92642E+01,3.92642E+01,3.02318E+01,3.92642E+01,3.92642E+01,3.92642E+01,3.92642E+01,7.06458E+01,3.92642E+01,3.92642E+01,3.92642E+01,6.41228E+00,7.06458E+01,3.92642E+01,2.67500E+00,3.48364E+00,3.92642E+01,8.19709E-01 
#t = 6.300E+02
3.92642E+01,3.92642E+01,3.92642E+01,3.92642E+01,3.92642E+01,3.92642E+01,3.92642E+01,3.92642E+01,3.92642E+01,3.92642E+01,1.10966E+01,3.92642E+01,1.10966E+01,3.92642E+01,3.92642E+01,3.92642E+01,1.10966E+01,3.92642E+01,3.92642E+01,3.92642E+01,3.92642E+01,3.92642E+01,3.92642E+01,3.92642E+01,3.92642E+01,3.92642E+01,3.92642E+01,3.92642E+01,3.92642E+01,3.92642E+01,3.92642E+01,3.92642E+01 
#t = 6.720E+02
3.92642E+01,3.92642E+01,3.92642E+01,3.92642E+01,3.92642E+01,1.79834E+01,3.92642E+01,3.92642E+01,1.10966E+01,3.92642E+01,3.92642E+01,3.92642E+01,1.79834E+01,1.79834E+01,3.92642E+01,1.79834E+01,3.92642E+01,3.92642E+01,3.92642E+01,1.79834E+01,3.92642E+01,1.79834E+01,3.92642E+01,3.92642E+01,3.92642E+01,3.92642E+01,2.47671E+00,3.92642E+01,3.92642E+01,3.92642E+01,3.92642E+01,3.92642E+01,2.47877E+00,3.92642E+01,1.57957E+00 
#t = 7.140E+02
3.92642E+01,3.92642E+01,3.92642E+01,1.79834E+01,3.92642E+01,3.92642E+01,3.92642E+01,3.92642E+01,3.92642E+01,3.92642E+01,1.79834E+01,3.92642E+01,1.79834E+01,3.92642E+01,3.92642E+01,3.92642E+01,3.92642E+01,3.92642E+01,3.92642E+01,3.92642E+01,3.92642E+01,3.92642E+01,3.92642E+01,3.92642E+01,3.92642E+01,3.92642E+01,3.92642E+01,3.92642E+01,3.92642E+01,3.92642E+01,3.92642E+01,3.92642E+01,3.92642E+01,3.92642E+01,1.28850E+00,3.92642E+01 
#t = 7.560E+02
3.92642E+01,3.92642E+01,3.92642E+01,3.92642E+01,3.92642E+01,3.92642E+01,3.92642E+01,3.92642E+01,3.92642E+01,3.92642E+01,3.92642E+01,3.92642E+01,3.92642E+01,3.92642E+01,3.92642E+01,3.92642E+01,3.92642E+01,3.92642E+01,3.92642E+01,3.92642E+01,3.92642E+01,3.92642E+01,3.92642E+01,3.92642E+01,3.92642E+01,3.92642E+01,1.06479E+01,3.92642E+01,3.92642E+01,3.92642E+01,3.92642E+01,3.92642E+01,3.92642E+01,3.92642E+01,3.92642E+01,1.06479E+01 
#t = 7.980E+02
3.92642E+01,3.92642E+01,3.92642E+01,3.92642E+01,3.92642E+01,3.92642E+01,3.92642E+01,3.92642E+01,3.92642E+01,3.92642E+01,3.92642E+01,3.92642E+01,3.92642E+01,1.48508E+01,3.92642E+01,4.07965E+01,3.92642E+01,3.92642E+01,3.92642E+01,3.92642E+01,3.92642E+01,3.92642E+01,3.92642E+01,3.92642E+01,3.92642E+01,3.92642E+01,3.92642E+01,3.92642E+01,3.92642E+01,3.92642E+01,3.92642E+01,3.92642E+01,3.92642E+01,3.92642E+01,1.19185E+00,3.92642E+01,3.92642E+01,3.92642E+01,3.92642E+01,3.92642E+01,3.92642E+01,3.92642E+01,3.92642E+01,3.92642E+01,3.92642E+01,3.92642E+01,3.92642E+01,3.92642E+01,1.85246E+00,3.92642E+01,3.85375E+00 
#t = 8.400E+02
3.92642E+01,3.92642E+01,3.92642E+01,3.92642E+01,3.92642E+01,3.92642E+01,3.92642E+01,3.92642E+01,3.92642E+01,3.92642E+01,4.07965E+01,3.92642E+01,3.92642E+01,3.92642E+01,3.92642E+01,3.92642E+01,3.92642E+01,3.92642E+01,3.92642E+01,4.07965E+01,3.92642E+01,3.92642E+01,3.92642E+01,3.92642E+01,3.92642E+01,3.92642E+01,3.92642E+01,4.07965E+01,3.92642E+01,3.92642E+01,2.89674E+00,4.07965E+01,3.92642E+01,5.38442E+00,3.92642E+01,3.92642E+01,4.66645E+00,3.92642E+01,3.92642E+01,3.75440E+00,3.92642E+01,4.07965E+01 
#t = 8.820E+02
3.92642E+01,4.07965E+01,3.92642E+01,3.92642E+01,3.92642E+01,3.92642E+01,3.92642E+01,3.92642E+01,3.92642E+01,4.07965E+01,3.92642E+01,4.07965E+01,4.07965E+01,3.92642E+01,3.92642E+01,3.92642E+01,4.07965E+01,4.07965E+01,4.07965E+01,4.07965E+01,3.92642E+01,3.92642E+01,4.07965E+01,3.92642E+01,3.92642E+01,3.92642E+01,3.92642E+01,4.07965E+01,3.92642E+01,4.07965E+01,4.07965E+01,4.07965E+01,3.92642E+01,3.92642E+01,3.92642E+01,4.07965E+01,3.92642E+01,3.92642E+01 
#t = 9.240E+02
3.92642E+01,3.92642E+01,4.07965E+01,3.92642E+01,2.81289E+01,4.07965E+01,4.07965E+01,3.92642E+01,3.92642E+01,3.92642E+01,4.07965E+01,4.07965E+01,4.07965E+01,3.92642E+01,4.07965E+01,3.92642E+01,3.92642E+01,3.92642E+01,4.07965E+01,3.92642E+01,4.07965E+01,1.84543E+01,3.92642E+01,4.07965E+01,3.92642E+01,3.92642E+01,4.67171E+00,3.92642E+01,6.35388E+00,7.23535E+00,4.07965E+01,4.07965E+01,1.11291E+00,4.07965E+01 
#t = 9.660E+02
3.92642E+01,3.92642E+01,4.07965E+01,3.92642E+01,4.07965E+01,3.92642E+01,2.35560E+01,4.07965E+01,3.92642E+01,4.07965E+01,3.92642E+01,4.07965E+01,3.92642E+01,4.07965E+01,3.92642E+01,4.07965E+01,4.07965E+01,3.92642E+01,4.07965E+01,4.07965E+01,4.07965E+01,3.92642E+01,4.07965E+01,3.92642E+01,4.07965E+01,4.07965E+01,3.92642E+01,4.07965E+01,4.07965E+01,3.92642E+01,3.92642E+01,4.07965E+01,4.07965E+01,4.07965E+01,4.07965E+01,3.92642E+01,5.14850E-01,3.92642E+01,3.92642E+01,4.07965E+01,3.92642E+01,4.07965E+01,1.38653E-01,1.15779E+00,4.99732E+00 
#t = 1.008E+03
3.92642E+01,4.07965E+01,3.92642E+01,3.92642E+01,4.07965E+01,4.07965E+01,4.07965E+01,4.07965E+01,3.92642E+01,3.92642E+01,3.92642E+01,4.07965E+01,3.92642E+01,4.07965E+01,3.92642E+01,4.07965E+01,1.90366E+01,4.07965E+01,4.07965E+01,4.07965E+01,3.92642E+01,4.07965E+01,4.07965E+01,4.07965E+01,4.07965E+01,4.07965E+01,4.07965E+01,4.07965E+01,3.92642E+01,1.90366E+01,3.92642E+01,3.92642E+01,2.99987E+00,4.07965E+01,1.90366E+01,5.02916E+00,3.92642E+01 
#t = 1.050E+03
4.07965E+01,4.07965E+01,4.07965E+01,4.07965E+01,3.92642E+01,4.07965E+01,4.07965E+01,4.07965E+01,4.07965E+01,4.07965E+01,4.07965E+01,4.07965E+01,4.07965E+01,4.07965E+01,3.92642E+01,4.07965E+01,4.07965E+01,4.07965E+01,4.07965E+01,4.07965E+01,4.07965E+01,4.07965E+01,4.07965E+01,4.07965E+01,4.07965E+01,2.41125E+00,4.07965E+01,4.07965E+01,3.92642E+01,4.07965E+01,3.92642E+01,4.07965E+01,3.92642E+01 
#t = 1.092E+03
4.07965E+01,4.07965E+01,4.07965E+01,4.07965E+01,4.07965E+01,4.07965E+01,4.07965E+01,4.07965E+01,4.07965E+01,4.07965E+01,4.07965E+01,4.07965E+01,4.07965E+01,4.07965E+01,4.07965E+01,3.92642E+01,4.07965E+01,4.07965E+01,4.07965E+01,4.07965E+01,4.07965E+01,4.07965E+01,4.07965E+01,4.07965E+01,4.07965E+01,4.07965E+01,4.07965E+01,4.07965E+01,4.07965E+01,4.07965E+01,4.07965E+01,4.07965E+01,4.07965E+01,4.07965E+01,4.07965E+01,5.52399E+00,4.07965E+01,1.34397E+00,4.07965E+01,4.19599E+00 
#t = 1.134E+03
4.07965E+01,4.07965E+01,4.07965E+01,4.07965E+01,4.07965E+01,4.07965E+01,4.07965E+01,4.07965E+01,4.07965E+01,4.07965E+01,1.40279E+01,1.00255E+01,4.07965E+01,4.07965E+01,4.07965E+01,4.07965E+01,4.07965E+01,4.07965E+01,4.07965E+01,4.07965E+01,4.07965E+01,4.07965E+01,4.07965E+01,4.07965E+01,4.07965E+01,4.07965E+01,4.07965E+01,4.07965E+01,4.07965E+01,4.07965E+01,4.07965E+01,4.07965E+01,4.07965E+01,2.66652E+00,4.07965E+01,4.07965E+01,4.07965E+01,4.07965E+01,4.07965E+01 
#t = 1.176E+03
4.07965E+01,4.07965E+01,4.07965E+01,4.07965E+01,4.07965E+01,4.07965E+01,4.07965E+01,4.07965E+01,4.07965E+01,4.07965E+01,4.07965E+01,4.07965E+01,4.07965E+01,4.07965E+01,4.07965E+01,4.07965E+01,4.07965E+01,4.07965E+01,4.07965E+01,2.60813E+01,4.07965E+01,4.07965E+01,4.07965E+01,4.07965E+01,4.07965E+01,2.60813E+01,4.07965E+01,4.07965E+01,4.07965E+01,4.07965E+01,8.22576E-01,3.92814E+00,4.07965E+01,4.07965E+01,4.07965E+01 
#t = 1.218E+03
4.07965E+01,4.07965E+01,2.60813E+01,4.07965E+01,4.07965E+01,4.07965E+01,4.07965E+01,2.60813E+01,4.07965E+01,4.07965E+01,4.07965E+01,4.07965E+01,4.07965E+01,4.07965E+01,4.07965E+01,4.07965E+01,4.07965E+01,4.07965E+01,4.07965E+01,4.07965E+01,4.07965E+01,4.07965E+01,4.07965E+01,4.07965E+01,2.60813E+01,4.07965E+01,4.07965E+01,4.07965E+01,4.07965E+01,4.07965E+01,4.07965E+01,4.07965E+01,4.07965E+01,4.07965E+01,4.07965E+01,2.60813E+01,4.07965E+01,6.99570E+00,4.07965E+01,4.07965E+01,4.07965E+01,4.07965E+01,4.07965E+01,4.07965E+01,4.07965E+01 
#t = 1.260E+03
4.07965E+01,4.07965E+01,4.07965E+01,4.07965E+01,4.07965E+01,4.07965E+01,4.07965E+01,2.14276E+01,4.07965E+01,2.14276E+01,4.07965E+01,4.07965E+01,4.07965E+01,4.07965E+01,4.07965E+01,2.14276E+01,4.07965E+01,4.07965E+01,4.07965E+01,4.07965E+01,4.07965E+01,4.07965E+01,4.07965E+01,1.05103E+01,4.07965E+01,4.07965E+01,4.07965E+01,4.07965E+01,4.07965E+01,4.07965E+01,4.07965E+01,4.07965E+01,4.07965E+01,4.07965E+01,4.07965E+01,4.07965E+01,8.93559E-01 
#t = 1.302E+03
4.07965E+01,4.07965E+01,4.07965E+01,4.07965E+01,4.07965E+01,4.07965E+01,4.07965E+01,4.07965E+01,1.40783E+01,4.07965E+01,4.07965E+01,4.07965E+01,4.07965E+01,4.07965E+01,4.07965E+01,1.40783E+01,1.03395E+01,1.03395E+01,4.07965E+01,4.07965E+01,4.07965E+01,4.07965E+01,4.07965E+01,4.07965E+01,4.07965E+01,1.03395E+01,4.07965E+01,4.07965E+01,4.07965E+01,4.07965E+01,4.07965E+01,4.07965E+01,4.07965E+01,4.07965E+01,4.07965E+01,4.07965E+01,4.07965E+01,6.25350E-01,4.07965E+01,4.07965E+01,5.96163E+00 
#t = 1.344E+03
4.07965E+01,1.03395E+01,4.07965E+01,1.03395E+01,4.07965E+01,4.07965E+01,4.07965E+01,4.07965E+01,4.07965E+01,2.19812E+01,4.07965E+01,4.07965E+01,4.07965E+01,4.07965E+01,4.07965E+01,4.07965E+01,4.07965E+01,4.07965E+01,4.07965E+01,4.07965E+01,4.07965E+01,4.07965E+01,4.07965E+01,4.07965E+01,4.07965E+01,4.07965E+01,4.07965E+01,4.07965E+01,1.50102E+00,4.07965E+01,4.07965E+01,2.20069E+00,4.07965E+01,4.07965E+01,5.04336E-01 
#t = 1.386E+03
1.03395E+01,4.07965E+01,4.07965E+01,4.07965E+01,4.07965E+01,4.07965E+01,1.63832E+01,4.07965E+01,4.07965E+01,4.07965E+01,4.07965E+01,4.07965E+01,4.07965E+01,4.07965E+01,4.07965E+01,4.07965E+01,4.07965E+01,4.07965E+01,4.07965E+01,4.07965E+01,4.07965E+01,4.07965E+01,4.07965E+01,4.07965E+01,4.07965E+01,4.07965E+01,4.07965E+01,4.07965E+01,4.07965E+01,6.66488E-01,4.07965E+01,4.07965E+01,4.07965E+01 
#t = 1.428E+03
4.07965E+01,4.07965E+01,4.07965E+01,4.07965E+01,4.07965E+01,4.07965E+01,4.07965E+01,4.07965E+01,4.07965E+01,4.07965E+01,4.07965E+01,4.07965E+01,4.07965E+01,4.07965E+01,4.07965E+01,4.07965E+01,4.07965E+01,4.07965E+01,1.63832E+01,1.63832E+01,1.63832E+01,4.07965E+01,4.07965E+01,4.07965E+01,1.63832E+01,4.07965E+01,4.07965E+01,4.07965E+01,1.63832E+01,4.07965E+01,4.07965E+01,4.07965E+01,1.63832E+01,4.07965E+01,2.98348E+01,4.07965E+01,4.07965E+01,4.07965E+01,4.07965E+01,4.07965E+01,4.07965E+01,4.07965E+01,4.07965E+01 
#t = 1.470E+03
4.07965E+01,4.07965E+01,4.07965E+01,4.07965E+01,2.98348E+01,1.63832E+01,4.07965E+01,2.98348E+01,2.98348E+01,4.07965E+01,1.37247E+01,4.07965E+01,4.07965E+01,1.63832E+01,1.63832E+01,4.07965E+01,4.07965E+01,4.07965E+01,1.63832E+01,4.07965E+01,1.63832E+01,1.63832E+01,1.63832E+01,2.90128E+01,4.07965E+01,4.07965E+01,4.07965E+01,4.07965E+01,1.63832E+01,2.98348E+01,9.29525E-01,4.07965E+01,4.07965E+01,4.35421E+00,4.07965E+01,1.63832E+01,4.07965E+01,1.37247E+01,1.63832E+01,1.84634E+00,1.63832E+01,3.62535E+00,1.63832E+01,1.63832E+01,3.26375E+00,4.07965E+01,1.63832E+01,4.07965E+01 
#t = 1.512E+03
4.07965E+01,2.98348E+01,1.37247E+01,1.63832E+01,4.07965E+01,1.63832E+01,4.07965E+01,1.63832E+01,4.07965E+01,4.07965E+01,1.63832E+01,2.98348E+01,4.07965E+01,1.19045E+01,4.07965E+01,4.07965E+01,4.07965E+01,1.02363E+01,4.07965E+01,4.07965E+01,1.37247E+01,1.63832E+01,1.20014E+01,1.63832E+01,1.63832E+01,4.07965E+01,1.63832E+01,1.63832E+01,4.07965E+01,4.07965E+01,4.07965E+01,4.07965E+01,1.20014E+01,1.63832E+01,1.63832E+01,1.63832E+01,4.07965E+01,1.63832E+01,1.63832E+01,4.07965E+01,4.07965E+01,4.07965E+01,4.07965E+01,1.63832E+01,4.07965E+01,1.63832E+01,4.07965E+01,1.63832E+01,1.63832E+01,4.07965E+01,4.07965E+01,6.48249E-01,1.63832E+01,4.07965E+01 
#t = 1.554E+03
1.63832E+01,1.63832E+01,4.07965E+01,1.63832E+01,1.63832E+01,4.07965E+01,1.63832E+01,1.63832E+01,1.20014E+01,4.07965E+01,1.63832E+01,4.07965E+01,1.63832E+01,1.63832E+01,1.63832E+01,1.20014E+01,1.63832E+01,1.63832E+01,4.07965E+01,4.07965E+01,4.07965E+01,4.07965E+01,4.07965E+01,4.07965E+01,1.20014E+01,1.63832E+01,4.07965E+01,1.63832E+01,4.07965E+01,4.07965E+01,1.20014E+01,1.63832E+01,4.07965E+01,2.02713E+00,4.07965E+01,1.20014E+01,1.63832E+01,1.63832E+01,7.81061E-01,1.63832E+01,4.07965E+01,1.63832E+01,1.87054E+00,1.11752E+00 
#t = 1.596E+03
1.20014E+01,4.07965E+01,1.63832E+01,1.63832E+01,4.07965E+01,4.07965E+01,1.63832E+01,1.63832E+01,4.07965E+01,4.07965E+01,1.63832E+01,4.07965E+01,1.63832E+01,4.07965E+01,4.07965E+01,4.07965E+01,4.07965E+01,1.63832E+01,1.20014E+01,9.12881E+00,4.07965E+01,1.63832E+01,4.07965E+01,4.07965E+01,1.63832E+01,1.63832E+01,4.07965E+01,4.07965E+01,1.63832E+01 
#t = 1.638E+03
4.07965E+01,1.63832E+01,4.07965E+01,4.07965E+01,1.63832E+01,4.07965E+01,4.07965E+01,4.07965E+01,4.07965E+01,4.07965E+01,4.07965E+01,2.46877E+01,1.20349E+01,1.20349E+01,1.20014E+01,1.20014E+01,2.46877E+01,4.07965E+01,4.07965E+01,5.27124E+00,4.07965E+01,4.07965E+01,1.20349E+01,1.20014E+01,2.46877E+01,1.11968E+01,1.20014E+01,1.20014E+01,1.20014E+01,1.50918E+00,9.87649E+00,4.07965E+01,1.20349E+01,2.46877E+01,4.07965E+01,1.20349E+01,2.78652E+01,6.29676E-01 
#t = 1.680E+03
1.63832E+01,4.07965E+01,4.07965E+01,1.20349E+01,4.07965E+01,1.20349E+01,2.46877E+01,4.07965E+01,1.20349E+01,1.20014E+01,4.07965E+01,4.07965E+01,4.07965E+01,4.07965E+01,1.20014E+01,1.20349E+01,1.20014E+01,1.11968E+01,1.20349E+01,5.51085E+00,1.20349E+01,1.63832E+01,1.39166E+01,1.63832E+01,1.39166E+01,4.07965E+01,4.07965E+01,4.07965E+01,1.20014E+01,4.07965E+01,8.20039E+00,1.20014E+01,1.20349E+01,1.20349E+01,1.20349E+01,1.11968E+01,1.63832E+01,1.11968E+01,1.20014E+01,1.05051E-01,4.07965E+01,4.07965E+01,4.07965E+01 
#t = 1.722E+03
1.20014E+01,1.20349E+01,4.07965E+01,4.07965E+01,2.46877E+01,1.62618E+01,1.20014E+01,4.07965E+01,2.46877E+01,1.39166E+01,1.39166E+01,4.07965E+01,1.20014E+01,1.20014E+01,4.07965E+01,1.39166E+01,1.20014E+01,1.20349E+01,1.20014E+01,4.07965E+01,4.07965E+01,1.20349E+01,1.20014E+01,1.20349E+01,1.20349E+01,4.07965E+01,1.20014E+01,1.20014E+01,4.07965E+01,1.20349E+01,4.07965E+01,1.20014E+01,4.07965E+01,4.07965E+01,7.12777E+00,4.07965E+01,1.20014E+01,1.99998E+00,2.29701E+00,1.20014E+01 
#t = 1.764E+03
1.20014E+01,1.20014E+01,4.07965E+01,4.07965E+01,4.07965E+01,1.20014E+01,1.20014E+01,1.20349E+01,1.20014E+01,4.07965E+01,1.20014E+01,1.20349E+01,4.07965E+01,6.64528E+00,1.20349E+01,4.07965E+01,1.20014E+01,1.20014E+01,1.20014E+01,4.07965E+01,4.07965E+01,4.07965E+01,4.07965E+01,1.20014E+01,4.07965E+01,1.20014E+01,1.20014E+01,4.07965E+01,1.20014E+01,1.20349E+01,4.07965E+01,1.20014E+01,1.20014E+01,1.20014E+01,4.07965E+01,1.20349E+01,2.35754E+00,1.20014E+01,4.07965E+01,1.20014E+01,4.07965E+01,4.07965E+01,1.20014E+01,3.06167E+01,1.20014E+01,4.07965E+01,1.20014E+01,4.52761E+00,1.20014E+01 
#t = 1.806E+03
1.20014E+01,1.20014E+01,1.20349E+01,1.20014E+01,1.20014E+01,4.07965E+01,4.07965E+01,1.20014E+01,1.20014E+01,1.20014E+01,1.20014E+01,4.07965E+01,1.20349E+01,1.20349E+01,1.20014E+01,1.20014E+01,1.20349E+01,4.07965E+01,1.20349E+01,1.20349E+01,1.20349E+01,1.20349E+01,1.20349E+01,1.52670E+00,4.07965E+01,4.07965E+01,1.20349E+01,4.07965E+01,1.20349E+01,1.20014E+01,1.20349E+01,1.20349E+01,1.20349E+01,1.20349E+01,1.20014E+01,4.07965E+01,1.20014E+01,1.20349E+01,1.20349E+01,1.20014E+01,1.20349E+01,3.42636E+00 
#t = 1.848E+03
1.20014E+01,1.20349E+01,1.20349E+01,1.20014E+01,1.20349E+01,4.07965E+01,1.20349E+01,1.20349E+01,1.20014E+01,1.20014E+01,1.20014E+01,1.20014E+01,4.07965E+01,4.07965E+01 
#t = 1.890E+03
4.07965E+01,1.20014E+01,1.20349E+01,1.20349E+01,1.20014E+01,4.07965E+01,1.20349E+01,1.20014E+01,1.20014E+01,1.20014E+01,4.07965E+01,1.20014E+01,4.07965E+01,4.87593E+00,2.00159E+00,4.07965E+01,1.20014E+01,1.70447E+00,1.20349E+01,1.20014E+01,1.63558E+00,2.51654E+00 
#t = 1.932E+03
4.07965E+01,4.07965E+01,4.07965E+01,4.07965E+01,4.07965E+01,4.07965E+01,4.07965E+01,4.07965E+01,4.07965E+01,4.07965E+01,4.07965E+01,4.07965E+01,4.07965E+01,4.07965E+01,4.07965E+01,4.07965E+01,4.07965E+01,4.07965E+01,4.07965E+01,4.07965E+01,4.07965E+01,4.07965E+01,4.07965E+01,4.07965E+01,8.63069E+00,4.07965E+01,4.21162E+00 
#t = 1.974E+03
4.07965E+01,4.07965E+01,4.07965E+01,4.07965E+01,4.07965E+01,4.07965E+01,4.07965E+01,4.07965E+01,4.07965E+01,4.07965E+01,4.07965E+01,4.07965E+01,4.07965E+01,4.07965E+01,4.07965E+01,4.07965E+01,4.07965E+01,4.07965E+01,4.07965E+01,4.07965E+01,4.07965E+01,4.07965E+01,4.07965E+01,5.35186E-01,1.63692E+01,4.07965E+01,4.07965E+01,3.74139E+00,4.07965E+01,4.07965E+01,4.07965E+01,4.07965E+01,4.07965E+01,1.27795E+00,4.07965E+01,4.07965E+01 
#t = 2.016E+03
4.07965E+01,4.07965E+01,4.07965E+01,4.07965E+01,4.07965E+01,4.07965E+01,4.07965E+01,4.07965E+01,4.07965E+01,4.07965E+01,4.07965E+01,4.07965E+01,4.07965E+01,4.07965E+01,4.07965E+01,4.07965E+01,4.07965E+01,4.07965E+01,4.07965E+01,4.07965E+01,4.07965E+01,4.07965E+01,4.07965E+01,4.07965E+01,4.07965E+01,4.07965E+01,4.07965E+01,4.07965E+01,4.07965E+01,2.45142E-01,7.15954E+00,4.07965E+01,4.07965E+01,4.07965E+01 
#t = 2.058E+03
4.07965E+01,4.07965E+01,4.07965E+01,4.07965E+01,4.07965E+01,4.07965E+01,4.07965E+01,4.07965E+01,4.07965E+01,6.63140E+00,4.07965E+01,4.07965E+01,9.65222E+00,4.07965E+01,4.07965E+01,4.07965E+01,4.07965E+01,4.07965E+01,4.07965E+01,4.07965E+01,4.07965E+01,4.07965E+01,4.07965E+01,4.07965E+01,4.07965E+01,4.07965E+01,4.07965E+01,3.46137E+00,4.07965E+01,4.07965E+01,4.07965E+01,4.07965E+01 
#t = 2.100E+03
4.07965E+01,9.65222E+00,4.07965E+01,4.07965E+01,4.07965E+01,4.07965E+01,4.07965E+01,4.07965E+01,4.07965E+01,4.07965E+01,4.07965E+01,4.07965E+01,4.07965E+01,4.07965E+01,4.07965E+01,1.05716E+01,4.07965E+01,4.07965E+01,4.07965E+01,4.07965E+01,4.07965E+01,4.07965E+01,4.07965E+01,4.07965E+01,4.07965E+01,4.07965E+01,4.07965E+01,4.07965E+01,4.07965E+01,4.07965E+01,4.07965E+01,4.07965E+01,1.13568E+00,2.65086E+00,4.07965E+01,5.22764E+00 
#t = 2.142E+03
4.07965E+01,4.07965E+01,4.07965E+01,4.07965E+01,4.07965E+01,4.07965E+01,4.07965E+01,4.07965E+01,4.07965E+01,4.07965E+01,4.07965E+01,4.07965E+01,4.07965E+01,4.07965E+01,4.07965E+01,4.07965E+01,4.07965E+01,4.07965E+01,4.07965E+01,4.07965E+01,4.07965E+01,4.07965E+01,4.07965E+01,4.07965E+01,4.07965E+01,4.07965E+01,4.07965E+01,4.07965E+01,4.07965E+01,8.92149E-01 
#t = 2.184E+03
4.07965E+01,4.07965E+01,4.07965E+01,4.07965E+01,4.07965E+01,4.07965E+01,4.07965E+01,4.07965E+01,4.07965E+01,4.07965E+01,4.07965E+01,4.07965E+01,1.72404E+01,4.07965E+01,4.07965E+01,4.07965E+01,4.07965E+01,4.07965E+01,4.07965E+01,4.07965E+01,4.07965E+01,4.07965E+01,4.07965E+01,4.07965E+01,4.07965E+01,4.07965E+01,4.07965E+01,4.07965E+01,4.07965E+01,1.21117E+01,4.07965E+01,4.07965E+01,4.07965E+01 
#t = 2.226E+03
4.07965E+01,4.07965E+01,4.07965E+01,4.07965E+01,4.07965E+01,4.07965E+01,4.07965E+01,2.71036E+01,4.07965E+01,4.07965E+01,4.07965E+01,4.07965E+01,4.07965E+01,4.07965E+01,4.07965E+01,4.07965E+01,1.47990E+01,4.07965E+01,1.26535E+01,4.07965E+01,4.07965E+01,4.07965E+01,1.26535E+01,4.07965E+01,4.07965E+01,1.26535E+01,1.47990E+01,2.17158E+00,4.07965E+01,4.07965E+01,1.47990E+01,4.07965E+01,4.07965E+01,4.07965E+01,4.07965E+01 
#t = 2.268E+03
4.07965E+01,4.07965E+01,4.07965E+01,4.07965E+01,4.07965E+01,4.07965E+01,1.47990E+01,4.07965E+01,4.07965E+01,4.07965E+01,4.07965E+01,4.07965E+01,4.07965E+01,4.07965E+01,4.07965E+01,4.07965E+01,4.07965E+01,4.07965E+01,4.07965E+01,4.07965E+01,2.65351E+00,1.63168E+00,4.07965E+01,1.48322E+00,4.07965E+01,4.07965E+01,4.07965E+01,4.07965E+01,9.23088E-01 
#t = 2.310E+03
1.47990E+01,4.07965E+01,1.47990E+01,4.07965E+01,4.07965E+01,4.07965E+01,4.07965E+01,4.07965E+01,4.07965E+01,4.07965E+01,4.07965E+01,4.07965E+01,4.07965E+01,1.47990E+01,4.07965E+01,4.07965E+01,4.07965E+01,4.07965E+01,4.07965E+01,4.07965E+01,4.07965E+01,4.07965E+01,4.07965E+01,4.07965E+01,4.07965E+01,4.07965E+01,4.07965E+01,4.07965E+01,4.07965E+01,4.07965E+01,4.07965E+01,4.07965E+01,4.07965E+01,4.07965E+01,4.07965E+01,4.07965E+01,1.47990E+01,4.07965E+01,4.07965E+01,1.47990E+01,2.54244E+00,1.47990E+01,4.07965E+01,2.06057E-01,4.78526E+00,1.47990E+01,4.07965E+01,4.07965E+01 
#t = 2.352E+03
4.07965E+01,4.07965E+01,4.07965E+01,4.07965E+01,1.47990E+01,4.07965E+01,1.47990E+01,1.47990E+01,4.07965E+01,4.07965E+01,4.07965E+01,4.07965E+01,4.07965E+01,4.07965E+01,4.07965E+01,4.07965E+01,4.07965E+01,4.07965E+01,4.07965E+01,4.07965E+01,4.07965E+01,4.07965E+01,4.07965E+01,4.07965E+01,1.47990E+01,1.47990E+01,4.07965E+01,4.07965E+01,4.07965E+01,4.07965E+01,4.07965E+01,4.07965E+01,4.07965E+01,4.07965E+01,4.07965E+01,4.07965E+01,4.07965E+01,4.07965E+01,1.47990E+01,4.07965E+01,4.07965E+01,4.07965E+01,4.07965E+01,2.62940E+00,4.07965E+01,1.47990E+01,4.07965E+01,3.21792E+00,4.07965E+01,5.44839E+00,4.07965E+01,4.07965E+01,5.47543E+00,4.07965E+01,4.07965E+01 
#t = 2.394E+03
4.07965E+01,4.07965E+01,4.07965E+01,4.07965E+01,4.07965E+01,4.07965E+01,4.07965E+01,4.07965E+01,4.07965E+01,4.07965E+01,4.07965E+01,4.07965E+01,2.47015E+01,4.07965E+01,4.07965E+01,4.07965E+01,1.47990E+01,4.07965E+01,4.07965E+01,4.07965E+01,4.07965E+01,4.07965E+01,4.07965E+01,4.07965E+01,4.07965E+01,4.07965E+01,3.71475E+00,4.07965E+01,4.07965E+01,1.47990E+01,2.47015E+01,4.07965E+01,4.07965E+01,2.47015E+01,1.14580E+00,2.47015E+01,4.07965E+01,4.07965E+01,4.07965E+01,2.47015E+01,4.07965E+01,4.07965E+01,4.22953E+00,4.07965E+01,3.63585E+00,5.85164E+00,4.07965E+01,4.07965E+01,4.07965E+01,6.83339E+00 
#t = 2.436E+03
4.07965E+01,4.07965E+01,4.07965E+01,4.07965E+01,4.07965E+01,4.07965E+01,4.07965E+01,2.47015E+01,1.47755E+01,4.07965E+01,4.07965E+01,4.07965E+01,4.07965E+01,4.07965E+01,4.07965E+01,4.07965E+01,4.07965E+01,7.10972E+00,4.07965E+01,4.07965E+01,4.07965E+01,4.07965E+01,4.07965E+01,4.07965E+01,4.07965E+01,1.47755E+01,4.07965E+01,4.07965E+01,4.07965E+01,4.07965E+01,4.07965E+01 
#t = 2.478E+03
1.47755E+01,4.07965E+01,4.07965E+01,4.07965E+01,4.07965E+01,4.07965E+01,4.07965E+01,4.07965E+01,4.07965E+01,4.07965E+01,2.47015E+01,4.07965E+01,4.07965E+01,4.07965E+01,4.07965E+01,4.07965E+01,4.07965E+01,4.07965E+01,4.07965E+01,4.07965E+01,1.47755E+01,4.07965E+01,4.07965E+01,4.07965E+01,4.07965E+01,4.07965E+01,4.07965E+01,1.24834E+01,4.07965E+01,4.07965E+01,4.07965E+01,4.07965E+01,4.07965E+01,4.07965E+01,4.07965E+01 
#t = 2.520E+03
4.07965E+01,4.07965E+01,4.07965E+01,4.07965E+01,4.07965E+01,4.07965E+01,4.07965E+01,4.07965E+01,1.22825E+01,4.07965E+01,4.07965E+01,4.07965E+01,1.03697E+01,4.07965E+01,1.47755E+01,4.07965E+01,4.07965E+01,4.07965E+01,6.52127E+00,4.07965E+01,1.32999E+01,4.07965E+01,4.07965E+01,1.22825E+01,4.07965E+01,4.07965E+01,4.07965E+01,1.32999E+01,4.07965E+01,4.07965E+01,1.47755E+01,1.22825E+01,3.16447E+00,4.07965E+01,1.22825E+01,4.23588E-01,1.47755E+01 
#t = 2.562E+03
4.07965E+01,4.07965E+01,4.07965E+01,4.07965E+01,4.07965E+01,4.07965E+01,1.03697E+01,4.07965E+01,4.07965E+01,4.07965E+01,4.07965E+01,4.07965E+01,4.07965E+01,4.07965E+01,4.07965E+01,1.22825E+01,4.07965E+01,4.07965E+01,7.67870E+00,4.07965E+01,4.07965E+01,4.07965E+01,4.07965E+01,4.07965E+01,4.07965E+01,1.03697E+01,4.07965E+01,4.07965E+01,4.07965E+01,4.07965E+01,4.07965E+01,4.07965E+01,4.07965E+01,5.61545E+00,4.07965E+01,4.07965E+01,4.07965E+01,1.03697E+01,4.07965E+01,5.19532E-01,4.07965E+01,8.17946E-01 
#t = 2.604E+03
4.07965E+01,4.07965E+01,4.07965E+01,4.07965E+01,4.07965E+01,4.07965E+01,4.07965E+01,4.07965E+01,4.07965E+01,1.81696E+01,3.09677E+01,4.07965E+01,3.09677E+01,4.07965E+01,4.07965E+01,4.07965E+01,4.07965E+01,4.26962E+00,4.07965E+01,4.07965E+01,6.36245E-01,4.07965E+01,3.09677E+01,4.07965E+01,4.07965E+01,4.07965E+01,4.07965E+01,4.07965E+01,1.15361E+00,4.07965E+01,2.37990E+00 
#t = 2.646E+03
4.07965E+01,3.09677E+01,4.07965E+01,4.07965E+01,4.07965E+01,4.07965E+01,4.07965E+01,4.07965E+01,4.07965E+01,4.07965E+01,4.07965E+01,2.31329E+01,4.07965E+01,4.07965E+01,4.07965E+01,4.07965E+01,2.31329E+01,4.07965E+01,4.07965E+01,4.07965E+01,4.07965E+01,4.07965E+01,4.07965E+01,5.58014E+00,5.82870E-01,4.07965E+01,4.07965E+01,4.07965E+01 
#t = 2.688E+03
4.07965E+01,4.07965E+01,4.07965E+01,4.07965E+01,4.07965E+01,4.07965E+01,2.31329E+01,4.07965E+01,4.07965E+01,4.07965E+01,3.09677E+01,4.07965E+01,4.07965E+01,2.31329E+01,4.07965E+01,4.07965E+01,4.07965E+01,4.07965E+01,4.07965E+01,4.07965E+01,5.42349E+00,4.07965E+01,4.07965E+01,4.07965E+01,4.07965E+01,4.07965E+01,4.07965E+01,2.31329E+01,4.07965E+01,9.16996E+00,4.07965E+01,2.85674E+00,3.09677E+01,3.70604E+00,2.31329E+01,4.07965E+01,4.07965E+01 
#t = 2.730E+03
2.31329E+01,4.07965E+01,4.07965E+01,4.07965E+01,4.07965E+01,4.07965E+01,4.07965E+01,4.07965E+01,4.07965E+01,4.07965E+01,4.07965E+01,4.07965E+01,4.07965E+01,4.07965E+01,4.07965E+01,4.07965E+01,8.81436E+00,4.07965E+01,4.07965E+01,4.07965E+01,4.07965E+01,4.07965E+01,4.07965E+01,4.07965E+01,4.07965E+01,4.07965E+01,4.07965E+01,4.07965E+01,1.04575E+00,4.07965E+01,4.07965E+01,4.07965E+01,4.07965E+01,4.07965E+01,4.07965E+01,4.07965E+01,4.07965E+01,4.07965E+01,4.07965E+01 
#t = 2.772E+03
4.07965E+01,4.07965E+01,4.07965E+01,4.07965E+01,2.31329E+01,4.07965E+01,4.07965E+01,4.07965E+01,4.07965E+01,4.07965E+01,4.07965E+01,4.07965E+01,4.07965E+01,4.07965E+01,4.07965E+01,4.07965E+01,4.07965E+01,4.07965E+01,4.07965E+01,4.07965E+01,4.07965E+01,4.07965E+01,4.07965E+01,4.07965E+01,4.07965E+01,4.07965E+01,4.07965E+01,4.07965E+01,4.07965E+01,4.07965E+01,4.07965E+01,4.07965E+01,4.07965E+01,4.07965E+01,4.07965E+01,4.07965E+01,4.07965E+01,4.07965E+01,4.07965E+01,4.07965E+01,4.07965E+01,4.07965E+01,4.07965E+01,9.37946E+00,4.07965E+01 
#t = 2.814E+03
4.07965E+01,4.07965E+01,4.07965E+01,4.07965E+01,4.07965E+01,4.07965E+01,4.07965E+01,4.07965E+01,4.07965E+01,4.07965E+01,4.07965E+01,4.07965E+01,4.07965E+01,4.07965E+01,4.07965E+01,4.07965E+01,4.07965E+01,4.07965E+01,4.07965E+01,4.07965E+01,4.07965E+01,4.07965E+01,4.07965E+01,4.07965E+01,4.07965E+01,4.07965E+01,4.07965E+01,6.87269E+00,4.07965E+01,4.07965E+01,8.64760E+00,4.07965E+01 
#t = 2.856E+03
4.07965E+01,4.07965E+01,4.07965E+01,4.07965E+01,4.07965E+01,4.07965E+01,4.07965E+01,4.07965E+01,4.07965E+01,4.07965E+01,4.07965E+01,4.07965E+01,4.07965E+01,4.07965E+01,4.07965E+01,4.07965E+01,4.07965E+01,4.07965E+01,4.07965E+01,4.07965E+01,4.07965E+01,4.07965E+01,4.07965E+01,4.07965E+01,4.07965E+01,1.24543E+01,4.07965E+01,4.07965E+01,4.07965E+01,4.07965E+01,4.07965E+01,4.07965E+01,4.07965E+01,4.07965E+01,4.07965E+01,4.07965E+01,5.45464E+01,4.07965E+01,4.07965E+01,1.24543E+01,4.07965E+01 
#t = 2.898E+03
4.07965E+01,4.07965E+01,4.07965E+01,4.07965E+01,4.07965E+01,4.07965E+01,4.07965E+01,1.24543E+01,4.07965E+01,4.07965E+01,4.07965E+01,4.07965E+01,5.45464E+01,4.07965E+01,4.07965E+01,4.07965E+01,4.07965E+01,4.07965E+01,4.07965E+01,4.07965E+01,4.07965E+01,1.24543E+01,4.07965E+01,4.07965E+01,5.45464E+01,4.07965E+01,4.07965E+01,4.07965E+01,1.24543E+01,4.07965E+01,4.07965E+01,1.59439E+00,4.07965E+01,4.12730E+00,1.24543E+01 
#t = 2.940E+03
4.07965E+01,4.07965E+01,4.07965E+01,1.24543E+01,5.45464E+01,4.07965E+01,4.07965E+01,5.45464E+01,4.07965E+01,4.07965E+01,4.07965E+01,4.07965E+01,4.07965E+01,4.07965E+01,1.24543E+01,4.07965E+01,4.07965E+01,4.07965E+01,4.07965E+01,4.07965E+01,4.07965E+01,5.45464E+01,4.07965E+01,4.07965E+01,4.07965E+01,1.24543E+01,4.07965E+01,4.07965E+01,4.07965E+01 
#t = 2.982E+03
4.07965E+01,4.07965E+01,4.07965E+01,4.07965E+01,4.07965E+01,5.45464E+01,1.24543E+01,4.07965E+01,1.24543E+01,4.07965E+01,4.07965E+01,4.07965E+01,4.07965E+01,4.07965E+01,4.07965E+01,4.07965E+01,4.07965E+01,4.07965E+01,4.07965E+01,1.24543E+01,4.07965E+01,1.53692E+01,4.07965E+01,4.07965E+01,4.07965E+01,4.07965E+01,4.07965E+01,4.07965E+01,4.07965E+01,4.07965E+01,4.07965E+01,4.07965E+01,4.07965E+01,4.07965E+01,4.07965E+01,4.07965E+01,4.07965E+01 
#t = 3.024E+03
1.24543E+01,4.07965E+01,4.07965E+01,4.07965E+01,4.07965E+01,4.07965E+01,4.07965E+01,4.07965E+01,4.07965E+01,4.07965E+01,4.07965E+01,1.24543E+01,4.07965E+01,4.07965E+01,4.07965E+01,4.07965E+01,4.07965E+01,4.07965E+01,4.07965E+01,4.07965E+01,4.07965E+01,4.07965E+01,4.07965E+01,4.07965E+01,5.57972E+00,4.07965E+01,4.07965E+01,4.07965E+01,1.24543E+01,4.07965E+01,4.07965E+01,4.07965E+01,4.07965E+01,4.07965E+01,4.07965E+01,4.07965E+01,4.07965E+01,1.18961E+00,4.07965E+01,3.28672E+00,4.07965E+01,4.07965E+01 
#t = 3.066E+03
4.07965E+01,1.24543E+01,4.07965E+01,4.07965E+01,4.07965E+01,4.07965E+01,4.07965E+01,4.07965E+01,4.07965E+01,4.07965E+01,4.07965E+01,4.18304E+01,4.07965E+01,4.07965E+01,4.07965E+01,4.07965E+01,4.07965E+01,4.07965E+01,9.33464E+00,4.07965E+01,4.07965E+01,4.07965E+01,1.24543E+01,4.07965E+01,4.07965E+01,4.07965E+01,4.07965E+01,4.07965E+01,4.07965E+01,4.07965E+01,4.07965E+01,4.07965E+01,4.07965E+01,4.07965E+01,4.07965E+01,1.04161E+01 
#t = 3.108E+03
4.07965E+01,4.07965E+01,4.07965E+01,4.07965E+01,4.07965E+01,4.07965E+01,4.07965E+01,4.07965E+01,4.07965E+01,4.07965E+01,4.07965E+01,4.07965E+01,4.07965E+01,4.07965E+01,4.07965E+01,1.24543E+01,4.07965E+01,4.07965E+01,4.07965E+01,4.07965E+01,4.07965E+01,4.07965E+01,4.07965E+01,4.07965E+01,4.07965E+01,4.07965E+01,4.07965E+01,4.07965E+01,1.24543E+01,4.13512E+00,6.97486E+00,4.05815E+01,4.07965E+01,1.24543E+01,4.07965E+01,4.07965E+01,4.07965E+01,4.07965E+01,4.07965E+01,4.07965E+01,4.07965E+01,4.07965E+01,5.25308E+00,3.11759E+01,1.24543E+01 
#t = 3.150E+03
4.07965E+01,4.07965E+01,4.07965E+01,4.07965E+01,4.07965E+01,2.19427E+01,4.07965E+01,4.07965E+01,4.07965E+01,4.07965E+01,4.07965E+01,4.07965E+01,4.07965E+01,4.07965E+01,4.07965E+01,9.46617E+00,2.19427E+01,4.07965E+01,4.07965E+01,4.07965E+01,4.07965E+01,4.07965E+01,4.07965E+01,4.07965E+01,4.07965E+01,4.07965E+01,4.07965E+01,4.07965E+01,4.07965E+01,5.73561E-01,4.07965E+01,4.07965E+01,4.07965E+01 
#t = 3.192E+03
4.07965E+01,4.07965E+01,4.07965E+01,4.07965E+01,4.07965E+01,4.07965E+01,4.07965E+01,4.07965E+01,4.07965E+01,4.07965E+01,4.07965E+01,4.07965E+01,4.07965E+01,4.07965E+01,4.07965E+01,4.07965E+01,4.07965E+01,4.07965E+01,4.07965E+01,4.07965E+01,4.07965E+01,4.07965E+01,4.07965E+01,4.07965E+01,4.07965E+01,4.07965E+01,4.07965E+01,4.07965E+01,4.07965E+01,4.07965E+01,4.07965E+01,4.07965E+01,4.07965E+01,4.07965E+01,4.07965E+01,4.07965E+01,4.07965E+01,4.07965E+01,4.07965E+01,4.07965E+01,8.94272E-02,4.07965E+01,4.07965E+01,4.07965E+01 
#t = 3.234E+03
4.07965E+01,4.07965E+01,4.07965E+01,4.07965E+01,4.07965E+01,4.07965E+01,4.07965E+01,4.07965E+01,4.07965E+01,4.07965E+01,4.07965E+01,1.14197E+01,4.07965E+01,4.07965E+01,4.07965E+01,1.14197E+01,4.07965E+01,4.07965E+01,4.07965E+01,4.07965E+01,4.07965E+01,4.07965E+01,4.07965E+01,4.07965E+01,1.14197E+01,4.07965E+01,4.07965E+01,4.07965E+01,4.07965E+01,4.07965E+01,4.07965E+01,4.07965E+01,4.07965E+01,4.07965E+01,4.07965E+01,4.07965E+01,4.07965E+01,3.37705E+01,4.07965E+01,4.07965E+01,4.07965E+01,4.07965E+01,4.07965E+01,4.07965E+01,3.59673E+00,3.37705E+01,2.30238E+00,4.07965E+01,4.07965E+01 
#t = 3.276E+03
4.07965E+01,3.37705E+01,4.07965E+01,4.07965E+01,4.07965E+01,4.07965E+01,4.07965E+01,4.07965E+01,4.07965E+01,4.07965E+01,4.07965E+01,4.07965E+01,4.07965E+01,4.07965E+01,4.07965E+01,4.07965E+01,4.07965E+01,4.07965E+01,4.07965E+01,4.07965E+01,4.07965E+01,4.07965E+01,4.07965E+01,4.07965E+01,4.07965E+01,4.07965E+01,4.07965E+01,4.07965E+01,4.07965E+01,4.07965E+01,4.07965E+01,4.07965E+01,4.07965E+01,4.07965E+01,6.90311E-01,4.07965E+01,4.07965E+01 
#t = 3.318E+03
3.37705E+01,4.07965E+01,4.07965E+01,4.07965E+01,4.07965E+01,4.07965E+01,4.07965E+01,4.07965E+01,4.07965E+01,4.07965E+01,4.07965E+01,4.07965E+01,4.07965E+01,4.07965E+01,4.07965E+01,4.07965E+01,4.07965E+01,4.07965E+01,4.07965E+01,4.07965E+01,4.07965E+01,4.07965E+01,4.07965E+01,4.07965E+01,4.07965E+01,4.07965E+01,4.07965E+01,4.07965E+01,4.07965E+01,4.07965E+01,4.07965E+01,4.07965E+01,4.07965E+01,4.07965E+01,4.07965E+01,4.07965E+01,4.07965E+01,7.67260E-01 
#t = 3.360E+03
4.07965E+01,4.07965E+01,4.07965E+01,4.07965E+01,4.07965E+01,4.07965E+01,4.07965E+01,4.07965E+01,4.07965E+01,4.07965E+01,4.07965E+01,4.07965E+01,4.07965E+01,4.07965E+01,4.07965E+01,4.07965E+01,4.07965E+01,4.07965E+01,4.07965E+01,4.07965E+01,4.07965E+01,4.07965E+01,4.07965E+01,4.07965E+01,4.07965E+01,4.07965E+01,4.07965E+01,4.07965E+01,4.07965E+01,4.07965E+01,4.07965E+01,4.07965E+01,4.07965E+01,4.07965E+01,4.07965E+01,4.07965E+01 
#t = 3.402E+03
4.07965E+01,4.07965E+01,4.07965E+01,4.07965E+01,4.07965E+01,4.07965E+01,4.07965E+01,1.41263E+01,4.07965E+01,4.07965E+01,4.07965E+01,4.07965E+01,4.07965E+01,4.07965E+01,4.07965E+01,4.07965E+01,4.07965E+01,4.07965E+01,4.07965E+01,4.07965E+01,4.07965E+01,4.07965E+01,4.07965E+01,4.07965E+01,4.07965E+01,4.07965E+01,4.07965E+01,4.07965E+01,4.07965E+01,4.07965E+01,4.07965E+01,4.07965E+01,4.07965E+01,4.07965E+01,4.07965E+01,6.65729E-01 
#t = 3.444E+03
4.07965E+01,4.07965E+01,4.07965E+01,4.07965E+01,4.07965E+01,4.07965E+01,4.07965E+01,4.07965E+01,4.07965E+01,4.07965E+01,4.07965E+01,5.29796E+00,4.07965E+01,4.07965E+01,4.07965E+01,4.07965E+01,4.07965E+01,4.07965E+01,4.07965E+01,4.07965E+01,4.07965E+01,4.07965E+01,4.07965E+01,4.07965E+01,4.07965E+01,4.07965E+01,4.07965E+01,4.07965E+01,4.07965E+01,4.07965E+01,4.07965E+01,4.07965E+01,4.07965E+01,4.07965E+01,4.07965E+01,4.07965E+01,4.07965E+01,4.07965E+01,4.07965E+01,4.07965E+01,4.07965E+01,4.07965E+01,4.07965E+01 
#t = 3.486E+03
4.07965E+01,4.07965E+01,4.07965E+01,4.07965E+01,4.07965E+01,4.07965E+01,4.07965E+01,4.07965E+01,4.07965E+01,4.07965E+01,4.07965E+01,4.07965E+01,4.07965E+01,4.07965E+01,4.07965E+01,4.07965E+01,4.07965E+01,4.07965E+01,4.38851E+00,4.07965E+01,4.07965E+01,4.07965E+01,4.07965E+01,4.07965E+01,4.07965E+01,2.38077E+00,4.07965E+01,4.07965E+01,4.07965E+01,4.07965E+01 
#t = 3.528E+03
4.07965E+01,4.07965E+01,4.07965E+01,4.07965E+01,4.07965E+01,4.07965E+01,1.34656E+01,4.07965E+01,4.07965E+01,4.07965E+01,4.07965E+01,4.07965E+01,4.07965E+01,4.07965E+01,4.07965E+01,4.07965E+01,4.07965E+01,4.07965E+01,4.07965E+01,4.07965E+01,4.07965E+01,4.07965E+01,4.07965E+01,4.07965E+01,4.07965E+01,4.07965E+01,4.07965E+01,4.07965E+01,4.07965E+01,1.02771E+01,4.07965E+01,4.07965E+01,4.07965E+01,4.07965E+01,4.07965E+01,7.85351E-01,4.07965E+01,4.07965E+01,4.07965E+01,4.07965E+01,7.98463E-01 
#t = 3.570E+03
4.07965E+01,4.07965E+01,4.07965E+01,4.07965E+01,4.07965E+01,4.07965E+01,4.07965E+01,4.07965E+01,4.07965E+01,4.07965E+01,4.07965E+01,4.07965E+01,4.07965E+01,6.35946E+00,4.07965E+01,4.07965E+01,4.07965E+01,4.07965E+01,4.07965E+01,4.07965E+01,4.07965E+01,4.07965E+01,4.07965E+01,4.07965E+01,4.07965E+01,4.07965E+01,4.07965E+01,4.07965E+01,4.07965E+01,4.07965E+01,4.07965E+01,4.07965E+01,4.07965E+01,4.07965E+01,4.07965E+01,3.41388E+00 
#t = 3.612E+03
4.07965E+01,4.07965E+01,4.07965E+01,4.07965E+01,4.07965E+01,4.07965E+01,4.07965E+01,4.07965E+01,4.07965E+01,4.07965E+01,4.07965E+01,4.07965E+01,4.07965E+01,4.07965E+01,4.07965E+01,4.07965E+01,4.07965E+01,4.07965E+01,4.07965E+01,4.07965E+01,4.07965E+01,4.07965E+01,4.07965E+01,4.07965E+01,4.07965E+01,4.07965E+01,1.26376E+01,4.07965E+01,4.07965E+01,4.07965E+01,4.07965E+01,4.07965E+01,4.07965E+01,4.07965E+01,4.07965E+01,5.95160E+00,4.07965E+01 
#t = 3.654E+03
4.07965E+01,4.07965E+01,4.07965E+01,4.07965E+01,4.07965E+01,4.07965E+01,4.07965E+01,4.07965E+01,4.07965E+01,4.07965E+01,4.07965E+01,4.07965E+01,4.07965E+01,4.07965E+01,4.07965E+01,4.07965E+01,4.07965E+01,4.07965E+01,4.07965E+01,4.07965E+01,4.07965E+01,4.07965E+01,4.07965E+01,4.07965E+01,4.07965E+01,4.07965E+01,4.07965E+01,4.07965E+01,4.07965E+01,4.07965E+01,4.07965E+01,4.07965E+01,4.07965E+01,4.07965E+01,4.07965E+01,4.07965E+01,4.07965E+01,4.07965E+01,4.07965E+01,3.15765E-01,4.07965E+01,4.46735E+00,1.96413E+00,4.07965E+01,4.07965E+01 
#t = 3.696E+03
4.07965E+01,4.07965E+01,4.07965E+01,4.07965E+01,4.07965E+01,4.07965E+01,4.07965E+01,4.07965E+01,4.07965E+01,4.07965E+01,4.07965E+01,4.07965E+01,4.07965E+01,4.07965E+01,4.07965E+01,4.07965E+01,4.07965E+01,4.07965E+01,4.07965E+01,4.07965E+01,4.07965E+01,4.07965E+01,4.07965E+01,4.07965E+01,4.07965E+01,1.52808E+00,4.07965E+01,1.30674E+00,4.07965E+01,4.07965E+01,5.00687E+00,4.07965E+01,2.46769E+00,4.07965E+01,4.07965E+01,2.35989E+00,1.85151E-01,4.07965E+01,4.07965E+01 
#t = 3.738E+03
4.07965E+01,4.07965E+01,4.07965E+01,4.07965E+01,4.07965E+01,4.07965E+01,4.07965E+01,4.07965E+01,4.07965E+01,4.07965E+01,4.07965E+01,4.07965E+01,4.07965E+01,4.07965E+01,4.07965E+01,4.07965E+01,4.07965E+01,4.07965E+01,4.07965E+01,4.07965E+01,6.30775E+00,4.07965E+01,4.07965E+01,4.07965E+01,4.07965E+01,4.07965E+01,4.07965E+01,4.07965E+01,4.07965E+01,5.60260E+00,1.58243E+00,4.07965E+01,4.07965E+01,4.07965E+01,4.07965E+01,2.99559E+00,1.00398E+00 
#t = 3.780E+03
4.07965E+01,4.07965E+01,4.07965E+01,4.07965E+01,4.07965E+01,4.07965E+01,1.68924E+01,4.07965E+01,4.07965E+01,4.07965E+01,4.07965E+01,4.07965E+01,4.07965E+01,4.07965E+01,4.07965E+01,4.07965E+01,4.07965E+01,4.07965E+01,4.07965E+01,4.07965E+01,4.07965E+01,4.07965E+01,1.16779E+01,4.07965E+01,4.07965E+01,4.07965E+01,4.07965E+01,4.07965E+01,4.07965E+01,4.07965E+01,4.07965E+01,9.56791E-01,4.07965E+01,4.07965E+01,4.07965E+01,7.23859E+00,4.07965E+01,1.54030E+01 
#t = 3.822E+03
4.07965E+01,4.07965E+01,4.07965E+01,4.07965E+01,4.07965E+01,4.07965E+01,4.07965E+01,4.07965E+01,4.07965E+01,4.07965E+01,4.07965E+01,4.07965E+01,4.07965E+01,4.07965E+01,4.07965E+01,4.07965E+01,4.07965E+01,4.07965E+01,4.07965E+01,4.07965E+01,4.07965E+01,4.07965E+01,4.07965E+01,4.07965E+01,4.07965E+01,4.07965E+01,4.07965E+01,4.07965E+01,4.07965E+01,3.49479E+00,4.07965E+01,4.07965E+01,4.07965E+01,4.07965E+01,4.07965E+01,4.07965E+01,9.85506E-01,4.02682E+00,5.12789E-01,4.59379E+00 
#t = 3.864E+03
4.07965E+01,4.07965E+01,4.07965E+01,4.07965E+01,4.07965E+01,4.07965E+01,4.07965E+01,4.07965E+01,4.07965E+01,4.07965E+01,4.07965E+01,4.07965E+01,4.07965E+01,4.07965E+01,4.07965E+01,4.07965E+01,4.07965E+01,4.07965E+01,4.07965E+01,4.07965E+01,4.07965E+01,4.07965E+01,4.07965E+01,1.98448E+00,4.07965E+01,4.07965E+01,4.07965E+01,4.07965E+01,4.07965E+01,4.07965E+01,4.07965E+01,4.07965E+01,4.07965E+01,4.07965E+01,4.07965E+01,4.07965E+01,4.07965E+01,4.07965E+01,1.34642E+01,4.07965E+01,7.61347E-01,2.33337E+00 
#t = 3.906E+03
4.07965E+01,4.07965E+01,4.07965E+01,4.07965E+01,4.07965E+01,4.07965E+01,4.07965E+01,4.07965E+01,4.07965E+01,4.07965E+01,4.07965E+01,4.07965E+01,4.07965E+01,4.07965E+01,4.07965E+01,4.07965E+01,4.07965E+01,4.07965E+01,4.07965E+01,4.07965E+01,4.07965E+01,4.07965E+01,4.07965E+01,4.07965E+01,4.07965E+01,4.07965E+01,4.07965E+01,4.07965E+01,4.07965E+01,4.07965E+01,4.07965E+01,4.07965E+01,4.07965E+01,4.07965E+01,4.07965E+01,4.07965E+01,4.07965E+01,4.07965E+01,1.79906E+01,1.34985E+00,4.07965E+01,4.07965E+01,4.07965E+01 
#t = 3.948E+03
4.07965E+01,4.07965E+01,4.07965E+01,4.07965E+01,4.07965E+01,4.07965E+01,4.07965E+01,4.07965E+01,4.07965E+01,4.07965E+01,4.07965E+01,4.07965E+01,4.07965E+01,4.07965E+01,4.07965E+01,4.07965E+01,2.21876E+01,4.07965E+01,4.07965E+01,4.07965E+01,4.07965E+01,4.07965E+01,4.07965E+01,4.07965E+01,4.07965E+01,4.07965E+01,4.07965E+01,4.07965E+01,4.07965E+01,2.21876E+01,4.07965E+01,8.54175E-01,4.07965E+01,4.07965E+01,4.07965E+01,4.07965E+01,4.07965E+01,4.07965E+01,4.07965E+01,4.07965E+01,4.07965E+01,4.07965E+01,4.07965E+01 
#t = 3.990E+03
4.07965E+01,4.07965E+01,4.07965E+01,4.07965E+01,4.07965E+01,4.07965E+01,4.07965E+01,4.07965E+01,4.07965E+01,4.07965E+01,4.07965E+01,4.07965E+01,4.07965E+01,4.07965E+01,4.07965E+01,4.07965E+01,4.07965E+01,4.07965E+01,4.07965E+01,4.07965E+01,4.07965E+01,4.07965E+01,4.07965E+01,4.07965E+01,4.07965E+01,4.07965E+01,4.07965E+01,4.07965E+01,4.07965E+01,4.07965E+01,4.07965E+01,4.07965E+01,4.07965E+01,4.07965E+01,5.83939E+00,4.07965E+01,3.81218E+00,4.07965E+01,4.07965E+01,3.13809E+00,4.07965E+01,4.07965E+01,4.07965E+01,4.07965E+01,4.07965E+01,4.70250E+00,4.07965E+01 
#t = 4.032E+03
4.07965E+01,4.07965E+01,4.07965E+01,4.07965E+01,4.07965E+01,4.07965E+01,4.07965E+01,4.07965E+01,4.07965E+01,4.07965E+01,4.07965E+01,4.07965E+01,4.07965E+01,4.07965E+01,5.44602E+01,4.07965E+01,4.07965E+01,4.07965E+01,4.07965E+01,4.07965E+01,4.07965E+01,4.07965E+01,4.07965E+01,4.07965E+01,4.07965E+01,4.07965E+01,4.07965E+01,5.44602E+01,4.07965E+01,4.07965E+01,4.07965E+01,4.07965E+01,5.44602E+01,4.07965E+01,4.07965E+01,4.07965E+01,4.07965E+01,4.07965E+01,4.07965E+01,4.07965E+01,4.07965E+01,4.07965E+01,4.07965E+01,4.07965E+01,3.51747E+00,4.07965E+01,4.07965E+01,4.07965E+01,5.44602E+01,1.18094E+00,5.44602E+01,4.03641E+00,4.07965E+01,4.07965E+01 
#t = 4.074E+03
4.07965E+01,4.07965E+01,5.44602E+01,4.07965E+01,4.07965E+01,4.07965E+01,4.07965E+01,4.07965E+01,4.07965E+01,4.07965E+01,4.07965E+01,4.07965E+01,5.44602E+01,6.43638E+00,4.07965E+01,5.44602E+01,4.07965E+01,4.07965E+01,4.07965E+01,5.44602E+01,5.44602E+01,4.07965E+01,4.07965E+01,5.44602E+01,5.44602E+01,4.07965E+01,4.07965E+01,4.07965E+01,4.07965E+01,4.07965E+01 
#t = 4.116E+03
4.07965E+01,5.44602E+01,5.44602E+01,5.44602E+01,4.07965E+01,4.07965E+01,4.07965E+01,4.07965E+01,4.07965E+01,4.07965E+01,4.07965E+01,4.07965E+01,4.07965E+01,4.07965E+01,5.44602E+01,5.44602E+01,6.06431E+00,4.07965E+01,4.07965E+01,4.07965E+01,5.44602E+01,4.07965E+01,1.36415E+01,4.07965E+01,5.44602E+01,5.44602E+01,4.07965E+01,4.07965E+01,4.07965E+01,4.07965E+01,1.36415E+01,4.07965E+01,4.07965E+01,4.07965E+01,4.07965E+01,8.27843E+00,4.07965E+01,4.07965E+01,4.07965E+01,5.44602E+01,5.44602E+01,4.07965E+01,3.33995E+00,4.59871E+00,5.44602E+01 
#t = 4.158E+03
4.07965E+01,5.44602E+01,5.44602E+01,5.44602E+01,5.44602E+01,4.07965E+01,4.07965E+01,4.07965E+01,5.44602E+01,5.44602E+01,5.44602E+01,4.07965E+01,5.44602E+01,4.07965E+01,4.07965E+01,5.44602E+01,4.07965E+01,4.07965E+01,5.44602E+01,5.44602E+01,4.07965E+01,4.07965E+01,5.44602E+01,5.44602E+01,4.07965E+01,4.07965E+01,4.07965E+01,5.44602E+01,4.07965E+01,5.44602E+01,3.39539E+00,5.44602E+01,4.07965E+01,4.07965E+01,4.07965E+01 
#t = 4.200E+03
4.07965E+01,4.07965E+01,4.07965E+01,4.07965E+01,4.07965E+01,5.44602E+01,4.07965E+01,4.07965E+01,5.44602E+01,4.07965E+01,4.07965E+01,4.07965E+01,4.07965E+01,4.33695E+00,4.07965E+01,4.07965E+01,4.07965E+01,5.44602E+01,4.07965E+01,4.07965E+01,4.07965E+01,4.07965E+01,4.07965E+01,4.07965E+01,4.07965E+01,4.07965E+01,4.07965E+01,4.66037E-01,5.44602E+01,4.07965E+01 
