#t = 0.000E+00
3.18543E-01,1.98033E+00,3.84091E+00,6.05389E+00,1.92268E+00 
#t = 4.200E+01
6.54586E+01,6.54586E+01,9.69497E+00,6.54586E+01,6.54586E+01,6.24968E+00,6.54586E+01 
#t = 8.400E+01
6.69448E+00 
#t = 1.260E+02
1.65818E+01,1.85214E+00,1.65818E+01,1.65818E+01 
#t = 1.680E+02
1.65818E+01,7.86028E+00,5.12308E+00 
#t = 2.100E+02
3.50597E+01,3.50597E+01,3.50597E+01,3.50597E+01,3.50597E+01,3.50597E+01,3.50597E+01,3.50597E+01 
#t = 2.520E+02
3.50597E+01,3.50597E+01,3.50597E+01,3.50597E+01,1.06086E+01,3.50597E+01,3.50597E+01,3.50597E+01,1.11031E+01,3.50597E+01,3.50597E+01,3.50597E+01,3.50597E+01,3.50597E+01,1.59121E+00,4.42263E-01,8.39821E-01,3.50597E+01 
#t = 2.940E+02
8.98144E+00,3.50597E+01,3.50597E+01,3.50597E+01,3.50597E+01,3.50597E+01,3.50597E+01,3.50597E+01,3.50597E+01,3.50597E+01,3.50597E+01,6.40964E+00,3.50597E+01,3.50597E+01,3.50597E+01,3.50597E+01,3.50597E+01,3.50597E+01,3.50597E+01,3.50597E+01,3.50597E+01,3.50597E+01,3.50597E+01,3.50597E+01,3.50597E+01,3.50597E+01,3.50597E+01,3.50597E+01,3.50597E+01,8.86574E-01,4.61757E+00,3.50597E+01,3.50597E+01,3.50597E+01,1.32253E+00 
#t = 3.360E+02
3.50597E+01,3.50597E+01,3.50597E+01,3.50597E+01,3.50597E+01,3.50597E+01,3.50597E+01,3.50597E+01,3.50597E+01,3.50597E+01,3.50597E+01,3.50597E+01,3.50597E+01,3.50597E+01,3.50597E+01,3.50597E+01,3.50597E+01,3.50597E+01,3.50597E+01,3.50597E+01,3.50597E+01,3.50597E+01,3.50597E+01,3.50597E+01,3.50597E+01,3.50597E+01,3.50597E+01,4.11889E-01,3.50597E+01,3.50597E+01,2.43622E+01,3.50597E+01,3.50597E+01,2.57786E+00,3.50597E+01,3.50597E+01,3.50597E+01 
#t = 3.780E+02
3.50597E+01,3.50597E+01,3.50597E+01,3.50597E+01,3.50597E+01,3.50597E+01,3.50597E+01,3.50597E+01,3.50597E+01,3.50597E+01,3.50597E+01,3.50597E+01,3.50597E+01,3.50597E+01,3.50597E+01,3.50597E+01,3.50597E+01,3.50597E+01,3.50597E+01,3.50597E+01,3.50597E+01,3.50597E+01,3.50597E+01,3.50597E+01,3.50597E+01,1.00759E+00,3.50597E+01 
#t = 4.200E+02
3.50597E+01,3.50597E+01,3.50597E+01,3.50597E+01,3.50597E+01,3.50597E+01,3.50597E+01,3.50597E+01,3.50597E+01,3.50597E+01,3.50597E+01,3.50597E+01,3.50597E+01,3.50597E+01,3.50597E+01,3.50597E+01,3.50597E+01,3.50597E+01,3.50597E+01,3.50597E+01,1.50594E+01,3.50597E+01,3.50597E+01,3.50597E+01,3.50597E+01,3.50597E+01,5.16231E+00,3.50597E+01,3.50597E+01,1.21732E+01,3.50597E+01,3.50597E+01,3.50597E+01,1.21732E+01,1.57954E+01,3.50597E+01,3.50597E+01,3.50597E+01,3.50597E+01 
#t = 4.620E+02
3.50597E+01,3.50597E+01,3.50597E+01,3.50597E+01,3.50597E+01,3.50597E+01,1.00479E+01,4.47692E+00,3.50597E+01,2.14642E+01,3.50597E+01,3.50597E+01,3.50597E+01,3.50597E+01,3.50597E+01,3.50597E+01,3.50597E+01,3.50597E+01,3.50597E+01,3.50597E+01,3.50597E+01,3.50597E+01,3.50597E+01,3.50597E+01,3.50597E+01 
#t = 5.040E+02
3.50597E+01,3.50597E+01,3.50597E+01,3.50597E+01,2.14642E+01,3.50597E+01,3.50597E+01,3.50597E+01,3.50597E+01,3.50597E+01,3.50597E+01,3.50597E+01,3.50597E+01,3.50597E+01,3.50597E+01,3.50597E+01,3.50597E+01,2.14642E+01,3.50597E+01,3.50597E+01,3.50597E+01,3.50597E+01,3.50597E+01,3.50597E+01,3.50597E+01,3.50597E+01,3.50597E+01,3.50597E+01,3.50597E+01,3.50597E+01,3.50597E+01,3.50597E+01,3.50597E+01,1.29486E+00,3.50597E+01,7.38780E+00,3.50597E+01,3.50597E+01,3.50597E+01,3.50597E+01,7.32024E+00,3.50597E+01,3.50597E+01,3.50597E+01 
#t = 5.460E+02
3.50597E+01,3.50597E+01,3.50597E+01,3.50597E+01,3.50597E+01,3.50597E+01,3.50597E+01,3.50597E+01,3.50597E+01,3.50597E+01,3.50597E+01,3.50597E+01,3.50597E+01,3.50597E+01,3.50597E+01,3.50597E+01,3.50597E+01,3.50597E+01,3.50597E+01,3.50597E+01,3.50597E+01,3.50597E+01,4.21274E+00,3.50597E+01,7.11918E+00,3.50597E+01,3.50597E+01,1.14302E+01,3.50597E+01,3.50597E+01,5.22371E+00,3.50597E+01,3.50597E+01,3.50597E+01,3.50597E+01,3.50597E+01 
#t = 5.880E+02
3.50597E+01,3.50597E+01,3.50597E+01,3.50597E+01,3.50597E+01,3.50597E+01,3.50597E+01,3.50597E+01,3.50597E+01,3.50597E+01,3.50597E+01,3.50597E+01,3.50597E+01,3.50597E+01,3.50597E+01,3.50597E+01,3.50597E+01,3.50597E+01,3.50597E+01,3.50597E+01,3.50597E+01,3.50597E+01,3.50597E+01,3.50597E+01,3.50597E+01,3.50597E+01,3.50597E+01,3.50597E+01,3.50597E+01,3.50597E+01,3.50597E+01,3.50597E+01,3.50597E+01,3.50597E+01,3.50597E+01,3.50597E+01,3.50597E+01,3.50597E+01,3.50597E+01 
#t = 6.300E+02
3.50597E+01,3.50597E+01,3.50597E+01,3.50597E+01,3.50597E+01,3.50597E+01,3.50597E+01,3.50597E+01,3.50597E+01,3.50597E+01,3.50597E+01,3.50597E+01,3.50597E+01,3.50597E+01,2.45008E+01,3.50597E+01,3.50597E+01,3.50597E+01,3.50597E+01,3.50597E+01,3.50597E+01,3.50597E+01,3.50597E+01,3.50597E+01,3.50597E+01,4.17677E+00,3.50597E+01,3.50597E+01,6.87468E+00,2.07038E-01,3.50597E+01,3.50597E+01,1.79717E+00,3.50597E+01 
#t = 6.720E+02
3.50597E+01,3.50597E+01,3.50597E+01,3.50597E+01,3.50597E+01,3.50597E+01,2.45008E+01,3.50597E+01,3.50597E+01,3.50597E+01,3.50597E+01,3.50597E+01,9.39243E+00,3.50597E+01,3.50597E+01,3.50597E+01,3.50597E+01,3.50597E+01,3.50597E+01,3.50597E+01,3.50597E+01,3.50597E+01,3.50597E+01,3.50597E+01,3.50597E+01,3.50597E+01,5.07410E-01,4.86632E+00,3.50597E+01,3.50597E+01,3.50597E+01,1.29342E+00,3.50597E+01,3.50597E+01,6.34992E+00,1.98006E+00,3.50597E+01,3.50597E+01 
#t = 7.140E+02
3.50597E+01,3.50597E+01,3.50597E+01,3.50597E+01,3.50597E+01,3.50597E+01,3.50597E+01,3.50597E+01,3.50597E+01,3.50597E+01,3.50597E+01,3.50597E+01,3.50597E+01,3.50597E+01,3.50597E+01,3.50597E+01,3.50597E+01,3.50597E+01,3.50597E+01,3.50597E+01,3.50597E+01,3.50597E+01,2.03502E+00,3.50597E+01,3.50597E+01,3.02708E+00,3.11600E+00,3.50597E+01,3.50597E+01,3.50597E+01,3.50597E+01 
#t = 7.560E+02
3.50597E+01,3.50597E+01,3.50597E+01,3.50597E+01,3.50597E+01,3.50597E+01,3.50597E+01,3.50597E+01,3.50597E+01,3.50597E+01,3.50597E+01,3.50597E+01,3.50597E+01,3.50597E+01,3.50597E+01,3.50597E+01,3.50597E+01,3.50597E+01,3.50597E+01,3.50597E+01,3.50597E+01,3.50597E+01,3.50597E+01,4.11962E+00,1.70938E+01,3.50597E+01,3.50597E+01,3.50597E+01,3.50597E+01,3.50597E+01,3.50597E+01,1.70938E+01,3.50597E+01,4.19791E-01,1.19912E+00 
#t = 7.980E+02
3.50597E+01,3.50597E+01,3.50597E+01,3.50597E+01,3.50597E+01,3.50597E+01,3.50597E+01,3.50597E+01,3.50597E+01,3.50597E+01,3.50597E+01,3.50597E+01,3.50597E+01,3.50597E+01,3.50597E+01,3.50597E+01,3.50597E+01,3.50597E+01,3.50597E+01,3.50597E+01,3.50597E+01,3.50597E+01,3.50597E+01,3.50597E+01,3.50597E+01,3.50597E+01,3.50597E+01,3.50597E+01,3.50597E+01,3.50597E+01,3.50597E+01,3.50597E+01,3.50597E+01,3.50597E+01,3.50597E+01,3.50597E+01,1.75642E+00 
#t = 8.400E+02
3.50597E+01,3.50597E+01,3.50597E+01,3.50597E+01,3.50597E+01,3.50597E+01,3.50597E+01,3.50597E+01,3.50597E+01,3.50597E+01,3.50597E+01,3.50597E+01,3.50597E+01,3.50597E+01,3.50597E+01,3.50597E+01,3.50597E+01,3.50597E+01,3.50597E+01,3.50597E+01,3.50597E+01,3.50597E+01,3.50597E+01,3.50597E+01,3.50597E+01,7.21700E+00,5.68953E+00,2.31735E+00,3.50597E+01 
#t = 8.820E+02
3.50597E+01,3.50597E+01,3.50597E+01,3.50597E+01,3.50597E+01,3.50597E+01,3.50597E+01,3.50597E+01,3.50597E+01,3.50597E+01,3.50597E+01,3.50597E+01,3.50597E+01,3.50597E+01,3.50597E+01,3.50597E+01,3.50597E+01,3.50597E+01,3.50597E+01,3.50597E+01,3.50597E+01,3.50597E+01,3.50597E+01,3.50597E+01,3.50597E+01,5.87537E+00,3.50597E+01,3.50597E+01,3.50597E+01,3.50597E+01,3.50597E+01,3.50597E+01,3.50597E+01,3.77676E+00,3.50597E+01,3.50597E+01,3.50597E+01,6.14127E+00,3.50597E+01,1.63750E+00,3.50597E+01 
#t = 9.240E+02
3.50597E+01,3.50597E+01,3.50597E+01,3.50597E+01,3.50597E+01,3.50597E+01,3.50597E+01,1.34607E+01,3.50597E+01,3.50597E+01,3.50597E+01,3.50597E+01,3.50597E+01,1.20087E+01,3.50597E+01,3.50597E+01,3.50597E+01,3.50597E+01,3.50597E+01,3.50597E+01,1.52033E+01,3.50597E+01,3.50597E+01,3.50597E+01,3.50597E+01,3.50597E+01,3.50597E+01,3.50597E+01,3.50597E+01,3.50597E+01,3.50597E+01,3.50597E+01,3.50597E+01,3.50597E+01,3.50597E+01,1.34607E+01,3.50597E+01,1.84894E+00,3.50597E+01,3.50597E+01,3.50597E+01 
#t = 9.660E+02
3.50597E+01,3.50597E+01,3.50597E+01,3.50597E+01,3.50597E+01,3.50597E+01,3.50597E+01,1.34607E+01,1.34607E+01,3.50597E+01,3.50597E+01,3.50597E+01,3.50597E+01,1.26161E+01,3.50597E+01,1.34607E+01,3.50597E+01,3.50597E+01,3.50597E+01,3.50597E+01,3.50597E+01,1.26161E+01,3.50597E+01,3.43512E+00,3.50597E+01,3.50597E+01,3.50597E+01,1.26161E+01,3.50597E+01 
#t = 1.008E+03
1.26161E+01,3.50597E+01,3.50597E+01,3.50597E+01,3.50597E+01,3.50597E+01,3.50597E+01,3.50597E+01,3.50597E+01,3.50597E+01,3.50597E+01,3.50597E+01,3.50597E+01,3.50597E+01,3.50597E+01,3.50597E+01,8.55328E+00,3.50597E+01,3.50597E+01,3.50597E+01,7.53651E-01,4.15934E+00,3.50597E+01,3.50597E+01,3.50597E+01,1.30817E+00,1.26161E+01,3.50597E+01,1.26161E+01 
#t = 1.050E+03
8.55328E+00,3.50597E+01,3.50597E+01,3.50597E+01,3.50597E+01,3.50597E+01,3.50597E+01,3.50597E+01,3.50597E+01,3.50597E+01,3.50597E+01,3.50597E+01,3.50597E+01,3.50597E+01,3.50597E+01,3.50597E+01,3.50597E+01,3.50597E+01,3.50597E+01,3.50597E+01,3.50597E+01,3.50597E+01,3.50597E+01,3.50597E+01,3.50597E+01,3.50597E+01,3.50597E+01,3.50597E+01,3.50597E+01,3.50597E+01,3.50597E+01,7.35970E-01,3.50597E+01,3.50597E+01,3.50597E+01,3.50597E+01,4.91385E-01 
#t = 1.092E+03
3.50597E+01,3.50597E+01,3.50597E+01,3.50597E+01,3.50597E+01,3.50597E+01,1.28588E+01,3.50597E+01,3.50597E+01,3.50597E+01,3.50597E+01,1.28588E+01,3.50597E+01,3.50597E+01,6.41482E+00,3.50597E+01,3.50597E+01,3.50597E+01,3.50597E+01,3.50597E+01,3.50597E+01,3.50597E+01,3.50597E+01,9.19895E+00,4.81890E+00,3.50597E+01,3.50597E+01,3.50597E+01,3.50597E+01,3.50597E+01,3.50597E+01,3.50597E+01,3.50597E+01,3.50597E+01,3.50597E+01,1.28588E+01,3.50597E+01,4.72110E+00,3.50597E+01,3.19107E-01,3.50597E+01 
#t = 1.134E+03
3.50597E+01,3.50597E+01,3.50597E+01,3.50597E+01,3.50597E+01,3.50597E+01,3.50597E+01,3.50597E+01,1.27023E+01,3.50597E+01,3.50597E+01,3.50597E+01,3.50597E+01,3.50597E+01,2.08560E+01,3.50597E+01,3.50597E+01,3.50597E+01,3.50597E+01,1.06763E+01,3.50597E+01,1.27023E+01,3.50597E+01,3.50597E+01,3.50597E+01,3.50597E+01,3.50597E+01,3.50597E+01,3.50597E+01,3.50597E+01 
#t = 1.176E+03
1.27023E+01,3.50597E+01,3.50597E+01,3.50597E+01,3.50597E+01,2.08560E+01,3.50597E+01,3.50597E+01,3.50597E+01,3.50597E+01,3.50597E+01,5.62268E+01,3.50597E+01,3.50597E+01,3.50597E+01,3.50597E+01,3.50597E+01,3.50597E+01,1.27023E+01,1.27023E+01,9.65269E+00,5.62268E+01,3.50597E+01,1.27023E+01,5.62268E+01,2.08560E+01,3.50597E+01,1.27023E+01,8.55560E+00,7.95200E+00,3.50597E+01,5.62268E+01,2.96841E+00,3.50597E+01,5.62268E+01,9.59165E+00,1.27023E+01,1.51069E+00,8.46466E-01,1.95700E+00 
#t = 1.218E+03
3.50597E+01,1.27023E+01,3.50597E+01,1.27023E+01,3.50597E+01,3.50597E+01,3.50597E+01,3.50597E+01,3.50597E+01,1.27023E+01,3.50597E+01,1.27023E+01,3.50597E+01,3.50597E+01,3.50597E+01,3.50597E+01,3.50597E+01,3.50597E+01,3.50597E+01,1.27023E+01,2.08560E+01,5.62268E+01,1.16597E+01,3.50597E+01,3.50597E+01,2.46273E+00,1.10388E+00,3.50597E+01,3.50597E+01,5.62268E+01,3.50597E+01 
#t = 1.260E+03
1.27023E+01,3.50597E+01,5.62268E+01,5.62268E+01,3.50597E+01,5.62268E+01,5.62268E+01,3.50597E+01,3.50597E+01,3.50597E+01,5.62268E+01,3.50597E+01,3.50597E+01,3.50597E+01,3.50597E+01,3.50597E+01,3.50597E+01,3.50597E+01,3.50597E+01,3.50597E+01,1.04135E+00,3.50597E+01,1.24223E+00,3.50597E+01,3.50597E+01,3.50597E+01,5.62268E+01,5.62268E+01,3.50597E+01,3.50597E+01,5.62268E+01,3.50597E+01,3.50597E+01,3.50597E+01,3.50597E+01,3.50597E+01,1.35668E+00 
#t = 1.302E+03
3.50597E+01,3.50597E+01,3.50597E+01,3.36293E+01,3.50597E+01,3.50597E+01,3.50597E+01,3.50597E+01,3.50597E+01,3.50597E+01,3.50597E+01,5.62268E+01,5.62268E+01,5.62268E+01,3.50597E+01,3.50597E+01,3.50597E+01,3.50597E+01,3.50597E+01,3.50597E+01,2.36748E+01,3.50597E+01,3.50597E+01,5.62268E+01,3.36293E+01,3.50597E+01,5.62268E+01,3.50597E+01,3.50597E+01,5.62268E+01,3.50597E+01,3.50597E+01,3.50597E+01,3.50597E+01,3.50597E+01,3.50597E+01,3.50597E+01,3.50597E+01,3.50597E+01,2.36748E+01,3.50597E+01,3.50597E+01,3.50597E+01,3.50597E+01,3.50597E+01,3.50597E+01,3.36293E+01,3.50597E+01,3.50597E+01,1.56365E+00 
#t = 1.344E+03
3.50597E+01,3.50597E+01,3.50597E+01,3.50597E+01,3.50597E+01,3.50597E+01,3.50597E+01,1.15561E+01,3.50597E+01,3.50597E+01,3.50597E+01,3.50597E+01,3.50597E+01,3.50597E+01,3.50597E+01,3.50597E+01,2.36748E+01,3.50597E+01,5.62268E+01,5.62268E+01,2.36748E+01,3.50597E+01,3.50597E+01,3.50597E+01,3.50597E+01,3.50597E+01,3.50597E+01,3.50597E+01,3.50597E+01,3.50597E+01,3.50597E+01,3.50597E+01,3.50597E+01,3.50597E+01,2.36748E+01 
#t = 1.386E+03
3.50597E+01,3.50597E+01,3.50597E+01,3.50597E+01,3.50597E+01,3.50597E+01,3.50597E+01,3.50597E+01,3.50597E+01,3.50597E+01,3.50597E+01,3.50597E+01,3.50597E+01,3.50597E+01,3.50597E+01,3.50597E+01,3.50597E+01,3.50597E+01,3.50597E+01,3.50597E+01,3.50597E+01,3.50597E+01,3.50597E+01,3.50597E+01,3.50597E+01,3.50597E+01,7.44585E+00,3.50597E+01,3.50597E+01 
#t = 1.428E+03
3.50597E+01,3.50597E+01,3.50597E+01,3.50597E+01,3.50597E+01,3.50597E+01,3.50597E+01,3.50597E+01,3.50597E+01,3.50597E+01,3.50597E+01,3.50597E+01,3.50597E+01,3.50597E+01,3.50597E+01,3.50597E+01,3.50597E+01,1.22730E+01,3.50597E+01,3.50597E+01,1.22730E+01,3.50597E+01,3.50597E+01,8.40712E+00,3.50597E+01,3.50597E+01,3.50597E+01,7.79084E+00,3.50597E+01,3.50597E+01,3.50597E+01,3.50597E+01,3.50597E+01,4.78186E+00,3.50597E+01,3.50597E+01,1.22730E+01,3.44517E+00 
#t = 1.470E+03
3.50597E+01,3.50597E+01,1.62096E+01,3.50597E+01,3.50597E+01,3.50597E+01,1.62096E+01,3.50597E+01,3.50597E+01,3.50597E+01,3.50597E+01,3.50597E+01,1.62096E+01,3.50597E+01,3.50597E+01,3.50597E+01,3.50597E+01,1.22730E+01,1.62096E+01,3.50597E+01,3.50597E+01,3.50597E+01,3.50597E+01,3.50597E+01,3.50597E+01,1.22730E+01,3.50597E+01,3.50597E+01,3.50597E+01,3.50597E+01,3.14843E+00 
#t = 1.512E+03
1.62096E+01,3.50597E+01,3.50597E+01,3.50597E+01,1.62096E+01,3.50597E+01,3.50597E+01,3.50597E+01,3.50597E+01,3.50597E+01,3.50597E+01,3.50597E+01,3.50597E+01,3.50597E+01,3.50597E+01,3.50597E+01,3.50597E+01,3.50597E+01,3.50597E+01,3.50597E+01,3.50597E+01,3.50597E+01,5.92460E-01,3.50597E+01,3.50597E+01,3.50597E+01,1.62096E+01,1.62096E+01,3.50597E+01,1.31908E+00,1.62096E+01,3.99078E+00 
#t = 1.554E+03
3.50597E+01,3.50597E+01,3.50597E+01,1.62096E+01,3.50597E+01,3.50597E+01,3.50597E+01,3.50597E+01,3.50597E+01,1.62096E+01,3.50597E+01,3.50597E+01,3.50597E+01,3.50597E+01,1.62096E+01,1.62096E+01,3.50597E+01,3.50597E+01,3.50597E+01,3.50597E+01,3.50597E+01,3.50597E+01,3.50597E+01,1.12390E+01,3.50597E+01,3.50597E+01,3.50597E+01,3.50597E+01,3.50597E+01,1.62096E+01,1.62096E+01,1.62096E+01,8.09304E+00,3.50597E+01,3.50597E+01,3.50597E+01,1.62096E+01,1.62096E+01,3.50597E+01,3.96179E+00,4.24140E+00,3.50597E+01,3.50597E+01,3.50597E+01 
#t = 1.596E+03
3.50597E+01,3.50597E+01,3.50597E+01,3.50597E+01,3.50597E+01,1.01446E+01,3.50597E+01,3.50597E+01,3.50597E+01,3.50597E+01,3.50597E+01,3.50597E+01,6.58641E+00,3.50597E+01,3.50597E+01,3.50597E+01,3.50597E+01,3.50597E+01,3.50597E+01,3.50597E+01,3.50597E+01,3.50597E+01,3.50597E+01,3.50597E+01,3.50597E+01,2.79067E+00,3.50597E+01 
#t = 1.638E+03
3.50597E+01,3.50597E+01,3.50597E+01,3.50597E+01,3.50597E+01,3.50597E+01,3.50597E+01,3.50597E+01,3.50597E+01,3.50597E+01,3.50597E+01,3.50597E+01,3.50597E+01,3.50597E+01,3.50597E+01,3.50597E+01,3.50597E+01,3.50597E+01,1.57349E+00,3.50597E+01 
#t = 1.680E+03
3.50597E+01,3.50597E+01,3.50597E+01,3.50597E+01,3.50597E+01,3.50597E+01,3.50597E+01,3.50597E+01,3.50597E+01,3.50597E+01,3.50597E+01,3.50597E+01,3.50597E+01,3.50597E+01,3.50597E+01,3.50597E+01,3.50597E+01,3.50597E+01,3.50597E+01,3.50597E+01,3.50597E+01,3.50597E+01,3.50597E+01,3.50597E+01,3.50597E+01,1.40299E+01,3.50597E+01,3.50597E+01,3.50597E+01,3.50597E+01,3.50597E+01,3.50597E+01,3.50597E+01,2.23895E-01,1.85683E+00,3.50597E+01,3.50597E+01 
#t = 1.722E+03
3.50597E+01,3.50597E+01,3.50597E+01,3.50597E+01,1.40299E+01,3.50597E+01,9.23885E+00,3.50597E+01,3.50597E+01,3.50597E+01,3.50597E+01,3.50597E+01,3.50597E+01,3.50597E+01,3.50597E+01,3.50597E+01,6.17126E+00,3.50597E+01,3.50597E+01,3.50597E+01,3.50597E+01,3.50597E+01,5.25892E+00,3.50597E+01,3.50597E+01,2.87357E+00,3.50597E+01,3.50597E+01,3.50597E+01,3.50597E+01,3.50597E+01,3.50597E+01,3.50597E+01,3.50597E+01,3.50597E+01 
#t = 1.764E+03
3.50597E+01,3.50597E+01,3.50597E+01,3.50597E+01,3.50597E+01,3.50597E+01,3.50597E+01,3.50597E+01,3.50597E+01,3.50597E+01,3.50597E+01,3.50597E+01,3.50597E+01,3.50597E+01,3.50597E+01,1.19944E+01,3.50597E+01,6.15046E+00,3.50597E+01,3.50597E+01,3.50597E+01,3.50597E+01,3.50597E+01,3.32060E+00,3.50597E+01,3.50597E+01,3.50597E+01,1.19944E+01,3.50597E+01 
#t = 1.806E+03
3.50597E+01,3.50597E+01,1.19944E+01,3.50597E+01,3.50597E+01,3.50597E+01,1.19944E+01,3.50597E+01,3.50597E+01,3.50597E+01,3.50597E+01,3.50597E+01,3.50597E+01,1.40716E+01,7.39771E+00,3.50597E+01,3.50597E+01,1.19944E+01,3.50597E+01,3.50597E+01,3.50597E+01,1.40716E+01,3.50597E+01,3.50597E+01,3.50597E+01,3.50597E+01,3.50597E+01,3.50597E+01,3.50597E+01,3.50597E+01,3.50597E+01,4.77256E+00,3.50597E+01,3.50597E+01,3.50597E+01,1.96769E+00,3.50597E+01,3.50597E+01 
#t = 1.848E+03
3.50597E+01,3.50597E+01,3.50597E+01,3.50597E+01,1.40716E+01,3.50597E+01,3.50597E+01,1.40716E+01,3.50597E+01,3.50597E+01,3.50597E+01,3.50597E+01,3.50597E+01,3.50597E+01,3.50597E+01,3.50597E+01,3.50597E+01,3.50597E+01,1.40716E+01,3.50597E+01,3.50597E+01,3.50597E+01,3.50597E+01,1.03923E+01,3.50597E+01,1.40716E+01,3.50597E+01,1.40716E+01,3.50597E+01,3.50597E+01,3.50597E+01,1.40716E+01,3.50597E+01,1.40716E+01,1.40716E+01,3.50597E+01,3.50597E+01,1.40716E+01,8.14695E+00,1.40716E+01,2.79066E+00,1.40716E+01 
#t = 1.890E+03
1.40716E+01,1.03923E+01,3.50597E+01,3.50597E+01,3.50597E+01,1.40716E+01,3.50597E+01,3.50597E+01,3.50597E+01,3.50597E+01,3.50597E+01,3.50597E+01,3.50597E+01,1.40716E+01,1.40716E+01,1.40716E+01,3.50597E+01,3.50597E+01,3.50597E+01,1.40716E+01,3.50597E+01,3.50597E+01,1.40716E+01,1.40716E+01,3.76906E-01,1.40716E+01,3.50597E+01,3.50597E+01,4.30010E+00,1.40716E+01,3.50597E+01,1.40716E+01,1.69534E+01,3.50597E+01,3.50597E+01,3.50597E+01,3.50597E+01,1.40716E+01,1.40716E+01,3.50597E+01,1.40716E+01,1.40716E+01,1.40716E+01,3.50597E+01,3.49410E+00,3.50597E+01 
#t = 1.932E+03
1.40716E+01,1.40716E+01,3.50597E+01,3.50597E+01,3.50597E+01,1.40716E+01,3.50597E+01,3.50597E+01,1.40716E+01,3.50597E+01,3.50597E+01,1.40716E+01,1.40716E+01,3.50597E+01,3.50597E+01,1.40716E+01,3.50597E+01,6.38186E+00,3.50597E+01,3.50597E+01,3.50597E+01,3.50597E+01,1.40716E+01,3.50597E+01,3.50597E+01,1.40716E+01,1.40716E+01,3.50597E+01,3.50597E+01,1.40716E+01,1.59013E+00,3.50597E+01,3.50597E+01 
#t = 1.974E+03
3.50597E+01,3.50597E+01,3.50597E+01,3.50597E+01,3.50597E+01,1.40716E+01,1.40716E+01,3.50597E+01,3.50597E+01,1.40716E+01,1.40716E+01,3.50597E+01,3.50597E+01,3.50597E+01,3.50597E+01,3.50597E+01,3.50597E+01,1.40716E+01,3.50597E+01,3.50597E+01,3.50597E+01,3.50597E+01,3.50597E+01,3.50597E+01,3.50597E+01,3.50597E+01,3.50597E+01,3.50597E+01,3.50597E+01,3.50597E+01,3.50597E+01,3.50597E+01,3.50597E+01,3.50597E+01,3.50597E+01,3.50597E+01 
#t = 2.016E+03
3.50597E+01,3.50597E+01,3.50597E+01,3.50597E+01,3.50597E+01,3.50597E+01,1.40716E+01,3.50597E+01,1.40716E+01,3.50597E+01,3.50597E+01,1.40716E+01,3.50597E+01,3.50597E+01,3.50597E+01,3.50597E+01,3.50597E+01,3.50597E+01,3.50597E+01,3.50597E+01,3.50597E+01,1.57109E+01,3.50597E+01,3.50597E+01,3.50597E+01,3.50597E+01,3.50597E+01,1.55414E+01,3.50597E+01,3.50597E+01,3.50597E+01,3.50597E+01,3.50597E+01,3.50597E+01,3.50597E+01,3.50597E+01,8.41210E-01,2.18765E+00,3.50597E+01,3.50597E+01,3.50597E+01,2.70466E+00 
#t = 2.058E+03
3.50597E+01,3.50597E+01,3.50597E+01,3.50597E+01,3.50597E+01,3.50597E+01,3.50597E+01,3.50597E+01,3.50597E+01,3.50597E+01,3.50597E+01,3.50597E+01,3.50597E+01,3.50597E+01,3.50597E+01,3.50597E+01,3.50597E+01,3.50597E+01,3.50597E+01,3.50597E+01,3.50597E+01,3.50597E+01,3.50597E+01,3.50597E+01,3.50597E+01,1.40716E+01,3.50597E+01,3.50597E+01,3.50597E+01,6.84900E+00,3.50597E+01,3.50597E+01,3.50597E+01,3.50597E+01,8.84742E-01,3.50597E+01,3.50597E+01,9.90273E-01,5.67201E-01 
#t = 2.100E+03
3.50597E+01,3.50597E+01,3.50597E+01,3.50597E+01,3.50597E+01,3.50597E+01,3.50597E+01,3.50597E+01,3.50597E+01,3.50597E+01,3.50597E+01,3.50597E+01,3.50597E+01,3.50597E+01,3.50597E+01,3.50597E+01,3.50597E+01,3.50597E+01,3.50597E+01,3.50597E+01,4.19197E-01,3.50597E+01,3.50597E+01,3.50597E+01,3.50597E+01,3.50597E+01,3.50597E+01,3.50597E+01,3.50597E+01,3.50597E+01,3.50597E+01,3.50597E+01,3.11110E+00,3.50597E+01,8.86170E+00,2.94039E+00,3.50597E+01,3.50597E+01 
#t = 2.142E+03
3.50597E+01,3.50597E+01,3.50597E+01,3.50597E+01,3.50597E+01,3.50597E+01,3.50597E+01,3.50597E+01,3.50597E+01,3.50597E+01,3.50597E+01,3.50597E+01,3.50597E+01,3.50597E+01,3.50597E+01,3.50597E+01,3.50597E+01,3.50597E+01,3.50597E+01,3.50597E+01,3.50597E+01,3.50597E+01,3.50597E+01,3.50597E+01,3.50597E+01,3.50597E+01,3.50597E+01,3.50597E+01,3.50597E+01,1.84995E+00,3.50597E+01 
#t = 2.184E+03
3.50597E+01,3.50597E+01,3.50597E+01,3.50597E+01,3.50597E+01,3.50597E+01,3.50597E+01,3.50597E+01,3.50597E+01,3.50597E+01,3.50597E+01,3.50597E+01,3.50597E+01,3.50597E+01,3.50597E+01,3.50597E+01,3.50597E+01,6.72675E+00,3.50597E+01,1.19579E+01,1.06855E+01,3.50597E+01,3.50597E+01,3.50597E+01,3.50597E+01,3.50597E+01,3.50597E+01,3.50597E+01,3.50597E+01,3.50597E+01,3.50597E+01,3.50597E+01,3.50597E+01,3.50597E+01 
#t = 2.226E+03
3.50597E+01,3.50597E+01,3.50597E+01,3.50597E+01,3.50597E+01,3.50597E+01,3.50597E+01,3.50597E+01,3.50597E+01,3.50597E+01,3.50597E+01,3.50597E+01,3.50597E+01,1.54198E+01,3.50597E+01,3.50597E+01,3.50597E+01,5.72752E+00,3.50597E+01,3.50597E+01,3.50597E+01,3.50597E+01,3.50597E+01,3.50597E+01,3.50597E+01,3.50597E+01,3.50597E+01,3.50597E+01,3.50597E+01,3.50597E+01,3.50597E+01,3.50597E+01,3.50597E+01,3.50597E+01,3.50597E+01,3.50597E+01,3.50597E+01,3.50597E+01,3.50597E+01 
#t = 2.268E+03
3.50597E+01,1.54198E+01,3.50597E+01,3.50597E+01,3.50597E+01,3.50597E+01,3.50597E+01,3.50597E+01,3.50597E+01,3.50597E+01,1.54198E+01,3.50597E+01,3.50597E+01,3.50597E+01,3.50597E+01,3.50597E+01,3.50597E+01,3.50597E+01,3.50597E+01,3.50597E+01,3.50597E+01,3.50597E+01,3.50597E+01,3.50597E+01,3.50597E+01,3.50597E+01,5.65378E+00,3.50597E+01,1.54198E+01,3.50597E+01,3.50597E+01 
#t = 2.310E+03
3.50597E+01,3.50597E+01,3.50597E+01,3.50597E+01,3.50597E+01,3.50597E+01,3.50597E+01,3.50597E+01,3.50597E+01,3.50597E+01,3.50597E+01,3.50597E+01,3.50597E+01,1.52189E+01,3.50597E+01,3.50597E+01,3.50597E+01,3.50597E+01,3.50597E+01,3.50597E+01,3.50597E+01,3.50597E+01,1.52189E+01,3.50597E+01,3.50597E+01,3.50597E+01,3.50597E+01,3.50597E+01,1.52189E+01,3.50597E+01,3.50597E+01,3.50597E+01,2.42171E+00,3.50597E+01,3.50597E+01,3.50597E+01,1.66366E+01,6.59650E+00,3.50597E+01 
#t = 2.352E+03
3.50597E+01,3.50597E+01,3.50597E+01,3.50597E+01,3.50597E+01,3.50597E+01,3.50597E+01,3.50597E+01,3.50597E+01,1.52189E+01,3.50597E+01,3.50597E+01,3.50597E+01,3.50597E+01,1.52189E+01,3.50597E+01,3.50597E+01,1.13887E+01,3.50597E+01,3.50597E+01,3.50597E+01,3.50597E+01,3.50597E+01,3.50597E+01,3.50597E+01,3.50597E+01,1.52189E+01,7.64577E+00,3.50597E+01,3.50597E+01,3.50597E+01,1.52189E+01,3.50597E+01,3.50597E+01,3.50597E+01,3.50597E+01,1.00626E+01,3.50597E+01,9.98787E+00,1.07579E+01,3.50597E+01,3.50597E+01,2.13941E+00,1.52189E+01,3.50597E+01,3.50597E+01,3.50597E+01 
#t = 2.394E+03
3.50597E+01,3.50597E+01,1.52189E+01,3.50597E+01,3.50597E+01,3.50597E+01,3.50597E+01,3.50597E+01,3.50597E+01,1.52189E+01,3.50597E+01,3.50597E+01,1.52189E+01,3.50597E+01,3.50597E+01,1.52189E+01,4.55863E+00,1.52189E+01,1.52189E+01,1.52189E+01,3.50597E+01,1.52189E+01,1.52189E+01,3.50597E+01,3.50597E+01,3.50597E+01,3.50597E+01,1.52189E+01,3.50597E+01,2.00827E+00,1.29213E+01,3.50597E+01,7.21792E-01,3.50597E+01 
#t = 2.436E+03
3.50597E+01,3.50597E+01,3.50597E+01,1.52189E+01,3.50597E+01,1.29213E+01,3.50597E+01,1.52189E+01,3.50597E+01,3.50597E+01,3.50597E+01,1.29213E+01,1.29213E+01,3.50597E+01,3.50597E+01,1.52189E+01,3.50597E+01,3.50597E+01,7.93179E+00,3.50597E+01,3.50597E+01,3.50597E+01,3.50597E+01,1.29213E+01,1.29213E+01,3.50597E+01,1.45293E+01,1.29213E+01,3.50597E+01,3.50597E+01,3.50597E+01,3.50597E+01,1.52189E+01,1.06043E+01,3.50597E+01 
#t = 2.478E+03
3.50597E+01,3.50597E+01,3.50597E+01,1.52189E+01,3.50597E+01,3.50597E+01,3.50597E+01,3.50597E+01,1.29213E+01,3.50597E+01,3.50597E+01,2.53053E+01,3.50597E+01,3.50597E+01,1.32859E+01,3.50597E+01,3.50597E+01,3.50597E+01,3.50597E+01,1.52189E+01,3.50597E+01,3.50597E+01,1.07815E+01,5.32746E+00,2.53053E+01,2.53053E+01,3.50597E+01,3.50597E+01,3.50597E+01,5.91248E-01,3.50597E+01 
#t = 2.520E+03
3.50597E+01,1.32859E+01,3.50597E+01,1.05699E+01,3.50597E+01,1.05699E+01,3.50597E+01,3.50597E+01,3.50597E+01,3.50597E+01,3.50597E+01,2.53053E+01,3.50597E+01,3.50597E+01,3.50597E+01,3.50597E+01,3.50597E+01,3.50597E+01,3.50597E+01,3.50597E+01,3.50597E+01,1.05699E+01,3.50597E+01,3.50597E+01,3.50597E+01,3.50597E+01,3.50597E+01,3.50597E+01,3.50597E+01,3.50597E+01,1.32859E+01,3.50597E+01,3.50597E+01 
#t = 2.562E+03
1.32859E+01,1.05699E+01,1.05699E+01,3.50597E+01,7.88356E+00,1.22723E+01,3.50597E+01,3.50597E+01,3.50597E+01,3.50597E+01,3.50597E+01,3.50597E+01,3.50597E+01,2.45031E+01,3.50597E+01,3.50597E+01,1.22723E+01,3.50597E+01,3.50597E+01,3.50597E+01,3.50597E+01,3.50597E+01 
#t = 2.604E+03
3.50597E+01,3.50597E+01,3.50597E+01,3.50597E+01,3.50597E+01,3.50597E+01,3.50597E+01,3.50597E+01,3.50597E+01,3.50597E+01,3.50597E+01,3.50597E+01,3.50597E+01,1.29771E+01,3.50597E+01,3.50597E+01,3.50597E+01,3.50597E+01,3.50597E+01,3.50597E+01,1.09405E+01,3.50597E+01,3.50597E+01,3.50597E+01,3.50597E+01,3.50597E+01,1.51366E+01,3.50597E+01,3.50597E+01,4.27703E+00,1.29771E+01,5.13440E+00,3.50597E+01,3.50597E+01 
#t = 2.646E+03
3.50597E+01,3.50597E+01,3.50597E+01,3.50597E+01,3.50597E+01,3.50597E+01,3.50597E+01,3.50597E+01,3.50597E+01,3.50597E+01,3.50597E+01,3.50597E+01,3.50597E+01,3.50597E+01,3.50597E+01,3.50597E+01,3.50597E+01,3.50597E+01,3.50597E+01,3.50597E+01,3.50597E+01,3.50597E+01,3.50597E+01,3.50597E+01,3.50597E+01,3.50597E+01,3.21034E+00,4.10843E+00,3.50597E+01,1.31918E-01 
#t = 2.688E+03
3.50597E+01,3.50597E+01,3.50597E+01,3.50597E+01,3.50597E+01,3.50597E+01,3.50597E+01,3.50597E+01,3.50597E+01,3.50597E+01,3.50597E+01,3.50597E+01,3.50597E+01,3.50597E+01,3.50597E+01,3.50597E+01,3.50597E+01,3.50597E+01,3.50597E+01,3.50597E+01,3.50597E+01,3.50597E+01,1.56670E+01,1.56670E+01,3.50597E+01,3.50597E+01,3.50597E+01,3.50597E+01,6.02362E-01,1.66471E+01,3.50597E+01,3.50597E+01,3.50597E+01,3.50597E+01,8.35578E+00,3.50597E+01,1.66471E+01,4.21259E+00,3.50597E+01,3.63164E-01,3.50597E+01,3.50597E+01,3.50597E+01,3.94277E+00,1.56670E+01,3.50597E+01,3.50597E+01 
#t = 2.730E+03
3.50597E+01,3.50597E+01,3.50597E+01,3.50597E+01,3.50597E+01,3.50597E+01,1.66471E+01,3.50597E+01,3.50597E+01,3.50597E+01,3.50597E+01,3.50597E+01,3.50597E+01,3.50597E+01,3.50597E+01,3.50597E+01,3.50597E+01,3.50597E+01,3.50597E+01,3.50597E+01,3.50597E+01,3.50597E+01,3.50597E+01,3.50597E+01,3.50597E+01,3.50597E+01,3.50597E+01,3.50597E+01,4.70123E+00,3.50597E+01,4.22959E+00,3.50597E+01,1.99154E+00,3.50597E+01 
#t = 2.772E+03
3.50597E+01,3.50597E+01,3.50597E+01,3.50597E+01,3.50597E+01,3.50597E+01,3.50597E+01,3.50597E+01,3.50597E+01,3.50597E+01,3.50597E+01,3.50597E+01,3.50597E+01,3.50597E+01,3.50597E+01,3.50597E+01,3.50597E+01,3.50597E+01,3.50597E+01,3.50597E+01,3.50597E+01,3.50597E+01,3.50597E+01,3.50597E+01,8.23241E+00,3.50597E+01,3.50597E+01,3.50597E+01,7.28069E+00,3.50597E+01,3.50597E+01,3.50597E+01,3.50597E+01,3.50597E+01 
#t = 2.814E+03
3.50597E+01,3.50597E+01,3.50597E+01,3.50597E+01,3.50597E+01,3.50597E+01,3.50597E+01,3.50597E+01,3.50597E+01,3.50597E+01,3.50597E+01,3.50597E+01,3.50597E+01,3.50597E+01,3.50597E+01,3.50597E+01,3.50597E+01,3.50597E+01,3.50597E+01,3.50597E+01,3.50597E+01,3.50597E+01,3.50597E+01,3.50597E+01,3.50597E+01,3.50597E+01,3.50597E+01,3.50597E+01,3.50597E+01,3.50597E+01,2.16240E+00,3.50597E+01,3.50597E+01,8.10627E-01 
#t = 2.856E+03
3.50597E+01,3.50597E+01,3.50597E+01,3.50597E+01,3.50597E+01,3.50597E+01,3.50597E+01,3.50597E+01,3.50597E+01,3.50597E+01,3.50597E+01,3.50597E+01,3.50597E+01,3.50597E+01,3.50597E+01,3.50597E+01,3.50597E+01,3.50597E+01,3.50597E+01,3.50597E+01,3.50597E+01,3.50597E+01,4.86831E+00,3.50597E+01,3.50597E+01,3.50597E+01,3.50597E+01,3.50597E+01,3.50597E+01,3.50597E+01,5.64140E+00,3.50597E+01 
#t = 2.898E+03
3.50597E+01,3.50597E+01,3.50597E+01,3.50597E+01,3.50597E+01,3.50597E+01,3.50597E+01,3.50597E+01,3.50597E+01,3.50597E+01,3.50597E+01,3.50597E+01,3.50597E+01,3.50597E+01,3.50597E+01,3.50597E+01,3.50597E+01,1.62623E+00,3.50597E+01,9.59975E+00,1.97120E+00,3.50597E+01,3.50597E+01,3.50597E+01,3.50597E+01,3.50597E+01,3.50597E+01,3.50597E+01,3.50597E+01,1.15937E+00,2.61029E+00,5.91865E+00,3.50597E+01 
#t = 2.940E+03
3.50597E+01,3.50597E+01,3.50597E+01,3.50597E+01,3.50597E+01,3.50597E+01,3.50597E+01,3.50597E+01,3.50597E+01,3.50597E+01,3.50597E+01,3.50597E+01,2.51623E+01,2.51623E+01,3.50597E+01,3.50597E+01,3.50597E+01,3.50597E+01,3.50597E+01,3.50597E+01,3.50597E+01,3.50597E+01,3.50597E+01,3.50597E+01,3.50597E+01,3.50597E+01,3.50597E+01,3.50597E+01 
#t = 2.982E+03
3.50597E+01,3.50597E+01,3.50597E+01,3.50597E+01,3.50597E+01,3.50597E+01,3.50597E+01,3.50597E+01,3.50597E+01,3.50597E+01,3.50597E+01,3.50597E+01,1.24400E+01,3.50597E+01,3.50597E+01,3.50597E+01,3.50597E+01,3.50597E+01,3.50597E+01,3.50597E+01,3.50597E+01,3.50597E+01,3.50597E+01,3.50597E+01,3.50597E+01,3.50597E+01,3.50597E+01,3.50597E+01,3.50597E+01,3.50597E+01,3.50597E+01,3.50597E+01,3.50597E+01,3.50597E+01,3.50597E+01,3.50597E+01,3.50597E+01,3.50597E+01 
#t = 3.024E+03
3.50597E+01,3.50597E+01,3.50597E+01,3.50597E+01,3.50597E+01,3.50597E+01,3.50597E+01,3.50597E+01,3.50597E+01,3.50597E+01,3.50597E+01,3.50597E+01,3.50597E+01,3.50597E+01,3.50597E+01,3.50597E+01,1.84724E+01,3.50597E+01,3.50597E+01,3.50597E+01,3.50597E+01,6.12083E+00,7.43716E+00,2.84602E+00,1.84724E+01,3.50597E+01,3.50597E+01,2.57282E+00,3.50597E+01,3.50597E+01,3.50597E+01,3.50597E+01,1.84724E+01,3.50597E+01,3.50597E+01,1.84724E+01,3.50597E+01,3.50597E+01,6.52396E-01,3.50597E+01,3.50597E+01,3.50597E+01 
#t = 3.066E+03
3.50597E+01,3.50597E+01,3.50597E+01,3.50597E+01,3.50597E+01,3.50597E+01,3.50597E+01,3.50597E+01,3.50597E+01,3.50597E+01,1.84724E+01,3.50597E+01,3.50597E+01,3.50597E+01,3.50597E+01,3.50597E+01,3.50597E+01,3.50597E+01,3.50597E+01,3.50597E+01,3.50597E+01,3.50597E+01,3.50597E+01,3.50597E+01,3.50597E+01,3.50597E+01,3.50597E+01,3.50597E+01,3.50597E+01,3.50597E+01,3.50597E+01,3.50597E+01,3.50597E+01,3.50597E+01,3.50597E+01,3.50597E+01,6.64484E+00,3.50597E+01 
#t = 3.108E+03
3.50597E+01,3.50597E+01,3.50597E+01,3.50597E+01,3.50597E+01,9.67114E+00,3.50597E+01,3.50597E+01,3.50597E+01,3.50597E+01,3.50597E+01,1.84724E+01,3.50597E+01,1.84724E+01,3.50597E+01,3.50597E+01,3.50597E+01,3.50597E+01,3.50597E+01,9.02015E+00,3.50597E+01,3.50597E+01,3.50597E+01,6.01148E+00,3.50597E+01,3.50597E+01,7.10361E-01,3.50597E+01 
#t = 3.150E+03
3.50597E+01,3.50597E+01,3.50597E+01,3.50597E+01,1.84724E+01,3.50597E+01,3.50597E+01,3.50597E+01,3.50597E+01,3.50597E+01,1.84724E+01,3.50597E+01,3.50597E+01,3.50597E+01,7.91680E+00,3.50597E+01,3.50597E+01,3.50597E+01,3.50597E+01,3.50597E+01,3.50597E+01,3.50597E+01,3.50597E+01,1.84724E+01,3.50597E+01,3.50597E+01,3.50597E+01,3.50597E+01,3.50597E+01,3.50597E+01,3.50597E+01,3.50597E+01,1.83869E+00,3.50597E+01,3.50597E+01,3.50597E+01,3.50597E+01,1.84724E+01,1.23922E+00,1.13958E+01,3.50597E+01,3.50597E+01,1.84724E+01 
#t = 3.192E+03
3.50597E+01,3.50597E+01,3.50597E+01,3.50597E+01,3.50597E+01,3.50597E+01,3.50597E+01,3.50597E+01,3.50597E+01,3.50597E+01,3.50597E+01,3.50597E+01,1.82009E+01,3.50597E+01,3.50597E+01,3.50597E+01,1.84724E+01,3.50597E+01,3.50597E+01,3.50597E+01,3.50597E+01,2.86519E+00,3.50597E+01,3.50597E+01,3.50597E+01,3.50597E+01,3.50597E+01 
#t = 3.234E+03
3.50597E+01,3.50597E+01,3.50597E+01,3.50597E+01,3.50597E+01,3.50597E+01,3.50597E+01,3.50597E+01,3.50597E+01,3.50597E+01,3.50597E+01,3.50597E+01,3.98572E+00,3.50597E+01,3.50597E+01,3.50597E+01,3.50597E+01,3.50597E+01,1.08226E+01,3.50597E+01,3.50597E+01,3.50597E+01,3.50597E+01,3.50597E+01,3.50597E+01,3.50597E+01,6.57085E+00,1.15259E+00,3.50597E+01,2.62023E+00,3.50597E+01 
#t = 3.276E+03
3.50597E+01,3.50597E+01,3.50597E+01,3.50597E+01,3.50597E+01,3.50597E+01,3.50597E+01,3.50597E+01,3.50597E+01,3.50597E+01,3.50597E+01,3.50597E+01,3.50597E+01,3.50597E+01,3.50597E+01,3.50597E+01,3.50597E+01,3.50597E+01,3.50597E+01,3.50597E+01,3.50597E+01,3.50597E+01,3.50597E+01,3.50597E+01,3.50597E+01,3.50597E+01,3.50597E+01,3.50597E+01,3.50597E+01,3.50597E+01,3.50597E+01,3.50597E+01,3.50597E+01,3.50597E+01,3.50597E+01,3.50597E+01,3.50597E+01,3.50597E+01,3.50597E+01,3.50597E+01,3.50597E+01,3.50597E+01,9.74392E+00,3.50597E+01 
#t = 3.318E+03
3.50597E+01,3.50597E+01,9.74392E+00,3.50597E+01,3.50597E+01,3.50597E+01,3.50597E+01,3.50597E+01,3.50597E+01,7.81430E+00,3.50597E+01,3.50597E+01,3.50597E+01,3.50597E+01,3.50597E+01,3.50597E+01,3.50597E+01,3.50597E+01,3.50597E+01,3.50597E+01,3.50597E+01,3.50597E+01,3.50597E+01,3.50597E+01,3.50597E+01,3.50597E+01,3.50597E+01,2.33235E+00,2.36936E+00,2.17169E+00,3.50597E+01,3.50597E+01 
#t = 3.360E+03
3.50597E+01,3.50597E+01,3.50597E+01,3.50597E+01,3.50597E+01,3.50597E+01,3.50597E+01,3.50597E+01,3.50597E+01,3.50597E+01,3.50597E+01,3.50597E+01,3.50597E+01,3.50597E+01,6.26564E+00,9.22346E+00,3.50597E+01,3.50597E+01,3.50597E+01,3.50597E+01,3.50597E+01,3.50597E+01,3.50597E+01,3.31519E+01,3.50597E+01,3.50597E+01,3.50597E+01,3.50597E+01,3.50597E+01,3.50597E+01,3.50597E+01,3.50597E+01,3.50597E+01,3.50597E+01,3.50597E+01,3.50597E+01,3.50597E+01,3.50597E+01,3.31519E+01,3.50597E+01,3.50597E+01,3.50597E+01,3.50597E+01,3.50597E+01,3.50597E+01,3.50597E+01,3.50597E+01,3.50597E+01,3.50597E+01,3.50597E+01,3.50597E+01 
#t = 3.402E+03
3.50597E+01,3.50597E+01,3.50597E+01,3.50597E+01,3.50597E+01,3.50597E+01,3.50597E+01,3.50597E+01,3.50597E+01,3.50597E+01,3.50597E+01,3.50597E+01,3.50597E+01,3.50597E+01,3.50597E+01,3.50597E+01,3.50597E+01,3.50597E+01,3.50597E+01,3.50597E+01,3.50597E+01,3.50597E+01,3.50597E+01,3.50597E+01,3.50597E+01,3.50597E+01,3.50597E+01,6.34397E+00,3.50597E+01,9.97196E-01,1.26209E+00,3.50597E+01,3.50597E+01,3.50597E+01,3.50597E+01,3.50597E+01 
#t = 3.444E+03
3.50597E+01,3.50597E+01,3.50597E+01,3.50597E+01,3.50597E+01,3.50597E+01,3.50597E+01,3.50597E+01,3.50597E+01,3.50597E+01,3.50597E+01,3.50597E+01,3.50597E+01,3.50597E+01,3.50597E+01,3.50597E+01,3.50597E+01,3.50597E+01,3.50597E+01,3.50597E+01,3.50597E+01,3.50597E+01,3.50597E+01,3.50597E+01,3.50597E+01,3.50597E+01,3.50597E+01,3.50597E+01,3.50597E+01,3.50597E+01,3.50597E+01,1.38126E+01,3.50597E+01,3.50597E+01,3.50597E+01,1.38126E+01,3.50597E+01,2.46179E+00,3.50597E+01 
#t = 3.486E+03
3.50597E+01,3.50597E+01,3.50597E+01,3.50597E+01,3.50597E+01,3.50597E+01,3.50597E+01,3.50597E+01,3.50597E+01,3.50597E+01,3.50597E+01,3.50597E+01,3.50597E+01,3.50597E+01,3.50597E+01,3.50597E+01,3.50597E+01,3.50597E+01,3.50597E+01,3.50597E+01,3.50597E+01,3.50597E+01,3.50597E+01,3.50597E+01,3.50597E+01,3.50597E+01,3.50597E+01,3.50597E+01,6.04292E-01,3.50597E+01,3.50597E+01,3.50597E+01,3.50597E+01,3.50597E+01 
#t = 3.528E+03
3.50597E+01,3.50597E+01,3.50597E+01,3.50597E+01,3.50597E+01,3.50597E+01,3.50597E+01,3.50597E+01,3.50597E+01,3.50597E+01,3.50597E+01,3.50597E+01,3.50597E+01,3.50597E+01,3.50597E+01,3.50597E+01,3.50597E+01,3.50597E+01,3.50597E+01,3.50597E+01,3.50597E+01,3.50597E+01,3.50597E+01,3.50597E+01,3.50597E+01,3.50597E+01,3.50597E+01,3.16033E+00,3.32167E+00,3.50597E+01,3.50597E+01,3.50597E+01,3.50597E+01,3.50597E+01,3.50597E+01,3.50597E+01,3.50597E+01,3.50597E+01,3.50597E+01 
#t = 3.570E+03
3.50597E+01,3.50597E+01,3.50597E+01,3.50597E+01,3.50597E+01,3.50597E+01,3.50597E+01,3.50597E+01,3.50597E+01,3.50597E+01,3.50597E+01,3.50597E+01,3.50597E+01,3.50597E+01,3.50597E+01,3.50597E+01,3.50597E+01,3.50597E+01,3.50597E+01,8.84824E+00,2.51385E+00,8.35804E-01,3.50597E+01,3.50597E+01,3.50597E+01,3.50597E+01,3.50597E+01,3.50597E+01,3.50597E+01,3.50597E+01,3.50597E+01,3.50597E+01,3.50597E+01,3.50597E+01,3.50597E+01,5.45209E+00,3.50597E+01 
#t = 3.612E+03
3.50597E+01,3.50597E+01,3.50597E+01,3.50597E+01,3.50597E+01,3.50597E+01,3.50597E+01,3.50597E+01,3.50597E+01,3.50597E+01,3.50597E+01,3.50597E+01,3.50597E+01,3.50597E+01,3.50597E+01,3.50597E+01,3.50597E+01,3.50597E+01,3.50597E+01,3.50597E+01,3.50597E+01,3.50597E+01,3.50597E+01,1.44690E+01,3.50597E+01,3.50597E+01,3.50597E+01,4.99137E+00,9.90520E+00,3.50597E+01,3.50597E+01,3.50597E+01,3.50597E+01,3.50597E+01,3.50597E+01,3.50597E+01,3.50597E+01,3.50597E+01,3.50597E+01,3.50597E+01,7.70127E-01,3.50597E+01,3.50597E+01,3.50597E+01,3.50597E+01,1.53229E+00,3.50597E+01,3.50597E+01,3.50597E+01 
#t = 3.654E+03
3.50597E+01,1.44690E+01,3.50597E+01,3.50597E+01,3.50597E+01,3.50597E+01,3.50597E+01,3.50597E+01,3.50597E+01,3.50597E+01,3.50597E+01,3.50597E+01,3.50597E+01,3.50597E+01,3.50597E+01,3.50597E+01,1.37543E+00,3.50597E+01,3.50597E+01,1.99890E+00,3.50597E+01,3.50597E+01,3.50597E+01,1.44690E+01,3.50597E+01,3.50597E+01,3.50597E+01,3.50597E+01,1.44690E+01,3.50597E+01,3.50597E+01,1.02440E+00 
#t = 3.696E+03
3.50597E+01,3.50597E+01,3.50597E+01,3.50597E+01,3.50597E+01,3.50597E+01,3.50597E+01,3.50597E+01,3.50597E+01,3.50597E+01,3.50597E+01,3.50597E+01,3.50597E+01,3.50597E+01,3.50597E+01,1.17828E+01,3.50597E+01,2.32051E+00,3.50597E+01,3.50597E+01,3.50597E+01,3.50597E+01,1.58760E+01,3.50597E+01,1.58760E+01,3.50597E+01,3.50597E+01,3.50597E+01,3.50597E+01,3.50597E+01,3.50597E+01,3.50597E+01,3.50597E+01,3.50597E+01,3.50597E+01,3.76606E+00,3.50597E+01,2.77272E+00,1.41737E+00 
#t = 3.738E+03
3.50597E+01,3.50597E+01,3.50597E+01,3.50597E+01,3.50597E+01,3.50597E+01,3.50597E+01,3.50597E+01,3.50597E+01,3.50597E+01,3.50597E+01,3.50597E+01,3.50597E+01,3.50597E+01,3.50597E+01,3.50597E+01,3.50597E+01,3.50597E+01,3.50597E+01,3.50597E+01,3.50597E+01,3.50597E+01,3.50597E+01,3.50597E+01,3.50597E+01,3.50597E+01,3.50597E+01,3.50597E+01,8.53620E-01,3.50597E+01,3.50597E+01,3.50597E+01,3.50597E+01,3.50597E+01,3.50597E+01,3.50597E+01,3.50597E+01,8.19880E-01,3.50597E+01,3.50597E+01 
#t = 3.780E+03
3.50597E+01,3.50597E+01,3.50597E+01,3.50597E+01,3.50597E+01,3.50597E+01,3.50597E+01,3.50597E+01,3.50597E+01,3.50597E+01,3.50597E+01,3.50597E+01,3.50597E+01,3.50597E+01,3.50597E+01,3.50597E+01,3.50597E+01,3.50597E+01,3.50597E+01,3.50597E+01,3.50597E+01,3.50597E+01,3.50597E+01,3.50597E+01,3.50597E+01,3.50597E+01,3.50597E+01,3.50597E+01,3.50597E+01,3.50597E+01,3.50597E+01,3.50597E+01,3.50597E+01,5.93752E+00,3.50597E+01,3.50597E+01,3.50597E+01,3.50597E+01,6.44971E-01,3.50597E+01,3.50597E+01,3.50597E+01,3.50597E+01,3.50597E+01,3.50597E+01,3.50597E+01,3.50597E+01,4.84589E-01,1.56060E+00,3.50597E+01,7.28991E-01,3.50597E+01 
#t = 3.822E+03
3.50597E+01,3.50597E+01,3.50597E+01,3.50597E+01,3.50597E+01,3.50597E+01,3.50597E+01,3.50597E+01,3.50597E+01,3.50597E+01,3.50597E+01,3.50597E+01,3.50597E+01,3.50597E+01,3.50597E+01,3.50597E+01,3.50597E+01,2.21134E+00,3.50597E+01,3.50597E+01,3.50597E+01,3.50597E+01,3.50597E+01,4.08314E+00,3.50597E+01,3.50597E+01,3.50597E+01,3.50597E+01,1.94988E+00,3.50597E+01,6.40988E-01,6.28716E+00 
#t = 3.864E+03
3.50597E+01,3.50597E+01,3.50597E+01,3.50597E+01,3.50597E+01,3.50597E+01,3.50597E+01,3.50597E+01,3.50597E+01,3.50597E+01,3.50597E+01,3.50597E+01,3.50597E+01,3.50597E+01,3.50597E+01,3.50597E+01,3.50597E+01,3.50597E+01,3.50597E+01,3.50597E+01,3.50597E+01,3.50597E+01,3.50597E+01,3.50597E+01,3.50597E+01,3.50597E+01,3.50597E+01,3.50597E+01,3.50597E+01,3.50597E+01,2.96742E+00,3.50597E+01 
#t = 3.906E+03
3.50597E+01,3.50597E+01,3.50597E+01,3.50597E+01,3.50597E+01,3.50597E+01,3.50597E+01,3.50597E+01,3.50597E+01,3.50597E+01,3.50597E+01,3.50597E+01,3.50597E+01,3.50597E+01,3.50597E+01,3.50597E+01,3.50597E+01,3.50597E+01,3.50597E+01,3.50597E+01,3.50597E+01,3.50597E+01,3.50597E+01,3.50597E+01,5.59082E+00,3.50597E+01,3.50597E+01,3.50597E+01,3.50597E+01,3.50597E+01,3.50597E+01,3.50597E+01,4.04066E+00,3.50597E+01,3.50597E+01,3.50597E+01,9.44534E-01,3.50597E+01,3.50597E+01,1.83340E+00 
#t = 3.948E+03
3.50597E+01,3.50597E+01,3.50597E+01,3.50597E+01,3.50597E+01,3.50597E+01,3.50597E+01,3.50597E+01,3.50597E+01,3.50597E+01,3.50597E+01,1.34242E+01,3.50597E+01,3.50597E+01,3.50597E+01,3.50597E+01,3.50597E+01,3.50597E+01,3.50597E+01,3.50597E+01,3.50597E+01,3.50597E+01,3.50597E+01,3.50597E+01,3.50597E+01,3.50597E+01,3.50597E+01,1.34242E+01,3.50597E+01,3.50597E+01,3.50597E+01,3.50597E+01,3.50597E+01,3.50597E+01,1.34242E+01,1.34242E+01,3.50597E+01,1.25879E+00,1.34242E+01,3.50597E+01,3.50597E+01,3.82889E+00,3.50597E+01 
#t = 3.990E+03
3.50597E+01,3.50597E+01,3.50597E+01,1.34242E+01,1.34242E+01,3.50597E+01,1.34242E+01,8.41018E+00,3.50597E+01,3.50597E+01,3.50597E+01,1.34242E+01,3.50597E+01,3.50597E+01,3.50597E+01,3.50597E+01,3.50597E+01,3.50597E+01,1.34242E+01,3.50597E+01,3.50597E+01,3.50597E+01,9.94117E+00,3.50597E+01,1.33796E+01,3.50597E+01,1.34242E+01,3.50597E+01,1.33796E+01,3.50597E+01,1.99699E+00,3.50597E+01,3.50597E+01,3.50597E+01,3.50597E+01,3.50597E+01,1.34242E+01 
#t = 4.032E+03
3.50597E+01,3.50597E+01,3.50597E+01,3.50597E+01,3.50597E+01,3.50597E+01,3.50597E+01,3.50597E+01,9.24350E+00,3.50597E+01,3.50597E+01,3.50597E+01,3.50597E+01,3.50597E+01,3.50597E+01,3.50597E+01,3.50597E+01,3.50597E+01,3.50597E+01,3.50597E+01,3.50597E+01,3.50597E+01,3.50597E+01,3.50597E+01,3.50597E+01,3.50597E+01,3.50597E+01,3.50597E+01,1.37003E+00,3.50597E+01,3.50597E+01,3.50597E+01,3.50597E+01,3.50597E+01,3.50597E+01 
#t = 4.074E+03
3.50597E+01,3.50597E+01,3.50597E+01,3.50597E+01,3.50597E+01,3.50597E+01,3.50597E+01,3.50597E+01,3.50597E+01,3.50597E+01,3.50597E+01,3.50597E+01,3.50597E+01,3.50597E+01,3.50597E+01,3.50597E+01,3.50597E+01,3.50597E+01,3.50597E+01,3.50597E+01,3.50597E+01,3.50597E+01,3.50597E+01,3.50597E+01,3.50597E+01,3.50597E+01,3.50597E+01,2.48993E+00,5.79198E-01,3.50597E+01,3.50597E+01,3.50597E+01,3.50597E+01,3.50597E+01,3.50597E+01 
#t = 4.116E+03
3.50597E+01,3.50597E+01,3.50597E+01,3.50597E+01,3.50597E+01,1.82475E+01,3.50597E+01,3.50597E+01,3.50597E+01,3.50597E+01,3.50597E+01,3.50597E+01,3.50597E+01,3.50597E+01,3.50597E+01,3.50597E+01,1.43899E+01,3.50597E+01,3.50597E+01,3.50597E+01,3.50597E+01,3.50597E+01,3.50597E+01,3.50597E+01,3.50597E+01,3.50597E+01,1.82475E+01,3.50597E+01,3.50597E+01,3.50597E+01,3.50597E+01,2.02440E+00,3.50597E+01 
#t = 4.158E+03
1.82475E+01,3.50597E+01,3.50597E+01,3.50597E+01,3.50597E+01,3.50597E+01,1.43899E+01,3.50597E+01,3.50597E+01,1.43899E+01,3.50597E+01,1.02075E+01,3.50597E+01,8.06221E+00,3.50597E+01,3.50597E+01,3.50597E+01,3.50597E+01,3.50597E+01,3.50597E+01,3.50597E+01,3.50597E+01,3.50597E+01,3.50597E+01,3.50597E+01,1.43899E+01,3.50597E+01,3.50597E+01,1.43899E+01 
#t = 4.200E+03
3.50597E+01,3.50597E+01,3.50597E+01,3.50597E+01,3.50597E+01,2.39465E+01,3.50597E+01,2.39465E+01,3.50597E+01,3.50597E+01,3.50597E+01,3.50597E+01,3.50597E+01,3.50597E+01,3.50597E+01,3.50597E+01,3.50597E+01,3.50597E+01,3.50597E+01,3.50597E+01,3.50597E+01,3.50597E+01,3.50597E+01,3.50597E+01,3.50597E+01,9.00575E-01,2.39465E+01,3.50597E+01,3.50597E+01,3.50597E+01,3.50597E+01,2.29728E+00,3.50597E+01,3.50597E+01,4.87399E+00,3.50597E+01,2.50280E+00 
