#t = 0.000E+00
4.17609E-01,1.23597E+00,8.78252E-01,1.90183E+00,1.16625E+00 
#t = 4.200E+01
6.91706E+00,4.16999E+00,2.02535E+00,4.36802E-01 
#t = 8.400E+01
1.24848E+00,5.46189E+00,4.88676E+00 
#t = 1.260E+02
2.22436E+01,1.99907E+01,1.02164E+01,2.30689E+00,2.22436E+01,8.83561E-01,2.22436E+01,2.22436E+01,2.22436E+01 
#t = 1.680E+02
1.02164E+01,2.22436E+01,1.11220E+01,2.22436E+01,1.11220E+01,1.11220E+01,8.35894E-01 
#t = 2.100E+02
1.11220E+01,1.11220E+01,1.73809E+00,1.71042E+01 
#t = 2.520E+02
1.11220E+01,1.71042E+01,1.71042E+01,1.71042E+01,1.39233E+00,5.65506E-01,8.02232E-01,1.71042E+01 
#t = 2.940E+02
1.19378E+01,1.19378E+01,7.84182E+00,6.37975E+00 
#t = 3.360E+02
1.19378E+01,1.09639E+00,1.18788E+00,4.98987E+00 
#t = 3.780E+02
1.28075E+01,1.28075E+01,5.91653E+00,1.28075E+01,8.86413E+00,1.90578E+01,1.28075E+01,1.90578E+01,9.60075E-01,2.09698E+00 
#t = 4.200E+02
1.28075E+01,1.90578E+01,1.28075E+01,1.98971E+01,1.28075E+01,1.90578E+01,1.01666E+01,5.75176E+00,1.98971E+01,5.14099E+00,1.90578E+01,1.78734E+00,1.28075E+01,1.90578E+01,1.28075E+01,6.27455E-01,1.32269E+01 
#t = 4.620E+02
1.90578E+01,1.47025E+01,1.47025E+01,1.90578E+01,1.47025E+01,8.19138E-01,1.23517E+01,1.90578E+01,1.89968E+00 
#t = 5.040E+02
1.47025E+01,1.47025E+01,1.00961E+01,1.47025E+01,1.47025E+01,1.47025E+01,2.79761E+00 
#t = 5.460E+02
1.47025E+01,1.47025E+01,1.30432E+00 
#t = 5.880E+02
5.89380E+00,1.47025E+01,1.91117E+01,1.91117E+01,3.59352E+00,1.55434E+00,2.28882E+00,5.72578E-01 
#t = 6.300E+02
1.91117E+01,5.60182E+00,6.02723E+00,4.11666E+00 
#t = 6.720E+02
2.05245E+01,6.75001E+00,2.36035E-01,2.80260E+00,6.29208E+00,1.70637E+00 
#t = 7.140E+02
2.05245E+01,1.36156E+01,2.05245E+01,1.36156E+01,1.36156E+01,1.36156E+01,3.16506E-01,1.67415E+00 
#t = 7.560E+02
2.38027E+00,2.38483E+00,5.58281E-01 
#t = 7.980E+02
8.70979E+00,3.95500E+00,1.54693E+01,1.21504E+00,1.72599E+00,7.53879E-01,2.74556E+00 
#t = 8.400E+02
3.88183E+01,3.88183E+01,3.88183E+01,9.10435E+00,3.88183E+01,4.40800E+00,3.88183E+01,3.88183E+01,3.88183E+01,3.88183E+01,3.88183E+01,2.30583E+00,3.88183E+01 
#t = 8.820E+02
3.88183E+01,3.88183E+01,3.88183E+01,3.88183E+01,3.88183E+01,3.88183E+01,3.88183E+01,3.88183E+01,1.46661E+01,3.88183E+01,3.88183E+01,3.88183E+01,3.88183E+01,3.88183E+01,3.88183E+01,3.88183E+01,3.88183E+01,1.01887E+01,3.88183E+01,3.88183E+01,3.88183E+01,3.88183E+01,3.88183E+01,3.88183E+01,3.88183E+01,3.88183E+01,3.64273E+00,3.88183E+01,8.24584E-01,3.88183E+01,3.88183E+01,3.30233E+00,3.88183E+01,3.88183E+01,4.42432E+00,3.88183E+01,3.88183E+01 
#t = 9.240E+02
3.88183E+01,3.88183E+01,3.88183E+01,3.88183E+01,3.88183E+01,3.88183E+01,3.88183E+01,3.88183E+01,3.88183E+01,3.88183E+01,3.88183E+01,7.94089E+00,3.88183E+01,3.88183E+01,8.15213E+00,3.88183E+01,6.37783E-01,3.88183E+01,3.88183E+01,3.88183E+01,3.88183E+01,3.88183E+01,3.88183E+01,5.65347E+00,3.88183E+01,3.88183E+01,3.88183E+01,3.88183E+01,3.88183E+01,2.26613E+00,3.88183E+01,3.88183E+01,3.88183E+01 
#t = 9.660E+02
3.88183E+01,3.88183E+01,3.88183E+01,3.88183E+01,3.88183E+01,3.88183E+01,3.88183E+01,3.88183E+01,3.88183E+01,3.88183E+01,3.88183E+01,3.88183E+01,3.88183E+01,3.88183E+01,3.88183E+01,3.88183E+01,3.88183E+01,3.88183E+01,3.88183E+01,3.88183E+01,3.88183E+01,3.88183E+01,3.88183E+01,3.88183E+01,3.88183E+01,3.01187E+00,3.88183E+01,3.88183E+01,3.88183E+01,3.88183E+01,2.28757E+00 
#t = 1.008E+03
3.88183E+01,3.88183E+01,3.88183E+01,3.88183E+01,3.88183E+01,1.04570E+01,3.88183E+01,3.88183E+01,3.88183E+01,3.88183E+01,3.88183E+01,3.88183E+01,3.88183E+01,3.88183E+01,3.88183E+01,3.88183E+01,3.88183E+01,3.88183E+01,3.88183E+01,3.88183E+01,3.88183E+01,3.88183E+01,3.88183E+01,3.88183E+01,3.88183E+01,3.88183E+01,3.88183E+01,3.88183E+01,3.88183E+01,3.88183E+01,3.88183E+01,3.88183E+01,3.88183E+01,3.88183E+01,3.88183E+01,3.88183E+01,3.88183E+01,1.25380E+00,3.88183E+01,3.88183E+01,3.88183E+01,3.88183E+01,3.88183E+01,6.45660E-01 
#t = 1.050E+03
3.88183E+01,3.88183E+01,3.88183E+01,3.88183E+01,3.88183E+01,3.88183E+01,3.88183E+01,3.88183E+01,3.88183E+01,3.88183E+01,3.88183E+01,3.88183E+01,3.88183E+01,3.88183E+01,5.47839E+00,3.88183E+01,3.88183E+01,3.88183E+01,3.88183E+01,3.88183E+01,3.88183E+01,3.88183E+01,3.88183E+01,3.88183E+01,3.88183E+01,3.88183E+01,3.88183E+01,3.88183E+01,3.88183E+01,3.88183E+01,3.88183E+01,3.88183E+01,3.88183E+01,3.88183E+01,3.88183E+01,3.88183E+01,3.88183E+01,3.14555E+00,3.88183E+01,3.88183E+01,3.88183E+01,2.31768E-01,3.88183E+01,3.88183E+01,6.09042E+00,3.88183E+01,3.88183E+01 
#t = 1.092E+03
3.88183E+01,3.88183E+01,3.88183E+01,3.88183E+01,3.88183E+01,3.88183E+01,3.88183E+01,3.88183E+01,3.88183E+01,3.88183E+01,3.88183E+01,3.88183E+01,3.88183E+01,3.88183E+01,3.88183E+01,3.88183E+01,3.88183E+01,3.88183E+01,3.88183E+01,3.88183E+01,3.88183E+01,3.88183E+01,3.88183E+01,3.88183E+01,3.88183E+01,3.88183E+01,3.88183E+01,3.88183E+01,3.88183E+01,3.88183E+01,3.88183E+01,3.88183E+01,3.88183E+01,3.88183E+01,3.88183E+01,3.88183E+01,3.88183E+01,3.88183E+01,3.88183E+01,3.88183E+01,3.88183E+01,3.88183E+01,3.88183E+01,3.88183E+01,3.88183E+01,3.88183E+01,3.88183E+01,3.88183E+01,3.88183E+01,1.60603E+00,3.88183E+01,3.88183E+01,3.88183E+01,9.34534E-01,3.88183E+01,3.88183E+01,3.88183E+01,3.88183E+01,3.88183E+01,3.88183E+01 
#t = 1.134E+03
3.88183E+01,3.88183E+01,3.88183E+01,3.88183E+01,3.88183E+01,3.88183E+01,3.88183E+01,3.88183E+01,3.88183E+01,3.88183E+01,3.88183E+01,3.88183E+01,3.88183E+01,3.88183E+01,3.88183E+01,3.88183E+01,3.88183E+01,3.88183E+01,3.88183E+01,3.88183E+01,3.88183E+01,3.88183E+01,6.72234E+00,3.88183E+01,3.88183E+01,3.88183E+01,3.88183E+01,3.88183E+01,3.88183E+01,3.88183E+01,3.88183E+01,3.88183E+01,3.88183E+01,3.88183E+01,3.88183E+01,3.88183E+01,3.88183E+01,3.88183E+01,3.88183E+01,3.88183E+01,3.88183E+01,3.88183E+01,3.88183E+01,3.88183E+01,3.88183E+01,8.67920E-01,3.88183E+01,3.88183E+01,3.88183E+01,3.88183E+01,3.88183E+01,3.88183E+01,3.88183E+01,3.88183E+01,3.88183E+01 
#t = 1.176E+03
3.88183E+01,3.88183E+01,3.88183E+01,3.88183E+01,3.88183E+01,3.88183E+01,3.88183E+01,3.88183E+01,3.88183E+01,3.88183E+01,3.88183E+01,3.88183E+01,3.88183E+01,3.88183E+01,3.88183E+01,3.88183E+01,3.88183E+01,3.88183E+01,3.88183E+01,7.69906E+00,3.88183E+01,3.88183E+01,3.88183E+01,3.88183E+01,3.88183E+01,3.88183E+01,3.88183E+01,3.88183E+01,3.88183E+01,3.88183E+01,3.88183E+01,3.88183E+01,3.88183E+01,3.88183E+01,3.88183E+01,3.88183E+01,3.88183E+01,3.88183E+01,3.88183E+01,3.88183E+01,3.36748E-01,3.88183E+01,1.87023E+01,3.88183E+01,3.88183E+01,6.06593E+00 
#t = 1.218E+03
3.88183E+01,3.88183E+01,3.88183E+01,3.88183E+01,3.88183E+01,3.88183E+01,1.87023E+01,3.88183E+01,3.88183E+01,1.87023E+01,1.87023E+01,3.88183E+01,3.88183E+01,3.88183E+01,3.88183E+01,3.88183E+01,3.88183E+01,3.88183E+01,3.88183E+01,3.88183E+01,3.88183E+01,3.88183E+01,3.88183E+01,3.88183E+01,1.87023E+01,3.88183E+01,3.88183E+01,3.88183E+01,3.88183E+01,3.88183E+01,3.88183E+01,3.88183E+01,3.88183E+01,3.88183E+01,1.92098E+00,3.88183E+01,3.88183E+01,3.88183E+01,3.88183E+01,3.88183E+01,1.87023E+01,3.88183E+01,3.88183E+01,3.88183E+01 
#t = 1.260E+03
3.88183E+01,3.88183E+01,3.88183E+01,3.88183E+01,3.88183E+01,1.08044E+01,3.88183E+01,3.88183E+01,3.88183E+01,3.88183E+01,3.88183E+01,1.87023E+01,9.76908E+00,3.88183E+01,3.88183E+01,3.88183E+01,3.88183E+01,3.88183E+01,3.90514E+00,3.88183E+01,3.88183E+01,3.88183E+01,3.88183E+01,2.39229E+00,1.38765E+00,3.88183E+01,7.69968E-01,3.88183E+01,3.88183E+01,3.88183E+01,3.07710E+00,3.88183E+01,3.88183E+01,2.37676E+00 
#t = 1.302E+03
3.88183E+01,3.88183E+01,3.88183E+01,3.88183E+01,3.88183E+01,1.48668E+01,3.88183E+01,3.88183E+01,3.88183E+01,3.88183E+01,3.88183E+01,3.88183E+01,3.88183E+01,3.88183E+01,3.88183E+01,3.88183E+01,3.44951E+00,3.88183E+01,3.88183E+01,3.88183E+01,3.88183E+01,3.88183E+01,3.88183E+01,3.88183E+01,3.88183E+01,3.88183E+01,3.88183E+01,2.13222E+00,3.88183E+01,3.88183E+01,3.88183E+01,3.11361E+00,3.88183E+01 
#t = 1.344E+03
3.88183E+01,3.88183E+01,3.88183E+01,3.88183E+01,3.88183E+01,3.88183E+01,3.88183E+01,3.88183E+01,3.88183E+01,3.88183E+01,3.88183E+01,3.88183E+01,1.60664E+01,3.88183E+01,3.88183E+01,3.88183E+01,3.88183E+01,9.37356E+00,3.88183E+01,3.88183E+01,3.88183E+01,3.88183E+01,3.88183E+01,3.88183E+01,3.88183E+01,3.88183E+01,3.88183E+01,3.88183E+01,9.32919E+00,1.18908E+01,2.26558E+00,3.88183E+01,3.88183E+01,3.88183E+01,1.94579E+00,3.39767E+00,3.88183E+01,3.09605E+00 
#t = 1.386E+03
1.60664E+01,1.18908E+01,3.88183E+01,3.88183E+01,3.88183E+01,3.88183E+01,3.88183E+01,3.88183E+01,3.88183E+01,3.88183E+01,1.60664E+01,3.88183E+01,3.88183E+01,3.88183E+01,3.88183E+01,3.88183E+01,3.88183E+01,3.88183E+01,3.88183E+01,3.88183E+01,3.88183E+01,3.88183E+01,3.88183E+01,3.88183E+01,3.88183E+01,3.88183E+01,3.88183E+01,3.88183E+01,3.88183E+01,3.88183E+01,3.88183E+01,3.88183E+01,3.88183E+01,3.88183E+01,3.88183E+01,3.88183E+01,3.88183E+01,1.11268E+00,1.60664E+01 
#t = 1.428E+03
3.88183E+01,1.60664E+01,3.88183E+01,3.88183E+01,3.88183E+01,3.88183E+01,3.88183E+01,3.88183E+01,3.88183E+01,3.88183E+01,1.60664E+01,3.88183E+01,3.88183E+01,3.88183E+01,3.88183E+01,3.88183E+01,3.88183E+01,3.88183E+01,4.92656E+00,3.88183E+01,3.88183E+01,3.88183E+01,3.88183E+01,3.88183E+01,3.88183E+01,3.88183E+01,3.88183E+01,3.88183E+01,3.88183E+01,3.88183E+01,1.60664E+01,1.18908E+01,1.18908E+01,1.60664E+01,3.60312E+00,3.88183E+01,3.88183E+01,3.88183E+01,3.88183E+01,1.60664E+01,3.88183E+01,3.88183E+01,3.88183E+01,3.88183E+01,4.07640E-01,3.88183E+01,3.88183E+01,3.88183E+01,1.30913E+01,3.88183E+01 
#t = 1.470E+03
3.88183E+01,3.88183E+01,3.88183E+01,3.88183E+01,1.60664E+01,3.88183E+01,3.88183E+01,3.88183E+01,3.88183E+01,3.88183E+01,3.88183E+01,3.88183E+01,3.88183E+01,3.88183E+01,3.88183E+01,3.88183E+01,3.88183E+01,3.88183E+01,3.88183E+01,3.88183E+01,3.88183E+01,3.88183E+01,3.88183E+01,7.01733E+00,3.88183E+01,3.88183E+01,3.88183E+01,3.88183E+01,3.88183E+01,3.88183E+01,3.88183E+01,3.88183E+01,3.88183E+01,3.88183E+01 
#t = 1.512E+03
3.88183E+01,3.88183E+01,3.88183E+01,3.88183E+01,3.88183E+01,3.88183E+01,3.88183E+01,3.88183E+01,3.88183E+01,3.88183E+01,3.88183E+01,3.88183E+01,3.88183E+01,3.88183E+01,3.88183E+01,3.88183E+01,3.88183E+01,3.88183E+01,3.88183E+01,3.88183E+01,3.88183E+01,3.88183E+01,3.88183E+01,3.88183E+01,3.88183E+01,3.88183E+01,3.88183E+01,3.88183E+01,3.88183E+01,3.88183E+01,3.88183E+01,7.53791E+00,3.88183E+01,1.42527E+00,3.88183E+01,3.88183E+01,3.88183E+01,3.88183E+01,3.88183E+01,1.49127E+00,3.88183E+01,3.53943E-01 
#t = 1.554E+03
3.88183E+01,3.88183E+01,3.88183E+01,3.88183E+01,3.88183E+01,3.88183E+01,3.88183E+01,3.88183E+01,3.88183E+01,3.88183E+01,3.88183E+01,3.88183E+01,3.88183E+01,3.88183E+01,3.88183E+01,3.88183E+01,3.88183E+01,3.88183E+01,3.88183E+01,3.88183E+01,2.02927E+01,3.88183E+01,3.88183E+01,3.88183E+01,1.04875E+00,3.88183E+01,3.88183E+01,2.02927E+01,3.88183E+01,3.88183E+01,2.12959E+00,3.88183E+01 
#t = 1.596E+03
3.88183E+01,3.88183E+01,3.88183E+01,3.88183E+01,3.88183E+01,5.73159E+01,3.88183E+01,3.88183E+01,3.88183E+01,5.73159E+01,9.54016E+00,3.88183E+01,3.88183E+01,2.02927E+01,5.73159E+01,3.88183E+01,5.73159E+01,3.88183E+01,5.73159E+01,3.88183E+01,5.73159E+01,2.02927E+01,2.02927E+01,5.73159E+01,5.73159E+01,5.73159E+01,5.73159E+01,3.88183E+01,3.88183E+01,5.16576E+00,3.88183E+01,3.88183E+01,5.73159E+01,5.73159E+01,5.73159E+01,3.88183E+01,5.73159E+01,5.73159E+01,5.73159E+01,3.88183E+01,3.88183E+01,5.73159E+01,5.73159E+01,7.81515E-01 
#t = 1.638E+03
3.88183E+01,5.73159E+01,3.88183E+01,2.02927E+01,5.73159E+01,5.73159E+01,5.73159E+01,5.73159E+01,5.73159E+01,5.73159E+01,5.73159E+01,5.73159E+01,5.73159E+01,5.73159E+01,5.73159E+01,5.73159E+01,5.73159E+01,5.73159E+01,3.88183E+01,5.73159E+01,3.88183E+01,5.73159E+01,5.73159E+01,5.73159E+01,5.73159E+01,3.88183E+01,5.73159E+01,5.73159E+01,5.73159E+01,3.88183E+01,5.73159E+01,3.88183E+01,5.73159E+01,5.73159E+01,5.73159E+01,6.79972E-01,5.73159E+01,5.73159E+01,5.73159E+01 
#t = 1.680E+03
5.73159E+01,5.73159E+01,5.73159E+01,5.73159E+01,5.73159E+01,2.02927E+01,3.88183E+01,5.73159E+01,5.73159E+01,5.73159E+01,5.73159E+01,2.02927E+01,3.88183E+01,5.73159E+01,5.73159E+01,2.02927E+01,2.02927E+01,5.73159E+01,5.73159E+01,5.73159E+01,5.73159E+01,2.02927E+01,3.88183E+01,5.73159E+01,5.73159E+01,5.99612E+00,5.73159E+01,5.73159E+01,5.73159E+01,5.73159E+01,2.02927E+01,5.73159E+01,5.73159E+01,5.73159E+01,2.93927E+00,5.73159E+01,2.02927E+01,5.10779E-01,5.73159E+01,4.43401E+00 
#t = 1.722E+03
2.02927E+01,2.02927E+01,5.73159E+01,5.73159E+01,1.25769E+01,5.73159E+01,5.73159E+01,5.73159E+01,2.02927E+01,5.73159E+01,2.02927E+01,3.88183E+01,5.73159E+01,3.88183E+01,5.73159E+01,5.73159E+01,5.73159E+01,5.73159E+01,5.73159E+01,5.73159E+01,5.73159E+01,2.02927E+01,3.88183E+01,2.02927E+01,5.73159E+01,5.73159E+01,5.73159E+01,3.88183E+01,1.25769E+01,1.25769E+01,1.38555E+01,3.30264E+00,5.73159E+01,3.88183E+01,5.73159E+01,5.73159E+01,2.02927E+01,2.01293E+00,8.04791E-01 
#t = 1.764E+03
3.88183E+01,5.73159E+01,5.73159E+01,5.73159E+01,2.02927E+01,5.73159E+01,5.73159E+01,5.73159E+01,5.73159E+01,5.73159E+01,5.73159E+01,5.73159E+01,5.73159E+01,5.73159E+01,5.73159E+01,5.73159E+01,5.73159E+01,5.73159E+01,5.73159E+01,5.73159E+01,5.73159E+01,2.02927E+01,5.73159E+01,5.73159E+01,5.73159E+01,5.73159E+01,5.73159E+01,5.73159E+01,5.73159E+01,5.73159E+01,2.02927E+01,2.26060E+01,1.31342E+01,1.31342E+01,5.73159E+01,5.73159E+01,5.73159E+01,5.73159E+01,5.73159E+01,5.73159E+01 
#t = 1.806E+03
5.73159E+01,5.73159E+01,1.31342E+01,5.73159E+01,5.73159E+01,5.73159E+01,5.73159E+01,5.73159E+01,5.73159E+01,5.73159E+01,5.73159E+01,5.73159E+01,5.73159E+01,5.73159E+01,5.73159E+01,5.73159E+01,5.73159E+01,1.31342E+01,5.73159E+01,5.73159E+01,5.73159E+01,5.73159E+01,5.73159E+01,5.73159E+01,5.73159E+01,5.73159E+01,5.73159E+01,1.13673E+01,5.73159E+01 
#t = 1.848E+03
5.73159E+01,1.31342E+01,5.73159E+01,5.73159E+01,5.73159E+01,5.73159E+01,5.73159E+01,5.73159E+01,5.73159E+01,5.73159E+01,5.73159E+01,5.73159E+01,5.73159E+01,5.73159E+01,5.73159E+01,5.73159E+01,5.73159E+01,5.73159E+01,5.73159E+01,5.73159E+01,1.31342E+01,5.73159E+01,5.73159E+01,5.73159E+01,5.73159E+01,5.73159E+01,5.73159E+01,5.73159E+01,5.73159E+01,5.73159E+01,5.73159E+01,5.73159E+01,5.73159E+01,5.73159E+01,3.60718E+00,5.73159E+01,5.73159E+01,5.73159E+01,5.73159E+01,1.31342E+01,5.73159E+01,1.73352E+00,5.73159E+01 
#t = 1.890E+03
5.73159E+01,5.73159E+01,5.73159E+01,5.73159E+01,5.73159E+01,5.73159E+01,5.73159E+01,5.73159E+01,5.73159E+01,5.73159E+01,5.73159E+01,5.73159E+01,5.73159E+01,5.73159E+01,5.73159E+01,5.73159E+01,5.73159E+01,5.73159E+01,5.73159E+01,5.73159E+01,5.73159E+01,5.73159E+01,1.42582E+00,5.73159E+01,5.73159E+01,5.73159E+01,5.73159E+01,5.73159E+01,5.73159E+01,5.73159E+01,5.73159E+01,5.73159E+01,5.73159E+01,5.73159E+01,5.73159E+01,5.73159E+01,5.73159E+01,5.73159E+01,5.73159E+01,5.73159E+01,5.73159E+01 
#t = 1.932E+03
5.73159E+01,5.73159E+01,5.73159E+01,5.73159E+01,5.73159E+01,5.73159E+01,5.73159E+01,5.73159E+01,5.73159E+01,5.73159E+01,5.73159E+01,5.73159E+01,5.73159E+01,5.73159E+01,5.73159E+01,5.73159E+01,5.73159E+01,5.73159E+01,1.24217E+01,5.73159E+01,5.73159E+01,5.73159E+01,5.73159E+01,5.73159E+01,5.73159E+01,5.73159E+01,5.73159E+01,5.73159E+01,5.73159E+01,5.73159E+01,5.73159E+01,5.73159E+01,1.77048E+00,5.73159E+01,5.73159E+01,5.73159E+01,5.73159E+01,1.14805E+01,5.73159E+01,5.73159E+01,5.73159E+01,5.73159E+01,5.73159E+01,5.73159E+01,2.31567E+00 
#t = 1.974E+03
5.73159E+01,5.73159E+01,5.73159E+01,5.73159E+01,5.73159E+01,5.73159E+01,5.73159E+01,5.73159E+01,5.73159E+01,5.73159E+01,5.73159E+01,5.73159E+01,5.73159E+01,5.73159E+01,5.73159E+01,5.73159E+01,5.73159E+01,5.73159E+01,5.73159E+01,5.73159E+01,5.73159E+01,1.46936E+01,5.73159E+01,4.39055E+00,5.73159E+01,5.73159E+01,5.73159E+01,6.68317E+00,4.72274E+00,5.73159E+01,5.73159E+01,9.26770E+00,7.27387E+00,7.20485E+00,1.92402E+00,5.73159E+01,5.73159E+01,5.73159E+01,5.73159E+01,5.73159E+01,8.28198E-01,2.20128E+00,5.73159E+01,5.73159E+01,1.38678E+00,5.73159E+01 
#t = 2.016E+03
5.73159E+01,5.73159E+01,5.73159E+01,5.73159E+01,5.73159E+01,5.73159E+01,5.73159E+01,5.73159E+01,1.45485E+01,5.73159E+01,5.73159E+01,5.73159E+01,5.73159E+01,5.73159E+01,5.73159E+01,5.73159E+01,5.73159E+01,5.73159E+01,5.73159E+01,5.73159E+01,5.73159E+01,5.73159E+01,5.73159E+01,5.73159E+01,5.73159E+01,5.73159E+01,5.73159E+01,5.73159E+01,5.73159E+01,5.73159E+01,5.73159E+01,5.73159E+01,5.73159E+01,5.73159E+01,5.73159E+01,5.73159E+01,5.73159E+01,5.73159E+01,5.73159E+01,5.73159E+01,3.27930E-01,5.73159E+01,5.73159E+01 
#t = 2.058E+03
5.73159E+01,5.73159E+01,5.73159E+01,5.73159E+01,5.73159E+01,5.73159E+01,5.73159E+01,5.73159E+01,5.73159E+01,5.73159E+01,5.73159E+01,5.73159E+01,5.73159E+01,5.73159E+01,5.73159E+01,5.73159E+01,5.73159E+01,5.73159E+01,1.15632E+01,5.73159E+01,1.23237E+01,5.73159E+01,5.73159E+01,5.73159E+01,5.73159E+01,5.73159E+01,5.73159E+01,5.73159E+01,8.28983E+00,5.73159E+01,5.73159E+01,6.31115E+00,5.73159E+01,1.41155E+00,5.73159E+01,5.73159E+01,5.73159E+01,5.73159E+01,5.73159E+01,4.28231E-01,5.73159E+01,5.73159E+01 
#t = 2.100E+03
5.73159E+01,5.73159E+01,5.73159E+01,5.73159E+01,5.73159E+01,5.73159E+01,5.73159E+01,5.73159E+01,5.73159E+01,5.73159E+01,5.73159E+01,5.73159E+01,5.73159E+01,5.73159E+01,5.73159E+01,5.73159E+01,5.73159E+01,5.73159E+01,5.73159E+01,5.73159E+01,5.73159E+01,5.73159E+01,5.73159E+01,5.73159E+01,5.73159E+01,5.73159E+01,5.73159E+01,5.73159E+01,5.73159E+01,5.73159E+01,5.73159E+01,5.73159E+01,5.73159E+01,1.35156E+01,5.73159E+01,3.72555E+00,5.73159E+01,5.73159E+01,5.73159E+01,5.73159E+01,8.29015E+00,3.49116E+00,5.73159E+01,5.73159E+01,5.73159E+01,5.73159E+01,5.73159E+01,5.73159E+01,5.73159E+01,5.73159E+01,3.98036E+00 
#t = 2.142E+03
5.73159E+01,5.73159E+01,5.73159E+01,5.73159E+01,5.73159E+01,5.73159E+01,5.73159E+01,5.73159E+01,5.73159E+01,5.73159E+01,5.73159E+01,5.73159E+01,5.73159E+01,5.73159E+01,5.73159E+01,5.73159E+01,5.73159E+01,5.73159E+01,5.73159E+01,5.73159E+01,5.73159E+01,5.73159E+01,5.73159E+01,5.73159E+01,5.73159E+01,5.73159E+01,4.49859E-01,5.73159E+01,5.73159E+01,5.73159E+01,5.73159E+01,5.73159E+01,5.73159E+01,5.73159E+01,5.73159E+01,5.73159E+01 
#t = 2.184E+03
5.73159E+01,5.73159E+01,5.73159E+01,5.73159E+01,5.73159E+01,5.73159E+01,5.73159E+01,5.73159E+01,5.73159E+01,5.73159E+01,5.73159E+01,5.73159E+01,5.73159E+01,5.73159E+01,5.73159E+01,5.73159E+01,5.73159E+01,5.73159E+01,5.73159E+01,5.73159E+01,5.73159E+01,5.73159E+01,5.73159E+01,5.73159E+01,5.73159E+01,5.73159E+01,5.73159E+01,5.73159E+01,5.73159E+01,5.73159E+01,5.73159E+01,5.73159E+01,5.73159E+01,5.73159E+01,5.73159E+01,5.73159E+01,5.73159E+01,5.73159E+01,5.73159E+01,5.73159E+01,5.73159E+01,5.73159E+01,5.73159E+01,5.73159E+01,5.73159E+01,5.73159E+01 
#t = 2.226E+03
5.73159E+01,5.73159E+01,5.73159E+01,5.73159E+01,5.73159E+01,5.73159E+01,5.73159E+01,5.73159E+01,5.73159E+01,5.73159E+01,5.73159E+01,5.73159E+01,5.73159E+01,5.73159E+01,5.73159E+01,5.73159E+01,5.73159E+01,5.73159E+01,5.73159E+01,5.73159E+01,5.73159E+01,5.73159E+01,5.73159E+01,5.73159E+01,5.73159E+01,5.73159E+01,5.73159E+01,5.73159E+01,5.73159E+01,5.73159E+01,5.73159E+01,5.73159E+01,5.73159E+01,5.73159E+01,5.73159E+01,5.73159E+01,5.73159E+01,5.73159E+01,5.73159E+01,5.73159E+01,5.73159E+01,2.79541E+00,5.73159E+01,5.82448E-01 
#t = 2.268E+03
5.73159E+01,5.73159E+01,5.73159E+01,5.73159E+01,5.73159E+01,5.73159E+01,5.73159E+01,5.73159E+01,5.73159E+01,5.73159E+01,5.73159E+01,5.73159E+01,5.73159E+01,5.73159E+01,5.73159E+01,5.73159E+01,5.73159E+01,5.73159E+01,5.73159E+01,5.73159E+01,5.73159E+01,5.73159E+01,5.73159E+01,5.73159E+01,5.73159E+01,5.73159E+01,1.12168E+01,4.97811E-01,5.73159E+01,5.73159E+01,5.73159E+01,5.73159E+01,5.73159E+01,5.73159E+01,7.04575E-01,5.73159E+01,5.73159E+01,5.73159E+01,5.73159E+01 
#t = 2.310E+03
5.73159E+01,5.73159E+01,5.73159E+01,5.73159E+01,5.73159E+01,5.73159E+01,5.73159E+01,5.73159E+01,5.73159E+01,6.34255E+01,5.73159E+01,5.73159E+01,5.73159E+01,5.73159E+01,5.73159E+01,6.34255E+01,5.73159E+01,5.73159E+01,5.73159E+01,5.73159E+01,5.73159E+01,5.73159E+01,5.73159E+01,5.73159E+01,8.06287E+00,5.73159E+01,5.73159E+01,1.17051E+00,5.73159E+01,1.77168E+00,5.73159E+01,5.73159E+01,2.73878E-01,5.73159E+01,5.73159E+01,5.73159E+01,5.73159E+01,5.73159E+01 
#t = 2.352E+03
5.73159E+01,5.73159E+01,6.34255E+01,5.73159E+01,5.73159E+01,5.73159E+01,5.73159E+01,6.34255E+01,5.73159E+01,5.73159E+01,6.34255E+01,5.73159E+01,5.73159E+01,5.73159E+01,4.73597E+00,5.73159E+01,5.73159E+01,5.73159E+01,6.34255E+01,5.73159E+01,6.34255E+01,5.73159E+01,5.73159E+01,5.73159E+01,5.73159E+01,5.73159E+01,5.73159E+01,5.73159E+01,6.34255E+01,5.73159E+01,5.73159E+01,5.73159E+01,3.52924E-01,5.73159E+01,5.73159E+01,5.73159E+01,5.73159E+01,4.57116E+00,5.73159E+01,5.73159E+01,9.76718E-01,5.73159E+01,5.73159E+01,1.15118E-01 
#t = 2.394E+03
5.73159E+01,5.73159E+01,5.73159E+01,5.73159E+01,5.73159E+01,5.73159E+01,4.81882E+01,5.73159E+01,6.34255E+01,5.73159E+01,5.73159E+01,5.73159E+01,5.73159E+01,5.73159E+01,5.73159E+01,5.73159E+01,5.73159E+01,5.73159E+01,5.73159E+01,5.73159E+01,5.73159E+01,5.73159E+01,5.73159E+01,5.73159E+01,4.81882E+01,5.73159E+01,6.34255E+01,1.87727E+00,5.73159E+01,5.73159E+01,5.73159E+01,4.81882E+01,5.73159E+01,5.73159E+01,4.81882E+01,5.73159E+01,1.83703E+00,5.73159E+01,2.58951E+00,5.73159E+01,5.73159E+01,5.73159E+01,5.73159E+01,5.73159E+01,5.73159E+01,5.73159E+01,5.73159E+01 
#t = 2.436E+03
5.73159E+01,5.73159E+01,5.73159E+01,5.73159E+01,5.73159E+01,5.73159E+01,4.81882E+01,5.73159E+01,4.81882E+01,4.81882E+01,5.73159E+01,5.73159E+01,5.73159E+01,5.73159E+01,5.73159E+01,4.81882E+01,5.73159E+01,5.73159E+01,5.23809E+00,5.73159E+01,4.78273E+00,5.73159E+01,5.73159E+01,5.73159E+01,5.73159E+01,4.81882E+01,5.73159E+01,5.73159E+01,2.37040E+00,4.81882E+01,5.73159E+01,3.22868E+01,5.73159E+01,5.73159E+01,5.73159E+01 
#t = 2.478E+03
4.81882E+01,5.73159E+01,5.73159E+01,5.73159E+01,1.51827E+01,4.81882E+01,3.22868E+01,3.22868E+01,3.22868E+01,5.73159E+01,5.73159E+01,3.22868E+01,1.51827E+01,5.73159E+01,5.73159E+01,5.73159E+01,4.81882E+01,5.73159E+01,5.73159E+01,3.22868E+01,4.81882E+01,4.81882E+01,4.81882E+01,5.73159E+01,5.73159E+01,5.73159E+01,4.81882E+01,5.73159E+01,3.22868E+01,4.81882E+01,5.73159E+01,1.51827E+01,5.73159E+01,5.73159E+01,1.07463E+00,1.51827E+01,5.73159E+01,5.73159E+01,2.23042E+01,2.48888E+00 
#t = 2.520E+03
4.81882E+01,5.73159E+01,5.73159E+01,5.73159E+01,1.51827E+01,5.73159E+01,5.73159E+01,5.73159E+01,4.81882E+01,1.51827E+01,1.51827E+01,4.81882E+01,5.73159E+01,5.73159E+01,5.73159E+01,5.73159E+01,5.73159E+01,1.51827E+01,5.73159E+01,5.73159E+01,5.73159E+01,3.03506E+00,5.73159E+01,1.51827E+01,5.73159E+01,1.51827E+01,4.81882E+01,5.73159E+01,1.51827E+01,5.73159E+01,1.51827E+01,1.51827E+01,4.81882E+01,5.73159E+01,5.73159E+01,5.73159E+01,5.73159E+01,4.81882E+01,5.73159E+01 
#t = 2.562E+03
5.73159E+01,5.73159E+01,5.73159E+01,5.73159E+01,1.51827E+01,4.81882E+01,5.73159E+01,5.73159E+01,5.73159E+01,5.73159E+01,1.51827E+01,5.73159E+01,5.73159E+01,5.73159E+01,5.73159E+01,1.51827E+01,5.73159E+01,5.73159E+01,5.73159E+01,5.73159E+01,5.73159E+01,5.73159E+01,5.73159E+01,5.73159E+01,5.73159E+01,5.73159E+01,5.73159E+01,1.51827E+01,5.73159E+01,5.73159E+01,5.73159E+01,1.51827E+01,1.51827E+01,5.73159E+01,1.41655E+01,1.34960E+01,5.73159E+01,8.09794E-01,5.73159E+01,5.73159E+01,5.73159E+01,5.73159E+01,5.73159E+01,4.81882E+01,5.73159E+01,5.73159E+01,5.73159E+01,1.51827E+01,5.73159E+01,5.73159E+01,1.51827E+01 
#t = 2.604E+03
5.73159E+01,5.73159E+01,1.51827E+01,5.73159E+01,5.73159E+01,5.73159E+01,5.73159E+01,5.73159E+01,5.73159E+01,5.73159E+01,5.73159E+01,1.51827E+01,1.51827E+01,5.73159E+01,5.73159E+01,5.73159E+01,5.73159E+01,5.73159E+01,5.73159E+01,5.73159E+01,1.51827E+01,5.73159E+01,5.73159E+01,1.51827E+01,5.73159E+01,5.73159E+01,5.73159E+01,5.73159E+01,1.51827E+01,5.73159E+01,5.73159E+01,5.73159E+01,5.73159E+01,1.51827E+01 
#t = 2.646E+03
5.73159E+01,5.73159E+01,5.73159E+01,5.73159E+01,5.73159E+01,5.73159E+01,5.73159E+01,5.73159E+01,5.73159E+01,5.73159E+01,5.73159E+01,5.73159E+01,1.51827E+01,5.73159E+01,5.73159E+01,5.73159E+01,5.73159E+01,5.73159E+01,5.73159E+01,5.73159E+01,5.73159E+01,5.73159E+01,5.73159E+01,5.73159E+01,5.73159E+01,5.73159E+01,5.73159E+01,5.73159E+01,5.73159E+01,5.73159E+01,1.51827E+01,5.73159E+01,9.41257E-01 
#t = 2.688E+03
5.73159E+01,1.51827E+01,5.73159E+01,5.73159E+01,5.73159E+01,5.73159E+01,5.73159E+01,5.73159E+01,5.73159E+01,5.73159E+01,5.73159E+01,5.73159E+01,5.73159E+01,5.73159E+01,5.73159E+01,5.73159E+01,5.73159E+01,5.73159E+01,5.73159E+01,5.73159E+01,5.73159E+01,5.73159E+01,1.29535E+01,5.73159E+01,5.73159E+01,5.73159E+01,5.73159E+01,5.73159E+01,5.73159E+01,5.73159E+01,5.73159E+01,5.73159E+01,5.73159E+01,5.73159E+01,5.73159E+01,5.73159E+01,5.73159E+01,9.40293E-01,5.73159E+01,5.73159E+01,5.73159E+01,5.73159E+01,1.11901E+01,7.93037E+00,5.73159E+01,5.73159E+01,5.73159E+01 
#t = 2.730E+03
1.51827E+01,5.73159E+01,5.73159E+01,5.73159E+01,5.73159E+01,5.73159E+01,5.73159E+01,5.73159E+01,1.56734E+01,1.41894E+01,5.73159E+01,5.73159E+01,5.73159E+01,5.73159E+01,5.73159E+01,5.73159E+01,5.73159E+01,5.73159E+01,5.73159E+01,5.73159E+01,5.73159E+01,5.73159E+01,5.73159E+01,5.73159E+01,5.73159E+01,5.73159E+01,5.73159E+01,5.73159E+01,5.73159E+01,5.73159E+01,5.73159E+01,6.40521E+00,5.73159E+01,1.23126E+00 
#t = 2.772E+03
5.73159E+01,5.73159E+01,5.73159E+01,5.73159E+01,5.73159E+01,5.73159E+01,5.73159E+01,5.73159E+01,5.73159E+01,5.73159E+01,5.73159E+01,5.73159E+01,5.73159E+01,5.73159E+01,5.73159E+01,5.73159E+01,5.73159E+01,5.73159E+01,5.73159E+01,5.73159E+01,5.73159E+01,5.73159E+01,5.73159E+01,5.73159E+01,5.73159E+01,5.73159E+01,5.73159E+01,5.73159E+01,5.73159E+01,5.73159E+01,5.73159E+01,5.73159E+01,5.73159E+01,5.73159E+01,5.14983E+00,5.73159E+01,5.73159E+01,5.73159E+01,5.73159E+01,5.73159E+01,5.73159E+01,1.27708E+00,5.73159E+01,5.73159E+01,5.73159E+01,5.73159E+01,5.73159E+01,5.73159E+01,5.73159E+01,2.35947E+00,5.73159E+01 
#t = 2.814E+03
5.73159E+01,5.73159E+01,5.73159E+01,5.73159E+01,5.73159E+01,5.73159E+01,5.73159E+01,5.73159E+01,5.73159E+01,2.78912E+01,5.73159E+01,5.73159E+01,5.73159E+01,5.73159E+01,5.73159E+01,5.73159E+01,5.73159E+01,5.73159E+01,5.73159E+01,5.73159E+01,5.73159E+01,5.73159E+01,5.73159E+01,5.73159E+01,5.73159E+01,5.73159E+01,5.73159E+01,5.73159E+01,5.73159E+01,5.73159E+01,5.56799E+00,2.78912E+01,6.95206E+00,5.73159E+01,5.73159E+01,5.73159E+01,1.02971E+01,2.41236E+00 
#t = 2.856E+03
5.73159E+01,5.73159E+01,5.73159E+01,5.73159E+01,5.73159E+01,5.73159E+01,5.73159E+01,5.73159E+01,5.73159E+01,5.73159E+01,5.73159E+01,5.73159E+01,5.73159E+01,5.73159E+01,5.73159E+01,5.73159E+01,5.73159E+01,5.73159E+01,5.73159E+01,5.73159E+01,5.73159E+01,5.73159E+01,3.56194E+00,5.73159E+01,5.73159E+01,5.73159E+01,5.73159E+01,2.43271E+00,5.73159E+01,5.73159E+01,9.20337E-01,5.73159E+01,5.73159E+01,5.73159E+01 
#t = 2.898E+03
5.73159E+01,5.73159E+01,5.73159E+01,5.73159E+01,5.73159E+01,5.73159E+01,5.73159E+01,5.73159E+01,5.73159E+01,5.73159E+01,5.73159E+01,5.73159E+01,5.73159E+01,5.73159E+01,5.73159E+01,5.73159E+01,5.73159E+01,5.73159E+01,5.73159E+01,5.73159E+01,5.73159E+01,5.73159E+01,5.73159E+01,5.73159E+01,5.73159E+01,5.73159E+01,5.73159E+01,5.73159E+01,5.73159E+01,5.73159E+01,5.73159E+01,5.73159E+01,5.73159E+01,5.73159E+01,8.82553E-01,2.93239E+00,5.73159E+01,1.07060E+01,1.28262E+01,4.95742E+00,6.82914E+00,3.81713E+00,2.18281E+00,3.96552E-01 
#t = 2.940E+03
5.73159E+01,5.73159E+01,5.73159E+01,5.73159E+01,5.73159E+01,5.73159E+01,5.73159E+01,5.73159E+01,5.73159E+01,5.73159E+01,1.17318E+01,5.73159E+01,5.73159E+01,5.73159E+01,1.17318E+01,5.73159E+01,5.73159E+01,1.07060E+01,5.73159E+01,6.82253E+00,5.73159E+01,5.73159E+01,5.73159E+01,1.18897E+01,1.17318E+01,5.73159E+01,7.84659E+00,5.73159E+01,5.73159E+01,6.25705E+00,5.73159E+01,1.18897E+01,1.57208E+00,1.18897E+01,5.73159E+01,1.42837E+01,1.17318E+01,5.73159E+01,1.18897E+01,5.73159E+01,5.73159E+01,5.73159E+01,5.73159E+01 
#t = 2.982E+03
5.73159E+01,1.18897E+01,5.73159E+01,5.73159E+01,5.73159E+01,3.28527E+01,5.73159E+01,5.73159E+01,5.73159E+01,5.73159E+01,5.73159E+01,5.73159E+01,1.18897E+01,5.73159E+01,1.18897E+01,5.73159E+01,5.73159E+01,5.73159E+01,5.73159E+01,5.73159E+01,5.73159E+01,5.73159E+01,5.73159E+01,5.73159E+01,5.73159E+01,5.73159E+01,5.73159E+01,3.23715E+00,5.73159E+01,5.73159E+01,5.73159E+01,5.73159E+01,1.18897E+01,5.73159E+01,1.18897E+01,5.73159E+01 
#t = 3.024E+03
3.28527E+01,1.18897E+01,5.73159E+01,5.73159E+01,1.18897E+01,5.73159E+01,5.73159E+01,5.73159E+01,5.73159E+01,7.33368E+00,5.73159E+01,5.73159E+01,5.73159E+01,5.73159E+01,5.73159E+01,5.73159E+01,5.73159E+01,1.46434E+01,5.73159E+01,5.73159E+01,3.28527E+01,5.73159E+01,5.73159E+01,5.73159E+01,5.73159E+01,5.73159E+01,5.73159E+01,5.73159E+01,5.73159E+01,5.73159E+01,7.45949E+00,5.98001E+00,5.73159E+01,5.73159E+01,5.73159E+01,8.90600E+00,5.73159E+01,5.73159E+01,4.99934E+00,8.78716E-01,1.32488E+00 
#t = 3.066E+03
5.73159E+01,5.73159E+01,5.73159E+01,5.73159E+01,5.73159E+01,5.73159E+01,5.73159E+01,5.73159E+01,5.73159E+01,5.73159E+01,5.73159E+01,5.73159E+01,5.73159E+01,5.73159E+01,5.73159E+01,5.73159E+01,5.73159E+01,5.73159E+01,5.73159E+01,5.73159E+01,5.73159E+01,5.73159E+01,5.73159E+01,5.73159E+01,5.73159E+01,5.73159E+01,5.73159E+01,5.73159E+01,5.73159E+01,5.73159E+01,1.15324E+01,1.53022E+01,5.73159E+01,5.73159E+01,5.73159E+01,5.73159E+01,1.15324E+01,2.91206E+00,5.73159E+01,5.73159E+01,5.73159E+01,5.73159E+01,5.73159E+01,5.73159E+01,5.73159E+01,5.73159E+01,5.73159E+01,1.15324E+01,5.73159E+01,2.38864E-01,5.73159E+01,5.73159E+01,5.73159E+01,1.53022E+01 
#t = 3.108E+03
5.73159E+01,5.73159E+01,1.53022E+01,5.73159E+01,5.73159E+01,5.73159E+01,5.73159E+01,5.73159E+01,5.73159E+01,5.73159E+01,5.73159E+01,5.73159E+01,5.73159E+01,5.73159E+01,5.73159E+01,5.73159E+01,1.53022E+01,5.73159E+01,5.73159E+01,5.73159E+01,5.73159E+01,5.73159E+01,5.73159E+01,5.73159E+01,1.53022E+01,1.53022E+01,5.73159E+01,1.53022E+01,5.73159E+01,5.73159E+01,5.73159E+01,5.73159E+01,5.73159E+01,4.44725E+00,5.73159E+01,1.55824E+00,7.71334E+00,8.07132E-01,5.73159E+01 
#t = 3.150E+03
5.73159E+01,5.73159E+01,5.73159E+01,8.95843E+00,5.73159E+01,5.73159E+01,5.73159E+01,5.73159E+01,5.73159E+01,5.73159E+01,5.73159E+01,5.73159E+01,5.73159E+01,5.73159E+01,5.73159E+01,5.73159E+01,5.73159E+01,5.73159E+01,5.73159E+01,5.73159E+01,5.73159E+01,5.73159E+01,1.75661E+01,5.73159E+01,1.29873E+01,5.73159E+01,5.73159E+01,5.73159E+01,5.73159E+01,5.73159E+01,5.73159E+01,1.29873E+01,5.73159E+01,5.73159E+01,5.73159E+01,5.73159E+01,5.73159E+01,5.73159E+01,5.73159E+01,5.73159E+01,5.73159E+01 
#t = 3.192E+03
5.73159E+01,5.73159E+01,5.73159E+01,5.73159E+01,5.73159E+01,1.75661E+01,5.73159E+01,5.73159E+01,5.73159E+01,1.08287E+01,5.73159E+01,5.73159E+01,5.73159E+01,5.73159E+01,5.73159E+01,1.89005E+01,1.89005E+01,5.73159E+01,5.73159E+01,5.73159E+01,5.73159E+01,1.89005E+01,5.73159E+01,5.73159E+01,2.45557E+00,5.73159E+01,1.89005E+01,7.07986E+00,5.73159E+01,5.73159E+01,5.73159E+01,5.73159E+01,5.73159E+01,5.73159E+01,1.92860E-01,5.73159E+01,5.73159E+01,5.73159E+01,5.73159E+01,5.73159E+01,1.39911E+00 
#t = 3.234E+03
5.73159E+01,5.73159E+01,1.89005E+01,5.73159E+01,5.73159E+01,5.73159E+01,5.73159E+01,5.73159E+01,5.73159E+01,5.73159E+01,5.73159E+01,5.73159E+01,5.73159E+01,5.73159E+01,1.34368E+01,5.73159E+01,5.73159E+01,1.89005E+01,5.73159E+01,1.34368E+01,5.73159E+01,5.73159E+01,5.73159E+01,5.73159E+01,5.73159E+01,5.73159E+01,5.73159E+01,5.73159E+01,5.73159E+01,5.73159E+01,5.73159E+01,5.73159E+01,1.96162E+00,5.73159E+01,5.73159E+01,5.73159E+01,1.34368E+01,5.73159E+01,5.73159E+01,5.73159E+01,5.73159E+01,5.73159E+01,5.73159E+01 
#t = 3.276E+03
5.73159E+01,5.73159E+01,5.73159E+01,5.73159E+01,5.73159E+01,1.69013E+01,5.73159E+01,5.73159E+01,5.73159E+01,5.73159E+01,5.73159E+01,5.73159E+01,5.73159E+01,5.73159E+01,8.63923E+00,5.73159E+01,5.73159E+01,5.73159E+01,5.73159E+01,5.73159E+01,3.85336E-01,5.73159E+01,5.73159E+01,1.69013E+01,5.73159E+01,5.73159E+01,1.89966E+01,1.89966E+01,1.69013E+01,5.73159E+01,1.69013E+01,5.73159E+01,5.73159E+01 
#t = 3.318E+03
5.73159E+01,1.89966E+01,5.73159E+01,5.73159E+01,5.73159E+01,5.73159E+01,1.69013E+01,5.73159E+01,5.73159E+01,5.73159E+01,5.73159E+01,5.73159E+01,5.73159E+01,5.73159E+01,5.73159E+01,5.73159E+01,5.73159E+01,5.73159E+01,5.73159E+01,5.73159E+01,1.69013E+01,5.73159E+01,5.73159E+01,1.50691E+01,5.73159E+01,5.73159E+01,5.73159E+01,5.73159E+01,1.89966E+01,5.73159E+01,5.56718E+00,5.73159E+01 
#t = 3.360E+03
5.73159E+01,5.73159E+01,1.89966E+01,5.73159E+01,5.73159E+01,5.73159E+01,5.73159E+01,5.73159E+01,5.73159E+01,5.73159E+01,1.54304E+01,5.73159E+01,5.73159E+01,5.73159E+01,5.73159E+01,5.73159E+01,5.73159E+01,2.65329E+01,5.73159E+01,5.73159E+01,5.73159E+01,5.73159E+01,2.00204E+00,5.73159E+01,3.79850E+00,5.73159E+01,5.73159E+01,5.73159E+01,5.73159E+01,5.73159E+01,1.22576E+00,5.73159E+01 
#t = 3.402E+03
5.73159E+01,5.73159E+01,5.73159E+01,5.73159E+01,5.73159E+01,5.73159E+01,5.73159E+01,1.05598E+01,5.73159E+01,5.73159E+01,5.73159E+01,5.73159E+01,5.73159E+01,5.73159E+01,5.73159E+01,5.73159E+01,5.73159E+01,5.73159E+01,5.73159E+01,5.73159E+01,5.73159E+01,5.73159E+01,6.16792E+00,5.07782E-01,5.73159E+01,1.11666E+00,5.73159E+01,5.73159E+01 
#t = 3.444E+03
5.73159E+01,5.73159E+01,5.73159E+01,5.73159E+01,5.73159E+01,5.73159E+01,5.73159E+01,5.73159E+01,5.73159E+01,5.73159E+01,5.73159E+01,5.73159E+01,5.73159E+01,5.73159E+01,5.73159E+01,5.73159E+01,5.73159E+01,5.73159E+01,6.27860E+00,5.73159E+01,5.73159E+01,8.66434E+00,5.73159E+01,5.73159E+01,5.73159E+01,5.73159E+01,5.73159E+01,5.73159E+01,5.73159E+01,2.66288E+00,5.73159E+01,5.73159E+01,5.73159E+01,5.73159E+01,2.49198E+00,5.73159E+01 
#t = 3.486E+03
5.73159E+01,5.73159E+01,5.73159E+01,5.73159E+01,5.73159E+01,5.73159E+01,5.73159E+01,5.73159E+01,5.73159E+01,5.73159E+01,5.73159E+01,5.73159E+01,5.73159E+01,5.73159E+01,5.73159E+01,5.73159E+01,5.73159E+01,5.73159E+01,5.73159E+01,7.91561E+00,5.73159E+01,5.73159E+01,5.73159E+01,5.73159E+01,5.73159E+01,5.73159E+01,3.34730E+00,5.73159E+01,3.97592E+00,5.73159E+01,6.46320E+00,5.73159E+01,5.73159E+01,5.73159E+01,5.45718E-01,5.73159E+01 
#t = 3.528E+03
5.73159E+01,5.73159E+01,5.73159E+01,5.73159E+01,5.73159E+01,5.73159E+01,5.73159E+01,5.73159E+01,5.73159E+01,5.73159E+01,5.73159E+01,5.73159E+01,1.61081E+01,5.73159E+01,5.73159E+01,5.73159E+01,5.73159E+01,5.73159E+01,5.73159E+01,5.73159E+01,5.73159E+01,5.73159E+01,5.73159E+01,5.73159E+01,5.73159E+01,5.73159E+01,5.73159E+01,5.73159E+01,5.73159E+01,1.38786E+01,5.73159E+01,5.73159E+01,5.73159E+01,5.73159E+01,5.73159E+01,5.73159E+01,5.73159E+01,5.73159E+01,5.73159E+01,5.73159E+01,5.73159E+01,5.73159E+01,5.73159E+01,5.73159E+01,9.27085E-01,5.73159E+01,5.73159E+01,9.59494E-01 
#t = 3.570E+03
5.73159E+01,1.38786E+01,5.73159E+01,5.73159E+01,5.73159E+01,5.73159E+01,5.73159E+01,5.73159E+01,5.73159E+01,5.73159E+01,5.73159E+01,5.73159E+01,5.73159E+01,5.73159E+01,5.73159E+01,5.73159E+01,5.73159E+01,5.73159E+01,5.73159E+01,5.73159E+01,5.73159E+01,5.73159E+01,5.73159E+01,5.73159E+01,5.73159E+01,5.73159E+01,5.73159E+01,5.73159E+01,5.73159E+01,5.73159E+01,5.73159E+01,5.73159E+01,5.73159E+01,5.73159E+01 
#t = 3.612E+03
5.73159E+01,5.73159E+01,5.73159E+01,5.73159E+01,5.73159E+01,5.73159E+01,5.73159E+01,5.73159E+01,5.73159E+01,5.73159E+01,5.73159E+01,5.73159E+01,5.73159E+01,5.73159E+01,8.45601E+00,5.73159E+01,5.73159E+01,5.73159E+01,5.73159E+01,5.73159E+01,5.73159E+01,4.26923E+00,5.73159E+01,5.73159E+01,5.73159E+01,5.73159E+01,5.73159E+01,5.73159E+01,5.73159E+01,5.73159E+01,5.73159E+01,5.73159E+01,5.73159E+01,5.73159E+01,5.73159E+01,5.73159E+01,5.73159E+01,5.73159E+01,2.36986E+00,5.73159E+01 
#t = 3.654E+03
5.73159E+01,5.73159E+01,5.73159E+01,5.73159E+01,5.73159E+01,5.73159E+01,5.73159E+01,5.73159E+01,1.86008E+01,5.73159E+01,5.73159E+01,5.73159E+01,5.73159E+01,5.73159E+01,5.73159E+01,5.73159E+01,5.73159E+01,5.73159E+01,5.73159E+01,5.73159E+01,5.73159E+01,5.73159E+01,5.73159E+01,5.73159E+01,5.73159E+01,5.73159E+01,5.73159E+01,5.73159E+01,5.73159E+01,5.73159E+01,5.73159E+01,5.73159E+01,5.73159E+01,5.73159E+01,6.55406E+00,5.73159E+01,5.73159E+01,2.16574E+01,1.86008E+01,1.86008E+01,1.86777E+00,5.73159E+01,1.86008E+01,2.95731E+00,5.73159E+01,5.73159E+01,5.73159E+01,5.73159E+01,1.86008E+01 
#t = 3.696E+03
5.73159E+01,5.73159E+01,5.73159E+01,5.73159E+01,5.73159E+01,5.73159E+01,1.86008E+01,5.73159E+01,5.73159E+01,5.73159E+01,5.73159E+01,5.73159E+01,5.73159E+01,5.73159E+01,1.86008E+01,5.73159E+01,5.73159E+01,5.73159E+01,5.73159E+01,5.73159E+01,5.73159E+01,5.73159E+01,5.73159E+01,5.73159E+01,5.73159E+01,5.73159E+01,1.73235E+00,5.73159E+01,5.73159E+01,5.73159E+01,5.73159E+01 
#t = 3.738E+03
5.73159E+01,1.86008E+01,5.73159E+01,5.73159E+01,5.73159E+01,5.73159E+01,5.73159E+01,5.73159E+01,5.73159E+01,1.86008E+01,1.86008E+01,5.73159E+01,5.73159E+01,5.73159E+01,5.73159E+01,5.73159E+01,5.73159E+01,5.73159E+01,5.73159E+01,5.73159E+01,8.69163E+00,5.73159E+01,5.73159E+01,5.73159E+01,5.73159E+01,5.73159E+01,5.73159E+01,5.73159E+01,5.73159E+01,5.73159E+01,5.73159E+01,5.73159E+01,5.73159E+01,5.73159E+01,5.73159E+01,5.73159E+01,5.73159E+01,5.55938E-01 
#t = 3.780E+03
5.73159E+01,5.73159E+01,5.73159E+01,5.73159E+01,5.73159E+01,5.73159E+01,5.73159E+01,5.73159E+01,5.73159E+01,5.73159E+01,5.73159E+01,5.73159E+01,5.73159E+01,5.73159E+01,5.73159E+01,5.73159E+01,5.73159E+01,5.73159E+01,5.73159E+01,5.73159E+01,1.57664E+01,5.73159E+01,5.73159E+01,5.73159E+01,5.73159E+01,5.73159E+01,5.73159E+01,5.73159E+01,5.73159E+01,5.73159E+01,5.73159E+01,5.73159E+01,5.73159E+01,5.73159E+01,5.73159E+01,5.73159E+01,5.73159E+01,5.73159E+01,7.10303E-01,5.73159E+01,5.73159E+01,5.73159E+01,5.73159E+01,5.73159E+01 
#t = 3.822E+03
5.73159E+01,5.73159E+01,5.73159E+01,5.73159E+01,5.73159E+01,5.73159E+01,5.73159E+01,5.73159E+01,5.73159E+01,5.73159E+01,5.73159E+01,5.73159E+01,5.73159E+01,5.73159E+01,5.73159E+01,5.73159E+01,5.73159E+01,5.73159E+01,6.80701E+00,5.73159E+01,5.73159E+01,5.73159E+01,5.73159E+01,5.73159E+01,5.73159E+01,5.73159E+01,5.73159E+01,5.73159E+01,5.73159E+01,5.73159E+01,5.73159E+01,5.73159E+01,5.73159E+01,5.73159E+01,1.01782E+01,5.73159E+01,5.73159E+01,5.73159E+01,5.73159E+01,5.73159E+01,2.39068E+00,5.73159E+01,5.73159E+01,5.73159E+01,5.73159E+01,5.73159E+01,5.73159E+01,1.53147E+00 
#t = 3.864E+03
5.73159E+01,5.73159E+01,5.73159E+01,5.73159E+01,5.73159E+01,5.73159E+01,5.73159E+01,5.73159E+01,5.73159E+01,5.73159E+01,5.73159E+01,5.73159E+01,5.73159E+01,5.73159E+01,5.73159E+01,5.73159E+01,5.73159E+01,5.73159E+01,5.73159E+01,5.73159E+01,5.73159E+01,5.73159E+01,5.73159E+01,5.73159E+01,5.73159E+01,5.73159E+01,5.73159E+01,5.73159E+01,5.73159E+01,5.42620E+00,5.73159E+01,5.73159E+01,5.73159E+01,5.73159E+01,5.73159E+01,5.73159E+01,5.73159E+01,5.73159E+01,5.73159E+01,5.73159E+01,5.73159E+01,5.73159E+01,5.24276E-01,1.78645E+00 
#t = 3.906E+03
5.73159E+01,5.73159E+01,5.73159E+01,5.73159E+01,5.73159E+01,5.73159E+01,5.73159E+01,5.73159E+01,5.73159E+01,5.73159E+01,5.73159E+01,5.73159E+01,5.73159E+01,5.73159E+01,5.73159E+01,5.73159E+01,5.73159E+01,5.73159E+01,5.73159E+01,5.73159E+01,5.73159E+01,5.73159E+01,5.73159E+01,5.73159E+01,5.73159E+01,9.20633E-01,5.73159E+01,5.73159E+01,5.73159E+01,5.73159E+01,5.73159E+01,5.73159E+01,5.73159E+01,5.73159E+01,5.73159E+01,5.73159E+01,5.73159E+01,5.73159E+01,2.11751E+00,5.73159E+01,1.42139E+00,5.73159E+01,5.73159E+01,1.27487E+00,5.73159E+01,5.73159E+01,5.73159E+01,5.73159E+01,5.73159E+01,5.73159E+01,4.02137E+00,5.73159E+01,5.73159E+01,5.73159E+01,5.73159E+01,5.73159E+01 
#t = 3.948E+03
5.73159E+01,5.73159E+01,5.73159E+01,5.73159E+01,5.73159E+01,5.73159E+01,5.73159E+01,5.73159E+01,5.73159E+01,5.73159E+01,5.73159E+01,5.73159E+01,5.73159E+01,5.73159E+01,5.73159E+01,1.11775E+01,5.73159E+01,5.73159E+01,5.73159E+01,5.73159E+01,5.73159E+01,5.73159E+01,5.73159E+01,5.73159E+01,5.73159E+01,5.73159E+01,5.73159E+01,5.73159E+01,5.73159E+01,5.73159E+01,5.73159E+01,5.73159E+01,5.73159E+01,5.73159E+01,5.73159E+01,5.73159E+01,1.77208E+00,5.73159E+01,5.73159E+01,5.73159E+01,1.11775E+01,7.39448E+00,5.73159E+01 
#t = 3.990E+03
5.73159E+01,5.73159E+01,5.73159E+01,1.11775E+01,5.73159E+01,5.73159E+01,5.73159E+01,5.73159E+01,5.73159E+01,5.73159E+01,5.73159E+01,5.73159E+01,5.73159E+01,5.73159E+01,5.73159E+01,5.73159E+01,5.73159E+01,5.73159E+01,5.73159E+01,5.73159E+01,5.73159E+01,5.73159E+01,5.73159E+01,5.73159E+01,5.73159E+01,5.73159E+01,3.42045E+00,5.73159E+01,5.73159E+01,5.73159E+01,5.73159E+01,5.73159E+01,5.73159E+01,5.73159E+01,5.73159E+01,5.73159E+01,5.73159E+01,5.73159E+01,5.73159E+01,1.62557E+01,5.73159E+01,2.14050E+00,5.73159E+01 
#t = 4.032E+03
5.73159E+01,5.73159E+01,5.73159E+01,5.73159E+01,5.73159E+01,5.73159E+01,5.73159E+01,5.73159E+01,5.73159E+01,5.73159E+01,1.11775E+01,7.36224E+00,5.73159E+01,5.73159E+01,5.73159E+01,5.73159E+01,5.73159E+01,5.73159E+01,5.73159E+01,5.73159E+01,5.73159E+01,5.73159E+01,5.73159E+01,5.73159E+01,8.22040E+00,5.73159E+01,5.73159E+01,5.73159E+01,5.73159E+01,1.91285E+00,5.73159E+01,5.50905E+00,8.02130E-01,5.73159E+01,5.73159E+01,5.73159E+01,5.73159E+01 
#t = 4.074E+03
5.73159E+01,5.73159E+01,5.73159E+01,5.73159E+01,5.73159E+01,5.73159E+01,5.73159E+01,5.73159E+01,5.73159E+01,5.73159E+01,5.73159E+01,5.73159E+01,1.29878E+01,1.27433E+01,5.73159E+01,5.73159E+01,5.73159E+01,5.73159E+01,5.73159E+01,5.73159E+01,5.73159E+01,5.73159E+01,5.73159E+01,5.73159E+01,5.73159E+01,5.71425E+00,9.00770E+00,5.73159E+01,5.73159E+01,5.73159E+01,7.14812E+00,5.73159E+01,5.73159E+01,5.73159E+01,5.73159E+01,5.73159E+01,1.34160E-01,5.73159E+01,5.73159E+01,5.73159E+01,5.73159E+01,5.73159E+01,5.73159E+01,1.10574E+00 
#t = 4.116E+03
5.73159E+01,5.73159E+01,1.66243E+01,5.73159E+01,5.73159E+01,5.73159E+01,5.73159E+01,5.73159E+01,5.73159E+01,5.73159E+01,5.73159E+01,5.73159E+01,5.73159E+01,1.30992E+01,5.73159E+01,5.73159E+01,5.73159E+01,5.73159E+01,1.14189E+01,5.73159E+01,1.14189E+01,5.73159E+01,5.73159E+01,5.73159E+01,1.66243E+01,4.53767E+00,1.85874E+00,5.73159E+01,5.73159E+01,5.73159E+01,5.73159E+01,2.22349E-01,5.73159E+01 
#t = 4.158E+03
5.73159E+01,5.73159E+01,5.73159E+01,5.73159E+01,1.66243E+01,5.73159E+01,5.73159E+01,2.74117E+01,5.73159E+01,5.73159E+01,5.73159E+01,5.73159E+01,1.40273E+01,5.73159E+01,5.73159E+01,5.73159E+01,5.73159E+01,5.73159E+01,1.66243E+01,5.73159E+01,5.73159E+01,5.73159E+01,5.73159E+01,5.73159E+01,5.73159E+01,5.73159E+01,5.73159E+01,5.73159E+01,5.73159E+01,5.73159E+01,1.66243E+01,5.73159E+01,3.07013E+00,5.73159E+01,5.73159E+01,5.73159E+01,2.74117E+01,5.73159E+01,8.50476E-01,5.73159E+01 
#t = 4.200E+03
5.73159E+01,5.73159E+01,5.73159E+01,5.73159E+01,5.73159E+01,5.73159E+01,5.73159E+01,5.73159E+01,5.73159E+01,5.73159E+01,5.73159E+01,5.73159E+01,2.74117E+01,5.73159E+01,1.66243E+01,5.73159E+01,5.73159E+01,1.66243E+01,2.35822E+01,5.73159E+01,5.73159E+01,2.74117E+01,2.74117E+01,5.73159E+01,1.40273E+01,5.73159E+01,9.85271E+00,5.73159E+01,2.35822E+01,5.73159E+01,2.35822E+01,5.73159E+01,5.73159E+01,5.73159E+01,2.35822E+01,2.74117E+01,5.73159E+01,2.35822E+01,5.73159E+01,5.73159E+01,4.63557E-01,5.73159E+01,2.74117E+01 
