#t = 0.000E+00
4.34026E+00,7.35860E-01,6.41455E-01,7.04168E+00,4.91804E+00 
#t = 4.200E+01
1.15470E+01,9.49712E+00,1.15470E+01,7.69081E+00,1.15470E+01,1.92479E+00,1.15470E+01 
#t = 8.400E+01
1.15470E+01,1.15470E+01,1.15470E+01,7.92630E+00,1.15470E+01,1.15470E+01,1.15470E+01,1.15470E+01,1.15470E+01,1.15470E+01,1.15470E+01,1.15470E+01,1.15696E+00,1.15470E+01,1.15470E+01,1.15470E+01 
#t = 1.260E+02
1.15470E+01,1.15470E+01,1.15470E+01,9.66158E+00,1.15470E+01,1.22156E+01,1.15470E+01,1.15470E+01,1.22156E+01,1.15470E+01,1.15470E+01,1.15470E+01,1.15470E+01,1.15470E+01,1.15470E+01,1.15470E+01,1.15470E+01,1.15470E+01,1.15470E+01,1.15470E+01 
#t = 1.680E+02
1.15470E+01,1.15470E+01,1.15470E+01,1.15470E+01,1.15470E+01,1.27291E+01,1.15470E+01,1.15470E+01,1.15470E+01,1.19928E+00,1.15470E+01,1.54468E+00,1.15470E+01,1.15470E+01 
#t = 2.100E+02
1.15470E+01,1.15470E+01,1.15470E+01,1.15470E+01,1.53804E+01,1.15470E+01,1.15470E+01,1.15470E+01,1.03300E+01,1.15470E+01,1.15470E+01,2.84120E+00 
#t = 2.520E+02
1.15470E+01,1.03300E+01,1.27331E+01,1.15470E+01,1.15470E+01,1.15470E+01,1.15470E+01,1.27331E+01,1.15470E+01,1.29847E+00,6.84324E-01,2.02679E+01,1.97554E+00,2.02679E+01 
#t = 2.940E+02
1.15470E+01,8.96144E+00,7.96813E+00,3.16379E+00,1.07617E+00,8.73520E-01 
#t = 3.360E+02
6.00478E+00,9.20722E+00,1.38781E+00 
#t = 3.780E+02
1.29258E+01,1.23611E+00 
#t = 4.200E+02
6.04631E-01,7.89472E-01 
#t = 4.620E+02
4.00818E+00,1.92557E+00,3.57104E+00,7.67175E-01 
#t = 5.040E+02
2.01492E+00,1.33372E+01,1.61811E+00,3.65481E+00,1.33372E+01,5.36843E+00 
#t = 5.460E+02
6.57511E-01,2.27844E+00,1.87880E+00,2.15101E+00,1.27643E+01,1.27643E+01 
#t = 5.880E+02
7.43475E+00,1.02893E+01,1.86653E+01,8.78367E-01 
#t = 6.300E+02
1.02893E+01,7.26346E+00,1.02893E+01,6.03544E-01 
#t = 6.720E+02
8.34807E+00,4.62331E+00,9.17310E+00 
#t = 7.140E+02
1.15714E+01,1.15714E+01,1.44103E+01 
#t = 7.560E+02
1.08139E+01,1.47576E+01,1.47576E+01,6.38774E+00,3.65761E+00 
#t = 7.980E+02
1.47576E+01,1.47576E+01,1.47576E+01,1.74672E+01,4.87601E+00,1.47576E+01,1.69903E+00,1.47576E+01,1.45800E+00,2.17307E+00 
#t = 8.400E+02
1.47576E+01,1.47576E+01,1.47576E+01,1.47576E+01,1.47576E+01,6.54409E-01,1.47576E+01,1.47576E+01,1.47576E+01,1.47576E+01 
#t = 8.820E+02
1.47576E+01,1.47576E+01,1.52715E+01,1.47576E+01,1.47576E+01,7.06158E+00 
#t = 9.240E+02
1.52715E+01,4.30313E-01,2.40771E+00,9.39230E+00 
#t = 9.660E+02
1.06189E+01,7.77927E+00,9.00875E-01,6.04037E+00,6.35114E-02,7.61850E+00,1.60164E-01,1.06189E+01,7.71231E-01 
#t = 1.008E+03
1.78125E+00,9.57890E+00,3.05943E+00 
#t = 1.050E+03
9.11753E+00,2.40597E-01,2.44169E+00,9.83476E-01,1.63878E-01 
#t = 1.092E+03
2.98420E+01,1.81233E+01,2.98420E+01,2.98420E+01,2.98420E+01,2.98420E+01,2.98420E+01,2.98420E+01,2.98420E+01,2.98420E+01,2.98420E+01,2.98420E+01,2.98420E+01,2.98420E+01,2.98420E+01,2.98420E+01,2.98420E+01,2.98420E+01,2.98420E+01,2.98420E+01,2.76177E+00,5.90350E+00 
#t = 1.134E+03
1.81233E+01,2.98420E+01,2.98420E+01,2.98420E+01,2.98420E+01,2.98420E+01,1.81233E+01,2.98420E+01,2.98420E+01,2.98420E+01,1.81233E+01,2.98420E+01,2.98420E+01,2.98420E+01,2.98420E+01,2.98420E+01,2.98420E+01,2.98420E+01,2.98420E+01,5.43664E+01,1.81233E+01,2.98420E+01,2.98420E+01,1.81233E+01,2.98420E+01,2.98420E+01,2.98420E+01,1.29940E+01,2.98420E+01,2.98420E+01,1.81233E+01,2.98420E+01,3.62032E+00,3.90111E+00,2.98420E+01,2.98420E+01,1.81233E+01,2.98420E+01,2.98420E+01,2.98420E+01,2.98420E+01,1.81233E+01,9.32247E+00,2.98420E+01,2.98420E+01,1.81233E+01,1.81233E+01 
#t = 1.176E+03
2.98420E+01,2.98420E+01,2.98420E+01,5.43664E+01,2.98420E+01,2.98420E+01,2.98420E+01,2.98420E+01,2.61976E+01,2.98420E+01,2.98420E+01,2.98420E+01,2.98420E+01,2.98420E+01,2.98420E+01,2.98420E+01,2.98420E+01,2.98420E+01,2.98420E+01,5.43664E+01,2.98420E+01,2.98420E+01,1.70174E+01,2.98420E+01,2.98420E+01,2.98420E+01,7.92930E-01,2.98420E+01,1.38769E+00 
#t = 1.218E+03
2.98420E+01,2.98420E+01,2.98420E+01,2.98420E+01,2.98420E+01,2.98420E+01,2.98420E+01,5.43664E+01,5.43664E+01,2.98420E+01,2.98420E+01,5.43664E+01,5.43664E+01,2.98420E+01,2.98420E+01,5.43664E+01,2.98420E+01,5.43664E+01,2.98420E+01,5.43664E+01,2.98420E+01,2.98420E+01,2.98420E+01,2.98420E+01,2.98420E+01,5.43664E+01,2.98420E+01,2.98420E+01,2.98420E+01,2.98420E+01,2.98420E+01,2.98420E+01,2.98420E+01,5.43664E+01,2.98420E+01,4.42518E+00,5.43664E+01,9.33992E-01,2.98420E+01 
#t = 1.260E+03
5.43664E+01,2.98420E+01,5.43664E+01,2.98420E+01,2.98420E+01,2.98420E+01,5.43664E+01,5.43664E+01,5.43664E+01,5.43664E+01,2.98420E+01,5.43664E+01,2.98420E+01,2.98420E+01,5.43664E+01,2.98420E+01,5.43664E+01,5.43664E+01,5.43664E+01,2.98420E+01,5.43664E+01,2.98420E+01,5.43664E+01,2.98420E+01,5.43664E+01,5.43664E+01,2.98420E+01,2.98420E+01,2.98420E+01,2.98420E+01,2.98420E+01,4.97473E-01,2.98420E+01,5.43664E+01,5.43664E+01,5.43664E+01,2.98420E+01,2.98420E+01,5.43664E+01,2.98420E+01,2.98420E+01,5.43664E+01,2.98420E+01,5.43664E+01,2.98420E+01 
#t = 1.302E+03
5.43664E+01,5.43664E+01,2.98420E+01,5.43664E+01,5.43664E+01,5.43664E+01,5.43664E+01,2.98420E+01,2.98420E+01,5.43664E+01,5.43664E+01,5.43664E+01,5.43664E+01,5.43664E+01,5.43664E+01,5.43664E+01,2.98420E+01,5.43664E+01,5.43664E+01,5.43664E+01,5.43664E+01,2.98420E+01,5.43664E+01,5.43664E+01,2.98420E+01,5.43664E+01,2.98420E+01,5.43664E+01,5.43664E+01,5.43664E+01,5.43664E+01,5.43664E+01,5.43664E+01,5.43664E+01,2.98420E+01,8.24218E+00,2.98420E+01,5.43664E+01,2.98420E+01,5.43664E+01,5.43664E+01,5.43664E+01,5.43664E+01,5.43664E+01,5.12098E+00,2.03713E-01,3.07784E+00,7.38777E-01,5.43664E+01 
#t = 1.344E+03
5.43664E+01,2.98420E+01,5.43664E+01,5.43664E+01,5.43664E+01,5.43664E+01,5.43664E+01,2.98420E+01,5.43664E+01,5.43664E+01,5.43664E+01,5.43664E+01,5.43664E+01,5.43664E+01,5.43664E+01,5.43664E+01,5.43664E+01,7.45491E+00,5.43664E+01,5.43664E+01,5.43664E+01,5.43664E+01,5.43664E+01,5.43664E+01,5.43664E+01,5.43664E+01,5.43664E+01,5.43664E+01,1.87090E+00,5.43664E+01,5.43664E+01,5.43664E+01,5.43664E+01,5.43664E+01,5.43664E+01,5.43664E+01,5.43664E+01,6.08604E+00,7.56933E+00,5.27524E-01,5.43664E+01 
#t = 1.386E+03
5.43664E+01,5.43664E+01,2.98420E+01,5.43664E+01,5.43664E+01,5.43664E+01,5.43664E+01,5.43664E+01,5.43664E+01,5.43664E+01,5.43664E+01,5.43664E+01,2.98420E+01,5.43664E+01,5.43664E+01,5.43664E+01,5.43664E+01,5.43664E+01,1.29367E+01,5.43664E+01,5.43664E+01,5.43664E+01,5.43664E+01,5.43664E+01,5.43664E+01,5.43664E+01,5.43664E+01,2.98420E+01,5.43664E+01,5.43664E+01,1.29367E+01,5.43664E+01,5.43664E+01,5.43664E+01,5.43664E+01,5.43664E+01,5.43664E+01,2.70919E+00,2.98420E+01,5.43664E+01,5.43664E+01,5.43664E+01,5.43664E+01,5.43664E+01,5.43664E+01,5.43664E+01 
#t = 1.428E+03
5.43664E+01,5.43664E+01,5.43664E+01,5.43664E+01,5.43664E+01,5.43664E+01,5.43664E+01,5.43664E+01,1.48135E+01,5.43664E+01,5.43664E+01,5.43664E+01,5.43664E+01,5.43664E+01,5.43664E+01,5.43664E+01,5.43664E+01,7.56312E+00,5.43664E+01,5.43664E+01,5.43664E+01,5.43664E+01,5.43664E+01,5.43664E+01,5.43664E+01,5.43664E+01,3.56966E+00,2.72671E-01,6.64186E-01 
#t = 1.470E+03
5.43664E+01,5.43664E+01,5.43664E+01,5.43664E+01,5.43664E+01,5.43664E+01,5.43664E+01,1.01716E+01,5.43664E+01,5.43664E+01,5.43664E+01,5.43664E+01,5.43664E+01,5.43664E+01,5.43664E+01,2.65912E+00,5.43664E+01,5.43664E+01,5.43664E+01,5.43664E+01,5.43664E+01,5.43664E+01,5.43664E+01,5.43664E+01,9.84047E+00,5.43664E+01,1.19665E+01,5.43664E+01,5.43664E+01,5.43664E+01,8.08202E+00,4.01998E+00,5.43664E+01,5.43664E+01,5.43664E+01,5.43664E+01,1.70821E+00 
#t = 1.512E+03
5.43664E+01,5.43664E+01,5.43664E+01,5.43664E+01,9.84047E+00,5.43664E+01,5.43664E+01,5.43664E+01,5.43664E+01,1.12029E+01,5.43664E+01,5.43664E+01,5.43664E+01,5.43664E+01,5.43664E+01,5.43664E+01,5.43664E+01,5.43664E+01,5.43664E+01,5.43664E+01,5.43664E+01,5.43664E+01,6.10757E-01,1.12029E+01,5.43664E+01,5.43664E+01,5.43664E+01,5.43664E+01,1.12029E+01,1.12029E+01,5.43664E+01,5.43664E+01,5.43664E+01,1.21546E+00,4.67222E+00,1.12029E+01,3.31533E+00,5.43664E+01,5.43664E+01,5.43664E+01,5.43664E+01,5.43664E+01,1.03214E+00,5.43664E+01,5.43664E+01,1.18039E+00,5.43664E+01,5.43664E+01,5.43664E+01,1.12029E+01 
#t = 1.554E+03
5.43664E+01,5.43664E+01,5.43664E+01,5.43664E+01,5.43664E+01,5.43664E+01,5.43664E+01,5.43664E+01,1.12029E+01,5.43664E+01,5.43664E+01,5.43664E+01,5.43664E+01,5.43664E+01,5.43664E+01,1.12029E+01,5.43664E+01,1.12029E+01,5.43664E+01,5.43664E+01,5.43664E+01,5.43664E+01,5.43664E+01,5.43664E+01,5.43664E+01,5.43664E+01,3.67992E-01,5.43664E+01,5.43664E+01,5.43664E+01,5.43664E+01,9.72051E+00 
#t = 1.596E+03
5.43664E+01,5.43664E+01,5.43664E+01,5.43664E+01,5.43664E+01,5.43664E+01,5.43664E+01,5.43664E+01,5.43664E+01,5.43664E+01,5.43664E+01,5.43664E+01,5.43664E+01,1.12029E+01,5.43664E+01,5.43664E+01,5.43664E+01,1.12029E+01,5.43664E+01,5.43664E+01,5.43664E+01,5.43664E+01,5.43664E+01,5.43664E+01,5.43664E+01,5.43664E+01,5.43664E+01,5.43664E+01,5.43664E+01,5.43664E+01,1.12029E+01,5.43664E+01,1.12029E+01,5.43664E+01,6.73643E+00,5.43664E+01,5.43664E+01,5.50461E+00,5.43664E+01,5.43664E+01,5.43664E+01,5.43664E+01,5.43664E+01,5.43664E+01,5.43664E+01,1.28573E+00 
#t = 1.638E+03
5.43664E+01,5.43664E+01,5.43664E+01,5.43664E+01,5.43664E+01,5.43664E+01,5.43664E+01,5.43664E+01,5.43664E+01,5.43664E+01,5.43664E+01,1.12029E+01,5.43664E+01,5.43664E+01,5.43664E+01,5.43664E+01,5.43664E+01,5.43664E+01,5.43664E+01,5.43664E+01,5.43664E+01,5.43664E+01,5.43664E+01,5.43664E+01,5.43664E+01,5.43664E+01,5.43664E+01,5.43664E+01,5.43664E+01,1.02521E+00,5.43664E+01,5.43664E+01,1.96514E+01,5.43664E+01,5.43664E+01,5.43664E+01,5.43664E+01,5.43664E+01,5.43664E+01,5.43664E+01,1.12029E+01,7.33404E-01,1.12029E+01,5.43664E+01,1.67296E+00,5.43664E+01,5.43664E+01,5.43664E+01,1.12029E+01,5.43664E+01,2.84088E+00,5.43664E+01 
#t = 1.680E+03
5.43664E+01,5.43664E+01,5.43664E+01,5.43664E+01,5.43664E+01,5.43664E+01,5.43664E+01,5.43664E+01,5.43664E+01,5.43664E+01,4.21038E+01,8.16763E+00,4.21038E+01,4.21038E+01,5.43664E+01,5.43664E+01,5.43664E+01,5.43664E+01,5.43664E+01,5.43664E+01,5.43664E+01,5.43664E+01,5.43664E+01,5.43664E+01,5.43664E+01,5.43664E+01,5.43664E+01,1.42849E-01,5.43664E+01,5.43664E+01,5.43664E+01,5.43664E+01,2.04811E+00,4.21038E+01,5.43664E+01,5.43664E+01,5.43664E+01,5.43664E+01,4.57409E+00,5.43664E+01 
#t = 1.722E+03
5.43664E+01,5.43664E+01,5.43664E+01,5.43664E+01,5.43664E+01,5.43664E+01,5.43664E+01,5.43664E+01,5.43664E+01,5.43664E+01,5.43664E+01,5.43664E+01,5.43664E+01,5.43664E+01,5.43664E+01,5.43664E+01,5.43664E+01,5.43664E+01,5.43664E+01,5.43664E+01,5.43664E+01,5.43664E+01,5.43664E+01,5.43664E+01,5.43664E+01,5.43664E+01,5.43664E+01,5.43664E+01,5.43664E+01,5.43664E+01,5.43664E+01,5.43664E+01,5.43664E+01,5.43664E+01,6.76998E+00,5.43664E+01,4.35882E+00,5.43664E+01 
#t = 1.764E+03
5.43664E+01,5.43664E+01,5.43664E+01,5.43664E+01,5.43664E+01,5.43664E+01,5.43664E+01,5.43664E+01,1.43816E+01,5.43664E+01,1.19586E+01,5.43664E+01,5.43664E+01,5.43664E+01,5.43664E+01,5.43664E+01,5.43664E+01,5.43664E+01,5.43664E+01,5.43664E+01,5.43664E+01,5.43664E+01,5.43664E+01,5.43664E+01,5.43664E+01,5.43664E+01,5.43664E+01,5.43664E+01,5.43664E+01,5.43664E+01,2.57949E-01,5.43664E+01,5.43664E+01,4.63752E+00,5.43664E+01,6.70008E+00,5.43664E+01,1.19586E+01,5.43664E+01 
#t = 1.806E+03
5.43664E+01,5.43664E+01,5.43664E+01,5.43664E+01,5.43664E+01,5.43664E+01,5.43664E+01,1.96385E+01,5.43664E+01,5.43664E+01,5.43664E+01,5.43664E+01,5.43664E+01,5.43664E+01,5.43664E+01,5.43664E+01,5.43664E+01,1.96385E+01,5.43664E+01,5.43664E+01,5.43664E+01,5.43664E+01,5.43664E+01,5.43664E+01,5.43664E+01,5.43664E+01,1.48355E+01,5.43664E+01,5.43664E+01,5.43664E+01,5.43664E+01,5.43664E+01,5.43664E+01,5.43664E+01,5.43664E+01,5.43664E+01,5.43664E+01,5.43664E+01,5.43664E+01,5.43664E+01,5.43664E+01,9.46090E-01,5.43664E+01,1.54234E+00,1.96385E+01,1.96385E+01 
#t = 1.848E+03
5.43664E+01,5.43664E+01,5.43664E+01,1.96385E+01,5.43664E+01,5.43664E+01,5.43664E+01,5.43664E+01,5.43664E+01,5.43664E+01,5.43664E+01,5.43664E+01,5.43664E+01,5.43664E+01,5.43664E+01,5.43664E+01,5.43664E+01,5.43664E+01,5.43664E+01,5.43664E+01,5.43664E+01,5.43664E+01,6.62885E+00,5.43664E+01,5.43664E+01,5.43664E+01,5.43664E+01,5.43664E+01,5.43664E+01,5.43664E+01,5.43664E+01,5.43664E+01,5.43664E+01,5.43664E+01,5.43664E+01 
#t = 1.890E+03
5.43664E+01,5.43664E+01,5.43664E+01,5.43664E+01,5.43664E+01,5.43664E+01,5.43664E+01,5.43664E+01,5.43664E+01,5.43664E+01,5.43664E+01,5.43664E+01,5.43664E+01,5.43664E+01,5.43664E+01,5.43664E+01,5.43664E+01,5.43664E+01,5.43664E+01,5.43664E+01,5.43664E+01,5.43664E+01,5.43664E+01,5.43664E+01,5.43664E+01,5.43664E+01,5.43664E+01,5.43664E+01,5.43664E+01,5.43664E+01,5.43664E+01,5.43664E+01,5.43664E+01,5.43664E+01,5.43664E+01,5.43664E+01,5.43664E+01,5.43664E+01,5.43664E+01,1.58248E+00,5.43664E+01,1.10098E+01,5.43664E+01,5.43664E+01,5.43664E+01,5.43664E+01 
#t = 1.932E+03
5.43664E+01,5.43664E+01,1.01601E+01,5.43664E+01,5.43664E+01,5.43664E+01,5.43664E+01,5.43664E+01,5.43664E+01,5.43664E+01,5.43664E+01,5.43664E+01,5.43664E+01,5.43664E+01,5.43664E+01,5.43664E+01,5.43664E+01,5.43664E+01,5.43664E+01,5.43664E+01,5.43664E+01,2.49597E+00,5.43664E+01,5.43664E+01,5.43664E+01,5.43664E+01,5.43664E+01,5.43664E+01,5.43664E+01,5.43664E+01,5.43664E+01,5.43664E+01,5.43664E+01,1.45029E+01,5.43664E+01,5.43664E+01,2.06426E+00,5.43664E+01,7.79863E+00 
#t = 1.974E+03
5.43664E+01,5.43664E+01,5.43664E+01,5.43664E+01,5.43664E+01,5.43664E+01,5.43664E+01,5.43664E+01,5.43664E+01,5.43664E+01,5.43664E+01,5.43664E+01,5.43664E+01,5.43664E+01,5.43664E+01,5.43664E+01,5.43664E+01,5.43664E+01,5.43664E+01,5.43664E+01,5.43664E+01,5.43664E+01,5.43664E+01,5.43664E+01,2.17693E+01,5.43664E+01,5.43664E+01,5.43664E+01,5.43664E+01,1.45029E+01,5.43664E+01,5.43664E+01,5.43664E+01,6.81123E+00,5.43664E+01,5.43664E+01,5.43664E+01,5.43664E+01,5.43664E+01,5.43664E+01,1.12236E+01,5.43664E+01,1.88429E+00,1.12236E+01,5.43664E+01,5.43664E+01,5.43664E+01,5.43664E+01,1.07021E+00,1.21420E+01,5.43664E+01,5.43664E+01 
#t = 2.016E+03
5.43664E+01,5.43664E+01,5.43664E+01,1.45029E+01,5.43664E+01,5.43664E+01,5.43664E+01,5.43664E+01,5.43664E+01,5.43664E+01,5.43664E+01,5.43664E+01,5.43664E+01,5.43664E+01,5.43664E+01,5.43664E+01,5.43664E+01,5.43664E+01,5.43664E+01,5.43664E+01,5.43664E+01,5.43664E+01,5.43664E+01,5.43664E+01,5.43664E+01,5.43664E+01,5.43664E+01,5.43664E+01,5.43664E+01,5.43664E+01,5.43664E+01,7.67371E-01,5.43664E+01,5.43664E+01,5.43664E+01,1.55434E+01,3.35927E+00 
#t = 2.058E+03
5.43664E+01,5.43664E+01,5.43664E+01,5.43664E+01,5.43664E+01,5.43664E+01,5.43664E+01,5.43664E+01,5.43664E+01,5.43664E+01,5.43664E+01,5.43664E+01,5.43664E+01,5.43664E+01,1.55434E+01,5.43664E+01,5.43664E+01,5.43664E+01,5.43664E+01,5.43664E+01,5.43664E+01,5.43664E+01,5.43664E+01,5.43664E+01,8.37684E+00,5.43664E+01,5.43664E+01,5.43664E+01,5.43664E+01,5.43664E+01,5.43664E+01,5.43664E+01,3.45909E+00,5.43664E+01,5.43664E+01,5.43664E+01,5.43664E+01,5.43664E+01,5.43664E+01,5.43664E+01,5.43664E+01,5.43664E+01,9.53442E-01 
#t = 2.100E+03
5.43664E+01,5.43664E+01,5.43664E+01,1.26760E+01,5.43664E+01,5.43664E+01,5.43664E+01,5.43664E+01,5.43664E+01,5.43664E+01,5.43664E+01,5.43664E+01,5.43664E+01,5.43664E+01,5.43664E+01,5.43664E+01,5.43664E+01,5.43664E+01,4.39553E+00,5.43664E+01,5.43664E+01,1.26760E+01,6.58509E-01,5.43664E+01,5.43664E+01,5.43664E+01,5.43664E+01,5.43664E+01,5.43664E+01,5.43664E+01,2.06595E+00,1.26760E+01,5.43664E+01,5.43664E+01,5.43664E+01,5.43664E+01,3.52298E+00 
#t = 2.142E+03
5.43664E+01,5.43664E+01,5.43664E+01,1.26760E+01,5.43664E+01,5.43664E+01,5.43664E+01,5.43664E+01,5.43664E+01,5.43664E+01,5.43664E+01,1.26760E+01,1.26760E+01,5.43664E+01,1.26760E+01,1.26760E+01,5.43664E+01,5.43664E+01,1.26760E+01,5.43664E+01,5.43664E+01,5.43664E+01,1.01462E+00,5.43664E+01,7.30287E+00,4.60744E+00,5.43664E+01,8.62609E-01 
#t = 2.184E+03
5.43664E+01,1.26760E+01,5.43664E+01,5.43664E+01,5.43664E+01,5.43664E+01,5.43664E+01,5.43664E+01,5.43664E+01,5.43664E+01,5.43664E+01,5.43664E+01,5.43664E+01,5.43664E+01,5.43664E+01,5.43664E+01,5.43664E+01,5.43664E+01,5.43664E+01,5.43664E+01,5.43664E+01,5.43664E+01,5.43664E+01,5.43664E+01,5.43664E+01,5.43664E+01,5.43664E+01,5.43664E+01,5.43664E+01,5.21635E-01,5.43664E+01,5.31055E+00,3.52073E-01,3.95280E-01,5.56994E+00,5.43664E+01,5.43664E+01,5.43664E+01,6.42203E+00,2.07067E+00,5.43664E+01,5.30019E+00,5.43664E+01,1.84814E+00,5.43664E+01,8.10408E+00,5.21683E-01 
#t = 2.226E+03
5.43664E+01,5.43664E+01,5.43664E+01,5.43664E+01,5.43664E+01,1.26760E+01,5.43664E+01,5.43664E+01,5.43664E+01,5.43664E+01,5.43664E+01,5.43664E+01,5.43664E+01,5.43664E+01,5.43664E+01,5.43664E+01,5.43664E+01,5.43664E+01,5.43664E+01,5.43664E+01,5.43664E+01,5.43664E+01,5.43664E+01,5.43664E+01,5.43664E+01,5.43664E+01,5.43664E+01,5.43664E+01,5.43664E+01,5.43664E+01,5.43664E+01,3.48832E+00,5.43664E+01,5.43664E+01,5.43664E+01,5.43664E+01,5.43664E+01 
#t = 2.268E+03
5.43664E+01,5.43664E+01,5.43664E+01,1.26760E+01,5.43664E+01,5.43664E+01,5.43664E+01,5.43664E+01,5.43664E+01,5.43664E+01,5.43664E+01,5.43664E+01,5.43664E+01,5.43664E+01,5.43664E+01,5.43664E+01,5.43664E+01,1.26760E+01,5.43664E+01,5.43664E+01,5.43664E+01,5.43664E+01,5.43664E+01,5.43664E+01,5.43664E+01,5.43664E+01,5.43664E+01,5.43664E+01,5.43664E+01,5.43664E+01,5.43664E+01,3.61835E+00,5.43664E+01,5.43664E+01,5.43664E+01,5.43664E+01,5.43664E+01,5.43664E+01,5.43664E+01,5.43664E+01,5.43664E+01,5.43664E+01 
#t = 2.310E+03
5.43664E+01,5.43664E+01,5.43664E+01,5.43664E+01,5.43664E+01,5.43664E+01,5.43664E+01,5.43664E+01,5.43664E+01,5.43664E+01,5.43664E+01,5.43664E+01,5.43664E+01,5.43664E+01,5.43664E+01,5.43664E+01,5.43664E+01,5.43664E+01,5.43664E+01,5.43664E+01,5.43664E+01,5.43664E+01,5.43664E+01,5.43664E+01,5.43664E+01,5.43664E+01,5.43664E+01,5.43664E+01,5.43664E+01,5.43664E+01,5.43664E+01,5.43664E+01,5.43664E+01,5.43664E+01,5.43664E+01,5.43664E+01,5.43664E+01,2.22448E-01,1.62759E+00,5.43664E+01 
#t = 2.352E+03
5.43664E+01,5.43664E+01,5.43664E+01,5.43664E+01,5.43664E+01,5.43664E+01,5.43664E+01,5.43664E+01,5.43664E+01,5.43664E+01,5.43664E+01,5.43664E+01,5.43664E+01,5.43664E+01,5.43664E+01,5.43664E+01,5.43664E+01,5.43664E+01,5.43664E+01,5.43664E+01,5.43664E+01,5.43664E+01,5.43664E+01,5.43664E+01,5.43664E+01,5.43664E+01,5.43664E+01,5.43664E+01,5.43664E+01,5.43664E+01,5.43664E+01,5.43664E+01,5.43664E+01,5.43664E+01,5.43664E+01,5.43664E+01,5.43664E+01,5.43664E+01,5.43664E+01,5.43664E+01,5.43664E+01,5.43664E+01 
#t = 2.394E+03
5.43664E+01,5.43664E+01,5.43664E+01,5.43664E+01,5.43664E+01,5.43664E+01,5.43664E+01,5.43664E+01,5.43664E+01,5.43664E+01,5.43664E+01,5.43664E+01,5.43664E+01,5.43664E+01,5.43664E+01,5.43664E+01,5.43664E+01,5.43664E+01,5.43664E+01,5.43664E+01,1.10460E+01,5.43664E+01,5.43664E+01,5.43664E+01,5.43664E+01,5.43664E+01,5.43664E+01,5.43664E+01,5.43664E+01,5.43664E+01,5.43664E+01,5.43664E+01,5.43664E+01,5.43664E+01,5.43664E+01,5.43664E+01,5.43664E+01,5.43664E+01,9.42845E+00,5.43664E+01,5.43664E+01 
#t = 2.436E+03
5.43664E+01,5.43664E+01,5.43664E+01,5.43664E+01,5.43664E+01,5.43664E+01,5.43664E+01,5.43664E+01,5.43664E+01,5.43664E+01,5.43664E+01,5.43664E+01,5.43664E+01,5.43664E+01,5.43664E+01,5.43664E+01,5.43664E+01,5.43664E+01,5.43664E+01,5.43664E+01,5.43664E+01,5.43664E+01,5.43664E+01,5.43664E+01,5.43664E+01,5.43664E+01,5.43664E+01,5.43664E+01,5.43664E+01,5.43664E+01,5.43664E+01,5.43664E+01,5.43664E+01,5.10364E+00,5.43664E+01,5.43664E+01,5.43664E+01,5.43664E+01,4.46385E+00,5.43664E+01,5.43664E+01 
#t = 2.478E+03
5.43664E+01,5.43664E+01,5.43664E+01,5.43664E+01,5.43664E+01,5.43664E+01,5.43664E+01,5.43664E+01,5.43664E+01,5.43664E+01,5.43664E+01,5.43664E+01,5.43664E+01,5.43664E+01,5.43664E+01,5.43664E+01,5.43664E+01,5.43664E+01,5.43664E+01,5.43664E+01,5.43664E+01,5.43664E+01,5.43664E+01,5.43664E+01,5.43664E+01,5.43664E+01,5.43664E+01,5.43664E+01,2.49788E+00,5.43664E+01,5.43664E+01,5.43664E+01,5.43664E+01,5.43664E+01,5.43664E+01,5.43664E+01,5.43664E+01,5.43664E+01,9.59189E-01,1.02913E+01,5.43664E+01,5.43664E+01,5.43664E+01,5.49947E-01,2.94441E-01 
#t = 2.520E+03
5.43664E+01,5.43664E+01,5.43664E+01,5.43664E+01,5.43664E+01,5.43664E+01,5.43664E+01,5.43664E+01,5.43664E+01,5.43664E+01,5.43664E+01,5.43664E+01,5.43664E+01,5.43664E+01,5.43664E+01,5.43664E+01,5.43664E+01,5.43664E+01,5.43664E+01,5.43664E+01,5.43664E+01,5.43664E+01,5.43664E+01,5.43664E+01,5.43664E+01,5.43664E+01,5.43664E+01,5.43664E+01,5.43664E+01,9.98444E+00,5.43664E+01,5.43664E+01,5.43664E+01,5.43664E+01,5.43664E+01,5.43664E+01,5.43664E+01,5.43664E+01,3.90706E+00,5.43664E+01 
#t = 2.562E+03
5.43664E+01,5.43664E+01,5.43664E+01,5.43664E+01,1.23864E+01,5.43664E+01,5.43664E+01,5.43664E+01,5.43664E+01,5.43664E+01,5.43664E+01,5.43664E+01,5.43664E+01,5.43664E+01,5.43664E+01,5.43664E+01,5.43664E+01,5.43664E+01,1.27595E+01,5.43664E+01,5.43664E+01,5.43664E+01,5.43664E+01,5.43664E+01,1.27595E+01,5.43664E+01,6.29238E+00,5.43664E+01,5.43664E+01,5.43664E+01,5.43664E+01,5.43664E+01,5.43664E+01,5.43664E+01,5.43664E+01,5.43664E+01,5.43664E+01,5.43664E+01,5.43664E+01,5.43664E+01,5.43664E+01,5.43664E+01,5.43664E+01,5.43664E+01,2.91899E+00,5.43664E+01,5.43664E+01 
#t = 2.604E+03
5.43664E+01,5.43664E+01,5.43664E+01,5.43664E+01,5.43664E+01,5.43664E+01,5.43664E+01,5.43664E+01,5.43664E+01,5.43664E+01,1.46870E+01,5.43664E+01,5.43664E+01,5.43664E+01,5.43664E+01,1.27595E+01,5.43664E+01,5.43664E+01,5.43664E+01,1.27595E+01,5.43664E+01,5.43664E+01,5.43664E+01,5.43664E+01,5.43664E+01,5.43664E+01,4.22292E+00,5.43664E+01,5.43664E+01,5.43664E+01,5.43664E+01,5.43664E+01,6.61423E-01,5.43664E+01,5.43664E+01,5.43664E+01,5.43664E+01,4.04270E-01,5.43664E+01 
#t = 2.646E+03
5.43664E+01,5.43664E+01,5.43664E+01,5.43664E+01,5.43664E+01,5.43664E+01,5.43664E+01,5.43664E+01,5.43664E+01,5.43664E+01,5.43664E+01,5.43664E+01,5.43664E+01,5.43664E+01,5.43664E+01,5.43664E+01,5.43664E+01,5.43664E+01,5.43664E+01,5.43664E+01,5.43664E+01,5.43664E+01,5.43664E+01,5.43664E+01,5.43664E+01,5.43664E+01,5.43664E+01,5.43664E+01,5.43664E+01,5.43664E+01,5.43664E+01,5.43664E+01,5.43664E+01,5.43664E+01,5.43664E+01,5.43664E+01,5.43664E+01,5.43664E+01 
#t = 2.688E+03
5.43664E+01,5.43664E+01,5.43664E+01,5.43664E+01,5.43664E+01,5.43664E+01,5.43664E+01,5.43664E+01,5.43664E+01,5.43664E+01,5.43664E+01,5.43664E+01,5.43664E+01,5.43664E+01,5.43664E+01,5.43664E+01,5.43664E+01,5.43664E+01,5.43664E+01,5.43664E+01,5.43664E+01,5.43664E+01,5.43664E+01,5.43664E+01,5.43664E+01,5.43664E+01,5.43664E+01,5.43664E+01,5.43664E+01,2.34173E+01,5.43664E+01,5.43664E+01,5.43664E+01,5.43664E+01,5.43664E+01,5.43664E+01,5.43664E+01,5.43664E+01 
#t = 2.730E+03
5.43664E+01,5.43664E+01,5.43664E+01,5.43664E+01,5.43664E+01,5.43664E+01,5.43664E+01,5.43664E+01,5.43664E+01,5.43664E+01,5.43664E+01,5.43664E+01,5.43664E+01,5.43664E+01,5.43664E+01,5.43664E+01,5.43664E+01,5.43664E+01,5.43664E+01,5.43664E+01,5.43664E+01,5.43664E+01,5.43664E+01,5.43664E+01,5.43664E+01,5.43664E+01,5.43664E+01,5.43664E+01,5.43664E+01,5.43664E+01,5.43664E+01,5.43664E+01,5.43664E+01,5.43664E+01,5.43664E+01,5.43664E+01,5.43664E+01,5.43664E+01,5.43664E+01,5.43664E+01,5.43664E+01,5.43664E+01,5.43664E+01 
#t = 2.772E+03
5.43664E+01,5.43664E+01,5.43664E+01,5.43664E+01,5.43664E+01,5.43664E+01,5.43664E+01,5.43664E+01,5.43664E+01,5.43664E+01,5.43664E+01,5.43664E+01,5.43664E+01,5.43664E+01,5.43664E+01,5.43664E+01,5.43664E+01,5.43664E+01,5.43664E+01,5.43664E+01,5.43664E+01,5.43664E+01,5.43664E+01,5.43664E+01,5.43664E+01,5.43664E+01,5.70583E+00,5.49744E+00,5.43664E+01,5.43664E+01,5.43664E+01,5.43664E+01,5.43664E+01,5.43664E+01,5.43664E+01,5.43664E+01,5.43664E+01,1.63978E+00,5.43664E+01,5.43664E+01,5.43664E+01,5.43664E+01 
#t = 2.814E+03
5.43664E+01,5.43664E+01,5.43664E+01,5.43664E+01,5.43664E+01,5.43664E+01,5.43664E+01,5.43664E+01,5.43664E+01,5.43664E+01,5.43664E+01,5.43664E+01,9.75936E+00,5.43664E+01,5.43664E+01,5.43664E+01,5.43664E+01,5.43664E+01,5.43664E+01,5.43664E+01,5.43664E+01,5.43664E+01,5.43664E+01,5.43664E+01,5.43664E+01,5.43664E+01,5.43664E+01,5.43664E+01,5.43664E+01,5.43664E+01 
#t = 2.856E+03
5.43664E+01,5.43664E+01,5.43664E+01,5.43664E+01,5.43664E+01,5.43664E+01,5.43664E+01,5.43664E+01,5.43664E+01,5.43664E+01,5.43664E+01,3.32112E+00,5.43664E+01,5.43664E+01,5.43664E+01,5.43664E+01,5.43664E+01,5.43664E+01,5.43664E+01,5.43664E+01,5.43664E+01,5.43664E+01,5.43664E+01,5.43664E+01,9.05983E+00,5.43664E+01,5.43664E+01,5.43664E+01,5.43664E+01,5.43664E+01,5.43664E+01,5.43664E+01,5.43664E+01,3.66264E-01,7.90417E+00,5.43664E+01,3.06786E+00,3.92089E-01 
#t = 2.898E+03
5.43664E+01,5.43664E+01,5.43664E+01,5.43664E+01,5.43664E+01,5.43664E+01,5.43664E+01,5.43664E+01,5.43664E+01,5.43664E+01,5.43664E+01,5.43664E+01,5.43664E+01,5.43664E+01,5.43664E+01,5.43664E+01,5.43664E+01,5.43664E+01,5.43664E+01,5.43664E+01,5.43664E+01,5.43664E+01,5.43664E+01,5.43664E+01,6.51006E-01,5.43664E+01,5.43664E+01,3.68705E+00,1.59477E+01,2.39662E+00,5.43664E+01,3.44356E+00,5.43664E+01,7.37949E-01,5.43664E+01,5.43664E+01,5.43664E+01 
#t = 2.940E+03
5.43664E+01,5.43664E+01,5.43664E+01,5.43664E+01,5.43664E+01,5.43664E+01,5.43664E+01,5.43664E+01,5.43664E+01,5.43664E+01,5.43664E+01,5.43664E+01,5.43664E+01,1.20149E+01,5.43664E+01,5.43664E+01,5.43664E+01,5.43664E+01,1.20149E+01,5.43664E+01,5.43664E+01,5.43664E+01,5.43664E+01,5.43664E+01,5.43664E+01,1.20149E+01,5.43664E+01,1.20149E+01,5.43664E+01,5.43664E+01,5.43664E+01,7.24006E+00,1.63890E+00,1.20149E+01,5.43664E+01,5.43664E+01,1.20149E+01,5.43664E+01,8.00445E-01,5.43664E+01 
#t = 2.982E+03
5.43664E+01,5.43664E+01,5.43664E+01,5.43664E+01,5.43664E+01,5.43664E+01,1.20149E+01,5.43664E+01,1.20149E+01,5.43664E+01,5.43664E+01,1.20149E+01,8.45682E+00,5.43664E+01,5.43664E+01,5.43664E+01,5.43664E+01,5.43664E+01,5.43664E+01,1.20149E+01,5.43664E+01,5.43664E+01,5.43664E+01,5.43664E+01,5.43664E+01,5.43664E+01,5.90646E+00,5.43664E+01,5.43664E+01,5.43664E+01,5.43664E+01,5.43664E+01,5.43664E+01,5.43664E+01,5.43664E+01,1.37615E+00,5.43664E+01,5.43664E+01,5.43664E+01,5.43664E+01,5.43664E+01,5.43664E+01,1.55669E+00,5.43664E+01,5.43664E+01 
#t = 3.024E+03
1.20149E+01,5.43664E+01,5.43664E+01,5.43664E+01,5.43664E+01,5.43664E+01,7.83360E+00,5.43664E+01,5.43664E+01,5.43664E+01,5.43664E+01,5.43664E+01,5.43664E+01,5.43664E+01,5.43664E+01,5.43664E+01,5.43664E+01,5.43664E+01,5.43664E+01,5.43664E+01,5.43664E+01,5.43664E+01,5.43664E+01,5.43664E+01,5.43664E+01,9.38350E+00,2.01956E+01,5.43664E+01,5.43664E+01,5.43664E+01,5.43664E+01,5.43664E+01,5.43664E+01,5.43664E+01 
#t = 3.066E+03
5.43664E+01,5.43664E+01,1.20149E+01,5.43664E+01,5.43664E+01,5.43664E+01,1.10693E+01,5.43664E+01,5.43664E+01,5.43664E+01,5.43664E+01,1.20149E+01,5.43664E+01,5.43664E+01,5.43664E+01,5.43664E+01,5.43664E+01,5.43664E+01,5.43664E+01,5.43664E+01,5.43664E+01,5.43664E+01,5.43664E+01,5.43664E+01,5.43664E+01,5.43664E+01,5.43664E+01,5.43664E+01,1.20149E+01,5.43664E+01,5.43664E+01,5.43664E+01,5.43664E+01,5.43664E+01,5.43664E+01,5.43664E+01,5.43664E+01,5.43664E+01,5.43664E+01,1.20149E+01,5.43664E+01,5.43664E+01,5.43664E+01,5.43664E+01,5.43664E+01,5.75418E-01,1.20149E+01,5.43664E+01,5.43664E+01,1.20149E+01,1.47952E+00,5.19239E-01,5.43664E+01,5.43664E+01,5.43664E+01,5.43664E+01 
#t = 3.108E+03
5.43664E+01,5.43664E+01,5.43664E+01,5.43664E+01,5.43664E+01,5.43664E+01,1.20149E+01,5.43664E+01,1.20149E+01,5.43664E+01,5.43664E+01,5.43664E+01,5.43664E+01,1.20149E+01,5.43664E+01,5.43664E+01,5.43664E+01,5.43664E+01,5.43664E+01,5.43664E+01,5.43664E+01,5.43664E+01,5.43664E+01,5.43664E+01,5.43664E+01,5.43664E+01,5.43664E+01,5.43664E+01,5.43664E+01,5.43664E+01,5.43664E+01,5.43664E+01,5.43664E+01,5.43664E+01,1.14820E+00,5.43664E+01,5.43664E+01,2.82556E+00,5.43664E+01 
#t = 3.150E+03
5.43664E+01,5.43664E+01,5.43664E+01,5.43664E+01,5.43664E+01,5.43664E+01,5.43664E+01,5.43664E+01,5.43664E+01,5.43664E+01,5.43664E+01,5.43664E+01,5.43664E+01,5.43664E+01,5.43664E+01,5.43664E+01,5.43664E+01,5.51849E+00,5.43664E+01,5.43664E+01,5.43664E+01,5.43664E+01,5.43664E+01,5.43664E+01,5.43664E+01,5.43664E+01,5.43664E+01,3.22095E+00,5.43664E+01,5.43664E+01,5.43664E+01,1.41455E+01,5.43664E+01,5.43664E+01,1.66298E-01,5.43664E+01,5.43664E+01,5.43664E+01 
#t = 3.192E+03
5.43664E+01,5.43664E+01,5.43664E+01,5.43664E+01,5.43664E+01,5.43664E+01,5.43664E+01,5.43664E+01,5.43664E+01,5.43664E+01,1.16129E+01,5.43664E+01,5.43664E+01,5.43664E+01,5.43664E+01,5.43664E+01,5.43664E+01,5.43664E+01,5.43664E+01,5.43664E+01,5.43664E+01,5.43664E+01,1.16129E+01,5.43664E+01,5.43664E+01,5.43664E+01,5.43664E+01,5.43664E+01,5.43664E+01,5.43664E+01,5.43664E+01,1.77460E+00,5.43664E+01,3.20170E+00,5.43664E+01,5.43664E+01,5.43664E+01,5.43664E+01,5.43664E+01,5.43664E+01,5.43664E+01,5.43664E+01,5.43664E+01 
#t = 3.234E+03
5.43664E+01,5.43664E+01,5.43664E+01,5.43664E+01,5.43664E+01,5.43664E+01,5.43664E+01,5.43664E+01,1.37589E+01,5.43664E+01,5.43664E+01,5.43664E+01,1.37589E+01,5.43664E+01,5.43664E+01,1.37589E+01,5.43664E+01,5.43664E+01,5.43664E+01,5.43664E+01,5.43664E+01,5.43664E+01,5.43664E+01,5.43664E+01,5.43664E+01,5.43664E+01,5.43664E+01,5.43664E+01,5.43664E+01,5.43664E+01,5.43664E+01,4.20037E+00,5.43664E+01,5.43664E+01,5.43664E+01,5.43664E+01,5.43664E+01,1.81654E+00,5.43664E+01,2.04823E+00 
#t = 3.276E+03
5.43664E+01,5.43664E+01,5.43664E+01,5.43664E+01,5.43664E+01,5.43664E+01,5.43664E+01,5.43664E+01,5.43664E+01,5.43664E+01,5.43664E+01,5.43664E+01,5.43664E+01,5.43664E+01,1.20359E+01,5.43664E+01,5.43664E+01,5.43664E+01,5.43664E+01,5.43664E+01,5.43664E+01,5.43664E+01,5.43664E+01,5.43664E+01,5.43664E+01,5.43664E+01,5.43664E+01,5.43664E+01,5.43664E+01,5.43664E+01,5.43664E+01,5.43664E+01,5.43664E+01,5.43664E+01 
#t = 3.318E+03
5.43664E+01,5.43664E+01,5.43664E+01,5.43664E+01,1.20359E+01,1.20359E+01,5.43664E+01,5.43664E+01,5.43664E+01,1.20359E+01,5.43664E+01,1.00741E+01,5.43664E+01,5.43664E+01,5.43664E+01,5.43664E+01,5.43664E+01,5.43664E+01,5.43664E+01,5.43664E+01,5.43664E+01,5.43664E+01,3.98465E+00,5.43664E+01,5.43664E+01,5.43664E+01,5.43664E+01,1.20359E+01,5.43664E+01,5.43664E+01,5.43664E+01,5.43664E+01,5.43664E+01,1.20359E+01,5.43664E+01,1.20359E+01 
#t = 3.360E+03
5.43664E+01,5.43664E+01,5.43664E+01,5.43664E+01,1.03264E+01,5.43664E+01,5.43664E+01,5.43664E+01,5.43664E+01,5.43664E+01,5.43664E+01,5.43664E+01,5.43664E+01,5.43664E+01,5.43664E+01,5.43664E+01,5.43664E+01,5.43664E+01,5.43664E+01,5.43664E+01,5.43664E+01,6.90181E+00,5.43664E+01,5.43664E+01,5.43664E+01,5.43664E+01,5.43664E+01,5.43664E+01,5.43664E+01,5.43664E+01,3.36036E-01,5.43664E+01,5.43664E+01,5.43664E+01,5.43664E+01,5.43664E+01,6.64367E+00,5.43664E+01,5.43664E+01 
#t = 3.402E+03
5.43664E+01,5.43664E+01,5.43664E+01,5.43664E+01,5.43664E+01,5.43664E+01,5.43664E+01,5.43664E+01,5.43664E+01,5.43664E+01,5.43664E+01,5.43664E+01,5.43664E+01,5.43664E+01,5.43664E+01,5.43664E+01,5.43664E+01,5.43664E+01,5.43664E+01,5.43664E+01,5.43664E+01,5.43664E+01,5.43664E+01,5.43664E+01,6.09002E+00,5.43664E+01,5.43664E+01,5.43664E+01,5.43664E+01,5.43664E+01,5.43664E+01,5.43664E+01,5.43664E+01,5.43664E+01,5.43664E+01,1.61602E+00,5.43664E+01,5.43664E+01,1.53456E+00,5.43664E+01,5.43664E+01,2.72415E+00 
#t = 3.444E+03
5.43664E+01,5.43664E+01,5.43664E+01,5.43664E+01,5.43664E+01,5.43664E+01,5.43664E+01,5.43664E+01,5.43664E+01,5.43664E+01,5.43664E+01,5.43664E+01,5.43664E+01,5.43664E+01,5.43664E+01,5.43664E+01,5.43664E+01,5.43664E+01,5.43664E+01,5.43664E+01,5.43664E+01,5.43664E+01,6.34914E+00,5.43664E+01,5.43664E+01,5.43664E+01,5.43664E+01,5.43664E+01,5.43664E+01,5.43664E+01,4.00595E-01,5.43664E+01,5.43664E+01,5.43664E+01,5.43664E+01,5.43664E+01,3.70357E+00,5.43664E+01,5.43664E+01,5.43664E+01,2.90695E+00 
#t = 3.486E+03
5.43664E+01,5.43664E+01,5.43664E+01,5.43664E+01,5.43664E+01,5.43664E+01,5.43664E+01,5.43664E+01,1.18315E+01,5.43664E+01,5.43664E+01,1.18315E+01,1.18315E+01,5.43664E+01,1.18315E+01,5.43664E+01,5.43664E+01,5.43664E+01,5.43664E+01,5.43664E+01,5.43664E+01,6.17047E+00,5.43664E+01,5.43664E+01,5.43664E+01,1.18315E+01,5.43664E+01,5.43664E+01,5.43664E+01,1.18315E+01,5.43664E+01,5.43664E+01,5.43664E+01,5.43664E+01,5.43664E+01,5.43664E+01,5.43664E+01,5.43664E+01,5.43664E+01,5.43664E+01,6.20073E+00,5.43664E+01 
#t = 3.528E+03
5.43664E+01,5.43664E+01,5.43664E+01,5.43664E+01,5.43664E+01,5.43664E+01,5.43664E+01,5.43664E+01,5.43664E+01,5.43664E+01,5.43664E+01,1.03128E+01,5.43664E+01,5.43664E+01,5.43664E+01,5.43664E+01,5.43664E+01,1.18315E+01,1.18315E+01,5.43664E+01,5.43664E+01,1.18315E+01,5.43664E+01,5.43664E+01,5.43664E+01,5.43664E+01,5.43664E+01,5.43664E+01,5.43664E+01,5.43664E+01,5.43664E+01,5.43664E+01,5.43664E+01,5.43664E+01,5.43664E+01,5.43664E+01,5.43664E+01,5.43664E+01,5.43664E+01,1.29069E+00,5.43664E+01,5.43664E+01,5.43664E+01,5.43664E+01,5.43664E+01,5.43664E+01,5.43664E+01 
#t = 3.570E+03
5.43664E+01,5.43664E+01,5.43664E+01,5.43664E+01,5.43664E+01,5.43664E+01,5.43664E+01,5.43664E+01,5.43664E+01,5.43664E+01,5.43664E+01,5.43664E+01,5.43664E+01,5.43664E+01,5.43664E+01,5.43664E+01,1.18315E+01,5.43664E+01,5.43664E+01,5.43664E+01,5.43664E+01,5.43664E+01,5.43664E+01,5.43664E+01,5.43664E+01,5.43664E+01,5.43664E+01,5.43664E+01,5.43664E+01,5.43664E+01,5.03013E+00,7.64561E-01,5.43664E+01,5.43664E+01,5.43664E+01,5.43664E+01,5.43664E+01,5.43664E+01 
#t = 3.612E+03
5.43664E+01,5.43664E+01,5.43664E+01,5.43664E+01,5.43664E+01,5.43664E+01,5.43664E+01,5.43664E+01,5.43664E+01,5.43664E+01,5.43664E+01,5.43664E+01,5.43664E+01,5.43664E+01,5.43664E+01,5.43664E+01,5.43664E+01,5.43664E+01,5.43664E+01,5.43664E+01,5.43664E+01,5.43664E+01,5.43664E+01,5.43664E+01,5.43664E+01,5.43664E+01,5.43664E+01,5.43664E+01,5.43664E+01,5.43664E+01,5.43664E+01,5.43664E+01,5.43664E+01,5.43664E+01,5.43664E+01,5.43664E+01,5.43664E+01,5.43664E+01,7.04421E+00,5.43664E+01,5.43664E+01 
#t = 3.654E+03
5.43664E+01,5.43664E+01,5.43664E+01,5.43664E+01,5.43664E+01,5.43664E+01,5.43664E+01,5.43664E+01,5.43664E+01,5.43664E+01,5.43664E+01,5.43664E+01,5.43664E+01,5.43664E+01,5.43664E+01,5.43664E+01,5.43664E+01,5.43664E+01,5.43664E+01,5.43664E+01,5.43664E+01,5.43664E+01,5.43664E+01,5.43664E+01,5.43664E+01,5.43664E+01,5.43664E+01,5.43664E+01,5.43664E+01,5.43664E+01,5.43664E+01,5.43664E+01,5.43664E+01,5.43664E+01,5.43664E+01,5.43664E+01,5.43664E+01,5.43664E+01,5.43664E+01,3.97268E+00,5.43664E+01,4.54685E+00,5.43664E+01,5.43664E+01,8.40601E+00 
#t = 3.696E+03
5.43664E+01,5.43664E+01,5.43664E+01,5.43664E+01,5.43664E+01,5.43664E+01,1.78665E+01,5.43664E+01,5.43664E+01,5.43664E+01,5.43664E+01,5.43664E+01,5.43664E+01,5.43664E+01,5.43664E+01,5.43664E+01,5.43664E+01,5.43664E+01,5.43664E+01,5.43664E+01,5.43664E+01,5.43664E+01,5.43664E+01,5.43664E+01,1.57419E+01,5.43664E+01,5.43664E+01,5.43664E+01,5.43664E+01,5.43664E+01,5.43664E+01,1.78665E+01,5.43664E+01,5.43664E+01,5.43664E+01,1.78665E+01,5.43664E+01,5.43664E+01,1.78665E+01,5.43664E+01,5.43664E+01,5.43664E+01,5.43664E+01,1.01760E+00,5.43664E+01,5.43664E+01,5.43664E+01,5.43664E+01,5.43664E+01,5.43664E+01,5.43664E+01 
#t = 3.738E+03
5.43664E+01,5.43664E+01,1.78665E+01,1.57419E+01,5.43664E+01,5.43664E+01,5.43664E+01,5.43664E+01,5.43664E+01,1.78665E+01,5.43664E+01,5.43664E+01,5.43664E+01,5.43664E+01,5.43664E+01,5.43664E+01,5.43664E+01,5.43664E+01,5.43664E+01,5.43664E+01,1.71303E+00,5.43664E+01,5.43664E+01,5.43664E+01,5.43664E+01,1.66739E-01,5.43664E+01,5.43664E+01,5.43664E+01,5.10225E-01 
#t = 3.780E+03
1.57419E+01,5.43664E+01,5.43664E+01,5.43664E+01,5.43664E+01,5.43664E+01,5.43664E+01,5.43664E+01,1.57419E+01,5.43664E+01,5.43664E+01,1.57419E+01,5.43664E+01,1.57419E+01,5.43664E+01,5.43664E+01,5.43664E+01,5.43664E+01,1.57419E+01,1.57419E+01,5.43664E+01,5.43664E+01,5.43664E+01,5.43664E+01,5.43664E+01,1.57419E+01,5.43664E+01,5.43664E+01,5.43664E+01,5.43664E+01,5.43664E+01,1.32499E+01,5.43664E+01,1.32499E+01,5.43664E+01,5.43664E+01,5.43664E+01,1.57419E+01,5.43664E+01,5.43664E+01,5.43664E+01,5.43664E+01,5.43664E+01,5.43664E+01,5.43664E+01,5.43664E+01,5.43664E+01 
#t = 3.822E+03
5.43664E+01,5.43664E+01,5.43664E+01,5.43664E+01,5.43664E+01,5.43664E+01,1.57419E+01,5.43664E+01,5.43664E+01,5.43664E+01,5.43664E+01,1.32499E+01,5.43664E+01,1.32499E+01,5.43664E+01,5.43664E+01,5.43664E+01,5.43664E+01,8.17120E+00,5.43664E+01,5.43664E+01,5.43664E+01,5.43664E+01,5.43664E+01,5.43664E+01,5.43664E+01,5.43664E+01,5.43664E+01,1.01993E+01,3.46586E-01,5.43664E+01,5.43664E+01,5.43664E+01,5.43664E+01,1.16860E+00,9.45798E+00,5.43664E+01,5.31104E+00,5.43664E+01,5.43664E+01 
#t = 3.864E+03
5.43664E+01,5.43664E+01,5.43664E+01,5.43664E+01,1.57419E+01,5.43664E+01,5.43664E+01,5.43664E+01,5.43664E+01,5.43664E+01,5.43664E+01,1.09397E+01,5.43664E+01,5.43664E+01,5.43664E+01,5.43664E+01,5.43664E+01,5.43664E+01,5.43664E+01,5.43664E+01,5.43664E+01,5.43664E+01,5.43664E+01,5.43664E+01,5.43664E+01,5.43664E+01,5.43664E+01,5.43664E+01,5.43664E+01,1.57419E+01,7.43525E+00,5.43664E+01,5.43664E+01,2.32252E+00,5.43664E+01,1.71215E+00,5.43664E+01,5.43664E+01,5.43664E+01,5.43664E+01,5.43664E+01,5.43664E+01,1.57419E+01,1.66509E+00 
#t = 3.906E+03
5.43664E+01,5.43664E+01,5.43664E+01,5.43664E+01,5.43664E+01,5.43664E+01,2.61566E+01,1.57419E+01,1.52594E+01,5.43664E+01,5.43664E+01,5.43664E+01,5.43664E+01,2.61566E+01,5.43664E+01,5.43664E+01,5.43664E+01,1.57419E+01,2.61566E+01,5.43664E+01,5.43664E+01,5.43664E+01,5.43664E+01,5.43664E+01,5.43664E+01,5.43664E+01,5.43664E+01,5.43664E+01,5.43664E+01,5.43664E+01,5.43664E+01,2.61566E+01,1.57419E+01,5.43664E+01,9.01887E+00,4.35660E+00,5.43664E+01,5.43664E+01,9.33814E-01,5.43664E+01,5.43664E+01 
#t = 3.948E+03
1.57419E+01,5.43664E+01,5.43664E+01,5.43664E+01,5.43664E+01,5.43664E+01,5.43664E+01,5.43664E+01,5.43664E+01,5.43664E+01,2.61566E+01,5.43664E+01,5.43664E+01,2.61566E+01,2.61566E+01,5.43664E+01,5.43664E+01,2.61566E+01,5.43664E+01,5.43664E+01,2.61566E+01,5.43664E+01,5.43664E+01,5.43664E+01,5.43664E+01,6.53699E+00,5.43664E+01,5.43664E+01,5.43664E+01,5.43664E+01,5.43664E+01,5.43664E+01,5.43664E+01,2.61566E+01,2.61566E+01,5.43664E+01,5.43664E+01,5.43664E+01,2.61566E+01,5.43664E+01,5.43664E+01,1.51933E+00,5.43664E+01,5.43664E+01 
#t = 3.990E+03
5.43664E+01,5.43664E+01,5.43664E+01,5.43664E+01,5.43664E+01,1.33319E+01,5.43664E+01,5.43664E+01,2.61566E+01,5.43664E+01,5.43664E+01,5.43664E+01,5.43664E+01,1.33319E+01,5.43664E+01,5.43664E+01,5.43664E+01,5.43664E+01,1.36277E+01,5.43664E+01,5.43664E+01,5.43664E+01,5.43664E+01,5.43664E+01,5.43664E+01,8.70374E+00,5.43664E+01,5.43664E+01,5.43664E+01,5.43664E+01,5.43664E+01,5.43664E+01,5.43664E+01,5.43664E+01,5.43664E+01,5.43664E+01,1.53585E+00,5.43664E+01,5.43664E+01 
#t = 4.032E+03
1.33319E+01,5.43664E+01,5.43664E+01,5.43664E+01,1.33319E+01,5.43664E+01,5.43664E+01,5.43664E+01,5.43664E+01,1.33319E+01,5.43664E+01,5.43664E+01,1.59909E+01,5.43664E+01,5.43664E+01,5.43664E+01,5.43664E+01,5.43664E+01,1.33319E+01,5.43664E+01,5.43664E+01,5.43664E+01,5.43664E+01,5.43664E+01,3.66215E+00,5.43664E+01,5.43664E+01,5.43664E+01,5.43664E+01,1.18466E-01,5.43664E+01,5.43664E+01,1.33319E+01 
#t = 4.074E+03
5.43664E+01,1.33319E+01,5.43664E+01,5.43664E+01,5.43664E+01,5.43664E+01,5.43664E+01,5.43664E+01,5.43664E+01,5.43664E+01,5.43664E+01,5.43664E+01,5.43664E+01,5.43664E+01,2.40797E+01,8.61191E+00,5.43664E+01,5.43664E+01,5.43664E+01,5.43664E+01,5.43664E+01,5.43664E+01,2.40797E+01,5.43664E+01,5.43664E+01,5.43664E+01,5.43664E+01,8.20012E+00,5.43664E+01,5.43664E+01,7.24377E-01,5.43664E+01,1.28864E+00,5.43664E+01,5.43664E+01,5.43664E+01,2.84074E+00,5.43664E+01,5.43664E+01,5.43664E+01,5.43664E+01 
#t = 4.116E+03
5.43664E+01,2.40797E+01,5.43664E+01,5.43664E+01,5.43664E+01,5.43664E+01,5.43664E+01,5.43664E+01,5.43664E+01,5.43664E+01,5.43664E+01,5.43664E+01,2.40797E+01,5.43664E+01,5.43664E+01,5.43664E+01,5.43664E+01,5.43664E+01,5.43664E+01,5.43664E+01,5.43664E+01,2.40797E+01,5.43664E+01,9.69723E+00,5.43664E+01,5.43664E+01,2.40797E+01,2.47909E+00,3.77476E+00,5.43664E+01,5.43664E+01,5.43664E+01,5.43664E+01,1.15265E+00,5.43664E+01,5.43664E+01,5.43664E+01,5.43664E+01,2.95616E+00,5.43664E+01,9.61323E-01,5.43664E+01,1.81769E+00,5.43664E+01,5.43664E+01,5.43664E+01 
#t = 4.158E+03
5.43664E+01,5.43664E+01,5.43664E+01,1.21184E+01,5.43664E+01,2.40797E+01,5.43664E+01,5.43664E+01,5.43664E+01,5.43664E+01,5.43664E+01,5.43664E+01,5.43664E+01,2.40797E+01,5.43664E+01,1.32183E+01,5.43664E+01,2.40797E+01,2.40797E+01,1.21184E+01,5.43664E+01,2.40797E+01,5.43664E+01,2.40797E+01,5.43664E+01,5.43664E+01,5.43664E+01,5.43664E+01,5.43664E+01,5.43664E+01,5.43664E+01,5.43664E+01,2.40797E+01,1.32183E+01,5.43664E+01,1.21184E+01,5.43664E+01,5.43664E+01,5.15980E+00,1.21184E+01,5.43664E+01,2.27168E+00 
#t = 4.200E+03
5.43664E+01,5.43664E+01,2.40797E+01,5.43664E+01,5.43664E+01,5.43664E+01,5.43664E+01,3.79532E+01,5.43664E+01,1.21184E+01,5.43664E+01,5.43664E+01,5.43664E+01,5.43664E+01,5.43664E+01,1.32183E+01,5.43664E+01,5.43664E+01,8.54769E+00,5.43664E+01,5.43664E+01,5.43664E+01,5.43664E+01,5.43664E+01,5.43664E+01,1.97436E+00,5.43664E+01,5.43664E+01,5.43664E+01,5.43664E+01,5.43664E+01 
