#t = 0.000E+00
1.50756E+00,3.73921E+00,1.00166E+00,1.79257E+00,6.06571E-01 
#t = 4.200E+01
5.07870E+00,2.00167E+00 
#t = 8.401E+01
2.35984E+01,6.00997E+00,2.35984E+01,4.67902E+00,7.87213E+00 
#t = 1.260E+02
9.73113E+00,6.30987E+00 
#t = 1.680E+02
1.03945E+01,1.73700E+01,1.03945E+01,4.27353E+00 
#t = 2.100E+02
1.73700E+01,6.07753E+00,1.41367E+01,1.41367E+01 
#t = 2.520E+02
3.16150E+01,1.73700E+01,1.73700E+01,3.16150E+01,3.16150E+01,3.16150E+01,3.16150E+01 
#t = 2.940E+02
3.16150E+01,1.73700E+01,1.73700E+01,3.16150E+01,3.16150E+01,3.16150E+01,1.73700E+01,3.16150E+01,5.91828E+00,3.16150E+01,3.16150E+01,3.16150E+01,1.02922E+01,3.79480E+00,3.16150E+01,3.88374E+00,1.06671E+00,3.16150E+01 
#t = 3.360E+02
1.73700E+01,3.16150E+01,3.16150E+01,1.73700E+01,1.73700E+01,3.16150E+01,3.16150E+01,3.16150E+01,3.16150E+01,3.16150E+01,3.16150E+01,3.16150E+01,3.16150E+01,1.73700E+01,3.16150E+01,3.16150E+01,3.16150E+01,3.16150E+01,3.16150E+01,1.73700E+01,1.73700E+01,3.16150E+01,3.16150E+01,3.16150E+01,2.82170E+00,4.64255E+00 
#t = 3.780E+02
3.16150E+01,3.16150E+01,3.16150E+01,1.73700E+01,9.92043E+00,3.16150E+01,3.16150E+01,3.16150E+01,3.16150E+01,3.16150E+01,3.16150E+01,3.16150E+01,3.16150E+01,3.16150E+01,3.16150E+01,3.16150E+01,3.16150E+01,3.16150E+01,3.16150E+01,3.16150E+01,3.16150E+01,3.16150E+01,3.16150E+01,3.16150E+01,3.16150E+01,3.16150E+01,3.16150E+01,3.16150E+01,3.16150E+01,3.16150E+01,3.16150E+01,3.16150E+01,3.16150E+01,3.16150E+01,3.16150E+01,3.16150E+01,3.16150E+01,3.16150E+01,3.16150E+01,1.59669E+00,3.16150E+01,3.71464E+00,3.16150E+01 
#t = 4.200E+02
3.16150E+01,3.16150E+01,3.16150E+01,3.16150E+01,3.16150E+01,3.16150E+01,3.16150E+01,3.16150E+01,3.16150E+01,3.16150E+01,3.16150E+01,3.16150E+01,3.16150E+01,3.16150E+01,3.16150E+01,3.16150E+01,3.16150E+01,3.16150E+01,3.16150E+01,3.16150E+01,3.16150E+01,3.16150E+01,3.16150E+01,3.16150E+01,3.16150E+01,3.16150E+01,3.16150E+01 
#t = 4.620E+02
3.16150E+01,3.16150E+01,3.16150E+01,3.16150E+01,3.16150E+01,3.16150E+01,3.16150E+01,3.16150E+01,3.16150E+01,3.16150E+01,3.16150E+01,3.16150E+01,3.16150E+01,3.16150E+01,3.16150E+01,3.16150E+01,3.16150E+01,3.16150E+01,3.16150E+01,3.16150E+01,3.16150E+01,3.16150E+01,3.16150E+01,3.16150E+01,3.16150E+01,3.16150E+01,3.16150E+01,3.16150E+01,3.16150E+01,3.16150E+01,3.16150E+01,3.16150E+01,3.16150E+01,3.16150E+01,3.16150E+01,3.16150E+01,3.16150E+01,3.16150E+01,3.16150E+01,3.16150E+01,3.16150E+01 
#t = 5.040E+02
3.16150E+01,3.16150E+01,3.16150E+01,3.16150E+01,3.16150E+01,3.16150E+01,3.16150E+01,3.16150E+01,2.03738E+01,2.03738E+01,3.16150E+01,3.16150E+01,3.16150E+01,3.16150E+01,3.16150E+01,3.16150E+01,3.16150E+01,8.82228E-01,3.16150E+01,2.03738E+01,3.16150E+01,3.16150E+01,3.16150E+01 
#t = 5.460E+02
3.16150E+01,3.16150E+01,3.16150E+01,3.16150E+01,3.16150E+01,3.16150E+01,2.03738E+01,3.16150E+01,3.16150E+01,3.16150E+01,3.16150E+01,2.03738E+01,5.03803E+00,3.16150E+01,3.16150E+01,3.45235E+00,3.16150E+01,3.16150E+01,3.16150E+01,3.16150E+01,3.16150E+01,3.16150E+01,6.68181E+00,3.16150E+01,1.02269E+01,3.16150E+01,3.16150E+01,3.16150E+01,2.03738E+01,8.30898E+00,3.16150E+01,3.16150E+01 
#t = 5.880E+02
3.16150E+01,3.16150E+01,3.16150E+01,3.16150E+01,3.16150E+01,3.16150E+01,3.16150E+01,3.16150E+01,3.16150E+01,3.16150E+01,3.16150E+01,3.16150E+01,3.16150E+01,2.15339E+01,3.16150E+01,3.16150E+01,3.16150E+01,3.16150E+01,3.16150E+01,3.16150E+01,3.16150E+01,3.16150E+01,3.16150E+01,3.16150E+01,3.16150E+01,3.16150E+01,3.93049E+00,1.15602E+00,3.16150E+01,3.16150E+01,3.16150E+01,3.16150E+01,3.16150E+01,3.16150E+01 
#t = 6.300E+02
3.16150E+01,3.16150E+01,1.21361E+01,3.16150E+01,3.16150E+01,3.16150E+01,3.16150E+01,3.16150E+01,2.43985E+01,3.16150E+01,3.16150E+01,3.16150E+01,3.16150E+01,3.16150E+01,3.16150E+01,1.00844E+01,3.16150E+01,3.16150E+01,1.84195E+01,3.16150E+01,3.16150E+01,3.16150E+01,3.16150E+01,3.16150E+01,1.84195E+01,3.16150E+01,3.16150E+01,3.16150E+01,3.16150E+01,3.16150E+01,3.16150E+01 
#t = 6.720E+02
3.16150E+01,3.16150E+01,3.16150E+01,3.16150E+01,3.16150E+01,3.16150E+01,3.16150E+01,3.16150E+01,3.16150E+01,3.16150E+01,3.16150E+01,3.16150E+01,3.16150E+01,3.16150E+01,3.16150E+01,3.16150E+01,3.16150E+01,3.16150E+01,3.16150E+01,3.16150E+01,3.16150E+01,3.16150E+01,5.99882E+00,3.16150E+01,3.16150E+01,3.16150E+01,3.16150E+01,3.16150E+01,3.16150E+01,3.16150E+01,3.16150E+01,3.16150E+01,3.16150E+01,3.16150E+01,2.02624E+00,3.16150E+01 
#t = 7.140E+02
3.16150E+01,3.16150E+01,3.16150E+01,3.16150E+01,3.16150E+01,3.16150E+01,3.16150E+01,1.50714E+01,3.16150E+01,3.16150E+01,3.16150E+01,3.16150E+01,3.16150E+01,1.27632E+01,3.16150E+01,3.16150E+01,3.16150E+01,3.16150E+01,3.16150E+01,3.16150E+01,3.16150E+01,3.16150E+01,3.16150E+01,3.16150E+01,3.16150E+01,3.16150E+01,3.16150E+01,1.50714E+01,1.50714E+01,2.98356E+00,1.27632E+01,3.16150E+01,3.39839E-01,5.94542E+00,3.16150E+01,3.16150E+01,2.06334E+00 
#t = 7.560E+02
3.16150E+01,3.16150E+01,3.16150E+01,3.16150E+01,3.16150E+01,3.16150E+01,3.16150E+01,3.16150E+01,3.16150E+01,3.16150E+01,3.16150E+01,3.16150E+01,3.16150E+01,1.27632E+01,3.16150E+01,3.16150E+01,3.16150E+01,3.16150E+01,3.16150E+01,3.16150E+01,3.16150E+01,3.16150E+01,3.16150E+01,3.16150E+01 
#t = 7.980E+02
3.16150E+01,3.16150E+01,3.16150E+01,3.16150E+01,3.16150E+01,3.16150E+01,3.16150E+01,3.16150E+01,3.16150E+01,3.16150E+01,3.16150E+01,3.16150E+01,3.16150E+01,3.16150E+01,3.16150E+01,3.16150E+01,3.16150E+01,3.16150E+01,3.16150E+01,3.16150E+01,3.16150E+01,3.16150E+01,3.16150E+01,3.16150E+01,3.16150E+01,3.16150E+01,3.16150E+01,3.16150E+01,3.16150E+01,3.16150E+01 
#t = 8.400E+02
3.16150E+01,3.16150E+01,3.16150E+01,3.16150E+01,3.16150E+01,3.16150E+01,3.16150E+01,3.16150E+01,3.16150E+01,3.16150E+01,3.16150E+01,3.16150E+01,3.16150E+01,3.16150E+01,3.16150E+01,3.16150E+01,3.16150E+01,3.16150E+01,3.16150E+01,3.16150E+01,3.16150E+01,3.16150E+01,3.16150E+01,3.16150E+01,3.16150E+01,3.16150E+01,3.16150E+01,3.16150E+01,3.16150E+01,3.50911E+00,3.16150E+01,6.65408E+00,3.16150E+01 
#t = 8.820E+02
3.16150E+01,3.16150E+01,3.16150E+01,3.16150E+01,3.16150E+01,3.16150E+01,3.16150E+01,3.16150E+01,3.16150E+01,3.16150E+01,3.16150E+01,3.16150E+01,3.16150E+01,3.16150E+01,3.16150E+01,3.16150E+01,3.16150E+01,3.16150E+01,3.16150E+01,8.80243E-01,3.16150E+01,3.16150E+01,3.16150E+01,3.16150E+01,3.16150E+01,3.16150E+01,3.16150E+01,1.84657E+00 
#t = 9.240E+02
3.16150E+01,3.16150E+01,3.16150E+01,3.16150E+01,3.16150E+01,3.16150E+01,3.16150E+01,3.16150E+01,3.16150E+01,3.16150E+01,3.16150E+01,3.16150E+01,3.16150E+01,3.16150E+01,3.16150E+01,3.16150E+01,9.47039E+00,2.14847E+01,3.16150E+01,3.16150E+01,3.16150E+01,3.16150E+01,3.16150E+01,3.16150E+01,3.16150E+01,3.16150E+01,5.44830E+00,1.92001E+00,3.16150E+01,2.14847E+01,3.16150E+01,2.14847E+01,3.16150E+01,3.16150E+01,2.14847E+01,3.16150E+01 
#t = 9.660E+02
3.16150E+01,3.16150E+01,3.16150E+01,3.16150E+01,3.16150E+01,3.16150E+01,3.16150E+01,3.16150E+01,3.16150E+01,3.16150E+01,3.16150E+01,3.16150E+01,3.16150E+01,3.16150E+01,3.16150E+01,3.16150E+01,3.16150E+01,3.16150E+01,3.16150E+01,3.16150E+01,3.16150E+01,3.16150E+01,3.16150E+01,3.16150E+01,1.82765E+00,3.16150E+01,3.16150E+01,2.26465E+00,3.16150E+01,3.16150E+01,3.16150E+01,3.16150E+01,1.97205E-01 
#t = 1.008E+03
3.16150E+01,3.16150E+01,1.03524E+01,3.16150E+01,3.16150E+01,3.16150E+01,9.52930E+00,1.20695E+01,3.16150E+01,3.16150E+01,3.16150E+01,3.16150E+01,3.16150E+01,3.16150E+01,3.16150E+01,3.16150E+01,3.16150E+01,3.96327E+00,3.16150E+01,1.39888E+00,3.16150E+01,2.42665E+00,3.16150E+01,3.16150E+01,3.16150E+01,3.16150E+01,3.16150E+01,3.16150E+01,3.16150E+01,3.16150E+01,3.16150E+01,3.16150E+01,3.16150E+01,3.16150E+01 
#t = 1.050E+03
3.16150E+01,3.16150E+01,3.16150E+01,3.16150E+01,3.16150E+01,3.16150E+01,3.16150E+01,3.16150E+01,3.16150E+01,3.16150E+01,3.16150E+01,3.16150E+01,6.95100E+00,3.16150E+01,3.16150E+01,1.39922E+00,3.16150E+01,1.62898E+00,1.77501E+00,3.16150E+01,3.16150E+01,3.16150E+01,3.16150E+01,3.16150E+01,3.16150E+01,1.21668E+00,4.46822E+00 
#t = 1.092E+03
3.16150E+01,3.16150E+01,3.16150E+01,3.16150E+01,3.16150E+01,3.16150E+01,3.16150E+01,3.16150E+01,3.16150E+01,3.16150E+01,3.16150E+01,3.16150E+01,3.16150E+01,3.16150E+01,3.16150E+01,3.16150E+01,3.16150E+01,3.16150E+01,3.16150E+01,3.16150E+01,3.16150E+01,3.16150E+01,3.16150E+01,3.16150E+01,3.16150E+01,1.40469E+01,3.16150E+01,3.16150E+01,3.16150E+01,3.16150E+01,1.03723E+01,3.16150E+01,3.16150E+01 
#t = 1.134E+03
3.16150E+01,3.16150E+01,3.16150E+01,3.16150E+01,3.16150E+01,3.16150E+01,3.16150E+01,1.09508E+01,3.16150E+01,3.16150E+01,3.16150E+01,3.16150E+01,3.16150E+01,1.40469E+01,3.16150E+01,3.16150E+01,3.16150E+01,3.16150E+01,3.16150E+01,3.16150E+01,1.40469E+01,3.16150E+01,3.16150E+01,1.66586E+01,1.41781E+01,3.16150E+01,3.16150E+01,3.16150E+01,1.26210E+00,1.40469E+01,1.40469E+01,3.16150E+01,3.16150E+01,3.16150E+01,3.16150E+01,1.20186E+00,1.01277E+01,3.16150E+01,3.16150E+01 
#t = 1.176E+03
3.16150E+01,3.16150E+01,3.16150E+01,3.16150E+01,3.16150E+01,3.16150E+01,3.16150E+01,3.16150E+01,3.16150E+01,3.16150E+01,3.16150E+01,3.16150E+01,3.16150E+01,3.16150E+01,2.05642E+00,3.16150E+01,3.16150E+01,3.16150E+01,3.16150E+01,3.16150E+01,3.16150E+01,7.93191E-01,3.16150E+01,3.16150E+01,3.16150E+01,3.16150E+01,3.16150E+01 
#t = 1.218E+03
3.16150E+01,3.16150E+01,3.16150E+01,3.16150E+01,3.16150E+01,1.82911E+01,3.16150E+01,3.16150E+01,3.16150E+01,3.16150E+01,3.16150E+01,3.16150E+01,3.16150E+01,3.16150E+01,3.16150E+01,3.16150E+01,3.16150E+01,3.16150E+01,3.16150E+01,3.16150E+01,3.16150E+01,3.16150E+01,3.16150E+01,3.16150E+01,3.16150E+01,3.16150E+01,3.16150E+01,1.20122E+01,3.16150E+01,3.16150E+01,3.16150E+01,2.19893E-01,3.16150E+01,5.02815E+00,3.16150E+01,3.16150E+01,3.16150E+01 
#t = 1.260E+03
3.16150E+01,3.16150E+01,3.16150E+01,3.16150E+01,3.16150E+01,3.16150E+01,3.16150E+01,3.16150E+01,3.16150E+01,3.16150E+01,3.16150E+01,3.16150E+01,3.16150E+01,3.16150E+01,3.16150E+01,3.16150E+01,3.16150E+01,3.16150E+01,3.16150E+01,3.16150E+01,3.16150E+01,3.16150E+01,3.16150E+01,3.16150E+01,3.16150E+01,3.16150E+01,3.16150E+01,5.11463E+00,1.98346E+01,3.16150E+01,3.16150E+01,1.98346E+01,3.16150E+01,1.94010E+00,3.16150E+01,1.98346E+01,3.16150E+01,3.16150E+01 
#t = 1.302E+03
3.16150E+01,3.16150E+01,3.16150E+01,3.16150E+01,3.16150E+01,3.16150E+01,3.16150E+01,3.16150E+01,3.16150E+01,3.16150E+01,3.16150E+01,3.16150E+01,3.16150E+01,3.16150E+01,3.16150E+01,3.16150E+01,3.16150E+01,3.16150E+01,3.16150E+01,3.16150E+01,3.16150E+01,3.16150E+01,3.16150E+01,3.16150E+01,3.16150E+01,3.16150E+01,3.16150E+01,3.16150E+01,3.16150E+01,3.16150E+01,1.65991E+00,3.16150E+01 
#t = 1.344E+03
3.16150E+01,3.16150E+01,1.65748E+01,3.16150E+01,3.16150E+01,3.16150E+01,3.16150E+01,3.16150E+01,3.16150E+01,1.31626E+01,3.16150E+01,3.16150E+01,3.16150E+01,3.16150E+01,1.65748E+01,3.16150E+01,3.16150E+01,3.16150E+01,3.16150E+01,3.16150E+01,3.16150E+01,2.21775E-01,8.93334E+00,3.16150E+01 
#t = 1.386E+03
3.16150E+01,3.16150E+01,3.16150E+01,3.16150E+01,3.16150E+01,3.16150E+01,3.16150E+01,3.16150E+01,1.31626E+01,3.16150E+01,3.16150E+01,1.31626E+01,2.66625E+01,2.66625E+01,3.16150E+01,8.25343E+00,1.31626E+01,3.16150E+01,1.31626E+01,3.16150E+01,3.16150E+01,1.31626E+01,2.37344E+00,3.16150E+01,3.16150E+01,3.16150E+01,2.45292E+00,3.16150E+01,3.16150E+01 
#t = 1.428E+03
3.16150E+01,3.16150E+01,3.16150E+01,3.16150E+01,3.16150E+01,3.16150E+01,3.16150E+01,3.16150E+01,3.16150E+01,3.16150E+01,3.16150E+01,3.16150E+01,3.16150E+01,3.16150E+01,3.16150E+01,3.16150E+01,3.16150E+01,3.16150E+01,3.16150E+01,3.16150E+01,3.16150E+01,3.16150E+01,3.16150E+01,3.16150E+01,3.16150E+01,1.67562E+00,3.16150E+01,3.16150E+01,6.88661E+00,3.16150E+01 
#t = 1.470E+03
3.16150E+01,3.16150E+01,3.16150E+01,3.16150E+01,3.16150E+01,3.16150E+01,3.16150E+01,3.16150E+01,3.16150E+01,3.16150E+01,3.16150E+01,3.16150E+01,3.16150E+01,3.16150E+01,3.16150E+01,3.16150E+01,3.16150E+01,3.16150E+01,3.16150E+01,3.16150E+01,3.16150E+01,3.30160E+00,3.16150E+01,3.16150E+01,5.34995E+00 
#t = 1.512E+03
3.16150E+01,1.04217E+01,3.16150E+01,3.16150E+01,3.16150E+01,3.16150E+01,3.16150E+01,3.16150E+01,3.16150E+01,3.16150E+01,3.16150E+01,3.16150E+01,3.16150E+01,3.16150E+01,3.16150E+01,3.16150E+01,3.16150E+01,3.16150E+01,3.16150E+01,1.86146E+00,3.16150E+01,3.16150E+01 
#t = 1.554E+03
3.16150E+01,3.16150E+01,3.16150E+01,3.16150E+01,3.16150E+01,3.16150E+01,3.16150E+01,7.25074E+00,3.16150E+01,3.16150E+01,3.16150E+01,3.16150E+01,3.16150E+01,3.16150E+01,3.16150E+01,3.16150E+01,1.16098E+01,3.16150E+01,3.16150E+01,1.23582E+00,3.16150E+01 
#t = 1.596E+03
3.16150E+01,3.16150E+01,3.16150E+01,3.16150E+01,3.16150E+01,3.16150E+01,3.16150E+01,3.16150E+01,3.16150E+01,3.16150E+01,1.24991E+01,3.16150E+01,3.16150E+01,3.16150E+01,3.16150E+01,3.16150E+01,3.16150E+01,3.16150E+01,3.16150E+01,3.16150E+01,3.16150E+01,3.16150E+01,3.16150E+01,3.16150E+01,3.16150E+01,3.76873E+00,3.16150E+01,3.16150E+01,3.16150E+01 
#t = 1.638E+03
3.16150E+01,3.16150E+01,3.16150E+01,3.16150E+01,3.16150E+01,3.16150E+01,3.16150E+01,3.16150E+01,3.16150E+01,3.16150E+01,3.16150E+01,3.16150E+01,3.16150E+01,3.16150E+01,3.16150E+01,3.16150E+01,3.16150E+01,5.71870E-01,3.16150E+01,3.16150E+01,3.16150E+01,3.16150E+01,3.16150E+01,3.16150E+01,3.16150E+01,3.16150E+01,3.16150E+01,3.16150E+01,3.16150E+01,3.16150E+01,3.16150E+01,3.16150E+01,3.55525E+00,3.16150E+01,3.71998E+00,1.53903E+00,3.16150E+01,3.16150E+01 
#t = 1.680E+03
3.16150E+01,3.16150E+01,3.16150E+01,3.16150E+01,3.16150E+01,1.07246E+01,1.07246E+01,3.16150E+01,3.16150E+01,3.16150E+01,3.16150E+01,3.16150E+01,3.16150E+01,3.16150E+01,3.16150E+01,3.16150E+01,3.16150E+01,3.16150E+01,3.16150E+01,3.16150E+01,7.66933E+00,3.16150E+01,2.66859E+01,3.16150E+01,3.16150E+01,3.16150E+01,3.16150E+01,1.07246E+01,3.16150E+01,3.16150E+01,3.16150E+01,2.50136E+00,3.16150E+01,3.16150E+01 
#t = 1.722E+03
3.16150E+01,3.16150E+01,3.16150E+01,3.16150E+01,3.16150E+01,3.16150E+01,3.16150E+01,3.16150E+01,3.16150E+01,3.16150E+01,3.16150E+01,3.16150E+01,3.16150E+01,3.16150E+01,3.16150E+01,3.16150E+01,3.16150E+01,3.16150E+01,3.16150E+01,3.16150E+01,3.16150E+01,3.16150E+01,3.16150E+01,3.16150E+01,3.16150E+01,3.16150E+01,3.16150E+01,3.16150E+01,3.16150E+01,3.16150E+01,3.16150E+01,3.16150E+01,7.32228E+00,1.21593E+00,3.16150E+01,3.16150E+01,3.16150E+01,1.29828E+01,3.16150E+01 
#t = 1.764E+03
3.16150E+01,3.16150E+01,3.16150E+01,3.16150E+01,3.16150E+01,3.16150E+01,3.16150E+01,3.16150E+01,3.16150E+01,3.16150E+01,3.16150E+01,3.16150E+01,3.16150E+01,3.16150E+01,3.16150E+01,3.16150E+01,7.12502E+00,3.16150E+01,3.16150E+01,3.16150E+01,1.06260E+01,1.06260E+01,3.16150E+01,3.16150E+01,3.16150E+01,3.16150E+01,4.80648E+00,3.16150E+01 
#t = 1.806E+03
3.16150E+01,3.16150E+01,3.77944E+01,3.16150E+01,3.16150E+01,3.16150E+01,3.16150E+01,3.16150E+01,3.16150E+01,3.16150E+01,3.16150E+01,3.16150E+01,3.16150E+01,3.16150E+01,3.16150E+01,3.16150E+01,3.16150E+01,3.16150E+01,3.16150E+01,3.16150E+01,3.16150E+01,3.16150E+01,3.16150E+01,3.77944E+01,3.16150E+01,3.01504E+00,2.48980E+00,1.43727E+00,3.16150E+01,3.49173E+00,3.16150E+01,3.16150E+01,3.16150E+01,3.79044E+00,1.53622E+00 
#t = 1.848E+03
3.16150E+01,3.16150E+01,3.16150E+01,3.16150E+01,3.16150E+01,3.16150E+01,3.16150E+01,3.16150E+01,3.16150E+01,3.16150E+01,3.16150E+01,3.16150E+01,3.16150E+01,3.16150E+01,3.16150E+01,3.16150E+01,3.16150E+01,3.16150E+01,3.16150E+01,3.16150E+01,3.16150E+01,3.16150E+01,3.16150E+01,3.16150E+01,3.16150E+01,3.16150E+01,3.16150E+01,6.46514E+00,6.07597E+00,3.16150E+01,3.16150E+01,1.12489E+00,3.16150E+01,3.16150E+01 
#t = 1.890E+03
3.16150E+01,3.16150E+01,3.16150E+01,3.16150E+01,3.16150E+01,3.16150E+01,3.16150E+01,3.16150E+01,3.16150E+01,3.16150E+01,3.16150E+01,3.16150E+01,3.16150E+01,3.16150E+01,3.16150E+01,3.16150E+01,3.16150E+01,2.35459E+00,3.16150E+01,3.16150E+01,7.91662E+00,2.67568E+00,3.16150E+01,3.16150E+01,3.16150E+01 
#t = 1.932E+03
3.16150E+01,3.16150E+01,3.16150E+01,3.16150E+01,3.16150E+01,2.25675E+01,2.25675E+01,3.16150E+01,3.16150E+01,3.16150E+01,3.16150E+01,5.91979E+00,3.16150E+01,3.16150E+01,3.16150E+01,3.16150E+01,3.16150E+01,3.16150E+01,3.16150E+01,3.93285E+00,2.25675E+01,3.16150E+01,5.95769E+00,3.16150E+01,3.16150E+01,3.16150E+01,3.16150E+01,3.16150E+01,3.16150E+01,4.58556E-01 
#t = 1.974E+03
3.16150E+01,3.16150E+01,3.16150E+01,3.16150E+01,3.16150E+01,3.16150E+01,3.16150E+01,3.16150E+01,3.16150E+01,3.16150E+01,3.16150E+01,2.25675E+01,3.16150E+01,3.16150E+01,3.16150E+01,3.16150E+01,1.01302E+01,3.16150E+01,3.16150E+01,3.16150E+01,3.16150E+01,3.16150E+01,3.16150E+01,3.16150E+01,3.16150E+01,1.04608E+01,3.16150E+01,3.16150E+01,3.16150E+01,3.16150E+01,3.16150E+01,2.83821E-01,3.16150E+01,8.60416E+00,3.16150E+01,3.16150E+01,3.16150E+01 
#t = 2.016E+03
3.16150E+01,3.16150E+01,3.16150E+01,3.16150E+01,3.16150E+01,7.64732E+00,3.16150E+01,3.16150E+01,3.16150E+01,3.16150E+01,3.16150E+01,3.16150E+01,3.16150E+01,3.16150E+01,1.14858E+01,3.16150E+01,3.16150E+01,1.08321E+01,3.16150E+01,3.16150E+01,3.16150E+01,1.14858E+01,3.16150E+01,3.16150E+01,3.16150E+01,3.16150E+01,3.16150E+01,1.30242E+01,3.16150E+01,3.16150E+01,3.16150E+01 
#t = 2.058E+03
3.16150E+01,3.16150E+01,3.16150E+01,3.16150E+01,3.16150E+01,3.16150E+01,1.08321E+01,3.16150E+01,3.16150E+01,3.16150E+01,3.16150E+01,3.16150E+01,3.16150E+01,3.16150E+01,3.16150E+01,3.16150E+01,3.16150E+01,3.16150E+01,3.16150E+01,3.16150E+01,3.16150E+01,1.08321E+01,3.16150E+01,3.16150E+01,3.16150E+01,3.16150E+01,3.16150E+01,3.16150E+01,1.08321E+01,3.16150E+01,3.16150E+01,3.16150E+01,1.08321E+01,5.07583E+00,3.16150E+01 
#t = 2.100E+03
3.16150E+01,3.16150E+01,3.16150E+01,3.16150E+01,3.16150E+01,3.16150E+01,3.16150E+01,3.16150E+01,3.16150E+01,3.16150E+01,3.16150E+01,3.16150E+01,3.16150E+01,3.16150E+01,3.16150E+01,3.16150E+01,3.16150E+01,3.16150E+01,3.16150E+01,3.16150E+01,2.73748E+00,2.83370E+00,3.16150E+01,3.16150E+01,3.16150E+01,3.16150E+01,2.81700E-01 
#t = 2.142E+03
3.16150E+01,3.16150E+01,3.16150E+01,3.16150E+01,3.16150E+01,3.16150E+01,3.16150E+01,3.16150E+01,3.16150E+01,1.63985E+01,3.16150E+01,3.16150E+01,3.16150E+01,3.16150E+01,3.16150E+01,3.16150E+01,7.51257E+00,3.16150E+01,3.16150E+01,3.16150E+01,3.16150E+01,3.16150E+01,3.16150E+01,3.16150E+01,1.63985E+01,1.63985E+01,3.16150E+01,3.16150E+01,3.09229E+01,3.16150E+01,3.16150E+01,2.54120E+00,3.16150E+01,3.16150E+01,3.16150E+01 
#t = 2.184E+03
1.63985E+01,1.04288E+01,3.16150E+01,3.16150E+01,3.16150E+01,3.16150E+01,1.00964E+01,3.16150E+01,3.16150E+01,3.16150E+01,3.16150E+01,3.16150E+01,3.16150E+01,3.16150E+01,3.16150E+01,3.16150E+01,3.16150E+01,3.16150E+01,3.16150E+01,3.16150E+01,3.16150E+01,3.16150E+01,3.16150E+01,3.16150E+01,3.16150E+01,1.39100E+01,3.16150E+01,6.37129E+00,3.16150E+01,3.16150E+01,1.39100E+01,3.16150E+01,3.16150E+01,2.22508E+00,3.16150E+01,1.39100E+01,2.25679E+00,3.16150E+01,1.28311E+00,7.45830E+00 
#t = 2.226E+03
3.16150E+01,3.16150E+01,3.16150E+01,3.16150E+01,1.39100E+01,3.16150E+01,3.16150E+01,3.16150E+01,3.16150E+01,3.16150E+01,3.16150E+01,3.16150E+01,3.16150E+01,3.16150E+01,3.16150E+01,3.16150E+01,3.16150E+01,1.55355E+00,3.16150E+01,3.16150E+01,3.16150E+01,3.16150E+01,3.16150E+01,3.16150E+01,3.16150E+01,3.16150E+01,3.16150E+01,3.16150E+01,7.19103E+00,3.16150E+01,3.16150E+01,3.16150E+01,3.16150E+01,3.16150E+01,3.16150E+01,3.16150E+01,5.11281E+00 
#t = 2.268E+03
3.16150E+01,3.16150E+01,3.16150E+01,3.16150E+01,3.16150E+01,3.16150E+01,3.16150E+01,3.16150E+01,3.16150E+01,3.16150E+01,3.16150E+01,3.16150E+01,3.16150E+01,3.16150E+01,3.16150E+01,3.16150E+01,3.16150E+01,3.16150E+01,3.16150E+01,3.16150E+01,3.16150E+01,3.16150E+01,3.16150E+01,3.16150E+01,3.16150E+01,3.16150E+01,3.16150E+01,3.16150E+01,3.16150E+01,3.16150E+01,5.88569E-01,3.16150E+01 
#t = 2.310E+03
3.16150E+01,3.16150E+01,3.16150E+01,3.16150E+01,3.16150E+01,1.24773E+01,3.16150E+01,3.16150E+01,3.16150E+01,3.16150E+01,3.16150E+01,3.16150E+01,3.16150E+01,3.16150E+01,3.16150E+01,3.16150E+01,3.16150E+01,3.16150E+01,3.16150E+01,3.16150E+01,3.16150E+01,3.16150E+01,3.97408E+01,3.16150E+01,3.16150E+01,3.16150E+01,3.16150E+01,3.16150E+01,1.24773E+01,3.97408E+01,3.16150E+01 
#t = 2.352E+03
3.16150E+01,1.24773E+01,3.16150E+01,3.16150E+01,3.16150E+01,3.16150E+01,3.16150E+01,3.16150E+01,3.16150E+01,3.16150E+01,3.16150E+01,3.16150E+01,3.16150E+01,3.16150E+01,3.16150E+01,3.16150E+01,3.16150E+01,3.16150E+01,3.16150E+01,3.16150E+01,3.16150E+01,3.16150E+01,3.16150E+01,3.16150E+01,3.16150E+01,3.16150E+01,3.16150E+01,3.16150E+01,3.16150E+01,3.16150E+01,2.90037E+00,9.70837E+00,9.64579E-01,3.16150E+01,3.16150E+01,3.16150E+01 
#t = 2.394E+03
3.16150E+01,3.16150E+01,3.16150E+01,3.16150E+01,3.16150E+01,3.16150E+01,3.16150E+01,3.16150E+01,3.16150E+01,3.16150E+01,3.16150E+01,3.16150E+01,3.16150E+01,1.11661E+01,3.16150E+01,3.16150E+01,3.16150E+01,3.77976E+00,2.05936E+00,3.16150E+01,3.16150E+01,3.16150E+01,1.82844E+00,3.16150E+01,3.12951E+00,3.16150E+01,3.16150E+01,3.16150E+01,3.16150E+01 
#t = 2.436E+03
3.16150E+01,3.16150E+01,3.16150E+01,3.16150E+01,1.07640E+01,3.16150E+01,3.16150E+01,3.16150E+01,3.16150E+01,3.16150E+01,3.16150E+01,3.16150E+01,3.16150E+01,3.02374E-01,3.16150E+01,3.16150E+01,3.16150E+01,2.48191E+00,3.16150E+01,3.16150E+01,3.16150E+01 
#t = 2.478E+03
3.16150E+01,3.16150E+01,3.16150E+01,3.16150E+01,3.16150E+01,3.16150E+01,3.16150E+01,3.16150E+01,3.16150E+01,3.16150E+01,3.16150E+01,3.16150E+01,3.16150E+01,3.16150E+01,3.16150E+01,3.16150E+01,3.16150E+01,3.16150E+01,1.01944E+01,3.16150E+01,3.16150E+01,3.16150E+01,3.16150E+01,3.16150E+01,3.16150E+01,3.16150E+01,2.19819E+00,1.29828E-01,3.16150E+01,3.16150E+01,3.16150E+01,3.16150E+01,3.16150E+01,3.16150E+01,3.18865E+00 
#t = 2.520E+03
3.16150E+01,3.16150E+01,3.16150E+01,3.16150E+01,3.16150E+01,3.16150E+01,3.16150E+01,3.16150E+01,3.16150E+01,3.16150E+01,3.16150E+01,3.16150E+01,3.16150E+01,3.16150E+01,3.16150E+01,3.16150E+01,3.16150E+01,3.16150E+01,3.16150E+01,3.16150E+01,3.16150E+01,3.16150E+01,3.16150E+01,3.16150E+01,3.16150E+01,3.16150E+01,3.16150E+01,3.16150E+01,3.16150E+01,3.16150E+01,3.16150E+01,3.16150E+01,3.16150E+01,3.16150E+01,3.16150E+01,8.44456E-01,3.16150E+01,3.16150E+01,3.16150E+01 
#t = 2.562E+03
3.16150E+01,3.16150E+01,3.16150E+01,3.16150E+01,3.16150E+01,3.16150E+01,3.16150E+01,3.16150E+01,3.16150E+01,3.16150E+01,3.16150E+01,3.16150E+01,3.16150E+01,3.16150E+01,3.16150E+01,3.16150E+01,3.16150E+01,3.16150E+01,3.16150E+01,3.16150E+01,3.16150E+01,3.16150E+01,3.16150E+01,3.16150E+01,3.16150E+01,3.16150E+01,3.16150E+01,3.16150E+01,3.16150E+01,3.16150E+01,3.16150E+01,4.77203E+00,1.86564E+00,3.16150E+01,3.16150E+01,3.16150E+01,3.16150E+01,6.44583E-01,3.16150E+01,3.16150E+01 
#t = 2.604E+03
3.16150E+01,3.16150E+01,3.16150E+01,3.16150E+01,3.16150E+01,3.16150E+01,3.16150E+01,3.16150E+01,3.16150E+01,3.16150E+01,3.16150E+01,3.16150E+01,3.16150E+01,3.16150E+01,3.16150E+01,3.16150E+01,3.16150E+01,3.16150E+01,3.16150E+01,3.16150E+01,3.16150E+01,3.16150E+01,3.16150E+01,3.16150E+01,3.16150E+01,3.16150E+01,3.16150E+01,3.16150E+01,3.16150E+01,3.16150E+01,3.16150E+01,1.53208E+00,3.16150E+01,3.12628E+00,3.16150E+01,3.16150E+01,3.16150E+01,3.16150E+01,3.16150E+01,3.16150E+01,3.16150E+01 
#t = 2.646E+03
3.16150E+01,3.16150E+01,3.16150E+01,3.16150E+01,3.16150E+01,3.16150E+01,3.16150E+01,3.16150E+01,3.16150E+01,3.16150E+01,3.16150E+01,3.16150E+01,3.16150E+01,3.16150E+01,3.16150E+01,3.16150E+01,3.16150E+01,3.16150E+01,3.16150E+01,3.16150E+01,3.16150E+01,3.16150E+01,1.45104E+00 
#t = 2.688E+03
3.16150E+01,3.16150E+01,3.16150E+01,3.16150E+01,3.16150E+01,3.16150E+01,3.16150E+01,3.16150E+01,3.16150E+01,3.16150E+01,3.16150E+01,3.16150E+01,3.16150E+01,3.16150E+01,3.16150E+01,3.16150E+01,3.16150E+01,3.16150E+01,3.16150E+01,3.16150E+01,3.16150E+01,3.16150E+01,3.16150E+01,3.16150E+01,3.16150E+01,3.16150E+01,3.16150E+01,3.16150E+01,3.16150E+01,3.16150E+01,3.16150E+01,1.87707E+00,3.16150E+01,1.52510E+01,3.16150E+01,2.61730E+01,3.16150E+01 
#t = 2.730E+03
3.16150E+01,3.16150E+01,2.61730E+01,3.16150E+01,3.16150E+01,3.16150E+01,3.16150E+01,3.16150E+01,3.16150E+01,3.16150E+01,3.16150E+01,3.16150E+01,3.16150E+01,3.16150E+01,3.16150E+01,1.52510E+01,3.16150E+01,1.33669E+01,1.33669E+01,1.33669E+01,3.16150E+01,3.16150E+01,3.16150E+01,3.16150E+01,3.16150E+01,3.16150E+01,3.16150E+01,1.12069E+00,3.16150E+01,1.41561E+00,3.16150E+01,3.16150E+01,2.61730E+01,3.16150E+01,3.16150E+01 
#t = 2.772E+03
1.33669E+01,3.16150E+01,3.16150E+01,3.16150E+01,2.61730E+01,2.61730E+01,3.16150E+01,2.61730E+01,3.16150E+01,3.16150E+01,3.16150E+01,2.61730E+01,3.16150E+01,3.16150E+01,3.16150E+01,3.16150E+01,3.84839E+00,3.16150E+01,3.16150E+01,2.61730E+01,3.16150E+01,3.16150E+01,3.16150E+01,1.33669E+01,3.16150E+01,3.16150E+01,3.16150E+01,5.73693E-01,3.16150E+01,2.61730E+01,3.16150E+01,3.16150E+01,3.16150E+01,3.16150E+01 
#t = 2.814E+03
1.33669E+01,3.16150E+01,3.16150E+01,3.16150E+01,3.16150E+01,3.16150E+01,3.16150E+01,3.16150E+01,1.33669E+01,3.16150E+01,3.16150E+01,8.34787E+00,3.16150E+01,3.16150E+01,3.16150E+01,3.16150E+01,3.16150E+01,3.16150E+01,3.16150E+01,1.46117E+00,3.16150E+01,3.16150E+01,1.33669E+01,1.33669E+01,1.33669E+01,3.16150E+01,3.16150E+01,3.16150E+01,3.16150E+01,1.17785E+01,1.04375E+00,1.33669E+01,3.16150E+01,3.16150E+01 
#t = 2.856E+03
3.16150E+01,3.16150E+01,1.33669E+01,3.16150E+01,3.16150E+01,3.16150E+01,1.33669E+01,1.33669E+01,3.16150E+01,1.33669E+01,3.16150E+01,3.16150E+01,1.33669E+01,1.33669E+01,1.33669E+01,1.33669E+01,1.33669E+01,1.72475E+01,1.33669E+01,1.33669E+01,1.54460E+00,5.01530E-01,1.19909E+00,1.06917E+00,3.16150E+01,3.16150E+01,3.16150E+01,3.16150E+01 
#t = 2.898E+03
3.16150E+01,3.16150E+01,3.16150E+01,3.16150E+01,3.16150E+01,3.16150E+01,3.16150E+01,3.16150E+01,3.16150E+01,3.16150E+01,3.16150E+01,3.16150E+01,1.33669E+01,1.33669E+01,3.16150E+01,3.16150E+01,3.16150E+01,3.16150E+01,3.16150E+01,3.16150E+01,3.16150E+01,3.16150E+01,3.16150E+01,3.16150E+01,3.16150E+01,3.16150E+01,3.16150E+01 
#t = 2.940E+03
3.16150E+01,3.16150E+01,3.16150E+01,1.33669E+01,3.16150E+01,3.16150E+01,3.16150E+01,3.16150E+01,3.16150E+01,3.16150E+01,3.16150E+01,3.16150E+01,3.16150E+01,3.16150E+01,3.16150E+01,3.16150E+01,3.16150E+01,6.47886E+00,3.16150E+01,3.16150E+01,3.16150E+01,3.16150E+01,3.16150E+01,3.16150E+01,3.16150E+01,3.52082E-01,1.39098E+01,3.16150E+01,3.16150E+01,3.16150E+01,3.16150E+01,1.34686E-01,3.16150E+01 
#t = 2.982E+03
3.16150E+01,3.16150E+01,3.16150E+01,3.16150E+01,3.16150E+01,3.16150E+01,3.16150E+01,3.16150E+01,3.16150E+01,3.16150E+01,3.16150E+01,3.16150E+01,3.16150E+01,3.16150E+01,3.16150E+01,3.16150E+01,3.16150E+01,3.16150E+01,3.16150E+01,3.16150E+01,3.16150E+01,3.16150E+01,3.16150E+01,3.16150E+01,3.16150E+01,3.16150E+01,3.16150E+01,3.16150E+01,3.16150E+01,7.29984E-01,3.16150E+01,4.84655E+00,1.85518E+00,3.16150E+01,3.16150E+01,8.11174E-01,3.16150E+01,3.13091E+00,2.57918E+00,3.16150E+01,1.76100E+01,4.42927E-01,5.70639E+00,3.16150E+01,3.16150E+01 
#t = 3.024E+03
3.16150E+01,3.16150E+01,3.16150E+01,3.16150E+01,3.16150E+01,3.16150E+01,3.16150E+01,3.16150E+01,3.16150E+01,3.16150E+01,3.16150E+01,3.16150E+01,3.16150E+01,3.16150E+01,3.16150E+01,3.16150E+01,3.16150E+01,3.16150E+01,3.16150E+01,3.16150E+01,3.16150E+01,3.16150E+01,3.16150E+01,6.96749E-01,3.16150E+01,3.16150E+01,3.16150E+01,3.16150E+01,2.10308E+00 
#t = 3.066E+03
3.16150E+01,1.13660E+01,3.16150E+01,3.16150E+01,3.16150E+01,3.16150E+01,3.16150E+01,3.16150E+01,3.16150E+01,3.16150E+01,3.16150E+01,3.16150E+01,3.16150E+01,3.16150E+01,3.16150E+01,3.16150E+01,3.16150E+01,3.16150E+01,3.16150E+01,3.16150E+01,3.16150E+01,3.16150E+01,3.16150E+01,2.57443E+00,3.16150E+01,3.16150E+01,3.16150E+01,3.16150E+01,3.16150E+01,3.16150E+01,3.16150E+01 
#t = 3.108E+03
3.16150E+01,3.16150E+01,3.16150E+01,3.16150E+01,3.16150E+01,3.16150E+01,3.16150E+01,3.16150E+01,3.16150E+01,3.16150E+01,3.16150E+01,3.16150E+01,3.16150E+01,3.16150E+01,3.16150E+01,3.16150E+01,3.16150E+01,3.16150E+01,3.16150E+01,3.16150E+01,3.16150E+01,3.16150E+01,3.16150E+01,3.16150E+01,3.16150E+01,3.16150E+01,3.16150E+01,3.16150E+01,3.16150E+01,3.16150E+01,3.16150E+01,3.16150E+01,3.16150E+01,3.05854E+01,3.16150E+01,3.16150E+01,3.16150E+01,1.85029E+00,3.05854E+01,3.16150E+01 
#t = 3.150E+03
3.16150E+01,3.16150E+01,3.16150E+01,3.16150E+01,3.16150E+01,3.16150E+01,3.16150E+01,3.16150E+01,3.16150E+01,3.05854E+01,3.16150E+01,3.16150E+01,3.16150E+01,3.16150E+01,3.16150E+01,3.16150E+01,3.16150E+01,3.05854E+01,3.16150E+01,3.16150E+01,3.16150E+01,3.21203E+00,3.16150E+01,5.49942E+00,3.16150E+01,3.16150E+01,3.16150E+01,3.16150E+01,3.16150E+01,3.16150E+01,3.16150E+01,3.16150E+01,3.16150E+01,3.16150E+01,3.16150E+01,3.16150E+01,3.16150E+01,3.16150E+01,3.16150E+01,6.49968E-01,3.16150E+01,1.81547E+00 
#t = 3.192E+03
3.05854E+01,3.16150E+01,3.16150E+01,3.16150E+01,3.16150E+01,3.16150E+01,3.16150E+01,3.16150E+01,3.16150E+01,2.00672E+01,3.16150E+01,3.16150E+01,3.16150E+01,3.16150E+01,3.16150E+01,3.16150E+01,3.16150E+01,3.16150E+01,3.16150E+01,3.16150E+01,3.16150E+01,3.16150E+01,3.16150E+01,3.16150E+01,3.16150E+01,3.16150E+01,3.16150E+01,1.79794E+01,2.06015E+00,2.58726E+00,3.16150E+01,3.16150E+01,3.16150E+01,1.44639E+00,3.16150E+01,3.16150E+01 
#t = 3.234E+03
3.16150E+01,3.16150E+01,3.16150E+01,3.16150E+01,1.79794E+01,3.16150E+01,2.00672E+01,3.16150E+01,3.16150E+01,3.16150E+01,1.79794E+01,2.74776E+01,3.16150E+01,3.16150E+01,3.16150E+01,3.16150E+01,2.74776E+01,1.79794E+01,2.00672E+01,3.16150E+01,3.16150E+01,3.01197E+00,2.00672E+01,2.00672E+01,3.16150E+01,1.79794E+01,3.16150E+01 
#t = 3.276E+03
3.16150E+01,3.16150E+01,3.16150E+01,3.16150E+01,2.74776E+01,2.74776E+01,3.16150E+01,2.00672E+01,3.16150E+01,9.27181E+00,1.79794E+01,3.16150E+01,3.16150E+01,3.16150E+01,2.74776E+01,3.16150E+01,3.16150E+01,2.94247E+00,2.74776E+01,3.16150E+01,2.74776E+01,3.16150E+01 
#t = 3.318E+03
3.16150E+01,3.16150E+01,3.16150E+01,3.16150E+01,1.72162E+01,3.16150E+01,3.16150E+01,3.16150E+01,3.16150E+01,3.16150E+01,3.16150E+01,3.16150E+01,2.74776E+01,2.74776E+01,2.74776E+01,3.16150E+01,3.16150E+01,3.16150E+01,3.16150E+01,3.16150E+01,1.71678E+00,3.16150E+01,3.16150E+01,3.16150E+01,3.16150E+01,3.16150E+01,2.41574E+00 
#t = 3.360E+03
3.16150E+01,3.16150E+01,9.74648E+00,3.16150E+01,2.74776E+01,3.16150E+01,3.16150E+01,2.74776E+01,3.16150E+01,3.16150E+01,3.16150E+01,3.16150E+01,3.16150E+01,3.16150E+01,2.74776E+01,3.16150E+01,2.74776E+01,2.74776E+01,3.16150E+01,2.74776E+01,2.74776E+01,2.74776E+01,2.74776E+01,3.16150E+01,2.74776E+01,3.16150E+01,3.16150E+01,3.16150E+01,2.74776E+01,2.74776E+01,3.16150E+01,2.74776E+01,3.16150E+01,2.74776E+01,3.16150E+01,3.16150E+01 
#t = 3.402E+03
2.74776E+01,3.16150E+01,2.74776E+01,3.16150E+01,2.74776E+01,3.16150E+01,3.16150E+01,3.16150E+01,3.16150E+01,2.74776E+01,3.16150E+01,2.74776E+01,3.16150E+01,3.16150E+01,3.16150E+01,3.16150E+01,3.16150E+01,3.16150E+01,3.16150E+01,3.16150E+01,3.16150E+01,3.16150E+01,3.16150E+01,3.16150E+01,3.16150E+01,3.16150E+01,1.26730E+00,3.16150E+01 
#t = 3.444E+03
3.16150E+01,3.16150E+01,3.16150E+01,3.16150E+01,3.16150E+01,3.16150E+01,3.16150E+01,3.16150E+01,3.16150E+01,3.16150E+01,2.74776E+01,3.16150E+01,2.74776E+01,3.16150E+01,3.16150E+01,3.16150E+01,3.16150E+01,3.16150E+01,3.16150E+01,3.16150E+01,3.16150E+01,3.16150E+01,3.16150E+01,3.16150E+01,3.16150E+01,3.16150E+01,3.16150E+01,3.16150E+01 
#t = 3.486E+03
3.16150E+01,3.16150E+01,3.16150E+01,3.16150E+01,3.16150E+01,3.16150E+01,1.75949E+01,3.16150E+01,3.16150E+01,3.16150E+01,1.75949E+01,3.16150E+01,1.28072E+01,1.15190E+01,3.16150E+01,3.16150E+01,1.96537E+01,3.16150E+01,1.00339E+01,3.16150E+01,3.16150E+01,3.16150E+01,3.16150E+01,3.16150E+01,3.16150E+01,3.16150E+01,3.16150E+01,1.15190E+01,3.16150E+01,3.16150E+01,3.16150E+01,4.50629E+00,1.75949E+01 
#t = 3.528E+03
3.16150E+01,3.16150E+01,3.16150E+01,3.16150E+01,3.16150E+01,3.16150E+01,1.15190E+01,1.96537E+01,3.16150E+01,3.16150E+01,3.16150E+01,3.16150E+01,3.16150E+01,3.16150E+01,3.16150E+01,3.16150E+01,3.16150E+01,3.16150E+01,3.16150E+01,3.16150E+01,3.16150E+01,3.16150E+01,1.96537E+01,3.16150E+01,3.16150E+01,3.16150E+01,3.16150E+01,3.16150E+01,3.16150E+01,1.96537E+01,3.16150E+01,3.16150E+01,3.16150E+01,5.23832E+00,1.05103E+01,3.16150E+01,3.16150E+01,1.96537E+01,3.16150E+01,3.16150E+01,2.11468E+00,9.93455E-01,3.16150E+01 
#t = 3.570E+03
3.16150E+01,3.16150E+01,3.16150E+01,1.96537E+01,3.16150E+01,1.09310E+01,1.96537E+01,1.96537E+01,3.16150E+01,3.16150E+01,3.16150E+01,1.96537E+01,3.16150E+01,3.16150E+01,3.16150E+01,1.96537E+01,3.16150E+01,1.96537E+01,3.16150E+01,3.43170E+00,3.16150E+01,4.56312E-01,1.96537E+01,1.96537E+01,1.96537E+01,3.16150E+01,1.96537E+01 
#t = 3.612E+03
1.96537E+01,3.16150E+01,3.16150E+01,3.16150E+01,1.09310E+01,3.16150E+01,3.16150E+01,3.16150E+01,3.16150E+01,3.16150E+01,3.16150E+01,3.16150E+01,3.16150E+01,3.16150E+01,3.16150E+01,3.16150E+01,3.16150E+01,3.16150E+01,3.16150E+01,3.16150E+01,3.16150E+01,4.45425E+00,3.16150E+01 
#t = 3.654E+03
3.16150E+01,3.16150E+01,3.16150E+01,3.16150E+01,3.16150E+01,1.96537E+01,3.16150E+01,3.16150E+01,3.16150E+01,3.16150E+01,1.96537E+01,3.16150E+01,3.16150E+01,3.16150E+01,3.16150E+01,3.16150E+01,3.16150E+01,1.11903E+01,3.16150E+01,3.16150E+01,3.16150E+01,3.16150E+01,3.16150E+01,3.16150E+01,3.16150E+01,3.16150E+01,3.16150E+01,3.16150E+01,3.16150E+01,1.96537E+01,3.16150E+01,3.16150E+01,1.96537E+01,3.16150E+01,3.16150E+01,1.96537E+01,3.16150E+01,3.16150E+01,3.16150E+01,1.96537E+01,3.16150E+01,3.16150E+01,3.16150E+01,3.16150E+01,3.16150E+01,3.16150E+01,3.16150E+01,3.16150E+01,2.71150E+00,3.74336E+00 
#t = 3.696E+03
3.16150E+01,3.16150E+01,3.16150E+01,3.16150E+01,3.16150E+01,1.96537E+01,3.16150E+01,3.16150E+01,3.16150E+01,3.16150E+01,3.16150E+01,3.16150E+01,3.16150E+01,3.16150E+01,3.16150E+01,1.96537E+01,1.96537E+01,3.16150E+01,3.16150E+01,1.82662E+01,1.85497E+00,1.96537E+01,3.16150E+01,3.16150E+01,3.16150E+01,4.65985E-01,1.96537E+01,3.16150E+01,3.16150E+01 
#t = 3.738E+03
3.16150E+01,3.16150E+01,3.16150E+01,3.16150E+01,3.16150E+01,3.16150E+01,3.16150E+01,3.16150E+01,3.16150E+01,3.16150E+01,3.16150E+01,1.19839E+01,3.16150E+01,3.16150E+01,3.16150E+01,3.16150E+01,3.16150E+01,2.24664E+01,2.24664E+01,1.19839E+01,3.16150E+01,3.16150E+01,3.14069E+01,1.19839E+01,3.16150E+01,3.16150E+01,3.16150E+01,3.16150E+01,2.24664E+01,9.15599E-01,3.16150E+01,3.16150E+01,3.16150E+01,3.16150E+01,3.02167E-01,3.16150E+01,4.65564E+00 
#t = 3.780E+03
3.16150E+01,3.16150E+01,3.16150E+01,1.53990E+01,3.16150E+01,3.16150E+01,2.24664E+01,3.16150E+01,3.16150E+01,3.16150E+01,3.16150E+01,3.16150E+01,3.16150E+01,3.16150E+01,3.16150E+01,3.16150E+01,3.16150E+01,3.16150E+01,3.16150E+01,3.16150E+01,1.53990E+01,3.16150E+01,3.16150E+01,3.16150E+01,3.16150E+01,3.16150E+01,6.43755E-01,3.16150E+01,3.16150E+01,3.16150E+01,3.16150E+01,3.16150E+01,2.90408E+01,3.46557E+00,3.16150E+01,3.16150E+01,3.16150E+01,3.16150E+01,3.16150E+01 
#t = 3.822E+03
3.16150E+01,3.16150E+01,3.16150E+01,3.16150E+01,3.16150E+01,3.16150E+01,3.16150E+01,3.16150E+01,3.16150E+01,3.16150E+01,3.16150E+01,1.10880E+01,3.16150E+01,1.10880E+01,3.16150E+01,3.16150E+01,3.16150E+01,1.10880E+01,3.16150E+01,3.16150E+01,3.16150E+01,3.16150E+01,3.16150E+01,3.59034E+00,3.16150E+01,3.16150E+01,3.16150E+01,3.16150E+01,3.16150E+01,3.16150E+01,3.16150E+01,3.16150E+01,3.16150E+01,3.16150E+01,3.16150E+01,3.16150E+01,4.07914E+00,4.04100E+00,3.16150E+01 
#t = 3.864E+03
3.16150E+01,3.16150E+01,3.16150E+01,3.16150E+01,3.16150E+01,3.16150E+01,3.16150E+01,3.16150E+01,3.16150E+01,3.16150E+01,3.16150E+01,3.16150E+01,3.16150E+01,3.16150E+01,3.16150E+01,3.16150E+01,3.16150E+01,3.16150E+01,3.16150E+01,3.16150E+01,3.16150E+01,3.16150E+01,3.16150E+01,3.16150E+01,3.16150E+01,3.16150E+01,3.16150E+01,3.16150E+01,3.16150E+01,1.73989E+01,3.16150E+01,3.16150E+01,3.16150E+01,3.16150E+01,3.16150E+01,3.16150E+01,3.16150E+01,3.16150E+01,3.16150E+01,3.16150E+01,3.16150E+01,3.16150E+01,1.73989E+01,3.16150E+01,3.16150E+01,3.16150E+01,3.16150E+01,3.16150E+01,3.16150E+01,4.30310E+00,3.82669E-01,7.73154E-01,1.32182E-01,1.66794E+00,2.13095E+00 
#t = 3.906E+03
3.16150E+01,3.16150E+01,3.16150E+01,3.16150E+01,3.16150E+01,3.16150E+01,1.73989E+01,3.16150E+01,3.16150E+01,3.16150E+01,3.16150E+01,1.87527E+01,3.16150E+01,3.16150E+01,1.87527E+01,3.16150E+01,1.73989E+01,3.16150E+01,3.16150E+01,3.16150E+01,3.16150E+01,3.16150E+01,3.16150E+01,3.16150E+01,3.16150E+01,3.16150E+01,1.87527E+01,3.16150E+01,3.16150E+01,3.16150E+01,1.87527E+01,1.73989E+01,3.16150E+01,1.87527E+01 
#t = 3.948E+03
3.16150E+01,3.16150E+01,1.87527E+01,1.87527E+01,3.16150E+01,3.16150E+01,3.16150E+01,3.16150E+01,3.16150E+01,3.16150E+01,3.16150E+01,3.16150E+01,3.16150E+01,3.16150E+01,3.16150E+01,3.16150E+01,3.16150E+01,3.16150E+01,3.16150E+01,3.16150E+01,1.87527E+01,1.22966E+01,3.16150E+01,3.16150E+01,3.16150E+01,3.16150E+01,3.16150E+01,1.72046E+00,1.87527E+01,3.16150E+01,3.16150E+01,3.16150E+01,3.16150E+01,2.83931E+00,3.61234E+00,3.16150E+01,3.16150E+01 
#t = 3.990E+03
1.87527E+01,3.16150E+01,1.87527E+01,3.16150E+01,1.87527E+01,2.68431E+01,3.16150E+01,3.16150E+01,3.16150E+01,3.16150E+01,3.16150E+01,3.16150E+01,3.16150E+01,3.16150E+01,1.87527E+01,3.16150E+01,3.16150E+01,2.93965E+00,3.16150E+01,3.16150E+01,1.87527E+01,8.56081E+00,3.16150E+01,3.16150E+01,3.44746E-01,3.16150E+01 
#t = 4.032E+03
1.87527E+01,3.16150E+01,3.16150E+01,3.16150E+01,3.16150E+01,3.16150E+01,3.16150E+01,1.87527E+01,3.16150E+01,3.16150E+01,3.16150E+01,3.16150E+01,3.16150E+01,3.16150E+01,1.87527E+01,3.16150E+01,3.16150E+01,3.16150E+01,3.16150E+01,3.16150E+01,3.16150E+01,3.16150E+01,3.16150E+01,3.16150E+01,3.16150E+01,3.16150E+01,3.16150E+01,3.16150E+01,3.16150E+01,3.16150E+01,3.16150E+01,3.16150E+01,3.16150E+01 
#t = 4.074E+03
3.16150E+01,3.16150E+01,3.16150E+01,3.16150E+01,3.16150E+01,3.16150E+01,6.51816E+00,3.16150E+01,3.16150E+01,3.16150E+01,3.16150E+01,3.16150E+01,3.16150E+01,3.16150E+01,3.16150E+01,7.86743E+00,3.16150E+01,3.16150E+01,1.40532E+00,3.16150E+01,3.16150E+01,2.52593E+00,4.15163E+00,3.16150E+01,3.16150E+01,6.18646E-01,3.16150E+01,3.16150E+01,8.18237E-01,7.74618E-01,5.42006E+00,3.16150E+01,3.16150E+01,1.26045E+00 
#t = 4.116E+03
3.16150E+01,3.16150E+01,3.16150E+01,3.16150E+01,3.16150E+01,3.16150E+01,3.16150E+01,3.16150E+01,3.16150E+01,3.16150E+01,3.16150E+01,3.16150E+01,3.16150E+01,3.16150E+01,3.16150E+01,3.16150E+01,3.16150E+01,3.16150E+01,3.16150E+01,3.16150E+01,3.16150E+01,3.16150E+01,3.16150E+01,3.16150E+01,3.16150E+01,3.16150E+01,3.16150E+01,1.88762E+01,3.16150E+01,3.16150E+01,3.16150E+01,3.16150E+01,3.16150E+01,3.16150E+01,3.16150E+01,3.16150E+01 
#t = 4.158E+03
3.16150E+01,3.16150E+01,3.16150E+01,3.16150E+01,3.16150E+01,3.16150E+01,3.16150E+01,3.16150E+01,2.61339E+01,3.16150E+01,3.16150E+01,3.16150E+01,3.16150E+01,3.16150E+01,3.16150E+01,3.16150E+01,3.16150E+01,3.16150E+01,3.16150E+01,3.16150E+01,3.16150E+01,3.16150E+01,2.61339E+01,3.16150E+01,3.16150E+01,3.16150E+01,3.16150E+01,3.16150E+01,3.16150E+01,3.16150E+01,3.16150E+01,3.16150E+01,3.16150E+01,3.16150E+01,3.16150E+01,3.16150E+01,3.16150E+01,3.16150E+01,3.16150E+01,2.63143E+00 
#t = 4.200E+03
3.16150E+01,3.16150E+01,3.16150E+01,3.16150E+01,3.16150E+01,3.16150E+01,3.16150E+01,3.16150E+01,3.16150E+01,3.16150E+01,1.52707E+01,3.16150E+01,3.16150E+01,3.16150E+01,1.59464E+01,3.16150E+01,3.16150E+01,3.16150E+01,3.16150E+01,3.16150E+01,3.16150E+01,3.16150E+01,3.16150E+01,3.16150E+01,3.16150E+01,3.16150E+01,3.16150E+01,3.16150E+01,1.33606E+00,3.16150E+01 
