#t = 0.000E+00
5.39140E-01,1.35938E+00,3.19583E+00,2.11212E+00,5.76001E+00 
#t = 4.200E+01
2.11031E+00,4.66163E-01 
#t = 8.400E+01
2.61173E+00 
#t = 1.260E+02
1.08558E+01 
#t = 1.680E+02
1.08558E+01,9.51802E+00,1.08558E+01,1.08558E+01,2.94696E-01,1.08558E+01 
#t = 2.100E+02
1.01258E+00 
#t = 2.520E+02
8.29661E+00,2.29623E-01,1.24283E+00,2.29876E+00 
#t = 2.940E+02
-9.99900E+03
#t = 3.360E+02
1.22956E+01,2.08656E+00,3.09481E+00 
#t = 3.780E+02
2.09905E+01,1.94741E+01,3.90679E+00,1.53308E+00,7.62986E+00,2.09905E+01 
#t = 4.200E+02
3.04233E+01,1.94741E+01,1.94741E+01,8.66495E+00,8.62929E+00,1.11305E+01,1.20386E+01,1.94741E+01,3.04233E+01,5.88835E+00,3.04233E+01,3.04233E+01,3.04233E+01,3.04233E+01,3.04233E+01,3.04233E+01,3.04233E+01,3.60284E+00,7.21736E+00,3.67199E-01 
#t = 4.620E+02
1.94741E+01,1.94741E+01,3.04233E+01,1.94741E+01,1.12066E+01,1.94741E+01,1.08400E+01,3.44335E+00,1.94741E+01,1.94741E+01,1.94741E+01,1.94741E+01 
#t = 5.040E+02
1.94741E+01,1.94741E+01,1.08400E+01,1.94741E+01,1.09674E+01,1.12066E+01,3.04233E+01,1.12066E+01,3.04233E+01,3.04233E+01,3.04233E+01,1.09674E+01,3.04233E+01,3.04233E+01,1.94741E+01,1.12066E+01,3.04233E+01,3.04233E+01,5.21448E+00 
#t = 5.460E+02
3.04233E+01,1.12066E+01,1.12066E+01,3.04233E+01,3.04233E+01,3.04233E+01,1.12066E+01,1.12066E+01,1.94741E+01,3.04233E+01,1.12066E+01,3.04233E+01,3.04233E+01,1.12066E+01,1.12066E+01,3.04233E+01,3.04233E+01,1.12066E+01,1.12066E+01,3.04233E+01,1.12066E+01,3.04233E+01,6.24170E+00,3.04233E+01,3.04233E+01,3.04233E+01,3.04233E+01,2.44496E-01,2.36376E+00 
#t = 5.880E+02
3.04233E+01,3.04233E+01,1.12066E+01,3.04233E+01,3.04233E+01,3.04233E+01,3.04233E+01,3.04233E+01,3.04233E+01,3.04233E+01,3.04233E+01,3.04233E+01,3.04233E+01,3.04233E+01,3.04233E+01,3.04233E+01,3.04233E+01,3.04233E+01,3.04233E+01,3.04233E+01,3.04233E+01,3.04233E+01,3.04233E+01,3.04233E+01,3.04233E+01 
#t = 6.300E+02
3.04233E+01,3.04233E+01,3.04233E+01,3.04233E+01,3.04233E+01,1.07467E+01,3.04233E+01,3.04233E+01,3.04233E+01,1.12066E+01,3.04233E+01,2.56892E+01,3.04233E+01,3.04233E+01,3.04233E+01,3.04233E+01,3.04233E+01,3.04233E+01,3.04233E+01,3.04233E+01,3.04233E+01,3.04233E+01,3.04233E+01,3.04233E+01,4.14411E-01,3.04233E+01,3.04233E+01,3.04233E+01,3.04233E+01,3.04233E+01,3.04233E+01,3.04233E+01,3.04233E+01,3.04233E+01,3.04233E+01,3.04233E+01 
#t = 6.720E+02
3.04233E+01,3.04233E+01,3.04233E+01,3.04233E+01,3.04233E+01,3.04233E+01,3.04233E+01,3.04233E+01,3.04233E+01,3.04233E+01,2.01535E+01,3.04233E+01,3.04233E+01,3.04233E+01,2.01535E+01,2.01535E+01,3.04233E+01,3.04233E+01,3.04233E+01,3.04233E+01,3.04233E+01,3.04233E+01,3.04233E+01,1.25704E+01,3.04233E+01,3.04233E+01,3.04233E+01,3.04233E+01,2.01535E+01 
#t = 7.140E+02
3.04233E+01,3.04233E+01,3.04233E+01,3.04233E+01,3.04233E+01,3.04233E+01,3.04233E+01,3.04233E+01,3.04233E+01,3.04233E+01,3.04233E+01,3.04233E+01,3.04233E+01,3.04233E+01,3.04233E+01,3.04233E+01,3.04233E+01,3.04233E+01,3.04233E+01,3.04233E+01,3.44549E+00,3.35121E+00,3.04233E+01,3.04233E+01,3.04233E+01,3.04233E+01,3.04233E+01,3.04233E+01,3.04233E+01,4.33396E+00,3.04233E+01,3.04233E+01 
#t = 7.560E+02
3.04233E+01,3.04233E+01,3.04233E+01,3.04233E+01,3.04233E+01,3.04233E+01,3.04233E+01,3.04233E+01,3.04233E+01,3.04233E+01,3.04233E+01,3.04233E+01,3.04233E+01,3.04233E+01,3.04233E+01,3.04233E+01,3.04233E+01,3.04233E+01,8.10522E+00,3.04233E+01,3.04233E+01,3.04233E+01,1.14349E+01,3.04233E+01,3.04233E+01,3.04233E+01,3.04233E+01,3.04233E+01,3.04233E+01,3.04233E+01,7.89749E-01,9.99466E+00,4.26181E-01,3.04233E+01,3.04233E+01,3.04233E+01 
#t = 7.980E+02
3.04233E+01,3.04233E+01,3.04233E+01,3.04233E+01,3.04233E+01,3.04233E+01,3.04233E+01,3.04233E+01,3.04233E+01,3.04233E+01,3.04233E+01,3.04233E+01,3.04233E+01,2.64846E+00,3.04233E+01,1.45333E+01,3.04233E+01,3.04233E+01,3.04233E+01,3.04233E+01,3.04233E+01,3.04233E+01,3.04233E+01,3.04233E+01,1.45333E+01,3.04233E+01,1.45333E+01,3.04233E+01,3.04233E+01,3.04233E+01,3.04233E+01,3.04233E+01,3.04233E+01,3.04233E+01,2.66271E+00,3.04233E+01 
#t = 8.400E+02
1.45333E+01,3.04233E+01,3.04233E+01,7.39802E+00,3.04233E+01,3.04233E+01,3.04233E+01,3.04233E+01,3.04233E+01,3.04233E+01,3.04233E+01,1.06611E+01,3.04233E+01,3.04233E+01,3.04233E+01,1.45333E+01,3.04233E+01,3.04233E+01,3.04233E+01,3.04233E+01,1.06611E+01,3.04233E+01,1.49906E+01,3.04233E+01,3.04233E+01,1.20317E+01,3.04233E+01,3.04233E+01,3.04233E+01,3.04233E+01,3.04233E+01 
#t = 8.820E+02
1.45333E+01,1.49906E+01,1.49906E+01,3.04233E+01,3.04233E+01,3.82923E+01,3.04233E+01,1.45333E+01,2.67553E+00,3.82923E+01,3.04233E+01,1.45333E+01,3.82923E+01,3.04233E+01,3.82923E+01,3.04233E+01,1.49906E+01,3.04233E+01,1.49906E+01,1.45333E+01,1.84265E+00,3.82923E+01,3.04233E+01,1.49906E+01 
#t = 9.240E+02
3.04233E+01,3.04233E+01,3.04233E+01,3.04233E+01,3.04233E+01,3.04233E+01,3.04233E+01,3.04233E+01,3.04233E+01,3.04233E+01,3.04233E+01,3.04233E+01,3.04233E+01,3.04233E+01,3.04233E+01,3.04233E+01,1.72426E+01,3.04233E+01,2.02489E+00,3.04233E+01,3.04233E+01,3.04233E+01,3.04233E+01,4.48649E+00,3.04233E+01,3.31048E+00 
#t = 9.660E+02
3.04233E+01,3.04233E+01,3.04233E+01,3.04233E+01,3.04233E+01,3.04233E+01,3.04233E+01,3.04233E+01,3.04233E+01,3.04233E+01,3.04233E+01,3.04233E+01,3.04233E+01,3.04233E+01,3.04233E+01,3.04233E+01,3.04233E+01,3.04233E+01,3.04233E+01,3.04233E+01,3.04233E+01,3.04233E+01,3.04233E+01,3.04233E+01,3.04233E+01,3.04233E+01,3.04233E+01,3.04233E+01,3.04233E+01 
#t = 1.008E+03
3.04233E+01,3.04233E+01,3.04233E+01,3.04233E+01,3.04233E+01,3.04233E+01,3.04233E+01,2.49625E+01,3.04233E+01,3.04233E+01,3.04233E+01,3.04233E+01,3.04233E+01,3.04233E+01,7.84454E+00,3.04233E+01,3.04233E+01,3.04233E+01,3.04233E+01,3.04233E+01,3.04233E+01,3.04233E+01,3.04233E+01,3.04233E+01,3.04233E+01,3.04233E+01,3.04233E+01,7.72737E+00,1.49337E+00,3.04233E+01,3.04233E+01,3.04233E+01,3.04233E+01,3.04233E+01,5.40166E-01,3.04233E+01 
#t = 1.050E+03
3.04233E+01,3.04233E+01,3.04233E+01,3.04233E+01,3.04233E+01,3.04233E+01,3.04233E+01,3.04233E+01,3.04233E+01,8.84817E+00,3.04233E+01,3.04233E+01,3.04233E+01,1.12627E+01,3.04233E+01,3.04233E+01,3.04233E+01,3.04233E+01,3.04233E+01,3.04233E+01,3.04233E+01,3.04233E+01,3.04233E+01,3.04233E+01,3.04233E+01,3.04233E+01,3.04233E+01,5.29666E+00,3.04233E+01 
#t = 1.092E+03
3.04233E+01,1.12627E+01,3.04233E+01,3.04233E+01,3.04233E+01,3.04233E+01,3.04233E+01,7.52948E+00,3.04233E+01,3.04233E+01,3.04233E+01,3.04233E+01,3.04233E+01,3.04233E+01,3.04233E+01,3.04233E+01,3.04233E+01,3.04233E+01,3.04233E+01,3.04233E+01,3.04233E+01,3.04233E+01,8.14835E-01,3.04233E+01,3.04233E+01,3.04233E+01 
#t = 1.134E+03
3.04233E+01,3.04233E+01,3.04233E+01,3.04233E+01,3.04233E+01,3.04233E+01,3.04233E+01,3.04233E+01,3.04233E+01,3.04233E+01,3.04233E+01,3.04233E+01,3.04233E+01,3.04233E+01,3.04233E+01,8.73864E+00,3.04233E+01,3.04233E+01,3.04233E+01,3.04233E+01,3.04233E+01,3.04233E+01,3.04233E+01,9.78078E+00,3.04233E+01,3.04233E+01,2.57308E+00,3.04233E+01,3.04233E+01,3.04233E+01,3.04233E+01,3.04233E+01,3.04233E+01,3.04233E+01 
#t = 1.176E+03
3.04233E+01,3.04233E+01,3.04233E+01,3.04233E+01,3.04233E+01,2.97205E+00,3.04233E+01,3.04233E+01,3.04233E+01,3.04233E+01,3.04233E+01,3.04233E+01,3.04233E+01,3.04233E+01,3.04233E+01,3.04233E+01,3.04233E+01,3.04233E+01,3.04233E+01,3.04233E+01,3.04233E+01,3.04233E+01,3.04233E+01,5.99255E-01,3.04233E+01,3.04233E+01,3.04233E+01,1.50792E+01 
#t = 1.218E+03
3.04233E+01,3.04233E+01,3.04233E+01,3.04233E+01,1.04670E+01,3.04233E+01,3.04233E+01,3.04233E+01,3.04233E+01,3.04233E+01,3.04233E+01,3.04233E+01,3.04233E+01,3.04233E+01,3.04233E+01,3.04233E+01,3.04233E+01,3.04233E+01,3.04233E+01,3.04233E+01,1.75446E+01,3.04233E+01,3.04233E+01,3.04233E+01,3.04233E+01,3.04233E+01,3.04233E+01,3.04233E+01,1.93560E+00,3.04233E+01,3.04233E+01 
#t = 1.260E+03
3.04233E+01,3.04233E+01,3.04233E+01,3.04233E+01,3.04233E+01,3.04233E+01,3.04233E+01,1.55837E+01,3.04233E+01,3.04233E+01,3.04233E+01,1.63440E+01,3.04233E+01,3.04233E+01,3.04233E+01,3.04233E+01,3.04233E+01,3.04233E+01,3.04233E+01,3.04233E+01,3.04233E+01,3.04233E+01,3.04233E+01,3.04233E+01,3.04233E+01,3.04233E+01,3.04233E+01,3.04233E+01,1.55837E+01,3.04233E+01 
#t = 1.302E+03
3.04233E+01,3.04233E+01,3.04233E+01,3.04233E+01,3.35479E+01,3.04233E+01,1.02830E+01,3.35479E+01,3.04233E+01,3.04233E+01,3.04233E+01,3.04233E+01,3.04233E+01,3.04233E+01,3.04233E+01,3.04233E+01,3.04233E+01,3.04233E+01,3.35479E+01,3.04233E+01,3.35479E+01,3.04233E+01,3.04233E+01,3.04233E+01,3.04233E+01,1.23003E+01,3.07999E+01,3.35479E+01,3.04233E+01,3.04233E+01,3.04233E+01,3.04233E+01,3.35479E+01,3.35479E+01,3.35479E+01,3.04233E+01,3.04233E+01,3.04233E+01,3.04233E+01,3.04233E+01,3.04233E+01,3.04233E+01,4.32664E-01 
#t = 1.344E+03
3.04233E+01,3.07999E+01,3.35479E+01,3.04233E+01,3.04233E+01,3.35479E+01,3.04233E+01,3.04233E+01,3.04233E+01,3.35479E+01,3.35479E+01,3.35479E+01,3.04233E+01,3.04233E+01,3.04233E+01,3.04233E+01,3.04233E+01,5.63265E+00,3.35479E+01,3.04233E+01,3.35479E+01,3.35479E+01,3.07999E+01,3.35479E+01,3.04233E+01,3.35479E+01,3.07999E+01,3.04233E+01,3.04233E+01,3.04233E+01,3.07999E+01 
#t = 1.386E+03
3.04233E+01,3.04233E+01,3.35479E+01,3.07999E+01,3.35479E+01,3.04233E+01,3.04233E+01,3.04233E+01,3.04233E+01,3.04233E+01,3.04233E+01,3.35479E+01,3.04233E+01,3.04233E+01,3.04233E+01,3.04233E+01,3.04233E+01,3.04233E+01,3.04233E+01,3.04233E+01,3.04233E+01,3.04233E+01,3.04233E+01,3.04233E+01,3.04233E+01,3.04233E+01,3.04233E+01,3.35479E+01,3.04233E+01,3.04233E+01,3.04233E+01,3.07999E+01,3.04233E+01,3.04233E+01,3.35479E+01,3.04233E+01 
#t = 1.428E+03
3.04233E+01,3.04233E+01,3.04233E+01,3.04233E+01,3.04233E+01,3.04233E+01,3.04233E+01,3.04233E+01,3.35479E+01,3.04233E+01,3.35479E+01,3.04233E+01,3.04233E+01,3.04233E+01,3.04233E+01,3.04233E+01,3.04233E+01,3.04233E+01,3.04233E+01,3.04233E+01,3.04233E+01,3.04233E+01,3.04233E+01,3.35479E+01,3.04233E+01,1.16556E+00,1.29606E+00,1.47441E+00,3.04233E+01,3.04233E+01,8.04724E-01,3.04233E+01 
#t = 1.470E+03
3.04233E+01,3.04233E+01,3.04233E+01,3.04233E+01,3.04233E+01,3.04233E+01,3.04233E+01,3.04233E+01,3.04233E+01,3.04233E+01,3.04233E+01,3.04233E+01,3.04233E+01,3.35479E+01,3.04233E+01,3.04233E+01,3.04233E+01,3.04233E+01,3.04233E+01,3.04233E+01,3.04233E+01,3.04233E+01,3.04233E+01,3.04233E+01,3.04233E+01,3.04233E+01,8.31348E+00,3.04233E+01,3.04233E+01 
#t = 1.512E+03
3.04233E+01,3.04233E+01,3.04233E+01,3.04233E+01,3.04233E+01,1.32367E+01,3.04233E+01,3.04233E+01,3.04233E+01,2.44989E+01,8.21383E+00,3.04233E+01,8.63234E+00,3.04233E+01,3.04233E+01,3.55588E-01,3.04233E+01,3.04233E+01,1.32367E+01,3.04233E+01,3.04233E+01,2.44989E+01 
#t = 1.554E+03
3.04233E+01,3.04233E+01,3.04233E+01,3.04233E+01,3.04233E+01,3.04233E+01,3.04233E+01,3.04233E+01,3.04233E+01,3.04233E+01,3.04233E+01,3.04233E+01,3.04233E+01,3.04233E+01,3.04233E+01,3.04233E+01,3.84382E+00,3.04233E+01,3.04233E+01,3.04233E+01,1.94520E+01,3.04233E+01,1.57820E+01,3.04233E+01,8.70628E+00 
#t = 1.596E+03
3.04233E+01,3.04233E+01,3.04233E+01,3.04233E+01,3.04233E+01,3.04233E+01,3.04233E+01,3.04233E+01,3.04233E+01,3.04233E+01,3.04233E+01,3.04233E+01,3.04233E+01,3.04233E+01,3.04233E+01,3.04233E+01,1.57820E+01,3.04233E+01,3.04233E+01,3.04233E+01,3.04233E+01,3.04233E+01,4.27668E+00,3.04233E+01,3.04233E+01,8.07432E-01 
#t = 1.638E+03
3.04233E+01,3.04233E+01,3.04233E+01,3.04233E+01,3.04233E+01,3.04233E+01,3.04233E+01,3.04233E+01,3.04233E+01,3.04233E+01,3.04233E+01,3.04233E+01,3.04233E+01,3.04233E+01,3.04233E+01,3.04233E+01,3.04233E+01,3.51204E+00,3.04233E+01,3.04233E+01,3.04233E+01,3.04233E+01,3.04233E+01,3.04233E+01,3.04233E+01,8.38892E-01,3.04233E+01,3.04233E+01,3.04233E+01,3.04233E+01,3.04233E+01,1.87902E+00,3.04233E+01,6.85604E+00,3.04233E+01,3.04233E+01,3.79441E+00 
#t = 1.680E+03
3.04233E+01,3.04233E+01,3.04233E+01,3.04233E+01,3.04233E+01,3.04233E+01,3.04233E+01,3.04233E+01,3.04233E+01,3.04233E+01,3.04233E+01,3.04233E+01,3.04233E+01,3.04233E+01,3.04233E+01,2.04731E+01,3.04233E+01,3.04233E+01,1.68228E+00,3.04233E+01,3.04233E+01,3.04233E+01,3.04233E+01,3.04233E+01,3.04233E+01,2.65541E+00,2.42829E+00,3.04233E+01,3.04233E+01,2.13806E+00,3.04233E+01,3.04233E+01,8.79058E+00,3.04233E+01 
#t = 1.722E+03
3.04233E+01,3.04233E+01,3.04233E+01,3.04233E+01,3.04233E+01,3.04233E+01,2.04731E+01,3.04233E+01,3.04233E+01,1.23388E+01,3.04233E+01,3.04233E+01,3.04233E+01,3.04233E+01,3.04233E+01,3.04233E+01,2.04731E+01,3.04233E+01,3.02206E+00,3.04233E+01,2.09219E+00,1.60121E+00 
#t = 1.764E+03
3.04233E+01,3.04233E+01,3.04233E+01,3.04233E+01,3.04233E+01,3.04233E+01,3.04233E+01,3.04233E+01,3.04233E+01,7.79981E+00,3.04233E+01,3.04233E+01,3.04233E+01,3.04233E+01,3.04233E+01,1.25268E+01,3.04233E+01,3.04233E+01,1.25268E+01,3.04233E+01,3.04233E+01,3.04233E+01,3.17733E+00,3.04233E+01,3.04233E+01,3.04233E+01,3.04233E+01,3.04233E+01,3.04233E+01 
#t = 1.806E+03
3.04233E+01,3.04233E+01,3.04233E+01,3.04233E+01,1.26992E+01,3.04233E+01,3.04233E+01,3.04233E+01,3.04233E+01,3.04233E+01,1.25268E+01,1.26992E+01,1.25268E+01,3.04233E+01,3.04233E+01,3.04233E+01,3.04233E+01,3.41480E+00,1.25268E+01,3.04233E+01,3.04233E+01,3.04233E+01,1.26992E+01,1.25268E+01,3.04233E+01,1.26992E+01,1.26992E+01,3.04233E+01,6.43467E+00,3.04233E+01,3.04233E+01,3.04233E+01,3.04233E+01,1.74956E+00,3.04233E+01 
#t = 1.848E+03
1.26992E+01,3.04233E+01,3.04233E+01,3.04233E+01,3.04233E+01,3.04233E+01,3.04233E+01,3.04233E+01,3.04233E+01,3.04233E+01,3.04233E+01,3.04233E+01,3.04233E+01,3.04233E+01,3.04233E+01,1.36031E+01,1.05269E+01,3.04233E+01,3.04233E+01,3.04233E+01,3.04233E+01,1.26992E+01,3.04233E+01,3.04233E+01,3.04233E+01,3.04233E+01,3.04233E+01,3.04233E+01,1.05269E+01,3.04233E+01,3.04233E+01,3.04233E+01,3.04233E+01,3.04233E+01,3.04233E+01,3.04233E+01,3.04233E+01,3.04233E+01,3.04233E+01,4.49297E+00,3.04233E+01,3.04233E+01,3.04233E+01,3.04233E+01 
#t = 1.890E+03
3.04233E+01,3.04233E+01,3.04233E+01,1.26992E+01,3.04233E+01,1.26992E+01,1.26992E+01,3.04233E+01,1.26992E+01,4.75076E+00,3.04233E+01,3.04233E+01,3.04233E+01,3.04233E+01,3.04233E+01,3.04233E+01,3.04233E+01,3.04233E+01,3.04233E+01,3.04233E+01,3.04233E+01,3.04233E+01,3.04233E+01,3.04233E+01,3.04233E+01,3.04233E+01,1.26992E+01,3.04233E+01,6.32867E+00,3.04233E+01,3.04233E+01,3.04233E+01,5.48496E-01,3.04233E+01,3.04233E+01,2.05752E+01,1.26992E+01,3.04233E+01,3.04233E+01,8.31362E-01,3.04233E+01,1.39773E+00 
#t = 1.932E+03
3.04233E+01,3.04233E+01,3.04233E+01,3.04233E+01,3.04233E+01,1.26992E+01,3.04233E+01,1.26992E+01,2.05752E+01,3.04233E+01,3.04233E+01,3.04233E+01,3.04233E+01,3.04233E+01,3.04233E+01,3.04233E+01,3.04233E+01,3.04233E+01,3.04233E+01,3.04233E+01,3.04233E+01,3.04233E+01,3.04233E+01,3.04233E+01,3.04233E+01,3.04233E+01,1.26992E+01,8.49714E+00,2.51464E+00,1.66988E+00,3.04233E+01,3.04233E+01,3.04233E+01,3.04233E+01,3.04233E+01,3.04233E+01,3.04233E+01,7.09975E+00 
#t = 1.974E+03
3.04233E+01,2.05752E+01,3.04233E+01,3.04233E+01,3.04233E+01,3.04233E+01,3.04233E+01,3.04233E+01,1.26992E+01,3.04233E+01,3.04233E+01,3.04233E+01,3.04233E+01,3.04233E+01,3.04233E+01,3.04233E+01,3.04233E+01,6.47272E+00,3.04233E+01,3.04233E+01,3.04233E+01,3.04233E+01,3.04233E+01,1.23384E+00,3.04233E+01,3.04233E+01,3.04233E+01,1.26992E+01,3.04233E+01,3.04233E+01,3.04233E+01,3.04233E+01,3.04233E+01,3.04233E+01 
#t = 2.016E+03
3.04233E+01,3.04233E+01,1.26992E+01,3.04233E+01,3.04233E+01,3.04233E+01,3.04233E+01,3.04233E+01,3.04233E+01,3.04233E+01,3.04233E+01,3.04233E+01,3.04233E+01,3.04233E+01,1.10618E+01,3.04233E+01,3.04233E+01,3.04233E+01,2.46201E+00,4.53038E+00,1.13540E+00,3.04233E+01,3.04233E+01 
#t = 2.058E+03
3.04233E+01,3.04233E+01,3.04233E+01,3.04233E+01,3.04233E+01,3.04233E+01,3.04233E+01,3.04233E+01,3.04233E+01,3.04233E+01,3.04233E+01,3.04233E+01,3.04233E+01,3.04233E+01,3.04233E+01,3.04233E+01,1.25406E+01,3.04233E+01,3.04233E+01,3.04233E+01,3.04233E+01,3.04233E+01,3.04233E+01,3.04233E+01,1.25406E+01,3.04233E+01,3.04233E+01,3.04233E+01,4.99604E-01,8.40496E-01 
#t = 2.100E+03
3.04233E+01,1.25406E+01,3.04233E+01,3.04233E+01,3.04233E+01,3.04233E+01,3.04233E+01,3.04233E+01,3.04233E+01,3.04233E+01,3.04233E+01,3.04233E+01,3.04233E+01,3.04233E+01,3.04233E+01,3.04233E+01,3.04233E+01,3.04233E+01,3.04233E+01,3.04233E+01,3.04233E+01,3.04233E+01,3.04233E+01 
#t = 2.142E+03
3.04233E+01,3.04233E+01,3.04233E+01,3.04233E+01,3.04233E+01,3.04233E+01,3.04233E+01,3.04233E+01,3.04233E+01,3.04233E+01,3.04233E+01,3.04233E+01,3.04233E+01,3.04233E+01,3.04233E+01,3.04233E+01,3.04233E+01,3.04233E+01,3.04233E+01,3.04233E+01,3.04233E+01,7.64837E+00,3.04233E+01,3.04233E+01,3.04233E+01,2.54875E+00,3.04233E+01,7.28305E+00 
#t = 2.184E+03
3.04233E+01,3.04233E+01,3.04233E+01,3.04233E+01,3.04233E+01,3.04233E+01,3.04233E+01,3.04233E+01,3.04233E+01,3.04233E+01,3.04233E+01,3.04233E+01,3.04233E+01,2.61697E+01,3.04233E+01,3.04233E+01,3.04233E+01,3.04233E+01,3.04233E+01,3.04233E+01,8.71338E+00,3.04233E+01,3.04233E+01,3.04233E+01,3.04233E+01,3.04233E+01,3.04233E+01,3.04233E+01,3.04233E+01,3.04233E+01,3.04233E+01,3.04233E+01,2.61697E+01,3.04233E+01,3.04233E+01,3.04233E+01,3.04233E+01,2.61697E+01 
#t = 2.226E+03
3.04233E+01,3.04233E+01,3.04233E+01,3.04233E+01,3.04233E+01,3.04233E+01,3.04233E+01,3.04233E+01,3.04233E+01,3.04233E+01,3.04233E+01,3.04233E+01,3.04233E+01,3.04233E+01,3.04233E+01,3.04233E+01,3.04233E+01,3.04233E+01,3.04233E+01,3.04233E+01,3.04233E+01,3.04233E+01,3.04233E+01,3.04233E+01,3.04233E+01,3.04233E+01,3.04233E+01,3.04233E+01,3.04233E+01,3.04233E+01,3.04233E+01,2.02543E+00,3.04233E+01,3.04233E+01,3.04233E+01 
#t = 2.268E+03
3.04233E+01,3.04233E+01,3.04233E+01,3.04233E+01,3.04233E+01,3.04233E+01,3.04233E+01,3.04233E+01,3.04233E+01,3.04233E+01,3.04233E+01,3.04233E+01,3.04233E+01,3.04233E+01,1.92133E+01,3.04233E+01,3.04233E+01,3.04233E+01,3.04233E+01,3.04233E+01,3.04233E+01,3.04233E+01,1.76232E+00,3.04233E+01,3.04233E+01,3.04233E+01,3.04233E+01,3.04233E+01,3.04233E+01,3.04233E+01,3.04233E+01,3.04233E+01,3.04233E+01,3.04233E+01,3.04233E+01 
#t = 2.310E+03
3.04233E+01,3.04233E+01,3.04233E+01,3.04233E+01,3.04233E+01,3.04233E+01,3.04233E+01,3.04233E+01,3.04233E+01,3.04233E+01,3.04233E+01,3.04233E+01,3.04233E+01,3.04233E+01,3.04233E+01,3.04233E+01,3.04233E+01,3.04233E+01,3.04233E+01,3.04233E+01,3.04233E+01,3.04233E+01,3.04233E+01,3.04233E+01,3.04233E+01,3.04233E+01,3.04233E+01,3.04233E+01,3.04233E+01,3.04233E+01,9.89354E+00,3.04233E+01,3.04233E+01 
#t = 2.352E+03
3.04233E+01,3.04233E+01,3.04233E+01,3.04233E+01,3.04233E+01,3.04233E+01,3.04233E+01,3.04233E+01,3.04233E+01,3.04233E+01,3.04233E+01,3.04233E+01,3.04233E+01,1.63394E+01,1.63394E+01,3.04233E+01,3.04233E+01,3.04233E+01,3.04233E+01,3.04233E+01,9.97350E+00,1.15393E+01,3.04233E+01,3.04233E+01,3.04233E+01,3.04233E+01,3.04233E+01,3.04233E+01,3.04233E+01,3.04233E+01,8.81900E-01,3.04233E+01,7.05620E-01,3.04233E+01,2.37958E+00,3.04233E+01,7.67597E+00,2.18199E+00,1.86212E+00 
#t = 2.394E+03
3.04233E+01,3.04233E+01,1.63394E+01,3.04233E+01,3.04233E+01,3.04233E+01,3.04233E+01,3.04233E+01,3.04233E+01,3.04233E+01,3.04233E+01,3.04233E+01,3.04233E+01,3.04233E+01,3.04233E+01,3.04233E+01,3.04233E+01,3.04233E+01,3.04233E+01,5.25331E+00,3.04233E+01,1.63394E+01,3.42569E-01,1.63394E+01,3.04233E+01,6.86805E+00,3.04233E+01,3.04233E+01,3.04233E+01,3.04233E+01,1.63394E+01,1.63394E+01,1.93414E+00,1.42070E+00 
#t = 2.436E+03
3.04233E+01,3.04233E+01,3.04233E+01,3.04233E+01,3.04233E+01,3.04233E+01,3.04233E+01,3.04233E+01,3.04233E+01,3.04233E+01,3.04233E+01,3.04233E+01,3.04233E+01,3.04233E+01,3.04233E+01,3.04233E+01,3.04233E+01,3.04233E+01,3.04233E+01,3.04233E+01,3.04233E+01,3.04233E+01,3.04233E+01,3.04233E+01,1.63394E+01,3.04233E+01,3.04233E+01,3.04233E+01,3.04233E+01 
#t = 2.478E+03
3.04233E+01,3.04233E+01,3.04233E+01,3.04233E+01,3.04233E+01,3.04233E+01,3.04233E+01,3.04233E+01,3.04233E+01,3.04233E+01,3.04233E+01,3.04233E+01,3.04233E+01,3.04233E+01,3.04233E+01,3.04233E+01,3.04233E+01,3.04233E+01,6.08810E+00,3.04233E+01,3.04233E+01,9.07923E+00,3.04233E+01,3.04233E+01,3.04233E+01,3.04233E+01,3.04233E+01 
#t = 2.520E+03
3.04233E+01,3.04233E+01,3.04233E+01,3.04233E+01,3.04233E+01,3.04233E+01,3.04233E+01,3.04233E+01,3.04233E+01,1.09172E+01,3.04233E+01,3.04233E+01,3.04233E+01,3.04233E+01,1.63083E+01,3.04233E+01,3.04233E+01,3.04233E+01,3.04233E+01,4.00381E+00,3.04233E+01,6.24837E-01,3.04233E+01,3.04233E+01,3.04233E+01,3.04233E+01 
#t = 2.562E+03
3.04233E+01,1.04697E+01,3.04233E+01,3.04233E+01,3.04233E+01,3.04233E+01,3.04233E+01,3.04233E+01,3.04233E+01,3.04233E+01,3.04233E+01,6.60914E-01,3.04233E+01,3.04233E+01,3.04233E+01,3.04233E+01,3.04233E+01,3.04233E+01,3.04233E+01,3.04233E+01,8.74387E-01,3.04233E+01 
#t = 2.604E+03
3.04233E+01,3.04233E+01,3.04233E+01,3.04233E+01,3.04233E+01,3.04233E+01,3.04233E+01,3.04233E+01,3.04233E+01,3.04233E+01,3.04233E+01,3.04233E+01,5.80232E+00,3.04233E+01,1.17194E+01,3.04233E+01,3.04233E+01,3.04233E+01,3.04233E+01,3.04233E+01,3.04233E+01,3.04233E+01,3.04233E+01,3.04233E+01,3.04233E+01,9.94583E-01,3.04233E+01,1.17194E+01,3.04233E+01,3.04233E+01,3.04233E+01,3.04233E+01 
#t = 2.646E+03
3.04233E+01,3.04233E+01,1.17194E+01,3.04233E+01,3.04233E+01,3.04233E+01,3.04233E+01,3.04233E+01,3.04233E+01,3.04233E+01,3.04233E+01,6.48212E+00,3.04233E+01,3.04233E+01,3.04233E+01,3.04233E+01,3.04233E+01,3.04233E+01,3.04233E+01,3.04233E+01,3.04233E+01,3.04233E+01,3.04233E+01,3.04233E+01,3.04233E+01,3.04233E+01,3.04233E+01,3.04233E+01,3.04233E+01,1.51164E+00,3.04233E+01,3.04233E+01,3.04233E+01,1.17194E+01,5.67677E-01,3.04233E+01,3.04233E+01,1.61096E+00,3.04233E+01,3.04233E+01,3.04233E+01 
#t = 2.688E+03
3.04233E+01,3.04233E+01,3.04233E+01,3.04233E+01,3.04233E+01,3.04233E+01,3.04233E+01,3.04233E+01,3.04233E+01,3.04233E+01,3.04233E+01,3.04233E+01,3.04233E+01,3.04233E+01,3.04233E+01,3.04233E+01,3.04233E+01,3.04233E+01,3.04233E+01,3.04233E+01,3.04233E+01,3.04233E+01,3.04233E+01,3.04233E+01,3.04233E+01,3.04233E+01,3.04233E+01,3.04233E+01,3.04233E+01,3.04233E+01,3.04233E+01,3.04233E+01 
#t = 2.730E+03
3.04233E+01,3.04233E+01,3.04233E+01,3.04233E+01,3.04233E+01,3.04233E+01,3.04233E+01,7.04378E+00,3.04233E+01,3.04233E+01,3.04233E+01,3.04233E+01,3.04233E+01,3.04233E+01,8.60083E+00,3.04233E+01,3.04233E+01,3.04233E+01,3.04233E+01,3.04233E+01,3.04233E+01,3.04233E+01,3.04233E+01,6.97744E+00,1.05817E+01,3.04233E+01,3.04233E+01,3.04233E+01,3.87792E+00 
#t = 2.772E+03
3.04233E+01,3.04233E+01,1.05817E+01,3.04233E+01,3.04233E+01,3.04233E+01,3.04233E+01,3.04233E+01,3.04233E+01,3.04233E+01,3.04233E+01,3.04233E+01,3.04233E+01,3.04233E+01,3.04233E+01,3.04233E+01,3.04233E+01,3.04233E+01,3.04233E+01,3.04233E+01,2.18689E+01,3.04233E+01,3.04233E+01,3.04233E+01,3.04233E+01,3.04233E+01,3.04233E+01,3.04233E+01,3.04233E+01,3.04233E+01,3.04233E+01,2.17082E+00,3.04233E+01,1.50519E+01,6.99465E+00,8.02906E-01 
#t = 2.814E+03
3.04233E+01,3.04233E+01,3.04233E+01,3.04233E+01,3.04233E+01,3.04233E+01,3.04233E+01,3.04233E+01,3.04233E+01,3.04233E+01,3.04233E+01,3.04233E+01,3.04233E+01,3.04233E+01,3.04233E+01,3.04233E+01,3.04233E+01,3.04233E+01,3.04233E+01,3.04233E+01,3.04233E+01,3.04233E+01,3.04233E+01,7.69803E+00,3.04233E+01,3.04233E+01,3.04233E+01,3.04233E+01,4.15343E+00,9.21664E-01,8.71905E-01,3.04233E+01,3.04233E+01,3.04233E+01,1.04000E+01,3.04233E+01,3.04233E+01,3.04233E+01,4.25405E-01 
#t = 2.856E+03
3.04233E+01,3.04233E+01,3.04233E+01,3.04233E+01,3.04233E+01,3.04233E+01,3.04233E+01,3.04233E+01,3.04233E+01,3.04233E+01,3.04233E+01,3.04233E+01,3.04233E+01,3.04233E+01,3.04233E+01,3.04233E+01,3.04233E+01,9.11307E-01,3.04233E+01,3.04233E+01,3.04233E+01,3.04233E+01,3.04233E+01,3.04233E+01,3.04233E+01,3.04233E+01,3.04233E+01,3.04233E+01,3.04233E+01,3.73787E-01,3.04233E+01,5.75226E-01 
#t = 2.898E+03
3.04233E+01,3.04233E+01,3.04233E+01,3.04233E+01,3.04233E+01,3.04233E+01,3.04233E+01,3.04233E+01,3.04233E+01,3.04233E+01,3.04233E+01,3.04233E+01,3.04233E+01,3.04233E+01,3.04233E+01,3.04233E+01,3.04233E+01,2.72754E+01,3.04233E+01,3.04233E+01,3.04233E+01,3.04233E+01,3.04233E+01,3.04233E+01,3.04233E+01,3.45854E+00,5.11109E+00,3.04233E+01,3.04233E+01,3.04233E+01,3.04233E+01,1.74484E+00,3.04233E+01,9.57777E-01,3.04233E+01,1.08156E+00,3.04233E+01,3.04233E+01,3.04233E+01 
#t = 2.940E+03
3.04233E+01,3.04233E+01,3.04233E+01,3.04233E+01,3.04233E+01,3.04233E+01,3.04233E+01,3.04233E+01,3.04233E+01,3.04233E+01,3.04233E+01,3.04233E+01,3.04233E+01,3.04233E+01,3.04233E+01,4.78551E-01,3.04233E+01,3.04233E+01,3.04233E+01,3.04233E+01,3.04233E+01,3.04233E+01,3.04233E+01,3.04233E+01,4.73366E+00,3.04233E+01,3.04233E+01,3.04233E+01 
#t = 2.982E+03
3.04233E+01,3.04233E+01,3.04233E+01,3.04233E+01,3.04233E+01,3.04233E+01,3.04233E+01,3.04233E+01,3.04233E+01,3.04233E+01,1.32672E+01,3.04233E+01,3.04233E+01,3.04233E+01,3.04233E+01,6.36122E+00,3.04233E+01,3.04233E+01,3.04233E+01,3.04233E+01,3.04233E+01,3.04233E+01,3.04233E+01,3.04233E+01,3.04233E+01,3.04233E+01,3.04233E+01,3.04233E+01,3.04233E+01,9.10323E-01,3.04233E+01,3.04233E+01,3.04233E+01,7.37423E-01,3.04233E+01,3.04233E+01 
#t = 3.024E+03
3.04233E+01,3.04233E+01,1.32672E+01,3.04233E+01,3.04233E+01,3.04233E+01,3.04233E+01,3.04233E+01,3.04233E+01,1.84924E+01,3.04233E+01,3.04233E+01,3.04233E+01,3.04233E+01,3.04233E+01,3.04233E+01,3.04233E+01,3.04233E+01,3.04233E+01,3.04233E+01,3.04233E+01,1.15479E+01,3.04233E+01,1.78274E+00,3.04233E+01,3.04233E+01,3.04233E+01,3.04233E+01,3.04233E+01,3.04233E+01,3.04233E+01 
#t = 3.066E+03
3.04233E+01,3.04233E+01,3.04233E+01,3.04233E+01,3.04233E+01,3.04233E+01,3.04233E+01,3.04233E+01,3.04233E+01,3.04233E+01,3.04233E+01,3.04233E+01,3.04233E+01,3.04233E+01,3.04233E+01,3.04233E+01,3.04233E+01,3.04233E+01,3.04233E+01,3.04233E+01,3.04233E+01,3.04233E+01,3.04233E+01,1.00924E+00,3.04233E+01,1.79681E+00,3.04233E+01 
#t = 3.108E+03
3.04233E+01,3.04233E+01,3.04233E+01,3.04233E+01,3.04233E+01,1.88011E+01,3.04233E+01,3.04233E+01,3.04233E+01,3.04233E+01,3.04233E+01,3.04233E+01,3.04233E+01,3.04233E+01,3.04233E+01,3.04233E+01,3.04233E+01,4.86030E+00,3.04233E+01,3.04233E+01,3.04233E+01,3.04233E+01,3.04233E+01,3.04233E+01,3.04233E+01,1.09812E+01,3.04233E+01 
#t = 3.150E+03
3.04233E+01,3.04233E+01,3.04233E+01,3.04233E+01,3.04233E+01,3.04233E+01,3.04233E+01,3.04233E+01,3.04233E+01,1.88011E+01,3.04233E+01,3.04233E+01,3.04233E+01,3.04233E+01,3.04233E+01,3.04233E+01,3.04233E+01,3.04233E+01,3.04233E+01,3.04233E+01,3.04233E+01,3.04233E+01,3.04233E+01,1.18478E+00,7.51536E-01,2.65934E+00 
#t = 3.192E+03
1.88011E+01,3.04233E+01,3.04233E+01,3.04233E+01,3.04233E+01,3.04233E+01,2.00810E+01,1.88011E+01,3.04233E+01,1.88011E+01,3.04233E+01,3.04233E+01,2.00810E+01,3.04233E+01,3.04233E+01,3.04233E+01,3.04233E+01,2.00810E+01,3.04233E+01,3.04233E+01,3.04233E+01,3.04233E+01,3.04233E+01,3.04233E+01,3.04233E+01,3.04233E+01,3.04233E+01,3.04233E+01,3.04233E+01,3.04233E+01,3.04233E+01 
#t = 3.234E+03
3.04233E+01,3.04233E+01,3.04233E+01,3.04233E+01,1.88011E+01,3.04233E+01,3.04233E+01,3.04233E+01,1.88011E+01,3.04233E+01,3.04233E+01,3.04233E+01,3.04233E+01,1.88011E+01,3.04233E+01,3.04233E+01,2.94774E+01,3.04233E+01,3.04233E+01,3.04233E+01,3.04233E+01,3.04233E+01,3.04233E+01,1.88011E+01,3.04233E+01,1.66577E+00,3.04233E+01,1.59364E+00 
#t = 3.276E+03
3.04233E+01,3.04233E+01,3.04233E+01,1.15290E+01,3.04233E+01,3.04233E+01,3.04233E+01,3.04233E+01,3.04233E+01,3.04233E+01,3.04233E+01,3.04233E+01,3.04233E+01,7.55386E+00,3.04233E+01,3.04233E+01,3.04233E+01,3.04233E+01,3.04233E+01,3.04233E+01,3.04233E+01,3.04233E+01,3.04233E+01,2.03279E-01,3.04233E+01,3.04233E+01 
#t = 3.318E+03
3.04233E+01,3.04233E+01,3.04233E+01,3.04233E+01,3.04233E+01,3.04233E+01,3.04233E+01,3.04233E+01,2.94526E+01,3.04233E+01,2.08528E+00,3.04233E+01,3.04233E+01,1.50660E+01,1.50660E+01,1.94534E+00,3.04233E+01,3.04233E+01,3.04233E+01,3.04233E+01,3.04233E+01,4.54062E+00 
#t = 3.360E+03
3.04233E+01,1.50660E+01,3.04233E+01,3.04233E+01,1.50660E+01,3.04233E+01,3.04233E+01,3.04233E+01,3.04233E+01,3.04233E+01,3.04233E+01,3.04233E+01,3.04233E+01,3.04233E+01,1.07691E+01,3.04233E+01,3.04233E+01,3.04233E+01,3.04233E+01,5.40416E+00,2.07114E+00,3.04233E+01 
#t = 3.402E+03
3.04233E+01,3.04233E+01,3.04233E+01,3.04233E+01,3.04233E+01,3.04233E+01,3.04233E+01,3.04233E+01,3.04233E+01,3.04233E+01,3.04233E+01,3.04233E+01,3.04233E+01,9.86153E+00,3.04233E+01,3.04233E+01,3.04233E+01,3.04233E+01,3.04233E+01,3.04233E+01,3.04233E+01,3.04233E+01,3.04233E+01,3.04233E+01,3.04233E+01,3.04233E+01,3.04233E+01,3.04233E+01,3.04233E+01,3.04233E+01,3.04233E+01,9.96316E-01,3.04233E+01,5.95778E-01,3.04233E+01 
#t = 3.444E+03
3.04233E+01,3.04233E+01,3.04233E+01,3.04233E+01,3.04233E+01,3.04233E+01,3.04233E+01,3.04233E+01,3.04233E+01,3.04233E+01,3.04233E+01,3.04233E+01,3.04233E+01,3.04233E+01,3.04233E+01,3.04233E+01,3.04233E+01,3.04233E+01,3.04233E+01,3.04233E+01,3.04233E+01,3.04233E+01,3.04233E+01,3.04233E+01,3.04233E+01,3.04233E+01,3.04233E+01,3.04233E+01 
#t = 3.486E+03
3.04233E+01,3.04233E+01,3.04233E+01,3.04233E+01,3.04233E+01,3.04233E+01,8.96206E+00,3.04233E+01,3.04233E+01,3.04233E+01,3.04233E+01,3.04233E+01,3.04233E+01,3.04233E+01,3.04233E+01,3.04233E+01,3.04233E+01,3.04233E+01,3.04233E+01,3.04233E+01,3.04233E+01,7.31649E+00,3.04233E+01,3.04233E+01,3.04233E+01,3.04233E+01,2.19817E+00,1.84059E+00,3.04233E+01,3.04233E+01,7.57546E-01,3.04233E+01,3.04233E+01,4.24478E-01,3.04233E+01 
#t = 3.528E+03
3.04233E+01,3.04233E+01,3.04233E+01,3.04233E+01,3.04233E+01,3.04233E+01,3.04233E+01,3.04233E+01,3.04233E+01,3.04233E+01,3.04233E+01,6.67528E+00,3.04233E+01,1.77140E+01,3.04233E+01,3.04233E+01,3.04233E+01,3.04233E+01,4.63975E+00,3.04233E+01,3.04233E+01,3.04233E+01,3.04233E+01,1.77140E+01,3.04233E+01,3.04233E+01,3.04233E+01,3.04233E+01,3.04233E+01,5.08109E+00,1.77140E+01,1.77140E+01,3.04233E+01,3.04233E+01,1.77140E+01,3.04233E+01,2.69300E+00,3.04233E+01,3.04233E+01,3.04233E+01 
#t = 3.570E+03
3.04233E+01,3.04233E+01,1.77140E+01,3.04233E+01,3.04233E+01,3.04233E+01,3.04233E+01,3.04233E+01,3.04233E+01,3.04233E+01,3.04233E+01,3.04233E+01,1.22922E+01,3.04233E+01,3.04233E+01,3.04233E+01,3.04233E+01,3.04233E+01,3.04233E+01,3.04233E+01,3.04233E+01,3.04233E+01,3.04233E+01,3.04233E+01,3.04233E+01,3.04233E+01,7.74989E+00,3.04233E+01,3.04233E+01,3.04233E+01,1.77518E+01,1.17902E+00 
#t = 3.612E+03
3.04233E+01,3.04233E+01,3.04233E+01,3.04233E+01,3.04233E+01,3.04233E+01,3.04233E+01,3.04233E+01,3.04233E+01,3.04233E+01,1.22922E+01,3.04233E+01,3.93900E+00,3.04233E+01,3.04233E+01,3.04233E+01,3.04233E+01,7.81869E-01,3.04233E+01,3.04233E+01,3.37527E-01,3.04233E+01,3.04233E+01,3.04233E+01,3.04233E+01,8.40250E-01,3.04233E+01,3.04233E+01,3.04233E+01 
#t = 3.654E+03
3.04233E+01,3.04233E+01,3.04233E+01,3.04233E+01,3.04233E+01,3.04233E+01,3.04233E+01,3.04233E+01,3.04233E+01,3.04233E+01,3.04233E+01,3.04233E+01,3.04233E+01,3.04233E+01,3.04233E+01,3.04233E+01,3.04233E+01,3.04233E+01,3.04233E+01,3.74879E+00,3.04233E+01,3.04233E+01,3.04233E+01,3.04233E+01,3.04233E+01,3.04233E+01,1.07663E+00,3.04233E+01,3.04233E+01,4.90585E+00,2.11875E+00,3.04233E+01,4.05770E+00,3.04233E+01,1.42291E+00,3.04233E+01 
#t = 3.696E+03
3.04233E+01,3.04233E+01,3.04233E+01,3.04233E+01,3.04233E+01,3.04233E+01,3.04233E+01,3.04233E+01,3.04233E+01,3.04233E+01,3.04233E+01,3.04233E+01,3.04233E+01,3.04233E+01,3.04233E+01,1.47898E+01,3.04233E+01,9.97294E+00,3.04233E+01,3.04233E+01,3.04233E+01,3.04233E+01,3.04233E+01,3.04233E+01,3.04233E+01,3.04233E+01,2.30477E+01,3.04233E+01,3.04233E+01,3.18554E+00,3.04233E+01,3.04233E+01,7.93320E-01,5.21086E+00,3.04233E+01 
#t = 3.738E+03
3.04233E+01,3.04233E+01,3.04233E+01,3.04233E+01,3.04233E+01,3.04233E+01,3.04233E+01,3.04233E+01,3.04233E+01,3.04233E+01,3.04233E+01,3.04233E+01,3.04233E+01,3.04233E+01,3.04233E+01,3.04233E+01,3.04233E+01,3.04233E+01,3.04233E+01,3.04233E+01,3.04233E+01,3.04233E+01,3.04233E+01,3.04233E+01 
#t = 3.780E+03
3.04233E+01,3.04233E+01,3.04233E+01,3.04233E+01,3.04233E+01,3.04233E+01,3.04233E+01,3.04233E+01,3.04233E+01,3.04233E+01,3.04233E+01,3.04233E+01,3.04233E+01,3.04233E+01,3.21374E+01,3.04233E+01,3.04233E+01,2.43588E+00,3.04233E+01,3.04233E+01,3.04233E+01,3.04233E+01,3.04233E+01 
#t = 3.822E+03
3.04233E+01,3.04233E+01,3.04233E+01,3.04233E+01,3.04233E+01,3.04233E+01,3.04233E+01,3.04233E+01,3.04233E+01,3.04233E+01,3.04233E+01,3.04233E+01,3.04233E+01,3.04233E+01,3.04233E+01,3.04233E+01,1.10656E+01,3.04233E+01,3.04233E+01,3.04233E+01,3.04233E+01,3.04942E+00,3.04233E+01,3.04233E+01,3.04233E+01,3.04233E+01,3.04233E+01,3.04233E+01 
#t = 3.864E+03
3.04233E+01,3.04233E+01,3.04233E+01,3.04233E+01,3.04233E+01,3.04233E+01,3.04233E+01,3.04233E+01,3.04233E+01,3.04233E+01,3.04233E+01,3.04233E+01,3.04233E+01,3.04233E+01,3.04233E+01,3.04233E+01,3.04233E+01,3.04233E+01,3.04233E+01,5.29944E+00,3.04233E+01,3.04233E+01,3.04233E+01,1.51584E+00,3.04233E+01,3.04233E+01,6.11090E+00,3.04233E+01 
#t = 3.906E+03
1.75649E+01,3.04233E+01,3.04233E+01,3.04233E+01,3.04233E+01,3.04233E+01,3.04233E+01,3.04233E+01,3.04233E+01,3.04233E+01,3.04233E+01,3.04233E+01,3.04233E+01,1.75649E+01,3.04233E+01,3.04233E+01,3.04233E+01,3.04233E+01,5.46117E+00,3.04233E+01,3.04233E+01,3.04233E+01,3.04233E+01,1.75649E+01,3.04233E+01,3.04233E+01,1.05277E+01,3.04233E+01,3.04233E+01,3.04233E+01,3.04233E+01,3.04233E+01,3.04233E+01,3.04233E+01,3.04233E+01,3.04233E+01,3.04233E+01,1.75649E+01,3.04233E+01,2.59893E+00,2.43538E+00,3.04233E+01,1.75649E+01 
#t = 3.948E+03
3.04233E+01,3.04233E+01,3.04233E+01,3.04233E+01,3.04233E+01,3.04233E+01,3.04233E+01,3.04233E+01,3.04233E+01,3.04233E+01,1.75649E+01,3.04233E+01,3.04233E+01,3.04233E+01,3.04233E+01,3.04233E+01,3.04233E+01,3.04233E+01,1.47057E+01,3.04233E+01,3.04233E+01,1.75649E+01,3.04233E+01,3.04233E+01,3.04233E+01,3.04233E+01,3.04233E+01,3.04233E+01,3.67588E+00,3.04233E+01,3.04233E+01,1.29857E+00 
#t = 3.990E+03
3.04233E+01,3.04233E+01,3.04233E+01,3.04233E+01,3.04233E+01,3.04233E+01,3.04233E+01,3.04233E+01,3.04233E+01,3.04233E+01,1.21204E+01,3.04233E+01,3.04233E+01,3.04233E+01,3.04233E+01,3.04233E+01,3.04233E+01,3.04233E+01,3.04233E+01,3.04233E+01,3.04233E+01,9.30844E+00,1.21204E+01,3.04233E+01,1.21204E+01,3.04233E+01,3.04233E+01,6.32996E-01,3.04233E+01,1.21204E+01 
#t = 4.032E+03
3.04233E+01,3.04233E+01,1.21204E+01,1.21204E+01,3.04233E+01,1.21204E+01,3.04233E+01,3.04233E+01,3.04233E+01,3.04233E+01,3.04233E+01,3.04233E+01,1.21204E+01,3.04233E+01,3.04233E+01,1.21204E+01,1.21204E+01,7.14078E+00,3.04233E+01,3.04233E+01,3.04233E+01,3.04233E+01,1.21204E+01,3.04233E+01,3.04233E+01,1.21204E+01,3.04233E+01,3.04233E+01,3.04233E+01 
#t = 4.074E+03
3.04233E+01,3.04233E+01,3.04233E+01,3.04233E+01,3.04233E+01,3.04233E+01,3.04233E+01,3.04233E+01,3.04233E+01,3.04233E+01,3.04233E+01,3.04233E+01,3.04233E+01,3.04233E+01,3.04233E+01,3.04233E+01,3.04233E+01,4.65276E+00,3.04233E+01,3.04233E+01,3.04233E+01,3.04233E+01,3.04233E+01,1.86431E+01,3.04233E+01,3.04233E+01,3.04233E+01,3.04233E+01,3.04233E+01,7.96211E+00 
#t = 4.116E+03
1.86431E+01,3.04233E+01,3.04233E+01,3.04233E+01,3.04233E+01,3.04233E+01,1.64967E+01,3.04233E+01,3.04233E+01,3.04233E+01,3.04233E+01,3.04233E+01,3.04233E+01,3.04233E+01,3.04233E+01,6.82277E+00,3.04233E+01,3.04233E+01,3.04233E+01,9.91238E+00,3.04233E+01,3.04233E+01,3.04233E+01,3.04233E+01,1.08869E+00,1.86431E+01,3.04233E+01,3.04233E+01,3.04233E+01,3.04233E+01,1.86431E+01,1.60342E+00,6.24763E-01,3.04233E+01,3.04233E+01,1.24718E+00 
#t = 4.158E+03
3.04233E+01,3.04233E+01,3.04233E+01,1.86431E+01,3.04233E+01,3.04233E+01,3.04233E+01,3.04233E+01,3.04233E+01,3.04233E+01,3.04233E+01,1.86431E+01,3.04233E+01,3.04233E+01,3.04233E+01,3.04233E+01,3.04233E+01,3.04233E+01,3.04233E+01,1.86431E+01,3.04233E+01,3.04233E+01,3.04233E+01,3.04233E+01,3.04233E+01,3.04233E+01,3.04233E+01,7.63330E+00,3.04233E+01 
#t = 4.200E+03
3.04233E+01,3.04233E+01,3.04233E+01,1.86431E+01,3.04233E+01,3.04233E+01,3.04233E+01,1.86431E+01,3.04233E+01,3.04233E+01,3.04233E+01,3.04233E+01,3.04233E+01,3.04233E+01,3.04233E+01,3.04233E+01,1.86431E+01,3.04233E+01,3.04233E+01,3.04233E+01,3.04233E+01,1.86431E+01,3.04233E+01,3.04233E+01,3.04233E+01,3.04233E+01,1.86431E+01,1.70745E+01,1.70745E+01,3.04233E+01,3.04233E+01,8.34999E-01,3.04233E+01,1.70745E+01,3.04233E+01 
