#t = 0.000E+00
5.04236E-01,1.68138E+00,6.05127E-01,6.90877E-01,1.20597E+00 
#t = 4.200E+01
8.12111E+00 
#t = 8.400E+01
8.48591E+00,1.48964E+01,1.21925E+01,4.27989E+00,1.48964E+01,6.83420E-01,1.10633E+00 
#t = 1.260E+02
1.21925E+01,1.21925E+01,1.21925E+01,6.72581E+00,9.91430E-01,8.67693E+00 
#t = 1.680E+02
1.21925E+01,1.21925E+01,1.61925E+01,2.49621E+00,1.21925E+01 
#t = 2.100E+02
1.61925E+01,2.94757E+01,2.94757E+01,1.61925E+01,2.94757E+01,2.94757E+01,2.94757E+01,1.28628E+01,2.94757E+01,1.43178E+01,2.94757E+01,2.94757E+01,6.69769E-01 
#t = 2.520E+02
1.61925E+01,1.43178E+01,2.94757E+01,1.43178E+01,2.94757E+01,2.94757E+01,1.43178E+01,4.32928E+00,1.17167E+01,3.05775E+00,2.94757E+01,2.94757E+01 
#t = 2.940E+02
1.43178E+01,2.94757E+01,2.94757E+01,2.94757E+01,2.94757E+01,2.94757E+01,2.94757E+01,2.94757E+01,2.94757E+01,4.66809E+00,2.94757E+01,1.78500E+00,8.30402E+00,2.94757E+01,4.31169E+00,2.94757E+01,2.94757E+01,2.94757E+01,2.94757E+01,2.94757E+01 
#t = 3.360E+02
2.94757E+01,2.94757E+01,1.43178E+01,2.94757E+01,2.94757E+01,1.43178E+01,2.94757E+01,2.94757E+01,2.94757E+01,2.94757E+01,2.94757E+01,2.94757E+01,1.43178E+01,4.40764E+00,2.94757E+01,2.94757E+01,2.94757E+01,2.94757E+01,3.26289E-01,1.43178E+01,2.94757E+01,2.94757E+01,2.94757E+01,6.53773E+00,2.94757E+01,3.72791E+00,2.94757E+01,2.94757E+01,2.94757E+01,5.84802E+00,2.94757E+01 
#t = 3.780E+02
2.94757E+01,2.94757E+01,2.94757E+01,2.94757E+01,2.94757E+01,2.94757E+01,2.94757E+01,2.94757E+01,2.94757E+01,2.94757E+01,2.94757E+01,2.94757E+01,2.94757E+01,2.94757E+01,2.94757E+01,2.94757E+01,2.94757E+01,1.00631E+01,2.94757E+01,2.94757E+01,2.94757E+01,2.94757E+01,3.25184E+01,2.94757E+01 
#t = 4.200E+02
2.94757E+01,1.00631E+01,2.94757E+01,2.94757E+01,2.94757E+01,2.94757E+01,2.94757E+01,2.94757E+01,2.94757E+01,2.94757E+01,2.94757E+01,2.94757E+01,2.94757E+01,2.94757E+01,2.94757E+01,2.94757E+01,2.94757E+01,2.94757E+01,2.94757E+01,2.94757E+01,1.26606E+00,2.94757E+01,2.20123E+00 
#t = 4.620E+02
2.94757E+01,2.94757E+01,2.94757E+01,2.94757E+01,2.94757E+01,2.94757E+01,2.94757E+01,2.94757E+01,2.94757E+01,2.94757E+01,2.94757E+01,2.94757E+01,2.94757E+01,2.94757E+01,2.94757E+01,2.94757E+01,2.94757E+01,2.94757E+01,2.94757E+01,2.94757E+01,2.94757E+01,2.94757E+01,2.94757E+01,2.94757E+01,5.19926E+00,2.94757E+01,2.94757E+01,2.94757E+01,2.94757E+01,2.94757E+01,2.94757E+01,3.96787E+00,3.71420E+00 
#t = 5.040E+02
2.94757E+01,2.94757E+01,2.94757E+01,2.94757E+01,2.94757E+01,2.94757E+01,2.94757E+01,2.94757E+01,9.05608E+00,2.94757E+01,2.94757E+01,2.94757E+01,2.94757E+01,8.85957E+00,2.94757E+01,2.94757E+01,2.94757E+01,2.94757E+01,2.94757E+01,2.94757E+01,2.94757E+01,2.94757E+01,1.02789E+01,8.84044E+00,2.94757E+01,2.94757E+01,2.94757E+01,2.94757E+01,6.90669E+01 
#t = 5.460E+02
6.90669E+01,6.90669E+01,2.94757E+01,6.90669E+01,2.94757E+01,6.90669E+01,2.94757E+01,2.94757E+01,8.22651E+00,2.94757E+01,6.90669E+01,2.94757E+01,6.90669E+01,2.94757E+01,2.94757E+01,1.01002E+01,6.90669E+01,6.90669E+01,6.90669E+01,2.94757E+01,2.94757E+01,6.90669E+01,6.90669E+01,2.94757E+01,6.90669E+01,6.90669E+01,6.90669E+01,6.90669E+01,2.94757E+01,2.94757E+01,6.90669E+01,1.39020E+00,6.90669E+01,3.42975E+00,1.66738E-01,6.90669E+01,2.94757E+01,2.94757E+01 
#t = 5.880E+02
6.90669E+01,2.94757E+01,6.90669E+01,2.94757E+01,6.90669E+01,6.90669E+01,2.94757E+01,2.94757E+01,2.94757E+01,6.90669E+01,6.90669E+01,2.94757E+01,6.90669E+01,6.90669E+01,2.94757E+01,6.90669E+01,6.90669E+01,6.90669E+01,6.90669E+01,6.90669E+01,2.94757E+01,6.90669E+01,1.84302E+00,6.90669E+01,6.90669E+01,6.90669E+01,3.43156E+00,2.94757E+01,6.90669E+01,6.90669E+01,2.99735E+00,6.90669E+01,6.90669E+01 
#t = 6.300E+02
6.90669E+01,6.90669E+01,6.90669E+01,6.90669E+01,6.90669E+01,6.90669E+01,6.90669E+01,6.90669E+01,6.90669E+01,6.90669E+01,6.90669E+01,6.90669E+01,6.90669E+01,6.90669E+01,6.90669E+01,6.90669E+01,6.90669E+01,6.90669E+01,6.90669E+01,6.90669E+01,6.90669E+01,6.90669E+01,6.90669E+01,2.66535E+00,6.90669E+01,6.90669E+01,6.90669E+01,6.90669E+01,6.90669E+01,6.90669E+01,6.90669E+01,6.90669E+01,6.90669E+01,6.90669E+01,6.90669E+01,6.90669E+01,3.75257E-01,6.90669E+01,6.90669E+01,6.90669E+01,6.90669E+01,6.90669E+01,5.43041E-01,6.90669E+01 
#t = 6.720E+02
6.90669E+01,6.90669E+01,6.90669E+01,6.90669E+01,6.90669E+01,6.90669E+01,6.90669E+01,6.90669E+01,6.90669E+01,6.90669E+01,6.90669E+01,6.90669E+01,6.90669E+01,6.90669E+01,6.90669E+01,6.90669E+01,6.90669E+01,6.90669E+01,6.90669E+01,6.90669E+01,6.90669E+01,6.90669E+01,6.90669E+01,1.48753E+00,6.90669E+01,6.90669E+01,6.90669E+01,6.90669E+01,1.32371E+00,6.90669E+01,1.56152E+00,6.90669E+01,9.79311E-01,6.90669E+01,6.90669E+01,6.90669E+01,6.90669E+01 
#t = 7.140E+02
6.90669E+01,6.90669E+01,6.90669E+01,6.90669E+01,6.90669E+01,6.90669E+01,6.90669E+01,6.90669E+01,6.90669E+01,6.90669E+01,6.90669E+01,6.90669E+01,6.90669E+01,6.90669E+01,1.20962E+01,6.90669E+01,6.90669E+01,6.90669E+01,6.90669E+01,6.90669E+01,6.90669E+01,6.90669E+01,6.90669E+01,6.90669E+01,6.90669E+01,6.90669E+01,6.90669E+01,6.90669E+01,6.90669E+01,6.90669E+01,6.90669E+01,6.90669E+01,6.90669E+01,5.13312E+00,6.90669E+01,6.90669E+01,6.90669E+01,6.90669E+01,6.90669E+01,6.90669E+01,6.90669E+01,6.90669E+01,6.90669E+01,6.90669E+01,2.54761E+00 
#t = 7.560E+02
6.90669E+01,6.90669E+01,6.90669E+01,6.90669E+01,6.90669E+01,6.90669E+01,6.90669E+01,6.90669E+01,6.90669E+01,6.90669E+01,6.90669E+01,6.90669E+01,6.90669E+01,6.90669E+01,6.90669E+01,6.90669E+01,6.90669E+01,6.90669E+01,6.90669E+01,6.90669E+01,6.90669E+01,6.90669E+01,6.90669E+01,6.90669E+01,6.90669E+01,6.90669E+01,6.90669E+01,6.90669E+01,6.90669E+01,6.90669E+01,6.90669E+01 
#t = 7.980E+02
6.90669E+01,6.90669E+01,6.90669E+01,6.90669E+01,6.90669E+01,6.90669E+01,6.90669E+01,6.90669E+01,6.90669E+01,6.90669E+01,1.37563E+01,6.90669E+01,6.90669E+01,6.90669E+01,6.90669E+01,6.90669E+01,6.90669E+01,6.90669E+01,6.90669E+01,6.90669E+01,6.90669E+01,6.90669E+01,6.90669E+01,6.90669E+01,6.90669E+01,6.90669E+01,6.90669E+01,6.90669E+01,6.90669E+01,6.90669E+01,6.90669E+01,6.90669E+01,6.90669E+01,6.90669E+01,6.90669E+01,6.90669E+01,6.90669E+01,6.90669E+01,6.90669E+01,6.90669E+01,6.90669E+01,6.90669E+01,6.90669E+01,6.90669E+01,6.90669E+01,2.14259E+00,6.90669E+01,6.90669E+01,6.90669E+01,6.90669E+01,1.37563E+01,6.90669E+01,6.90669E+01,6.90669E+01,5.66841E+00,6.90669E+01,6.90669E+01,6.90669E+01,6.90669E+01,6.90669E+01,6.90669E+01,6.90669E+01,6.90669E+01,6.90669E+01,6.90669E+01,3.37059E+00,6.90669E+01,6.90669E+01,6.90669E+01,6.90669E+01,6.90669E+01,1.22931E+00 
#t = 8.400E+02
6.90669E+01,6.90669E+01,6.90669E+01,6.90669E+01,6.90669E+01,6.90669E+01,6.90669E+01,6.90669E+01,6.90669E+01,6.90669E+01,6.90669E+01,6.90669E+01,6.90669E+01,6.90669E+01,6.90669E+01,6.90669E+01,6.90669E+01,6.90669E+01,6.90669E+01,6.90669E+01,6.90669E+01,6.90669E+01,6.90669E+01,1.37563E+01,6.90669E+01,6.90669E+01,3.42373E+01,6.90669E+01,6.90669E+01,6.90669E+01,6.90669E+01,6.90669E+01,6.90669E+01,6.90669E+01,6.90669E+01,6.90669E+01,6.90669E+01,6.90669E+01,6.90669E+01,6.90669E+01,6.90669E+01,6.90669E+01,6.90687E-01,1.42482E+00,6.90669E+01,4.25810E+00,6.90669E+01 
#t = 8.820E+02
6.90669E+01,6.90669E+01,6.90669E+01,6.90669E+01,6.90669E+01,6.90669E+01,6.90669E+01,6.90669E+01,6.90669E+01,6.90669E+01,6.90669E+01,6.90669E+01,6.90669E+01,6.90669E+01,6.90669E+01,6.90669E+01,6.90669E+01,6.90669E+01,6.90669E+01,6.90669E+01,6.90669E+01,6.90669E+01,6.90669E+01,6.90669E+01,6.90669E+01,6.90669E+01,6.90669E+01,6.90669E+01,6.90669E+01,6.90669E+01,6.90669E+01,6.90669E+01,6.90669E+01,6.90669E+01,6.90669E+01,6.90669E+01,6.90669E+01,6.90669E+01,6.90669E+01,6.90669E+01,2.10324E+01,6.90669E+01,3.55129E-01,6.90669E+01 
#t = 9.240E+02
6.90669E+01,6.90669E+01,6.90669E+01,6.90669E+01,6.90669E+01,6.90669E+01,6.90669E+01,6.90669E+01,6.90669E+01,6.90669E+01,6.90669E+01,6.90669E+01,6.90669E+01,6.90669E+01,6.90669E+01,6.90669E+01,6.90669E+01,6.90669E+01,6.90669E+01,6.90669E+01,6.90669E+01,6.90669E+01,6.90669E+01,6.90669E+01,6.90669E+01,6.90669E+01,6.90669E+01,6.90669E+01,1.13934E+01,6.90669E+01,6.90669E+01,6.90669E+01,6.90669E+01,6.90669E+01,6.90669E+01,6.90669E+01,1.41709E+00,6.83197E+00,1.13934E+01,1.41792E+00,6.90669E+01,1.13934E+01,1.98569E+00,1.10368E+00,1.13934E+01,1.13934E+01,6.90669E+01 
#t = 9.660E+02
6.90669E+01,6.90669E+01,6.90669E+01,6.90669E+01,1.13934E+01,6.90669E+01,6.90669E+01,6.90669E+01,6.90669E+01,6.90669E+01,6.90669E+01,6.90669E+01,6.90669E+01,6.90669E+01,1.53340E+01,6.90669E+01,6.90669E+01,6.90669E+01,6.90669E+01,6.90669E+01,6.90669E+01,6.90669E+01,6.90669E+01,6.90669E+01,6.90669E+01,6.90669E+01,6.90669E+01,6.90669E+01,6.90669E+01,6.90669E+01,6.90669E+01,6.90669E+01,6.90669E+01,6.90669E+01,6.90669E+01,4.36701E+00,6.90669E+01,6.90669E+01,6.90669E+01,6.90669E+01,6.90669E+01,6.90669E+01,6.90669E+01,6.90669E+01,1.13934E+01,6.90669E+01,5.26762E-01 
#t = 1.008E+03
6.90669E+01,6.90669E+01,6.90669E+01,6.90669E+01,1.53340E+01,6.90669E+01,6.90669E+01,2.45776E+01,6.90669E+01,6.90669E+01,6.90669E+01,6.90669E+01,6.90669E+01,6.90669E+01,6.90669E+01,6.90669E+01,6.90669E+01,6.90669E+01,6.90669E+01,6.90669E+01,6.90669E+01,6.90669E+01,1.53340E+01,6.90669E+01,6.90669E+01,3.47457E-01,6.90669E+01,6.90669E+01,6.90669E+01,6.90669E+01,6.90669E+01,6.90669E+01,3.45711E-01,6.90669E+01,6.90669E+01,6.90669E+01,6.90669E+01 
#t = 1.050E+03
6.90669E+01,6.90669E+01,6.90669E+01,6.90669E+01,6.90669E+01,6.90669E+01,6.90669E+01,6.90669E+01,6.90669E+01,6.90669E+01,6.90669E+01,6.90669E+01,6.90669E+01,6.90669E+01,6.90669E+01,6.90669E+01,6.90669E+01,6.90669E+01,6.90669E+01,6.90669E+01,6.90669E+01,1.50706E+00,6.90669E+01,6.90669E+01,6.90669E+01,6.90669E+01,6.90669E+01,6.90669E+01,6.90669E+01,6.90669E+01,6.90669E+01,9.17104E-01,6.90669E+01,6.90669E+01,3.50670E+00,6.90669E+01,6.90669E+01,1.03347E+01,6.90669E+01,6.90669E+01,6.90669E+01,6.90669E+01,6.90669E+01,6.90669E+01,1.88728E+00,5.50731E+00,1.94373E+00,6.90669E+01 
#t = 1.092E+03
6.90669E+01,6.90669E+01,6.90669E+01,6.90669E+01,6.90669E+01,6.90669E+01,6.90669E+01,6.90669E+01,6.90669E+01,6.90669E+01,6.90669E+01,6.90669E+01,6.90669E+01,6.90669E+01,6.90669E+01,6.90669E+01,6.90669E+01,6.90669E+01,7.82748E+00,6.90669E+01,6.90669E+01,6.90669E+01,6.90669E+01,6.90669E+01,6.90669E+01,6.90669E+01,6.90669E+01,6.90669E+01,6.90669E+01,6.90669E+01,6.90669E+01,6.90669E+01,7.57056E+00,6.90669E+01,6.90669E+01,6.90669E+01,6.90669E+01,6.90669E+01,1.76453E+00,6.90669E+01,1.54093E+00 
#t = 1.134E+03
6.90669E+01,6.90669E+01,6.90669E+01,6.90669E+01,6.90669E+01,6.90669E+01,6.90669E+01,6.90669E+01,6.90669E+01,6.90669E+01,6.90669E+01,6.90669E+01,6.90669E+01,6.90669E+01,6.90669E+01,6.90669E+01,6.90669E+01,6.90669E+01,6.90669E+01,6.90669E+01,6.90669E+01,2.55448E+01,1.21053E+01,6.90669E+01,6.90669E+01,6.90669E+01,6.90669E+01,6.90669E+01,6.90669E+01,6.90669E+01,6.90669E+01,6.90669E+01,6.90669E+01,6.90669E+01,6.90669E+01,6.90669E+01,6.90669E+01,6.90669E+01,6.90669E+01,6.90669E+01,6.90669E+01 
#t = 1.176E+03
6.90669E+01,6.90669E+01,6.90669E+01,6.90669E+01,6.90669E+01,6.90669E+01,6.90669E+01,6.90669E+01,6.90669E+01,6.90669E+01,6.90669E+01,6.90669E+01,6.90669E+01,6.90669E+01,6.90669E+01,6.90669E+01,1.27641E+01,6.90669E+01,6.90669E+01,6.90669E+01,6.90669E+01,6.90669E+01,6.90669E+01,6.90669E+01,1.21053E+01,6.90669E+01,6.90669E+01,6.90669E+01,6.90669E+01,6.90669E+01,6.90669E+01,1.27641E+01,6.90669E+01,6.90669E+01,6.90669E+01,6.90669E+01,6.90669E+01,6.90669E+01,6.90669E+01,6.90669E+01,1.08104E+00,6.90669E+01,6.90669E+01,6.90669E+01,6.90669E+01,6.90669E+01 
#t = 1.218E+03
6.90669E+01,6.90669E+01,6.90669E+01,6.90669E+01,6.90669E+01,6.90669E+01,1.21053E+01,1.27641E+01,6.90669E+01,1.27641E+01,6.90669E+01,1.90895E+01,6.90669E+01,1.21053E+01,6.90669E+01,6.90669E+01,1.21053E+01,6.90669E+01,6.90669E+01,1.21053E+01,1.21053E+01,6.90669E+01,6.90669E+01,1.21053E+01,6.90669E+01,6.90669E+01,1.90895E+01,1.21053E+01,6.90669E+01,6.90669E+01,6.90669E+01,1.27641E+01,6.90669E+01,6.90669E+01,6.16016E+00,6.90669E+01,1.90895E+01,6.90669E+01,4.18292E-01,1.51107E-01 
#t = 1.260E+03
1.27641E+01,1.21053E+01,1.90895E+01,6.90669E+01,1.90895E+01,6.90669E+01,6.90669E+01,1.90895E+01,1.90895E+01,6.90669E+01,6.90669E+01,6.90669E+01,1.21053E+01,6.90669E+01,6.90669E+01,6.90669E+01,6.90669E+01,6.90669E+01,6.90669E+01,6.90669E+01,6.90669E+01,1.21053E+01,6.90669E+01,6.90669E+01,6.90669E+01,6.90669E+01,6.90669E+01,6.90669E+01,6.90669E+01,6.90669E+01,7.48887E+00,6.90669E+01,1.90895E+01,1.90895E+01,6.90669E+01,6.90669E+01,6.90669E+01,6.90669E+01,3.56546E+00,4.18928E+00,6.90669E+01,6.90669E+01,1.21053E+01,6.90669E+01,6.90669E+01,1.90895E+01,6.90669E+01 
#t = 1.302E+03
1.21053E+01,1.90895E+01,6.90669E+01,2.76996E+01,6.90669E+01,6.90669E+01,6.90669E+01,6.90669E+01,6.90669E+01,1.90895E+01,6.90669E+01,6.90669E+01,6.90669E+01,1.90895E+01,6.90669E+01,1.90895E+01,6.90669E+01,6.90669E+01,6.90669E+01,6.90669E+01,1.90895E+01,6.90669E+01,1.90895E+01,6.90669E+01,1.02094E+01,6.90669E+01,6.90669E+01,7.54380E+00,6.90669E+01,6.90669E+01,6.90669E+01,6.90669E+01,6.90669E+01,1.90895E+01,6.90669E+01,6.90669E+01,6.90669E+01,6.90669E+01,2.20096E+00,6.90669E+01 
#t = 1.344E+03
1.90895E+01,6.90669E+01,1.90895E+01,1.02094E+01,6.90669E+01,6.90669E+01,6.90669E+01,6.90669E+01,6.90669E+01,6.90669E+01,6.90669E+01,6.90669E+01,6.90669E+01,6.90669E+01,6.90669E+01,6.90669E+01,6.90669E+01,6.90669E+01,6.90669E+01,6.90669E+01,6.90669E+01,6.90669E+01,6.90669E+01,6.90669E+01,6.90669E+01,6.90669E+01,6.90669E+01,6.90669E+01,6.90669E+01,6.90669E+01,6.90669E+01,6.90669E+01,6.90669E+01,6.90669E+01,8.76252E+00,6.90669E+01,6.90669E+01,6.90669E+01,6.90669E+01,6.90669E+01,1.90895E+01,1.62612E+00,6.90669E+01,6.90669E+01,6.90669E+01,1.90895E+01,6.90669E+01,1.35886E+01 
#t = 1.386E+03
6.90669E+01,6.90669E+01,6.90669E+01,6.90669E+01,6.90669E+01,1.90895E+01,1.35886E+01,1.90895E+01,6.90669E+01,6.90669E+01,6.90669E+01,6.90669E+01,6.90669E+01,6.90669E+01,6.90669E+01,6.90669E+01,1.90895E+01,1.90895E+01,1.90895E+01,1.90895E+01,6.90669E+01,6.90669E+01,1.90895E+01,6.90669E+01,6.90669E+01,6.90669E+01,6.90669E+01,6.90669E+01,6.90669E+01,6.90669E+01,6.90669E+01,6.90669E+01,6.90669E+01,6.90669E+01,1.90895E+01,6.90669E+01,6.90669E+01,6.90669E+01,6.90669E+01,1.90895E+01,6.90669E+01,6.90669E+01,1.90895E+01,6.90669E+01,1.90895E+01,6.90669E+01,6.90669E+01,6.90669E+01,1.90895E+01,1.90895E+01,2.05994E+00,6.90669E+01,6.90669E+01,6.90669E+01 
#t = 1.428E+03
6.90669E+01,6.90669E+01,1.90895E+01,1.90895E+01,6.90669E+01,6.90669E+01,6.90669E+01,6.90669E+01,6.90669E+01,6.90669E+01,1.90895E+01,1.35886E+01,6.90669E+01,6.90669E+01,6.90669E+01,6.90669E+01,1.90895E+01,1.90895E+01,1.90895E+01,6.90669E+01,6.90669E+01,6.90669E+01,6.90669E+01,6.90669E+01,6.90669E+01,1.90895E+01,6.90669E+01,1.90895E+01,6.90669E+01,1.90895E+01,1.90895E+01,6.90669E+01,6.90669E+01,1.90895E+01,6.90669E+01,3.21390E-01 
#t = 1.470E+03
6.90669E+01,6.90669E+01,6.90669E+01,6.90669E+01,6.90669E+01,6.90669E+01,6.90669E+01,2.21681E+01,2.21681E+01,6.90669E+01,6.90669E+01,6.90669E+01,6.90669E+01,6.90669E+01,6.90669E+01,6.90669E+01,6.90669E+01,6.90669E+01,6.90669E+01,6.90669E+01,6.90669E+01,6.90669E+01,2.21681E+01,6.90669E+01,6.90669E+01,6.90669E+01,2.21681E+01,6.90669E+01,6.90669E+01,6.90669E+01,6.90669E+01,6.90669E+01,6.90669E+01,6.90669E+01,6.90669E+01,6.90669E+01,6.90669E+01,6.90669E+01,6.90669E+01,6.90669E+01,6.90669E+01,6.90669E+01,1.90895E+01,6.90669E+01,6.90669E+01 
#t = 1.512E+03
6.90669E+01,6.90669E+01,6.90669E+01,6.90669E+01,6.90669E+01,6.90669E+01,6.90669E+01,6.90669E+01,6.90669E+01,6.90669E+01,6.90669E+01,6.90669E+01,6.90669E+01,6.90669E+01,6.90669E+01,6.90669E+01,6.90669E+01,6.90669E+01,6.90669E+01,6.90669E+01,6.90669E+01,6.90669E+01,6.90669E+01,6.90669E+01,6.90669E+01,6.90669E+01,6.90669E+01,6.90669E+01,6.90669E+01,6.90669E+01,6.90669E+01,6.90669E+01,6.90669E+01,6.90669E+01,6.90669E+01,6.90669E+01,6.90669E+01,6.90669E+01,6.90669E+01 
#t = 1.554E+03
6.90669E+01,6.90669E+01,6.90669E+01,6.90669E+01,6.90669E+01,6.90669E+01,6.90669E+01,6.90669E+01,6.90669E+01,6.90669E+01,6.90669E+01,6.90669E+01,6.90669E+01,6.90669E+01,6.90669E+01,6.90669E+01,6.90669E+01,6.90669E+01,6.90669E+01,6.90669E+01,1.77323E+00,6.90669E+01,6.90669E+01,6.90669E+01,6.90669E+01,6.90669E+01,6.90669E+01,6.90669E+01,8.65828E-01,6.90669E+01,6.90669E+01 
#t = 1.596E+03
6.90669E+01,6.90669E+01,6.90669E+01,6.90669E+01,6.90669E+01,6.90669E+01,6.90669E+01,6.90669E+01,6.90669E+01,6.90669E+01,6.90669E+01,6.90669E+01,6.90669E+01,6.90669E+01,6.90669E+01,1.50644E+01,6.90669E+01,3.21076E+00,2.42026E+00,6.90669E+01,6.90669E+01,6.90669E+01,6.90669E+01,6.90669E+01,6.90669E+01,6.90669E+01,6.90669E+01,6.90669E+01,6.90669E+01,6.90669E+01,6.90669E+01,6.90669E+01,6.90669E+01,6.90669E+01,6.90669E+01,6.90669E+01,6.90669E+01,6.90669E+01,6.90669E+01,1.50644E+01 
#t = 1.638E+03
6.90669E+01,6.90669E+01,1.50644E+01,6.90669E+01,6.90669E+01,6.90669E+01,6.90669E+01,6.90669E+01,6.90669E+01,1.50644E+01,6.90669E+01,6.90669E+01,6.90669E+01,6.90669E+01,6.90669E+01,6.90669E+01,6.90669E+01,6.90669E+01,6.90669E+01,1.50644E+01,6.90669E+01,6.90669E+01,6.90669E+01,1.50644E+01,6.90669E+01,6.90669E+01,6.90669E+01,6.90669E+01,3.03493E+00,6.90669E+01,2.65938E+00,6.90669E+01,6.90669E+01,4.32930E+00,6.90669E+01,6.90669E+01,6.90669E+01 
#t = 1.680E+03
6.90669E+01,6.90669E+01,6.90669E+01,6.90669E+01,6.90669E+01,6.90669E+01,6.90669E+01,6.90669E+01,6.90669E+01,6.90669E+01,6.90669E+01,6.90669E+01,1.50644E+01,6.90669E+01,6.90669E+01,6.90669E+01,6.90669E+01,8.16133E+00,6.90669E+01,6.90669E+01,6.90669E+01,1.11115E+01,6.90669E+01,6.90669E+01,6.90669E+01,6.90669E+01,6.90669E+01,6.90669E+01,6.90669E+01,6.90669E+01,6.90669E+01,6.90669E+01,2.48520E+00,6.90669E+01,6.90669E+01,6.90669E+01,4.35948E+00,3.48252E-01,6.90669E+01,6.90669E+01,2.52076E+00,9.48771E-01 
#t = 1.722E+03
6.90669E+01,1.50783E+01,6.90669E+01,6.90669E+01,9.90697E+00,6.90669E+01,6.90669E+01,6.90669E+01,6.90669E+01,6.90669E+01,6.90669E+01,6.90669E+01,6.90669E+01,6.90669E+01,6.90669E+01,6.90669E+01,6.90669E+01,6.90669E+01,6.90669E+01,6.90669E+01,6.90669E+01,6.90669E+01,6.90669E+01,6.90669E+01,6.90669E+01,6.90669E+01,6.90669E+01,6.90669E+01,6.90669E+01,6.90669E+01,6.90669E+01,6.90669E+01,6.90669E+01,6.90669E+01,6.90669E+01,1.50783E+01,6.90669E+01,6.90669E+01,6.90669E+01,6.90669E+01,6.90669E+01,1.82651E+00,6.90669E+01 
#t = 1.764E+03
1.50783E+01,6.90669E+01,6.90669E+01,6.90669E+01,6.90669E+01,6.90669E+01,6.90669E+01,6.90669E+01,6.90669E+01,6.90669E+01,1.50783E+01,6.90669E+01,1.50783E+01,6.90669E+01,6.90669E+01,6.90669E+01,6.90669E+01,6.90669E+01,6.90669E+01,6.90669E+01,6.90669E+01,6.90669E+01,6.90669E+01,6.90669E+01,6.90669E+01,8.46801E+00,6.90669E+01,1.50783E+01,6.90669E+01,6.90669E+01,6.90669E+01,2.15560E+00,6.90669E+01,6.90669E+01,1.92514E+00,6.90669E+01,6.90669E+01,1.00751E+01,6.90669E+01,1.50783E+01,6.90669E+01,6.90669E+01,6.90669E+01,6.90669E+01 
#t = 1.806E+03
6.90669E+01,6.90669E+01,6.90669E+01,9.98584E+00,6.90669E+01,6.90669E+01,6.90669E+01,6.90669E+01,1.50783E+01,6.90669E+01,6.90669E+01,6.90669E+01,6.90669E+01,6.90669E+01,6.90669E+01,6.90669E+01,6.90669E+01,7.90815E+00,6.90669E+01,6.90669E+01,6.90669E+01,6.90669E+01,6.90669E+01,6.90669E+01,6.90669E+01,6.90669E+01,6.90669E+01,6.90669E+01,6.90669E+01,6.90669E+01,6.90669E+01,6.90669E+01,6.90669E+01,6.90669E+01,6.90669E+01,6.90669E+01,6.90669E+01 
#t = 1.848E+03
6.90669E+01,6.90669E+01,6.90669E+01,6.90669E+01,6.90669E+01,6.90669E+01,6.90669E+01,6.90669E+01,6.90669E+01,6.90669E+01,6.90669E+01,6.90669E+01,6.90669E+01,6.90669E+01,6.90669E+01,6.90669E+01,6.90669E+01,6.90669E+01,6.90669E+01,6.90669E+01,7.99423E+00,6.90669E+01,6.90669E+01,6.90669E+01,6.90669E+01,6.90669E+01,6.90669E+01,6.90669E+01,6.90669E+01,6.90669E+01,6.90669E+01,6.90669E+01,9.84586E+00,6.90669E+01,1.52914E+00,1.26133E+01,1.26133E+01,1.13843E+00,6.90669E+01,6.90669E+01,6.90669E+01,6.90669E+01,6.90669E+01,6.90669E+01,6.90669E+01,6.90669E+01,6.90669E+01 
#t = 1.890E+03
6.90669E+01,6.90669E+01,1.26133E+01,6.90669E+01,6.90669E+01,6.90669E+01,6.90669E+01,6.90669E+01,6.90669E+01,6.90669E+01,6.90669E+01,6.90669E+01,6.90669E+01,6.90669E+01,6.90669E+01,6.90669E+01,6.90669E+01,6.90669E+01,6.90669E+01,1.26133E+01,6.90669E+01,6.90669E+01,6.90669E+01,6.90669E+01,6.90669E+01,6.90669E+01,6.90669E+01,1.26133E+01,6.90669E+01,6.90669E+01,6.90669E+01,6.90669E+01,1.26133E+01,6.90669E+01,6.90669E+01,6.90669E+01,6.90669E+01,6.90669E+01,6.90669E+01,1.26133E+01,6.90669E+01,6.90669E+01,6.90669E+01,6.90669E+01,6.90669E+01,6.90669E+01,1.26133E+01,1.26133E+01,1.26133E+01,6.90669E+01,6.90669E+01,6.90669E+01,6.90669E+01,1.53942E+00,6.90669E+01,6.90669E+01,5.06916E+00,6.90669E+01 
#t = 1.932E+03
6.90669E+01,6.90669E+01,6.90669E+01,6.90669E+01,6.90669E+01,6.90669E+01,6.90669E+01,6.90669E+01,6.90669E+01,6.90669E+01,6.90669E+01,6.90669E+01,6.90669E+01,6.90669E+01,6.90669E+01,6.90669E+01,6.90669E+01,6.90669E+01,6.90669E+01,6.90669E+01,6.90669E+01,4.12042E-01,1.05062E+01,6.90669E+01,6.90669E+01,6.90669E+01,6.90669E+01,6.90669E+01,1.51673E+01,6.90669E+01,6.90669E+01,6.90669E+01,6.90669E+01,2.34772E+00,6.90669E+01,6.90669E+01,6.90669E+01,4.38610E+00 
#t = 1.974E+03
6.90669E+01,6.90669E+01,6.90669E+01,1.51673E+01,6.90669E+01,6.90669E+01,6.90669E+01,6.90669E+01,1.21237E+01,6.90669E+01,6.90669E+01,6.90669E+01,6.90669E+01,6.90669E+01,1.51673E+01,1.51673E+01,6.90669E+01,6.90669E+01,1.21237E+01,1.51673E+01,6.90669E+01,6.90669E+01,6.90669E+01,6.90669E+01,6.90669E+01,6.90669E+01,6.90669E+01,6.90669E+01,5.19624E+00,6.90669E+01,6.90669E+01,6.90669E+01,6.90669E+01,6.90669E+01,6.90669E+01,6.90669E+01,1.21237E+01,6.90669E+01,9.43851E+00,1.39153E+00,1.21237E+01 
#t = 2.016E+03
6.90669E+01,6.90669E+01,6.90669E+01,6.90669E+01,6.90669E+01,6.90669E+01,6.90669E+01,6.90669E+01,6.90669E+01,6.90669E+01,6.90669E+01,1.50319E+01,6.90669E+01,6.90669E+01,6.90669E+01,6.90669E+01,6.90669E+01,6.90669E+01,1.32507E+01,6.90669E+01,6.90669E+01,6.90669E+01,6.90669E+01,6.90669E+01,6.90669E+01,6.90669E+01,6.90669E+01,6.90669E+01,6.90669E+01,6.90669E+01,6.90669E+01,6.90669E+01,6.90669E+01,6.90669E+01,6.90669E+01,6.90669E+01,1.32507E+01,6.90669E+01,6.90669E+01,6.90669E+01,6.90669E+01,6.90669E+01,6.90669E+01,6.90669E+01,6.90669E+01,6.90669E+01,6.90669E+01,6.90669E+01,1.32507E+01,1.50319E+01,2.59065E+00 
#t = 2.058E+03
6.90669E+01,6.90669E+01,6.90669E+01,1.50319E+01,6.90669E+01,1.71174E+01,6.90669E+01,6.90669E+01,1.32507E+01,6.90669E+01,6.90669E+01,6.90669E+01,6.90669E+01,6.90669E+01,6.90669E+01,1.32507E+01,6.90669E+01,6.90669E+01,6.90669E+01,6.90669E+01,6.90669E+01,6.90669E+01,6.90669E+01,1.71174E+01,6.90669E+01,6.90669E+01,6.90669E+01,6.90669E+01,1.71174E+01,1.32507E+01,6.90669E+01,6.90669E+01,1.50319E+01,6.90669E+01,6.90669E+01,7.89192E+00,6.90669E+01,6.90669E+01,6.90669E+01,2.56478E+00,6.90669E+01,6.90669E+01,6.90669E+01 
#t = 2.100E+03
6.90669E+01,1.71174E+01,6.90669E+01,1.71174E+01,1.32507E+01,6.90669E+01,6.90669E+01,6.90669E+01,6.90669E+01,6.90669E+01,6.90669E+01,1.71174E+01,6.90669E+01,6.90669E+01,1.32507E+01,6.90669E+01,1.71174E+01,6.90669E+01,6.90669E+01,1.41508E+01,1.71174E+01,1.19459E+01,6.90669E+01,6.90669E+01,6.90669E+01,6.90669E+01,6.90669E+01,1.71174E+01,6.90669E+01,1.71174E+01,1.71174E+01,6.90669E+01,5.41455E+00,6.90669E+01,6.90669E+01,1.25544E+00,6.90669E+01,1.71174E+01,6.90669E+01,1.69646E-01,1.32507E+01,6.90669E+01,1.32507E+01,6.90669E+01,1.22949E+00,1.49812E+01,1.71174E+01,5.41094E+00,4.79393E+00 
#t = 2.142E+03
6.90669E+01,6.90669E+01,6.90669E+01,1.71174E+01,6.90669E+01,6.90669E+01,6.90669E+01,1.71174E+01,1.32507E+01,6.90669E+01,1.71174E+01,1.32507E+01,6.90669E+01,6.90669E+01,1.71174E+01,6.90669E+01,6.90669E+01,6.90669E+01,1.32507E+01,6.90669E+01,6.90669E+01,1.71174E+01,6.90669E+01,6.90669E+01,6.90669E+01,6.90669E+01,6.90669E+01,6.90669E+01,1.32507E+01,1.32507E+01,6.90669E+01,1.32507E+01,1.71174E+01,9.61321E+00,6.90669E+01,3.89342E+00,6.90669E+01,1.32507E+01,6.90669E+01,2.52233E+00,6.90669E+01,1.71174E+01,6.90669E+01 
#t = 2.184E+03
6.90669E+01,6.90669E+01,6.90669E+01,6.90669E+01,6.90669E+01,6.90669E+01,6.90669E+01,6.90669E+01,1.32507E+01,6.90669E+01,6.90669E+01,6.90669E+01,6.90669E+01,6.90669E+01,6.90669E+01,6.90669E+01,6.90669E+01,6.90669E+01,6.90669E+01,6.90669E+01,1.41901E+00,6.90669E+01,6.90669E+01,6.90669E+01,8.48209E+00,6.90669E+01,6.90669E+01,6.90669E+01,6.90669E+01,6.90669E+01,6.90669E+01,6.90669E+01,6.90669E+01,6.90669E+01,7.39774E-01,6.90669E+01,6.90669E+01,6.90669E+01,6.90669E+01 
#t = 2.226E+03
6.90669E+01,6.90669E+01,6.90669E+01,6.90669E+01,6.90669E+01,6.90669E+01,6.90669E+01,6.90669E+01,6.90669E+01,6.90669E+01,6.90669E+01,6.90669E+01,6.90669E+01,6.04972E+01,6.90669E+01,6.90669E+01,6.90669E+01,6.90669E+01,6.90669E+01,6.90669E+01,6.90669E+01,6.90669E+01,6.90669E+01,6.90669E+01,6.90669E+01,6.90669E+01,6.90669E+01,6.90669E+01,6.90669E+01,1.69334E+01,2.31506E+00,6.90669E+01,6.90669E+01,6.90669E+01,6.90669E+01,6.90669E+01,6.90669E+01,4.46177E+00,6.90669E+01 
#t = 2.268E+03
6.90669E+01,6.90669E+01,6.90669E+01,6.90669E+01,6.90669E+01,6.90669E+01,6.90669E+01,6.90669E+01,6.90669E+01,6.90669E+01,6.90669E+01,6.90669E+01,6.90669E+01,6.90669E+01,6.90669E+01,6.90669E+01,6.90669E+01,6.90669E+01,6.90669E+01,6.90669E+01,6.90669E+01,1.69334E+01,6.90669E+01,6.90669E+01,2.05380E+01,1.69334E+01,2.05380E+01,6.90669E+01,6.18877E+00,6.90669E+01,6.90669E+01,6.90669E+01,6.90669E+01,6.90669E+01,1.69334E+01,6.90669E+01,6.90669E+01,2.05380E+01,6.90669E+01,6.90669E+01,6.90669E+01,6.90669E+01,2.25715E+00,7.73345E-01,6.90669E+01,6.90669E+01,6.90669E+01,3.73248E+00 
#t = 2.310E+03
6.90669E+01,6.90669E+01,6.90669E+01,6.90669E+01,6.90669E+01,6.90669E+01,6.90669E+01,6.90669E+01,6.90669E+01,6.90669E+01,6.90669E+01,6.90669E+01,2.03248E+01,1.69334E+01,6.90669E+01,6.90669E+01,7.39335E+00,6.90669E+01,6.90669E+01,6.90669E+01,6.90669E+01,6.90669E+01,2.03248E+01,6.90669E+01,6.90669E+01,6.90669E+01,6.90669E+01,6.90669E+01,6.90669E+01,6.90669E+01,6.90669E+01,3.14725E+00,6.90669E+01,6.90669E+01,6.90669E+01,6.90669E+01,6.90669E+01,6.90669E+01,6.90669E+01,6.90669E+01,6.90669E+01,6.90669E+01,6.90669E+01,6.90669E+01 
#t = 2.352E+03
6.90669E+01,6.90669E+01,6.90669E+01,6.90669E+01,6.90669E+01,6.90669E+01,6.90669E+01,6.90669E+01,6.90669E+01,6.90669E+01,6.90669E+01,6.90669E+01,6.90669E+01,6.90669E+01,6.90669E+01,1.16266E+01,6.90669E+01,1.41648E+01,6.90669E+01,6.90669E+01,6.90669E+01,6.90669E+01,4.13780E+00,1.19554E+01,6.90669E+01,6.90669E+01,6.90669E+01,6.90669E+01,6.90669E+01,5.54175E+00,6.90669E+01,6.90669E+01,6.90669E+01 
#t = 2.394E+03
6.90669E+01,1.41648E+01,6.90669E+01,6.90669E+01,6.90669E+01,6.90669E+01,6.90669E+01,1.87025E+01,6.90669E+01,6.90669E+01,6.90669E+01,6.90669E+01,1.87025E+01,1.87025E+01,6.90669E+01,6.90669E+01,6.90669E+01,1.87025E+01,6.90669E+01,2.28248E+01,6.90669E+01,6.90669E+01,6.90669E+01,6.90669E+01,6.90669E+01,6.90669E+01,1.87025E+01,6.90669E+01,1.87025E+01,6.90669E+01,6.90669E+01,1.87025E+01,6.90669E+01,6.90669E+01,5.68445E+00,1.49077E+00,6.90669E+01,6.90669E+01,6.90669E+01,6.90669E+01,6.90669E+01 
#t = 2.436E+03
6.90669E+01,6.90669E+01,6.90669E+01,1.87025E+01,6.90669E+01,6.90669E+01,6.90669E+01,6.90669E+01,6.90669E+01,6.90669E+01,6.90669E+01,6.90669E+01,6.90669E+01,6.90669E+01,6.90669E+01,6.90669E+01,6.90669E+01,6.90669E+01,6.90669E+01,6.90669E+01,6.90669E+01,6.90669E+01,8.74447E+00,6.90669E+01,1.87025E+01,6.90669E+01,6.90669E+01,6.90669E+01,6.90669E+01,6.90669E+01,6.90669E+01,1.87025E+01,6.90669E+01,6.90669E+01,6.90669E+01,6.90669E+01,6.90669E+01,6.90669E+01,6.90669E+01,1.87025E+01 
#t = 2.478E+03
6.90669E+01,6.90669E+01,6.90669E+01,1.87025E+01,6.90669E+01,6.90669E+01,6.90669E+01,6.90669E+01,6.90669E+01,6.90669E+01,6.90669E+01,6.90669E+01,6.90669E+01,6.90669E+01,6.90669E+01,6.90669E+01,6.90669E+01,6.90669E+01,6.90669E+01,6.90669E+01,6.90669E+01,6.90669E+01,1.27495E+01,6.90669E+01,6.90669E+01,6.90669E+01,6.90669E+01,6.90669E+01,6.90669E+01,6.90669E+01,6.90669E+01,6.90669E+01,6.90669E+01,6.90669E+01,7.15593E+00,6.90669E+01,6.90669E+01,6.90669E+01,6.90669E+01,6.90669E+01,6.90669E+01,2.20465E-01 
#t = 2.520E+03
6.90669E+01,6.90669E+01,6.90669E+01,6.90669E+01,6.90669E+01,6.90669E+01,6.90669E+01,6.90669E+01,6.90669E+01,6.90669E+01,6.90669E+01,6.90669E+01,6.90669E+01,6.90669E+01,6.90669E+01,6.90669E+01,6.90669E+01,6.90669E+01,6.90669E+01,6.90669E+01,6.90669E+01,6.90669E+01,6.90669E+01,6.90669E+01,6.90669E+01,6.90669E+01,6.90669E+01,6.90669E+01,6.90669E+01,6.90669E+01,4.45657E+01,6.90669E+01,6.90669E+01,6.90669E+01,6.90669E+01,6.90669E+01,6.90669E+01,3.52904E+00,6.90669E+01,6.90669E+01,1.95166E+00,2.19608E+00,6.90669E+01,2.33936E+00,1.50281E+00,1.66672E+00,6.90669E+01,6.90669E+01 
#t = 2.562E+03
6.90669E+01,6.90669E+01,6.90669E+01,6.90669E+01,6.90669E+01,6.90669E+01,6.90669E+01,6.90669E+01,6.90669E+01,6.90669E+01,6.90669E+01,6.90669E+01,6.90669E+01,6.90669E+01,6.90669E+01,6.90669E+01,6.90669E+01,6.90669E+01,6.90669E+01,6.90669E+01,6.90669E+01,6.90669E+01,6.90669E+01,6.90669E+01,6.90669E+01,6.90669E+01,6.90669E+01,6.90669E+01,6.90669E+01,6.90669E+01,6.90669E+01,6.90669E+01,6.90669E+01,6.90669E+01,6.90669E+01,9.44406E-01,6.90669E+01,2.33059E-01,4.13661E-01 
#t = 2.604E+03
6.90669E+01,6.90669E+01,6.90669E+01,6.90669E+01,6.90669E+01,6.90669E+01,6.90669E+01,6.90669E+01,6.90669E+01,6.90669E+01,6.90669E+01,6.90669E+01,6.90669E+01,6.90669E+01,6.90669E+01,6.90669E+01,6.90669E+01,6.90669E+01,6.90669E+01,6.90669E+01,6.90669E+01,6.90669E+01,6.90669E+01,6.90669E+01,6.90669E+01,6.90669E+01,4.53315E+00,6.90669E+01,6.90669E+01,6.90669E+01,6.90669E+01,1.47534E+00,6.90669E+01,1.71375E+00,6.90669E+01,6.90669E+01,8.05802E-01,1.17753E+01,6.90669E+01 
#t = 2.646E+03
6.90669E+01,6.90669E+01,6.90669E+01,6.90669E+01,6.90669E+01,6.90669E+01,6.90669E+01,6.90669E+01,6.90669E+01,6.90669E+01,1.11836E+01,6.90669E+01,6.90669E+01,6.90669E+01,6.90669E+01,6.90669E+01,6.90669E+01,6.90669E+01,6.90669E+01,6.90669E+01,6.90669E+01,6.90669E+01,6.90669E+01,6.90669E+01,2.47770E+01,1.11836E+01,6.90669E+01,6.90669E+01,6.90669E+01,6.90669E+01,6.90669E+01,6.90669E+01,1.10221E+01,6.90669E+01,1.08764E+00,6.90669E+01,1.10221E+01,6.90669E+01,6.90669E+01,6.90669E+01,6.90669E+01 
#t = 2.688E+03
6.90669E+01,6.90669E+01,6.90669E+01,6.90669E+01,6.90669E+01,6.90669E+01,6.90669E+01,6.90669E+01,6.90669E+01,6.90669E+01,6.90669E+01,6.90669E+01,6.90669E+01,6.90669E+01,6.90669E+01,6.90669E+01,6.90669E+01,6.90669E+01,6.90669E+01,6.90669E+01,6.90669E+01,6.90669E+01,6.90669E+01,6.90669E+01,6.90669E+01,6.90669E+01,6.90669E+01,6.90669E+01,6.90669E+01,6.90669E+01,6.90669E+01,6.90669E+01,6.90669E+01,1.14360E+00,3.71338E+00,6.90669E+01,6.90669E+01,6.90669E+01,6.90669E+01,6.90669E+01,6.90669E+01,6.90669E+01,6.90669E+01,2.94218E+00,6.90669E+01,9.97732E-01,6.90669E+01,6.90669E+01,6.90669E+01,6.90669E+01,8.54822E+00,2.19931E+00,6.90669E+01,6.90669E+01 
#t = 2.730E+03
6.90669E+01,6.90669E+01,6.90669E+01,6.90669E+01,6.90669E+01,6.90669E+01,6.90669E+01,6.90669E+01,6.90669E+01,6.90669E+01,6.90669E+01,6.90669E+01,6.90669E+01,6.90669E+01,6.90669E+01,6.90669E+01,6.90669E+01,6.90669E+01,6.90669E+01,6.90669E+01,6.90669E+01,6.90669E+01,6.90669E+01,6.90669E+01,9.82425E+00,6.90669E+01,6.90669E+01,6.90669E+01,6.90669E+01,6.90669E+01,7.31429E+00,6.90669E+01,1.79704E+00,6.90669E+01,6.90669E+01,6.90669E+01,6.90669E+01,6.90669E+01,6.90669E+01 
#t = 2.772E+03
6.90669E+01,6.90669E+01,6.90669E+01,6.90669E+01,6.90669E+01,6.90669E+01,6.90669E+01,6.90669E+01,6.90669E+01,6.90669E+01,6.90669E+01,6.90669E+01,6.90669E+01,6.90669E+01,6.90669E+01,6.90669E+01,6.90669E+01,6.90669E+01,6.90669E+01,6.90669E+01,8.97373E+00,7.59990E+00,6.90669E+01,2.15822E+01,6.90669E+01,6.90669E+01,6.90669E+01,6.90669E+01,6.90669E+01,6.90669E+01,6.90669E+01,6.90669E+01,6.90669E+01,6.90669E+01,6.90669E+01,4.10250E+00,6.90669E+01,6.90669E+01,6.90669E+01,6.90669E+01,6.90669E+01,6.90669E+01,6.90669E+01,6.90669E+01,6.90669E+01 
#t = 2.814E+03
6.90669E+01,6.90669E+01,6.90669E+01,6.90669E+01,6.90669E+01,6.90669E+01,6.90669E+01,6.90669E+01,6.90669E+01,6.90669E+01,6.90669E+01,6.90669E+01,6.90669E+01,6.90669E+01,6.90669E+01,6.90669E+01,6.90669E+01,6.90669E+01,6.90669E+01,6.90669E+01,6.90669E+01,6.90669E+01,6.90669E+01,6.90669E+01,6.90669E+01,6.90669E+01,1.14837E+01,6.90669E+01,6.90669E+01,6.90669E+01,1.05465E+01,6.90669E+01,6.90669E+01,6.90669E+01,6.90669E+01,6.90669E+01,6.90669E+01,6.90669E+01,4.10632E-01,6.90669E+01,1.14837E+01,6.90669E+01,6.90669E+01,6.90669E+01,6.90669E+01,6.90669E+01,6.90669E+01,6.90669E+01,6.90669E+01,6.90669E+01,6.90669E+01,6.90669E+01,6.90669E+01,3.01042E+00,6.90669E+01 
#t = 2.856E+03
6.90669E+01,6.90669E+01,6.90669E+01,6.90669E+01,6.90669E+01,6.90669E+01,6.90669E+01,6.90669E+01,6.90669E+01,6.90669E+01,6.90669E+01,6.90669E+01,6.90669E+01,6.90669E+01,6.90669E+01,6.90669E+01,6.90669E+01,6.90669E+01,6.90669E+01,6.90669E+01,6.90669E+01,6.90669E+01,6.90669E+01,7.07620E+00,6.90669E+01,2.18578E+00,1.56881E+00,6.90669E+01,6.90669E+01,4.57790E+00,6.90669E+01 
#t = 2.898E+03
6.90669E+01,6.90669E+01,6.90669E+01,6.90669E+01,6.90669E+01,6.90669E+01,6.90669E+01,6.90669E+01,6.90669E+01,6.90669E+01,6.90669E+01,6.90669E+01,2.05659E+01,6.90669E+01,6.90669E+01,6.90669E+01,6.90669E+01,2.05659E+01,6.90669E+01,6.90669E+01,6.90669E+01,6.90669E+01,6.90669E+01,6.90669E+01,6.90669E+01,6.90669E+01,2.05659E+01,6.90669E+01,6.90669E+01,2.05659E+01,7.13136E+00,6.90669E+01,6.90669E+01,6.90669E+01,6.90669E+01,6.90669E+01,6.90669E+01 
#t = 2.940E+03
6.90669E+01,6.90669E+01,6.90669E+01,6.90669E+01,6.90669E+01,6.90669E+01,6.90669E+01,6.90669E+01,6.90669E+01,6.90669E+01,6.90669E+01,6.90669E+01,6.90669E+01,6.90669E+01,2.05659E+01,6.90669E+01,6.90669E+01,6.90669E+01,6.90669E+01,6.90669E+01,6.90669E+01,6.90669E+01,6.90669E+01,6.90669E+01,6.90669E+01,7.40847E-01,6.90669E+01,6.90669E+01,6.90669E+01,6.90669E+01,5.27678E-01,6.90669E+01 
#t = 2.982E+03
6.90669E+01,6.90669E+01,6.90669E+01,6.90669E+01,6.90669E+01,6.90669E+01,6.90669E+01,6.90669E+01,6.90669E+01,6.90669E+01,6.90669E+01,6.90669E+01,6.90669E+01,6.90669E+01,6.90669E+01,6.90669E+01,8.80038E+00,6.90669E+01,6.90669E+01,6.90669E+01,6.90669E+01,6.90669E+01,9.30696E+00,6.90669E+01,6.90669E+01,6.90669E+01,6.90669E+01,6.90669E+01,6.90669E+01,6.90669E+01,6.90669E+01,6.90669E+01,6.90669E+01,6.90669E+01,6.90669E+01,2.05659E+01,6.90669E+01,6.90669E+01,6.90669E+01,6.90669E+01,6.90669E+01,6.90669E+01,6.90669E+01,2.03887E+00,6.90669E+01,6.90669E+01 
#t = 3.024E+03
6.90669E+01,6.90669E+01,6.90669E+01,6.90669E+01,6.90669E+01,6.90669E+01,2.05659E+01,6.90669E+01,6.90669E+01,6.90669E+01,2.05659E+01,2.05659E+01,6.90669E+01,6.90669E+01,6.90669E+01,6.90669E+01,6.90669E+01,6.90669E+01,6.90669E+01,6.90669E+01,6.90669E+01,6.90669E+01,6.90669E+01,6.90669E+01,6.90669E+01,6.90669E+01,8.99478E+00,6.90669E+01,6.90669E+01,1.12519E+01,6.90669E+01,6.90669E+01,6.90669E+01,6.90669E+01,6.90669E+01,6.90669E+01,6.90669E+01,6.90669E+01,6.90669E+01,6.90669E+01,2.01725E+00,2.05659E+01,6.90669E+01,6.90669E+01,6.90669E+01,6.90669E+01,9.54861E-01,1.30381E+00 
#t = 3.066E+03
6.90669E+01,2.05659E+01,2.05659E+01,6.90669E+01,6.90669E+01,6.90669E+01,2.05659E+01,2.36175E+01,6.90669E+01,1.12519E+01,6.90669E+01,6.90669E+01,6.90669E+01,6.90669E+01,6.90669E+01,6.90669E+01,6.90669E+01,2.05659E+01,6.90669E+01,6.90669E+01,2.05659E+01,6.90669E+01,6.90669E+01,6.90669E+01,6.90669E+01,6.90669E+01,1.12519E+01,2.05659E+01,6.90669E+01,6.90669E+01,2.05659E+01,6.90669E+01,6.90669E+01,6.90669E+01,2.05659E+01,2.05659E+01,6.90669E+01,6.90669E+01,6.90669E+01,6.90669E+01,6.90669E+01,6.90669E+01,4.17567E+01,1.41713E+01,6.90669E+01,2.05659E+01,6.90669E+01,1.22845E+00,6.90669E+01,2.36175E+01 
#t = 3.108E+03
2.05659E+01,6.90669E+01,2.05659E+01,1.12519E+01,6.90669E+01,6.90669E+01,6.90669E+01,6.90669E+01,2.05659E+01,2.36175E+01,6.90669E+01,2.05659E+01,2.05659E+01,6.90669E+01,2.36175E+01,2.36175E+01,2.05659E+01,6.90669E+01,6.90669E+01,2.05659E+01,6.90669E+01,6.90669E+01,2.36175E+01,2.05659E+01,2.05659E+01,6.90669E+01,2.36175E+01,6.90669E+01,2.05659E+01,2.05659E+01,2.05659E+01,2.05659E+01,2.05659E+01,6.90669E+01,2.05659E+01,2.36175E+01,6.90669E+01,2.05659E+01,6.90669E+01,2.05659E+01,6.90669E+01,2.05659E+01,6.90669E+01,2.36175E+01 
#t = 3.150E+03
6.90669E+01,1.73537E+01,2.36175E+01,2.05659E+01,2.05659E+01,6.90669E+01,1.08708E+01,2.05659E+01,6.90669E+01,6.90669E+01,2.36175E+01,6.90669E+01,6.90669E+01,2.05659E+01,6.90669E+01,6.90669E+01,6.90669E+01,6.90669E+01,6.90669E+01,6.90669E+01,2.36175E+01,6.90669E+01,2.05659E+01,6.90669E+01,6.90669E+01,2.05659E+01,6.90669E+01,6.90669E+01,4.41914E+00,2.05659E+01,4.63870E+00 
#t = 3.192E+03
6.90669E+01,6.90669E+01,2.33598E+01,6.90669E+01,6.90669E+01,6.90669E+01,1.00811E+01,6.90669E+01,6.90669E+01,6.90669E+01,6.90669E+01,6.90669E+01,6.90669E+01,6.90669E+01,6.90669E+01,2.33598E+01,6.90669E+01,6.90669E+01,6.90669E+01,6.90669E+01,6.90669E+01,6.90669E+01,6.90669E+01,6.90669E+01,1.85676E+00,6.90669E+01,6.90669E+01 
#t = 3.234E+03
6.90669E+01,6.90669E+01,6.90669E+01,6.90669E+01,6.90669E+01,6.90669E+01,6.90669E+01,6.90669E+01,6.90669E+01,6.90669E+01,6.90669E+01,6.90669E+01,6.90669E+01,6.90669E+01,6.90669E+01,6.90669E+01,6.90669E+01,6.90669E+01,6.90669E+01,6.90669E+01,6.90669E+01,6.90669E+01,6.90669E+01,6.90669E+01,6.90669E+01,6.90669E+01,6.90669E+01,6.90669E+01,6.90669E+01,6.90669E+01,6.90669E+01,6.90669E+01,6.90669E+01,6.90669E+01,6.90669E+01,6.90669E+01,6.90669E+01,6.90669E+01,6.90669E+01,6.90669E+01,6.90669E+01,3.69443E+01,6.90669E+01,8.12228E-01,6.90669E+01,6.90669E+01,7.52175E-01,6.90669E+01,6.90669E+01,6.90669E+01,2.68865E+00 
#t = 3.276E+03
6.90669E+01,6.90669E+01,6.90669E+01,6.90669E+01,6.90669E+01,6.90669E+01,6.90669E+01,6.90669E+01,6.90669E+01,6.90669E+01,6.90669E+01,6.90669E+01,6.90669E+01,6.90669E+01,6.90669E+01,6.90669E+01,6.90669E+01,9.99565E+00,6.90669E+01,6.90669E+01,6.90669E+01,6.90669E+01,6.90669E+01,6.90669E+01,6.90669E+01,6.90669E+01,6.90669E+01,6.90669E+01,6.90669E+01,6.90669E+01,6.90669E+01,6.90669E+01,6.90669E+01,6.90669E+01,6.90669E+01,6.90669E+01,6.90669E+01,6.90669E+01,6.90669E+01,6.90669E+01,6.90669E+01,6.90669E+01,2.28142E+00,6.90669E+01,6.90669E+01,1.45750E+00,6.90669E+01 
#t = 3.318E+03
6.90669E+01,6.90669E+01,6.90669E+01,3.87943E+01,6.90669E+01,3.87943E+01,6.90669E+01,3.87943E+01,6.90669E+01,6.90669E+01,6.90669E+01,6.90669E+01,6.90669E+01,6.90669E+01,3.87943E+01,6.90669E+01,6.90669E+01,6.90669E+01,6.90669E+01,6.90669E+01,6.90669E+01,1.73712E+01,6.90669E+01,6.90669E+01,6.90669E+01,6.90669E+01,6.90669E+01,6.90669E+01,6.90669E+01,6.90669E+01,6.90669E+01,2.54507E+00,3.87943E+01,6.90669E+01,6.90669E+01,6.90669E+01,3.87943E+01,6.90669E+01,6.90669E+01,6.90669E+01,6.90669E+01,3.07113E-01 
#t = 3.360E+03
3.87943E+01,6.90669E+01,6.90669E+01,6.90669E+01,6.90669E+01,6.90669E+01,6.90669E+01,6.90669E+01,6.90669E+01,6.90669E+01,6.90669E+01,6.90669E+01,6.90669E+01,6.90669E+01,6.64595E+01,6.90669E+01,6.90669E+01,6.90669E+01,6.90669E+01,6.90669E+01,6.90669E+01,6.90669E+01,6.90669E+01,6.90669E+01,6.90669E+01,6.90669E+01,6.90669E+01,6.90669E+01,6.90669E+01,6.90669E+01,6.90669E+01,1.47544E+01,6.90669E+01,6.90669E+01,3.01320E+00,8.02614E+00,6.90669E+01,6.90669E+01,1.47544E+01,1.42066E+00 
#t = 3.402E+03
6.90669E+01,6.90669E+01,6.90669E+01,6.90669E+01,6.90669E+01,6.90669E+01,6.90669E+01,6.90669E+01,6.90669E+01,6.90669E+01,6.90669E+01,1.47544E+01,6.90669E+01,6.90669E+01,6.90669E+01,6.90669E+01,6.90669E+01,6.90669E+01,6.90669E+01,6.90669E+01,6.90669E+01,6.90669E+01,6.90669E+01,6.90669E+01,6.90669E+01,6.90669E+01,6.90669E+01,6.90669E+01,6.90669E+01,6.90669E+01,6.90669E+01,6.90669E+01,6.90669E+01,6.90669E+01,6.90669E+01,6.90669E+01,6.90669E+01,6.90669E+01,6.90669E+01,6.90669E+01,6.90669E+01,6.35019E-01,6.90669E+01,6.90669E+01,6.90669E+01,2.25846E+00 
#t = 3.444E+03
6.90669E+01,6.90669E+01,6.90669E+01,6.90669E+01,6.90669E+01,6.90669E+01,6.90669E+01,6.90669E+01,6.90669E+01,6.90669E+01,1.25152E+01,7.13442E+00,6.90669E+01,6.90669E+01,6.90669E+01,6.90669E+01,6.90669E+01,6.90669E+01,6.90669E+01,6.90669E+01,6.90669E+01,6.90669E+01,6.90669E+01,1.47544E+01,6.90669E+01,6.90669E+01,6.90669E+01,1.47544E+01,6.90669E+01,1.47544E+01,6.90669E+01,6.90669E+01,6.90669E+01,6.90669E+01,3.99427E+00,6.90669E+01,6.90669E+01,6.90669E+01,6.90669E+01,6.90669E+01,6.90669E+01,6.90669E+01,6.90669E+01,6.90669E+01,6.90669E+01,1.25152E+01,6.90669E+01,1.57464E+00 
#t = 3.486E+03
6.90669E+01,6.90669E+01,6.90669E+01,6.90669E+01,6.90669E+01,6.90669E+01,6.90669E+01,6.90669E+01,6.90669E+01,6.90669E+01,6.90669E+01,6.90669E+01,6.90669E+01,6.90669E+01,6.90669E+01,6.90669E+01,6.90669E+01,6.90669E+01,6.90669E+01,6.90669E+01,6.90669E+01,4.64253E+00,6.90669E+01,6.90669E+01,6.90669E+01,6.90669E+01,6.90669E+01,6.90669E+01,6.90669E+01,6.90669E+01,6.90669E+01,6.90669E+01,6.90669E+01,6.90669E+01,1.26385E+01,6.90669E+01,6.90669E+01,6.90669E+01 
#t = 3.528E+03
6.90669E+01,6.90669E+01,6.90669E+01,6.90669E+01,6.90669E+01,6.90669E+01,6.90669E+01,6.90669E+01,6.90669E+01,6.90669E+01,6.90669E+01,6.90669E+01,6.90669E+01,6.90669E+01,6.90669E+01,6.90669E+01,6.90669E+01,6.90669E+01,6.90669E+01,6.90669E+01,6.90669E+01,6.90669E+01,6.90669E+01,3.07219E+00,6.90669E+01,6.90669E+01,6.90669E+01,6.90669E+01,6.90669E+01,6.90669E+01,6.05033E+00,6.90669E+01,6.90669E+01,6.90669E+01,4.57541E+00,6.90669E+01,6.46467E+00,6.90669E+01,6.90669E+01,6.90669E+01,3.76568E+00,6.90669E+01,6.90669E+01,6.90669E+01,1.75111E+00 
#t = 3.570E+03
6.90669E+01,6.90669E+01,6.90669E+01,6.90669E+01,6.90669E+01,6.90669E+01,6.90669E+01,6.90669E+01,6.90669E+01,6.90669E+01,6.90669E+01,6.90669E+01,6.90669E+01,6.90669E+01,1.86771E+01,6.90669E+01,6.90669E+01,6.90669E+01,6.90669E+01,6.90669E+01,6.90669E+01,3.95823E+01,6.90669E+01,6.90669E+01,6.90669E+01,6.90669E+01,6.90669E+01,6.90669E+01,6.90669E+01,6.90669E+01,3.95823E+01,6.90669E+01,6.90669E+01,6.90669E+01,6.90669E+01,6.90669E+01,6.90669E+01,6.90669E+01,6.90669E+01,6.90669E+01,6.90669E+01,1.86771E+01,6.90669E+01 
#t = 3.612E+03
6.90669E+01,6.90669E+01,6.90669E+01,6.90669E+01,6.90669E+01,6.90669E+01,6.90669E+01,6.90669E+01,6.90669E+01,1.23713E+01,6.90669E+01,6.90669E+01,6.90669E+01,6.90669E+01,6.90669E+01,6.90669E+01,6.90669E+01,6.90669E+01,6.90669E+01,6.90669E+01,6.90669E+01,7.58040E-01,6.90669E+01,1.23713E+01,6.90669E+01,6.90669E+01,6.90669E+01,1.23713E+01,6.90669E+01,9.65987E+00,3.45650E+00,6.90669E+01,6.90669E+01,6.90669E+01,6.90669E+01,6.90669E+01 
#t = 3.654E+03
6.90669E+01,6.90669E+01,6.90669E+01,6.90669E+01,6.90669E+01,6.90669E+01,6.90669E+01,1.14008E+01,6.90669E+01,6.90669E+01,6.90669E+01,6.90669E+01,6.90669E+01,6.90669E+01,8.30770E+00,6.90669E+01,6.90669E+01,6.90669E+01,6.90669E+01,6.90669E+01,6.90669E+01,6.90669E+01,6.90669E+01,6.90669E+01,6.90669E+01,1.44278E+00,8.61591E-01,6.90669E+01,6.90669E+01,6.90669E+01,7.87095E-01,6.90669E+01,6.90669E+01 
#t = 3.696E+03
1.14008E+01,6.90669E+01,6.90669E+01,3.53464E+01,6.90669E+01,6.90669E+01,6.90669E+01,6.90669E+01,6.90669E+01,6.90669E+01,6.90669E+01,6.90669E+01,6.90669E+01,6.90669E+01,6.90669E+01,6.90669E+01,6.90669E+01,6.90669E+01,6.90669E+01,6.90669E+01,6.90669E+01,6.90669E+01,6.90669E+01,6.90669E+01,6.90669E+01,6.90669E+01,6.90669E+01,6.90669E+01,6.90669E+01,6.90669E+01,6.90669E+01,6.90669E+01,6.90669E+01,6.90669E+01,6.90669E+01,6.90669E+01,1.96610E+00,6.90669E+01,6.90669E+01,6.90669E+01,6.90669E+01,6.90669E+01,6.90669E+01,6.90669E+01,6.90669E+01,6.90669E+01,6.90669E+01,6.90669E+01,6.90669E+01,6.90669E+01 
#t = 3.738E+03
6.90669E+01,6.90669E+01,6.90669E+01,6.90669E+01,6.90669E+01,6.90669E+01,6.90669E+01,1.14008E+01,6.90669E+01,6.90669E+01,6.90669E+01,6.90669E+01,6.90669E+01,6.90669E+01,6.90669E+01,6.90669E+01,6.90669E+01,6.90669E+01,6.90669E+01,6.90669E+01,6.90669E+01,6.90669E+01,6.90669E+01,6.90669E+01,6.90669E+01,6.90669E+01,6.90669E+01,6.90669E+01,6.90669E+01,6.90669E+01,6.90669E+01,6.90669E+01,6.90669E+01,6.90669E+01,6.90669E+01,6.90669E+01,6.90669E+01,6.90669E+01,1.18760E+00,1.08241E+00,6.90669E+01,6.90669E+01,6.90669E+01,6.90669E+01,1.01705E+00,6.90669E+01 
#t = 3.780E+03
1.14008E+01,6.90669E+01,6.90669E+01,6.90669E+01,6.90669E+01,6.90669E+01,6.90669E+01,6.90669E+01,6.90669E+01,8.73947E+00,6.90669E+01,6.90669E+01,6.90669E+01,6.90669E+01,6.90669E+01,6.90669E+01,6.90669E+01,6.90669E+01,6.90669E+01,6.90669E+01,6.38047E+00,6.90669E+01,6.90669E+01,6.90669E+01,6.90669E+01,6.90669E+01,6.90669E+01,6.90669E+01,6.90669E+01,9.78863E+00,6.90669E+01,6.90669E+01,6.90669E+01,6.90669E+01,6.90669E+01,6.90669E+01,6.90669E+01,6.90669E+01,6.90669E+01,6.90669E+01,6.90669E+01,6.90669E+01,3.23012E-01,6.90669E+01,6.90669E+01,6.90669E+01,6.90669E+01,6.90669E+01,6.90669E+01,3.43619E+00,6.90669E+01 
#t = 3.822E+03
6.90669E+01,6.90669E+01,6.90669E+01,6.90669E+01,6.90669E+01,6.90669E+01,6.90669E+01,6.90669E+01,6.90669E+01,2.89733E+01,6.90669E+01,6.90669E+01,6.90669E+01,6.90669E+01,6.90669E+01,6.90669E+01,6.90669E+01,2.89733E+01,6.90669E+01,6.90669E+01,6.90669E+01,6.90669E+01,6.90669E+01,6.90669E+01,6.90669E+01,6.90669E+01,6.90669E+01,7.20520E+00,9.33274E+00,6.90669E+01,6.90669E+01,6.90669E+01,6.90669E+01,6.90669E+01,6.90669E+01,2.50230E+00,6.90669E+01,2.31708E+00,2.89733E+01 
#t = 3.864E+03
2.89733E+01,6.90669E+01,6.90669E+01,6.90669E+01,6.90669E+01,6.90669E+01,6.90669E+01,2.89733E+01,6.90669E+01,1.05774E+01,6.90669E+01,6.90669E+01,6.90669E+01,6.90669E+01,6.90669E+01,6.90669E+01,6.90669E+01,6.90669E+01,6.90669E+01,6.90669E+01,6.90669E+01,6.90669E+01,6.90669E+01,6.90669E+01,6.90669E+01,6.90669E+01,6.90669E+01,6.90669E+01,6.90669E+01,2.89733E+01,1.89419E+00,5.60126E+00,6.90669E+01,6.90669E+01,6.90669E+01,6.90669E+01,6.90669E+01,6.90669E+01,3.37378E+01,6.90669E+01,6.90669E+01,6.90669E+01,5.62860E+00,6.90669E+01 
#t = 3.906E+03
6.90669E+01,6.90669E+01,6.90669E+01,6.90669E+01,6.90669E+01,3.37378E+01,6.90669E+01,6.90669E+01,6.90669E+01,6.90669E+01,3.37378E+01,3.37378E+01,6.90669E+01,6.90669E+01,2.89733E+01,6.90669E+01,6.90669E+01,3.37378E+01,6.90669E+01,6.90669E+01,6.90669E+01,6.90669E+01,6.90669E+01,3.37378E+01,2.89733E+01,6.90669E+01,6.90669E+01,6.90669E+01,6.90669E+01,6.90669E+01,6.90669E+01,6.90669E+01,3.37378E+01,6.90669E+01,6.90669E+01,6.90669E+01,1.20523E+00,6.90669E+01,6.90669E+01 
#t = 3.948E+03
6.90669E+01,6.90669E+01,3.37378E+01,3.37378E+01,6.90669E+01,6.90669E+01,6.90669E+01,6.90669E+01,3.37378E+01,6.90669E+01,6.90669E+01,6.90669E+01,3.37378E+01,6.90669E+01,3.37378E+01,6.90669E+01,6.90669E+01,6.90669E+01,3.37378E+01,3.37378E+01,3.37378E+01,6.90669E+01,6.90669E+01,1.44443E+01,1.44443E+01,6.90669E+01,6.90669E+01,6.90669E+01,3.37378E+01,6.90669E+01,6.90669E+01,3.37378E+01,6.90669E+01,3.37378E+01,3.37378E+01,6.90669E+01,6.90669E+01,6.90669E+01,6.27983E+00,6.90669E+01,6.90669E+01,1.18102E+00,3.37378E+01,3.37378E+01,3.37378E+01 
#t = 3.990E+03
6.90669E+01,6.90669E+01,6.90669E+01,6.90669E+01,6.90669E+01,3.37378E+01,6.90669E+01,6.90669E+01,6.90669E+01,6.90669E+01,3.37378E+01,6.90669E+01,3.37378E+01,6.90669E+01,6.90669E+01,6.90669E+01,7.43506E+00,6.90669E+01,6.90669E+01,6.90669E+01,6.90669E+01,6.90669E+01,3.37378E+01,3.37378E+01,6.90669E+01,3.37378E+01,3.37378E+01,6.90669E+01,6.90669E+01,6.90669E+01,6.90669E+01,3.37378E+01,6.90669E+01,6.90669E+01,3.37378E+01,3.37378E+01 
#t = 4.032E+03
6.90669E+01,6.90669E+01,3.37378E+01,2.34133E+01,6.90669E+01,6.90669E+01,1.07585E+01,6.90669E+01,6.90669E+01,6.90669E+01,2.34133E+01,6.90669E+01,6.90669E+01,3.37378E+01,6.90669E+01,6.90669E+01,3.37378E+01,6.90669E+01,6.90669E+01,6.90669E+01,3.37378E+01,6.90669E+01,3.37378E+01,6.90669E+01,3.37378E+01,6.90669E+01,3.37378E+01,6.90669E+01,1.40532E+00,6.90669E+01,6.90669E+01,6.90669E+01,6.90669E+01 
#t = 4.074E+03
6.90669E+01,3.37378E+01,6.90669E+01,3.37378E+01,3.37378E+01,3.37378E+01,6.90669E+01,3.37378E+01,3.37378E+01,6.90669E+01,3.37378E+01,6.90669E+01,6.90669E+01,1.07585E+01,6.90669E+01,3.37378E+01,6.90669E+01,6.90669E+01,6.90669E+01,3.37378E+01,1.07585E+01,6.90669E+01,6.90669E+01,6.90669E+01,6.90669E+01,6.90669E+01,3.37378E+01 
#t = 4.116E+03
3.37378E+01,1.07585E+01,6.90669E+01,6.90669E+01,3.37378E+01,6.90669E+01,3.37378E+01,6.90669E+01,6.90669E+01,6.90669E+01,6.90669E+01,6.90669E+01,6.90669E+01,6.90669E+01,3.37378E+01,3.37378E+01,1.30468E+01,6.90669E+01,3.37378E+01,1.30468E+01,3.37378E+01,3.37378E+01,3.37378E+01,6.90669E+01,6.90669E+01,9.75831E+00,6.90669E+01,6.90669E+01,3.37378E+01,3.37378E+01,6.90669E+01,3.37378E+01,3.37378E+01,1.30468E+01,3.37378E+01 
#t = 4.158E+03
3.37378E+01,3.37378E+01,6.90669E+01,1.14799E+01,3.37378E+01,6.90669E+01,3.37378E+01,3.37378E+01,3.37378E+01,3.37378E+01,3.37378E+01,6.90669E+01,6.90669E+01,3.37378E+01,3.37378E+01,6.90669E+01,6.90669E+01,3.37378E+01,3.37378E+01,1.14799E+01,3.37378E+01,3.37378E+01,6.90669E+01,3.37378E+01,6.90669E+01,6.90669E+01,6.90669E+01,6.90669E+01,6.90669E+01,6.90669E+01,3.37378E+01,6.90669E+01,3.37378E+01,3.82935E+00,3.37378E+01,1.20491E+01,6.90669E+01,6.90669E+01,8.46291E+00 
#t = 4.200E+03
3.37378E+01,6.90669E+01,6.90669E+01,3.37378E+01,3.37378E+01,3.37378E+01,6.90669E+01,6.90669E+01,1.14799E+01,6.90669E+01,6.90669E+01,1.14799E+01,6.90669E+01,6.90669E+01,3.37378E+01,6.90669E+01,6.90669E+01,3.37378E+01,6.90669E+01,6.90669E+01,6.90669E+01,6.90669E+01,6.90669E+01,6.90669E+01,6.90669E+01,6.90669E+01,6.90669E+01,3.37378E+01,6.90669E+01,6.90669E+01,6.90669E+01,6.90669E+01,6.90669E+01,6.90669E+01,6.90669E+01,1.14799E+01,6.90669E+01,5.32389E+00,6.90669E+01,6.90669E+01,6.90669E+01 
