#t = 0.000E+00
6.60030E+00,2.54615E+00,3.79009E+00,1.16724E+00,7.40780E-01 
#t = 4.200E+01
2.33021E+01,2.33021E+01,2.33021E+01,2.33021E+01 
#t = 8.400E+01
2.33021E+01,2.33021E+01,2.33021E+01,2.33021E+01,2.33021E+01,2.33021E+01,2.33021E+01,3.78590E+00 
#t = 1.260E+02
2.33021E+01,2.33021E+01,2.33021E+01,1.39481E+00,2.33021E+01,2.33021E+01,2.33021E+01,2.33021E+01,2.33021E+01,4.48591E-01,3.17063E-01,2.33021E+01,7.44069E-01 
#t = 1.680E+02
2.33021E+01,2.33021E+01,2.33021E+01,2.33021E+01,2.27795E+01,2.27795E+01,2.33021E+01,2.33021E+01,2.33021E+01,1.33569E+01,2.33021E+01,2.33021E+01,2.33021E+01,1.09230E+00,2.33021E+01,6.34623E+00,2.33021E+01,2.27795E+01,2.33021E+01,7.69931E+00 
#t = 2.100E+02
2.33021E+01,2.33021E+01,1.33672E+01,2.33021E+01,2.33021E+01,2.33021E+01,1.48632E+00,1.21319E+01,2.33021E+01,2.59254E+00,1.18562E+01,2.33021E+01,2.33021E+01,1.21319E+01 
#t = 2.520E+02
2.33021E+01,2.33021E+01,2.33021E+01,2.33021E+01,2.33021E+01,6.38051E+01,5.44845E+00,7.86398E-01,4.73732E+00,2.73486E+00,6.71670E-01 
#t = 2.940E+02
2.33021E+01,2.33021E+01,1.20511E+01,2.33021E+01,2.33021E+01,2.33021E+01,2.33021E+01,2.33021E+01,2.33021E+01,2.33021E+01,2.33021E+01,2.33021E+01,2.33021E+01,2.33021E+01,1.10123E+00,2.11602E+00 
#t = 3.360E+02
2.33021E+01,2.33021E+01,2.33021E+01,2.33021E+01,2.33021E+01,2.33021E+01,2.33021E+01,2.33021E+01,2.33021E+01,2.33021E+01,2.33021E+01,2.33021E+01,2.33021E+01,2.33021E+01,2.33021E+01,2.33021E+01,2.33021E+01,2.33021E+01,7.32508E+00,2.33021E+01,2.33021E+01,2.33021E+01 
#t = 3.780E+02
2.33021E+01,2.33021E+01,2.33021E+01,2.33021E+01,2.33021E+01,1.09194E+01,2.33021E+01,2.33021E+01,2.33021E+01,2.33021E+01,2.33021E+01,2.33021E+01,2.33021E+01,2.33021E+01,2.33021E+01,2.33021E+01,2.33021E+01,2.33021E+01,2.33021E+01,2.33021E+01,2.33021E+01,2.33021E+01,2.33021E+01,2.33021E+01,2.33021E+01,2.33021E+01,2.33021E+01,2.33021E+01,2.33021E+01,2.33021E+01,2.33021E+01,1.38948E+00,4.35956E+00,2.33021E+01,2.05019E+01 
#t = 4.200E+02
2.33021E+01,2.33021E+01,2.33021E+01,2.60664E+01,2.33021E+01,2.33021E+01,2.33021E+01,2.33021E+01,2.33021E+01,2.33021E+01,1.30993E+01,8.65799E+00,2.33021E+01,2.33021E+01,2.33021E+01,2.33021E+01,2.33021E+01,2.33021E+01,2.33021E+01,2.33021E+01,8.93367E+00,2.33021E+01,2.33021E+01,2.33021E+01,2.46769E-01,6.51235E+00,2.33021E+01,4.35830E+00,2.33021E+01,2.33021E+01,2.33021E+01 
#t = 4.620E+02
2.33021E+01,2.33021E+01,2.33021E+01,2.33021E+01,2.33021E+01,2.33021E+01,2.60664E+01,7.21598E+00,2.33021E+01,2.33021E+01,2.33021E+01,2.60664E+01,2.33021E+01,2.33021E+01,2.33021E+01,2.33021E+01,2.33021E+01,2.60664E+01,2.33021E+01,3.23164E-01,2.33021E+01,2.33021E+01,6.70894E+00,3.99435E+00,2.33021E+01,2.33021E+01 
#t = 5.040E+02
2.33021E+01,2.33021E+01,2.33021E+01,2.33021E+01,2.33021E+01,2.33021E+01,2.33021E+01,2.33021E+01,2.33021E+01,2.33021E+01,2.33021E+01,2.33021E+01,4.92430E+00,2.33021E+01,2.33021E+01,1.55112E+01,2.33021E+01,2.33021E+01,2.33021E+01,2.33021E+01,1.81552E-01,2.33021E+01 
#t = 5.460E+02
2.33021E+01,2.33021E+01,2.33021E+01,2.33021E+01,2.33021E+01,2.33021E+01,2.33021E+01,2.33021E+01,2.33021E+01,2.33021E+01,2.33021E+01,2.33021E+01,2.33021E+01,2.33021E+01,2.33021E+01,2.33021E+01,2.33021E+01,2.33021E+01,2.33021E+01,1.59868E+00,2.33021E+01 
#t = 5.880E+02
2.33021E+01,2.33021E+01,2.33021E+01,2.33021E+01,2.33021E+01,2.33021E+01,2.33021E+01,5.40790E+00,2.33021E+01,6.39964E+00,2.33021E+01,2.33021E+01,4.94164E+00 
#t = 6.300E+02
2.33021E+01,2.33021E+01,2.33021E+01,2.33021E+01,2.33021E+01,2.33021E+01,2.33021E+01,2.33021E+01,2.33021E+01,2.33021E+01,2.33021E+01,2.33021E+01,2.33021E+01,2.33021E+01,2.33021E+01,2.33021E+01,2.33021E+01,2.33021E+01,2.33021E+01,2.33021E+01,2.33021E+01,2.33021E+01,2.33021E+01,2.33021E+01,2.33021E+01 
#t = 6.720E+02
2.33021E+01,2.33021E+01,2.33021E+01,2.33021E+01,2.33021E+01,2.33021E+01,2.33021E+01,2.33021E+01,2.33021E+01,5.88004E+00,2.33021E+01,8.10707E+00,2.33021E+01,2.33021E+01,2.33021E+01,3.04441E+00,2.33021E+01,2.33021E+01 
#t = 7.140E+02
2.33021E+01,2.33021E+01,2.33021E+01,2.33021E+01,2.33021E+01,2.33021E+01,2.33021E+01,7.61832E+00,2.33021E+01,2.33021E+01,2.33021E+01,2.33021E+01,1.35546E+01,2.20858E+00,2.33021E+01,1.24947E+00,9.10816E-01,1.35546E+01,4.66306E+00,2.33021E+01,2.33021E+01,1.59902E+00,6.12678E+00,2.33021E+01,2.33021E+01,1.14666E+01 
#t = 7.560E+02
2.33021E+01,2.33021E+01,2.33021E+01,2.33021E+01,2.33021E+01,2.33021E+01,2.33021E+01,2.33021E+01,2.33021E+01,2.33021E+01,2.33021E+01,2.33021E+01,2.33021E+01,2.33021E+01,2.33021E+01,2.33021E+01,2.33021E+01,2.33021E+01,8.67708E+00,2.33021E+01,1.80124E+00,1.73499E+00,2.33021E+01,1.81472E+00,2.33021E+01,2.33021E+01,1.07075E+01,2.33021E+01,2.33021E+01 
#t = 7.980E+02
2.33021E+01,2.33021E+01,2.33021E+01,2.33021E+01,1.60760E+01,2.33021E+01,2.33021E+01,2.33021E+01,2.33021E+01,2.33021E+01,2.33021E+01,2.33021E+01,2.33021E+01,2.33021E+01,2.33021E+01,2.33021E+01,2.33021E+01,2.33021E+01,2.33021E+01,2.33021E+01,2.48928E+00,2.21761E+00,2.33021E+01 
#t = 8.400E+02
2.33021E+01,2.33021E+01,2.33021E+01,2.33021E+01,2.33021E+01,2.33021E+01,2.33021E+01,2.33021E+01,2.33021E+01,2.33021E+01,1.60760E+01,2.33021E+01,2.33021E+01,2.33021E+01,1.60760E+01,1.99459E+00,2.33021E+01,1.60760E+01,1.78041E+00,2.33021E+01,2.24583E+00,2.33021E+01 
#t = 8.820E+02
2.33021E+01,1.60760E+01,2.33021E+01,2.33021E+01,2.33021E+01,2.33021E+01,1.78979E+01,1.13434E+01,1.60760E+01,2.33021E+01,2.33021E+01,1.78979E+01,2.33021E+01,2.33021E+01,2.33021E+01,2.33021E+01,4.77606E+00,2.33021E+01,2.33021E+01,2.33021E+01,2.33021E+01 
#t = 9.240E+02
2.33021E+01,2.33021E+01,1.78979E+01,1.60760E+01,1.78979E+01,2.33021E+01,1.78979E+01,2.33021E+01,2.48962E+00,2.59211E+00,2.33021E+01,2.33021E+01 
#t = 9.660E+02
2.33021E+01,2.33021E+01,2.33021E+01,2.33021E+01,2.33021E+01,2.33021E+01,3.55889E+00,2.33021E+01,2.75468E+00,1.52985E+00,3.12357E+00,2.33021E+01 
#t = 1.008E+03
2.33021E+01,2.33021E+01,9.11855E+00,2.33021E+01,2.33021E+01,2.33021E+01,2.33021E+01,2.33021E+01,2.33021E+01,2.33021E+01,2.33021E+01,2.33021E+01,5.75537E+00,2.33021E+01,2.33021E+01,2.33021E+01,1.26525E+00,2.33021E+01,2.33021E+01 
#t = 1.050E+03
2.33021E+01,2.33021E+01,2.33021E+01,2.33021E+01,2.33021E+01,2.33021E+01,2.33021E+01,2.33021E+01,2.33021E+01,2.33021E+01,2.33021E+01,2.33021E+01,2.33021E+01,2.33021E+01,2.33021E+01,2.33021E+01,2.33021E+01,3.72301E+00,2.33021E+01 
#t = 1.092E+03
2.33021E+01,2.33021E+01,1.13374E+01,2.33021E+01,2.33021E+01,2.33021E+01,1.58666E+01,2.33021E+01,2.33021E+01,1.04510E+01,2.33021E+01,2.33021E+01,1.13374E+01,2.33021E+01,2.33021E+01,2.33021E+01,2.33021E+01,2.33021E+01,2.33021E+01 
#t = 1.134E+03
1.13374E+01,2.33021E+01,1.13374E+01,2.33021E+01,1.67767E+01,2.33021E+01,2.33021E+01,2.33021E+01,1.67767E+01,1.67767E+01,2.33021E+01,2.33021E+01,2.33021E+01,2.33021E+01,2.33021E+01,2.33021E+01,1.67767E+01,1.13374E+01 
#t = 1.176E+03
2.33021E+01,2.33021E+01,1.67767E+01,2.33021E+01,2.33021E+01,2.33021E+01,2.33021E+01,2.33021E+01,9.94256E+00,2.33021E+01,2.33021E+01,5.44571E+00,2.33021E+01,2.33021E+01,2.33021E+01,2.33021E+01,2.33021E+01,7.88688E+00,2.33021E+01,2.02038E+00,4.91127E-01 
#t = 1.218E+03
1.67767E+01,2.33021E+01,2.33021E+01,2.33021E+01,2.33021E+01,2.33021E+01,1.67767E+01,1.67767E+01,2.33021E+01,2.33021E+01,9.67385E-01,2.33021E+01,1.49486E+00,2.33021E+01,2.33021E+01,8.65793E-01 
#t = 1.260E+03
2.33021E+01,2.33021E+01,2.33021E+01,2.33021E+01,2.33021E+01,2.33021E+01,2.33021E+01,2.33021E+01,2.33021E+01,2.33021E+01,2.33021E+01,2.33021E+01,2.33021E+01,2.33021E+01,2.33021E+01,4.13290E+00,2.33021E+01,2.33021E+01,2.33021E+01,2.33021E+01,2.33021E+01,2.33021E+01,2.33021E+01 
#t = 1.302E+03
2.33021E+01,2.33021E+01,2.33021E+01,2.33021E+01,2.33021E+01,2.33021E+01,2.33021E+01,2.33021E+01,2.33021E+01,2.33021E+01,2.33021E+01,2.33021E+01,2.33021E+01,6.69782E-01,3.95658E+00,2.33021E+01,2.33021E+01,2.33021E+01 
#t = 1.344E+03
2.33021E+01,2.33021E+01,2.33021E+01,2.33021E+01,1.42567E+01,6.76706E+00,2.33021E+01,2.33021E+01,1.42567E+01,2.33021E+01,2.33021E+01,2.33021E+01,1.42567E+01,7.85098E-01,2.33021E+01,1.42567E+01 
#t = 1.386E+03
2.33021E+01,2.33021E+01,2.33021E+01,2.33021E+01,2.33021E+01,1.42567E+01,2.33021E+01,1.42567E+01,3.34021E+01,7.66816E+00,2.33021E+01,1.42567E+01,1.42567E+01,2.33021E+01,2.33021E+01,1.42567E+01,1.01569E+01,7.34841E+00,1.42567E+01,1.42567E+01,2.33021E+01,3.34021E+01,3.34021E+01,1.42567E+01,2.33021E+01,1.42567E+01,2.33021E+01,2.33021E+01,1.42567E+01,1.65659E+01,1.42567E+01 
#t = 1.428E+03
2.33021E+01,1.42567E+01,2.33021E+01,2.33021E+01,2.33021E+01,2.33021E+01,2.33021E+01,1.65659E+01,2.33021E+01,2.33021E+01,2.33021E+01,2.33021E+01,2.33021E+01,1.42567E+01,2.33021E+01,2.33021E+01,2.33021E+01,2.33021E+01,2.33021E+01,2.33021E+01,2.33021E+01 
#t = 1.470E+03
2.33021E+01,2.33021E+01,2.33021E+01,2.33021E+01,1.42567E+01,2.33021E+01,2.33021E+01,2.33021E+01,2.33021E+01,2.33021E+01,2.33021E+01,6.80508E+00,2.33021E+01,2.33021E+01,5.52917E+00,2.33021E+01,2.33021E+01,1.42567E+01,2.33021E+01,1.42567E+01 
#t = 1.512E+03
2.33021E+01,1.46302E+01,1.46302E+01,2.33021E+01,1.42567E+01,2.33021E+01,2.33021E+01,2.33021E+01,2.33021E+01,1.42567E+01,3.36631E+00 
#t = 1.554E+03
1.42567E+01,2.33021E+01,1.46302E+01,4.34783E+00,2.33021E+01,1.42567E+01,2.33021E+01,1.46302E+01,2.03178E+00,2.33021E+01,1.46302E+01,2.33021E+01,2.29071E+00 
#t = 1.596E+03
2.33021E+01,2.33021E+01,2.33021E+01,2.33021E+01,9.31461E+00,1.46302E+01,2.33021E+01,2.33021E+01,2.33021E+01,2.33021E+01,2.33021E+01,1.02157E+00 
#t = 1.638E+03
2.33021E+01,2.33021E+01,2.33021E+01,2.33021E+01,2.33021E+01,2.33021E+01,2.33021E+01,2.33021E+01,2.33021E+01,2.33021E+01,2.33021E+01,2.33021E+01,2.33021E+01,2.33021E+01,2.33021E+01,2.33021E+01,2.33021E+01,2.33021E+01,2.33021E+01,1.17919E+01,2.33021E+01,2.33021E+01,2.33021E+01,2.33021E+01,1.17919E+01,1.17919E+01,2.33021E+01,2.33021E+01,2.75346E+00,2.33021E+01,1.04891E+00,2.33021E+01,2.33021E+01,2.33021E+01,2.33021E+01 
#t = 1.680E+03
2.33021E+01,2.33021E+01,2.33021E+01,2.33021E+01,2.33021E+01,2.33021E+01,1.76221E+01,2.33021E+01,2.33021E+01,1.17919E+01,1.17919E+01,2.33021E+01,2.33021E+01,2.33021E+01,2.33021E+01,2.33021E+01,9.59824E+00,2.33021E+01,5.81050E+00,1.76221E+01 
#t = 1.722E+03
2.33021E+01,2.33021E+01,2.33021E+01,2.33021E+01,2.33021E+01,2.33021E+01,2.33021E+01,2.33021E+01,1.76221E+01,2.33021E+01,1.76221E+01,2.33021E+01,2.33021E+01,2.33021E+01,1.76221E+01,1.68475E+01,2.33021E+01,2.33021E+01,1.68475E+01,2.33021E+01,2.33021E+01,2.33021E+01,2.33021E+01 
#t = 1.764E+03
2.33021E+01,2.33021E+01,1.76221E+01,2.33021E+01,2.33021E+01,1.76221E+01,1.76221E+01,1.76221E+01,2.33021E+01,2.33021E+01,2.33021E+01,2.33021E+01,2.33021E+01,2.33021E+01,2.33021E+01,2.33021E+01,2.33021E+01,2.33021E+01,2.33021E+01,2.33021E+01,2.33021E+01,2.46182E+00,1.81563E+00 
#t = 1.806E+03
2.33021E+01,2.33021E+01,2.33021E+01,2.33021E+01,2.33021E+01,2.33021E+01,2.33021E+01,2.33021E+01,2.33021E+01,2.33021E+01,2.33021E+01,2.33021E+01,2.33021E+01,2.33021E+01,2.71367E+01,2.33021E+01,2.33021E+01,2.33021E+01,2.33021E+01,2.33021E+01,2.33021E+01,2.33021E+01,2.33021E+01,2.33021E+01,2.71367E+01,2.33021E+01,1.37405E-01,2.33021E+01,2.33021E+01,2.33021E+01,2.33021E+01,2.33021E+01,1.36273E+00 
#t = 1.848E+03
2.33021E+01,2.33021E+01,2.33021E+01,2.33021E+01,2.33021E+01,2.33021E+01,2.33021E+01,2.33021E+01,2.33021E+01,2.33021E+01,2.33021E+01,2.33021E+01,2.33021E+01,6.10737E+00,2.33021E+01,2.33021E+01,2.33021E+01,2.33021E+01,2.33021E+01,6.39930E+00,2.33021E+01,2.33021E+01,2.33021E+01,2.33021E+01,5.83765E+00,2.33021E+01,1.34737E+00,2.33021E+01 
#t = 1.890E+03
2.33021E+01,2.33021E+01,2.33021E+01,2.33021E+01,2.33021E+01,2.33021E+01,2.33021E+01,2.33021E+01,2.33021E+01,2.33021E+01,2.33021E+01,2.33021E+01,2.33021E+01,2.33021E+01,2.33021E+01,3.13767E+01,1.28960E+00,2.33021E+01,2.33021E+01,2.33021E+01,2.33021E+01 
#t = 1.932E+03
2.33021E+01,3.13767E+01,2.33021E+01,2.33021E+01,2.33021E+01,2.33021E+01,9.90834E+00,2.33021E+01,2.33021E+01,2.33021E+01,5.46486E+00,1.21223E+01,2.33021E+01,2.33021E+01,1.17534E+01,2.33021E+01 
#t = 1.974E+03
2.33021E+01,1.17534E+01,1.21223E+01,2.33021E+01,2.33021E+01,1.17534E+01,2.33021E+01,1.17534E+01,2.33021E+01,2.33021E+01,2.33021E+01,2.33021E+01,1.21223E+01,2.33021E+01,2.33021E+01,2.33021E+01,1.17534E+01,2.33021E+01,1.17534E+01,2.33021E+01,1.56649E+00,3.75405E+00 
#t = 2.016E+03
2.33021E+01,1.17534E+01,2.33021E+01,1.93705E+01,2.33021E+01,2.33021E+01,1.02346E+01,1.93705E+01,1.17534E+01,2.24560E+00,2.33021E+01,1.17534E+01,4.04107E+00 
#t = 2.058E+03
2.33021E+01,2.33021E+01,1.50571E+01,2.33021E+01,2.33021E+01,2.33021E+01,2.33021E+01,2.33021E+01,2.33021E+01,1.87301E+00,1.50571E+01,7.00258E-01,2.33021E+01,7.98505E-01,2.33021E+01 
#t = 2.100E+03
2.33021E+01,2.33021E+01,2.33021E+01,2.33021E+01,2.33021E+01,2.33021E+01,2.33021E+01,2.33021E+01,2.40476E+00,2.33021E+01,1.29040E+00,2.33021E+01,3.34076E+00,1.64705E-01,2.33021E+01,9.23854E+00,1.74470E+00,2.33021E+01 
#t = 2.142E+03
2.33021E+01,2.33021E+01,2.33021E+01,2.33021E+01,2.33021E+01,2.33021E+01,2.33021E+01,2.33021E+01,2.33021E+01,7.17459E+00,2.33021E+01,2.33021E+01,2.33021E+01,2.33021E+01,2.33021E+01,2.33021E+01,2.33021E+01,2.33021E+01,2.33021E+01,2.18169E+00 
#t = 2.184E+03
2.33021E+01,2.33021E+01,2.33021E+01,2.33021E+01,2.33021E+01,2.33021E+01,2.33021E+01,2.33021E+01,2.33021E+01,2.33021E+01,2.33021E+01,2.33021E+01,2.33021E+01,2.33021E+01,9.05368E-01,6.02066E-01,2.33021E+01,2.33021E+01,2.33021E+01,2.33021E+01 
#t = 2.226E+03
2.33021E+01,2.33021E+01,2.33021E+01,2.33021E+01,2.33021E+01,2.33021E+01,2.33021E+01,2.33021E+01,2.33021E+01,2.33021E+01,2.33021E+01,2.33021E+01,2.33021E+01,2.33021E+01,2.33021E+01,2.33021E+01,2.33021E+01,2.33021E+01,2.33021E+01,2.11819E+00,2.33021E+01,4.15474E+00,1.93191E+00,2.33021E+01,2.33021E+01,2.33021E+01 
#t = 2.268E+03
2.33021E+01,2.33021E+01,2.33021E+01,2.33021E+01,2.33021E+01,2.33021E+01,2.33021E+01,2.33021E+01,2.33021E+01,2.33021E+01,7.50757E+00,2.33021E+01,2.33021E+01,2.33021E+01,2.33021E+01,2.33021E+01,3.70961E+01,2.33021E+01,2.33021E+01,2.33021E+01,2.33021E+01,2.33021E+01,2.30919E+00,2.33021E+01,2.02593E+00,3.70961E+01,2.49867E+00,3.78923E-01 
#t = 2.310E+03
2.33021E+01,2.33021E+01,2.33021E+01,2.33021E+01,2.33021E+01,2.33021E+01,2.33021E+01,2.33021E+01,2.33021E+01,2.33021E+01,2.33021E+01,2.33021E+01,2.33021E+01,2.33021E+01,2.33021E+01,2.33021E+01,2.33021E+01,1.11133E+00 
#t = 2.352E+03
2.33021E+01,2.33021E+01,2.33021E+01,2.33021E+01,2.33021E+01,2.33021E+01,2.33021E+01,2.33021E+01,2.33021E+01,2.33021E+01,2.33021E+01,2.33021E+01,2.33021E+01,2.33021E+01,2.33021E+01,2.33021E+01,2.33021E+01,2.33021E+01,6.79858E+00,2.33021E+01,2.33021E+01,2.33021E+01,2.33021E+01,2.33021E+01,2.33021E+01,2.33021E+01,2.33021E+01,2.33021E+01,2.33021E+01,2.33021E+01,2.30442E+00,2.33021E+01,2.33021E+01,7.14491E+00 
#t = 2.394E+03
2.33021E+01,2.33021E+01,2.33021E+01,2.33021E+01,2.33021E+01,2.33021E+01,2.33021E+01,2.33021E+01,2.33021E+01,2.33021E+01,2.33021E+01,2.33021E+01,2.33021E+01,2.33021E+01,2.33021E+01,2.33021E+01,2.33021E+01,2.33021E+01,2.33021E+01,2.33021E+01,2.33021E+01,2.33021E+01,2.33021E+01,7.45133E+00,2.33021E+01,2.33021E+01,2.33021E+01,2.33021E+01,2.33021E+01,2.33021E+01 
#t = 2.436E+03
2.33021E+01,2.33021E+01,2.33021E+01,2.33021E+01,2.33021E+01,2.33021E+01,2.33021E+01,9.82103E+00,2.33021E+01,2.33021E+01,2.33021E+01,3.90474E+00,2.33021E+01,2.33021E+01,2.33021E+01,2.33021E+01,2.33021E+01,1.20346E+00,2.33021E+01,2.33021E+01,2.33021E+01,2.33021E+01,2.33021E+01 
#t = 2.478E+03
2.33021E+01,2.33021E+01,2.33021E+01,2.33021E+01,2.33021E+01,2.33021E+01,2.33021E+01,2.33021E+01,2.33021E+01,2.33021E+01,2.33021E+01,2.33021E+01,1.02797E+01,2.33021E+01,2.33021E+01,2.33021E+01,2.33021E+01,2.33021E+01,2.33021E+01,2.33021E+01,2.33021E+01,2.33021E+01,2.33021E+01,2.33021E+01 
#t = 2.520E+03
2.33021E+01,2.33021E+01,2.33021E+01,2.33021E+01,2.33021E+01,1.02797E+01,2.33021E+01,2.33021E+01,2.33021E+01,2.33021E+01,2.33021E+01,2.33021E+01,2.33021E+01,2.33021E+01,2.33021E+01,2.33021E+01,2.33021E+01,2.33021E+01,2.33021E+01,2.33021E+01,2.33021E+01,2.33021E+01,2.33021E+01,2.33021E+01,2.33021E+01,2.33021E+01,2.33021E+01,2.33021E+01 
#t = 2.562E+03
1.02797E+01,2.33021E+01,2.33021E+01,2.33021E+01,2.33021E+01,2.33021E+01,2.33021E+01,2.33021E+01,2.33021E+01,2.33021E+01,2.33021E+01,2.33021E+01,2.33021E+01,2.33021E+01,2.33021E+01,2.33021E+01,2.33021E+01,4.58271E+01,2.22368E+00,2.33021E+01,4.51913E+00,2.33021E+01,2.33021E+01,2.33021E+01,2.33021E+01,2.33021E+01,2.33021E+01,2.33021E+01,1.25548E+00,1.41730E+00,4.58271E+01 
#t = 2.604E+03
2.33021E+01,2.33021E+01,2.33021E+01,4.58271E+01,2.33021E+01,4.58271E+01,2.33021E+01,2.33021E+01,2.33021E+01,2.33021E+01,2.33021E+01,2.33021E+01,1.30019E+01,2.33021E+01,2.33021E+01,2.33021E+01,4.58271E+01,2.33021E+01,2.33021E+01,2.33021E+01,2.33021E+01,2.33021E+01,2.33021E+01,1.30019E+01,4.58271E+01,2.33021E+01,2.33021E+01,2.33021E+01,3.24568E+00,2.33021E+01,4.88670E+00,2.33021E+01,2.33021E+01,2.33021E+01,2.33021E+01 
#t = 2.646E+03
4.58271E+01,2.33021E+01,2.33021E+01,2.33021E+01,2.33021E+01,2.33021E+01,1.30019E+01,1.30019E+01,1.30019E+01,2.33021E+01,4.58271E+01,4.58271E+01,4.58271E+01,1.30019E+01,2.33021E+01,2.33021E+01,2.33021E+01,4.58271E+01,1.30019E+01,2.33021E+01,1.30019E+01,2.33021E+01,2.33021E+01,1.30019E+01,4.58271E+01,4.58271E+01,1.87302E+01,2.33021E+01,2.33021E+01,2.33021E+01,2.33021E+01,2.33021E+01,1.30019E+01,1.30019E+01,2.33021E+01,4.58271E+01,2.33021E+01,1.87302E+01,4.58271E+01,7.32418E+00,2.33021E+01 
#t = 2.688E+03
1.30019E+01,1.30019E+01,1.30019E+01,4.58271E+01,1.30019E+01,2.33021E+01,1.30019E+01,4.58271E+01,4.58271E+01,2.33021E+01,4.58271E+01,2.33021E+01,4.58271E+01,2.33021E+01,2.33021E+01,1.30019E+01,4.58271E+01,4.58271E+01,4.58271E+01,4.58271E+01,4.58271E+01,4.58271E+01,1.30019E+01,2.33021E+01,3.07817E-01,4.58271E+01,2.33021E+01,1.71653E+00,4.58271E+01,4.58271E+01,4.58271E+01,4.58271E+01,2.33021E+01,4.58271E+01,1.30019E+01,2.33021E+01,4.58271E+01,1.30019E+01,4.58271E+01,4.58271E+01,4.58271E+01,1.30019E+01 
#t = 2.730E+03
1.30019E+01,1.30019E+01,4.58271E+01,1.30019E+01,2.33021E+01,1.30019E+01,4.58271E+01,4.58271E+01,4.58271E+01,4.58271E+01,2.33021E+01,4.58271E+01,1.30019E+01,8.94330E+00,4.58271E+01,4.58271E+01,1.30019E+01,1.30019E+01,4.58271E+01,4.58271E+01,4.58271E+01,4.58271E+01,1.30019E+01,4.58271E+01,4.58271E+01,1.03162E+01,4.58271E+01,4.58271E+01,4.58271E+01,2.33021E+01,4.58271E+01,3.67583E+00,1.30019E+01,4.58271E+01,4.58271E+01,4.58271E+01,2.33021E+01,1.30019E+01 
#t = 2.772E+03
4.58271E+01,1.03162E+01,4.58271E+01,2.33021E+01,4.58271E+01,2.33021E+01,4.58271E+01,4.58271E+01,4.58271E+01,2.33021E+01,4.58271E+01,4.58271E+01,2.33021E+01,4.58271E+01,2.33021E+01,4.58271E+01,2.33021E+01,4.58271E+01,4.58271E+01,2.66062E+00,4.58271E+01,3.75276E-01,4.58271E+01,4.58271E+01,4.58271E+01,2.32505E+00,6.25217E+00 
#t = 2.814E+03
2.33021E+01,2.33021E+01,2.33021E+01,4.58271E+01,4.58271E+01,2.33021E+01,4.58271E+01,4.58271E+01,2.33021E+01,2.33021E+01,2.33021E+01,4.58271E+01,4.58271E+01,4.58271E+01,4.58271E+01,4.58271E+01,4.58271E+01,4.58271E+01,2.33021E+01,4.58271E+01,1.82268E+01,4.58271E+01,1.35295E+01,2.33021E+01,4.58271E+01,4.58271E+01,4.58271E+01,4.58271E+01,4.58271E+01,4.58271E+01,2.33021E+01,4.58271E+01,4.58271E+01,4.58271E+01,3.56975E+00 
#t = 2.856E+03
4.58271E+01,4.58271E+01,4.58271E+01,4.58271E+01,4.58271E+01,4.58271E+01,4.58271E+01,4.58271E+01,4.58271E+01,4.58271E+01,4.58271E+01,4.58271E+01,4.58271E+01,4.58271E+01,4.58271E+01,2.33021E+01,4.58271E+01,4.58271E+01,4.58271E+01,4.58271E+01,4.58271E+01,4.58271E+01,4.58271E+01,4.58271E+01,4.58271E+01,4.58271E+01,4.58271E+01,4.58271E+01,4.58271E+01,4.58271E+01 
#t = 2.898E+03
4.58271E+01,4.58271E+01,4.58271E+01,4.58271E+01,4.58271E+01,4.58271E+01,4.58271E+01,4.58271E+01,4.58271E+01,4.58271E+01,4.58271E+01,4.58271E+01,4.58271E+01,4.58271E+01,4.58271E+01,7.75447E+00,1.79983E+01,4.58271E+01,4.58271E+01,4.58271E+01,4.58271E+01,4.58271E+01,4.58271E+01,1.79983E+01,1.32285E+00,4.58271E+01,1.94228E+01 
#t = 2.940E+03
4.58271E+01,4.58271E+01,4.58271E+01,1.79983E+01,4.58271E+01,4.58271E+01,4.58271E+01,4.58271E+01,4.58271E+01,4.58271E+01,4.58271E+01,1.79983E+01,4.58271E+01,4.58271E+01,4.58271E+01,4.58271E+01,4.58271E+01,4.58271E+01,4.58271E+01,4.58271E+01,4.58271E+01,4.58271E+01,4.58271E+01,7.01186E+00,4.58271E+01,4.58271E+01,4.58271E+01,4.58271E+01,4.58271E+01,4.58271E+01,4.58271E+01,4.58271E+01,4.58271E+01,4.58271E+01,4.58271E+01,2.59402E+00,4.58271E+01,4.58271E+01,4.58271E+01,4.58271E+01,4.58271E+01,4.58271E+01,4.58271E+01,4.58271E+01,5.62788E-01,4.58271E+01,4.58271E+01 
#t = 2.982E+03
4.58271E+01,4.58271E+01,4.58271E+01,4.58271E+01,4.58271E+01,4.58271E+01,4.58271E+01,4.58271E+01,4.58271E+01,4.58271E+01,4.58271E+01,4.58271E+01,4.58271E+01,1.49891E+01,4.58271E+01,5.80576E+00,4.58271E+01,5.38870E+00,4.58271E+01,4.58271E+01,4.58271E+01,4.58271E+01,4.58271E+01,4.58271E+01,4.58271E+01,4.58271E+01,4.58271E+01,4.58271E+01,4.58271E+01,4.58271E+01,4.58271E+01,4.58271E+01,4.58271E+01,4.58271E+01,4.58271E+01 
#t = 3.024E+03
4.58271E+01,4.58271E+01,4.58271E+01,4.58271E+01,4.58271E+01,4.58271E+01,4.58271E+01,4.58271E+01,4.58271E+01,4.58271E+01,4.58271E+01,4.58271E+01,4.58271E+01,4.58271E+01,4.58271E+01,4.58271E+01,4.58271E+01,4.58271E+01,4.23667E+00,8.07857E+00,4.58271E+01,4.58271E+01,4.58271E+01,4.58271E+01,4.58271E+01,3.60088E+00,4.58271E+01,4.58271E+01,4.58271E+01,6.29001E+00,4.58271E+01,4.58271E+01,4.58271E+01,1.66653E+00,4.58271E+01,4.58271E+01,8.57011E+00,1.09676E+00 
#t = 3.066E+03
4.58271E+01,4.58271E+01,4.58271E+01,4.58271E+01,4.58271E+01,4.58271E+01,1.12450E+01,4.58271E+01,4.58271E+01,4.58271E+01,4.58271E+01,4.58271E+01,4.58271E+01,4.58271E+01,4.58271E+01,4.58271E+01,4.58271E+01,4.58271E+01,4.58271E+01,4.58271E+01,4.58271E+01,4.58271E+01,4.58271E+01,4.58271E+01,4.58271E+01,4.58271E+01,4.58271E+01,4.58271E+01,4.58271E+01,2.25712E+00,4.58271E+01,4.58271E+01 
#t = 3.108E+03
4.58271E+01,4.58271E+01,4.58271E+01,4.58271E+01,4.58271E+01,4.58271E+01,4.58271E+01,4.58271E+01,4.58271E+01,4.58271E+01,4.58271E+01,4.58271E+01,4.58271E+01,4.58271E+01,4.58271E+01,4.58271E+01,4.58271E+01,4.58271E+01,4.58271E+01,4.58271E+01,4.58271E+01,1.49856E+01,4.58271E+01,4.58271E+01,4.58271E+01,4.58271E+01,4.58271E+01,4.58271E+01,4.58271E+01,4.09221E-01,4.58271E+01,4.58271E+01,1.44870E+00,4.58271E+01,4.58271E+01 
#t = 3.150E+03
4.58271E+01,4.58271E+01,4.58271E+01,4.58271E+01,4.58271E+01,4.58271E+01,4.58271E+01,4.58271E+01,4.58271E+01,4.58271E+01,4.58271E+01,4.58271E+01,4.58271E+01,4.58271E+01,4.58271E+01,4.58271E+01,4.58271E+01,4.58271E+01,4.58271E+01,4.58271E+01,4.58271E+01,4.58271E+01,4.58271E+01,4.58271E+01,4.58271E+01,4.58271E+01,4.58271E+01,9.26003E+00,4.58271E+01,4.58271E+01,4.58271E+01,4.58271E+01 
#t = 3.192E+03
4.58271E+01,4.58271E+01,4.58271E+01,4.58271E+01,4.58271E+01,4.58271E+01,4.58271E+01,4.58271E+01,4.58271E+01,4.58271E+01,4.58271E+01,4.58271E+01,4.58271E+01,4.58271E+01,4.58271E+01,4.58271E+01,4.58271E+01,4.58271E+01,3.56434E+00,4.58271E+01,4.58271E+01,4.58271E+01,4.58271E+01 
#t = 3.234E+03
4.58271E+01,4.58271E+01,4.58271E+01,4.58271E+01,4.58271E+01,4.58271E+01,4.58271E+01,4.58271E+01,4.58271E+01,4.58271E+01,4.58271E+01,4.58271E+01,4.58271E+01,4.58271E+01,4.58271E+01,4.58271E+01,4.58271E+01,4.58271E+01,4.58271E+01,1.56853E+01,4.58271E+01,4.58271E+01,4.58271E+01,2.05700E+01,4.58271E+01,4.58271E+01,4.58271E+01,4.58271E+01,1.56853E+01,4.58271E+01,5.82423E+00,4.58271E+01,4.58271E+01,4.58271E+01,4.58271E+01,4.58271E+01,4.05441E+00,1.56853E+01,4.58271E+01,4.58271E+01,4.58271E+01,9.09085E-01,4.58271E+01,1.56853E+01,1.56853E+01,4.58271E+01,4.58271E+01 
#t = 3.276E+03
4.58271E+01,4.58271E+01,4.58271E+01,4.58271E+01,4.58271E+01,1.96365E+01,4.58271E+01,4.58271E+01,4.58271E+01,4.58271E+01,4.58271E+01,4.58271E+01,2.05700E+01,4.58271E+01,4.58271E+01,4.58271E+01,4.58271E+01,4.58271E+01,4.58271E+01,4.58271E+01,4.58271E+01,4.58271E+01,4.58271E+01,4.58271E+01,4.58271E+01,4.58271E+01,4.58271E+01,1.50096E+01,4.58271E+01,4.58271E+01,4.58271E+01,4.58271E+01,1.50096E+01,4.58271E+01,4.58271E+01,1.13493E+00,4.58271E+01,4.58271E+01,4.58271E+01,4.58271E+01,4.58271E+01,4.58271E+01,6.46066E-01 
#t = 3.318E+03
4.58271E+01,4.58271E+01,4.58271E+01,1.50096E+01,4.58271E+01,4.58271E+01,4.58271E+01,4.58271E+01,4.58271E+01,4.58271E+01,4.58271E+01,4.58271E+01,4.58271E+01,4.58271E+01,4.58271E+01,4.58271E+01,4.58271E+01,4.58271E+01,1.50096E+01,4.58271E+01,4.58271E+01,4.58271E+01,4.58271E+01,2.05700E+01,4.58271E+01,4.58271E+01,2.05700E+01,4.58271E+01,4.58271E+01,1.50096E+01,4.58271E+01,1.48619E+00,4.58271E+01,4.58271E+01,2.05700E+01,4.58271E+01,4.58271E+01,4.58271E+01,4.58271E+01,4.58271E+01,4.58271E+01,4.58271E+01,4.58271E+01,4.58271E+01,4.58271E+01,2.05700E+01,4.58271E+01,4.58271E+01 
#t = 3.360E+03
4.58271E+01,4.58271E+01,4.58271E+01,4.58271E+01,4.58271E+01,4.58271E+01,4.58271E+01,4.58271E+01,4.58271E+01,4.58271E+01,4.58271E+01,4.58271E+01,4.58271E+01,4.58271E+01,4.58271E+01,4.58271E+01,4.58271E+01,4.58271E+01,4.58271E+01,4.58271E+01,4.58271E+01,4.58271E+01,4.58271E+01,4.58271E+01,4.58271E+01,4.58271E+01,4.58271E+01,4.58271E+01,4.58271E+01,4.58271E+01,4.58271E+01,4.58271E+01,4.74724E+00,4.58271E+01,4.58271E+01,4.58271E+01,1.71631E+00 
#t = 3.402E+03
4.58271E+01,4.58271E+01,4.58271E+01,4.58271E+01,4.58271E+01,4.58271E+01,4.58271E+01,4.58271E+01,4.58271E+01,4.58271E+01,4.58271E+01,4.58271E+01,4.58271E+01,4.58271E+01,4.58271E+01,4.58271E+01,4.58271E+01,4.58271E+01,4.58271E+01,4.58271E+01,4.58271E+01,4.58271E+01,4.58271E+01,4.58271E+01,4.58271E+01,4.58271E+01,4.58271E+01,4.58271E+01,4.58271E+01,4.58271E+01,4.58271E+01,4.58271E+01,2.46900E+00,1.50487E+01,1.37073E+01,4.58271E+01,4.58271E+01,4.58271E+01 
#t = 3.444E+03
4.58271E+01,4.58271E+01,4.58271E+01,4.58271E+01,4.58271E+01,4.58271E+01,4.58271E+01,4.58271E+01,4.58271E+01,1.50487E+01,4.58271E+01,4.58271E+01,4.58271E+01,4.58271E+01,1.50487E+01,4.58271E+01,4.58271E+01,4.58271E+01,4.58271E+01,4.58271E+01,4.58271E+01,1.37073E+01,4.58271E+01,4.58271E+01,1.58698E+00,1.50487E+01,1.50487E+01,7.93844E+00,1.50487E+01,4.58271E+01,4.58271E+01,4.58271E+01,4.58271E+01,4.58271E+01,1.37073E+01,4.58271E+01,1.50487E+01,4.58271E+01,4.58271E+01,4.58271E+01,4.58271E+01,4.58271E+01,1.21654E+01 
#t = 3.486E+03
4.58271E+01,4.58271E+01,4.58271E+01,4.58271E+01,4.58271E+01,4.58271E+01,1.50487E+01,4.58271E+01,1.50487E+01,1.50487E+01,4.58271E+01,4.58271E+01,4.58271E+01,1.21654E+01,4.58271E+01,4.58271E+01,4.58271E+01,4.58271E+01,4.58271E+01,4.58271E+01,1.50487E+01,1.50487E+01,4.58271E+01,1.50487E+01,4.58271E+01,3.57796E-01,4.58271E+01,4.58271E+01,4.58271E+01,4.58271E+01,4.58271E+01,1.90902E+00,6.64111E+00,4.58271E+01,4.58271E+01,4.58271E+01,4.58271E+01,4.58271E+01,4.58271E+01,4.58271E+01,4.58271E+01,4.58271E+01 
#t = 3.528E+03
1.50487E+01,4.58271E+01,4.58271E+01,4.58271E+01,4.58271E+01,1.50487E+01,1.50487E+01,4.58271E+01,4.58271E+01,4.58271E+01,4.58271E+01,4.58271E+01,4.58271E+01,4.58271E+01,1.50487E+01,4.58271E+01,4.58271E+01,4.58271E+01,4.58271E+01,4.58271E+01,4.58271E+01,4.58271E+01,4.58271E+01,1.50487E+01,4.58271E+01,4.58271E+01,4.58271E+01,4.58271E+01,4.58271E+01,4.58271E+01,4.58271E+01,1.50487E+01,4.58271E+01,4.58271E+01,9.64714E+00,4.58271E+01 
#t = 3.570E+03
4.58271E+01,4.58271E+01,4.58271E+01,4.58271E+01,4.58271E+01,4.58271E+01,4.58271E+01,4.58271E+01,4.58271E+01,4.58271E+01,4.58271E+01,4.58271E+01,4.58271E+01,4.58271E+01,4.58271E+01,4.58271E+01,4.58271E+01,4.58271E+01,4.58271E+01,4.58271E+01,4.58271E+01,4.58271E+01,4.58271E+01,4.58271E+01,4.58271E+01,4.58271E+01,4.58271E+01,4.58271E+01,1.18715E+01,4.58271E+01,4.58271E+01,4.58271E+01,4.58271E+01,1.08986E+01,1.50487E+01,4.58271E+01,1.08986E+01,1.58862E+00,4.58271E+01,4.58271E+01,4.58271E+01,3.97191E+00,9.11103E+00,2.22938E+00,4.58271E+01 
#t = 3.612E+03
4.58271E+01,4.58271E+01,4.58271E+01,4.58271E+01,4.58271E+01,4.58271E+01,4.58271E+01,4.58271E+01,4.58271E+01,4.58271E+01,4.58271E+01,4.58271E+01,4.58271E+01,4.58271E+01,4.58271E+01,4.58271E+01,4.58271E+01,4.58271E+01,4.58271E+01,4.58271E+01,4.58271E+01,4.58271E+01,4.58271E+01,4.58271E+01,1.60513E+00,4.58271E+01,4.58271E+01,4.58271E+01,4.58271E+01,4.58271E+01,4.58271E+01,4.58271E+01,7.18586E-01,5.49232E-01,3.01134E+00,1.18462E+00 
#t = 3.654E+03
4.58271E+01,4.58271E+01,4.58271E+01,4.58271E+01,4.58271E+01,4.58271E+01,4.58271E+01,4.58271E+01,4.58271E+01,4.58271E+01,4.58271E+01,8.37943E+00,4.58271E+01,4.58271E+01,4.58271E+01,4.58271E+01,4.58271E+01,4.58271E+01,4.58271E+01,4.58271E+01,4.58271E+01,4.58271E+01,4.58271E+01,4.58271E+01,4.58271E+01,4.58271E+01,4.58271E+01,4.58271E+01,1.05983E+01,4.58271E+01,4.58271E+01,2.37276E+00,4.58271E+01,4.58271E+01,4.58271E+01,1.42181E+00,4.58271E+01,4.58271E+01,4.58271E+01,4.58271E+01 
#t = 3.696E+03
4.58271E+01,4.58271E+01,1.05983E+01,4.58271E+01,4.58271E+01,4.58271E+01,4.58271E+01,1.05983E+01,4.58271E+01,4.58271E+01,4.58271E+01,4.58271E+01,4.58271E+01,4.58271E+01,4.58271E+01,4.58271E+01,4.58271E+01,4.58271E+01,4.58271E+01,4.58271E+01,4.58271E+01,4.58271E+01,4.58271E+01,4.58271E+01,4.58271E+01,4.58271E+01,4.58271E+01,7.47094E+00,4.58271E+01,4.58271E+01,4.58271E+01,4.58271E+01,4.58271E+01,4.58271E+01,3.29267E+00,4.58271E+01,4.58271E+01,4.58271E+01,3.64322E+00,4.58271E+01 
#t = 3.738E+03
4.58271E+01,4.58271E+01,1.05983E+01,4.58271E+01,4.58271E+01,4.58271E+01,4.58271E+01,4.58271E+01,4.58271E+01,6.09356E+00,2.46791E+01,4.58271E+01,4.58271E+01,4.58271E+01,4.58271E+01,4.58271E+01,4.58271E+01,4.58271E+01,2.46791E+01,4.58271E+01,4.58271E+01,4.58271E+01,4.58271E+01,4.58271E+01,4.58271E+01,2.46791E+01,4.58271E+01,6.22830E+00,4.05634E-01,1.10721E+01,4.58271E+01,4.58271E+01,4.58271E+01,1.10721E+01,4.58271E+01,4.58271E+01,4.58271E+01 
#t = 3.780E+03
4.58271E+01,4.58271E+01,4.58271E+01,4.58271E+01,4.58271E+01,4.58271E+01,4.58271E+01,4.58271E+01,4.58271E+01,4.58271E+01,4.58271E+01,2.46791E+01,4.58271E+01,4.58271E+01,4.58271E+01,1.22314E+01,4.58271E+01,4.58271E+01,4.58271E+01,4.58271E+01,4.58271E+01,4.58271E+01,2.46791E+01,4.58271E+01,1.22314E+01,4.58271E+01,4.58271E+01,1.44014E+00,5.83847E+00,1.16794E+00,1.80377E+00,4.58271E+01,4.58271E+01,4.58271E+01,2.46791E+01,2.46791E+01 
#t = 3.822E+03
4.58271E+01,2.46791E+01,4.58271E+01,2.46791E+01,4.58271E+01,4.58271E+01,4.58271E+01,4.58271E+01,4.58271E+01,4.58271E+01,4.58271E+01,4.58271E+01,4.58271E+01,4.58271E+01,4.58271E+01,4.58271E+01,4.58271E+01,4.58271E+01,4.58271E+01,4.58271E+01,7.38663E+00,4.58271E+01,4.58271E+01,4.58271E+01,4.58271E+01,4.58271E+01,4.58271E+01,4.58271E+01,4.58271E+01,4.58271E+01,4.58271E+01,4.58271E+01,9.85729E+00,4.58271E+01,4.58271E+01,4.58271E+01,4.58271E+01,4.58271E+01,4.58271E+01,4.58271E+01,7.09653E+00,4.58271E+01,4.58271E+01,2.20524E+00,4.58271E+01 
#t = 3.864E+03
4.58271E+01,4.58271E+01,4.58271E+01,4.58271E+01,4.58271E+01,4.58271E+01,4.58271E+01,4.58271E+01,4.58271E+01,4.58271E+01,4.58271E+01,4.58271E+01,4.58271E+01,4.58271E+01,4.58271E+01,4.58271E+01,4.58271E+01,4.58271E+01,4.58271E+01,4.58271E+01,4.58271E+01,4.58271E+01,4.58271E+01,3.56965E+01,4.58271E+01,4.58271E+01,4.58271E+01,4.58271E+01,4.58271E+01,4.58271E+01,4.58271E+01,4.58271E+01,4.58271E+01,4.58271E+01,4.58271E+01,4.58271E+01,4.58271E+01 
#t = 3.906E+03
4.58271E+01,4.58271E+01,4.58271E+01,4.58271E+01,4.58271E+01,4.58271E+01,4.58271E+01,4.58271E+01,4.58271E+01,4.58271E+01,4.58271E+01,4.58271E+01,4.58271E+01,4.58271E+01,4.58271E+01,4.58271E+01,4.58271E+01,4.58271E+01,4.58271E+01,4.58271E+01,4.58271E+01,4.58271E+01,4.58271E+01,4.58271E+01,4.58271E+01,2.65887E+01,4.58271E+01,4.58271E+01,4.58271E+01,4.58271E+01,2.65887E+01,4.24429E+00,4.58271E+01,2.04834E+00,4.58271E+01,3.56965E+01,4.58271E+01,3.56965E+01,4.58271E+01,2.89166E+00,4.58271E+01 
#t = 3.948E+03
4.58271E+01,4.58271E+01,2.65887E+01,3.56965E+01,4.58271E+01,4.58271E+01,4.58271E+01,4.58271E+01,3.56965E+01,4.58271E+01,4.58271E+01,4.58271E+01,4.58271E+01,4.58271E+01,4.58271E+01,4.58271E+01,4.58271E+01,4.58271E+01,4.58271E+01,4.58271E+01,4.58271E+01,3.56965E+01,4.58271E+01,6.51433E+00,4.58271E+01,4.58271E+01,4.58271E+01,4.58271E+01,4.58271E+01,4.58271E+01,5.37875E+00,4.58271E+01,5.20650E+00,3.74485E+00,4.58271E+01,3.56965E+01,6.82935E-01,4.58271E+01,1.71376E+00,4.58271E+01,4.58271E+01,4.58271E+01,3.22485E+00 
#t = 3.990E+03
4.58271E+01,1.82818E+01,4.58271E+01,4.58271E+01,4.58271E+01,4.58271E+01,4.58271E+01,4.58271E+01,4.58271E+01,4.58271E+01,4.58271E+01,4.58271E+01,4.58271E+01,4.58271E+01,4.58271E+01,1.43541E+01,4.58271E+01,3.56965E+01,4.58271E+01,4.58271E+01,4.58271E+01,4.58271E+01,3.56965E+01,3.56965E+01,4.58271E+01,4.58271E+01,4.58271E+01,4.58271E+01,4.58271E+01,4.58271E+01,4.58271E+01,4.58271E+01,1.07295E+00 
#t = 4.032E+03
4.58271E+01,4.58271E+01,4.58271E+01,4.58271E+01,4.58271E+01,4.58271E+01,4.58271E+01,4.58271E+01,4.58271E+01,4.58271E+01,4.58271E+01,4.58271E+01,4.58271E+01,4.58271E+01,4.58271E+01,4.58271E+01,4.58271E+01,4.58271E+01,4.58271E+01,4.58271E+01,4.58271E+01,3.56965E+01,4.58271E+01,4.58271E+01,4.58271E+01,4.58271E+01,4.58271E+01,1.82818E+01,4.58271E+01,4.58271E+01,4.58271E+01,4.58271E+01,4.58271E+01,4.58271E+01,3.56965E+01,4.58271E+01,4.58271E+01,4.58271E+01,4.58271E+01,4.58271E+01,4.75531E+00,4.58271E+01,4.58271E+01,4.58271E+01,4.58271E+01,4.58271E+01,2.50590E+01,4.58271E+01,1.82818E+01,4.58271E+01,4.58271E+01,4.58271E+01,3.89185E+00,4.58271E+01,4.58271E+01,4.58271E+01 
#t = 4.074E+03
4.58271E+01,4.58271E+01,4.58271E+01,3.56965E+01,4.58271E+01,4.58271E+01,4.58271E+01,4.58271E+01,4.58271E+01,4.58271E+01,4.58271E+01,4.58271E+01,4.58271E+01,4.58271E+01,1.79163E+01,4.58271E+01,4.58271E+01,4.58271E+01,4.58271E+01,4.58271E+01,4.58271E+01,4.58271E+01,4.58271E+01,4.58271E+01,4.58271E+01,4.58271E+01,4.58271E+01,3.56965E+01,4.58271E+01,4.58271E+01,4.58271E+01,3.56965E+01,4.58271E+01,7.58760E+00,4.58271E+01,4.58271E+01,1.79163E+01,4.58271E+01,4.58271E+01,4.58271E+01,4.58271E+01,1.79163E+01,1.79163E+01,4.58271E+01,4.58271E+01,4.58271E+01,1.07355E+00,2.69954E+00 
#t = 4.116E+03
4.58271E+01,4.58271E+01,4.58271E+01,4.58271E+01,4.58271E+01,4.58271E+01,4.58271E+01,1.79163E+01,4.58271E+01,4.58271E+01,4.58271E+01,4.58271E+01,4.58271E+01,4.58271E+01,4.58271E+01,4.58271E+01,1.79163E+01,4.58271E+01,1.66356E+01,4.58271E+01,4.58271E+01,4.58271E+01,4.58271E+01,1.66356E+01,4.58271E+01,4.58271E+01,4.58271E+01,1.66356E+01,4.58271E+01,4.58271E+01,4.58271E+01,4.58271E+01,2.90976E+00,4.58271E+01,4.58271E+01,7.97602E+00,4.58271E+01,4.58271E+01,4.58271E+01,4.58271E+01,5.32316E+00,1.66356E+01,4.58271E+01,4.58271E+01 
#t = 4.158E+03
4.58271E+01,4.58271E+01,4.58271E+01,1.66356E+01,1.66356E+01,4.58271E+01,4.58271E+01,4.58271E+01,1.66356E+01,4.58271E+01,4.58271E+01,4.58271E+01,1.66356E+01,4.58271E+01,4.58271E+01,4.58271E+01,4.58271E+01,4.58271E+01,4.58271E+01,4.58271E+01,4.58271E+01,4.58271E+01,4.58271E+01,4.58271E+01,1.66356E+01,3.98865E+00,5.75202E+00,4.58271E+01,4.56629E+00,4.58271E+01,1.66356E+01,1.66356E+01,4.58271E+01,4.58271E+01,4.58271E+01,4.58271E+01,1.66356E+01,4.58271E+01,7.81484E-01 
#t = 4.200E+03
1.66356E+01,1.66356E+01,4.58271E+01,4.58271E+01,4.58271E+01,4.58271E+01,4.58271E+01,4.58271E+01,4.58271E+01,1.66356E+01,4.58271E+01,4.58271E+01,4.58271E+01,4.58271E+01,4.58271E+01,4.58271E+01,4.58271E+01,4.58271E+01,4.58271E+01,4.58271E+01,4.58271E+01,4.58271E+01,4.58271E+01,4.58271E+01,1.66356E+01,1.66356E+01,4.58271E+01,4.58271E+01,4.58271E+01,4.58271E+01,7.96903E+00,1.66356E+01,4.58271E+01,4.58271E+01,6.57831E-01 
