#t = 0.000E+00
2.19223E+00,3.73849E+00,3.44200E+00,1.05395E+01,8.63125E-01 
#t = 4.200E+01
3.70899E+01,3.70899E+01,3.70899E+01 
#t = 8.400E+01
3.70899E+01,3.70899E+01,1.21997E+00,3.70899E+01,6.88004E+00,5.57688E-01 
#t = 1.260E+02
3.70899E+01,3.70899E+01,3.70899E+01,3.70899E+01,1.34140E+01,3.70899E+01,3.70899E+01,3.70899E+01,3.70899E+01,3.70899E+01,3.70899E+01,3.70899E+01,1.34140E+01,3.70899E+01,3.70899E+01,3.70899E+01,4.32013E+00,3.70899E+01,3.53065E+00,3.70899E+01,3.70899E+01 
#t = 1.680E+02
3.70899E+01,3.70899E+01,3.70899E+01,1.35891E+01,3.70899E+01,3.70899E+01,3.70899E+01,1.05451E+01,3.70899E+01,3.70899E+01,3.70899E+01,3.70899E+01,3.70899E+01,3.70899E+01,3.70899E+01,3.70899E+01,3.70899E+01,3.70899E+01,3.70899E+01,3.70899E+01,3.70899E+01,3.70899E+01,3.70899E+01,1.05451E+01,1.35891E+01,3.70899E+01,3.70899E+01,1.22127E+00,3.70899E+01,1.35891E+01,3.70899E+01,3.70899E+01,1.05451E+01,3.70899E+01,2.27253E+00,3.70899E+01,3.70899E+01,3.70899E+01 
#t = 2.100E+02
3.70899E+01,1.05451E+01,3.70899E+01,3.70899E+01,3.70899E+01,3.70899E+01,1.03461E+01,8.40470E+00,3.70899E+01,3.70899E+01,3.70899E+01,3.70899E+01,3.70899E+01,3.70899E+01,1.35891E+01,3.70899E+01,3.70899E+01,3.70899E+01,2.61398E+00,3.70899E+01,3.70899E+01,3.70899E+01,3.68079E+00,3.70899E+01,1.03461E+01,3.70899E+01,3.70899E+01,3.70899E+01,3.70899E+01,9.01750E+00,1.39135E+00,1.74619E+00,6.07439E+00,3.70899E+01,3.70899E+01,3.70899E+01,3.70899E+01 
#t = 2.520E+02
3.70899E+01,3.70899E+01,7.32695E+00,3.70899E+01,3.70899E+01,3.70899E+01,3.70899E+01,3.70899E+01,3.52165E+01,3.70899E+01,3.70899E+01,3.70899E+01,3.70899E+01,3.70899E+01,3.70899E+01,3.70899E+01,3.70899E+01,3.70899E+01,3.70899E+01,3.70899E+01,3.70899E+01,3.70899E+01,8.62458E+00,3.70899E+01,3.70899E+01,3.70899E+01,3.70899E+01,3.70899E+01,3.70899E+01,3.70899E+01,3.70899E+01,3.70899E+01,3.70899E+01,3.70899E+01,3.70899E+01 
#t = 2.940E+02
3.70899E+01,3.70899E+01,3.70899E+01,3.70899E+01,3.70899E+01,3.70899E+01,3.70899E+01,2.03118E+01,3.70899E+01,3.70899E+01,2.03118E+01,3.70899E+01,3.70899E+01,3.70899E+01,3.70899E+01,3.70899E+01,2.03118E+01,3.70899E+01,3.70899E+01,3.70899E+01,3.70899E+01,3.70899E+01,2.03118E+01,3.70899E+01,3.70899E+01,3.70899E+01,3.70899E+01,3.70899E+01,3.70899E+01 
#t = 3.360E+02
2.03118E+01,3.70899E+01,3.70899E+01,3.70899E+01,3.70899E+01,3.70899E+01,3.70899E+01,3.70899E+01,3.70899E+01,3.70899E+01,3.70899E+01,3.70899E+01,3.70899E+01,3.70899E+01,3.70899E+01,3.70899E+01,3.70899E+01,3.70899E+01,3.70899E+01,3.70899E+01,3.70899E+01,3.70899E+01,3.70899E+01,3.70899E+01,3.70899E+01,3.70899E+01,3.70899E+01,3.70899E+01,3.70899E+01,3.70899E+01,3.70899E+01,2.24575E+00,3.70899E+01,3.70899E+01,6.38182E-01 
#t = 3.780E+02
3.70899E+01,3.70899E+01,3.70899E+01,3.70899E+01,3.70899E+01,3.70899E+01,3.70899E+01,3.70899E+01,3.70899E+01,3.70899E+01,3.70899E+01,3.70899E+01,3.70899E+01,3.70899E+01,3.70899E+01,3.70899E+01,3.70899E+01,3.70899E+01,3.70899E+01,3.70899E+01,1.21896E+01,3.70899E+01,3.70899E+01,3.70899E+01,3.70899E+01,3.70899E+01,3.70899E+01,3.70899E+01,3.70899E+01,3.47261E+00,3.70899E+01,3.70899E+01,3.70899E+01,3.70899E+01,1.10604E+01,3.70899E+01 
#t = 4.200E+02
3.70899E+01,3.70899E+01,1.21896E+01,3.70899E+01,3.70899E+01,3.70899E+01,3.70899E+01,3.70899E+01,3.70899E+01,3.70899E+01,3.70899E+01,3.70899E+01,3.70899E+01,3.70899E+01,3.70899E+01,3.70899E+01,3.70899E+01,3.70899E+01,3.70899E+01,3.70899E+01,3.70899E+01,3.70899E+01,3.70899E+01,3.70899E+01,3.70899E+01,3.70899E+01,3.70899E+01,3.70899E+01,3.70899E+01,4.09581E+00,9.35066E-01,3.70899E+01,1.28527E+00 
#t = 4.620E+02
3.70899E+01,3.70899E+01,3.70899E+01,3.70899E+01,3.70899E+01,3.70899E+01,3.70899E+01,3.70899E+01,3.70899E+01,3.70899E+01,3.70899E+01,3.70899E+01,3.70899E+01,3.70899E+01,3.70899E+01,3.70899E+01,3.70899E+01,3.70899E+01,3.70899E+01,3.70899E+01,3.70899E+01,3.70899E+01,9.66220E+00,3.70899E+01,3.70899E+01,3.70899E+01,7.18378E+00,3.70899E+01,3.70899E+01,1.36139E+01,3.70899E+01,3.70899E+01,3.70899E+01,3.70899E+01,1.36139E+01,3.70899E+01,3.70899E+01,3.70899E+01,3.70899E+01,3.70899E+01,3.70899E+01,3.70899E+01,3.70899E+01 
#t = 5.040E+02
3.70899E+01,3.70899E+01,3.70899E+01,3.70899E+01,3.70899E+01,3.70899E+01,3.70899E+01,3.70899E+01,3.70899E+01,9.13146E+00,3.70899E+01,3.70899E+01,3.70899E+01,1.36139E+01,3.70899E+01,3.70899E+01,1.61374E+01,3.70899E+01,3.70899E+01,3.70899E+01,3.70899E+01,1.61374E+01,3.70899E+01,3.70899E+01,3.70899E+01,3.70899E+01,3.70899E+01,3.70899E+01,3.70899E+01,3.70899E+01,3.70899E+01,3.70899E+01,3.70899E+01,3.70899E+01,3.70899E+01,3.70899E+01,3.70899E+01,3.70899E+01,3.19228E+00,3.70899E+01 
#t = 5.460E+02
3.70899E+01,3.70899E+01,3.70899E+01,3.70899E+01,3.70899E+01,3.70899E+01,3.70899E+01,1.61374E+01,3.70899E+01,3.70899E+01,3.70899E+01,3.70899E+01,3.70899E+01,3.70899E+01,3.70899E+01,3.70899E+01,3.70899E+01,3.70899E+01,5.84867E+00,1.61374E+01,3.70899E+01,3.70899E+01,3.70899E+01,3.70899E+01,3.70899E+01,3.70899E+01,3.70899E+01,3.70899E+01,2.78843E+00,1.61374E+01,1.61374E+01,3.70899E+01,3.70899E+01,3.70899E+01,3.70899E+01 
#t = 5.880E+02
3.70899E+01,3.70899E+01,3.70899E+01,3.70899E+01,1.61374E+01,9.29326E+00,3.70899E+01,3.70899E+01,3.70899E+01,3.70899E+01,3.70899E+01,3.70899E+01,3.70899E+01,3.70899E+01,3.70899E+01,3.70899E+01,3.70899E+01,3.70899E+01,3.70899E+01,1.61374E+01,3.70899E+01,3.70899E+01,3.70899E+01,3.70899E+01,2.05126E+00,3.70899E+01,3.70899E+01,3.70899E+01,3.70899E+01,3.70899E+01,3.70899E+01,3.70899E+01,7.09271E-01,3.48504E-01 
#t = 6.300E+02
3.70899E+01,3.70899E+01,3.70899E+01,3.70899E+01,3.70899E+01,3.70899E+01,3.70899E+01,3.70899E+01,3.70899E+01,3.70899E+01,3.70899E+01,3.70899E+01,3.70899E+01,3.70899E+01,3.70899E+01,3.70899E+01,3.70899E+01,4.92950E+00,3.70899E+01,3.70899E+01,3.70899E+01,3.70899E+01,3.70899E+01,3.70899E+01,3.70899E+01,3.70899E+01,1.35563E+01,3.70899E+01,3.70899E+01,3.70899E+01,3.70899E+01,4.13836E+00,4.44248E+00,3.70899E+01,3.97349E+00,3.70899E+01,3.70899E+01 
#t = 6.720E+02
3.70899E+01,3.70899E+01,3.70899E+01,3.70899E+01,3.70899E+01,3.70899E+01,3.70899E+01,3.70899E+01,3.70899E+01,3.70899E+01,3.70899E+01,3.70899E+01,8.69657E+00,3.70899E+01,3.70899E+01,3.70899E+01,3.70899E+01,3.70899E+01,3.70899E+01,3.70899E+01,3.70899E+01,3.70899E+01,3.70899E+01,3.70899E+01,3.70899E+01,3.70899E+01,3.70899E+01,3.70899E+01,3.70899E+01,3.70899E+01,3.70899E+01,3.70899E+01,3.70899E+01,3.70899E+01,7.34735E+00,3.70899E+01,3.70899E+01 
#t = 7.140E+02
3.70899E+01,3.70899E+01,3.70899E+01,3.70899E+01,3.70899E+01,3.70899E+01,3.70899E+01,3.70899E+01,3.70899E+01,3.70899E+01,3.70899E+01,3.70899E+01,3.70899E+01,3.70899E+01,3.70899E+01,3.70899E+01,3.70899E+01,3.70899E+01,3.70899E+01,3.70899E+01,3.70899E+01,3.70899E+01,3.70899E+01,3.70899E+01,3.70899E+01,3.70899E+01,3.70899E+01,3.70899E+01,3.70899E+01,3.70899E+01,3.70899E+01,3.70899E+01,1.02989E+00,1.61171E+00 
#t = 7.560E+02
3.70899E+01,3.70899E+01,3.70899E+01,3.70899E+01,3.70899E+01,3.70899E+01,3.70899E+01,3.70899E+01,3.70899E+01,3.70899E+01,3.70899E+01,3.70899E+01,2.31394E+01,3.70899E+01,3.70899E+01,3.70899E+01,3.70899E+01,3.70899E+01,3.70899E+01,3.70899E+01,3.70899E+01,3.70899E+01,3.70899E+01,3.70899E+01,3.70899E+01,7.40790E+00,3.70899E+01,3.70899E+01,3.70899E+01,3.70899E+01,3.70899E+01,3.70899E+01,3.70899E+01,1.13274E+00,3.70899E+01,1.77648E+00,3.70899E+01,3.70899E+01,3.70899E+01,3.70899E+01 
#t = 7.980E+02
3.70899E+01,3.70899E+01,9.91234E+00,3.70899E+01,3.70899E+01,3.70899E+01,3.70899E+01,3.70899E+01,3.70899E+01,3.70899E+01,3.70899E+01,3.70899E+01,3.70899E+01,3.70899E+01,3.70899E+01,3.70899E+01,3.70899E+01,3.70899E+01,3.70899E+01,3.70899E+01,3.70899E+01,9.51988E-01,3.70899E+01,3.70899E+01,3.70899E+01,3.70899E+01,3.70899E+01,1.65153E+00,3.70899E+01,9.89284E+00,3.70899E+01,3.70899E+01,3.70899E+01,3.70899E+01,3.70899E+01,3.70899E+01 
#t = 8.400E+02
3.70899E+01,3.70899E+01,3.70899E+01,3.70899E+01,3.70899E+01,3.70899E+01,3.70899E+01,3.70899E+01,3.70899E+01,3.70899E+01,3.70899E+01,3.70899E+01,3.70899E+01,3.70899E+01,3.70899E+01,3.70899E+01,5.72320E+00,3.70899E+01,3.70899E+01,5.02652E+00,3.70899E+01,3.70899E+01,3.70899E+01,5.00707E+00,2.31469E+00,3.70899E+01 
#t = 8.820E+02
3.70899E+01,3.70899E+01,1.40331E+01,3.70899E+01,3.70899E+01,3.70899E+01,3.70899E+01,3.70899E+01,4.40047E+00,3.70899E+01,2.86727E+00,3.70899E+01,3.70899E+01,3.70899E+01,3.70899E+01,3.70899E+01,3.70899E+01,3.70899E+01,1.40331E+01,3.70899E+01,3.70899E+01,3.70899E+01,3.70899E+01,3.70899E+01,3.70899E+01,9.72524E-01,2.50611E+00 
#t = 9.240E+02
1.40331E+01,3.70899E+01,3.70899E+01,3.70899E+01,3.70899E+01,3.70899E+01,3.70899E+01,3.70899E+01,3.70899E+01,3.70899E+01,3.70899E+01,3.70899E+01,3.70899E+01,3.70899E+01,3.70899E+01,3.70899E+01,3.70899E+01,3.70899E+01,3.70899E+01,3.70899E+01,3.70899E+01,3.70899E+01,3.70899E+01,8.32034E+00,1.75198E+00,3.70899E+01,3.70899E+01,3.70899E+01,3.70899E+01,1.40331E+01,3.70899E+01,3.70899E+01,4.86785E+00,7.68147E+00,3.70899E+01,3.70899E+01,3.70899E+01,3.70899E+01,3.70899E+01,3.70899E+01,4.16732E+00 
#t = 9.660E+02
3.70899E+01,3.70899E+01,3.70899E+01,3.70899E+01,3.70899E+01,3.70899E+01,3.70899E+01,1.44196E+01,3.70899E+01,1.40331E+01,3.70899E+01,3.70899E+01,3.70899E+01,3.70899E+01,3.70899E+01,3.70899E+01,3.70899E+01,3.70899E+01,3.70899E+01,3.70899E+01,3.70899E+01,3.70899E+01,3.70899E+01,3.70899E+01,3.70899E+01,3.70899E+01,3.70899E+01,1.40331E+01,3.70899E+01,3.70899E+01,3.70899E+01,3.70899E+01,3.70899E+01,3.70899E+01,3.70899E+01,3.70899E+01,3.70899E+01,3.70899E+01,3.70899E+01,3.70899E+01,3.70899E+01,3.70899E+01,3.70899E+01,3.70899E+01,3.45509E+00,3.70899E+01,3.70899E+01,3.70899E+01,3.70899E+01,3.70899E+01,3.70899E+01,3.70899E+01,3.70899E+01,3.70899E+01,1.07980E+01,3.70899E+01,1.96805E+00,3.70899E+01,3.70899E+01,3.70899E+01,3.70899E+01 
#t = 1.008E+03
3.70899E+01,3.70899E+01,3.70899E+01,1.07980E+01,1.07980E+01,3.70899E+01,3.70899E+01,3.70899E+01,3.70899E+01,3.70899E+01,3.70899E+01,3.70899E+01,1.17763E+01,3.70899E+01,3.70899E+01,3.70899E+01,3.70899E+01,3.70899E+01,3.70899E+01,3.70899E+01,3.70899E+01,3.70899E+01,3.70899E+01,3.70899E+01,3.70899E+01,1.07980E+01,3.70899E+01,1.67410E+00,3.70899E+01,3.70899E+01,3.70899E+01,3.70899E+01,3.70899E+01,3.70899E+01,4.97021E+00,3.70899E+01 
#t = 1.050E+03
3.70899E+01,1.17763E+01,3.70899E+01,3.70899E+01,3.70899E+01,3.70899E+01,3.70899E+01,3.70899E+01,1.02840E+01,1.17763E+01,3.70899E+01,3.70899E+01,3.70899E+01,3.70899E+01,3.70899E+01,3.70899E+01,3.70899E+01,3.70899E+01,3.70899E+01,3.70899E+01,3.70899E+01,3.70899E+01,3.70899E+01,3.70899E+01,3.70899E+01,3.70899E+01,3.70899E+01,3.70899E+01,1.35469E+01,3.70899E+01,3.70899E+01,3.70899E+01,3.70899E+01,3.70899E+01,3.70899E+01,3.70899E+01,1.34809E+00,3.70899E+01,3.70899E+01,1.45659E+00,3.70899E+01,3.70899E+01,3.70899E+01,3.70899E+01,3.37407E+00,4.32944E-01 
#t = 1.092E+03
3.70899E+01,3.70899E+01,3.70899E+01,3.70899E+01,3.70899E+01,3.70899E+01,3.70899E+01,3.70899E+01,3.70899E+01,3.70899E+01,3.70899E+01,3.70899E+01,1.13390E+01,3.70899E+01,3.70899E+01,3.70899E+01,3.70899E+01,1.13390E+01,3.70899E+01,3.70899E+01,3.70899E+01,3.70899E+01,3.70899E+01,3.70899E+01,3.70899E+01,3.70899E+01,3.70899E+01,3.70899E+01,3.70899E+01,3.70899E+01,3.70899E+01,3.70899E+01,3.70899E+01,3.70899E+01 
#t = 1.134E+03
3.70899E+01,3.70899E+01,3.70899E+01,3.70899E+01,3.70899E+01,3.70899E+01,3.70899E+01,3.70899E+01,3.70899E+01,3.70899E+01,3.70899E+01,3.70899E+01,3.70899E+01,4.29869E+00,3.70899E+01,3.70899E+01,9.27714E+00,3.70899E+01,1.00080E+01,3.70899E+01,3.70899E+01,3.70899E+01,3.70899E+01,3.70899E+01,3.70899E+01,3.70899E+01 
#t = 1.176E+03
3.70899E+01,3.70899E+01,3.70899E+01,3.70899E+01,3.70899E+01,3.70899E+01,3.70899E+01,3.70899E+01,3.70899E+01,3.70899E+01,3.70899E+01,3.70899E+01,3.70899E+01,3.70899E+01,3.70899E+01,3.70899E+01,3.70899E+01,3.70899E+01,3.70899E+01,3.70899E+01,1.80221E+01,3.70899E+01,3.70899E+01,3.70899E+01,3.70899E+01,3.70899E+01,3.70899E+01,3.70899E+01,3.70899E+01,3.70899E+01,2.58160E+00,1.22421E+00 
#t = 1.218E+03
3.70899E+01,3.70899E+01,3.70899E+01,3.70899E+01,3.70899E+01,3.70899E+01,1.29374E+01,3.70899E+01,3.70899E+01,3.70899E+01,3.70899E+01,1.20335E+01,3.70899E+01,3.70899E+01,7.00828E+00,3.70899E+01,3.70899E+01,3.70899E+01,3.70899E+01,8.17615E+00,3.53459E+00,1.29374E+01,3.70899E+01,3.70899E+01,3.70899E+01,1.29374E+01,3.70899E+01,3.70899E+01,3.70899E+01,3.70899E+01 
#t = 1.260E+03
3.70899E+01,3.70899E+01,3.70899E+01,3.70899E+01,3.70899E+01,3.70899E+01,3.70899E+01,3.70899E+01,3.70899E+01,3.70899E+01,3.70899E+01,3.70899E+01,3.70899E+01,3.70899E+01,3.70899E+01,3.70899E+01,4.79434E+00,3.70899E+01,3.70899E+01,3.70899E+01,3.70899E+01,3.70899E+01,3.70899E+01,3.70899E+01,3.70899E+01,3.70899E+01,3.70899E+01,3.70899E+01,3.70899E+01,3.50962E+00,3.70899E+01,3.70899E+01,3.70899E+01,8.88256E+00,3.70899E+01,3.70899E+01,3.70899E+01,3.70899E+01,3.70899E+01,1.71903E+00,1.99775E+00,2.03198E+00,2.45712E+00,3.56511E-01 
#t = 1.302E+03
3.70899E+01,3.70899E+01,3.70899E+01,3.70899E+01,3.70899E+01,3.70899E+01,3.70899E+01,3.70899E+01,3.70899E+01,3.70899E+01,3.70899E+01,3.70899E+01,3.70899E+01,3.70899E+01,3.70899E+01,3.70899E+01,3.70899E+01,3.70899E+01,3.70899E+01,3.70899E+01,3.70899E+01,3.70899E+01,3.70899E+01,3.70899E+01,3.70899E+01,3.70899E+01,3.70899E+01,3.70899E+01,1.03767E+00,3.70899E+01,3.70899E+01 
#t = 1.344E+03
3.70899E+01,3.70899E+01,3.70899E+01,3.70899E+01,3.70899E+01,3.70899E+01,3.70899E+01,3.70899E+01,3.70899E+01,3.70899E+01,3.70899E+01,3.70899E+01,6.51244E+00,3.70899E+01,3.70899E+01,3.70899E+01,3.70899E+01,3.70899E+01,3.70899E+01,3.70899E+01,3.70899E+01,3.70899E+01,3.90559E+00,3.70899E+01,3.70899E+01,3.70899E+01,3.70899E+01,3.70899E+01,3.70899E+01,3.70899E+01,3.70899E+01,3.70899E+01,3.70899E+01,3.70899E+01,3.70899E+01,3.70899E+01,3.70899E+01,3.70899E+01,3.70899E+01,1.65109E+00,3.70899E+01,2.74265E+00,3.70899E+01 
#t = 1.386E+03
3.70899E+01,3.70899E+01,3.70899E+01,3.70899E+01,3.70899E+01,3.70899E+01,3.70899E+01,3.70899E+01,3.70899E+01,3.70899E+01,3.70899E+01,3.70899E+01,3.70899E+01,3.70899E+01,3.70899E+01,3.70899E+01,3.70899E+01,3.70899E+01,3.70899E+01,3.70899E+01,3.70899E+01,3.70899E+01,3.70899E+01,3.70899E+01,3.70899E+01,3.70899E+01,3.70899E+01,3.70899E+01,3.70899E+01,3.70899E+01,3.70899E+01,3.70899E+01,3.70899E+01,3.70899E+01,3.70899E+01,3.56485E+00,1.81182E-01,3.70899E+01,3.70899E+01 
#t = 1.428E+03
3.70899E+01,3.70899E+01,3.70899E+01,3.70899E+01,3.70899E+01,3.70899E+01,3.70899E+01,3.70899E+01,3.70899E+01,3.70899E+01,3.70899E+01,3.70899E+01,3.70899E+01,3.70899E+01,3.70899E+01,3.70899E+01,3.70899E+01,3.70899E+01,3.70899E+01,3.70899E+01,3.70899E+01,3.70899E+01,3.70899E+01,3.70899E+01,1.43537E+01,7.84074E+00,3.70899E+01,3.70899E+01,9.12769E-01,2.46702E+00,3.70899E+01,2.76416E+01,3.70899E+01,3.70899E+01,3.70899E+01,5.42842E-01 
#t = 1.470E+03
3.70899E+01,3.70899E+01,2.76416E+01,3.70899E+01,3.70899E+01,3.70899E+01,3.70899E+01,3.70899E+01,3.70899E+01,3.70899E+01,3.70899E+01,3.70899E+01,3.70899E+01,3.70899E+01,3.70899E+01,3.70899E+01,3.70899E+01,3.70899E+01,3.70899E+01,3.70899E+01,3.70899E+01,3.70899E+01,3.70899E+01,3.70899E+01,3.70899E+01,3.70899E+01,3.70899E+01,3.70899E+01,3.70899E+01,3.70899E+01,3.70899E+01,6.09253E+00,3.70899E+01,3.70899E+01,3.70899E+01,3.70899E+01,3.70899E+01,9.60131E-01,3.70899E+01 
#t = 1.512E+03
3.70899E+01,3.70899E+01,3.70899E+01,3.70899E+01,3.70899E+01,3.70899E+01,3.70899E+01,3.70899E+01,3.70899E+01,3.70899E+01,3.70899E+01,3.70899E+01,3.70899E+01,3.70899E+01,3.70899E+01,1.19394E+01,3.70899E+01,3.70899E+01,3.70899E+01,3.70899E+01,3.70899E+01,3.70899E+01,3.70899E+01,3.70899E+01,3.70899E+01,3.70899E+01,3.70899E+01,3.70899E+01,6.43265E+00,3.70899E+01,3.70899E+01,3.70899E+01,3.70899E+01,2.35116E+00,4.48368E+00,3.70899E+01,3.70899E+01 
#t = 1.554E+03
3.70899E+01,3.70899E+01,3.70899E+01,3.70899E+01,3.70899E+01,3.70899E+01,3.70899E+01,3.70899E+01,3.70899E+01,3.70899E+01,3.70899E+01,3.70899E+01,3.70899E+01,3.70899E+01,3.70899E+01,3.70899E+01,3.70899E+01,3.70899E+01,3.70899E+01,3.70899E+01,3.70899E+01,3.70899E+01,3.70899E+01,3.70899E+01,3.70899E+01,3.70899E+01,3.70899E+01,3.70899E+01,3.70899E+01,3.70899E+01,3.70899E+01,3.70899E+01,3.70899E+01,3.70899E+01,3.70899E+01 
#t = 1.596E+03
3.70899E+01,3.70899E+01,3.70899E+01,3.70899E+01,3.70899E+01,3.70899E+01,3.70899E+01,3.70899E+01,3.70899E+01,2.52820E+00,3.70899E+01,3.70899E+01,3.70899E+01,3.70899E+01,3.70899E+01,3.70899E+01,3.70899E+01,3.70899E+01,3.70899E+01,3.70899E+01,3.70899E+01,3.70899E+01,3.70899E+01,3.70899E+01,3.70899E+01,3.70899E+01,3.70899E+01,3.70899E+01,3.70899E+01,3.70899E+01,3.70899E+01,3.70899E+01,3.70899E+01,3.70899E+01,3.70899E+01,3.70899E+01,3.70899E+01,3.70899E+01,4.90936E+00,3.70899E+01,7.59395E+00,8.67652E+00,3.70899E+01,3.70899E+01,3.70899E+01,1.69784E+00,3.70899E+01,3.70899E+01,3.70899E+01,3.70899E+01 
#t = 1.638E+03
3.70899E+01,3.70899E+01,1.30165E+01,3.70899E+01,3.70899E+01,3.70899E+01,3.70899E+01,3.70899E+01,3.70899E+01,1.22978E+01,3.70899E+01,3.70899E+01,3.70899E+01,3.70899E+01,1.08916E+01,3.70899E+01,3.70899E+01,3.70899E+01,3.70899E+01,3.70899E+01,3.70899E+01,3.70899E+01,3.70899E+01,3.79170E+00,3.70899E+01,1.18985E+00,3.70899E+01,3.70899E+01,3.70899E+01,3.70899E+01,3.70899E+01,3.70899E+01,3.70899E+01,5.64839E+00,3.70899E+01,3.70899E+01 
#t = 1.680E+03
3.70899E+01,3.70899E+01,3.70899E+01,3.70899E+01,3.70899E+01,3.70899E+01,3.70899E+01,3.70899E+01,3.70899E+01,3.70899E+01,3.70899E+01,3.70899E+01,3.70899E+01,1.02242E+01,3.70899E+01,3.70899E+01,3.70899E+01,3.70899E+01,3.70899E+01,3.70899E+01,3.70899E+01,3.70899E+01,3.70899E+01,3.70899E+01,3.70899E+01,3.70899E+01,3.70899E+01,3.70899E+01,3.70899E+01,1.41718E+01,3.70899E+01,7.15831E-01,1.52676E-01 
#t = 1.722E+03
3.70899E+01,3.70899E+01,3.70899E+01,3.70899E+01,3.70899E+01,3.70899E+01,3.70899E+01,3.70899E+01,3.70899E+01,3.70899E+01,3.70899E+01,3.70899E+01,3.70899E+01,3.70899E+01,5.90793E+00,3.70899E+01,3.70899E+01,3.70899E+01,3.70899E+01,3.70899E+01,3.70899E+01,3.70899E+01,3.70899E+01,3.70899E+01,3.70899E+01,9.21134E+00,3.70899E+01,3.70899E+01,3.70899E+01,3.70899E+01,3.70899E+01,3.70899E+01,3.70899E+01,3.70899E+01,3.70899E+01,3.70899E+01,3.70899E+01,3.70899E+01,3.70899E+01,3.70899E+01,2.52912E+00,2.66275E+00 
#t = 1.764E+03
3.70899E+01,3.70899E+01,3.70899E+01,3.70899E+01,3.70899E+01,3.70899E+01,3.70899E+01,3.70899E+01,3.70899E+01,3.70899E+01,2.07393E+01,3.70899E+01,3.70899E+01,3.70899E+01,3.70899E+01,3.70899E+01,3.70899E+01,3.70899E+01,3.70899E+01,3.70899E+01,3.70899E+01,3.70899E+01,3.70899E+01,3.70899E+01,3.70899E+01,3.70899E+01,3.70899E+01,3.70899E+01,3.70899E+01,3.70899E+01,3.70899E+01,3.70899E+01,3.70899E+01,3.70899E+01,2.07393E+01,3.70899E+01,3.70899E+01,3.70899E+01,1.78761E+00,3.70899E+01,3.70899E+01,3.70899E+01,6.09290E+00,3.70899E+01,3.70899E+01,5.21123E+00 
#t = 1.806E+03
3.70899E+01,3.70899E+01,3.70899E+01,3.70899E+01,3.70899E+01,3.70899E+01,3.70899E+01,3.70899E+01,3.70899E+01,3.70899E+01,3.70899E+01,3.70899E+01,3.70899E+01,3.70899E+01,3.70899E+01,3.70899E+01,3.70899E+01,3.70899E+01,3.70899E+01,3.70899E+01,3.70899E+01,3.70899E+01,3.70899E+01,1.64143E+01,3.70899E+01,3.70899E+01,3.70899E+01,1.64143E+01,3.70899E+01,3.70899E+01,3.70899E+01,3.70899E+01,3.70899E+01,3.70899E+01,3.70899E+01,3.70899E+01,1.06369E+00,5.99333E+00,1.64143E+01 
#t = 1.848E+03
3.70899E+01,3.70899E+01,3.70899E+01,3.70899E+01,3.70899E+01,1.64143E+01,3.70899E+01,3.70899E+01,3.70899E+01,3.70899E+01,3.70899E+01,3.70899E+01,1.64143E+01,3.70899E+01,3.70899E+01,3.70899E+01,3.70899E+01,3.40496E+00,3.70899E+01,3.70899E+01,1.38185E+00,3.70899E+01,3.70899E+01,1.64143E+01,3.70899E+01,2.15750E+00,3.70899E+01 
#t = 1.890E+03
1.64143E+01,3.70899E+01,3.70899E+01,3.70899E+01,3.70899E+01,3.70899E+01,3.70899E+01,3.70899E+01,3.70899E+01,3.70899E+01,3.70899E+01,3.70899E+01,3.70899E+01,3.70899E+01,3.70899E+01,3.70899E+01,3.70899E+01,3.70899E+01,1.30741E+01,3.70899E+01,3.70899E+01,3.70899E+01,3.70899E+01,3.70899E+01,3.70899E+01,3.70899E+01,1.94851E+00,3.70899E+01,3.70899E+01,3.70899E+01,3.70899E+01 
#t = 1.932E+03
3.70899E+01,3.70899E+01,3.70899E+01,1.30741E+01,3.70899E+01,3.70899E+01,3.70899E+01,3.70899E+01,3.70899E+01,3.70899E+01,3.70899E+01,3.70899E+01,3.70899E+01,3.70899E+01,7.21950E+00,3.70899E+01,3.70899E+01,3.70899E+01,3.70899E+01,3.70899E+01,3.70899E+01,3.88259E+00,3.70899E+01,3.70899E+01,3.70899E+01,3.70899E+01 
#t = 1.974E+03
3.70899E+01,3.70899E+01,3.70899E+01,3.70899E+01,3.70899E+01,3.70899E+01,3.70899E+01,3.70899E+01,3.70899E+01,3.70899E+01,3.70899E+01,3.70899E+01,3.70899E+01,3.70899E+01,3.70899E+01,3.70899E+01,3.70899E+01,3.70899E+01,3.70899E+01,3.70899E+01,3.70899E+01,3.70899E+01,3.70899E+01,3.70899E+01,3.70899E+01,3.70899E+01,3.70899E+01,3.70899E+01,8.97382E-01,3.70899E+01,3.70899E+01,1.04638E+01,3.70899E+01,2.27623E+00,3.70899E+01,3.70899E+01,2.38747E+00,3.70899E+01,3.70899E+01,2.35285E+00 
#t = 2.016E+03
3.70899E+01,3.70899E+01,3.70899E+01,3.70899E+01,3.70899E+01,3.70899E+01,3.70899E+01,3.70899E+01,1.01071E+01,3.70899E+01,3.70899E+01,3.70899E+01,3.70899E+01,3.70899E+01,3.70899E+01,3.70899E+01,3.70899E+01,3.70899E+01,3.70899E+01,3.70899E+01,3.70899E+01,3.70899E+01,3.70899E+01,3.70899E+01,3.70899E+01,7.26021E+00,3.70899E+01,3.70899E+01,3.70899E+01,3.70899E+01,3.70899E+01,3.70899E+01,3.70899E+01,1.98312E+00,3.70899E+01,8.63741E-01,7.72289E+00 
#t = 2.058E+03
3.70899E+01,3.70899E+01,3.70899E+01,3.70899E+01,3.70899E+01,3.70899E+01,3.70899E+01,3.70899E+01,3.70899E+01,3.70899E+01,3.70899E+01,3.70899E+01,3.70899E+01,3.70899E+01,3.70899E+01,3.70899E+01,3.70899E+01,3.70899E+01,7.75895E+00,3.70899E+01,9.21131E+00,3.70899E+01,3.70899E+01,3.70899E+01,3.70899E+01,3.70899E+01,3.70899E+01,3.70899E+01,1.56036E+00,3.70899E+01,3.16713E+00,3.70899E+01,3.70899E+01,2.99449E+00,3.70899E+01 
#t = 2.100E+03
3.70899E+01,3.70899E+01,3.70899E+01,3.70899E+01,3.70899E+01,3.70899E+01,3.70899E+01,3.70899E+01,3.70899E+01,3.70899E+01,3.70899E+01,3.70899E+01,3.70899E+01,3.70899E+01,3.70899E+01,3.70899E+01,3.70899E+01,3.70899E+01,3.70899E+01,3.70899E+01,3.70899E+01,2.48793E+01,3.70899E+01,3.70899E+01,2.45792E+00,3.70899E+01,3.70899E+01,3.70899E+01 
#t = 2.142E+03
3.70899E+01,3.70899E+01,3.70899E+01,3.70899E+01,3.70899E+01,3.70899E+01,3.70899E+01,3.70899E+01,3.70899E+01,3.70899E+01,3.70899E+01,3.70899E+01,3.70899E+01,3.70899E+01,3.70899E+01,3.70899E+01,1.05053E+01,3.70899E+01,3.70899E+01,3.70899E+01,3.70899E+01,3.70899E+01,3.70899E+01,3.70899E+01,3.70899E+01,3.70899E+01,3.70899E+01,3.70899E+01,3.70899E+01,3.70899E+01,3.70899E+01,3.70899E+01,3.70899E+01,3.70899E+01,3.70899E+01,6.17691E-01,3.70899E+01 
#t = 2.184E+03
3.70899E+01,3.70899E+01,3.70899E+01,3.70899E+01,3.70899E+01,3.70899E+01,3.70899E+01,3.70899E+01,3.70899E+01,3.70899E+01,3.70899E+01,3.70899E+01,3.70899E+01,3.70899E+01,3.70899E+01,3.70899E+01,3.70899E+01,3.70899E+01,3.70899E+01,3.70899E+01,3.70899E+01,3.70899E+01,3.70899E+01,3.70899E+01,3.70899E+01,3.70899E+01,3.70899E+01,3.70899E+01,3.70899E+01,3.70899E+01,3.70899E+01,3.70899E+01,3.70899E+01,3.70899E+01,3.70899E+01,3.70899E+01,3.70899E+01,3.70899E+01,3.70899E+01,3.70899E+01,3.70899E+01,3.70899E+01,3.70899E+01,3.70899E+01,3.70899E+01,3.70899E+01,3.70899E+01,3.70899E+01,3.70899E+01,3.70899E+01,3.70899E+01,3.70899E+01,3.70899E+01,2.47377E+00 
#t = 2.226E+03
3.70899E+01,3.70899E+01,3.70899E+01,3.70899E+01,3.70899E+01,3.70899E+01,3.70899E+01,3.70899E+01,3.70899E+01,3.70899E+01,3.70899E+01,3.70899E+01,3.70899E+01,3.70899E+01,3.70899E+01,3.70899E+01,3.70899E+01,3.70899E+01,8.34334E+00,2.64755E+00,3.70899E+01,3.70899E+01,3.70899E+01,3.70899E+01,3.70899E+01,3.70899E+01,3.70899E+01,3.70899E+01,3.85334E+01,3.70899E+01,3.70899E+01,3.70899E+01,3.70899E+01,3.70899E+01,3.70899E+01,3.70899E+01,4.60057E+00,3.70899E+01,3.70899E+01,1.24648E+00 
#t = 2.268E+03
3.70899E+01,3.70899E+01,3.70899E+01,3.70899E+01,1.64774E+01,3.70899E+01,3.70899E+01,3.70899E+01,3.70899E+01,3.70899E+01,7.16387E+00,3.70899E+01,3.70899E+01,3.70899E+01,3.70899E+01,1.64774E+01,3.70899E+01,3.70899E+01,3.70899E+01,3.70899E+01,3.70899E+01,3.70899E+01,2.81761E+00,3.70899E+01,3.70899E+01 
#t = 2.310E+03
1.00993E+01,3.70899E+01,3.70899E+01,3.70899E+01,3.70899E+01,3.70899E+01,3.70899E+01,3.70899E+01,3.70899E+01,3.70899E+01,4.79641E+00,3.70899E+01,3.70899E+01,3.70899E+01,3.70899E+01,3.70899E+01,3.70899E+01,3.70899E+01,3.70899E+01,3.70899E+01,3.70899E+01,3.70899E+01,3.70899E+01,3.70899E+01,3.70899E+01,3.70899E+01,3.70899E+01,7.12429E+00,3.70899E+01,3.70899E+01,3.70899E+01,9.33110E-01,3.70899E+01,3.70899E+01 
#t = 2.352E+03
3.70899E+01,3.70899E+01,3.70899E+01,3.70899E+01,3.70899E+01,3.70899E+01,3.70899E+01,3.70899E+01,3.70899E+01,3.70899E+01,3.70899E+01,3.70899E+01,3.70899E+01,3.70899E+01,3.70899E+01,3.70899E+01,3.70899E+01,3.70899E+01,3.70899E+01,3.70899E+01,3.70899E+01,3.70899E+01,3.70899E+01,3.70899E+01,3.70899E+01,3.70899E+01,3.70899E+01,3.70899E+01,3.70899E+01,4.99703E+00,3.70899E+01,1.16002E+01,1.41257E+00,3.70899E+01,2.63172E+00 
#t = 2.394E+03
3.70899E+01,3.70899E+01,3.70899E+01,3.70899E+01,3.70899E+01,3.70899E+01,3.70899E+01,3.70899E+01,3.70899E+01,3.70899E+01,3.70899E+01,3.70899E+01,3.70899E+01,3.70899E+01,3.70899E+01,3.70899E+01,3.70899E+01,3.70899E+01,3.70899E+01,3.70899E+01,3.70899E+01,3.70899E+01,3.70899E+01,3.70899E+01,3.70899E+01,3.70899E+01,3.70899E+01,3.70899E+01,3.70899E+01,3.70899E+01,3.70899E+01,3.70899E+01 
#t = 2.436E+03
3.70899E+01,3.70899E+01,3.70899E+01,3.70899E+01,3.70899E+01,3.70899E+01,3.70899E+01,3.70899E+01,3.70899E+01,3.70899E+01,3.70899E+01,9.68588E+00,3.70899E+01,3.70899E+01,3.70899E+01,3.70899E+01,3.70899E+01,3.70899E+01,3.70899E+01,3.70899E+01,3.70899E+01,3.70899E+01,3.70899E+01,3.70899E+01,3.70899E+01,3.70899E+01,3.08901E+00,3.70899E+01,3.70899E+01 
#t = 2.478E+03
3.70899E+01,3.70899E+01,3.70899E+01,3.70899E+01,1.09062E+01,3.70899E+01,3.70899E+01,3.70899E+01,9.90187E+00,3.70899E+01,3.70899E+01,3.70899E+01,3.70899E+01,3.70899E+01,3.70899E+01,1.71306E+01,3.70899E+01,3.70899E+01,3.70899E+01,3.70899E+01,3.70899E+01,1.71306E+01,3.70899E+01,3.70899E+01,3.70899E+01,1.71306E+01,3.70899E+01,3.70899E+01,1.37825E+01,3.70899E+01,3.70899E+01 
#t = 2.520E+03
1.09062E+01,3.70899E+01,3.70899E+01,3.70899E+01,3.70899E+01,3.70899E+01,3.70899E+01,3.70899E+01,3.70899E+01,3.70899E+01,3.70899E+01,3.70899E+01,3.70899E+01,3.70899E+01,3.70899E+01,3.70899E+01,3.70899E+01,1.34430E+01,3.70899E+01,3.70899E+01,3.70899E+01,3.70899E+01,1.72249E+00,3.70899E+01,4.44920E-01,1.45536E+00,3.70899E+01,3.70899E+01,3.70899E+01,1.34430E+01,1.84142E+00 
#t = 2.562E+03
3.70899E+01,3.70899E+01,3.70899E+01,3.70899E+01,3.70899E+01,3.70899E+01,3.70899E+01,3.70899E+01,3.70899E+01,3.70899E+01,3.70899E+01,3.70899E+01,3.70899E+01,3.70899E+01,3.70899E+01,3.70899E+01,2.62969E+01,3.70899E+01,3.70899E+01,3.70899E+01,3.70899E+01,3.70899E+01,2.62969E+01,1.06128E+01,3.70899E+01,3.70899E+01,3.70899E+01,3.70899E+01,3.70899E+01,3.70899E+01,3.70899E+01,3.70899E+01,3.70899E+01,3.70899E+01,2.45974E+00,1.17125E+00,3.70899E+01,3.70899E+01,3.70899E+01,4.18934E-01,3.70899E+01 
#t = 2.604E+03
3.70899E+01,3.70899E+01,3.70899E+01,3.70899E+01,6.54899E+00,3.70899E+01,3.70899E+01,3.70899E+01,3.70899E+01,1.40487E+01,3.70899E+01,3.70899E+01,3.70899E+01,3.70899E+01,3.70899E+01,3.70899E+01,3.70899E+01,3.70899E+01,3.70899E+01,3.70899E+01,3.70899E+01,3.70899E+01,3.70899E+01,3.70899E+01,3.70899E+01,8.49199E-01,3.70899E+01,3.70899E+01,1.40487E+01,3.70899E+01,3.70899E+01,3.70899E+01,3.70899E+01,3.70899E+01,3.70899E+01,3.70899E+01,3.70899E+01,4.34861E+00,3.70899E+01,3.70899E+01,1.60441E+00 
#t = 2.646E+03
3.70899E+01,3.70899E+01,3.70899E+01,3.70899E+01,3.70899E+01,3.70899E+01,1.40487E+01,3.70899E+01,3.70899E+01,3.70899E+01,3.70899E+01,3.70899E+01,3.70899E+01,3.70899E+01,3.70899E+01,3.70899E+01,3.70899E+01,3.70899E+01,3.70899E+01,3.70899E+01,3.70899E+01,3.70899E+01,3.70899E+01,3.70899E+01,3.70899E+01,3.70899E+01,3.70899E+01,3.70899E+01,3.70899E+01,3.70899E+01,3.70899E+01,3.70899E+01,1.44637E+00,3.70899E+01,3.70899E+01,3.70899E+01,2.09039E+00,9.68032E-01,4.11153E+00 
#t = 2.688E+03
3.70899E+01,3.70899E+01,3.70899E+01,3.70899E+01,3.70899E+01,8.49254E+00,1.18576E+01,3.70899E+01,3.70899E+01,3.70899E+01,3.70899E+01,3.70899E+01,3.70899E+01,3.70899E+01,3.70899E+01,3.70899E+01,1.18576E+01,3.70899E+01,3.70899E+01,3.70899E+01,3.70899E+01,3.70899E+01,3.70899E+01,3.70899E+01,3.70899E+01,3.70899E+01,3.70899E+01,3.70899E+01,1.75562E+00,3.70899E+01,1.49544E+00,1.12240E+00 
#t = 2.730E+03
3.70899E+01,3.70899E+01,1.18576E+01,3.70899E+01,3.70899E+01,3.70899E+01,3.70899E+01,3.70899E+01,3.70899E+01,3.70899E+01,3.70899E+01,3.70899E+01,3.70899E+01,3.70899E+01,3.70899E+01,3.70899E+01,3.70899E+01,3.70899E+01,3.70899E+01,3.70899E+01,3.70899E+01,3.70899E+01,3.70899E+01,6.25513E+00,3.70899E+01,3.70899E+01,3.70899E+01,3.70899E+01,3.70899E+01,3.70899E+01,3.70899E+01,3.70899E+01,3.70899E+01,2.64012E+00,3.70899E+01 
#t = 2.772E+03
3.70899E+01,3.70899E+01,3.70899E+01,3.70899E+01,3.70899E+01,3.70899E+01,3.70899E+01,3.70899E+01,3.70899E+01,3.70899E+01,3.70899E+01,3.70899E+01,3.70899E+01,3.70899E+01,3.70899E+01,3.70899E+01,3.70899E+01,3.70899E+01,3.70899E+01,3.70899E+01,3.70899E+01,2.43545E+00,3.70899E+01,8.94640E-01,3.70899E+01,3.70899E+01,3.70899E+01,3.70899E+01,3.70899E+01 
#t = 2.814E+03
3.70899E+01,3.70899E+01,3.70899E+01,3.70899E+01,3.70899E+01,3.70899E+01,3.70899E+01,3.70899E+01,3.70899E+01,3.70899E+01,3.70899E+01,3.70899E+01,3.70899E+01,3.70899E+01,3.70899E+01,3.70899E+01,3.70899E+01,3.70899E+01,3.70899E+01,8.83807E+00,3.70899E+01,3.70899E+01,3.70899E+01,3.70899E+01,3.70899E+01,3.70899E+01,3.70899E+01,3.70899E+01,1.74773E+00,8.46282E+01,8.46282E+01,8.46282E+01,3.70899E+01,3.70899E+01,8.46282E+01,1.67235E+00,1.13233E+01,3.70899E+01,8.46282E+01 
#t = 2.856E+03
3.70899E+01,3.70899E+01,3.70899E+01,3.70899E+01,1.13233E+01,3.70899E+01,3.70899E+01,3.70899E+01,3.70899E+01,8.46282E+01,3.70899E+01,8.46282E+01,3.70899E+01,3.70899E+01,8.46282E+01,7.34184E+00,3.70899E+01,3.70899E+01,3.70899E+01,8.46282E+01,3.70899E+01,8.46282E+01,8.46282E+01,3.70899E+01,3.70899E+01,3.70899E+01,3.70899E+01,3.70899E+01,3.70899E+01,3.70899E+01,3.70899E+01,3.64086E-01,3.70899E+01,3.70899E+01,2.36000E+00,3.70899E+01,3.70899E+01,8.46282E+01,1.13233E+01,2.00563E+00,1.14185E+00,3.70899E+01,3.70899E+01,8.46282E+01,3.70899E+01,4.23069E+00 
#t = 2.898E+03
3.70899E+01,8.46282E+01,3.70899E+01,8.46282E+01,8.46282E+01,3.70899E+01,3.70899E+01,3.70899E+01,3.70899E+01,8.46282E+01,3.70899E+01,8.46282E+01,3.70899E+01,3.70899E+01,8.46282E+01,8.46282E+01,3.70899E+01,3.70899E+01,3.70899E+01,3.70899E+01,8.46282E+01,1.13233E+01,3.70899E+01,8.46282E+01,3.70899E+01,3.70899E+01,8.46282E+01,8.46282E+01,8.46282E+01,3.70899E+01,8.46282E+01,3.70899E+01,3.70899E+01,8.46282E+01,8.46282E+01,8.46282E+01,1.59869E-01,8.46282E+01,8.46282E+01,7.37397E-01,3.70899E+01,3.70899E+01 
#t = 2.940E+03
8.46282E+01,8.46282E+01,1.13233E+01,3.70899E+01,8.46282E+01,3.70899E+01,3.70899E+01,3.70899E+01,3.70899E+01,8.46282E+01,8.46282E+01,3.70899E+01,3.70899E+01,8.46282E+01,3.70899E+01,8.46282E+01,3.70899E+01,8.46282E+01,7.49418E+00,3.70899E+01,8.46282E+01,8.46282E+01,1.14648E+01,3.70899E+01,3.70899E+01,8.46282E+01,8.46282E+01,3.70899E+01,8.46282E+01,8.46282E+01,3.70899E+01,8.46282E+01,8.46282E+01,1.89134E+00,8.46282E+01,5.18096E-01 
#t = 2.982E+03
8.46282E+01,3.70899E+01,8.46282E+01,8.46282E+01,8.46282E+01,3.70899E+01,8.46282E+01,8.46282E+01,3.70899E+01,8.46282E+01,8.46282E+01,8.46282E+01,8.46282E+01,8.46282E+01,8.46282E+01,3.70899E+01,8.46282E+01,8.46282E+01,8.46282E+01,8.46282E+01,8.46282E+01,8.46282E+01,8.46282E+01,8.46282E+01,3.70899E+01,8.46282E+01,8.46282E+01,7.87579E+00,8.46282E+01,8.46282E+01,8.46282E+01,8.46282E+01 
#t = 3.024E+03
3.70899E+01,8.46282E+01,8.46282E+01,8.46282E+01,8.46282E+01,8.46282E+01,8.46282E+01,8.46282E+01,8.46282E+01,8.46282E+01,8.46282E+01,8.46282E+01,8.46282E+01,8.46282E+01,8.46282E+01,8.46282E+01,8.46282E+01,8.46282E+01,8.46282E+01,8.46282E+01,8.46282E+01,1.58099E+01,8.46282E+01,8.46282E+01,8.46282E+01,8.46282E+01,8.46282E+01,8.46282E+01,8.46282E+01,8.46282E+01,3.70899E+01,8.46282E+01,8.46282E+01,8.46282E+01,8.46282E+01,8.46282E+01,8.46282E+01,8.46282E+01,3.70899E+01,1.11295E+01,8.46282E+01,8.46282E+01,8.46282E+01,8.46282E+01,1.30395E+01,3.67736E+00 
#t = 3.066E+03
8.46282E+01,8.46282E+01,8.46282E+01,3.70899E+01,8.46282E+01,8.46282E+01,8.46282E+01,8.46282E+01,8.46282E+01,8.46282E+01,8.46282E+01,8.46282E+01,8.46282E+01,8.46282E+01,8.46282E+01,8.46282E+01,8.46282E+01,8.46282E+01,8.46282E+01,8.46282E+01,8.46282E+01,8.46282E+01,8.46282E+01,8.46282E+01,8.46282E+01,8.46282E+01,8.46282E+01,8.46282E+01,8.46282E+01,8.46282E+01,9.08327E+00,8.46282E+01,3.70899E+01,8.46282E+01,8.46282E+01,8.46282E+01,8.46282E+01,8.46282E+01,8.46282E+01,8.46282E+01,8.46282E+01,6.04550E+00,8.46282E+01,8.46282E+01,8.46282E+01,8.46282E+01,8.46282E+01,2.66056E+00,8.46282E+01 
#t = 3.108E+03
8.46282E+01,3.70899E+01,8.46282E+01,8.46282E+01,8.46282E+01,8.46282E+01,8.46282E+01,8.46282E+01,7.65835E+00,8.46282E+01,3.70899E+01,8.46282E+01,8.46282E+01,8.46282E+01,8.46282E+01,8.46282E+01,8.46282E+01,8.46282E+01,8.46282E+01,8.46282E+01,8.46282E+01,8.46282E+01,8.46282E+01,8.46282E+01,8.46282E+01,8.46282E+01,8.46282E+01,8.46282E+01,8.46282E+01,8.46282E+01,8.46282E+01,8.46282E+01,8.46282E+01,8.46282E+01,8.46282E+01,8.46282E+01,8.46282E+01,8.46282E+01,8.46282E+01,4.97296E+01,8.46282E+01,8.46282E+01,8.46282E+01,3.70899E+01,8.46282E+01,1.35785E+00,8.43249E-01,1.33714E+00 
#t = 3.150E+03
8.46282E+01,8.46282E+01,8.46282E+01,8.46282E+01,8.46282E+01,8.46282E+01,1.23007E+01,8.46282E+01,8.46282E+01,8.46282E+01,8.46282E+01,8.46282E+01,8.46282E+01,8.46282E+01,8.46282E+01,1.23007E+01,8.46282E+01,8.46282E+01,8.46282E+01,8.46282E+01,8.46282E+01,8.46282E+01,8.46282E+01,8.46282E+01,8.46282E+01,8.46282E+01,8.46282E+01,8.46282E+01,8.46282E+01,8.46282E+01,8.46282E+01,8.46282E+01,8.46282E+01,4.35320E+00,8.46282E+01,8.46282E+01,8.46282E+01,8.46282E+01,3.42840E+00,8.46282E+01,8.46282E+01,2.79094E+00,1.44235E+00,8.46282E+01,8.46282E+01 
#t = 3.192E+03
8.46282E+01,8.46282E+01,1.23007E+01,8.46282E+01,8.46282E+01,8.46282E+01,8.46282E+01,8.46282E+01,8.46282E+01,8.46282E+01,8.46282E+01,8.46282E+01,8.46282E+01,8.46282E+01,8.46282E+01,8.46282E+01,8.46282E+01,8.46282E+01,8.46282E+01,8.46282E+01,8.46282E+01,8.46282E+01,1.49605E+01,8.46282E+01,1.23007E+01,8.46282E+01,8.46282E+01,8.46282E+01,1.23007E+01,8.46282E+01,8.46282E+01,1.35592E+01,8.46282E+01,8.46282E+01,8.46282E+01,1.23007E+01,1.35592E+01,8.46282E+01,1.23007E+01,8.46282E+01,1.35592E+01,8.46282E+01,1.23007E+01,1.35592E+01,3.28476E+00,8.46282E+01,1.23007E+01,8.46282E+01,8.46282E+01,8.46282E+01,1.23007E+01,1.13063E+01,1.23007E+01,8.46282E+01,8.46282E+01,8.46282E+01,1.23007E+01,1.23007E+01,8.46282E+01,1.35592E+01,8.46282E+01,8.46282E+01,8.46282E+01,1.23007E+01,1.23007E+01 
#t = 3.234E+03
8.46282E+01,8.46282E+01,8.46282E+01,1.23007E+01,1.23007E+01,8.46282E+01,8.46282E+01,8.46282E+01,8.46282E+01,8.46282E+01,8.46282E+01,8.46282E+01,8.46282E+01,8.46282E+01,8.46282E+01,8.46282E+01,8.46282E+01,8.46282E+01,8.46282E+01,8.46282E+01,8.46282E+01,8.46282E+01,8.46282E+01,8.46282E+01,8.46282E+01,8.46282E+01,8.46282E+01,8.46282E+01,8.46282E+01,8.46282E+01,8.46282E+01,8.46282E+01,8.46282E+01,8.46282E+01,8.46282E+01,8.46282E+01,6.13227E+00,8.46282E+01,8.46282E+01,8.46282E+01,8.84735E-01 
#t = 3.276E+03
8.46282E+01,8.46282E+01,8.46282E+01,8.46282E+01,8.46282E+01,8.46282E+01,8.46282E+01,8.46282E+01,8.46282E+01,8.46282E+01,8.46282E+01,8.46282E+01,8.46282E+01,8.46282E+01,8.46282E+01,8.46282E+01,8.46282E+01,8.46282E+01,8.46282E+01,8.46282E+01,8.46282E+01,8.46282E+01,8.46282E+01,8.46282E+01,8.46282E+01,8.46282E+01,8.46282E+01,8.46282E+01,8.46282E+01,8.46282E+01,8.46282E+01,7.20793E+00,8.46282E+01,8.46282E+01,8.46282E+01,8.46282E+01,8.46282E+01,1.50544E+00,8.46282E+01,8.46282E+01,8.18815E+01,8.46282E+01,8.46282E+01,8.46282E+01,8.46282E+01 
#t = 3.318E+03
8.46282E+01,8.46282E+01,8.46282E+01,8.46282E+01,8.46282E+01,8.46282E+01,8.46282E+01,1.05489E+01,8.46282E+01,8.46282E+01,3.01442E+01,1.09921E+01,8.46282E+01,1.26560E+01,3.01442E+01,8.46282E+01,8.46282E+01,8.46282E+01,8.46282E+01,3.01442E+01,8.46282E+01,1.85045E+00,8.46282E+01,8.46282E+01,8.46282E+01,8.46282E+01,8.46282E+01,8.46282E+01,8.46282E+01,8.46282E+01,8.46282E+01,8.46282E+01,8.46282E+01,8.46282E+01,8.46282E+01,8.46282E+01,4.19961E+00,3.55664E+00,1.63216E+00,8.46282E+01,8.46282E+01 
#t = 3.360E+03
8.46282E+01,8.46282E+01,3.01442E+01,1.26560E+01,8.46282E+01,8.46282E+01,1.26560E+01,8.46282E+01,8.46282E+01,8.46282E+01,8.46282E+01,8.46282E+01,8.46282E+01,8.46282E+01,8.46282E+01,8.46282E+01,8.46282E+01,8.46282E+01,8.46282E+01,8.46282E+01,8.46282E+01,8.46282E+01,8.46282E+01,8.46282E+01,8.46282E+01,8.46282E+01,8.46282E+01,3.92181E+00,8.46282E+01,8.46282E+01,8.46282E+01,8.46282E+01,8.46282E+01,8.46282E+01,8.46282E+01,8.46282E+01,8.46282E+01,8.46282E+01,8.46282E+01,1.10675E+00,8.46282E+01,8.46282E+01,8.46282E+01,8.46282E+01,2.31200E-01,8.46282E+01 
#t = 3.402E+03
8.46282E+01,8.46282E+01,8.46282E+01,8.46282E+01,8.46282E+01,8.46282E+01,8.46282E+01,8.46282E+01,8.46282E+01,8.46282E+01,8.46282E+01,8.46282E+01,8.46282E+01,1.26560E+01,8.46282E+01,8.46282E+01,8.46282E+01,8.46282E+01,1.26560E+01,8.46282E+01,8.46282E+01,8.46282E+01,7.38802E+00,8.46282E+01,8.46282E+01,8.46282E+01,8.46282E+01,8.46282E+01,1.26560E+01,8.46282E+01,8.46282E+01,8.46282E+01,8.46282E+01,8.46282E+01,8.46282E+01,8.46282E+01,8.46282E+01 
#t = 3.444E+03
8.46282E+01,8.46282E+01,8.46282E+01,8.46282E+01,8.46282E+01,8.46282E+01,8.46282E+01,1.26560E+01,8.46282E+01,8.46282E+01,8.46282E+01,8.46282E+01,8.46282E+01,8.46282E+01,8.46282E+01,8.46282E+01,8.46282E+01,8.46282E+01,8.46282E+01,8.46282E+01,2.10340E+01,8.46282E+01,8.46282E+01,8.46282E+01,8.46282E+01,8.46282E+01,8.46282E+01,8.46282E+01,8.46282E+01,8.46282E+01,6.26618E+00,8.46282E+01,8.46282E+01,8.46282E+01,8.46282E+01,8.46282E+01,8.46282E+01,1.07815E+01,8.46282E+01,8.46282E+01,8.46282E+01,8.46282E+01,2.43438E+00,4.78426E-01,2.10340E+01,8.46282E+01,8.46282E+01,2.10340E+01,8.46282E+01,8.46282E+01,8.46282E+01,8.46282E+01,8.46282E+01 
#t = 3.486E+03
8.46282E+01,8.46282E+01,8.46282E+01,8.46282E+01,1.07815E+01,8.46282E+01,8.46282E+01,1.09804E+01,8.46282E+01,2.10340E+01,8.46282E+01,8.46282E+01,8.46282E+01,8.46282E+01,8.46282E+01,8.46282E+01,8.46282E+01,8.46282E+01,8.46282E+01,8.46282E+01,2.10340E+01,8.46282E+01,8.46282E+01,8.46282E+01,2.10340E+01,8.46282E+01,8.46282E+01,2.10340E+01,8.46282E+01,2.10340E+01,8.46282E+01,8.46282E+01,8.46282E+01,8.46282E+01,8.46282E+01,8.46282E+01,8.46282E+01,8.46282E+01,8.46282E+01,8.46282E+01,8.46282E+01,2.10340E+01,8.46282E+01,8.46282E+01,8.46282E+01,5.25816E+00,8.46282E+01,8.46282E+01,8.46282E+01,8.46282E+01 
#t = 3.528E+03
8.46282E+01,8.46282E+01,8.46282E+01,8.46282E+01,8.46282E+01,2.10340E+01,8.46282E+01,8.46282E+01,8.46282E+01,8.46282E+01,8.46282E+01,8.46282E+01,8.46282E+01,8.46282E+01,8.46282E+01,8.46282E+01,8.46282E+01,8.46282E+01,2.10340E+01,8.46282E+01,8.46282E+01,8.46282E+01,8.46282E+01,8.46282E+01,8.46282E+01,8.46282E+01,8.46282E+01,2.10340E+01,1.71035E+00,7.91909E+00,8.46282E+01,8.46282E+01 
#t = 3.570E+03
8.46282E+01,8.46282E+01,8.46282E+01,8.46282E+01,1.14190E+01,8.46282E+01,8.46282E+01,8.46282E+01,8.46282E+01,8.46282E+01,8.46282E+01,8.46282E+01,8.46282E+01,8.46282E+01,8.46282E+01,8.46282E+01,8.46282E+01,8.46282E+01,8.46282E+01,8.46282E+01,8.46282E+01,8.46282E+01,8.46282E+01,8.46282E+01,8.46282E+01,1.14190E+01,8.46282E+01,8.46282E+01,8.46282E+01,4.18231E-01,8.46282E+01,1.14190E+01,8.46282E+01,8.46282E+01,8.46282E+01,8.46282E+01 
#t = 3.612E+03
1.14190E+01,8.46282E+01,8.46282E+01,8.46282E+01,8.46282E+01,8.46282E+01,8.46282E+01,8.46282E+01,8.46282E+01,8.46282E+01,8.46282E+01,8.46282E+01,8.46282E+01,8.46282E+01,8.46282E+01,8.46282E+01,1.14190E+01,8.46282E+01,8.46282E+01,8.46282E+01,8.46282E+01,8.46282E+01,1.45470E+01,1.17612E+00,8.46282E+01,5.90680E+00,8.46282E+01,1.64727E+01,8.46282E+01,8.46282E+01,8.46282E+01,8.46282E+01,8.46282E+01,8.46282E+01,8.46282E+01,8.46282E+01,8.46282E+01,1.64727E+01 
#t = 3.654E+03
8.46282E+01,8.46282E+01,8.46282E+01,8.46282E+01,1.14190E+01,8.46282E+01,8.46282E+01,8.46282E+01,8.46282E+01,8.46282E+01,8.46282E+01,1.14190E+01,8.46282E+01,8.46282E+01,8.46282E+01,2.55351E+01,8.46282E+01,8.46282E+01,8.46282E+01,8.46282E+01,8.46282E+01,8.46282E+01,8.46282E+01,8.46282E+01,8.46282E+01,8.46282E+01,8.46282E+01,8.46282E+01,8.46282E+01,8.46282E+01,8.46282E+01,8.46282E+01,8.46282E+01,8.46282E+01,8.46282E+01,8.46282E+01,8.46282E+01,8.46282E+01,8.46282E+01,8.46282E+01,8.46282E+01,8.46282E+01,8.46282E+01 
#t = 3.696E+03
1.14190E+01,8.46282E+01,8.46282E+01,8.46282E+01,1.14190E+01,8.46282E+01,1.14190E+01,8.46282E+01,8.46282E+01,8.46282E+01,8.46282E+01,8.46282E+01,8.46282E+01,8.46282E+01,1.14190E+01,1.14190E+01,8.46282E+01,8.46282E+01,8.46282E+01,8.46282E+01,8.46282E+01,8.46282E+01,8.46282E+01,8.46282E+01,8.46282E+01,8.46282E+01,1.14190E+01,1.14190E+01,8.46282E+01,8.46282E+01,1.14190E+01,8.46282E+01,8.46282E+01,8.46282E+01,1.14190E+01,8.46282E+01,8.46282E+01,1.14190E+01,8.46282E+01,5.99873E-01,8.46282E+01,1.14190E+01,8.46282E+01,8.46282E+01 
#t = 3.738E+03
8.46282E+01,8.46282E+01,8.46282E+01,8.46282E+01,8.46282E+01,8.46282E+01,8.46282E+01,1.14190E+01,8.46282E+01,8.46282E+01,8.46282E+01,8.46282E+01,1.14190E+01,8.46282E+01,8.46282E+01,8.46282E+01,1.14190E+01,8.46282E+01,8.46282E+01,1.14190E+01,8.46282E+01,8.46282E+01,8.46282E+01,8.46282E+01,8.46282E+01,8.46282E+01,8.46282E+01,8.46282E+01,8.46282E+01,8.46282E+01,8.46282E+01,8.46282E+01,8.46282E+01,8.46282E+01,8.46282E+01,8.46282E+01,8.46282E+01,8.46282E+01,8.46282E+01,8.46282E+01,8.46282E+01,8.46282E+01,8.46282E+01,8.46282E+01,8.46282E+01,8.46282E+01,8.46282E+01,2.04708E+00,8.46282E+01 
#t = 3.780E+03
8.46282E+01,1.14190E+01,8.46282E+01,8.46282E+01,8.46282E+01,8.46282E+01,8.46282E+01,8.46282E+01,8.46282E+01,1.14190E+01,8.46282E+01,8.46282E+01,8.46282E+01,8.46282E+01,8.46282E+01,8.91490E+00,1.14190E+01,8.46282E+01,8.46282E+01,8.46282E+01,8.46282E+01,8.46282E+01,8.46282E+01,1.98121E+01,8.46282E+01,1.14190E+01,8.46282E+01,8.46282E+01,8.46282E+01,8.46282E+01,8.46282E+01,8.46282E+01,8.46282E+01,8.46282E+01,8.46282E+01,8.46282E+01,5.13518E+00,8.46282E+01,3.81236E+00,1.04230E+01,2.06395E+00 
#t = 3.822E+03
8.46282E+01,8.46282E+01,8.46282E+01,8.46282E+01,8.46282E+01,8.46282E+01,8.46282E+01,8.46282E+01,8.46282E+01,8.46282E+01,8.46282E+01,8.46282E+01,8.46282E+01,8.46282E+01,8.46282E+01,8.46282E+01,8.46282E+01,8.46282E+01,8.46282E+01,8.46282E+01,8.46282E+01,8.46282E+01,8.46282E+01,8.46282E+01,8.46282E+01,8.46282E+01,8.46282E+01,8.46282E+01,8.46282E+01,3.27719E+00,8.46282E+01,8.46282E+01,8.46282E+01,8.46282E+01,8.46282E+01,8.46282E+01,8.46282E+01,8.46282E+01,8.46282E+01,8.46282E+01,8.46282E+01,2.59241E+00,8.46282E+01 
#t = 3.864E+03
8.46282E+01,8.46282E+01,8.46282E+01,8.46282E+01,8.46282E+01,8.46282E+01,8.46282E+01,8.46282E+01,8.46282E+01,8.46282E+01,8.46282E+01,8.46282E+01,8.46282E+01,8.46282E+01,8.46282E+01,8.46282E+01,8.46282E+01,8.46282E+01,8.46282E+01,8.46282E+01,8.46282E+01,8.46282E+01,8.46282E+01,8.46282E+01,8.46282E+01,8.46282E+01,8.46282E+01,8.46282E+01,8.46282E+01,8.46282E+01,8.46282E+01,8.46282E+01,8.46282E+01,8.46282E+01,8.46282E+01,8.46282E+01,2.99186E+00,8.46282E+01,8.46282E+01,8.46282E+01,1.61058E+00,1.20620E+00,8.46282E+01 
#t = 3.906E+03
8.46282E+01,8.46282E+01,8.46282E+01,8.46282E+01,8.46282E+01,8.46282E+01,8.46282E+01,8.46282E+01,8.46282E+01,8.46282E+01,8.46282E+01,8.46282E+01,8.46282E+01,8.46282E+01,8.46282E+01,8.46282E+01,7.87446E+00,8.46282E+01,8.46282E+01,8.46282E+01,8.46282E+01,8.46282E+01,8.46282E+01,8.46282E+01,8.46282E+01,8.46282E+01,8.46282E+01,8.46282E+01,6.51977E+00,8.46282E+01,8.46282E+01,8.46282E+01,8.46282E+01,8.46282E+01,8.46282E+01,8.46282E+01,8.46282E+01,8.46282E+01,8.46282E+01,5.74684E-01,8.46282E+01,8.46282E+01,8.46282E+01,8.46282E+01,8.46282E+01 
#t = 3.948E+03
8.46282E+01,8.46282E+01,8.46282E+01,8.46282E+01,8.46282E+01,8.46282E+01,8.46282E+01,8.46282E+01,8.46282E+01,8.46282E+01,8.46282E+01,8.46282E+01,8.46282E+01,8.46282E+01,8.46282E+01,8.46282E+01,8.46282E+01,8.46282E+01,8.46282E+01,8.46282E+01,8.46282E+01,8.46282E+01,8.46282E+01,8.46282E+01,8.46282E+01,8.46282E+01,8.46282E+01,8.46282E+01,8.46282E+01,8.46282E+01,8.46282E+01,8.46282E+01,8.46282E+01,8.46282E+01,8.46282E+01,8.46282E+01,8.46282E+01,8.46282E+01,8.46282E+01,8.46282E+01,8.46282E+01,8.46282E+01,8.46282E+01,8.46282E+01 
#t = 3.990E+03
8.46282E+01,8.46282E+01,8.46282E+01,8.46282E+01,8.46282E+01,8.46282E+01,8.46282E+01,8.46282E+01,8.46282E+01,8.46282E+01,8.46282E+01,8.46282E+01,8.46282E+01,8.46282E+01,8.46282E+01,1.50425E+01,8.46282E+01,8.46282E+01,8.46282E+01,8.46282E+01,8.46282E+01,8.46282E+01,8.46282E+01,8.46282E+01,3.03354E+00,5.52255E-01,8.46282E+01,8.46282E+01,8.46282E+01,8.46282E+01,8.46282E+01,8.46282E+01,8.46282E+01,8.46282E+01,9.14846E+00,8.46282E+01 
#t = 4.032E+03
8.46282E+01,8.46282E+01,8.46282E+01,8.46282E+01,8.46282E+01,8.46282E+01,8.46282E+01,8.46282E+01,8.46282E+01,8.46282E+01,8.46282E+01,8.46282E+01,8.46282E+01,8.46282E+01,8.46282E+01,8.46282E+01,8.46282E+01,8.46282E+01,8.46282E+01,8.46282E+01,8.46282E+01,8.46282E+01,8.46282E+01,8.46282E+01,8.46282E+01,8.46282E+01,8.46282E+01,8.46282E+01,8.46282E+01,8.46282E+01,8.46282E+01,8.46282E+01,8.46282E+01,2.59556E-01,8.46282E+01,6.59045E+00,8.46282E+01,8.46282E+01,8.46282E+01,8.46282E+01,8.46282E+01,6.65126E-01 
#t = 4.074E+03
8.46282E+01,8.46282E+01,8.46282E+01,8.46282E+01,8.46282E+01,8.46282E+01,8.46282E+01,8.46282E+01,8.46282E+01,1.40920E+01,8.46282E+01,8.46282E+01,8.46282E+01,8.46282E+01,8.46282E+01,8.46282E+01,8.46282E+01,8.46282E+01,8.46282E+01,1.38076E+01,8.46282E+01,8.46282E+01,8.46282E+01,8.46282E+01,8.46282E+01,8.46282E+01,8.46282E+01,8.46282E+01,8.46282E+01,8.46282E+01,8.46282E+01,8.46282E+01,8.46282E+01,8.46282E+01,8.17311E-01,8.46282E+01,8.46282E+01,1.34702E-01 
#t = 4.116E+03
8.46282E+01,1.40920E+01,8.46282E+01,1.40920E+01,8.46282E+01,8.46282E+01,8.46282E+01,8.46282E+01,1.40920E+01,1.40920E+01,8.46282E+01,8.46282E+01,8.46282E+01,1.40920E+01,8.46282E+01,8.46282E+01,8.46282E+01,8.46282E+01,8.46282E+01,8.46282E+01,8.46282E+01,8.46282E+01,8.46282E+01,8.46282E+01,8.46282E+01,8.46282E+01,8.46282E+01,8.46282E+01,8.46282E+01,8.46282E+01,8.46282E+01,8.46282E+01,8.46282E+01,2.36014E+00,8.46282E+01,8.46282E+01,1.40920E+01,4.51180E+00,8.46282E+01,8.46282E+01,1.04046E+00 
#t = 4.158E+03
1.40920E+01,8.46282E+01,8.46282E+01,8.46282E+01,8.46282E+01,8.46282E+01,8.46282E+01,8.46282E+01,1.40920E+01,8.46282E+01,1.40920E+01,8.46282E+01,8.46282E+01,8.46282E+01,8.46282E+01,8.46282E+01,8.46282E+01,8.46282E+01,8.46282E+01,8.46282E+01,8.46282E+01,8.46282E+01,8.46282E+01,8.46282E+01,8.46282E+01,8.46282E+01,8.46282E+01,8.46282E+01,8.46282E+01,5.41753E+00,8.46282E+01,8.46282E+01,8.46282E+01,8.46282E+01,8.46282E+01,8.46282E+01,8.46282E+01,1.40920E+01,8.46282E+01,9.04029E+00,8.46282E+01,8.46282E+01,1.40920E+01 
#t = 4.200E+03
8.46282E+01,8.46282E+01,8.46282E+01,8.46282E+01,8.46282E+01,8.46282E+01,8.46282E+01,8.46282E+01,8.46282E+01,8.46282E+01,8.46282E+01,1.40920E+01,1.40920E+01,8.46282E+01,1.54554E+01,1.54554E+01,8.46282E+01,1.40920E+01,8.46282E+01,1.40920E+01,8.46282E+01,8.46282E+01,8.46282E+01,8.46282E+01,8.46282E+01,1.28248E+00,1.37294E+00,8.46282E+01,8.46282E+01,8.46282E+01,8.46282E+01,1.40920E+01,8.46282E+01,2.79758E+00 
