#t = 0.000E+00
1.52509E+00,3.58363E+00,2.08200E+00,2.56162E+00,8.55606E-01 
#t = 4.200E+01
1.37835E+01,8.81822E+00,2.18174E+00 
#t = 8.400E+01
7.96230E+00,1.06298E+01,5.52111E+00 
#t = 1.260E+02
1.78332E+01,3.06777E+01,3.06777E+01,1.09219E+01,9.73515E+00,3.63911E+00,1.94201E+00 
#t = 1.680E+02
3.06777E+01,3.06777E+01,3.06777E+01,3.06777E+01,8.69151E-01,3.06777E+01,1.09858E+00,3.06777E+01,3.06777E+01,6.32220E-01,1.84831E+00,1.06603E+01 
#t = 2.100E+02
3.06777E+01,3.06777E+01,3.06777E+01,3.06777E+01,9.89200E+00,3.06777E+01,3.06777E+01,3.06777E+01,3.06777E+01,2.51716E+00,3.06777E+01,3.06777E+01,3.06777E+01,3.06777E+01,3.06777E+01,6.72116E+00,5.00690E+00,3.06777E+01,1.04044E+00 
#t = 2.520E+02
3.06777E+01,3.06777E+01,3.06777E+01,3.06777E+01,3.06777E+01,3.06777E+01,3.06777E+01,3.06777E+01,3.06777E+01,3.06777E+01,3.06777E+01,3.06777E+01,3.06777E+01,3.06777E+01,3.06777E+01,3.06777E+01,3.06777E+01,3.06777E+01,3.06777E+01,3.06777E+01,3.06777E+01,3.06777E+01,3.06777E+01,3.06777E+01,3.06777E+01,3.08049E+00 
#t = 2.940E+02
3.06777E+01,3.06777E+01,3.06777E+01,3.06777E+01,3.06777E+01,3.06777E+01,3.06777E+01,3.06777E+01,3.06777E+01,3.06777E+01,3.06777E+01,3.06777E+01,3.06777E+01,3.06777E+01,3.06777E+01,3.06777E+01,2.93903E-01,3.06777E+01,3.06777E+01,3.06777E+01,3.06777E+01,3.06777E+01,3.06777E+01,3.06777E+01,6.21403E+01,3.06777E+01,3.06777E+01,5.67423E+00,3.06777E+01,3.06777E+01,3.06777E+01,3.06777E+01,3.06777E+01,3.06777E+01,1.07710E+00,3.06777E+01,1.25253E+00,3.06777E+01 
#t = 3.360E+02
3.06777E+01,3.06777E+01,3.06777E+01,3.06777E+01,3.06777E+01,3.06777E+01,3.06777E+01,3.06777E+01,3.06777E+01,3.06777E+01,3.06777E+01,3.06777E+01,3.06777E+01,3.06777E+01,3.06777E+01,3.06777E+01,3.06777E+01,3.06777E+01,3.06777E+01,3.06777E+01,3.06777E+01,3.06777E+01,3.06777E+01,3.06777E+01,3.06777E+01,3.06777E+01,3.06777E+01,3.06777E+01,3.06777E+01,5.20722E+00,3.06777E+01,3.06777E+01,2.52060E+01,3.06777E+01,3.06777E+01,3.06777E+01,3.06777E+01,3.06777E+01,3.06777E+01,3.06777E+01,3.06777E+01,3.96220E+00,3.06777E+01,3.06777E+01,3.06777E+01,3.06777E+01,4.85986E+00,3.06777E+01 
#t = 3.780E+02
3.06777E+01,3.06777E+01,3.06777E+01,3.06777E+01,3.06777E+01,3.06777E+01,3.06777E+01,3.06777E+01,3.06777E+01,3.06777E+01,3.06777E+01,3.06777E+01,3.06777E+01,3.06777E+01,3.06777E+01,3.06777E+01,3.06777E+01,3.06777E+01,3.06777E+01,3.06777E+01,3.06777E+01,3.06777E+01,3.06777E+01,3.06777E+01,3.06777E+01,3.06777E+01,3.06777E+01,1.26146E+01,3.06777E+01,3.06777E+01,3.06777E+01,3.06777E+01,3.06777E+01,3.06777E+01,3.06777E+01,3.06777E+01,3.06777E+01,6.26740E+00,3.06777E+01,3.06777E+01,3.06777E+01,3.43456E+00,3.06777E+01,3.06777E+01,3.06777E+01,1.26146E+01,3.06777E+01,3.06777E+01,3.06777E+01,3.06777E+01,3.50080E+00,3.06777E+01,3.06777E+01,3.06777E+01,3.06777E+01,3.06777E+01,3.06777E+01,3.06777E+01,3.06777E+01,3.06777E+01 
#t = 4.200E+02
3.06777E+01,3.06777E+01,3.06777E+01,6.06054E+00,3.06777E+01,3.06777E+01,3.06777E+01,3.06777E+01,3.06777E+01,3.06777E+01,3.06777E+01,3.06777E+01,3.06777E+01,3.06777E+01,3.06777E+01,3.06777E+01,3.06777E+01,3.06777E+01,3.06777E+01,3.06777E+01,3.06777E+01,3.06777E+01,3.06777E+01,2.36895E+00,3.06777E+01,1.40950E+01,3.06777E+01,3.06777E+01,5.40335E+00,3.06777E+01,3.06777E+01,3.06777E+01,3.06777E+01,3.06777E+01,3.06777E+01,3.06777E+01,3.06777E+01,1.00221E+00,3.06777E+01,3.06777E+01 
#t = 4.620E+02
3.06777E+01,3.06777E+01,3.06777E+01,3.06777E+01,3.06777E+01,3.06777E+01,3.06777E+01,3.06777E+01,3.06777E+01,3.06777E+01,3.06777E+01,3.06777E+01,3.06777E+01,3.06777E+01,3.06777E+01,3.06777E+01,1.08884E+00,3.06777E+01,3.06777E+01,3.06777E+01,3.06777E+01,3.06777E+01,3.06777E+01,3.06777E+01,3.06777E+01,2.75352E+00 
#t = 5.040E+02
3.06777E+01,3.06777E+01,3.06777E+01,3.06777E+01,1.09759E+01,3.06777E+01,3.06777E+01,3.06777E+01,3.06777E+01,3.06777E+01,3.06777E+01,3.06777E+01,3.06777E+01,3.06777E+01,3.06777E+01,3.06777E+01,3.06777E+01,3.06777E+01,2.16078E+01,3.06777E+01,6.77046E+00,3.06777E+01,1.09759E+01,3.06777E+01,3.06777E+01,3.06777E+01,3.06777E+01,1.23350E+00,3.06777E+01,6.44867E-01,3.06777E+01,3.06777E+01,3.06777E+01,1.22112E+00 
#t = 5.460E+02
3.06777E+01,3.06777E+01,3.06777E+01,3.06777E+01,3.06777E+01,3.06777E+01,3.06777E+01,3.06777E+01,3.06777E+01,3.06777E+01,3.06777E+01,3.06777E+01,3.06777E+01,3.06777E+01,3.06777E+01,3.06777E+01,3.06777E+01,3.06777E+01,3.06777E+01,1.21133E+01,3.06777E+01,9.01680E-01,3.06777E+01,1.81053E+00,3.06777E+01,3.06777E+01,3.06777E+01,3.06777E+01,1.21133E+01,3.06777E+01,1.82093E+00,1.66984E+00,3.06777E+01,3.06777E+01,3.06777E+01 
#t = 5.880E+02
3.06777E+01,1.21133E+01,3.06777E+01,3.06777E+01,3.06777E+01,3.06777E+01,3.06777E+01,3.06777E+01,3.06777E+01,3.06777E+01,1.32224E+01,3.06777E+01,3.06777E+01,3.06777E+01,3.06777E+01,3.06777E+01,3.06777E+01,3.06777E+01,3.06777E+01,3.06777E+01,3.06777E+01,3.06777E+01,3.06777E+01,3.06777E+01,1.21133E+01,3.06777E+01,3.06777E+01,3.06777E+01,1.21133E+01,3.06777E+01,3.06777E+01,3.06777E+01,1.32224E+01,3.06777E+01 
#t = 6.300E+02
3.06777E+01,3.06777E+01,3.06777E+01,3.06777E+01,3.06777E+01,3.06777E+01,3.06777E+01,3.06777E+01,3.06777E+01,3.06777E+01,3.06777E+01,3.06777E+01,3.06777E+01,3.06777E+01,3.06777E+01,3.06777E+01,3.06777E+01,3.06777E+01,3.06777E+01,4.21887E-01,3.06777E+01,3.06777E+01,3.06777E+01,5.70997E+00,3.06777E+01,3.06777E+01,3.06777E+01,3.06777E+01,9.09370E+00,3.06777E+01,3.06777E+01,2.68078E+00,3.06777E+01,3.06777E+01 
#t = 6.720E+02
3.06777E+01,3.06777E+01,3.06777E+01,3.06777E+01,3.06777E+01,3.06777E+01,3.06777E+01,3.06777E+01,3.06777E+01,3.06777E+01,3.06777E+01,3.06777E+01,3.06777E+01,3.06777E+01,3.06777E+01,3.06777E+01,3.06777E+01,3.06777E+01,3.06777E+01,3.06777E+01,3.06777E+01,3.06777E+01,3.06777E+01,3.06777E+01,3.06777E+01,3.06777E+01,3.06777E+01,3.06777E+01,3.06777E+01,3.06777E+01,3.06777E+01,3.06777E+01,3.06777E+01,3.06777E+01,3.06777E+01,3.06777E+01,3.06777E+01,3.06777E+01,3.06777E+01,3.06777E+01,3.06777E+01,1.19802E+00,3.06777E+01,3.06777E+01,3.06777E+01,3.06777E+01,1.20538E+01,3.06777E+01 
#t = 7.140E+02
3.06777E+01,3.06777E+01,3.06777E+01,3.06777E+01,3.06777E+01,3.06777E+01,3.06777E+01,3.06777E+01,3.06777E+01,3.06777E+01,3.06777E+01,3.06777E+01,3.06777E+01,3.06777E+01,3.06777E+01,3.06777E+01,3.06777E+01,3.06777E+01,6.42258E+00,3.06777E+01,3.06777E+01,3.06777E+01,3.06777E+01,3.06777E+01,3.06777E+01,3.06777E+01,3.06777E+01,3.06777E+01,3.06777E+01,3.06777E+01,3.06777E+01,3.06777E+01,3.06777E+01,3.06777E+01,2.44600E+00,3.06777E+01,3.06777E+01,3.06777E+01,2.29683E-01,3.06777E+01,3.06777E+01,6.78711E+00,1.02650E+00,3.06777E+01,4.24195E+00 
#t = 7.560E+02
3.06777E+01,3.06777E+01,3.06777E+01,3.06777E+01,1.63591E+01,3.06777E+01,3.06777E+01,3.06777E+01,3.06777E+01,1.63591E+01,3.06777E+01,3.06777E+01,1.63591E+01,3.06777E+01,3.06777E+01,1.63591E+01,1.63591E+01,3.06777E+01,3.06777E+01,1.63591E+01,3.06777E+01,3.67528E+00,1.63591E+01,3.06777E+01,3.06777E+01,3.06777E+01,3.06777E+01,1.63591E+01,3.06777E+01,3.06777E+01,1.63591E+01,1.31232E+01,8.11651E+00,1.63591E+01,1.63591E+01,5.81255E+00,1.31232E+01,3.06777E+01,4.91458E-01,3.06777E+01,2.60093E+00,3.06777E+01,3.06777E+01,3.06777E+01,1.31232E+01,3.22703E+00,3.06777E+01 
#t = 7.980E+02
3.06777E+01,3.06777E+01,1.63591E+01,3.06777E+01,1.63591E+01,3.06777E+01,3.06777E+01,3.06777E+01,1.63591E+01,3.06777E+01,1.63591E+01,3.06777E+01,1.63591E+01,3.06777E+01,3.06777E+01,3.06777E+01,3.06777E+01,3.06777E+01,3.06777E+01,8.78846E-01,3.06777E+01,3.06777E+01,1.19464E+01 
#t = 8.400E+02
3.06777E+01,1.19464E+01,3.06777E+01,1.19464E+01,1.19464E+01,1.19464E+01,3.06777E+01,3.06777E+01,1.63591E+01,1.19464E+01,3.06777E+01,1.63591E+01,1.19464E+01,1.19464E+01,3.06777E+01,3.06777E+01,3.06777E+01,3.06777E+01,1.33037E+00,3.06777E+01,3.06777E+01,3.06777E+01 
#t = 8.820E+02
1.19464E+01,3.06777E+01,1.19464E+01,7.40075E+00,3.06777E+01,3.06777E+01,3.06777E+01,3.06777E+01,1.19464E+01,3.06777E+01,3.06777E+01,3.06777E+01,3.06777E+01,3.06777E+01,8.98238E+00,2.29013E+01,3.06777E+01,3.06777E+01,3.06777E+01,1.19464E+01,3.06777E+01,1.20142E+01,8.66528E+00,2.29013E+01,3.06777E+01,2.29013E+01,1.20142E+01,3.06777E+01,5.29931E+00,2.29013E+01,1.18617E+00 
#t = 9.240E+02
3.06777E+01,3.06777E+01,3.06777E+01,3.06777E+01,1.19464E+01,3.06777E+01,3.06777E+01,1.19464E+01,3.06777E+01,3.06777E+01,3.06777E+01,3.06777E+01,3.06777E+01,3.06777E+01,3.06777E+01,3.06777E+01,3.06777E+01,3.06777E+01,3.06777E+01,3.06777E+01,3.06777E+01,1.19464E+01,3.06777E+01,3.06777E+01,3.06777E+01,3.06777E+01,1.19464E+01,3.06777E+01,1.20142E+01,3.06777E+01,3.06777E+01,3.06777E+01,3.06777E+01,3.06777E+01,3.06777E+01,3.06777E+01,3.07083E+00,4.21959E+00,3.06777E+01,1.19464E+01,3.06777E+01,3.72455E+00 
#t = 9.660E+02
3.06777E+01,1.19464E+01,3.06777E+01,1.19464E+01,3.06777E+01,3.06777E+01,3.06777E+01,3.06777E+01,3.06777E+01,3.06777E+01,3.06777E+01,3.06777E+01,3.06777E+01,3.06777E+01,3.06777E+01,3.06777E+01,3.06777E+01,3.06777E+01,3.06777E+01,3.06777E+01,3.06777E+01,3.06777E+01,3.06777E+01,3.06777E+01,3.06777E+01,7.37452E+00,3.06777E+01,3.06777E+01,1.18827E+00,3.06777E+01,3.06777E+01,8.74123E-01,3.06777E+01,3.06777E+01,3.06777E+01,3.06777E+01,1.56070E+00,3.06777E+01,1.48583E+00,6.74007E+00,3.06777E+01 
#t = 1.008E+03
3.06777E+01,3.06777E+01,3.06777E+01,3.06777E+01,3.06777E+01,3.06777E+01,3.06777E+01,3.06777E+01,3.06777E+01,3.06777E+01,5.93630E+00,7.85697E+00,3.06777E+01,3.06777E+01,3.06777E+01,3.06777E+01,3.06777E+01,5.63540E+00,3.06777E+01,3.06777E+01,3.06777E+01,3.06777E+01,1.47910E+01,3.06777E+01,3.06777E+01,3.06777E+01,2.03102E+01,3.06777E+01,3.06777E+01,3.06777E+01,3.06777E+01,3.06777E+01,3.06777E+01 
#t = 1.050E+03
3.06777E+01,3.06777E+01,3.06777E+01,3.06777E+01,3.06777E+01,2.03102E+01,3.06777E+01,3.06777E+01,3.06777E+01,3.06777E+01,3.06777E+01,3.06777E+01,3.06777E+01,3.06777E+01,3.06777E+01,3.06777E+01,3.06777E+01,3.06777E+01,3.06777E+01,3.06777E+01,3.06777E+01,3.06777E+01,3.06777E+01,3.06777E+01,3.06777E+01,3.06777E+01,3.06777E+01,9.47143E+00,3.06777E+01,3.06777E+01,1.77500E+00,3.06777E+01 
#t = 1.092E+03
3.06777E+01,3.06777E+01,1.46759E+01,3.06777E+01,3.06777E+01,3.06777E+01,3.06777E+01,3.06777E+01,3.06777E+01,3.06777E+01,3.06777E+01,3.06777E+01,3.06777E+01,3.06777E+01,7.71472E+00,3.06777E+01,3.06777E+01,3.06777E+01,1.32743E+00,3.06777E+01,4.33786E+00,3.06777E+01,3.06777E+01,1.20875E+00,3.06777E+01,3.06777E+01,3.06777E+01 
#t = 1.134E+03
3.06777E+01,3.06777E+01,3.06777E+01,3.06777E+01,1.46759E+01,3.06777E+01,3.06777E+01,3.06777E+01,3.06777E+01,3.06777E+01,3.06777E+01,3.06777E+01,3.06777E+01,3.06777E+01,3.06777E+01,3.06777E+01,3.06777E+01,3.06777E+01,3.06777E+01,3.06777E+01,3.06777E+01,3.06777E+01,3.06777E+01,3.06777E+01,3.06777E+01,3.06777E+01,3.06777E+01,3.06777E+01,3.06777E+01 
#t = 1.176E+03
3.06777E+01,3.06777E+01,3.06777E+01,3.06777E+01,3.06777E+01,3.06777E+01,3.06777E+01,3.06777E+01,3.06777E+01,3.06777E+01,3.06777E+01,3.06777E+01,8.44304E-01,3.06777E+01,8.85388E+00,3.06777E+01,3.06777E+01,3.06777E+01,3.06777E+01,3.06777E+01,2.38315E+00,3.06777E+01,9.49250E-01,3.06777E+01,3.06777E+01,3.06777E+01 
#t = 1.218E+03
3.06777E+01,3.06777E+01,3.06777E+01,3.06777E+01,3.06777E+01,3.06777E+01,3.06777E+01,3.06777E+01,3.06777E+01,3.06777E+01,5.93608E+00,3.06777E+01,3.06777E+01,1.30611E+01,3.06777E+01,1.30611E+01,3.06777E+01,3.06777E+01,3.06777E+01,3.06777E+01,8.07164E+00,1.21075E+01,3.06777E+01,5.03059E+00,3.06777E+01,4.57788E+00,3.06777E+01,1.15727E+01,1.15727E+01,3.06777E+01,3.06777E+01,3.06777E+01,6.60505E-01,3.06777E+01 
#t = 1.260E+03
3.06777E+01,3.06777E+01,3.06777E+01,3.06777E+01,1.30611E+01,1.30611E+01,1.30611E+01,3.06777E+01,3.06777E+01,3.06777E+01,3.06777E+01,1.30611E+01,3.06777E+01,3.06777E+01,3.06777E+01,3.06777E+01,1.33220E+01,3.06777E+01,3.06777E+01,1.30611E+01,1.33220E+01,1.30611E+01,7.48849E+00,1.30611E+01,1.30611E+01,3.06777E+01,1.30611E+01,3.06777E+01,3.06777E+01,1.30611E+01,3.06777E+01,2.77192E+00,1.33220E+01 
#t = 1.302E+03
1.30611E+01,3.06777E+01,3.06777E+01,3.06777E+01,3.06777E+01,1.36588E+01,1.30611E+01,3.06777E+01,1.04181E+01,3.06777E+01,3.06777E+01,3.06777E+01,3.06777E+01,3.06777E+01,3.06777E+01,3.06777E+01,3.06777E+01,3.06777E+01,3.06777E+01 
#t = 1.344E+03
3.06777E+01,3.06777E+01,3.06777E+01,3.06777E+01,3.06777E+01,9.21754E+00,3.06777E+01,3.06777E+01,3.06777E+01,3.06777E+01,3.06777E+01,3.06777E+01,3.06777E+01,3.06777E+01,3.06777E+01,3.06777E+01,3.06777E+01,6.32227E-01,3.06777E+01,3.06777E+01,3.06777E+01,3.06777E+01,3.06777E+01,3.06777E+01,3.06777E+01,3.06777E+01,3.06777E+01,3.06777E+01 
#t = 1.386E+03
3.06777E+01,3.06777E+01,3.06777E+01,3.06777E+01,3.06777E+01,3.06777E+01,3.06777E+01,3.06777E+01,3.06777E+01,3.06777E+01,3.06777E+01,3.06777E+01,3.06777E+01,3.06777E+01,3.06777E+01,3.06777E+01,3.06777E+01,3.06777E+01,3.06777E+01,3.06777E+01,3.06777E+01,3.06777E+01,3.06777E+01,3.06777E+01,3.06777E+01,3.06777E+01,3.06777E+01,3.06777E+01,3.06777E+01,4.69219E-01,3.06777E+01,5.02682E+00,3.06777E+01,1.10152E+00 
#t = 1.428E+03
3.06777E+01,3.06777E+01,3.06777E+01,3.06777E+01,3.06777E+01,3.06777E+01,3.06777E+01,3.06777E+01,3.06777E+01,3.06777E+01,3.06777E+01,3.06777E+01,3.06777E+01,3.06777E+01,3.06777E+01,3.06777E+01,3.06777E+01,3.06777E+01,3.06777E+01,3.06777E+01,3.06777E+01,3.06777E+01,3.06777E+01,3.06777E+01,3.06777E+01,3.06777E+01,3.06777E+01,3.06777E+01,8.53870E+00,1.74513E+00 
#t = 1.470E+03
3.06777E+01,3.06777E+01,3.06777E+01,3.06777E+01,7.78736E+00,3.06777E+01,1.27584E+01,3.06777E+01,2.74557E+01,3.06777E+01,1.27584E+01,3.06777E+01,3.06777E+01,5.48563E+00,3.06777E+01,1.27584E+01,3.06777E+01,1.27584E+01,1.27584E+01,3.06777E+01,1.27584E+01,3.06777E+01,3.06777E+01,3.06777E+01,1.27584E+01,3.06777E+01 
#t = 1.512E+03
1.27584E+01,1.27584E+01,1.27584E+01,1.27584E+01,3.06777E+01,2.74557E+01,1.27584E+01,3.06777E+01,3.06777E+01,1.27584E+01,1.27584E+01,1.27584E+01,1.27584E+01,3.46354E+00,1.27584E+01,1.55188E+01,3.06777E+01,3.06777E+01,3.06777E+01,3.06777E+01,1.27584E+01,3.06777E+01,1.27584E+01,1.27584E+01,1.27584E+01,1.27584E+01,1.27584E+01,3.06777E+01,1.27584E+01,3.06777E+01,3.06777E+01,1.27584E+01,3.06777E+01,1.27584E+01,5.14971E-01,3.06777E+01,3.06777E+01 
#t = 1.554E+03
2.74557E+01,1.27584E+01,1.27584E+01,1.27584E+01,3.06777E+01,1.27584E+01,3.06777E+01,2.74557E+01,1.27584E+01,2.74557E+01,3.06777E+01,1.27584E+01,1.27584E+01,1.77677E+01,1.27584E+01,3.06777E+01,3.06777E+01,3.06777E+01,3.06777E+01,3.06777E+01,1.27584E+01,3.06777E+01,3.06777E+01,2.04961E+00,3.06777E+01,3.06777E+01,1.27584E+01,2.74557E+01,1.27584E+01,2.74557E+01,3.06777E+01,3.06777E+01,1.27584E+01,3.06777E+01,1.27584E+01,3.06777E+01,3.06777E+01,3.06132E+00,3.06777E+01,3.06777E+01,1.66269E+00,4.94604E+00,3.06777E+01,3.06777E+01,2.47852E-01,3.06777E+01 
#t = 1.596E+03
1.27584E+01,3.06777E+01,3.06777E+01,1.70513E+01,3.06777E+01,3.06777E+01,1.27584E+01,1.27584E+01,1.27584E+01,3.06777E+01,3.06777E+01,3.06777E+01,3.59573E+01,3.06777E+01,1.27584E+01,3.06777E+01,3.06777E+01,1.27584E+01,3.06777E+01,3.06777E+01,1.27584E+01,3.06777E+01,3.06777E+01,3.06777E+01,3.06777E+01,3.06777E+01,3.06777E+01,3.06777E+01,3.59573E+01,1.27584E+01,3.06777E+01,3.06777E+01,3.06777E+01,3.06777E+01,3.06777E+01,3.06777E+01,3.06777E+01,3.59573E+01,3.06777E+01,5.31176E-01,3.06777E+01,1.98508E+00,3.06777E+01,3.59573E+01 
#t = 1.638E+03
3.06777E+01,3.59573E+01,1.27584E+01,3.06777E+01,3.06777E+01,3.06777E+01,3.06777E+01,3.06777E+01,1.27584E+01,3.06777E+01,3.06777E+01,3.06777E+01,1.27584E+01,3.06777E+01,3.06777E+01,1.27584E+01,1.27584E+01,3.06777E+01,3.06777E+01,3.06777E+01,3.06777E+01,3.06777E+01,3.06777E+01,3.06777E+01,3.06777E+01,3.06777E+01,3.06777E+01,3.06777E+01,3.06777E+01,3.06777E+01,3.59573E+01,3.06777E+01,3.06777E+01,3.06777E+01,3.06777E+01,5.17544E+00,3.06777E+01,3.06777E+01,3.06777E+01,3.06777E+01 
#t = 1.680E+03
3.06777E+01,3.06777E+01,3.06777E+01,3.06777E+01,3.06777E+01,3.06777E+01,3.06777E+01,3.06777E+01,3.06777E+01,3.06777E+01,3.06777E+01,1.27584E+01,3.06777E+01,3.06777E+01,3.06777E+01,3.06777E+01,3.06777E+01,3.06777E+01,3.06777E+01,3.06777E+01,3.06777E+01,3.06777E+01,3.06777E+01,3.06777E+01,3.06777E+01,3.06777E+01,3.06777E+01,5.93973E+00,3.06777E+01,3.06777E+01,3.01904E+00,3.06777E+01,3.06777E+01,3.23532E+00,3.06777E+01 
#t = 1.722E+03
3.06777E+01,3.06777E+01,3.06777E+01,3.06777E+01,3.06777E+01,3.06777E+01,3.06777E+01,3.06777E+01,3.06777E+01,3.06777E+01,3.06777E+01,3.06777E+01,6.04478E+00,3.06777E+01,3.06777E+01,3.06777E+01,3.06777E+01,3.06777E+01,3.06777E+01,3.06777E+01,3.06777E+01,3.06777E+01,3.06777E+01,3.06777E+01,3.06777E+01,3.06777E+01,3.06777E+01,3.06777E+01,3.06777E+01,3.06777E+01 
#t = 1.764E+03
3.06777E+01,3.06777E+01,3.06777E+01,3.06777E+01,3.06777E+01,3.06777E+01,3.06777E+01,3.06777E+01,3.06777E+01,3.06777E+01,4.35100E+00,3.06777E+01,3.06777E+01,3.06777E+01,3.06777E+01,3.06777E+01,3.06777E+01,3.06777E+01,3.06777E+01,3.06777E+01,3.06777E+01,3.06777E+01,2.63513E+00,3.06777E+01,3.06777E+01,3.06777E+01,3.06777E+01,3.06777E+01,3.06777E+01,5.58239E+00,3.06777E+01,3.06777E+01,3.06777E+01,3.06777E+01,3.06777E+01,3.06777E+01,2.32591E+00,3.67205E+00,3.06777E+01 
#t = 1.806E+03
3.06777E+01,3.06777E+01,3.06777E+01,3.06777E+01,3.06777E+01,3.06777E+01,3.06777E+01,3.06777E+01,8.12123E+00,3.06777E+01,3.06777E+01,3.06777E+01,3.06777E+01,3.06777E+01,3.06777E+01,3.06777E+01,3.06777E+01,1.26434E+01,3.06777E+01,1.26434E+01,3.06777E+01,3.06777E+01,3.06777E+01,3.06777E+01,3.06777E+01,3.06777E+01,3.06777E+01,3.06777E+01,3.06777E+01,3.06777E+01,1.16200E+00,3.06777E+01,3.06777E+01,3.69573E-01,3.06777E+01,5.69597E+00,3.06777E+01,5.49443E+00 
#t = 1.848E+03
3.06777E+01,3.06777E+01,3.06777E+01,1.17079E+01,3.06777E+01,7.77996E+00,3.06777E+01,3.06777E+01,3.06777E+01,3.06777E+01,3.06777E+01,3.06777E+01,3.06777E+01,3.06777E+01,3.06777E+01,3.06777E+01,3.06777E+01,3.06777E+01,3.06777E+01,3.06777E+01,3.06777E+01,3.06777E+01,3.06777E+01,5.64611E+00,3.06777E+01,3.06777E+01,3.06777E+01,3.06777E+01,3.06777E+01,3.06777E+01,1.11368E+00,3.06777E+01,3.06777E+01,3.06777E+01,3.06777E+01,3.06777E+01,3.06777E+01,3.06777E+01 
#t = 1.890E+03
3.06777E+01,3.06777E+01,3.06777E+01,3.06777E+01,3.06777E+01,3.06777E+01,3.06777E+01,2.06985E+01,3.06777E+01,3.06777E+01,3.06777E+01,3.06777E+01,3.06777E+01,3.06777E+01,3.06777E+01,3.06777E+01,3.06777E+01,3.06777E+01,1.15018E+01,3.06777E+01,3.06777E+01,3.06777E+01,3.06777E+01,9.43116E-02,3.06777E+01,3.06777E+01,3.06777E+01,3.06777E+01,1.07349E+01,3.06777E+01,9.22543E-01,1.71239E+00 
#t = 1.932E+03
3.06777E+01,3.06777E+01,1.07349E+01,1.44506E+01,3.06777E+01,3.06777E+01,3.06777E+01,3.06777E+01,3.06777E+01,3.06777E+01,3.06777E+01,3.06777E+01,3.06777E+01,3.06777E+01,1.44506E+01,3.06777E+01,3.06777E+01,1.44506E+01,3.06777E+01,3.06777E+01,3.06777E+01,3.06777E+01,3.06777E+01,3.06777E+01,5.44796E-01,3.06777E+01,3.06777E+01,3.06777E+01,3.06777E+01,3.00796E+00,3.06777E+01,8.77288E-01 
#t = 1.974E+03
3.06777E+01,3.06777E+01,1.44506E+01,3.06777E+01,1.44506E+01,3.06777E+01,3.06777E+01,3.06777E+01,1.44506E+01,3.06777E+01,3.06777E+01,1.44506E+01,1.46719E+01,3.06777E+01,1.04755E+01,3.06777E+01,1.17735E+01,3.06777E+01,3.06777E+01,3.06777E+01,1.44506E+01,1.46719E+01,1.44506E+01,4.34373E+00,3.06777E+01,4.25582E-01,3.06777E+01,1.94609E+00,6.47997E-01,3.06777E+01,8.82901E-01,3.06777E+01,1.46719E+01,9.93470E-01 
#t = 2.016E+03
1.44506E+01,1.44506E+01,1.44506E+01,1.44506E+01,1.17735E+01,3.06777E+01,3.06777E+01,1.46719E+01,7.54157E+00,3.06777E+01,3.06777E+01,1.44506E+01,1.40581E+01,3.06777E+01,3.06777E+01,1.46719E+01,3.06777E+01,3.06777E+01,1.33951E+00,3.06777E+01,3.06777E+01,3.06777E+01,3.06777E+01,3.06777E+01,3.06777E+01 
#t = 2.058E+03
1.44506E+01,1.17735E+01,1.46719E+01,3.06777E+01,3.06777E+01,3.06777E+01,3.06777E+01,1.44506E+01,9.21546E+00,1.17735E+01,1.17735E+01,1.43142E+01,3.06777E+01,6.16269E+00,3.06777E+01,3.06777E+01,3.06777E+01,3.06777E+01,1.17735E+01,3.06777E+01,1.17735E+01,1.17735E+01,1.46719E+01,3.06777E+01,1.17735E+01,3.06777E+01,4.62059E+00,3.06777E+01,1.02154E+01,3.06777E+01,3.06777E+01 
#t = 2.100E+03
3.06777E+01,3.06777E+01,3.06777E+01,3.06777E+01,3.06777E+01,1.21463E+01,3.06777E+01,3.06777E+01,3.06777E+01,3.06777E+01,3.06777E+01,3.06777E+01,1.43142E+01,3.06777E+01,3.06777E+01,3.06777E+01,3.06777E+01,1.21463E+01,3.06777E+01,3.06777E+01,3.06777E+01,1.29672E+00,3.06777E+01,3.06777E+01,3.06777E+01,3.06777E+01,3.06777E+01,3.89285E+01,5.52760E+00,3.06777E+01,3.89285E+01,3.06777E+01,7.58462E+00 
#t = 2.142E+03
3.06777E+01,3.06777E+01,3.06777E+01,3.06777E+01,1.21463E+01,3.06777E+01,1.43142E+01,3.06777E+01,3.06777E+01,3.06777E+01,3.06777E+01,1.21463E+01,3.06777E+01,3.06777E+01,3.06777E+01,3.06777E+01,3.06777E+01,1.21463E+01,3.06777E+01,3.06777E+01,3.06777E+01,3.06777E+01,3.06777E+01,3.06777E+01,6.73895E+00,3.06777E+01,3.06777E+01,7.86299E+00,7.40177E-01,3.06777E+01,3.34630E+00 
#t = 2.184E+03
3.06777E+01,3.06777E+01,3.06777E+01,3.06777E+01,3.06777E+01,3.06777E+01,3.06777E+01,3.06777E+01,3.06777E+01,3.06777E+01,3.06777E+01,3.06777E+01,3.06777E+01,3.06777E+01,3.06777E+01,3.06777E+01,3.06777E+01,2.80737E+00,3.06777E+01,3.06777E+01,3.06777E+01,3.06777E+01,3.06777E+01,3.06777E+01,3.06777E+01,3.06777E+01,3.06777E+01 
#t = 2.226E+03
3.06777E+01,3.06777E+01,3.06777E+01,3.06777E+01,3.06777E+01,8.98768E+00,3.06777E+01,3.06777E+01,3.06777E+01,3.06777E+01,3.06777E+01,7.40362E+00,3.06777E+01,3.06777E+01,3.06777E+01,3.06777E+01,3.06777E+01,3.06777E+01,3.06777E+01,3.06777E+01,3.06777E+01,3.06777E+01,3.06777E+01,3.06777E+01,3.06777E+01,3.06777E+01,3.06777E+01,3.06777E+01,3.06777E+01,3.06777E+01,2.61658E+00,3.06777E+01,9.50537E-01,3.06777E+01,3.06777E+01 
#t = 2.268E+03
3.06777E+01,3.06777E+01,3.06777E+01,3.06777E+01,3.06777E+01,3.06777E+01,3.06777E+01,3.06777E+01,3.06777E+01,3.06777E+01,3.06777E+01,3.06777E+01,3.06777E+01,3.06777E+01,3.06777E+01,3.06777E+01,3.06777E+01,3.06777E+01,3.06777E+01,3.06777E+01,3.06777E+01,3.06777E+01,3.06777E+01,3.06777E+01,1.02147E+00,3.06777E+01,3.06777E+01,3.06777E+01,3.06777E+01,3.06777E+01,5.44018E+00,3.06777E+01,4.48685E+00,3.03907E+00,3.06777E+01,3.06777E+01 
#t = 2.310E+03
3.06777E+01,3.06777E+01,3.06777E+01,3.06777E+01,3.06777E+01,3.06777E+01,3.06777E+01,3.06777E+01,3.06777E+01,3.06777E+01,3.06777E+01,3.06777E+01,3.06777E+01,3.06777E+01,3.06777E+01,3.06777E+01,3.06777E+01,3.06777E+01,5.91457E+00,3.06777E+01,3.06777E+01,3.06777E+01,3.06777E+01,3.06777E+01,3.06777E+01,3.06777E+01,2.33367E+00,3.06777E+01,3.06777E+01,3.06777E+01 
#t = 2.352E+03
3.06777E+01,3.06777E+01,3.06777E+01,1.05014E+01,3.06777E+01,3.06777E+01,3.06777E+01,3.06777E+01,3.06777E+01,3.06777E+01,3.06777E+01,3.06777E+01,3.06777E+01,3.06777E+01,3.06777E+01,3.06777E+01,5.86622E+00,1.11292E+01,3.06777E+01,3.06777E+01,3.06777E+01,3.06777E+01,3.06777E+01,3.06777E+01,3.06777E+01,3.06777E+01,3.06777E+01,3.06777E+01,3.06777E+01 
#t = 2.394E+03
3.06777E+01,1.03941E+01,3.06777E+01,3.06777E+01,3.06777E+01,3.06777E+01,3.06777E+01,3.06777E+01,3.06777E+01,3.06777E+01,3.06777E+01,3.06777E+01,3.06777E+01,3.06777E+01,3.06777E+01,3.06777E+01,3.06777E+01,3.06777E+01,3.06777E+01,3.06777E+01,3.06777E+01,3.06777E+01,3.06777E+01,3.06777E+01,3.06777E+01,6.26496E-01,3.06777E+01,3.06777E+01,3.06777E+01,3.06777E+01,3.06777E+01,3.06777E+01,3.73414E+00,3.06777E+01,3.06777E+01,3.06777E+01,6.38594E-01,8.92500E-01,1.37381E+00,1.41927E+00,3.24432E+00,3.06777E+01,3.06777E+01 
#t = 2.436E+03
3.06777E+01,3.06777E+01,3.06777E+01,3.06777E+01,3.06777E+01,3.06777E+01,3.06777E+01,3.06777E+01,3.06777E+01,3.06777E+01,3.06777E+01,3.06777E+01,3.06777E+01,3.06777E+01,3.06777E+01,3.06777E+01,3.06777E+01,3.06777E+01,3.06777E+01,3.06777E+01,3.06777E+01,3.06777E+01,3.06777E+01,3.06777E+01,3.06777E+01,3.06777E+01,3.06777E+01,1.40243E+01,3.06777E+01,1.40243E+01,3.06777E+01,3.06777E+01,3.06777E+01,3.06777E+01,3.06777E+01 
#t = 2.478E+03
3.06777E+01,3.06777E+01,3.06777E+01,3.06777E+01,3.06777E+01,1.40243E+01,3.06777E+01,3.06777E+01,3.06777E+01,3.06777E+01,1.40243E+01,3.06777E+01,3.06777E+01,1.40243E+01,3.06777E+01,3.06777E+01,3.06777E+01,3.06777E+01,3.06777E+01,3.06777E+01,3.06777E+01,1.40243E+01,3.06777E+01,1.40243E+01,3.06777E+01,3.06777E+01,1.40243E+01,7.99013E+00,1.40243E+01,1.40243E+01,3.06777E+01,7.94713E+00,3.47033E+00,3.06777E+01,3.06777E+01,3.06777E+01,3.06777E+01 
#t = 2.520E+03
3.06777E+01,3.06777E+01,1.40243E+01,3.06777E+01,3.06777E+01,3.06777E+01,1.02615E+01,3.06777E+01,3.06777E+01,3.06777E+01,3.06777E+01,1.40243E+01,3.06777E+01,3.06777E+01,3.06777E+01,3.06777E+01,3.06777E+01,3.06777E+01,1.40243E+01,3.06777E+01,3.06777E+01,3.55691E+00,3.06777E+01,1.40243E+01,3.06777E+01,3.06777E+01,3.06777E+01 
#t = 2.562E+03
3.06777E+01,3.06777E+01,1.40243E+01,1.40243E+01,3.06777E+01,4.55387E+00,3.06777E+01,3.06777E+01,3.06777E+01,1.59021E+01,1.40243E+01,1.40243E+01,8.23695E+00,3.26534E+00,3.06777E+01,5.78814E+00,3.06777E+01,3.06777E+01,3.70216E+00,3.06777E+01,3.06777E+01,3.06777E+01,1.40243E+01,3.06777E+01,3.06777E+01,1.49951E+00,3.06777E+01,3.06777E+01,1.78367E+00,3.06777E+01,3.06777E+01,1.29468E+00,3.06777E+01 
#t = 2.604E+03
3.06777E+01,3.06777E+01,3.06777E+01,3.06777E+01,3.06777E+01,1.64398E+01,3.06777E+01,3.06777E+01,3.06777E+01,3.06777E+01,3.06777E+01,3.06777E+01,3.06777E+01,1.64398E+01,1.40243E+01,8.31393E+00,3.06777E+01,3.06777E+01,3.06777E+01,1.64398E+01,3.06777E+01,6.00508E+00,3.06777E+01,1.40243E+01,3.06777E+01,3.06777E+01,3.06777E+01,6.75014E+00,1.64398E+01,3.06777E+01,3.06777E+01 
#t = 2.646E+03
3.06777E+01,3.06777E+01,3.06777E+01,3.06777E+01,3.06777E+01,3.06777E+01,9.33051E+00,3.06777E+01,1.40243E+01,3.06777E+01,3.06777E+01,1.40243E+01,3.06777E+01,3.06777E+01,3.06777E+01,3.06777E+01,3.06777E+01,3.06777E+01,6.09439E+00,1.09531E+01,7.17306E+00,7.60567E+00 
#t = 2.688E+03
3.06777E+01,3.06777E+01,3.06777E+01,3.06777E+01,3.06777E+01,3.06777E+01,3.06777E+01,3.06777E+01,3.06777E+01,3.06777E+01,3.06777E+01,3.06777E+01,3.06777E+01,3.06777E+01,3.06777E+01,3.06777E+01,3.06777E+01,3.06777E+01,3.06777E+01,3.06777E+01,3.06777E+01,3.06777E+01,3.06777E+01,3.06777E+01,1.10409E+00,1.40625E+00,3.06777E+01,3.06777E+01 
#t = 2.730E+03
3.06777E+01,3.06777E+01,3.06777E+01,3.06777E+01,3.06777E+01,3.06777E+01,3.06777E+01,3.06777E+01,3.06777E+01,3.06777E+01,3.06777E+01,4.82770E+00,3.06777E+01,3.06777E+01,3.06777E+01,3.06777E+01,4.84027E+00,3.06777E+01,3.48517E+00,3.06777E+01,2.93185E+00,3.06777E+01,3.06777E+01,3.06777E+01,1.11068E+00,3.06777E+01,3.06777E+01,3.06777E+01 
#t = 2.772E+03
3.06777E+01,3.06777E+01,3.06777E+01,3.06777E+01,3.06777E+01,3.06777E+01,3.06777E+01,3.06777E+01,2.76358E+01,3.06777E+01,3.06777E+01,3.06777E+01,3.06777E+01,3.06777E+01,2.76358E+01,3.06777E+01,3.06777E+01,3.06777E+01,3.06777E+01,3.06777E+01,3.06777E+01,3.06777E+01,3.06777E+01,3.06777E+01,3.06777E+01,2.76358E+01,3.06777E+01,3.06777E+01,2.76358E+01,3.06777E+01,3.06777E+01,1.53225E-01,8.34233E+00 
#t = 2.814E+03
3.06777E+01,3.06777E+01,3.06777E+01,1.15598E+01,3.06777E+01,3.06777E+01,3.06777E+01,3.06777E+01,1.51153E+01,1.91531E+01,3.06777E+01,3.06777E+01,3.06777E+01,3.06777E+01,3.06777E+01,3.06777E+01,1.15598E+01,3.06777E+01,1.51153E+01,3.06777E+01,1.15598E+01,3.06777E+01,3.06777E+01,1.89642E+00,1.15598E+01,3.06777E+01,3.06777E+01,3.06777E+01,1.15598E+01 
#t = 2.856E+03
3.06777E+01,3.06777E+01,3.06777E+01,1.15598E+01,1.15598E+01,6.81113E+00,3.06777E+01,1.15598E+01,3.06777E+01,3.06777E+01,3.06777E+01,3.06777E+01,3.06777E+01,3.06777E+01,1.15598E+01,3.06777E+01,3.06777E+01,3.06777E+01,3.06777E+01,3.06777E+01,3.06777E+01,3.06777E+01,1.15598E+01,3.06777E+01,1.15598E+01,1.15598E+01,3.06777E+01,3.06777E+01,3.55333E+00,3.06777E+01,3.06777E+01,2.08600E+01,1.02691E+01,1.15598E+01,3.06777E+01,3.06777E+01,3.06777E+01,3.06777E+01,3.06777E+01,3.06777E+01 
#t = 2.898E+03
3.06777E+01,1.15598E+01,3.06777E+01,3.06777E+01,3.06777E+01,1.15598E+01,3.06777E+01,3.06777E+01,3.06777E+01,3.06777E+01,3.06777E+01,3.06777E+01,3.06777E+01,1.15598E+01,3.06777E+01,3.06777E+01,3.06777E+01,3.06777E+01,1.15598E+01,3.06777E+01,3.06777E+01,1.15598E+01,1.15598E+01,3.06777E+01,2.77880E+01,3.06777E+01,3.06777E+01 
#t = 2.940E+03
3.06777E+01,1.15598E+01,3.06777E+01,3.06777E+01,3.06777E+01,3.06777E+01,3.06777E+01,3.06777E+01,1.15598E+01,3.06777E+01,3.06777E+01,3.06777E+01,1.15598E+01,3.06777E+01,3.06777E+01,3.06777E+01,1.15598E+01,3.06777E+01,3.06777E+01,3.06777E+01,3.06777E+01,6.42449E+00,3.06777E+01,3.06777E+01,8.34607E+00,1.15598E+01,5.02252E-01,3.06777E+01,5.81964E+00,1.36104E+00,3.06777E+01,3.06777E+01 
#t = 2.982E+03
3.06777E+01,3.06777E+01,3.06777E+01,3.06777E+01,3.06777E+01,3.06777E+01,3.06777E+01,3.06777E+01,3.06777E+01,3.06777E+01,3.06777E+01,3.06777E+01,3.06777E+01,3.06777E+01,3.06777E+01,3.06777E+01,3.06777E+01,3.06777E+01,3.06777E+01,3.06777E+01,3.06777E+01,3.06777E+01,3.06777E+01,3.06777E+01,3.06777E+01,3.06777E+01,3.06777E+01,3.06777E+01,3.06777E+01,3.06777E+01,3.06777E+01,5.20297E+00,3.06777E+01,1.72914E+00,7.81763E+00,3.06777E+01 
#t = 3.024E+03
3.06777E+01,3.06777E+01,3.06777E+01,3.06777E+01,3.06777E+01,3.06777E+01,3.06777E+01,3.06777E+01,3.06777E+01,3.78169E+00,3.06777E+01,3.06777E+01,3.06777E+01,3.06777E+01,3.06777E+01,3.06777E+01,3.06777E+01,3.06777E+01,3.06777E+01,2.01662E+00,3.06777E+01,3.06777E+01,3.06777E+01,3.06777E+01,1.49959E+00,8.69853E-01,1.50215E+00,3.06777E+01,3.06777E+01 
#t = 3.066E+03
3.06777E+01,3.06777E+01,3.06777E+01,3.06777E+01,3.06777E+01,3.06777E+01,3.06777E+01,3.06777E+01,3.06777E+01,3.06777E+01,3.06777E+01,3.06777E+01,3.06777E+01,3.06777E+01,3.06777E+01,3.06777E+01,3.06777E+01,3.06777E+01,3.06777E+01,3.06777E+01,3.06777E+01,3.06777E+01,3.06777E+01,3.06777E+01,3.06777E+01,3.06777E+01,1.82289E+00,3.06777E+01,3.06777E+01,3.06777E+01,3.06777E+01,3.06777E+01,3.06777E+01,3.06777E+01,3.06777E+01,3.06777E+01,3.06777E+01,5.59034E-01,3.06777E+01,3.06777E+01,3.06777E+01,3.06777E+01,1.01712E+00,3.06777E+01,3.06777E+01,1.49887E-01,3.06777E+01 
#t = 3.108E+03
3.06777E+01,3.06777E+01,3.06777E+01,3.06777E+01,3.06777E+01,3.06777E+01,3.06777E+01,3.06777E+01,3.06777E+01,3.06777E+01,3.06777E+01,3.06777E+01,3.06777E+01,3.06777E+01,3.06777E+01,3.06777E+01,3.06777E+01,3.06777E+01,3.06777E+01,3.06777E+01,3.06777E+01,3.06777E+01,3.06777E+01,3.06777E+01,3.06777E+01,3.06777E+01,3.06777E+01,3.06777E+01,3.06777E+01,3.06777E+01,2.77039E-01,3.06777E+01,2.78511E+00,5.68558E-01,3.06777E+01,3.06777E+01,3.06777E+01 
#t = 3.150E+03
3.06777E+01,3.06777E+01,3.06777E+01,3.06777E+01,3.06777E+01,3.06777E+01,3.06777E+01,3.06777E+01,3.06777E+01,3.06777E+01,3.06777E+01,3.06777E+01,3.06777E+01,3.06777E+01,3.06777E+01,3.06777E+01,3.06777E+01,3.06777E+01,3.06777E+01,3.06777E+01,3.06777E+01,3.06777E+01,3.06777E+01,3.06777E+01,3.06777E+01,3.06777E+01,3.06777E+01,3.06777E+01,8.54534E-01,3.06777E+01,3.98646E+00,3.06777E+01 
#t = 3.192E+03
3.06777E+01,3.06777E+01,3.06777E+01,3.06777E+01,3.06777E+01,3.06777E+01,3.06777E+01,3.06777E+01,3.06777E+01,3.06777E+01,3.06777E+01,3.06777E+01,3.06777E+01,3.06777E+01,1.30087E+01,3.06777E+01,1.30087E+01,3.06777E+01,3.06777E+01,3.06777E+01,3.06777E+01,3.06777E+01,1.30087E+01,3.06777E+01,3.06777E+01,9.01589E+00,3.06777E+01,3.06777E+01,3.06777E+01,3.06777E+01,3.06777E+01,3.06777E+01,3.06777E+01,3.06777E+01,3.06777E+01,3.06777E+01,3.06777E+01,3.06777E+01,3.06777E+01,3.06777E+01 
#t = 3.234E+03
3.06777E+01,3.06777E+01,3.06777E+01,9.80976E+00,3.06777E+01,3.06777E+01,3.06777E+01,3.06777E+01,3.06777E+01,3.06777E+01,3.06777E+01,3.06777E+01,3.06777E+01,3.06777E+01,3.06777E+01,3.06777E+01,3.06777E+01,3.06777E+01,1.85230E+01,3.06777E+01,3.06777E+01,3.06777E+01,3.06777E+01,3.06777E+01,3.06777E+01,3.06777E+01,3.06777E+01,3.06777E+01,3.06777E+01,3.06777E+01,2.97101E-01,3.06777E+01,1.50014E+00 
#t = 3.276E+03
3.06777E+01,3.06777E+01,3.06777E+01,3.06777E+01,3.06777E+01,3.06777E+01,3.06777E+01,3.06777E+01,3.06777E+01,3.06777E+01,3.06777E+01,3.06777E+01,3.06777E+01,3.06777E+01,3.06777E+01,3.06777E+01,3.06777E+01,3.06777E+01,4.33334E+00,5.32183E+00,3.06777E+01,3.06777E+01,3.06777E+01,1.16793E+00,2.72931E+00,3.06777E+01,3.06777E+01,3.06777E+01,3.06777E+01,3.06777E+01,3.06777E+01,3.06777E+01,3.06777E+01 
#t = 3.318E+03
3.06777E+01,3.06777E+01,3.06777E+01,3.06777E+01,3.06777E+01,3.06777E+01,1.49949E+01,3.06777E+01,3.06777E+01,3.06777E+01,3.06777E+01,3.06777E+01,3.06777E+01,1.49949E+01,3.06777E+01,3.06777E+01,3.06777E+01,3.06777E+01,3.11057E+00,3.06777E+01,3.06777E+01,3.06777E+01,3.06777E+01,3.06777E+01,1.49949E+01,3.06777E+01,3.06777E+01,3.06777E+01,2.60912E+01,3.06777E+01,2.60912E+01,2.60912E+01,6.43950E+00 
#t = 3.360E+03
3.06777E+01,3.06777E+01,3.06777E+01,1.49949E+01,1.49949E+01,1.49949E+01,3.06777E+01,3.06777E+01,3.06777E+01,3.06777E+01,3.06777E+01,3.06777E+01,3.06777E+01,3.06777E+01,3.06777E+01,3.06777E+01,3.06777E+01,3.06777E+01,3.06777E+01,3.06777E+01,3.06777E+01,1.49949E+01,3.06777E+01,3.06777E+01,3.06777E+01,3.06777E+01,1.49949E+01,3.06777E+01,3.06777E+01,8.56989E+00,3.06777E+01,3.06777E+01,3.06777E+01,3.06777E+01 
#t = 3.402E+03
3.06777E+01,3.06777E+01,3.06777E+01,3.06777E+01,3.06777E+01,3.06777E+01,1.49949E+01,1.49949E+01,3.06777E+01,3.06777E+01,3.06777E+01,1.49949E+01,3.06777E+01,3.06777E+01,3.06777E+01,3.06777E+01,1.41651E+01,3.06777E+01,1.15373E+01,3.06777E+01,1.49949E+01,3.06777E+01,1.41651E+01,3.06777E+01,3.06777E+01,1.49949E+01,7.97623E-01,3.06777E+01,3.06777E+01,2.40563E+00,1.49949E+01,3.06777E+01,2.92936E+00,1.49949E+01 
#t = 3.444E+03
3.06777E+01,1.41651E+01,1.49949E+01,3.06777E+01,3.06777E+01,3.06777E+01,3.06777E+01,3.06777E+01,3.06777E+01,3.06777E+01,3.06777E+01,3.06777E+01,3.06777E+01,3.06777E+01,3.06777E+01,1.49949E+01,3.06777E+01,3.06777E+01,3.06777E+01,3.06777E+01,3.06777E+01,3.06777E+01,3.06777E+01,3.06777E+01,3.06777E+01,3.06777E+01,3.60514E+00,3.06777E+01,1.30524E+00,3.06777E+01,3.06777E+01,3.06777E+01,3.06777E+01 
#t = 3.486E+03
3.06777E+01,3.06777E+01,3.06777E+01,3.06777E+01,3.06777E+01,3.06777E+01,3.06777E+01,3.06777E+01,3.06777E+01,3.06777E+01,3.06777E+01,3.06777E+01,3.06777E+01,3.06777E+01,3.06777E+01,3.06777E+01,3.06777E+01,3.06777E+01,3.06777E+01,3.06777E+01,3.06777E+01,3.06777E+01,3.06777E+01,3.06777E+01,3.06777E+01,3.06777E+01,3.06777E+01,3.06777E+01,3.06777E+01,3.06777E+01,3.06777E+01,3.06777E+01,3.06777E+01,3.06777E+01,3.06777E+01,3.06777E+01,3.06777E+01,3.06777E+01,1.66596E+00,1.89801E+00,3.06777E+01,3.06777E+01 
#t = 3.528E+03
3.06777E+01,3.06777E+01,8.10508E+00,3.06777E+01,3.06777E+01,3.06777E+01,7.55607E+00,3.06777E+01,3.06777E+01,3.06777E+01,3.06777E+01,3.06777E+01,3.06777E+01,3.06777E+01,3.06777E+01,3.06777E+01,3.06777E+01,6.35564E+00,3.06777E+01,3.06777E+01,4.45327E+00,4.24865E+00,3.06777E+01,3.06777E+01,3.06777E+01,3.06777E+01 
#t = 3.570E+03
3.06777E+01,3.06777E+01,3.06777E+01,3.06777E+01,3.06777E+01,3.06777E+01,3.06777E+01,3.06777E+01,3.06777E+01,3.06777E+01,3.06777E+01,3.06777E+01,3.06777E+01,3.06777E+01,5.87518E+00,3.06777E+01,3.72283E+01,3.06777E+01,7.19298E+00,3.06777E+01,3.06777E+01,3.06777E+01,3.42176E+00,1.35694E+00,2.51085E-01,3.06777E+01,1.25382E+00,3.06777E+01 
#t = 3.612E+03
3.06777E+01,3.72283E+01,1.41918E+01,3.06777E+01,2.66794E+01,3.06777E+01,1.41918E+01,3.06777E+01,3.72283E+01,3.06777E+01,3.06777E+01,3.06777E+01,3.72283E+01,3.72283E+01,3.72283E+01,3.72283E+01,3.72283E+01,3.06777E+01,3.72283E+01,7.52018E+00,3.06777E+01,3.72283E+01,4.75903E+00,3.72283E+01,1.45948E+00 
#t = 3.654E+03
3.72283E+01,3.72283E+01,3.72283E+01,3.72283E+01,3.72283E+01,2.66794E+01,1.41918E+01,3.72283E+01,3.72283E+01,3.72283E+01,1.41918E+01,3.72283E+01,1.41918E+01,3.72283E+01,3.72283E+01,2.66794E+01,1.41918E+01,1.41918E+01,1.41918E+01,3.06777E+01,3.72283E+01,1.41918E+01,3.72283E+01,2.66794E+01,3.06777E+01,3.72283E+01,1.63872E+00,2.66794E+01,3.72283E+01,2.66794E+01,2.60953E+00,3.21940E-01,2.12510E+00 
#t = 3.696E+03
3.72283E+01,3.72283E+01,3.72283E+01,2.66794E+01,3.72283E+01,3.72283E+01,3.72283E+01,3.72283E+01,3.72283E+01,3.72283E+01,2.66794E+01,3.72283E+01,3.72283E+01,3.72283E+01,3.48088E-01,2.66794E+01,3.72283E+01,3.72283E+01,1.21348E+00,2.70218E+00,3.72283E+01,3.72283E+01,3.72283E+01 
#t = 3.738E+03
3.72283E+01,2.66794E+01,3.72283E+01,3.72283E+01,3.72283E+01,3.72283E+01,3.72283E+01,3.72283E+01,3.72283E+01,3.72283E+01,3.72283E+01,3.72283E+01,3.72283E+01,3.72283E+01,3.72283E+01,3.72283E+01,3.72283E+01,7.57920E+00,1.05854E+01,3.72283E+01,3.72283E+01,3.72283E+01,2.66794E+01,3.72283E+01,3.72283E+01,3.72283E+01,3.72283E+01,6.28228E+00,1.29707E+01,3.72283E+01,3.72283E+01,2.66794E+01 
#t = 3.780E+03
3.72283E+01,3.72283E+01,3.72283E+01,3.72283E+01,3.72283E+01,3.72283E+01,3.72283E+01,3.72283E+01,1.05854E+01,3.72283E+01,3.72283E+01,1.07932E+01,3.72283E+01,3.72283E+01,2.00702E+01,3.72283E+01,3.72283E+01,3.72283E+01,1.07932E+01,3.72283E+01,3.72283E+01,3.72283E+01,2.00702E+01,3.72283E+01,1.07932E+01,3.72283E+01,2.00702E+01,3.72283E+01,1.64777E+01,1.32271E+00,3.72283E+01,3.72283E+01,3.72283E+01,3.72283E+01 
#t = 3.822E+03
3.72283E+01,3.72283E+01,3.72283E+01,3.72283E+01,1.22968E+01,3.72283E+01,3.72283E+01,3.72283E+01,3.72283E+01,1.11344E+01,3.72283E+01,3.72283E+01,3.72283E+01,3.72283E+01,3.72283E+01,3.72283E+01,3.72283E+01,3.72283E+01,3.72283E+01,3.72283E+01,3.72283E+01,3.72283E+01,1.64876E+01,3.72283E+01,3.72283E+01,3.72283E+01,3.72283E+01,3.72283E+01,3.72283E+01,3.72283E+01,3.72283E+01,3.72283E+01,4.54597E+00,3.72283E+01 
#t = 3.864E+03
3.72283E+01,3.72283E+01,3.72283E+01,3.72283E+01,3.72283E+01,3.72283E+01,3.72283E+01,3.72283E+01,3.72283E+01,3.72283E+01,3.72283E+01,3.72283E+01,3.72283E+01,3.72283E+01,3.72283E+01,3.72283E+01,3.72283E+01,3.72283E+01,3.72283E+01,3.72283E+01,3.72283E+01,9.06660E+00,3.72283E+01,3.72283E+01,3.72283E+01,3.72283E+01,3.72283E+01,3.72283E+01,3.72283E+01,3.72283E+01,3.72283E+01,3.72283E+01,3.72283E+01,3.72283E+01,3.72283E+01 
#t = 3.906E+03
3.72283E+01,3.72283E+01,3.72283E+01,3.72283E+01,3.72283E+01,3.72283E+01,3.72283E+01,3.72283E+01,3.72283E+01,3.72283E+01,3.72283E+01,3.72283E+01,3.72283E+01,3.72283E+01,3.72283E+01,3.72283E+01,3.72283E+01,3.72283E+01,3.72283E+01,3.72283E+01,3.72283E+01,3.72283E+01,3.72283E+01,3.72283E+01,4.32245E+00,3.72283E+01,1.08893E+00,3.72283E+01,3.72283E+01,3.72283E+01,3.72283E+01,3.72283E+01,3.72283E+01,3.72283E+01,3.13676E+00,3.72283E+01,3.72283E+01,3.72283E+01 
#t = 3.948E+03
3.72283E+01,3.72283E+01,3.72283E+01,3.72283E+01,3.72283E+01,3.72283E+01,3.72283E+01,3.72283E+01,3.72283E+01,3.72283E+01,3.72283E+01,3.72283E+01,3.72283E+01,3.72283E+01,3.72283E+01,3.72283E+01,3.72283E+01,3.72283E+01,3.72283E+01,3.72283E+01,3.72283E+01,3.72283E+01,3.72283E+01,3.72283E+01,3.72283E+01,3.72283E+01,3.72283E+01,3.72283E+01,4.43239E+01,3.72283E+01,3.72283E+01,3.72283E+01,3.72283E+01,3.72283E+01,3.72283E+01 
#t = 3.990E+03
3.72283E+01,3.72283E+01,3.72283E+01,3.72283E+01,3.72283E+01,3.72283E+01,3.72283E+01,3.72283E+01,3.72283E+01,3.72283E+01,3.72283E+01,3.72283E+01,1.52888E+01,3.72283E+01,3.72283E+01,3.72283E+01,3.72283E+01,3.72283E+01,3.72283E+01,3.72283E+01,3.72283E+01,3.72283E+01,3.72283E+01,3.72283E+01,1.99835E+00,3.72283E+01,3.72283E+01,3.72283E+01,1.43404E+01,3.72283E+01,3.72283E+01,3.72283E+01,3.72283E+01,3.72283E+01,3.72283E+01,3.72283E+01,4.60709E-01,3.72283E+01,3.72283E+01,3.72283E+01,3.72283E+01,3.72283E+01,3.72283E+01,3.72283E+01,6.12645E-01 
#t = 4.032E+03
3.72283E+01,3.72283E+01,3.72283E+01,3.72283E+01,3.72283E+01,3.72283E+01,6.22211E+00,1.43404E+01,1.43404E+01,3.72283E+01,3.72283E+01,3.72283E+01,3.72283E+01,3.72283E+01,3.72283E+01,3.72283E+01,3.72283E+01,3.72283E+01,3.72283E+01,3.72283E+01,3.72283E+01,3.72283E+01,3.72283E+01,3.72283E+01,8.52176E-01,3.72283E+01,3.72283E+01,3.72283E+01 
#t = 4.074E+03
3.72283E+01,3.72283E+01,3.72283E+01,3.72283E+01,3.72283E+01,3.72283E+01,3.72283E+01,3.72283E+01,3.72283E+01,3.72283E+01,3.72283E+01,3.72283E+01,3.72283E+01,3.72283E+01,3.72283E+01,3.72283E+01,3.72283E+01,3.72283E+01,3.72283E+01,3.72283E+01,3.72283E+01,3.72283E+01,3.72283E+01,3.72283E+01,3.72283E+01,3.72283E+01,3.72283E+01,3.72283E+01,3.72283E+01,3.72283E+01,3.72283E+01,1.05348E+00,3.72283E+01 
#t = 4.116E+03
3.72283E+01,3.72283E+01,3.72283E+01,3.72283E+01,3.72283E+01,3.72283E+01,3.72283E+01,3.72283E+01,3.72283E+01,3.72283E+01,3.72283E+01,3.72283E+01,3.72283E+01,3.72283E+01,3.72283E+01,3.72283E+01,3.72283E+01,3.72283E+01,3.72283E+01,3.72283E+01,3.72283E+01,3.72283E+01,3.72283E+01,3.72283E+01,3.72283E+01,3.72283E+01,3.72283E+01,3.72283E+01,3.72283E+01,7.04280E+00,2.55091E+00,3.72283E+01,3.72283E+01 
#t = 4.158E+03
3.72283E+01,3.72283E+01,3.72283E+01,3.72283E+01,3.72283E+01,3.72283E+01,3.88472E+01,3.72283E+01,3.72283E+01,3.72283E+01,3.72283E+01,2.40675E+01,3.72283E+01,1.23037E+01,3.72283E+01,3.72283E+01,3.88472E+01,3.72283E+01,3.72283E+01,3.72283E+01,3.72283E+01,3.72283E+01,3.72283E+01,3.72283E+01,3.72283E+01,3.72283E+01,3.72283E+01,3.72283E+01,3.72283E+01,3.72283E+01,3.72283E+01,3.72283E+01,3.72283E+01,3.72283E+01,3.72283E+01,3.72283E+01 
#t = 4.200E+03
3.72283E+01,3.72283E+01,3.72283E+01,3.72283E+01,3.72283E+01,3.72283E+01,3.72283E+01,3.72283E+01,3.72283E+01,8.30119E+00,3.72283E+01,3.72283E+01,3.72283E+01,3.72283E+01,3.72283E+01,3.72283E+01,3.72283E+01,3.72283E+01,3.72283E+01,1.67956E+01,3.72283E+01,3.72283E+01,3.72283E+01,3.72283E+01,2.23699E+00,3.72283E+01,3.72283E+01,3.72283E+01,1.27462E+01,3.72283E+01,1.67956E+01,3.72283E+01,3.72283E+01,3.72283E+01,3.72283E+01,3.72283E+01,1.05687E+01 
