#t = 0.000E+00
1.86446E+00,1.33116E+00,9.34240E-01,1.30001E+01,1.72357E+00 
#t = 4.200E+01
1.36177E+00,1.13867E+01,2.69655E+01,1.13867E+01 
#t = 8.400E+01
1.13867E+01,1.13867E+01,1.13867E+01,3.35731E+00,1.13867E+01,1.13867E+01,1.13867E+01,1.13867E+01,1.13867E+01,1.13867E+01,1.13867E+01 
#t = 1.260E+02
1.13867E+01,1.13867E+01,1.13867E+01,1.13867E+01,1.13867E+01,1.13867E+01,1.13867E+01,1.13867E+01,5.03974E+00 
#t = 1.680E+02
1.13867E+01,1.13867E+01,1.13867E+01,1.23245E+01,1.23245E+01,9.50319E+00,1.23245E+01,1.23245E+01,1.60698E+00,7.19209E-01 
#t = 2.100E+02
1.13867E+01,1.13867E+01,1.23245E+01,1.23245E+01,1.23245E+01,1.13867E+01,1.52060E+01,1.30978E+00,1.24105E+00 
#t = 2.520E+02
1.23245E+01,1.13867E+01,1.23245E+01,1.13867E+01,1.13867E+01,4.38720E+00,1.13867E+01,1.23245E+01,2.02544E+00,1.44742E+00,2.19534E+00 
#t = 2.940E+02
1.13867E+01,1.23245E+01,1.23245E+01,7.48182E+00,3.01682E-01,2.43018E+00,1.23245E+01,1.23245E+01 
#t = 3.360E+02
1.23245E+01,1.23245E+01,4.15746E+00,4.86137E-01 
#t = 3.780E+02
1.23245E+01,4.25954E+00,3.25687E-01 
#t = 4.200E+02
1.02885E+01,8.36346E-01,2.25866E+00,3.49008E+00 
#t = 4.620E+02
6.22758E-01 
#t = 5.040E+02
1.44223E+01,5.81238E+00 
#t = 5.460E+02
2.00154E+00,4.89186E+00,6.27845E-01 
#t = 5.880E+02
4.27536E+00,1.37907E+00,2.16256E+01,2.16256E+01,7.95944E-01,1.38531E+00,2.16256E+01 
#t = 6.300E+02
2.16256E+01,2.16256E+01,2.16256E+01,2.16256E+01,2.16256E+01,2.16256E+01,2.16256E+01 
#t = 6.720E+02
2.16256E+01,2.16256E+01,2.16256E+01,2.16256E+01,2.16256E+01,2.16256E+01,2.16256E+01,2.16256E+01,2.16256E+01,2.16256E+01,2.16256E+01,2.16256E+01,3.61301E+00,2.83406E+00,1.06505E+00 
#t = 7.140E+02
2.16256E+01,2.16256E+01,2.16256E+01,2.16256E+01,2.16256E+01,2.16256E+01,2.16256E+01,2.16256E+01,2.16256E+01,9.06185E+00,2.16256E+01,2.16256E+01,2.16256E+01,2.16256E+01,2.16256E+01,2.16256E+01,2.16256E+01,2.16256E+01 
#t = 7.560E+02
2.16256E+01,2.16256E+01,2.16256E+01,2.16256E+01,2.16256E+01,2.16256E+01,2.16256E+01,2.16256E+01,2.16256E+01,2.16256E+01,2.16256E+01,2.16256E+01,2.16256E+01,2.16256E+01,2.16256E+01,2.16256E+01,2.16256E+01,2.16256E+01,2.16256E+01,2.16256E+01,1.88978E+01,2.16256E+01,2.87824E+00,1.29555E+00,4.06925E+00 
#t = 7.980E+02
2.16256E+01,2.16256E+01,2.16256E+01,2.16256E+01,2.16256E+01,2.16256E+01,2.16256E+01,2.13301E+01,2.16256E+01,1.52077E+01,2.16256E+01,2.16256E+01,2.16256E+01,2.16256E+01,2.16256E+01,2.16256E+01,2.16256E+01,1.42077E+01,2.16256E+01,2.16256E+01,1.61834E+01,2.16256E+01,2.16256E+01,2.16256E+01,2.16256E+01,2.16256E+01,1.42077E+01,1.42077E+01,2.16256E+01,7.68162E-01,1.52077E+01,2.16256E+01,2.16256E+01,1.42077E+01,2.16256E+01 
#t = 8.400E+02
1.52077E+01,1.42077E+01,2.16256E+01,1.61834E+01,8.88497E+00,1.52077E+01,2.16256E+01,2.16256E+01,2.16256E+01,2.16256E+01,2.16256E+01,1.61834E+01,2.16256E+01,2.16256E+01,1.61834E+01,2.16256E+01,2.16256E+01,1.42077E+01,2.16256E+01,2.16256E+01,8.54894E+00,2.16256E+01,2.16256E+01,1.52077E+01,5.08703E+00,1.42077E+01,2.16256E+01,2.16256E+01,7.97870E+00,5.10184E+00,1.35333E+00,2.16256E+01,6.32338E-01 
#t = 8.820E+02
2.16256E+01,2.16256E+01,1.61834E+01,2.16256E+01,1.54452E+01,4.99155E+00,2.16256E+01,2.16256E+01,1.61834E+01,2.16256E+01,2.16256E+01,1.29070E+01,2.16256E+01,1.61834E+01,2.16256E+01,2.16256E+01,2.16256E+01,2.16256E+01,2.16256E+01,1.61834E+01,2.16256E+01,9.14566E-01,8.84605E-01,7.52889E+00,1.61834E+01,3.07674E+00,2.49964E-01 
#t = 9.240E+02
1.61834E+01,2.16256E+01,2.16256E+01,2.16256E+01,2.16256E+01,2.16256E+01,2.16256E+01,2.16256E+01,2.16256E+01,7.11220E+00,2.16256E+01,2.16256E+01,1.61834E+01,1.61834E+01,2.16256E+01,1.61834E+01,2.16256E+01,1.61834E+01,2.16256E+01,1.61834E+01,4.20335E+00,2.16256E+01,1.61834E+01,2.16256E+01 
#t = 9.660E+02
1.61834E+01,2.16256E+01,2.16256E+01,2.16256E+01,2.16256E+01,2.16256E+01,2.16256E+01,2.16256E+01,2.16256E+01,2.16256E+01,2.16256E+01,2.16256E+01,2.16256E+01,2.16256E+01,2.16256E+01,2.16256E+01,2.16256E+01,2.16256E+01,2.16256E+01,2.16256E+01,4.19026E+00 
#t = 1.008E+03
2.16256E+01,2.16256E+01,2.16256E+01,2.16256E+01,2.16256E+01,2.16256E+01,2.16256E+01,2.16256E+01,2.16256E+01,2.16256E+01,2.16256E+01,2.16256E+01,2.16256E+01,2.16256E+01,2.16256E+01,2.16256E+01,2.16256E+01,2.16256E+01,2.16256E+01,2.16256E+01,2.16256E+01,2.16256E+01,2.16256E+01,2.16256E+01,2.16256E+01,2.16256E+01,2.48449E+00,2.16256E+01,2.16256E+01,2.16256E+01,2.16256E+01,2.16256E+01,2.16256E+01,2.16256E+01,2.16256E+01,2.16256E+01,2.16256E+01,2.16256E+01,2.16256E+01,2.16256E+01,4.87584E-01,2.16256E+01,2.16256E+01,2.16256E+01,2.16256E+01,1.01948E+01,2.16256E+01 
#t = 1.050E+03
2.16256E+01,2.16256E+01,2.16256E+01,2.16256E+01,2.16256E+01,2.16256E+01,2.16256E+01,2.16256E+01,2.16256E+01,2.16256E+01,2.16256E+01,2.16256E+01,2.16256E+01,2.16256E+01,2.16256E+01,2.16256E+01,2.16256E+01,2.16256E+01,2.16256E+01,5.73264E+00,2.16256E+01,2.16256E+01,3.26086E+00,4.41368E+00,2.16256E+01,2.13646E+01 
#t = 1.092E+03
2.16256E+01,2.16256E+01,2.16256E+01,2.16256E+01,2.16256E+01,2.16256E+01,2.16256E+01,2.16256E+01,2.16256E+01,2.16256E+01,2.16256E+01,2.16256E+01,2.16256E+01,2.16256E+01,2.16256E+01,2.16256E+01,2.16256E+01,2.16256E+01,7.71578E+00,2.16256E+01,2.16256E+01,2.16256E+01,2.16256E+01,2.16256E+01,2.16256E+01,2.16256E+01,2.16256E+01,2.16256E+01,2.16256E+01,2.16256E+01,2.16256E+01,2.16256E+01,2.16256E+01,2.16256E+01,2.16256E+01,2.16256E+01,2.16256E+01,2.16256E+01,2.16256E+01 
#t = 1.134E+03
2.16256E+01,2.16256E+01,2.16256E+01,2.16256E+01,2.16256E+01,2.16256E+01,2.16256E+01,2.16256E+01,2.16256E+01,2.16256E+01,2.16256E+01,2.16256E+01,3.73852E+01,2.16256E+01,2.16256E+01,2.16256E+01,2.16256E+01,2.16256E+01,7.61105E+00,2.16256E+01,2.16256E+01,2.16256E+01,3.73852E+01,2.16256E+01,2.16256E+01,2.16256E+01,2.16256E+01,2.16256E+01,2.16256E+01,8.41207E-01,2.16256E+01,2.16256E+01,2.16256E+01,2.16256E+01,2.74141E+00,4.22325E+00,2.16256E+01,2.16256E+01,2.16256E+01,2.16256E+01,2.16256E+01 
#t = 1.176E+03
2.16256E+01,2.16256E+01,2.16256E+01,2.16256E+01,2.16256E+01,2.16256E+01,2.16256E+01,2.16256E+01,2.16256E+01,3.73852E+01,3.73852E+01,2.16256E+01,2.16256E+01,2.16256E+01,2.16256E+01,2.16256E+01,2.16256E+01,2.16256E+01,2.16256E+01,2.16256E+01,3.73852E+01,2.16256E+01,2.16256E+01,2.16256E+01,2.16256E+01,2.16256E+01,3.73852E+01,2.16256E+01,2.16256E+01,2.16256E+01,3.73852E+01,2.16256E+01,3.73852E+01 
#t = 1.218E+03
2.16256E+01,3.73852E+01,2.16256E+01,2.16256E+01,2.16256E+01,3.73852E+01,3.73852E+01,2.16256E+01,2.16256E+01,2.16256E+01,2.16256E+01,2.16256E+01,3.73852E+01,3.73852E+01,2.16256E+01,2.16256E+01,2.16256E+01,3.73852E+01,2.16256E+01,3.73852E+01,3.73852E+01,3.73852E+01,3.73852E+01,2.16256E+01,2.16256E+01,2.16256E+01,2.16256E+01,3.73852E+01,2.16256E+01,3.73852E+01,2.16256E+01,3.73852E+01,3.73852E+01,2.16256E+01,2.16256E+01,3.49007E+00,3.73852E+01,3.73852E+01,2.16256E+01,2.16256E+01,6.12090E-01,2.85063E+00,3.73590E+00 
#t = 1.260E+03
2.16256E+01,2.16256E+01,3.73852E+01,3.73852E+01,3.73852E+01,2.16256E+01,2.16256E+01,2.16256E+01,3.73852E+01,2.16256E+01,3.73852E+01,3.73852E+01,2.16256E+01,3.73852E+01,2.16256E+01,3.73852E+01,2.16256E+01,3.73852E+01,3.73852E+01,3.73852E+01,3.73852E+01,3.73852E+01,2.46296E+00,1.01641E+00,3.73852E+01,2.16256E+01 
#t = 1.302E+03
2.16256E+01,2.16256E+01,3.73852E+01,2.16256E+01,6.10275E+00,3.73852E+01,2.16256E+01,3.73852E+01,3.73852E+01,3.73852E+01,3.73852E+01,2.16256E+01,3.73852E+01,3.73852E+01,2.16256E+01,5.25636E-01,3.73852E+01,2.16256E+01,3.73852E+01,3.73852E+01,3.73852E+01,3.73852E+01,3.73852E+01,2.16256E+01,3.73852E+01,3.73852E+01,3.73852E+01,3.73852E+01,2.03611E+00,3.73852E+01,3.73852E+01,3.73852E+01 
#t = 1.344E+03
3.73852E+01,3.73852E+01,2.16256E+01,1.48684E+01,3.73852E+01,3.73852E+01,1.48684E+01,3.73852E+01,3.73852E+01,3.73852E+01,3.73852E+01,1.48684E+01,1.48684E+01,3.73852E+01,3.73852E+01,3.73852E+01,3.73852E+01,3.73852E+01,3.73852E+01,2.16256E+01,2.16256E+01,3.73852E+01,2.16256E+01,3.73852E+01,3.73852E+01,3.73852E+01,3.73852E+01,3.73852E+01,3.73852E+01,3.73852E+01,3.73852E+01,3.73852E+01,3.73852E+01,3.73852E+01,3.73852E+01,3.73852E+01,2.16256E+01,3.73852E+01,3.73852E+01,2.16256E+01,2.16256E+01,1.03112E+01,5.68051E+00,3.73852E+01 
#t = 1.386E+03
3.73852E+01,1.48684E+01,3.73852E+01,3.73852E+01,3.73852E+01,3.73852E+01,1.48684E+01,3.73852E+01,3.73852E+01,3.73852E+01,1.16814E+01,1.16814E+01,3.73852E+01,3.73852E+01,2.16256E+01,3.73852E+01,2.16256E+01,1.48684E+01,3.73852E+01,3.73852E+01,3.73852E+01,3.73852E+01,3.73852E+01,3.73852E+01,3.73852E+01,3.73852E+01,3.73852E+01,3.73852E+01,3.73852E+01,3.73852E+01,3.73852E+01,3.73852E+01,3.73852E+01,3.73852E+01,1.16814E+01,3.73852E+01,3.73852E+01 
#t = 1.428E+03
3.73852E+01,3.73852E+01,3.73852E+01,3.73852E+01,3.73852E+01,3.73852E+01,3.73852E+01,1.09914E+01,3.73852E+01,3.73852E+01,9.87674E+00,3.73852E+01,3.73852E+01,3.73852E+01,1.43547E+01,3.73852E+01,3.73852E+01,3.73852E+01,1.48684E+01,3.73852E+01,3.73852E+01,3.73852E+01,3.73852E+01,3.73852E+01,3.73852E+01,3.73852E+01,3.73852E+01,3.73852E+01,3.73852E+01,3.73852E+01,3.73852E+01,3.73852E+01,3.73852E+01,3.73852E+01,3.73852E+01,1.16639E+01,3.73852E+01,3.73852E+01,3.73852E+01 
#t = 1.470E+03
3.73852E+01,3.73852E+01,3.73852E+01,3.73852E+01,1.16639E+01,3.73852E+01,3.73852E+01,3.73852E+01,3.73852E+01,3.73852E+01,3.73852E+01,3.73852E+01,3.73852E+01,3.73852E+01,8.83468E+00,3.73852E+01,3.73852E+01,3.73852E+01,3.73852E+01,3.73852E+01,3.73852E+01,3.73852E+01,3.73852E+01,2.15759E+01,3.73852E+01,3.73852E+01,3.73852E+01,3.73852E+01,3.73852E+01,3.73852E+01,1.16639E+01,5.29072E+00,3.73852E+01,3.73852E+01,3.73852E+01,3.73852E+01,1.16639E+01,1.16639E+01,3.73852E+01,3.73852E+01,3.73852E+01,6.02867E-01,3.73852E+01,3.73852E+01 
#t = 1.512E+03
3.73852E+01,3.73852E+01,3.73852E+01,3.73852E+01,3.73852E+01,3.73852E+01,3.73852E+01,1.28984E+01,3.73852E+01,3.73852E+01,1.28984E+01,3.73852E+01,3.73852E+01,3.73852E+01,3.73852E+01,3.73852E+01,3.73852E+01,3.73852E+01,3.38275E+00,3.73852E+01,3.73852E+01,3.73852E+01,1.16639E+01,3.73852E+01 
#t = 1.554E+03
3.73852E+01,1.28984E+01,3.73852E+01,3.73852E+01,3.73852E+01,3.73852E+01,3.73852E+01,3.73852E+01,3.73852E+01,3.73852E+01,3.73852E+01,3.73852E+01,3.73852E+01,3.73852E+01,3.73852E+01,3.73852E+01,3.73852E+01,3.73852E+01,3.73852E+01,3.73852E+01,3.73852E+01,3.73852E+01,3.73852E+01,1.37106E+01,3.73852E+01,3.73852E+01,1.37106E+01,3.73852E+01,2.20588E+00,3.23194E+00,3.73852E+01,3.73852E+01,3.73852E+01,8.74959E+00 
#t = 1.596E+03
3.73852E+01,3.73852E+01,1.28984E+01,3.73852E+01,3.73852E+01,3.73852E+01,3.73852E+01,3.73852E+01,3.73852E+01,1.33812E+01,3.73852E+01,3.73852E+01,3.73852E+01,3.73852E+01,3.73852E+01,3.73852E+01,3.73852E+01,3.73852E+01,3.73852E+01,3.73852E+01,3.73852E+01,5.88587E-01,1.41977E+00,8.23628E-01,3.80789E+00,1.28984E+01,3.73852E+01,3.73852E+01,2.97677E+00,3.73852E+01,3.73852E+01,2.11069E+00,3.73852E+01 
#t = 1.638E+03
3.73852E+01,1.28984E+01,3.73852E+01,3.73852E+01,3.73852E+01,3.73852E+01,3.73852E+01,3.73852E+01,3.73852E+01,3.73852E+01,3.73852E+01,3.73852E+01,3.73852E+01,3.73852E+01,3.73852E+01,3.73852E+01,3.73852E+01,3.73852E+01,3.83936E+00,3.73852E+01,3.73852E+01,9.06698E+00,3.73852E+01,3.73852E+01,3.73852E+01,3.73852E+01,3.73852E+01,3.73852E+01,3.73852E+01,3.73852E+01,3.73852E+01,3.73852E+01,3.73852E+01,5.50754E+00,3.73852E+01,3.73852E+01,1.28984E+01,3.73852E+01,3.73852E+01,3.73852E+01,4.69720E-01,3.73852E+01,3.73852E+01,1.73524E+00 
#t = 1.680E+03
3.73852E+01,1.28984E+01,3.73852E+01,1.28984E+01,1.28984E+01,3.73852E+01,1.28984E+01,3.73852E+01,3.73852E+01,3.73852E+01,1.28984E+01,3.73852E+01,3.73852E+01,3.73852E+01,3.73852E+01,1.28984E+01,3.73852E+01,3.73852E+01,3.73852E+01,3.73852E+01,3.73852E+01,1.28984E+01,4.80526E+00,3.73852E+01,2.31986E+00 
#t = 1.722E+03
3.73852E+01,1.28984E+01,1.28984E+01,3.73852E+01,3.73852E+01,1.28984E+01,3.73852E+01,1.28984E+01,3.73852E+01,3.73852E+01,3.73852E+01,3.73852E+01,3.73852E+01,3.73852E+01,3.73852E+01,3.73852E+01,3.73852E+01,3.73852E+01,1.28984E+01,1.28984E+01,1.28984E+01,3.73852E+01,3.73852E+01,3.73852E+01,1.28984E+01,1.00592E+01,2.23280E+01,3.73852E+01,3.73852E+01,3.73852E+01,1.98851E+00,3.73852E+01,3.73852E+01,3.73852E+01,1.05569E+00 
#t = 1.764E+03
1.28984E+01,3.73852E+01,3.73852E+01,1.28984E+01,3.73852E+01,3.73852E+01,3.73852E+01,3.73852E+01,1.28984E+01,3.73852E+01,3.73852E+01,3.73852E+01,1.28984E+01,3.73852E+01,3.73852E+01,3.73852E+01,1.28984E+01,3.73852E+01,3.73852E+01,3.73852E+01,3.73852E+01,3.73852E+01,3.73852E+01,1.28984E+01,3.73852E+01,3.73852E+01,1.77374E+00,3.73852E+01,3.73852E+01,1.00713E+00,3.73852E+01 
#t = 1.806E+03
1.28984E+01,3.73852E+01,3.73852E+01,3.73852E+01,3.73852E+01,3.73852E+01,3.73852E+01,3.73852E+01,3.73852E+01,3.73852E+01,3.73852E+01,3.73852E+01,3.73852E+01,3.73852E+01,3.73852E+01,3.73852E+01,3.73852E+01,3.73852E+01,3.73852E+01,3.73852E+01,3.73852E+01,3.73852E+01,3.73852E+01,3.73852E+01,3.73852E+01,3.73852E+01,3.73852E+01,3.73852E+01,3.73852E+01,3.73852E+01,7.50498E+00,3.73852E+01,3.73852E+01,1.28984E+01,3.73852E+01,3.73852E+01,2.18227E+00,5.65962E+00,3.73852E+01,4.08940E+00,3.73852E+01 
#t = 1.848E+03
3.73852E+01,3.73852E+01,3.73852E+01,3.73852E+01,3.73852E+01,3.73852E+01,4.38815E+00,3.73852E+01,3.73852E+01,3.73852E+01,3.73852E+01,3.73852E+01,3.73852E+01,3.73852E+01,3.73852E+01,3.73852E+01,1.14055E+00,3.73852E+01,3.73852E+01,3.73852E+01,5.73726E+00 
#t = 1.890E+03
3.73852E+01,3.73852E+01,3.73852E+01,3.73852E+01,3.73852E+01,3.73852E+01,3.73852E+01,3.73852E+01,3.73852E+01,3.73852E+01,3.73852E+01,3.73852E+01,1.63736E+01,3.73852E+01,3.73852E+01,7.83239E+00,3.73852E+01,3.73852E+01,3.73852E+01,3.73852E+01,3.73852E+01,3.73852E+01,3.73852E+01,3.73852E+01,3.73852E+01,3.73852E+01,3.67565E+00,3.73852E+01,3.73852E+01,3.73852E+01,3.73852E+01 
#t = 1.932E+03
3.73852E+01,3.73852E+01,3.73852E+01,3.73852E+01,3.73852E+01,3.73852E+01,3.73852E+01,3.73852E+01,3.73852E+01,3.73852E+01,3.73852E+01,3.73852E+01,1.60053E+01,3.73852E+01,3.73852E+01,3.73852E+01,3.73852E+01,3.73852E+01,3.73852E+01,3.73852E+01,3.73852E+01,3.73852E+01,3.73852E+01,3.73852E+01,3.73852E+01,3.73852E+01,1.60053E+01,3.73852E+01,3.73852E+01,3.73852E+01,3.73852E+01,1.31160E+00,3.73852E+01,3.73852E+01,3.73852E+01,3.73852E+01,3.73852E+01,3.73852E+01,3.73852E+01,3.73852E+01,3.73852E+01 
#t = 1.974E+03
3.73852E+01,3.73852E+01,3.73852E+01,3.73852E+01,3.73852E+01,3.73852E+01,3.73852E+01,3.73852E+01,3.73852E+01,3.73852E+01,3.73852E+01,3.73852E+01,3.73852E+01,3.73852E+01,3.73852E+01,3.94347E+00,5.15107E+00,5.80009E+00,3.73852E+01,4.68887E-01,3.73852E+01,3.73852E+01,3.73852E+01,3.73852E+01,3.73852E+01,3.73852E+01,3.73852E+01 
#t = 2.016E+03
3.73852E+01,3.73852E+01,3.73852E+01,3.73852E+01,3.73852E+01,3.73852E+01,3.73852E+01,3.73852E+01,3.73852E+01,3.73852E+01,3.73852E+01,3.73852E+01,3.73852E+01,3.73852E+01,3.73852E+01,3.73852E+01,3.73852E+01,3.73852E+01,3.73852E+01,3.73852E+01,3.73852E+01,2.06221E+01,3.04523E+00,3.73852E+01,6.17830E-01,3.59205E+00,3.73852E+01,3.73852E+01,3.73852E+01,3.73852E+01,3.73852E+01,3.73852E+01,3.73852E+01,2.32582E+00,3.73852E+01,3.73852E+01,3.54089E+00 
#t = 2.058E+03
3.73852E+01,3.73852E+01,1.54044E+01,3.73852E+01,3.73852E+01,1.54044E+01,1.73114E+01,3.73852E+01,3.73852E+01,1.54044E+01,3.73852E+01,1.54044E+01,3.73852E+01,3.73852E+01,3.73852E+01,3.73852E+01,3.73852E+01,3.73852E+01,3.73852E+01,3.73852E+01,1.54044E+01,1.54044E+01,3.73852E+01,1.54044E+01,3.73852E+01,3.73852E+01,1.73114E+01,1.54044E+01,3.73852E+01,3.73852E+01,3.73852E+01,1.54044E+01,3.73852E+01,1.54044E+01,3.73852E+01,3.73852E+01,1.54044E+01,1.73114E+01,3.73852E+01,3.73852E+01,1.54044E+01,1.13581E+00,1.53120E+00,3.73852E+01 
#t = 2.100E+03
3.73852E+01,3.73852E+01,3.73852E+01,3.73852E+01,3.73852E+01,3.73852E+01,3.73852E+01,3.73852E+01,3.73852E+01,3.73852E+01,3.73852E+01,3.73852E+01,3.73852E+01,3.73852E+01,3.73852E+01,3.73852E+01,3.73852E+01,3.73852E+01,1.54044E+01,3.73852E+01,3.73852E+01,3.73852E+01,3.73852E+01,3.73852E+01,3.73852E+01,3.73852E+01,3.73852E+01,3.73852E+01,4.34823E+00,3.73852E+01,6.54776E+00,3.73852E+01,3.73852E+01,3.73852E+01,3.73852E+01,1.79509E+00,3.73852E+01,3.73852E+01,3.73852E+01,1.45525E+01,3.73852E+01 
#t = 2.142E+03
3.73852E+01,3.73852E+01,3.73852E+01,3.73852E+01,3.73852E+01,3.73852E+01,3.73852E+01,3.73852E+01,3.73852E+01,3.73852E+01,3.73852E+01,3.73852E+01,3.73852E+01,3.73852E+01,3.73852E+01,3.73852E+01,3.73852E+01,3.73852E+01,3.73852E+01,3.73852E+01,3.73852E+01,3.73852E+01,3.73852E+01,3.73852E+01,3.73852E+01,6.42326E+00,3.73852E+01,3.73852E+01,3.73852E+01,6.59534E+00,3.73852E+01,3.73852E+01,3.73852E+01,3.73852E+01,3.73852E+01,3.73852E+01,3.73852E+01,3.73852E+01,3.73852E+01 
#t = 2.184E+03
3.73852E+01,3.73852E+01,3.73852E+01,3.73852E+01,3.73852E+01,3.73852E+01,3.73852E+01,3.73852E+01,3.73852E+01,3.73852E+01,3.73852E+01,3.73852E+01,3.73852E+01,3.73852E+01,3.73852E+01,3.73852E+01,3.73852E+01,3.73852E+01,3.73852E+01,3.73852E+01,3.73852E+01,3.73852E+01,3.73852E+01,3.73852E+01,3.73852E+01,3.73852E+01,3.73852E+01,3.73852E+01,3.73852E+01,3.73852E+01,3.73852E+01,3.73852E+01,3.73852E+01,3.73852E+01 
#t = 2.226E+03
3.73852E+01,3.73852E+01,3.73852E+01,3.73852E+01,3.73852E+01,3.73852E+01,3.73852E+01,3.73852E+01,3.73852E+01,3.73852E+01,3.73852E+01,3.73852E+01,3.73852E+01,3.73852E+01,3.73852E+01,3.73852E+01,3.73852E+01,3.73852E+01,3.73852E+01,5.07896E+00,3.73852E+01,3.73852E+01,3.73852E+01,3.73852E+01,3.73852E+01,3.73852E+01,3.73852E+01,3.73852E+01,3.73852E+01,2.45753E+00,3.73852E+01,3.73852E+01,7.70402E+00,3.15481E+00,3.73852E+01,3.73852E+01,3.73852E+01,3.73852E+01,3.73852E+01,3.73852E+01 
#t = 2.268E+03
3.73852E+01,3.73852E+01,3.73852E+01,3.73852E+01,3.73852E+01,3.73852E+01,3.73852E+01,3.73852E+01,3.73852E+01,3.73852E+01,3.73852E+01,3.73852E+01,1.62367E+01,3.73852E+01,3.73852E+01,3.73852E+01,1.62367E+01,3.73852E+01,3.73852E+01,3.73852E+01,3.73852E+01,3.73852E+01,3.73852E+01,3.73852E+01,3.73852E+01,2.23986E+00,3.73852E+01,3.73852E+01,3.73852E+01,2.48827E+00,3.82325E+00,3.73852E+01,3.73852E+01,3.73852E+01,3.73852E+01,3.73852E+01,3.73852E+01,3.73852E+01 
#t = 2.310E+03
3.73852E+01,3.73852E+01,3.73852E+01,3.73852E+01,3.73852E+01,3.73852E+01,3.73852E+01,3.73852E+01,3.73852E+01,3.73852E+01,3.73852E+01,3.73852E+01,3.73852E+01,7.62112E+00,3.73852E+01,3.73852E+01,1.14417E+01,3.73852E+01,1.62367E+01,1.62367E+01,3.73852E+01,3.73852E+01,3.73852E+01,3.73852E+01,3.73852E+01,3.73852E+01,3.73852E+01,3.73852E+01,6.43543E+00,4.33826E+00,3.86787E-01,3.73852E+01,3.73852E+01,3.73852E+01,3.73852E+01,3.73852E+01,1.99712E+00,3.73852E+01,2.76633E+00,3.73852E+01,3.73852E+01,3.73852E+01 
#t = 2.352E+03
3.73852E+01,3.73852E+01,3.73852E+01,3.73852E+01,3.73852E+01,3.73852E+01,1.62367E+01,8.75389E+00,3.73852E+01,3.73852E+01,3.73852E+01,3.73852E+01,3.73852E+01,3.73852E+01,3.73852E+01,1.62367E+01,3.73852E+01,3.73852E+01,3.73852E+01,3.73852E+01,1.62367E+01,3.73852E+01,3.73852E+01,3.73852E+01,3.73852E+01,3.73852E+01,3.73852E+01,3.73852E+01,3.73852E+01,3.73852E+01,3.73852E+01,3.73852E+01,5.64929E+00,3.73852E+01,1.04256E+00,3.73852E+01,3.73852E+01 
#t = 2.394E+03
3.73852E+01,3.73852E+01,3.73852E+01,3.73852E+01,3.73852E+01,3.73852E+01,3.73852E+01,3.73852E+01,3.73852E+01,3.73852E+01,3.73852E+01,3.73852E+01,3.73852E+01,3.73852E+01,3.73852E+01,3.73852E+01,3.73852E+01,3.73852E+01,3.73852E+01,3.73852E+01,3.73852E+01,3.73852E+01,3.73852E+01,3.73852E+01,3.73852E+01,4.81051E+00,3.73852E+01,3.07278E+00,2.80095E+00,3.73852E+01,2.56636E+00,3.73852E+01,3.73852E+01,3.73852E+01 
#t = 2.436E+03
3.73852E+01,3.73852E+01,3.73852E+01,3.73852E+01,3.73852E+01,3.73852E+01,3.73852E+01,3.73852E+01,3.73852E+01,3.73852E+01,3.73852E+01,3.73852E+01,3.73852E+01,3.73852E+01,3.73852E+01,3.73852E+01,3.73852E+01,3.73852E+01,3.73852E+01,3.73852E+01,3.73852E+01,3.73852E+01,3.73852E+01,3.73852E+01,3.73852E+01,3.73852E+01,2.17054E+00,3.73852E+01,3.73852E+01,4.18407E+00,3.73852E+01,1.09156E+00,3.73852E+01,2.54717E+00,3.73852E+01,3.73852E+01,3.73852E+01 
#t = 2.478E+03
3.73852E+01,3.73852E+01,3.73852E+01,3.73852E+01,3.73852E+01,3.73852E+01,3.73852E+01,3.73852E+01,3.73852E+01,3.73852E+01,3.73852E+01,3.73852E+01,3.73852E+01,3.73852E+01,3.73852E+01,3.73852E+01,3.73852E+01,3.73852E+01,3.73852E+01,3.73852E+01,3.73852E+01,3.73852E+01,3.73852E+01,3.73852E+01,2.91011E+00,3.73852E+01,3.73852E+01,3.73852E+01,3.73852E+01,3.85441E+00,3.73852E+01,3.73852E+01,3.73852E+01,3.73852E+01,3.73852E+01,3.73852E+01 
#t = 2.520E+03
3.73852E+01,3.73852E+01,3.73852E+01,3.73852E+01,3.73852E+01,3.73852E+01,3.73852E+01,3.73852E+01,3.73852E+01,3.73852E+01,3.73852E+01,3.73852E+01,3.73852E+01,3.73852E+01,3.73852E+01,3.73852E+01,3.73852E+01,3.73852E+01,3.73852E+01,3.73852E+01,3.73852E+01,3.73852E+01,3.73852E+01,3.73852E+01,3.73852E+01,3.73852E+01,3.73852E+01,1.48695E+00,3.73852E+01,2.53530E+01,3.73852E+01,3.73852E+01,1.48518E+00,3.73852E+01 
#t = 2.562E+03
3.73852E+01,3.73852E+01,3.73852E+01,3.73852E+01,3.73852E+01,3.73852E+01,3.73852E+01,3.73852E+01,3.73852E+01,3.73852E+01,3.73852E+01,3.73852E+01,3.73852E+01,3.73852E+01,3.73852E+01,3.73852E+01,3.73852E+01,3.73852E+01,3.73852E+01,3.73852E+01,3.73852E+01,3.73852E+01,3.73852E+01,5.53892E+00,3.73852E+01,3.73852E+01,3.73852E+01,3.73852E+01,3.73852E+01,3.73852E+01,3.73852E+01,3.73852E+01,3.73852E+01,3.73852E+01,3.73852E+01,3.73852E+01,3.73852E+01,3.73852E+01,3.73852E+01,3.73852E+01,3.73852E+01,1.00433E+00,3.73852E+01 
#t = 2.604E+03
3.73852E+01,3.73852E+01,3.73852E+01,3.73852E+01,3.73852E+01,3.73852E+01,3.73852E+01,3.73852E+01,3.73852E+01,3.73852E+01,3.73852E+01,3.73852E+01,3.73852E+01,3.73852E+01,3.73852E+01,3.73852E+01,3.73852E+01,3.73852E+01,3.73852E+01,6.26746E+00,3.73852E+01,3.73852E+01,3.73852E+01,3.73852E+01,3.73852E+01,3.73852E+01,3.73852E+01,6.26657E+00,3.73852E+01,3.73852E+01,1.64033E+01,3.73852E+01,3.73852E+01,3.73852E+01,3.73852E+01,1.98359E+00,3.73852E+01,3.73852E+01,1.47330E+00,3.73852E+01 
#t = 2.646E+03
3.73852E+01,3.73852E+01,3.73852E+01,1.64033E+01,3.73852E+01,3.73852E+01,1.64033E+01,3.73852E+01,3.73852E+01,3.73852E+01,3.73852E+01,1.64033E+01,3.73852E+01,3.73852E+01,3.73852E+01,3.73852E+01,3.73852E+01,3.73852E+01,3.73852E+01,3.73852E+01,3.73852E+01,3.73852E+01,1.64033E+01,3.73852E+01,3.73852E+01,3.73852E+01,3.73852E+01,3.73852E+01,3.73852E+01,3.73852E+01,3.73852E+01,3.73852E+01,3.73852E+01,1.66450E+00,3.73852E+01,3.73852E+01,3.73852E+01,3.94796E-01,3.73852E+01 
#t = 2.688E+03
3.73852E+01,3.73852E+01,3.73852E+01,3.73852E+01,3.73852E+01,3.73852E+01,7.07752E+00,3.73852E+01,3.73852E+01,3.73852E+01,3.73852E+01,3.73852E+01,3.73852E+01,3.73852E+01,3.73852E+01,3.73852E+01,3.73852E+01,3.73852E+01,3.73852E+01,3.73852E+01,3.73852E+01,3.73852E+01,3.73852E+01,3.73852E+01,3.73852E+01,3.73852E+01,3.73852E+01,3.73852E+01,3.73852E+01,3.73852E+01,2.65714E+00,3.73852E+01,3.73852E+01,3.73852E+01,2.21441E+01 
#t = 2.730E+03
3.73852E+01,3.73852E+01,3.73852E+01,3.73852E+01,3.73852E+01,3.73852E+01,3.73852E+01,3.73852E+01,3.73852E+01,3.73852E+01,3.73852E+01,3.73852E+01,3.73852E+01,3.73852E+01,3.73852E+01,3.73852E+01,3.73852E+01,3.73852E+01,4.41088E+00,3.73852E+01,3.73852E+01,1.07824E+00,3.73852E+01,3.73852E+01,3.73852E+01,3.73852E+01,3.73852E+01,3.73852E+01,3.73852E+01,7.17400E-01 
#t = 2.772E+03
3.73852E+01,3.73852E+01,3.73852E+01,3.73852E+01,3.73852E+01,3.73852E+01,3.73852E+01,3.73852E+01,3.73852E+01,3.73852E+01,3.73852E+01,3.73852E+01,3.73852E+01,3.73852E+01,3.73852E+01,3.73852E+01,3.73852E+01,3.73852E+01,3.73852E+01,3.73852E+01,3.73852E+01,3.73852E+01,3.73852E+01,3.73852E+01,3.73852E+01,3.73852E+01,3.73852E+01,3.73852E+01,3.73852E+01,3.73852E+01,3.73852E+01,3.73852E+01,3.73852E+01,3.73852E+01,3.73852E+01,3.73852E+01,3.73852E+01,3.73852E+01,3.73852E+01,3.73852E+01,3.73852E+01,3.73852E+01,3.73852E+01,3.73852E+01,3.73852E+01,3.73852E+01,3.73852E+01,3.73852E+01,3.73852E+01,3.73852E+01,3.73852E+01,3.73852E+01,3.73852E+01,3.73852E+01 
#t = 2.814E+03
3.73852E+01,3.73852E+01,3.73852E+01,3.73852E+01,3.73852E+01,3.73852E+01,3.73852E+01,3.73852E+01,3.73852E+01,3.73852E+01,3.73852E+01,3.73852E+01,3.73852E+01,3.73852E+01,3.73852E+01,3.73852E+01,3.73852E+01,3.73852E+01,3.73852E+01,3.73852E+01,3.73852E+01,3.73852E+01,3.73852E+01,3.73852E+01,3.73852E+01,3.73852E+01,3.73852E+01,3.73852E+01,3.73852E+01,3.73852E+01,3.73852E+01,3.73852E+01,3.73852E+01,3.73852E+01,8.84818E+00,3.73852E+01,3.73852E+01,3.73852E+01,2.79801E+00,3.73852E+01,2.49483E+00,3.73852E+01,3.73852E+01,3.11818E+00 
#t = 2.856E+03
3.73852E+01,3.73852E+01,3.73852E+01,3.73852E+01,3.73852E+01,3.73852E+01,3.73852E+01,1.29021E+01,3.73852E+01,3.73852E+01,3.73852E+01,3.73852E+01,3.50101E+00,1.29021E+01,3.73852E+01,3.73852E+01,3.73852E+01,2.05645E+01,3.73852E+01,1.29021E+01,3.73852E+01,3.73852E+01,3.73852E+01,3.73852E+01,1.68122E+01,3.73852E+01,3.30484E+00,3.73852E+01,3.73852E+01,3.73852E+01,3.73852E+01,3.73852E+01,1.29021E+01 
#t = 2.898E+03
2.05645E+01,1.29021E+01,3.73852E+01,3.73852E+01,1.29021E+01,3.73852E+01,3.73852E+01,3.73852E+01,3.73852E+01,3.73852E+01,1.29021E+01,3.73852E+01,3.73852E+01,1.29021E+01,3.73852E+01,3.73852E+01,3.73852E+01,3.73852E+01,3.73852E+01,3.73852E+01,3.73852E+01,1.29021E+01,3.73852E+01,3.73852E+01,7.59814E+00,3.73852E+01,3.73852E+01,3.73852E+01,3.73852E+01,3.73852E+01,3.73852E+01,3.64983E+00,3.73852E+01,4.05285E+00,1.31922E+00,3.73852E+01,3.73852E+01,4.37418E+00,2.09725E+00,1.29021E+01,3.73852E+01 
#t = 2.940E+03
3.73852E+01,3.73852E+01,3.73852E+01,3.73852E+01,3.73852E+01,3.73852E+01,3.73852E+01,3.73852E+01,3.73852E+01,1.29021E+01,3.73852E+01,1.85976E+01,1.85976E+01,3.73852E+01,1.29021E+01,3.73852E+01,3.73852E+01,3.73852E+01,3.73852E+01,3.73852E+01,3.73852E+01,3.73852E+01,3.73852E+01,3.73852E+01,1.85976E+01,3.73852E+01,3.73852E+01,1.38520E+01,3.73852E+01,8.03822E-01,3.73852E+01 
#t = 2.982E+03
3.73852E+01,3.73852E+01,3.73852E+01,3.73852E+01,3.73852E+01,3.73852E+01,3.73852E+01,3.73852E+01,3.73852E+01,3.73852E+01,3.73852E+01,3.73852E+01,3.73852E+01,3.73852E+01,3.73852E+01,3.73852E+01,3.73852E+01,7.08538E+00,3.73852E+01,3.73852E+01,3.73852E+01,3.73852E+01,3.73852E+01,3.73852E+01,3.73852E+01,1.98496E+01,3.73852E+01,3.73852E+01,3.73852E+01,3.73852E+01,4.64300E-01,6.27497E+00,3.73852E+01,9.13942E+00,3.73852E+01,3.73852E+01,1.75527E+00,3.73852E+01 
#t = 3.024E+03
3.73852E+01,3.73852E+01,3.73852E+01,3.73852E+01,3.73852E+01,3.73852E+01,3.73852E+01,3.73852E+01,3.73852E+01,3.73852E+01,3.73852E+01,3.73852E+01,3.73852E+01,3.73852E+01,3.73852E+01,3.73852E+01,3.73852E+01,3.73852E+01,3.73852E+01,3.73852E+01,3.73852E+01,3.73852E+01,3.73852E+01,3.73852E+01,3.73852E+01,3.73852E+01,3.73852E+01,3.73852E+01,3.73852E+01,3.73852E+01,3.73852E+01,3.73852E+01,3.73852E+01,3.73852E+01,3.73852E+01,3.73852E+01 
#t = 3.066E+03
3.73852E+01,3.73852E+01,3.73852E+01,3.73852E+01,3.73852E+01,3.73852E+01,3.73852E+01,3.73852E+01,3.73852E+01,3.73852E+01,1.83587E+01,3.73852E+01,1.83587E+01,3.73852E+01,3.73852E+01,3.73852E+01,1.07198E+00,3.73852E+01,3.73852E+01,3.73852E+01,3.73852E+01,3.73852E+01,3.73852E+01,3.73852E+01,9.80676E+00,3.73852E+01,3.73852E+01,3.73852E+01,3.73852E+01,3.73852E+01,3.73852E+01,3.73852E+01,5.82756E+00,3.23502E+00,3.73852E+01,3.48762E+00,3.73852E+01,3.73852E+01,3.73852E+01,3.73852E+01 
#t = 3.108E+03
3.73852E+01,3.73852E+01,2.27621E+01,2.27621E+01,3.73852E+01,3.73852E+01,3.73852E+01,3.73852E+01,3.73852E+01,3.73852E+01,2.27621E+01,1.07478E+01,3.73852E+01,3.73852E+01,3.73852E+01,3.73852E+01,3.73852E+01,4.66282E+00,3.73852E+01,3.73852E+01,3.73852E+01,3.73852E+01,3.73852E+01,3.73852E+01,6.08185E+00,3.73852E+01,3.73852E+01,3.73852E+01,3.73852E+01,1.18370E+01 
#t = 3.150E+03
3.73852E+01,3.73852E+01,3.73852E+01,3.73852E+01,3.73852E+01,3.73852E+01,3.73852E+01,3.73852E+01,3.73852E+01,2.27621E+01,3.73852E+01,3.73852E+01,3.73852E+01,3.73852E+01,3.73852E+01,3.73852E+01,3.73852E+01,3.73852E+01,3.73852E+01,1.74641E+00,3.73852E+01,3.73852E+01,3.73852E+01,5.19466E+00,3.73852E+01,3.73852E+01,3.73852E+01,3.73852E+01,4.41336E-01,3.73852E+01,6.10923E-01,3.73852E+01,1.05920E-01,3.73852E+01,3.73852E+01 
#t = 3.192E+03
3.73852E+01,3.73852E+01,3.73852E+01,3.73852E+01,3.73852E+01,3.73852E+01,3.73852E+01,3.73852E+01,3.73852E+01,3.73852E+01,3.73852E+01,3.73852E+01,3.73852E+01,4.18819E+00,1.35154E+01,3.73852E+01,1.03776E+01,3.73852E+01,3.73852E+01,3.73852E+01,3.73852E+01,6.29204E-01,3.73852E+01,3.73852E+01,3.73852E+01,3.73852E+01,3.73852E+01,1.39581E+00,6.20928E-01,3.73852E+01,3.73852E+01,3.73852E+01,2.71833E+00 
#t = 3.234E+03
3.73852E+01,3.73852E+01,3.73852E+01,3.73852E+01,3.73852E+01,3.73852E+01,3.73852E+01,3.73852E+01,3.73852E+01,3.73852E+01,3.73852E+01,3.73852E+01,3.73852E+01,3.73852E+01,3.73852E+01,3.73852E+01,3.73852E+01,3.73852E+01,3.73852E+01,2.77290E+01,3.73852E+01,3.73852E+01,2.77290E+01,3.73852E+01,3.73852E+01,3.73852E+01,3.73852E+01,3.73852E+01,3.73852E+01,2.77290E+01,3.73852E+01,3.73852E+01,3.73852E+01,3.73852E+01,3.73852E+01,1.74735E+00,3.11784E+00,3.73852E+01,3.73852E+01,2.38845E+00,3.19763E+00 
#t = 3.276E+03
3.73852E+01,3.73852E+01,3.73852E+01,3.73852E+01,2.77290E+01,3.73852E+01,3.73852E+01,3.73852E+01,3.73852E+01,2.77290E+01,3.73852E+01,3.73852E+01,3.73852E+01,3.73852E+01,2.77290E+01,3.73852E+01,3.73852E+01,3.73852E+01,3.73852E+01,3.73852E+01,3.73852E+01,2.18762E+00,3.73852E+01,3.73852E+01,3.73852E+01,3.73852E+01,3.73852E+01,9.43322E-01,1.43890E+01,3.73852E+01,2.39686E+00,3.73852E+01,3.73852E+01,3.73852E+01,3.73852E+01,3.73852E+01,3.73852E+01,3.73852E+01 
#t = 3.318E+03
3.73852E+01,3.73852E+01,3.73852E+01,3.73852E+01,3.73852E+01,3.73852E+01,3.73852E+01,3.73852E+01,3.73852E+01,3.73852E+01,3.73852E+01,3.73852E+01,3.73852E+01,3.73852E+01,3.73852E+01,3.73852E+01,3.73852E+01,3.73852E+01,3.73852E+01,3.73852E+01,9.70034E+00,3.73852E+01,3.73852E+01,3.73852E+01,3.73852E+01,1.31526E+00,3.73852E+01,1.18956E+01,3.73852E+01,3.73852E+01,3.73852E+01,3.73852E+01,3.73852E+01,3.73852E+01,5.87051E-01,3.73852E+01,8.82054E-01,3.73852E+01,3.73852E+01 
#t = 3.360E+03
3.73852E+01,3.73852E+01,3.73852E+01,3.73852E+01,3.73852E+01,3.73852E+01,3.73852E+01,3.73852E+01,3.73852E+01,3.73852E+01,3.73852E+01,3.73852E+01,3.73852E+01,3.73852E+01,3.73852E+01,3.73852E+01,3.73852E+01,3.73852E+01,3.73852E+01,3.73852E+01,3.73852E+01,3.73852E+01,3.73852E+01,3.73852E+01,3.73852E+01,3.73852E+01,3.73852E+01,3.73852E+01,3.73852E+01,3.73852E+01,3.73852E+01,1.75317E+00,3.73852E+01,3.73852E+01,3.73852E+01,3.73852E+01,3.73852E+01,8.68192E+00,2.23984E+00,3.73852E+01,1.26516E+00 
#t = 3.402E+03
3.73852E+01,3.73852E+01,3.73852E+01,3.73852E+01,3.73852E+01,3.73852E+01,3.73852E+01,3.73852E+01,3.73852E+01,3.30683E+01,3.73852E+01,3.73852E+01,3.73852E+01,3.73852E+01,3.73852E+01,3.73852E+01,3.30683E+01,3.73852E+01,3.73852E+01,3.30683E+01,3.73852E+01,3.73852E+01,9.84704E+00,6.00237E+00,3.73852E+01,1.07068E+00,3.73852E+01,3.30683E+01,1.77354E+00,3.30683E+01,3.73852E+01 
#t = 3.444E+03
3.73852E+01,3.73852E+01,3.73852E+01,3.73852E+01,3.73852E+01,3.73852E+01,3.73852E+01,3.73852E+01,3.73852E+01,3.73852E+01,3.73852E+01,3.73852E+01,3.73852E+01,3.73852E+01,3.73852E+01,3.73852E+01,3.73852E+01,3.73852E+01,3.73852E+01,3.73852E+01,3.73852E+01,3.73852E+01,3.30683E+01,3.73852E+01,3.30683E+01,3.73852E+01,3.73852E+01,3.73852E+01,3.73852E+01,3.73852E+01,3.73852E+01,3.73852E+01,6.75098E+00,3.73852E+01,3.30683E+01,3.73852E+01,3.73852E+01,3.73852E+01,3.30683E+01,3.73852E+01,3.73852E+01,3.30683E+01,6.08824E+00,3.30683E+01,3.73852E+01,3.73852E+01,3.73852E+01,3.73852E+01,3.73852E+01 
#t = 3.486E+03
3.73852E+01,3.73852E+01,3.73852E+01,3.73852E+01,3.73852E+01,3.73852E+01,3.73852E+01,3.73852E+01,3.73852E+01,1.15046E+01,3.73852E+01,3.73852E+01,3.73852E+01,3.73852E+01,3.73852E+01,3.30683E+01,3.30683E+01,3.73852E+01,3.73852E+01,3.73852E+01,3.73852E+01,3.73852E+01,3.73852E+01,3.30683E+01,3.73852E+01,3.73852E+01,3.73852E+01,1.22946E+00,3.73852E+01,1.29945E+00,3.73852E+01,3.73852E+01,3.30683E+01,3.73852E+01,3.73852E+01,3.73852E+01,8.39959E-01,5.55715E-01 
#t = 3.528E+03
3.73852E+01,3.30683E+01,3.73852E+01,3.73852E+01,3.73852E+01,3.73852E+01,3.73852E+01,3.73852E+01,3.73852E+01,3.73852E+01,3.73852E+01,3.73852E+01,3.73852E+01,3.73852E+01,3.73852E+01,3.73852E+01,3.73852E+01,1.62712E+01,3.30683E+01,3.30683E+01,3.73852E+01,3.73852E+01,3.73852E+01,1.08356E+01,3.30683E+01,3.30683E+01,3.73852E+01,1.08356E+01,3.30683E+01,3.73852E+01,3.73852E+01,3.73852E+01,3.73852E+01,3.73852E+01,3.30683E+01,3.73852E+01,3.30683E+01,3.73852E+01,3.73852E+01,7.00921E+00 
#t = 3.570E+03
3.73852E+01,1.08356E+01,3.73852E+01,3.73852E+01,3.73852E+01,3.73852E+01,3.73852E+01,3.73852E+01,3.73852E+01,3.73852E+01,3.73852E+01,1.08356E+01,3.30683E+01,3.73852E+01,3.30683E+01,3.73852E+01,1.08356E+01,3.73852E+01,3.73852E+01,3.73852E+01,3.30683E+01,3.73852E+01,3.73852E+01,3.73852E+01,3.73852E+01,3.73852E+01,3.73852E+01,3.73852E+01,3.73852E+01,3.73852E+01,3.73852E+01,3.73852E+01,3.73852E+01,3.73852E+01,3.73852E+01,3.73852E+01,9.20937E-01,3.73852E+01,3.73852E+01,1.08356E+01,3.73852E+01,3.73852E+01,3.73852E+01,4.65550E+00,3.73852E+01,3.73852E+01,2.29341E+00,3.73852E+01 
#t = 3.612E+03
1.08356E+01,3.73852E+01,3.73852E+01,3.30683E+01,3.73852E+01,3.73852E+01,3.73852E+01,3.73852E+01,3.73852E+01,3.73852E+01,3.73852E+01,3.73852E+01,3.73852E+01,3.30683E+01,1.07997E+01,3.73852E+01,3.73852E+01,3.73852E+01,3.73852E+01,3.73852E+01,3.30683E+01,3.73852E+01,3.73852E+01,3.73852E+01,3.73852E+01,3.73852E+01,3.73852E+01,3.73852E+01,8.04620E+00,3.30683E+01,2.27086E+00,3.73852E+01,3.73852E+01,2.05267E+00,3.30683E+01 
#t = 3.654E+03
1.08356E+01,3.73852E+01,3.73852E+01,3.73852E+01,3.73852E+01,3.73852E+01,3.73852E+01,3.73852E+01,3.73852E+01,3.73852E+01,3.73852E+01,3.73852E+01,3.73852E+01,3.73852E+01,3.73852E+01,3.73852E+01,3.73852E+01,3.73852E+01,3.73852E+01,3.73852E+01,3.73852E+01,3.73852E+01,3.73852E+01,3.73852E+01,3.73852E+01,3.73852E+01,3.73852E+01,3.73852E+01,3.73852E+01,3.73852E+01,1.01160E+00,3.73852E+01,3.73852E+01,3.73852E+01,1.18066E+00,3.73852E+01,3.73852E+01,3.73852E+01,3.73852E+01,3.73852E+01,1.08356E+01,1.08356E+01,5.60479E-01 
#t = 3.696E+03
3.73852E+01,3.73852E+01,3.73852E+01,3.73852E+01,3.73852E+01,3.73852E+01,3.73852E+01,3.73852E+01,3.73852E+01,3.73852E+01,3.73852E+01,3.73852E+01,3.73852E+01,3.73852E+01,3.73852E+01,3.73852E+01,3.73852E+01,3.73852E+01,3.73852E+01,3.73852E+01,3.73852E+01,3.73852E+01,3.73852E+01,3.73852E+01,3.73852E+01,3.73852E+01,3.73852E+01,3.73852E+01,3.73852E+01,3.73852E+01,3.73852E+01,3.73852E+01,3.73852E+01,3.73852E+01,3.73852E+01,3.73852E+01,7.07448E+00 
#t = 3.738E+03
3.73852E+01,3.73852E+01,3.73852E+01,3.73852E+01,3.73852E+01,3.73852E+01,3.73852E+01,3.73852E+01,3.73852E+01,3.73852E+01,3.73852E+01,3.73852E+01,3.73852E+01,3.73852E+01,3.73852E+01,3.73852E+01,3.73852E+01,3.73852E+01,3.73852E+01,3.73852E+01,3.73852E+01,3.73852E+01,3.73852E+01,3.73852E+01,3.73852E+01,3.73852E+01,4.24736E+00,3.73852E+01,3.73852E+01,3.73852E+01,3.73852E+01,3.73852E+01,3.73852E+01,3.73852E+01 
#t = 3.780E+03
3.73852E+01,3.73852E+01,3.73852E+01,3.73852E+01,3.73852E+01,3.73852E+01,3.73852E+01,3.73852E+01,3.73852E+01,3.73852E+01,3.73852E+01,3.73852E+01,3.73852E+01,3.73852E+01,3.73852E+01,3.73852E+01,3.73852E+01,3.73852E+01,3.73852E+01,3.73852E+01,3.73852E+01,3.73852E+01,3.73852E+01,3.73852E+01,5.67025E+00,3.73852E+01,3.73852E+01,3.73852E+01,3.73852E+01,3.73852E+01,3.73852E+01,3.73852E+01,3.73852E+01,3.73852E+01,3.73852E+01,1.72927E+01,3.73852E+01,3.73852E+01,3.15125E+00,3.73852E+01,3.80497E-01 
#t = 3.822E+03
3.73852E+01,3.73852E+01,3.73852E+01,3.73852E+01,3.73852E+01,3.73852E+01,3.73852E+01,1.75684E+01,3.73852E+01,3.73852E+01,3.73852E+01,3.73852E+01,3.73852E+01,3.73852E+01,3.73852E+01,3.73852E+01,3.73852E+01,1.49761E+01,3.73852E+01,3.73852E+01,3.73852E+01,3.73852E+01,3.73852E+01,1.15977E+01,3.73852E+01,3.73852E+01,3.73852E+01,3.73852E+01,3.73852E+01,3.73852E+01,3.73852E+01,3.73852E+01,3.73852E+01,1.33220E+00,3.73852E+01,7.94885E-01,3.73852E+01,1.28603E+01,3.73852E+01,3.73852E+01,3.73852E+01 
#t = 3.864E+03
3.73852E+01,3.73852E+01,3.73852E+01,3.73852E+01,3.73852E+01,3.73852E+01,3.73852E+01,3.73852E+01,3.73852E+01,3.73852E+01,1.22607E+01,3.73852E+01,3.73852E+01,3.73852E+01,3.73852E+01,3.73852E+01,3.73852E+01,3.73852E+01,1.75684E+01,3.73852E+01,3.73852E+01,3.73852E+01,3.73852E+01,3.73852E+01,3.73852E+01,3.73852E+01,3.73852E+01,3.73852E+01,3.73852E+01,3.73852E+01,3.73852E+01,3.73852E+01,6.39505E+00 
#t = 3.906E+03
3.73852E+01,1.22607E+01,2.11067E+01,3.73852E+01,3.73852E+01,1.73475E+01,3.73852E+01,3.37056E+01,3.37056E+01,3.73852E+01,1.22607E+01,3.73852E+01,3.73852E+01,3.73852E+01,3.37056E+01,3.73852E+01,1.22607E+01,3.73852E+01,3.37056E+01,3.37056E+01,3.73852E+01,1.22607E+01,3.73852E+01,3.73852E+01,3.73852E+01,2.11067E+01,3.37056E+01,3.73852E+01,3.73852E+01,3.73852E+01,3.73852E+01,3.73852E+01,3.73852E+01 
#t = 3.948E+03
3.73852E+01,1.22607E+01,1.22607E+01,3.73852E+01,3.73852E+01,3.73852E+01,3.73852E+01,3.73852E+01,1.22607E+01,3.73852E+01,3.73852E+01,3.73852E+01,3.73852E+01,3.73852E+01,3.73852E+01,3.73852E+01,1.22607E+01,3.73852E+01,3.73852E+01,3.73852E+01,3.73852E+01,3.73852E+01,3.73852E+01,3.73852E+01,1.05655E+00,3.73852E+01,1.22607E+01,3.73852E+01,1.22607E+01,3.73852E+01,3.73852E+01,3.73852E+01,2.62870E+00,3.73852E+01,3.73852E+01 
#t = 3.990E+03
3.73852E+01,1.22607E+01,3.73852E+01,1.22607E+01,3.73852E+01,3.73852E+01,3.73852E+01,3.73852E+01,3.73852E+01,1.22607E+01,3.73852E+01,3.73852E+01,1.22607E+01,1.22607E+01,1.22607E+01,3.73852E+01,1.22607E+01,1.22607E+01,1.12667E+01,1.22607E+01,3.73852E+01,1.14662E+01,3.73852E+01,3.73852E+01,3.73852E+01,3.73852E+01,1.22607E+01,3.73852E+01,1.22607E+01,1.22607E+01,1.22607E+01,3.73852E+01 
#t = 4.032E+03
3.73852E+01,1.14662E+01,3.73852E+01,1.14662E+01,3.73852E+01,3.73852E+01,3.73852E+01,1.22607E+01,3.73852E+01,3.73852E+01,3.73852E+01,2.07186E+01,3.71115E+01,1.79487E+01,3.73852E+01,3.73852E+01,1.22607E+01,2.07186E+01,3.73852E+01,3.73852E+01,3.73852E+01,2.07186E+01,1.14662E+01,1.22607E+01,3.73852E+01,3.73852E+01,1.14662E+01,3.73852E+01,3.73852E+01,3.73852E+01,3.73852E+01,3.73852E+01,1.14662E+01,2.07186E+01,2.07186E+01,3.73852E+01,1.22607E+01,3.71115E+01,3.73852E+01,3.73852E+01,3.73852E+01,2.07186E+01,1.22607E+01,3.73852E+01,3.71115E+01,3.73852E+01,2.07186E+01,3.73852E+01,1.22607E+01,3.73852E+01,3.73852E+01,3.71115E+01,3.73852E+01 
#t = 4.074E+03
3.73852E+01,1.22607E+01,3.73852E+01,1.22607E+01,3.71115E+01,3.73852E+01,3.73852E+01,2.07186E+01,3.73852E+01,3.73852E+01,3.73852E+01,1.14662E+01,3.73852E+01,1.06151E+01,3.73852E+01,3.73852E+01,3.73852E+01,1.06937E+01,3.73852E+01,3.73852E+01,3.71115E+01,1.15236E+01,3.73852E+01,3.73852E+01,3.73852E+01,7.17396E-01,3.73852E+01,3.73852E+01,3.73852E+01,1.22607E+01,3.73852E+01,2.07186E+01,3.73852E+01,3.73852E+01,3.73852E+01,3.73852E+01,4.51774E+00,1.22607E+01,3.73852E+01 
#t = 4.116E+03
3.73852E+01,3.73852E+01,3.73852E+01,3.73852E+01,3.73852E+01,3.73852E+01,3.73852E+01,3.73852E+01,3.73852E+01,3.73852E+01,3.73852E+01,3.73852E+01,3.71115E+01,3.73852E+01,1.22607E+01,3.73852E+01,3.73852E+01,3.73852E+01,3.71115E+01,3.73852E+01,1.22607E+01,3.73852E+01,3.73852E+01,1.22607E+01,3.73852E+01,1.22607E+01,3.73852E+01,3.73852E+01,3.73852E+01,3.73852E+01,1.22607E+01,3.73852E+01,3.73852E+01,3.73852E+01,1.22607E+01,3.73852E+01,1.22607E+01,3.73852E+01,3.73852E+01,3.73852E+01,1.28063E+00,3.03256E+00,3.73852E+01 
#t = 4.158E+03
3.73852E+01,3.73852E+01,3.73852E+01,3.73852E+01,3.73852E+01,3.73852E+01,3.73852E+01,3.73852E+01,3.73852E+01,3.73852E+01,3.73852E+01,1.22607E+01,3.73852E+01,3.73852E+01,3.73852E+01,3.73852E+01,3.73852E+01,3.73852E+01,3.73852E+01,3.73852E+01,3.73852E+01,3.73852E+01,2.17504E+00,3.73852E+01,3.73852E+01,3.73852E+01,3.73852E+01,4.78556E+00,3.73852E+01,3.73852E+01,3.73852E+01,3.73852E+01,3.73852E+01,3.73852E+01,3.73852E+01,3.73852E+01,7.99573E-01,3.73852E+01,3.73852E+01,3.73852E+01 
#t = 4.200E+03
3.73852E+01,3.73852E+01,3.73852E+01,3.73852E+01,3.73852E+01,3.73852E+01,3.73852E+01,3.73852E+01,3.73852E+01,3.73852E+01,2.10100E+01,3.73852E+01,3.73852E+01,3.73852E+01,2.10100E+01,3.73852E+01,3.73852E+01,3.73852E+01,3.73852E+01,3.73852E+01,3.73852E+01,2.10100E+01,3.81009E+00,3.73852E+01,3.73852E+01,3.73852E+01,3.73852E+01,3.73852E+01,3.73852E+01,3.73852E+01,2.00469E-01,3.73852E+01,3.73852E+01 
