#t = 0.000E+00
7.98432E-01,2.11090E+01,3.67396E+00,3.84074E+00,1.46698E+00 
#t = 4.200E+01
2.37202E+01,2.13863E+00,1.90090E+00,1.40236E+00 
#t = 8.400E+01
6.23388E+00,1.19828E+00 
#t = 1.260E+02
8.13498E+00,8.60897E+00,5.36784E+00,3.57735E+00,3.32149E-01,9.21414E-01,1.63080E+00,7.43061E+00 
#t = 1.680E+02
1.43530E+00 
#t = 2.100E+02
5.55220E+00,1.47800E+00 
#t = 2.520E+02
1.35139E+01 
#t = 2.940E+02
1.37816E+01,1.37816E+01,4.07955E+00,6.66927E+00,1.86044E+00 
#t = 3.360E+02
2.27569E-01,1.83594E+00,6.93877E+00 
#t = 3.780E+02
1.93161E+00,1.43125E+00 
#t = 4.200E+02
1.08423E+01,2.50073E+00 
#t = 4.620E+02
7.47872E+00,2.40932E+01,7.90591E+00,3.49669E+00,2.50659E+00,3.16592E-01 
#t = 5.040E+02
2.40932E+01,2.40932E+01,2.40932E+01,2.40932E+01,2.40932E+01,2.40932E+01,4.85041E+00,2.40932E+01,2.40932E+01,2.22609E+00,2.40932E+01,2.40932E+01,2.40932E+01,2.40932E+01,1.48501E+00 
#t = 5.460E+02
2.40932E+01,2.40932E+01,2.40932E+01,2.40932E+01,2.40932E+01,2.40932E+01,2.40932E+01,2.40932E+01,2.40932E+01,2.40932E+01,2.40932E+01,2.40932E+01,1.16625E+01,2.40932E+01,2.40932E+01,2.40932E+01,2.40932E+01,2.40932E+01,2.40932E+01,7.72654E+00,2.40932E+01,2.40932E+01,2.40932E+01,2.40932E+01,2.40932E+01,2.40932E+01,1.16625E+01,2.40932E+01,2.40932E+01,2.25091E+00,2.40932E+01 
#t = 5.880E+02
2.40932E+01,2.40932E+01,2.40932E+01,2.40932E+01,2.40932E+01,2.40932E+01,2.40932E+01,2.40932E+01,2.40932E+01,2.40932E+01,2.40932E+01,2.40932E+01,2.40932E+01,2.40932E+01,2.40932E+01,2.40932E+01,2.40932E+01,2.40932E+01,2.40932E+01,2.40932E+01,2.40932E+01,2.40932E+01,1.67125E+00,2.40932E+01,2.40932E+01,2.40932E+01,2.40932E+01,2.40932E+01,2.32681E+00,2.40932E+01 
#t = 6.300E+02
2.40932E+01,2.40932E+01,2.40932E+01,2.40932E+01,2.40932E+01,2.40932E+01,2.40932E+01,2.40932E+01,2.40932E+01,2.40932E+01,2.40932E+01,2.40932E+01,3.46506E+00,7.51009E+00,2.40932E+01 
#t = 6.720E+02
2.40932E+01,2.40932E+01,2.40932E+01,2.40932E+01,2.40932E+01,2.40932E+01,2.40932E+01,2.40932E+01,2.45953E+01,2.45953E+01,2.40932E+01,2.40932E+01,2.40932E+01,2.40932E+01,1.76592E+00,2.20523E+00,2.40932E+01,2.40932E+01,2.40932E+01,2.40932E+01,2.40932E+01,2.40932E+01,2.41083E+00,2.38485E+00 
#t = 7.140E+02
2.40932E+01,2.40932E+01,2.45953E+01,2.40932E+01,2.40932E+01,2.40932E+01,2.40932E+01,2.40932E+01,1.15039E+01,2.40932E+01,2.40932E+01,2.40932E+01,6.65830E+00,2.40932E+01,2.40932E+01,2.40932E+01,2.40932E+01,2.40932E+01,2.40932E+01,2.40932E+01,1.15039E+01,2.40932E+01,2.40932E+01 
#t = 7.560E+02
2.40932E+01,2.40932E+01,2.40932E+01,2.40932E+01,2.40932E+01,2.40932E+01,2.40932E+01,2.40932E+01,2.40932E+01,2.40932E+01,2.40932E+01,2.40932E+01,2.40932E+01,2.40932E+01,2.40932E+01,2.40932E+01,7.32925E-01,2.40932E+01,2.40932E+01,1.00561E+00,9.81064E-01,5.33138E-01,2.40932E+01 
#t = 7.980E+02
2.40932E+01,2.63771E+01,2.40932E+01,2.63771E+01,2.40932E+01,2.40932E+01,2.40932E+01,1.07457E+01,2.63771E+01,2.40932E+01,2.63771E+01,2.40932E+01,2.63771E+01,2.63771E+01,2.63771E+01,2.63771E+01,2.40932E+01,1.46674E+00,2.63771E+01,2.40932E+01,2.63771E+01,2.63771E+01,2.40932E+01,2.40932E+01,2.40932E+01,1.83056E+01,2.63771E+01,2.63771E+01,2.10583E+00,3.26128E+00,2.63771E+01 
#t = 8.400E+02
2.63771E+01,2.40932E+01,2.40932E+01,2.63771E+01,2.63771E+01,2.63771E+01,2.63771E+01,2.63771E+01,2.40932E+01,2.63771E+01,2.63771E+01,2.40932E+01,2.40932E+01,2.40932E+01,2.63771E+01,2.40932E+01,2.63771E+01,2.63771E+01,2.63771E+01,2.63771E+01,2.63771E+01,4.25973E+00,2.40932E+01,5.72114E-01,2.40932E+01 
#t = 8.820E+02
2.63771E+01,2.63771E+01,2.40932E+01,2.63771E+01,2.63771E+01,2.40932E+01,2.63771E+01,2.63771E+01,2.63771E+01,2.63771E+01,2.63771E+01,2.63771E+01,2.63771E+01,2.63771E+01,2.63771E+01,2.40932E+01,5.94945E+00,2.63771E+01,2.63771E+01,2.63771E+01,3.40348E+00,2.63771E+01,2.63771E+01,2.63771E+01,8.47800E-01 
#t = 9.240E+02
2.63771E+01,2.40932E+01,2.63771E+01,2.63771E+01,2.40932E+01,2.63771E+01,2.63771E+01,2.63771E+01,2.63771E+01,2.63771E+01,2.63771E+01,2.40932E+01,2.63771E+01,2.63771E+01,2.63771E+01,2.40932E+01,2.40932E+01,2.63771E+01,2.63771E+01,2.63771E+01,2.63771E+01,2.63771E+01,2.63771E+01,2.40932E+01,1.62281E+01,1.87699E+00,2.40932E+01,2.63771E+01 
#t = 9.660E+02
2.40932E+01,2.63771E+01,2.63771E+01,2.40932E+01,1.40768E+01,2.63771E+01,2.63771E+01,2.63771E+01,2.40932E+01,2.63771E+01,2.63771E+01,2.40932E+01,2.40932E+01,2.40932E+01,1.62281E+01,2.63771E+01,2.63771E+01,2.63771E+01,2.63771E+01,7.22294E+00,2.63771E+01,2.63771E+01,2.63771E+01,2.40932E+01,2.40932E+01,2.63771E+01 
#t = 1.008E+03
1.40768E+01,2.63771E+01,2.40932E+01,2.63771E+01,2.40932E+01,2.63771E+01,1.40768E+01,2.40932E+01,2.63771E+01,2.40932E+01,2.40932E+01,2.40932E+01,2.40932E+01,1.26913E+01,2.63771E+01,2.40932E+01,1.40768E+01,2.40932E+01,2.63771E+01,2.40932E+01,2.63771E+01,2.40932E+01,2.40932E+01,7.42916E-01,2.63771E+01,2.40932E+01,1.40600E+00,2.63771E+01,2.40932E+01,2.40932E+01,2.40932E+01,2.40932E+01,2.40932E+01,4.53661E-01,2.40932E+01 
#t = 1.050E+03
1.40768E+01,1.40768E+01,2.40932E+01,2.40932E+01,2.40932E+01,1.40768E+01,1.26913E+01,2.40932E+01,2.63771E+01,2.40932E+01,2.63771E+01,2.63771E+01,1.40768E+01,2.63771E+01,2.40932E+01,1.40768E+01,7.34520E+00,2.63771E+01,2.63771E+01,2.40932E+01,1.40768E+01,1.40768E+01 
#t = 1.092E+03
1.26913E+01,2.40932E+01,2.63771E+01,1.40768E+01,1.40768E+01,2.63771E+01,2.40932E+01,2.63771E+01,2.63771E+01,2.63771E+01,1.40768E+01,2.63771E+01,1.40768E+01,2.40932E+01,2.63771E+01,2.40932E+01,2.40932E+01,1.40768E+01,9.22090E-01,2.40932E+01,8.30740E-01,1.40768E+01,2.40932E+01 
#t = 1.134E+03
1.26913E+01,2.40932E+01,2.40932E+01,1.40768E+01,2.40932E+01,2.40932E+01,2.63771E+01,2.40932E+01,2.63771E+01,1.26913E+01,2.40932E+01,2.63771E+01,1.26913E+01,2.40932E+01,2.63771E+01,6.80136E-01,2.40932E+01,2.40932E+01,2.40932E+01,4.67929E+00,2.63771E+01,2.40932E+01,5.91081E+00,2.40932E+01,2.56167E+00 
#t = 1.176E+03
2.40932E+01,1.26913E+01,2.40932E+01,2.40932E+01,2.63771E+01,2.63771E+01,2.63771E+01,2.63771E+01,2.40932E+01,2.40932E+01,2.63771E+01,2.63771E+01,2.40932E+01,2.40932E+01,2.40932E+01,2.40932E+01,2.40932E+01,2.40932E+01,2.40932E+01,2.40932E+01,2.40932E+01,2.71680E+00,1.08180E+00,2.63771E+01,2.63771E+01,2.63771E+01,2.40932E+01 
#t = 1.218E+03
1.26913E+01,2.40932E+01,2.40932E+01,2.63771E+01,2.40932E+01,2.63771E+01,2.40932E+01,2.63771E+01,2.63771E+01,2.63771E+01,2.40932E+01,2.63771E+01,2.40932E+01,2.40932E+01,2.63771E+01,2.63771E+01,2.63771E+01,2.40932E+01,2.63771E+01,2.40932E+01,2.63771E+01,2.63771E+01,2.40932E+01,4.12613E-01,3.78000E+00,2.63771E+01,2.63771E+01,8.18759E+00,2.40932E+01,3.01481E+00,2.63771E+01 
#t = 1.260E+03
2.40932E+01,8.18759E+00,2.63771E+01,2.63771E+01,2.63771E+01,8.85893E+00,2.63771E+01,2.63771E+01,2.63771E+01,2.63771E+01,2.63771E+01,2.63771E+01,2.63771E+01,2.63771E+01,2.40932E+01,2.40932E+01,6.44157E+00,2.63771E+01,2.63771E+01,2.40932E+01,2.68833E+00,4.19092E+00,2.63771E+01,2.63771E+01,1.77854E+00,2.67278E+00 
#t = 1.302E+03
2.63771E+01,2.63771E+01,2.63771E+01,2.63771E+01,2.63771E+01,2.63771E+01,1.77614E+01,2.63771E+01,2.63771E+01,2.63771E+01,5.65923E+00,2.63771E+01,2.63771E+01,1.77614E+01,2.63771E+01,2.63771E+01,1.11830E+01,2.63771E+01,2.63771E+01,2.63771E+01,2.63771E+01,2.06617E+00,2.63771E+01,2.63771E+01,2.63771E+01,2.63771E+01,2.63771E+01,2.63771E+01,2.63771E+01,2.63771E+01,2.63771E+01 
#t = 1.344E+03
2.63771E+01,2.63771E+01,2.63771E+01,2.63771E+01,2.63771E+01,2.63771E+01,2.63771E+01,2.63771E+01,2.63771E+01,2.63771E+01,2.63771E+01,2.63771E+01,1.75685E+01,1.81897E+01,2.63771E+01,2.63771E+01,2.63771E+01,2.63771E+01,2.63771E+01,2.63771E+01,2.63771E+01,1.75685E+01,2.63771E+01,2.63771E+01,2.63771E+01,2.63771E+01,2.63771E+01 
#t = 1.386E+03
2.63771E+01,2.63771E+01,2.63771E+01,2.63771E+01,2.63771E+01,2.63771E+01,2.63771E+01,2.63771E+01,2.63771E+01,2.63771E+01,2.63771E+01,2.63771E+01,2.63771E+01,2.63771E+01,2.63771E+01,2.63771E+01,2.63771E+01,2.63771E+01,5.40400E+00,4.05742E-01,2.63771E+01,2.63771E+01,2.63771E+01,1.41242E+00,2.63771E+01 
#t = 1.428E+03
2.63771E+01,2.63771E+01,2.63771E+01,2.63771E+01,3.21050E+01,2.63771E+01,2.63771E+01,2.63771E+01,2.63771E+01,2.63771E+01,2.63771E+01,2.63771E+01,2.63771E+01,2.63771E+01,2.63771E+01,3.98599E+00,2.63771E+01,1.15027E+01,2.63771E+01,3.21050E+01,2.63771E+01,2.63771E+01,2.63771E+01,2.63771E+01,2.63771E+01,3.21050E+01,1.15027E+01,2.63771E+01,2.63771E+01,1.34283E-01,2.63771E+01 
#t = 1.470E+03
2.63771E+01,2.63771E+01,2.63771E+01,2.63771E+01,2.63771E+01,2.63771E+01,2.63771E+01,3.21050E+01,2.63771E+01,2.63771E+01,2.63771E+01,2.63771E+01,2.63771E+01,2.63771E+01,2.63771E+01,2.63771E+01,2.63771E+01,2.63771E+01,3.21050E+01,2.63771E+01,3.21050E+01,3.21050E+01,2.63771E+01,3.21050E+01,2.63771E+01,2.63771E+01,2.63771E+01,2.63771E+01,2.63771E+01,2.63771E+01,2.63771E+01,2.63771E+01,2.63771E+01,2.63771E+01,1.16914E+00,3.21050E+01,1.26708E+00,1.82702E+00,2.63771E+01,2.30764E+00 
#t = 1.512E+03
2.63771E+01,3.21050E+01,2.63771E+01,2.63771E+01,2.63771E+01,3.21050E+01,2.63771E+01,3.21050E+01,2.63771E+01,2.63771E+01,3.21050E+01,3.21050E+01,2.63771E+01,2.63771E+01,2.63771E+01,3.21050E+01,3.21050E+01,2.63771E+01,2.63771E+01,2.63771E+01,2.63771E+01,2.63771E+01,2.63771E+01,1.90920E+01,2.63771E+01,3.97215E+00,2.63771E+01,2.24724E+00,3.21050E+01,2.63771E+01,3.21050E+01,2.63771E+01,3.74221E+00,2.63771E+01,1.07526E+00 
#t = 1.554E+03
2.63771E+01,2.63771E+01,2.63771E+01,3.21050E+01,3.21050E+01,2.63771E+01,2.63771E+01,2.63771E+01,3.21050E+01,3.21050E+01,2.63771E+01,3.21050E+01,2.63771E+01,3.21050E+01,2.63771E+01,2.63771E+01,2.63771E+01,2.63771E+01,3.21050E+01,2.63771E+01,3.21050E+01,4.70006E+00,2.63771E+01,3.21050E+01,3.21050E+01,2.61314E+00 
#t = 1.596E+03
3.21050E+01,2.63771E+01,2.63771E+01,3.21050E+01,2.63771E+01,2.63771E+01,2.63771E+01,1.38738E+01,3.21050E+01,2.63771E+01,2.63771E+01,2.63771E+01,3.21050E+01,2.63771E+01,2.63771E+01,1.16104E+01,2.63771E+01,2.63771E+01,6.31522E+00,2.63771E+01,3.21050E+01,2.63771E+01,1.16104E+01,2.63771E+01,3.89809E+00,3.02200E-01,2.63771E+01,2.63771E+01,2.63771E+01,2.63771E+01,6.29840E-01,2.99172E-01,6.95132E-01 
#t = 1.638E+03
2.63771E+01,2.63771E+01,2.63771E+01,3.21050E+01,2.63771E+01,3.21050E+01,3.21050E+01,2.63771E+01,3.21050E+01,2.63771E+01,3.21050E+01,2.63771E+01,3.21050E+01,2.63771E+01,3.21050E+01,2.63771E+01,2.63771E+01,2.63771E+01,3.21050E+01,3.21050E+01,2.63771E+01,6.81622E+00 
#t = 1.680E+03
2.63771E+01,1.32507E+01,2.63771E+01,2.63771E+01,2.63771E+01,3.21050E+01,3.21050E+01,3.21050E+01,2.63771E+01,3.21050E+01,2.63771E+01,3.21050E+01,3.21050E+01,2.63771E+01,3.21050E+01,3.21050E+01,3.21050E+01,2.63771E+01,2.63771E+01,3.21050E+01,2.76853E+00,3.21050E+01,3.21050E+01,4.77026E+00,2.63771E+01,2.63771E+01,2.63771E+01,3.21050E+01 
#t = 1.722E+03
3.21050E+01,3.21050E+01,3.21050E+01,3.21050E+01,1.32507E+01,3.21050E+01,3.21050E+01,3.21050E+01,3.21050E+01,3.21050E+01,3.21050E+01,3.21050E+01,3.21050E+01,1.41329E+01,3.21050E+01,3.21050E+01,1.32507E+01,3.21050E+01,1.32507E+01,3.21050E+01,3.21050E+01,3.21050E+01,3.21050E+01,2.75622E+01,3.21050E+01,3.21050E+01,3.21050E+01,3.21050E+01 
#t = 1.764E+03
3.21050E+01,3.21050E+01,3.21050E+01,2.75622E+01,3.21050E+01,3.21050E+01,3.21050E+01,5.61147E+00,3.21050E+01,3.21050E+01,3.21050E+01,3.21050E+01,3.21050E+01,2.75622E+01,1.32507E+01,3.21050E+01,1.32507E+01,3.21050E+01,3.21050E+01,3.21050E+01,3.21050E+01,3.21050E+01,3.21050E+01,3.21050E+01,3.21050E+01,3.21050E+01,3.21050E+01,2.75622E+01,3.04626E+00,3.21050E+01,2.75622E+01,3.21050E+01,5.61532E-01,3.21050E+01,3.21050E+01,3.21050E+01,3.21050E+01,3.21050E+01,3.21050E+01,3.21050E+01,2.75622E+01,3.67921E-01,2.75622E+01,3.21050E+01,3.21050E+01,1.32507E+01,3.21050E+01,3.91727E+00,3.21050E+01,1.32507E+01,1.59288E+00,3.21050E+01 
#t = 1.806E+03
3.21050E+01,1.10543E+01,1.32507E+01,3.21050E+01,3.21050E+01,3.21050E+01,3.21050E+01,3.21050E+01,3.21050E+01,3.21050E+01,2.75622E+01,3.21050E+01,3.21050E+01,2.75622E+01,3.21050E+01,3.21050E+01,2.75622E+01,1.10543E+01,3.21050E+01,2.75622E+01,1.10543E+01,3.21050E+01,1.75477E+01,2.75622E+01,3.21050E+01,2.75622E+01,3.21050E+01 
#t = 1.848E+03
3.21050E+01,3.21050E+01,3.21050E+01,3.21050E+01,3.21050E+01,3.21050E+01,3.21050E+01,2.75622E+01,3.21050E+01,2.75622E+01,7.40627E+00,2.75622E+01,3.21050E+01,3.21050E+01,3.21050E+01,3.21050E+01,2.75622E+01,3.21050E+01,3.21050E+01,3.21050E+01,1.24355E+01,3.21050E+01,1.24355E+01,2.75622E+01,3.21050E+01,1.24355E+01,3.21050E+01,3.21050E+01,3.21050E+01,2.75622E+01,3.21050E+01,3.21050E+01 
#t = 1.890E+03
3.21050E+01,3.21050E+01,3.21050E+01,3.21050E+01,2.75622E+01,3.21050E+01,3.21050E+01,3.21050E+01,3.21050E+01,3.21050E+01,3.21050E+01,3.21050E+01,3.21050E+01,3.21050E+01,2.75622E+01,3.21050E+01,3.21050E+01,3.21050E+01,7.41658E-01,3.21050E+01,3.21050E+01,3.21050E+01,3.21050E+01,3.21050E+01,3.21050E+01,8.04876E-01,3.21050E+01,3.21050E+01,3.21050E+01 
#t = 1.932E+03
3.21050E+01,3.21050E+01,3.21050E+01,3.21050E+01,3.21050E+01,3.21050E+01,3.21050E+01,2.75622E+01,3.21050E+01,3.21050E+01,3.21050E+01,3.21050E+01,3.21050E+01,3.21050E+01,1.23495E+01,3.21050E+01,3.21050E+01,3.21050E+01,3.21050E+01,5.24001E+00,3.21050E+01,3.21050E+01,3.21050E+01,3.21050E+01,3.21050E+01,2.75622E+01,7.53030E+00,3.21050E+01,3.21050E+01,3.21050E+01,1.06035E+01,3.21050E+01,3.21050E+01,3.21050E+01,3.21050E+01,3.21050E+01,3.21050E+01 
#t = 1.974E+03
3.21050E+01,3.21050E+01,3.21050E+01,3.21050E+01,3.21050E+01,3.21050E+01,3.21050E+01,3.21050E+01,3.21050E+01,3.21050E+01,3.21050E+01,3.21050E+01,3.21050E+01,3.21050E+01,3.21050E+01,3.21050E+01,3.21050E+01,3.21050E+01,3.21050E+01,2.48226E+01,7.79501E+00,3.21050E+01,9.38010E+00,3.21050E+01,3.21050E+01,3.21050E+01,3.21050E+01,3.21050E+01,3.21050E+01,3.21050E+01,3.21050E+01,3.21050E+01,3.21050E+01,3.21050E+01,3.21050E+01,3.95568E+00 
#t = 2.016E+03
3.21050E+01,3.21050E+01,3.21050E+01,3.21050E+01,3.21050E+01,3.21050E+01,3.21050E+01,3.21050E+01,3.21050E+01,3.21050E+01,3.21050E+01,3.21050E+01,3.21050E+01,3.21050E+01,3.21050E+01,3.21050E+01,3.21050E+01,3.21050E+01,3.21050E+01,3.21050E+01,3.21050E+01,3.21050E+01,3.21050E+01,3.21050E+01,3.21050E+01,3.21050E+01,3.21050E+01,3.21050E+01,3.21050E+01,3.21050E+01,3.21050E+01,3.21050E+01,7.08572E+00,3.21050E+01 
#t = 2.058E+03
3.21050E+01,3.21050E+01,3.21050E+01,3.21050E+01,3.21050E+01,3.21050E+01,3.21050E+01,3.21050E+01,3.21050E+01,3.21050E+01,3.21050E+01,3.21050E+01,2.99176E+00,3.21050E+01,6.30991E-01,3.21050E+01,3.58021E+00,3.21050E+01,8.00264E+00,3.21050E+01 
#t = 2.100E+03
3.21050E+01,3.21050E+01,3.21050E+01,3.21050E+01,3.21050E+01,3.21050E+01,3.21050E+01,3.21050E+01,3.21050E+01,3.21050E+01,3.21050E+01,3.21050E+01,3.21050E+01,3.21050E+01,3.21050E+01,3.21050E+01,3.21050E+01,3.21050E+01,3.21050E+01,3.21050E+01,2.12941E+00,3.21050E+01,3.21050E+01,3.21050E+01,3.21050E+01,3.21050E+01,3.21050E+01,3.21050E+01,3.21050E+01,3.21050E+01,3.21050E+01,2.41015E+00,3.21050E+01,3.21050E+01 
#t = 2.142E+03
3.21050E+01,3.21050E+01,3.21050E+01,3.21050E+01,3.21050E+01,3.21050E+01,3.21050E+01,3.21050E+01,3.21050E+01,3.21050E+01,3.21050E+01,3.21050E+01,3.21050E+01,3.21050E+01,3.21050E+01,3.21050E+01,3.21050E+01,3.21050E+01,3.21050E+01,3.21050E+01,3.21050E+01,3.21050E+01,3.21050E+01,3.21050E+01,3.21050E+01,3.21050E+01,3.21050E+01,3.21050E+01,3.21050E+01,3.21050E+01,3.21050E+01,3.21050E+01,3.21050E+01,3.21050E+01,3.21050E+01,3.21050E+01,3.21050E+01,3.21050E+01,3.21050E+01,3.21050E+01,3.21050E+01,3.21050E+01,5.36396E+00,3.21050E+01,9.59169E-01 
#t = 2.184E+03
3.21050E+01,3.21050E+01,3.21050E+01,3.21050E+01,3.21050E+01,3.21050E+01,3.21050E+01,3.21050E+01,3.21050E+01,3.21050E+01,8.95882E+00,3.21050E+01,3.21050E+01,3.21050E+01,3.21050E+01,3.21050E+01,3.21050E+01,1.20743E+01,3.21050E+01,3.21050E+01,3.21050E+01 
#t = 2.226E+03
3.21050E+01,3.21050E+01,3.21050E+01,3.21050E+01,3.21050E+01,3.21050E+01,3.21050E+01,3.21050E+01,2.99453E+00,3.21050E+01,3.21050E+01,3.21050E+01,3.21050E+01,3.21050E+01,1.28350E+00,3.21050E+01 
#t = 2.268E+03
3.21050E+01,3.21050E+01,3.21050E+01,3.21050E+01,3.21050E+01,3.21050E+01,3.21050E+01,3.21050E+01,3.21050E+01,3.21050E+01,3.21050E+01,3.21050E+01,3.21050E+01,3.21050E+01,3.21050E+01,3.21050E+01,8.68476E+00,3.21050E+01,5.27669E+00,3.21050E+01,6.90467E-01,3.21050E+01 
#t = 2.310E+03
3.21050E+01,3.21050E+01,3.21050E+01,3.21050E+01,3.21050E+01,3.21050E+01,3.21050E+01,3.21050E+01,3.21050E+01,3.21050E+01,3.21050E+01,3.21050E+01,3.21050E+01,3.21050E+01,3.21050E+01,3.21050E+01,3.21050E+01,3.21050E+01,3.21050E+01,3.21050E+01,3.21050E+01,3.21050E+01,3.21050E+01,3.21050E+01,7.58329E+00,3.21050E+01,3.21050E+01,3.21050E+01,3.21050E+01,3.21050E+01,3.21050E+01,3.21050E+01,3.21050E+01,3.21050E+01,3.21050E+01,3.21050E+01,3.21050E+01,3.21050E+01,3.21050E+01 
#t = 2.352E+03
3.21050E+01,3.21050E+01,3.21050E+01,3.21050E+01,3.21050E+01,8.59130E+00,3.21050E+01,3.21050E+01,3.21050E+01,3.21050E+01,3.21050E+01,3.21050E+01,3.21050E+01,3.21050E+01,3.21050E+01,3.21050E+01,3.21050E+01,3.21050E+01,3.21050E+01,3.21050E+01,3.21050E+01,3.21050E+01,3.21050E+01,3.21050E+01,3.21050E+01,3.21050E+01,3.21050E+01,3.21050E+01,3.21050E+01,3.21050E+01,3.21050E+01,3.21050E+01,3.21050E+01,9.23032E-01,3.21050E+01,3.21050E+01,4.63318E+00,6.83459E-01,3.21050E+01 
#t = 2.394E+03
3.21050E+01,3.21050E+01,3.21050E+01,1.16058E+01,3.21050E+01,3.21050E+01,3.21050E+01,3.21050E+01,3.21050E+01,3.21050E+01,3.21050E+01,3.21050E+01,3.21050E+01,3.21050E+01,3.21050E+01,3.21050E+01,3.21050E+01,3.21050E+01,3.21050E+01,3.21050E+01,3.21050E+01,3.21050E+01,3.21050E+01,3.21050E+01,3.21050E+01,3.21050E+01,3.21050E+01,3.21050E+01,3.21050E+01,3.21050E+01,3.21050E+01,3.21050E+01,3.21050E+01,3.21050E+01,3.21050E+01,3.21050E+01 
#t = 2.436E+03
1.16058E+01,3.21050E+01,3.21050E+01,3.21050E+01,3.21050E+01,3.21050E+01,3.21050E+01,3.21050E+01,3.21050E+01,3.21050E+01,3.21050E+01,3.21050E+01,3.21050E+01,3.21050E+01,3.21050E+01,1.13485E+01,3.21050E+01,3.21050E+01,3.21050E+01,3.21050E+01,1.12999E+01,1.12999E+01,7.73858E+00,3.21050E+01,3.21050E+01,3.21050E+01,3.21050E+01,1.07634E+00,3.21050E+01,3.21050E+01,2.74382E+00 
#t = 2.478E+03
3.21050E+01,3.21050E+01,3.21050E+01,3.21050E+01,3.21050E+01,3.21050E+01,1.12471E+01,1.12471E+01,1.13485E+01,3.21050E+01,3.21050E+01,3.21050E+01,3.21050E+01,3.21050E+01,3.21050E+01,3.21050E+01,3.21050E+01,3.21050E+01,3.21050E+01,3.21050E+01,1.13485E+01,3.21050E+01,3.21050E+01,3.21050E+01,3.21050E+01,3.21050E+01,3.21050E+01,3.21050E+01,3.21050E+01,3.21050E+01,3.21050E+01,3.21050E+01,2.60967E+00,1.12471E+01,3.21050E+01,3.21050E+01,2.87636E+00,3.21050E+01,3.21050E+01,3.21050E+01 
#t = 2.520E+03
3.21050E+01,1.13485E+01,3.21050E+01,3.21050E+01,3.21050E+01,3.21050E+01,3.21050E+01,3.21050E+01,3.21050E+01,3.21050E+01,3.21050E+01,1.93684E+01,3.21050E+01,3.21050E+01,3.21050E+01,1.12471E+01,3.21050E+01,1.12471E+01,9.53445E-01,3.21050E+01,3.21050E+01,3.21050E+01,3.21050E+01,3.21050E+01,3.21050E+01,3.21050E+01,1.93684E+01,5.14047E+00,1.93684E+01,3.21050E+01,3.21050E+01,3.21050E+01,3.21050E+01,3.21050E+01 
#t = 2.562E+03
3.21050E+01,3.21050E+01,3.21050E+01,1.54566E+01,3.21050E+01,3.21050E+01,3.21050E+01,3.21050E+01,3.21050E+01,7.61855E+01,3.21050E+01,3.21050E+01,7.61855E+01,3.21050E+01,3.21050E+01,3.21050E+01,3.21050E+01,7.61855E+01,3.21050E+01,3.21050E+01,7.61855E+01,3.21050E+01,3.21050E+01,3.21050E+01,3.21050E+01,3.21050E+01,3.21050E+01,3.21050E+01,3.21050E+01,7.61855E+01,3.21050E+01,3.21050E+01,5.29973E+00,4.27446E-01,3.21050E+01,3.21050E+01,3.21050E+01,3.21050E+01,7.61855E+01 
#t = 2.604E+03
3.21050E+01,3.21050E+01,3.21050E+01,7.61855E+01,3.21050E+01,3.21050E+01,3.21050E+01,7.61855E+01,3.21050E+01,3.21050E+01,3.21050E+01,3.21050E+01,3.21050E+01,7.61855E+01,7.61855E+01,3.21050E+01,7.61855E+01,3.21050E+01,3.21050E+01,7.61855E+01,7.61855E+01,3.21050E+01,3.21050E+01,3.21050E+01,7.61855E+01,7.61855E+01,3.21050E+01,3.21050E+01,7.61855E+01,3.21050E+01,3.21050E+01,7.61855E+01,3.21050E+01,3.21050E+01 
#t = 2.646E+03
3.21050E+01,7.61855E+01,3.21050E+01,7.61855E+01,3.21050E+01,7.61855E+01,3.21050E+01,7.61855E+01,7.61855E+01,7.61855E+01,7.61855E+01,3.21050E+01,3.21050E+01,3.21050E+01,3.21050E+01,7.61855E+01,3.21050E+01,3.21050E+01,7.61855E+01,7.61855E+01,7.61855E+01,7.61855E+01,3.21050E+01,7.61855E+01,3.21050E+01,3.21050E+01,3.21050E+01,3.21050E+01,7.61855E+01,7.61855E+01,7.61855E+01,7.61855E+01,7.06153E-01 
#t = 2.688E+03
7.61855E+01,3.21050E+01,3.21050E+01,3.21050E+01,3.21050E+01,7.61855E+01,7.61855E+01,3.21050E+01,7.61855E+01,3.21050E+01,7.61855E+01,7.61855E+01,3.21050E+01,3.21050E+01,7.61855E+01,7.61855E+01,7.61855E+01,7.61855E+01,3.21050E+01,7.61855E+01,7.61855E+01,7.61855E+01,7.61855E+01,7.61855E+01,7.61855E+01,3.21050E+01,7.61855E+01,7.61855E+01,7.61855E+01,7.61855E+01,3.21050E+01,7.61855E+01,7.61855E+01,7.48854E+00,7.61855E+01,3.21050E+01,8.86621E-01,7.61855E+01,7.61855E+01,7.61855E+01,3.21050E+01 
#t = 2.730E+03
3.21050E+01,7.61855E+01,3.21050E+01,7.61855E+01,7.61855E+01,7.61855E+01,7.61855E+01,3.21050E+01,1.58959E+01,7.61855E+01,3.21050E+01,7.61855E+01,7.61855E+01,3.21050E+01,7.61855E+01,7.61855E+01,7.61855E+01,3.21050E+01,7.61855E+01,7.61855E+01,3.21050E+01,1.58959E+01,7.61855E+01,7.61855E+01,7.61855E+01,1.05434E+00,7.61855E+01,7.61855E+01,7.61855E+01,7.61855E+01,7.61855E+01,7.61855E+01,7.61855E+01,3.21050E+01,7.61855E+01,3.21050E+01,3.21050E+01,7.61855E+01 
#t = 2.772E+03
7.61855E+01,7.61855E+01,7.61855E+01,7.61855E+01,7.61855E+01,7.61855E+01,7.61855E+01,7.61855E+01,7.61855E+01,7.61855E+01,7.61855E+01,3.21050E+01,3.21050E+01,7.61855E+01,3.21050E+01,7.61855E+01,7.61855E+01,3.21050E+01,7.61855E+01,3.21050E+01,7.61855E+01,7.61855E+01,7.61855E+01,7.61855E+01,7.61855E+01,7.61855E+01,3.21050E+01,7.61855E+01,7.61855E+01,7.61855E+01,3.21050E+01,3.21050E+01,7.61855E+01,7.61855E+01,4.06375E+00,7.61855E+01,7.61855E+01,7.61855E+01,7.61855E+01,7.61855E+01,7.61855E+01,7.61855E+01 
#t = 2.814E+03
7.61855E+01,7.61855E+01,7.61855E+01,7.61855E+01,1.11644E+01,7.61855E+01,7.61855E+01,7.61855E+01,3.21050E+01,7.61855E+01,7.61855E+01,7.61855E+01,7.61855E+01,7.61855E+01,7.61855E+01,7.61855E+01,7.61855E+01,7.61855E+01,7.61855E+01,7.61855E+01,7.61855E+01,7.61855E+01,7.61855E+01,7.28752E+00,7.61855E+01,7.61855E+01,7.61855E+01,2.01796E+00,7.61855E+01,7.61855E+01,7.61855E+01,7.61855E+01,7.61855E+01,7.61855E+01,2.97126E+00,7.61855E+01,7.61855E+01,7.61855E+01,7.61855E+01,7.61855E+01,7.61855E+01,2.44118E+00,7.61855E+01 
#t = 2.856E+03
7.61855E+01,7.61855E+01,7.61855E+01,7.61855E+01,7.61855E+01,7.61855E+01,7.61855E+01,7.61855E+01,7.61855E+01,7.61855E+01,7.61855E+01,7.61855E+01,7.61855E+01,7.61855E+01,3.41456E+01,7.61855E+01,7.61855E+01,7.61855E+01,7.61855E+01,7.61855E+01,7.61855E+01,7.61855E+01,7.61855E+01,7.61855E+01,7.61855E+01,7.61855E+01,7.61855E+01,7.61855E+01,7.61855E+01,1.11644E+01,7.61855E+01,7.61855E+01,7.61855E+01,3.41456E+01,2.72828E-01,1.11644E+01,3.41456E+01,7.61855E+01,7.61855E+01,2.27756E+00,7.61855E+01,7.61855E+01,7.61855E+01,2.60358E+00,1.41098E+00 
#t = 2.898E+03
7.61855E+01,7.61855E+01,7.61855E+01,7.61855E+01,7.61855E+01,3.41456E+01,7.61855E+01,7.61855E+01,7.61855E+01,7.74681E+00,7.61855E+01,7.61855E+01,7.61855E+01,7.61855E+01,7.61855E+01,7.61855E+01,7.61855E+01,7.61855E+01,3.41456E+01,7.61855E+01,7.61855E+01,7.61855E+01,7.61855E+01,5.62748E+00,3.41456E+01,7.61855E+01,7.61855E+01,7.61855E+01,7.61855E+01,7.61855E+01,1.74923E+00,7.61855E+01,7.61855E+01,7.61855E+01,7.61855E+01,7.61855E+01,7.61855E+01,7.61855E+01,7.61855E+01,7.61855E+01,7.97790E+00,7.61855E+01,7.61855E+01,7.61855E+01 
#t = 2.940E+03
3.41456E+01,3.41456E+01,7.61855E+01,7.61855E+01,7.61855E+01,7.61855E+01,7.61855E+01,3.41456E+01,7.61855E+01,7.61855E+01,7.61855E+01,7.61855E+01,7.61855E+01,7.61855E+01,7.61855E+01,7.61855E+01,7.61855E+01,7.61855E+01,7.61855E+01,7.61855E+01,7.61855E+01,1.12933E+01,7.61855E+01,7.61855E+01,7.61855E+01,7.61855E+01,7.61855E+01,7.61855E+01,7.61855E+01,4.80937E+00,7.61855E+01,7.61855E+01,7.61855E+01,7.61855E+01,3.41456E+01,7.61855E+01,7.61855E+01,7.61855E+01,3.41456E+01,3.41456E+01,1.72399E+00,7.61855E+01 
#t = 2.982E+03
7.61855E+01,7.61855E+01,7.61855E+01,7.61855E+01,3.41456E+01,7.61855E+01,7.61855E+01,7.61855E+01,7.61855E+01,7.61855E+01,3.41456E+01,7.61855E+01,7.61855E+01,7.61855E+01,7.61855E+01,7.61855E+01,7.61855E+01,7.61855E+01,7.61855E+01,7.61855E+01,7.61855E+01,7.61855E+01,7.61855E+01,3.41456E+01,7.61855E+01,7.61855E+01,7.61855E+01,7.61855E+01,7.61855E+01,7.61855E+01,7.61855E+01,3.41456E+01,7.61855E+01,7.61855E+01,7.61855E+01,7.61855E+01,7.61855E+01,7.61855E+01,7.61855E+01,7.61855E+01,7.61855E+01,1.75284E+00,7.61855E+01,3.95947E+00,7.61855E+01,7.61855E+01 
#t = 3.024E+03
7.61855E+01,7.61855E+01,7.61855E+01,7.61855E+01,7.61855E+01,7.61855E+01,7.61855E+01,7.61855E+01,7.61855E+01,7.61855E+01,7.61855E+01,7.61855E+01,7.61855E+01,7.61855E+01,7.61855E+01,7.61855E+01,7.61855E+01,1.32454E+01,7.61855E+01,7.61855E+01,7.61855E+01,7.61855E+01,7.61855E+01,7.61855E+01,7.61855E+01,7.61855E+01,1.29210E+00,7.61855E+01,7.61855E+01,7.61855E+01,7.61855E+01,7.61855E+01,7.61855E+01,2.08650E+00,7.61855E+01,7.61855E+01,7.61855E+01,3.74866E+00 
#t = 3.066E+03
7.61855E+01,7.61855E+01,7.61855E+01,7.61855E+01,7.61855E+01,7.61855E+01,7.61855E+01,7.61855E+01,7.61855E+01,7.61855E+01,7.61855E+01,7.61855E+01,7.61855E+01,1.06198E+01,7.61855E+01,7.61855E+01,7.61855E+01,7.61855E+01,1.06198E+01,7.61855E+01,7.61855E+01,7.61855E+01,7.61855E+01,7.61855E+01,7.61855E+01,7.61855E+01,7.61855E+01,7.61855E+01,7.61855E+01,7.61855E+01,7.61855E+01,7.61855E+01,7.61855E+01,7.61855E+01,7.61855E+01,7.61855E+01,7.61855E+01,7.61855E+01,7.61855E+01 
#t = 3.108E+03
7.61855E+01,7.61855E+01,7.61855E+01,7.61855E+01,7.61855E+01,7.61855E+01,7.61855E+01,7.61855E+01,7.61855E+01,7.61855E+01,7.61855E+01,7.61855E+01,7.61855E+01,7.61855E+01,7.61855E+01,7.61855E+01,7.61855E+01,7.61855E+01,7.61855E+01,7.61855E+01,7.61855E+01,7.61855E+01,7.61855E+01,7.61855E+01,7.61855E+01,7.61855E+01,7.61855E+01,1.43865E+01,7.61855E+01,7.61855E+01,7.61855E+01,7.61855E+01,7.61855E+01,7.61855E+01,7.61855E+01,7.61855E+01,7.61855E+01,7.61855E+01,7.61855E+01,7.61855E+01,7.61855E+01,7.61855E+01,7.61855E+01,7.61855E+01,7.61855E+01,5.45497E+00,3.84540E+00,7.61855E+01,7.61855E+01,4.93010E+00,7.61855E+01 
#t = 3.150E+03
7.61855E+01,7.61855E+01,7.61855E+01,7.61855E+01,7.61855E+01,7.61855E+01,7.61855E+01,7.61855E+01,7.61855E+01,7.61855E+01,7.61855E+01,7.61855E+01,7.61855E+01,7.61855E+01,7.61855E+01,7.61855E+01,7.61855E+01,7.61855E+01,7.61855E+01,7.61855E+01,7.61855E+01,7.61855E+01,7.61855E+01,7.61855E+01,7.61855E+01,7.61855E+01,7.61855E+01,7.61855E+01,7.61855E+01,7.61855E+01,7.61855E+01,7.61855E+01,7.61855E+01,7.61855E+01,7.61855E+01,7.61855E+01,7.61855E+01,7.61855E+01,9.27701E-01,7.61855E+01,7.61855E+01,1.12302E+01,7.61855E+01,7.61855E+01 
#t = 3.192E+03
7.61855E+01,7.61855E+01,7.61855E+01,7.61855E+01,7.61855E+01,7.61855E+01,7.61855E+01,7.61855E+01,7.61855E+01,7.61855E+01,7.61855E+01,7.61855E+01,7.61855E+01,7.61855E+01,7.61855E+01,7.61855E+01,7.61855E+01,7.61855E+01,7.61855E+01,7.61855E+01,7.61855E+01,7.61855E+01,7.61855E+01,8.49938E+00,7.61855E+01,7.61855E+01,7.61855E+01,7.61855E+01,7.61855E+01,7.61855E+01,7.61855E+01,7.61855E+01,7.61855E+01,7.61855E+01,7.61855E+01,7.61855E+01,7.61855E+01,7.61855E+01,7.61855E+01 
#t = 3.234E+03
7.61855E+01,7.61855E+01,7.61855E+01,7.61855E+01,7.61855E+01,7.61855E+01,7.61855E+01,7.61855E+01,7.61855E+01,7.61855E+01,7.61855E+01,7.61855E+01,7.61855E+01,7.61855E+01,7.61855E+01,7.61855E+01,7.61855E+01,7.61855E+01,7.61855E+01,7.61855E+01,7.61855E+01,7.61855E+01,7.61855E+01,7.61855E+01,7.61855E+01,7.61855E+01,7.61855E+01,7.61855E+01,7.61855E+01,7.61855E+01,7.61855E+01,7.61855E+01,7.61855E+01,7.61855E+01,7.61855E+01,7.61855E+01,7.61855E+01,7.61855E+01,4.35200E+00,7.46112E-01 
#t = 3.276E+03
7.61855E+01,7.61855E+01,7.61855E+01,7.61855E+01,7.61855E+01,7.61855E+01,7.61855E+01,7.61855E+01,7.61855E+01,7.61855E+01,7.61855E+01,7.61855E+01,7.61855E+01,7.61855E+01,7.61855E+01,7.61855E+01,7.61855E+01,7.61855E+01,7.61855E+01,7.61855E+01,7.61855E+01,7.61855E+01,7.61855E+01,7.61855E+01,7.61855E+01,7.61855E+01,7.61855E+01,7.61855E+01,7.61855E+01,7.61855E+01,7.61855E+01,7.61855E+01,7.61855E+01,7.61855E+01,7.61855E+01,7.61855E+01,7.61855E+01,7.61855E+01,7.61855E+01,7.61855E+01,2.63597E+00,7.76296E-01,7.61855E+01,7.61855E+01,2.37658E+00,1.08766E+01,7.61855E+01,7.61855E+01 
#t = 3.318E+03
7.61855E+01,7.61855E+01,7.61855E+01,7.61855E+01,2.71277E+01,7.61855E+01,7.61855E+01,7.61855E+01,7.61855E+01,7.61855E+01,7.61855E+01,7.61855E+01,7.61855E+01,7.61855E+01,7.61855E+01,2.71277E+01,7.61855E+01,7.61855E+01,7.61855E+01,7.61855E+01,7.61855E+01,7.61855E+01,7.61855E+01,7.61855E+01,7.61855E+01,7.61855E+01,7.61855E+01,7.61855E+01,7.61855E+01,7.61855E+01,7.61855E+01,7.61855E+01,7.61855E+01,7.61855E+01,7.61855E+01,7.61855E+01,7.61855E+01,7.61855E+01,7.61855E+01,8.33397E+00,7.61855E+01,7.61855E+01,1.12125E+00,7.61855E+01,7.61855E+01,7.61855E+01 
#t = 3.360E+03
2.71277E+01,7.61855E+01,7.61855E+01,7.61855E+01,7.61855E+01,7.61855E+01,7.61855E+01,7.61855E+01,7.61855E+01,7.61855E+01,2.71277E+01,7.61855E+01,7.61855E+01,7.61855E+01,7.61855E+01,7.61855E+01,7.61855E+01,7.61855E+01,7.61855E+01,7.61855E+01,7.61855E+01,7.61855E+01,2.89945E+01,7.61855E+01,4.56267E+00,7.61855E+01,7.61855E+01,7.61855E+01,7.61855E+01,7.61855E+01,2.10447E+00,2.71277E+01,7.61855E+01,7.61855E+01,7.61855E+01,7.61855E+01,7.61855E+01,7.61855E+01 
#t = 3.402E+03
2.89945E+01,7.61855E+01,7.61855E+01,7.61855E+01,7.61855E+01,7.61855E+01,7.61855E+01,7.61855E+01,1.58824E+01,7.61855E+01,2.85022E+00,7.61855E+01,7.61855E+01,7.61855E+01,7.61855E+01,7.61855E+01,7.61855E+01,7.61855E+01,7.61855E+01,7.61855E+01,7.85665E+00,7.61855E+01,7.61855E+01,7.61855E+01,7.61855E+01,7.61855E+01,7.61855E+01,9.43582E-01,7.61855E+01,7.61855E+01,7.61855E+01,7.61855E+01 
#t = 3.444E+03
7.61855E+01,1.58824E+01,7.61855E+01,7.61855E+01,7.61855E+01,7.61855E+01,7.61855E+01,7.61855E+01,7.61855E+01,2.89945E+01,7.61855E+01,7.61855E+01,7.61855E+01,7.61855E+01,7.61855E+01,7.61855E+01,7.61855E+01,7.61855E+01,7.61855E+01,7.61855E+01,7.61855E+01,7.61855E+01,1.58824E+01,7.61855E+01,7.61855E+01,7.61855E+01,7.61855E+01,7.61855E+01,7.61855E+01,2.89945E+01,7.61855E+01,1.58824E+01,7.61855E+01,7.61855E+01,7.61855E+01,7.61855E+01,7.61855E+01,7.61855E+01,7.61855E+01,7.61855E+01,7.61855E+01,7.61855E+01,7.61855E+01,7.61855E+01,7.61855E+01,7.61855E+01,7.61855E+01 
#t = 3.486E+03
7.61855E+01,7.61855E+01,2.89945E+01,1.58824E+01,7.61855E+01,7.61855E+01,2.89945E+01,7.61855E+01,7.61855E+01,7.61855E+01,7.61855E+01,7.61855E+01,7.61855E+01,7.61855E+01,7.61855E+01,7.61855E+01,7.61855E+01,7.61855E+01,7.61855E+01,2.89945E+01,7.61855E+01,5.26604E+00,2.89945E+01,7.61855E+01,7.61855E+01,7.61855E+01,7.61855E+01,3.36936E-01,7.61855E+01,7.61855E+01,7.61855E+01,7.61855E+01,7.61855E+01,7.61855E+01,7.61855E+01,5.04869E+00,7.61855E+01,7.61855E+01,7.61855E+01,8.07363E+00,7.61855E+01,3.68127E+00,7.61855E+01,7.61855E+01,1.23518E+00,4.96813E+00 
#t = 3.528E+03
7.61855E+01,2.89945E+01,7.61855E+01,7.61855E+01,7.61855E+01,1.27896E+01,1.58824E+01,7.61855E+01,7.61855E+01,7.61855E+01,7.61855E+01,7.61855E+01,7.61855E+01,7.61855E+01,2.89945E+01,7.61855E+01,2.89945E+01,7.61855E+01,7.61855E+01,7.61855E+01,7.61855E+01,7.61855E+01,7.61855E+01,1.58824E+01,7.61855E+01,7.61855E+01,7.61855E+01,7.61855E+01,2.89945E+01,7.61855E+01,7.61855E+01,7.61855E+01,1.58824E+01,7.61855E+01,7.61855E+01,2.89945E+01,7.61855E+01,4.90069E+00,7.61855E+01,7.61855E+01,2.89945E+01,7.61855E+01,7.61855E+01,7.61855E+01,7.61855E+01,7.61855E+01 
#t = 3.570E+03
7.61855E+01,7.61855E+01,2.89945E+01,7.61855E+01,7.61855E+01,7.61855E+01,7.61855E+01,7.61855E+01,1.58824E+01,7.61855E+01,2.89945E+01,7.61855E+01,7.61855E+01,7.61855E+01,7.61855E+01,7.61855E+01,2.89945E+01,7.61855E+01,7.61855E+01,1.58824E+01,7.61855E+01,7.61855E+01,7.61855E+01,7.61855E+01,7.61855E+01,1.58824E+01,7.61855E+01,7.61855E+01,2.89945E+01,7.61855E+01,7.61855E+01,7.61855E+01,7.61855E+01,7.61855E+01,2.89945E+01 
#t = 3.612E+03
7.61855E+01,2.89945E+01,7.61855E+01,7.61855E+01,7.61855E+01,7.61855E+01,7.61855E+01,7.61855E+01,7.61855E+01,7.61855E+01,7.61855E+01,7.61855E+01,7.61855E+01,7.61855E+01,1.58824E+01,7.61855E+01,7.61855E+01,7.61855E+01,7.61855E+01,7.61855E+01,7.61855E+01,1.05125E+01,7.61855E+01,7.61855E+01,7.61855E+01,7.61855E+01,1.25231E+01,7.61855E+01,7.61855E+01,7.61855E+01,7.61855E+01,7.61855E+01,7.61855E+01,7.61855E+01,7.61855E+01,4.41983E+00,7.61855E+01,7.61855E+01,7.61855E+01,1.97492E+01,7.61855E+01 
#t = 3.654E+03
7.61855E+01,7.61855E+01,7.61855E+01,7.61855E+01,7.61855E+01,7.61855E+01,1.25231E+01,7.61855E+01,7.61855E+01,7.61855E+01,1.25231E+01,7.61855E+01,7.61855E+01,7.61855E+01,7.61855E+01,7.61855E+01,7.61855E+01,7.61855E+01,7.61855E+01,7.61855E+01,7.61855E+01,7.61855E+01,7.61855E+01,7.61855E+01,5.70454E+00,7.61855E+01,7.61855E+01,2.22325E+00,7.09362E+00,7.61855E+01,2.11982E+00,1.04640E+00,7.61855E+01 
#t = 3.696E+03
7.61855E+01,7.61855E+01,7.61855E+01,7.61855E+01,7.61855E+01,7.61855E+01,7.61855E+01,7.61855E+01,7.61855E+01,7.61855E+01,1.33134E+02,7.61855E+01,2.00944E+00,7.61855E+01,7.61855E+01,7.61855E+01,7.61855E+01,7.61855E+01,7.61855E+01,7.61855E+01,7.61855E+01,7.61855E+01,7.61855E+01,7.61855E+01,7.61855E+01,7.61855E+01,7.61855E+01,7.61855E+01,7.61855E+01,7.61855E+01,7.61855E+01,7.61855E+01,7.61855E+01,7.61855E+01,7.61855E+01,7.61855E+01,2.92304E+00,9.85179E-01,7.61855E+01 
#t = 3.738E+03
7.61855E+01,7.61855E+01,7.61855E+01,7.61855E+01,7.61855E+01,7.61855E+01,7.61855E+01,7.61855E+01,7.61855E+01,7.61855E+01,7.61855E+01,7.61855E+01,7.61855E+01,7.61855E+01,7.61855E+01,7.61855E+01,7.61855E+01,7.61855E+01,7.61855E+01,7.61855E+01,9.56855E+00,7.61855E+01,7.61855E+01,7.61855E+01,7.61855E+01,7.61855E+01,7.61855E+01,7.61855E+01,7.61855E+01,7.61855E+01,9.52450E+00,7.61855E+01,7.61855E+01,7.61855E+01,7.61855E+01,7.61855E+01,7.61855E+01,7.61855E+01,7.61855E+01,7.61855E+01,1.22120E+00,7.61855E+01 
#t = 3.780E+03
7.61855E+01,7.61855E+01,7.61855E+01,7.61855E+01,7.61855E+01,7.61855E+01,7.61855E+01,7.61855E+01,7.61855E+01,7.61855E+01,7.61855E+01,7.61855E+01,7.61855E+01,7.61855E+01,7.61855E+01,7.61855E+01,7.61855E+01,1.12303E+01,7.61855E+01,7.61855E+01,1.12303E+01,7.61855E+01,7.61855E+01,7.61855E+01,7.61855E+01,7.61855E+01,7.61855E+01,7.61855E+01,7.61855E+01,4.08082E+00,9.99695E-01,7.61855E+01,7.61855E+01,2.24626E+00,7.61855E+01,7.61855E+01,7.61855E+01 
#t = 3.822E+03
7.61855E+01,7.61855E+01,7.61855E+01,7.61855E+01,7.61855E+01,7.61855E+01,7.61855E+01,7.61855E+01,7.61855E+01,7.61855E+01,7.61855E+01,7.61855E+01,7.61855E+01,7.61855E+01,7.61855E+01,7.61855E+01,7.61855E+01,7.61855E+01,7.61855E+01,7.61855E+01,7.61855E+01,7.61855E+01,7.61855E+01,7.61855E+01,7.61855E+01,6.92791E+00,7.61855E+01,7.61855E+01,7.61855E+01,7.61855E+01,7.61855E+01,7.61855E+01,7.61855E+01,7.61855E+01,7.61855E+01,7.61855E+01,7.61855E+01,7.61855E+01,7.61855E+01,7.61855E+01,7.61855E+01,7.61855E+01,7.61855E+01,2.73474E+00,2.13549E+00 
#t = 3.864E+03
7.61855E+01,7.61855E+01,7.61855E+01,7.61855E+01,7.61855E+01,7.61855E+01,7.61855E+01,7.61855E+01,7.61855E+01,7.61855E+01,7.61855E+01,7.61855E+01,7.61855E+01,7.61855E+01,7.61855E+01,7.61855E+01,7.61855E+01,7.61855E+01,7.61855E+01,7.61855E+01,7.61855E+01,7.61855E+01,4.01174E+00,6.14274E+00,7.61855E+01,7.61855E+01,7.61855E+01,5.04712E+00,7.61855E+01,7.61855E+01,7.61855E+01,7.61855E+01,7.61855E+01,7.61855E+01,7.61855E+01,8.72664E-01,7.61855E+01,7.61855E+01 
#t = 3.906E+03
7.61855E+01,7.61855E+01,7.61855E+01,7.61855E+01,7.61855E+01,7.61855E+01,7.61855E+01,7.61855E+01,7.61855E+01,7.61855E+01,7.61855E+01,7.61855E+01,7.61855E+01,7.61855E+01,7.61855E+01,7.61855E+01,7.61855E+01,7.61855E+01,7.61855E+01,1.16291E+01,7.61855E+01,7.61855E+01,7.61855E+01,7.61855E+01,7.61855E+01,7.61855E+01,7.61855E+01,7.61855E+01,7.61855E+01,7.61855E+01,7.61855E+01,7.61855E+01,7.61855E+01,7.61855E+01,7.61855E+01,7.61855E+01,7.61855E+01,7.61855E+01,7.61855E+01,7.61855E+01,7.61855E+01,7.61855E+01,7.61855E+01,7.61855E+01,3.21840E+00,8.03394E+00,7.61855E+01,1.16291E+01,7.61855E+01,7.61855E+01,7.61855E+01 
#t = 3.948E+03
7.61855E+01,7.61855E+01,7.61855E+01,7.61855E+01,7.61855E+01,7.61855E+01,7.61855E+01,7.61855E+01,7.61855E+01,7.61855E+01,7.61855E+01,7.61855E+01,7.61855E+01,7.61855E+01,7.61855E+01,7.61855E+01,7.61855E+01,7.61855E+01,7.61855E+01,7.61855E+01,7.61855E+01,7.61855E+01,7.61855E+01,7.61855E+01,7.61855E+01,7.61855E+01,7.61855E+01,7.61855E+01,7.61855E+01,7.61855E+01,7.61855E+01,7.61855E+01,2.45492E+01,7.61855E+01,7.61855E+01,7.61855E+01,7.61855E+01,7.61855E+01,7.61855E+01,7.61855E+01,7.61855E+01,7.61855E+01,7.61855E+01,7.61855E+01,7.61855E+01,7.61855E+01,7.61855E+01,7.61855E+01,7.61855E+01,7.61855E+01,7.61855E+01,3.10326E+00,7.61855E+01,7.61855E+01,7.61855E+01,7.61855E+01 
#t = 3.990E+03
7.61855E+01,7.61855E+01,7.61855E+01,7.61855E+01,7.61855E+01,7.61855E+01,7.61855E+01,7.61855E+01,7.61855E+01,7.61855E+01,7.61855E+01,7.61855E+01,7.61855E+01,7.61855E+01,7.61855E+01,7.61855E+01,7.61855E+01,7.61855E+01,7.61855E+01,7.61855E+01,7.61855E+01,7.61855E+01,7.61855E+01,7.61855E+01,7.61855E+01,7.61855E+01,7.61855E+01,7.61855E+01,7.61855E+01,7.61855E+01,7.61855E+01,7.61855E+01,7.61855E+01,7.61855E+01,7.61855E+01,7.61855E+01,7.61855E+01,7.61855E+01,7.61855E+01,7.61855E+01,4.48528E+00,6.75018E+00,7.61855E+01,7.61855E+01,7.61855E+01,1.09972E+00 
#t = 4.032E+03
7.61855E+01,7.61855E+01,7.61855E+01,7.61855E+01,7.61855E+01,7.61855E+01,7.61855E+01,7.61855E+01,7.61855E+01,7.61855E+01,7.61855E+01,7.61855E+01,7.61855E+01,7.61855E+01,7.61855E+01,7.61855E+01,7.61855E+01,7.61855E+01,7.61855E+01,7.61855E+01,7.61855E+01,7.61855E+01,7.61855E+01,7.61855E+01,7.61855E+01,7.61855E+01,7.61855E+01,7.61855E+01,7.61855E+01,7.61855E+01,7.61855E+01,7.61855E+01,7.61855E+01,7.61855E+01,6.30265E-01,7.61855E+01,7.61855E+01,7.61855E+01,7.61855E+01,7.61855E+01,1.79663E+00 
#t = 4.074E+03
7.61855E+01,7.61855E+01,7.61855E+01,7.61855E+01,7.61855E+01,7.61855E+01,7.61855E+01,7.61855E+01,7.61855E+01,7.61855E+01,2.40780E+01,7.61855E+01,7.61855E+01,7.61855E+01,7.61855E+01,7.61855E+01,7.61855E+01,7.61855E+01,7.61855E+01,7.61855E+01,7.61855E+01,7.61855E+01,2.40780E+01,7.61855E+01,7.61855E+01,7.61855E+01,7.61855E+01,7.61855E+01,2.40780E+01,7.61855E+01,7.61855E+01,7.61855E+01,2.40780E+01,7.61855E+01,1.13280E+01,2.40780E+01,7.61855E+01,5.92653E+00,7.61855E+01,7.61855E+01,7.61855E+01,7.61855E+01,4.38424E+00,5.34981E-01,7.61855E+01,2.40780E+01,7.61855E+01 
#t = 4.116E+03
7.61855E+01,7.61855E+01,2.40780E+01,7.61855E+01,7.61855E+01,7.61855E+01,7.61855E+01,7.61855E+01,7.61855E+01,7.61855E+01,7.61855E+01,7.61855E+01,7.61855E+01,2.40780E+01,7.61855E+01,7.61855E+01,7.61855E+01,3.85000E+00,7.61855E+01,7.61855E+01,7.61855E+01,7.61855E+01,7.61855E+01,7.61855E+01,7.61855E+01,3.73126E+00,7.61855E+01,7.61855E+01,7.18854E+00,7.61855E+01,7.61855E+01,7.61855E+01 
#t = 4.158E+03
7.61855E+01,7.61855E+01,7.61855E+01,7.61855E+01,2.40780E+01,7.61855E+01,2.40780E+01,7.61855E+01,2.40780E+01,7.61855E+01,7.61855E+01,7.61855E+01,2.40780E+01,7.61855E+01,7.61855E+01,2.40780E+01,2.40780E+01,7.61855E+01,7.61855E+01,7.61855E+01,7.61855E+01,7.61855E+01,7.61855E+01,8.61186E+00,7.61855E+01,7.61855E+01,7.61855E+01,9.14188E+00,7.61855E+01,7.61855E+01,7.61855E+01,7.61855E+01,7.61855E+01,7.61855E+01,2.98090E+00,4.87760E+00,7.61855E+01 
#t = 4.200E+03
7.61855E+01,2.40780E+01,7.61855E+01,1.50105E+01,7.61855E+01,7.61855E+01,2.40780E+01,7.61855E+01,7.61855E+01,7.61855E+01,7.61855E+01,7.61855E+01,2.40780E+01,7.61855E+01,7.61855E+01,7.61855E+01,2.40780E+01,7.61855E+01,7.61855E+01,7.61855E+01,2.40780E+01,7.61855E+01,2.40780E+01,7.61855E+01,7.61855E+01,1.50105E+01,7.61855E+01,7.61855E+01,7.61855E+01,7.61855E+01,1.50105E+01,7.61855E+01,7.61855E+01,7.61855E+01,7.61855E+01 
