#t = 0.000E+00
7.82717E-01,7.09361E-01,8.90286E-01,7.82771E+00,1.72544E+00 
#t = 4.200E+01
1.49722E+01 
#t = 8.400E+01
9.38200E-01 
#t = 1.260E+02
1.22736E+01,1.44070E+00 
#t = 1.680E+02
1.22736E+01,5.58606E+00,7.22213E+00,2.73564E+00,3.56667E+00 
#t = 2.100E+02
2.75367E+00,7.27141E+00 
#t = 2.520E+02
1.95649E+00 
#t = 2.940E+02
1.23448E+01,2.96223E+00,1.23448E+01,1.23448E+01,1.02666E+00,2.29316E+00,1.23448E+01 
#t = 3.360E+02
1.47546E+01,1.47546E+01,2.24715E+00,1.25278E+01,1.47546E+01 
#t = 3.780E+02
2.04867E+01,2.04867E+01,2.04867E+01,2.04867E+01,4.17824E+00,3.66239E+00,1.58910E+00 
#t = 4.200E+02
1.68485E+01,7.60443E+00,3.67766E-01 
#t = 4.620E+02
1.62803E+00,4.19524E+00 
#t = 5.040E+02
1.35581E+00,5.82224E+00 
#t = 5.460E+02
2.19461E+00,3.44192E+00,9.56070E-01 
#t = 5.880E+02
2.81139E+01 
#t = 6.300E+02
1.12663E+01,2.81139E+01,1.12663E+01,1.12663E+01,4.83735E+00,1.88857E+00 
#t = 6.720E+02
1.12663E+01,1.12663E+01,1.83013E+01,5.38464E+00,4.06291E+00,1.12663E+01,1.12663E+01,1.12663E+01,1.12663E+01,1.12663E+01 
#t = 7.140E+02
9.36815E-01,1.51600E+00,3.32632E+00 
#t = 7.560E+02
1.66457E+01,1.01961E+01,4.50087E+01,9.96647E-01,7.44540E+00,4.50087E+01,4.50087E+01,3.03572E+00,2.54888E+00 
#t = 7.980E+02
4.50087E+01,5.52922E+01,4.50087E+01,6.96656E+00,1.17943E+00 
#t = 8.400E+02
5.52922E+01,1.96375E+01,4.50087E+01,1.55394E+01,1.96375E+01,4.50087E+01,1.96375E+01,4.50087E+01,5.52922E+01,4.50087E+01,4.50087E+01,2.00911E+00,4.50087E+01,4.50087E+01,4.50087E+01,1.55394E+01,4.50087E+01,1.66853E+01,5.52922E+01,4.50087E+01,1.48211E+00,5.52922E+01,4.50087E+01,5.52922E+01,1.40164E+00,5.52922E+01,5.52922E+01,5.52922E+01,8.72659E-01,1.55394E+01,5.52922E+01,4.50087E+01 
#t = 8.820E+02
4.50087E+01,4.50087E+01,5.52922E+01,4.50087E+01,5.52922E+01,4.50087E+01,5.52922E+01,4.50087E+01,5.52922E+01,5.52922E+01,5.52922E+01,5.52922E+01,5.52922E+01,5.52922E+01,5.52922E+01,5.52922E+01,5.41908E+00,4.50087E+01,5.52922E+01,5.52922E+01,5.52922E+01,4.50087E+01,5.52922E+01,5.52922E+01,5.52922E+01,5.52922E+01,4.50087E+01,5.52922E+01,4.50087E+01,5.52922E+01,5.52922E+01,6.29771E-01,1.03522E+00,5.52922E+01,1.40906E+00,1.40231E+01,4.50087E+01,5.52922E+01,4.22459E+00,4.50087E+01,5.52922E+01,5.52922E+01 
#t = 9.240E+02
5.52922E+01,4.50087E+01,5.52922E+01,5.52922E+01,4.50087E+01,5.52922E+01,5.52922E+01,4.50087E+01,5.52922E+01,5.31417E+00,5.52922E+01,5.52922E+01,5.52922E+01,5.52922E+01,4.50087E+01,4.50087E+01,5.52922E+01,5.52922E+01,5.52922E+01,5.52922E+01,5.52922E+01,5.52922E+01,2.65654E+01,4.50087E+01,5.52922E+01,5.52922E+01,5.52922E+01,5.52922E+01,5.52922E+01,5.52922E+01,5.52922E+01,5.52922E+01,5.52922E+01,5.52922E+01,5.52922E+01,5.52922E+01,5.52922E+01,5.52922E+01,5.52922E+01,5.52922E+01,1.35286E+00,2.28752E+00 
#t = 9.660E+02
5.52922E+01,5.52922E+01,5.52922E+01,5.52922E+01,4.50087E+01,5.52922E+01,4.50087E+01,4.50087E+01,5.52922E+01,5.52922E+01,5.52922E+01,5.52922E+01,5.52922E+01,4.50087E+01,5.52922E+01,4.50087E+01,4.50087E+01,4.50087E+01,5.52922E+01,5.52922E+01,4.50087E+01,4.50087E+01,5.52922E+01,4.50087E+01,5.52922E+01,5.52922E+01,5.52922E+01,5.52922E+01,5.52922E+01,5.52922E+01,5.52922E+01,5.52922E+01,7.04418E+00,5.52922E+01,4.50087E+01,4.50087E+01,5.52922E+01,4.50087E+01,5.52922E+01,4.50087E+01,5.99664E+00,5.52922E+01,1.45803E+01 
#t = 1.008E+03
5.52922E+01,4.50087E+01,5.52922E+01,5.52922E+01,5.52922E+01,4.50087E+01,5.52922E+01,4.50087E+01,5.52922E+01,4.50087E+01,5.52922E+01,4.50087E+01,4.50087E+01,5.52922E+01,4.50087E+01,5.52922E+01,5.52922E+01,4.50087E+01,5.52922E+01,5.52922E+01,5.52922E+01,5.52922E+01,4.50087E+01,4.50087E+01,5.52922E+01,5.52922E+01,5.52922E+01,5.52922E+01,4.50087E+01,5.52922E+01,4.50087E+01,5.52922E+01,4.50087E+01,5.52922E+01,5.52922E+01,5.52922E+01,4.50087E+01,4.50087E+01,5.52922E+01,5.52922E+01,5.52922E+01,4.50087E+01,5.52922E+01,5.52922E+01,4.50087E+01,4.50087E+01,5.52922E+01,5.52922E+01,2.30212E+00,4.50087E+01,5.52922E+01 
#t = 1.050E+03
4.50087E+01,4.50087E+01,4.50087E+01,5.52922E+01,4.50087E+01,5.52922E+01,4.50087E+01,5.52922E+01,5.52922E+01,1.19241E+01,4.50087E+01,5.52922E+01,4.50087E+01,5.52922E+01,4.50087E+01,4.50087E+01,1.19241E+01,5.52922E+01,5.52922E+01,4.50087E+01,5.52922E+01,5.52922E+01,4.50087E+01,5.52922E+01,5.52922E+01,4.50087E+01,5.52922E+01,4.50087E+01,2.72793E+00,5.52922E+01,4.50087E+01,4.50087E+01,4.50087E+01,5.52922E+01,5.52922E+01,4.50087E+01,5.52922E+01,3.24157E+00 
#t = 1.092E+03
4.50087E+01,5.52922E+01,5.52922E+01,5.52922E+01,4.50087E+01,4.50087E+01,5.52922E+01,6.60290E+00,4.50087E+01,4.50087E+01,1.18849E+01,5.52922E+01,9.02123E+00,4.50087E+01,5.52922E+01,4.50087E+01,4.50087E+01,5.52922E+01,5.52922E+01,4.50087E+01,4.50087E+01,1.18849E+01,5.52922E+01,5.52922E+01,5.52922E+01,5.52922E+01,5.52922E+01,4.50087E+01,4.83180E+00,5.52922E+01,5.52922E+01,9.40347E+00,1.26019E+00,5.52922E+01,4.50087E+01,5.52922E+01,4.50087E+01,5.52922E+01,5.52922E+01,5.52922E+01,1.44217E+00,5.52922E+01,1.18849E+01 
#t = 1.134E+03
5.52922E+01,5.52922E+01,5.52922E+01,5.52922E+01,5.52922E+01,4.50087E+01,5.52922E+01,5.52922E+01,5.52922E+01,5.52922E+01,1.18849E+01,5.52922E+01,1.63075E+01,5.52922E+01,5.52922E+01,5.52922E+01,5.52922E+01,5.52922E+01,1.18849E+01,5.52922E+01,5.52922E+01,5.52922E+01,5.52922E+01,5.52922E+01,5.52922E+01,1.18849E+01,1.78841E+00,5.52922E+01,2.10043E+00,5.52922E+01,5.52922E+01,4.32369E+00,5.52922E+01,5.52922E+01,6.90929E-01,5.52922E+01,5.52922E+01,5.52922E+01,5.52922E+01 
#t = 1.176E+03
5.52922E+01,5.52922E+01,5.52922E+01,5.52922E+01,5.52922E+01,5.52922E+01,2.00086E+01,5.52922E+01,4.50087E+01,5.52922E+01,5.52922E+01,2.00086E+01,5.52922E+01,5.52922E+01,5.52922E+01,5.52922E+01,5.52922E+01,5.52922E+01,5.52922E+01,5.52922E+01,5.52922E+01,5.52922E+01,5.52922E+01,5.52922E+01,5.52922E+01,5.52922E+01,5.52922E+01,5.52922E+01,5.52922E+01,5.52922E+01,5.52922E+01,5.52922E+01,4.60518E+00,5.52922E+01,5.52922E+01,5.52922E+01,9.75107E+00,5.52922E+01,1.20208E+00,5.52922E+01,5.52922E+01 
#t = 1.218E+03
5.52922E+01,5.52922E+01,5.52922E+01,5.52922E+01,4.50087E+01,4.50087E+01,4.50087E+01,5.52922E+01,5.52922E+01,5.52922E+01,1.79012E+01,2.00086E+01,5.52922E+01,5.52922E+01,5.52922E+01,5.52922E+01,5.52922E+01,5.52922E+01,5.52922E+01,4.50087E+01,5.52922E+01,5.52922E+01,5.52922E+01,4.50087E+01,4.50087E+01,5.52922E+01,5.52922E+01,5.52922E+01,5.52922E+01,4.50087E+01,4.50087E+01,2.00086E+01,5.93776E-01,5.52922E+01,1.49342E+00,5.52922E+01,5.52922E+01,5.52922E+01 
#t = 1.260E+03
1.79012E+01,5.52922E+01,4.50087E+01,4.50087E+01,5.52922E+01,4.50087E+01,5.52922E+01,5.52922E+01,5.52922E+01,5.52922E+01,5.52922E+01,5.52922E+01,5.52922E+01,5.52922E+01,4.50087E+01,5.52922E+01,1.64346E+01,5.52922E+01,4.50087E+01,5.52922E+01,5.52922E+01,5.52922E+01,5.52922E+01,5.52922E+01,5.72648E+00,5.52922E+01,5.52922E+01,4.50087E+01,5.52922E+01,5.52922E+01,5.52922E+01,4.50087E+01,5.52922E+01,4.50087E+01,5.52922E+01,1.64346E+01,4.50087E+01,5.52922E+01,5.52922E+01,5.52922E+01,2.39565E+00 
#t = 1.302E+03
1.79012E+01,4.50087E+01,5.52922E+01,5.52922E+01,5.52922E+01,5.52922E+01,5.52922E+01,5.52922E+01,5.52922E+01,5.52922E+01,4.50087E+01,5.52922E+01,5.52922E+01,5.52922E+01,2.95633E+01,5.52922E+01,5.52922E+01,4.50087E+01,5.52922E+01,5.52922E+01,5.52922E+01,5.52922E+01,2.95633E+01,2.95633E+01,5.52922E+01,5.52922E+01,5.52922E+01,5.52922E+01,5.52922E+01,5.52922E+01,4.50087E+01,2.95633E+01,2.95633E+01,5.52922E+01,5.52922E+01,5.52922E+01,5.52922E+01,5.52922E+01,4.50087E+01,5.52922E+01,5.52922E+01,5.52922E+01,2.84363E+00,5.52922E+01,5.16751E+00,5.52922E+01,7.98365E+00,5.52922E+01,5.52922E+01 
#t = 1.344E+03
5.52922E+01,5.52922E+01,5.52922E+01,2.95633E+01,5.52922E+01,5.52922E+01,5.52922E+01,5.52922E+01,5.52922E+01,5.52922E+01,5.52922E+01,5.52922E+01,5.52922E+01,5.52922E+01,5.52922E+01,5.52922E+01,5.52922E+01,5.52922E+01,5.52922E+01,5.52922E+01,5.52922E+01,5.52922E+01,5.52922E+01,5.52922E+01,5.52922E+01,3.92936E+00,4.37874E+00,2.40410E+00,5.38630E+00,5.52922E+01,2.46161E+00,5.52922E+01,5.52922E+01,5.52922E+01 
#t = 1.386E+03
5.52922E+01,5.52922E+01,5.52922E+01,5.52922E+01,5.52922E+01,5.52922E+01,5.52922E+01,5.52922E+01,5.52922E+01,5.52922E+01,5.52922E+01,5.52922E+01,5.52922E+01,5.52922E+01,5.52922E+01,5.52922E+01,5.52922E+01,5.52922E+01,5.52922E+01,5.52922E+01,5.52922E+01,5.52922E+01,5.52922E+01,5.52922E+01,5.52922E+01,5.52922E+01,5.52922E+01,5.52922E+01,5.52922E+01,5.52922E+01,2.08678E+00,5.52922E+01,2.92500E+00,5.52922E+01,5.52922E+01,1.25976E+00,5.52922E+01,5.52922E+01,5.52922E+01 
#t = 1.428E+03
5.52922E+01,5.52922E+01,5.52922E+01,5.52922E+01,5.52922E+01,5.52922E+01,5.52922E+01,5.52922E+01,5.52922E+01,5.52922E+01,5.52922E+01,5.52922E+01,5.52922E+01,5.52922E+01,5.52922E+01,5.52922E+01,5.52922E+01,5.52922E+01,2.75286E+00,5.52922E+01,5.52922E+01,5.52922E+01,5.52922E+01,6.42331E+00,5.52922E+01,2.18878E+00,5.52922E+01,1.17366E+00,5.52922E+01,5.52922E+01,5.52922E+01,3.02103E+00,5.52922E+01,5.52922E+01,5.52922E+01,1.20539E+00,3.37023E+00 
#t = 1.470E+03
5.52922E+01,5.52922E+01,5.52922E+01,5.52922E+01,5.52922E+01,5.52922E+01,5.52922E+01,5.52922E+01,1.01875E+01,5.52922E+01,5.52922E+01,5.52922E+01,5.52922E+01,5.52922E+01,5.52922E+01,5.52922E+01,5.52922E+01,5.52922E+01,5.52922E+01,5.52922E+01,5.52922E+01,5.52922E+01,3.03970E-01,5.52922E+01,5.52922E+01,2.16711E+00,5.52922E+01,5.52922E+01,5.52922E+01,5.52922E+01,5.52922E+01,5.66665E+00,5.52922E+01,5.52922E+01,5.52922E+01,5.52922E+01,5.52922E+01,5.52922E+01,5.52922E+01,5.52922E+01,5.52922E+01 
#t = 1.512E+03
5.52922E+01,5.52922E+01,5.52922E+01,5.52922E+01,5.52922E+01,5.52922E+01,5.52922E+01,5.52922E+01,5.52922E+01,5.52922E+01,5.52922E+01,5.52922E+01,5.52922E+01,5.52922E+01,5.52922E+01,5.52922E+01,5.52922E+01,5.52922E+01,5.52922E+01,5.52922E+01,5.52922E+01,5.52922E+01,9.41081E+00,5.52922E+01,5.52922E+01,5.52922E+01,5.52922E+01,5.52922E+01,5.52922E+01,5.52922E+01,5.52922E+01,5.52922E+01,5.52922E+01,5.52922E+01,5.52922E+01,2.28218E+01,5.52922E+01,1.06579E+01,1.36392E+00,5.52922E+01,5.52922E+01,5.52922E+01,5.52922E+01,3.94260E+00 
#t = 1.554E+03
5.52922E+01,5.52922E+01,5.52922E+01,5.52922E+01,5.52922E+01,5.52922E+01,5.52922E+01,5.52922E+01,5.52922E+01,5.52922E+01,5.52922E+01,5.52922E+01,5.52922E+01,5.52922E+01,5.52922E+01,5.52922E+01,5.52922E+01,5.52922E+01,5.52922E+01,5.52922E+01,5.52922E+01,5.52922E+01,5.52922E+01,5.52922E+01,5.52922E+01,5.52922E+01,5.52922E+01,5.52922E+01,5.52922E+01,5.52922E+01,5.52922E+01,5.52922E+01,5.52922E+01,5.52922E+01,5.52922E+01,5.52922E+01,2.86932E+00,5.52922E+01,1.85830E+00,5.52922E+01 
#t = 1.596E+03
5.52922E+01,5.52922E+01,5.52922E+01,5.52922E+01,5.52922E+01,5.52922E+01,5.52922E+01,2.72736E+01,5.52922E+01,5.52922E+01,8.34791E+00,5.52922E+01,5.52922E+01,5.52922E+01,5.52922E+01,5.52922E+01,5.52922E+01,5.52922E+01,5.52922E+01,5.52922E+01,5.52922E+01,5.52922E+01,5.52922E+01,5.52922E+01,5.52922E+01,5.52922E+01,5.52922E+01,5.52922E+01,5.52922E+01,5.70879E+00,5.52922E+01,6.22928E+00,5.52922E+01,5.52922E+01,5.52922E+01,5.52922E+01,4.22600E+00,6.26586E+00,5.52922E+01,1.72464E+00 
#t = 1.638E+03
5.52922E+01,5.52922E+01,5.52922E+01,5.52922E+01,5.52922E+01,5.52922E+01,5.52922E+01,5.52922E+01,1.25504E+01,5.52922E+01,5.52922E+01,5.52922E+01,5.52922E+01,5.52922E+01,5.52922E+01,5.52922E+01,5.52922E+01,5.52922E+01,5.52922E+01,5.52922E+01,5.52922E+01,5.52922E+01,5.52922E+01,5.52922E+01,5.52922E+01,5.52922E+01,5.52922E+01,5.52922E+01,5.52922E+01,5.52922E+01,5.52922E+01,1.16217E+01,5.52922E+01,5.52922E+01,5.52922E+01,2.75996E+00,5.52922E+01,5.52922E+01,5.52922E+01,5.52922E+01,5.52922E+01,5.52922E+01,5.52922E+01,5.52922E+01,1.25504E+01,5.52922E+01,4.62021E-01,6.09898E+00,5.52922E+01 
#t = 1.680E+03
5.52922E+01,5.52922E+01,5.52922E+01,5.52922E+01,5.52922E+01,5.52922E+01,5.52922E+01,5.52922E+01,5.52922E+01,5.52922E+01,5.52922E+01,5.52922E+01,5.52922E+01,5.52922E+01,5.52922E+01,5.52922E+01,5.52922E+01,5.52922E+01,5.52922E+01,5.52922E+01,5.52922E+01,5.52922E+01,5.52922E+01,5.52922E+01,5.52922E+01,5.52922E+01,5.52922E+01,5.52922E+01,5.52922E+01,5.52922E+01,1.29330E+00,5.52922E+01,5.52922E+01,5.52922E+01,5.52922E+01,9.47385E-01,5.52922E+01,2.04706E+00,5.52922E+01,2.58188E+00,5.52922E+01,5.52922E+01,5.52922E+01,5.52922E+01 
#t = 1.722E+03
5.52922E+01,5.52922E+01,5.52922E+01,5.52922E+01,5.52922E+01,5.52922E+01,5.52922E+01,5.52922E+01,5.52922E+01,5.52922E+01,5.52922E+01,5.52922E+01,5.52922E+01,5.52922E+01,5.52922E+01,5.52922E+01,5.52922E+01,5.52922E+01,5.52922E+01,5.52922E+01,5.52922E+01,5.52922E+01,5.52922E+01,5.52922E+01,5.52922E+01,5.52922E+01,5.52922E+01,5.52922E+01,5.52922E+01,5.52922E+01,5.52922E+01,5.52922E+01,5.52922E+01,5.52922E+01,5.52922E+01,5.52922E+01,5.52922E+01,5.52922E+01,5.52922E+01,5.52922E+01,5.52922E+01,5.52922E+01,5.52922E+01,5.52922E+01,5.52922E+01,5.52922E+01,5.52922E+01,5.52922E+01,5.52922E+01,5.52922E+01,5.52922E+01,5.52922E+01,5.70878E+00,5.52922E+01 
#t = 1.764E+03
5.52922E+01,5.52922E+01,5.52922E+01,5.52922E+01,5.52922E+01,5.52922E+01,5.52922E+01,5.52922E+01,5.52922E+01,5.52922E+01,5.52922E+01,5.52922E+01,5.52922E+01,5.52922E+01,5.52922E+01,5.52922E+01,5.52922E+01,5.52922E+01,5.52922E+01,5.52922E+01,5.52922E+01,5.52922E+01,5.52922E+01,5.52922E+01,5.52922E+01,5.52922E+01,5.52922E+01,5.52922E+01,5.52922E+01,5.52922E+01,1.60280E+00,5.52922E+01,5.52922E+01,3.86244E+00,5.52922E+01,1.31576E+01,5.52922E+01,5.52922E+01,5.52922E+01,2.48286E+00,5.52922E+01 
#t = 1.806E+03
5.52922E+01,5.52922E+01,5.52922E+01,1.14219E+01,5.52922E+01,1.14219E+01,5.52922E+01,5.52922E+01,5.52922E+01,5.52922E+01,1.14219E+01,5.52922E+01,5.52922E+01,1.14219E+01,1.31576E+01,5.52922E+01,5.52922E+01,5.52922E+01,4.68989E+00,5.52922E+01,5.52922E+01,5.52922E+01,3.30711E+01,5.52922E+01,5.52922E+01,5.52922E+01,5.52922E+01,3.13851E+01 
#t = 1.848E+03
5.52922E+01,5.52922E+01,5.52922E+01,5.52922E+01,5.52922E+01,5.52922E+01,5.52922E+01,5.52922E+01,5.52922E+01,5.52922E+01,4.46005E+00,3.13851E+01,5.52922E+01,5.52922E+01,5.52922E+01,5.52922E+01,1.40492E+01,5.52922E+01,5.52922E+01,5.52922E+01,5.52922E+01,5.52922E+01,3.13851E+01,5.52922E+01,5.52922E+01,5.52922E+01,5.52922E+01,5.52922E+01,5.52922E+01,2.24821E+00,5.52922E+01,5.52922E+01,1.15528E+01,5.52922E+01,9.50281E+00,5.52922E+01,5.52922E+01,5.52922E+01,5.52922E+01,6.37867E+00,5.52922E+01,5.52922E+01,5.52922E+01,5.52922E+01,5.52922E+01,5.52922E+01,5.52922E+01 
#t = 1.890E+03
5.52922E+01,3.13851E+01,5.52922E+01,5.52922E+01,5.52922E+01,5.52922E+01,5.52922E+01,3.13851E+01,5.52922E+01,3.13851E+01,5.52922E+01,3.13851E+01,5.52922E+01,3.13851E+01,5.52922E+01,5.52922E+01,5.52922E+01,5.52922E+01,5.52922E+01,5.52922E+01,5.52922E+01,5.52922E+01,5.52922E+01,5.52922E+01,5.52922E+01,5.52922E+01,5.52922E+01,5.52922E+01,5.52922E+01,5.52922E+01,5.52922E+01,5.52922E+01,5.52922E+01,5.52922E+01,5.52922E+01,5.52922E+01,5.52922E+01,5.52922E+01,5.52922E+01,2.36547E-01,5.52922E+01,5.52922E+01,3.55037E+00 
#t = 1.932E+03
5.52922E+01,5.52922E+01,5.52922E+01,5.52922E+01,5.52922E+01,5.52922E+01,5.52922E+01,5.52922E+01,5.52922E+01,5.52922E+01,5.52922E+01,5.52922E+01,5.52922E+01,5.52922E+01,5.52922E+01,5.52922E+01,5.52922E+01,5.52922E+01,3.29117E+01,5.52922E+01,5.52922E+01,5.52922E+01,5.52922E+01,5.52922E+01,5.52922E+01,5.52922E+01,5.52922E+01,5.52922E+01,5.52922E+01,5.52922E+01,5.52922E+01,5.52922E+01,5.52922E+01,5.52922E+01,5.52922E+01,5.52922E+01,1.72513E+00,5.52922E+01,5.52922E+01,5.52922E+01,5.52922E+01,5.52922E+01,5.52922E+01,4.13720E-01,5.52922E+01,5.09689E+00,3.29117E+01 
#t = 1.974E+03
5.52922E+01,5.52922E+01,5.52922E+01,5.52922E+01,5.52922E+01,5.52922E+01,5.52922E+01,5.52922E+01,5.52922E+01,3.29117E+01,5.52922E+01,5.52922E+01,5.52922E+01,5.52922E+01,5.52922E+01,5.52922E+01,5.52922E+01,5.52922E+01,5.52922E+01,3.29117E+01,5.52922E+01,5.52922E+01,5.52922E+01,5.52922E+01,5.52922E+01,3.29117E+01,5.52922E+01,5.52922E+01,5.52922E+01,5.52922E+01,5.52922E+01,5.52922E+01,5.52922E+01,5.52922E+01,5.52922E+01,5.52922E+01,5.52922E+01,5.52922E+01,5.52922E+01,1.01905E+00,5.97224E-01,5.36320E+00 
#t = 2.016E+03
5.52922E+01,5.52922E+01,5.52922E+01,5.52922E+01,5.52922E+01,5.52922E+01,5.52922E+01,5.52922E+01,5.52922E+01,5.52922E+01,5.52922E+01,5.52922E+01,5.52922E+01,5.52922E+01,5.52922E+01,5.52922E+01,5.52922E+01,5.52922E+01,5.52922E+01,3.29117E+01,5.52922E+01,5.52922E+01,5.52922E+01,5.52922E+01,5.52922E+01,5.52922E+01,3.29117E+01,3.29117E+01,5.52922E+01,5.52922E+01,5.52922E+01,5.52922E+01,5.52922E+01,5.52922E+01,5.52922E+01,5.52922E+01,5.52922E+01,5.52922E+01,1.01149E+01,5.52922E+01,5.52922E+01,5.52922E+01,5.52922E+01,3.29117E+01,5.52922E+01,5.52922E+01,3.29117E+01,5.52922E+01,2.91730E+00,3.29117E+01 
#t = 2.058E+03
5.52922E+01,3.29117E+01,3.29117E+01,5.52922E+01,5.52922E+01,5.52922E+01,3.29117E+01,5.52922E+01,5.52922E+01,5.52922E+01,3.29117E+01,3.29117E+01,5.52922E+01,5.52922E+01,3.29117E+01,5.52922E+01,5.52922E+01,6.63182E+00,5.52922E+01,5.52922E+01,8.10694E+00,5.52922E+01,3.29117E+01,5.52922E+01,5.52922E+01,5.52922E+01,5.52922E+01,2.29323E+00,5.52922E+01,5.52922E+01,3.29117E+01,5.52922E+01,5.52922E+01,7.18736E+00,5.52922E+01,1.13103E+00 
#t = 2.100E+03
3.29117E+01,3.29117E+01,5.52922E+01,5.52922E+01,5.52922E+01,5.52922E+01,5.52922E+01,3.29117E+01,3.29117E+01,5.52922E+01,5.52922E+01,5.52922E+01,5.52922E+01,3.29117E+01,5.52922E+01,3.29117E+01,5.52922E+01,3.29117E+01,5.52922E+01,5.52922E+01,5.52922E+01,5.52922E+01,5.52922E+01,5.52922E+01,5.52922E+01,1.41628E+01,5.52922E+01,5.52922E+01,5.52922E+01,3.29117E+01,5.52922E+01,1.41628E+01,3.29117E+01,7.08688E+00,3.29117E+01 
#t = 2.142E+03
5.52922E+01,5.52922E+01,5.52922E+01,3.29117E+01,3.29117E+01,5.52922E+01,5.52922E+01,5.52922E+01,1.16361E+01,5.52922E+01,3.29117E+01,5.52922E+01,3.29117E+01,7.22536E+00,5.52922E+01,5.52922E+01,1.16361E+01,3.29117E+01,3.29117E+01,1.16361E+01,5.52922E+01,3.29117E+01,5.52922E+01,5.52922E+01,3.29117E+01,1.88380E+01,5.52922E+01,5.52922E+01,5.52922E+01,5.52922E+01,3.29117E+01,5.52922E+01,1.99279E+00,5.52922E+01,1.16361E+01 
#t = 2.184E+03
5.52922E+01,5.52922E+01,5.52922E+01,1.16361E+01,3.29117E+01,3.29117E+01,1.88380E+01,1.16361E+01,3.29117E+01,3.29117E+01,3.29117E+01,1.88380E+01,1.88380E+01,3.29117E+01,5.52922E+01,5.52922E+01,3.29117E+01,3.29117E+01,1.57573E+01,3.29117E+01 
#t = 2.226E+03
5.52922E+01,1.97787E+01,3.29117E+01,5.52922E+01,3.29117E+01,3.29117E+01,1.97787E+01,5.52922E+01,1.97787E+01,5.52922E+01,3.29117E+01,5.52922E+01,3.29117E+01,3.29117E+01,3.29117E+01,5.52922E+01,5.52922E+01,5.54838E+00,5.52922E+01,5.52922E+01,3.29117E+01,5.52922E+01,3.29117E+01,4.50348E-01,3.29117E+01,6.56649E+00,5.52922E+01,5.52922E+01,5.52922E+01,3.29117E+01,3.29117E+01,7.45898E-01,3.29117E+01,1.97787E+01,3.29117E+01,8.17900E-01,5.52922E+01,5.52922E+01,5.52922E+01 
#t = 2.268E+03
3.29117E+01,5.52922E+01,5.52922E+01,1.97787E+01,3.29117E+01,5.52922E+01,5.52922E+01,3.29117E+01,3.29117E+01,3.29117E+01,5.52922E+01,3.29117E+01,3.29117E+01,5.52922E+01,5.52922E+01,5.52922E+01,5.52922E+01,3.29117E+01,5.52922E+01,5.52922E+01,5.52922E+01,5.52922E+01,5.52922E+01,5.52922E+01,1.26096E+01,3.29117E+01,5.52922E+01,5.52922E+01,5.52922E+01,3.29117E+01,3.29117E+01,5.52922E+01,5.52922E+01,3.29117E+01,5.52922E+01,5.52922E+01,3.29117E+01,3.29117E+01,3.29117E+01,3.29117E+01,5.52922E+01,3.29117E+01,5.52922E+01,3.29117E+01,3.29117E+01,3.29117E+01,5.52922E+01,5.52922E+01,2.49525E+00,3.29117E+01,5.52922E+01,8.51291E+00,3.29117E+01 
#t = 2.310E+03
5.52922E+01,5.52922E+01,3.29117E+01,5.52922E+01,5.52922E+01,3.29117E+01,9.46974E+00,1.05352E+01,3.29117E+01,3.29117E+01,5.52922E+01,5.52922E+01,3.29117E+01,3.29117E+01,3.29117E+01,5.52922E+01,5.52922E+01,3.29117E+01,5.52922E+01,3.29117E+01,3.29117E+01,3.44119E+01,3.29117E+01,3.29117E+01,1.58171E+01,5.52922E+01,3.29117E+01,3.29117E+01,5.52922E+01,3.44119E+01,5.52922E+01,3.29117E+01,7.32944E-01,3.29117E+01,5.52922E+01,5.52922E+01,3.29117E+01,5.52922E+01 
#t = 2.352E+03
3.29117E+01,3.29117E+01,5.52922E+01,5.52922E+01,3.29117E+01,5.52922E+01,3.29117E+01,3.29117E+01,5.46216E+00,5.52922E+01,3.29117E+01,5.52922E+01,3.29117E+01,5.86533E+00,5.52922E+01,5.52922E+01,5.52922E+01,3.29117E+01,5.52922E+01,3.29117E+01,5.52922E+01,3.29117E+01,5.52922E+01,5.52922E+01,5.52922E+01,5.52922E+01,5.52922E+01,3.29117E+01,5.52922E+01,3.29117E+01,3.29117E+01,3.29117E+01,5.52922E+01,3.29117E+01,4.40205E-01,3.29117E+01 
#t = 2.394E+03
3.29117E+01,3.29117E+01,3.29117E+01,5.52922E+01,4.83545E+01,5.52922E+01,3.29117E+01,3.29117E+01,5.52922E+01,5.52922E+01,3.29117E+01,5.52922E+01,3.29117E+01,3.29117E+01,3.29117E+01,3.29117E+01,3.29117E+01,4.83545E+01,3.29117E+01,5.52922E+01,5.52922E+01,3.29117E+01,5.52922E+01,5.52922E+01,5.52922E+01,5.52922E+01,3.29117E+01,5.52922E+01,3.29117E+01 
#t = 2.436E+03
3.29117E+01,5.52922E+01,4.83545E+01,3.29117E+01,3.29117E+01,5.52922E+01,3.29117E+01,3.29117E+01,5.52922E+01,3.29117E+01,3.29117E+01,3.29117E+01,3.29117E+01,5.52922E+01,3.29117E+01,2.33500E+01,3.29117E+01,5.52922E+01,3.29117E+01,3.29117E+01,5.52922E+01,3.29117E+01,5.52922E+01,5.52922E+01,5.52922E+01,5.52922E+01,4.83545E+01,1.85494E+00,2.33500E+01,4.83545E+01,5.52922E+01,5.52922E+01,3.29117E+01,5.52922E+01,5.52922E+01,2.64321E+01,5.52922E+01,3.29117E+01,4.19450E+00,5.52922E+01,5.52922E+01,5.52922E+01,3.29117E+01,3.29117E+01,3.29117E+01,5.01319E+00,5.52922E+01,5.40986E+00,7.82524E-01,1.87325E+01 
#t = 2.478E+03
5.52922E+01,3.29117E+01,3.29117E+01,3.29117E+01,2.33500E+01,5.52922E+01,5.52922E+01,4.83545E+01,3.29117E+01,3.29117E+01,1.21295E+01,3.29117E+01,5.52922E+01,3.29117E+01,3.29117E+01,3.29117E+01,3.29117E+01,3.29117E+01,3.29117E+01,5.52922E+01,8.53022E+00,5.52922E+01,3.29117E+01,5.52922E+01,5.52922E+01,3.29117E+01,5.52922E+01,3.29117E+01,3.29117E+01,3.29117E+01,3.29117E+01,5.52922E+01,4.83545E+01,1.59452E+00,3.29117E+01,5.52922E+01,3.29117E+01,5.52922E+01,5.52922E+01,5.52922E+01,4.83545E+01 
#t = 2.520E+03
5.52922E+01,4.83545E+01,5.52922E+01,5.52922E+01,3.29117E+01,4.83545E+01,3.29117E+01,3.29117E+01,3.29117E+01,5.52922E+01,3.29117E+01,3.29117E+01,3.29117E+01,1.19443E+01,3.29117E+01,5.52922E+01,3.29117E+01,3.29117E+01,3.29117E+01,3.29117E+01,3.29117E+01,5.52922E+01,3.29117E+01,1.19443E+01,5.52922E+01,5.52922E+01,3.29117E+01,3.29117E+01,5.52922E+01,5.52922E+01,5.52922E+01,3.29117E+01,3.29117E+01,3.29117E+01,8.14708E-01,3.29117E+01,4.38228E-01,3.29117E+01,5.52922E+01,5.52922E+01,3.29117E+01,3.29117E+01,3.29117E+01,3.29117E+01 
#t = 2.562E+03
4.83545E+01,5.52922E+01,5.52922E+01,5.52922E+01,3.29117E+01,5.52922E+01,5.52922E+01,3.29117E+01,3.29117E+01,3.29117E+01,4.83545E+01,4.83545E+01,5.52922E+01,3.29117E+01,5.52922E+01,5.52922E+01,4.34063E+00,5.52922E+01,5.52922E+01,3.29117E+01,5.52922E+01,5.52922E+01,1.38975E+01,5.52922E+01,5.52922E+01,1.38975E+01,5.52922E+01,5.52922E+01,3.29117E+01,5.52922E+01,5.52922E+01,9.39809E-01,5.52922E+01,5.52922E+01,5.23238E-01,3.29117E+01,1.61471E+00,5.52922E+01,3.29117E+01,3.29117E+01,3.29117E+01,5.52922E+01,5.52922E+01,5.52922E+01,3.93558E+00,9.77063E-01,5.52922E+01,5.52922E+01,3.43991E+00 
#t = 2.604E+03
5.52922E+01,5.52922E+01,3.29117E+01,5.52922E+01,5.52922E+01,4.83545E+01,5.52922E+01,3.29117E+01,5.52922E+01,4.83545E+01,5.52922E+01,5.52922E+01,4.83545E+01,4.83545E+01,3.29117E+01,5.52922E+01,5.52922E+01,3.29117E+01,5.52922E+01,4.83545E+01,2.38787E+01,4.83545E+01,5.52922E+01,5.52922E+01,5.52922E+01,4.83545E+01,2.38787E+01,4.83545E+01,4.83545E+01,5.52922E+01,4.83545E+01,4.83545E+01,4.83545E+01,5.52922E+01,5.52922E+01,4.83545E+01,2.38787E+01,4.83545E+01,4.83545E+01,4.83545E+01,7.35005E-01,5.52922E+01,1.70634E+00,5.52922E+01,5.52922E+01,5.52922E+01 
#t = 2.646E+03
3.29117E+01,4.83545E+01,4.83545E+01,5.52922E+01,4.83545E+01,4.83545E+01,4.83545E+01,4.83545E+01,4.83545E+01,4.83545E+01,4.83545E+01,4.83545E+01,5.52922E+01,4.83545E+01,4.83545E+01,4.83545E+01,4.83545E+01,4.83545E+01,4.83545E+01,5.52922E+01,4.83545E+01,4.83545E+01,5.52922E+01,5.52922E+01,4.83545E+01,4.83545E+01,4.83545E+01,5.52922E+01,4.83545E+01,4.83545E+01,4.83545E+01,5.52922E+01,4.83545E+01,4.83545E+01,4.83545E+01,4.83545E+01,4.83545E+01,4.83545E+01,4.83545E+01,4.83545E+01,4.83545E+01,4.83545E+01,4.83545E+01,7.34996E+00,4.83545E+01,4.83545E+01,4.83545E+01,4.83545E+01,4.83545E+01 
#t = 2.688E+03
5.52922E+01,4.83545E+01,4.83545E+01,4.83545E+01,4.83545E+01,4.83545E+01,4.83545E+01,4.83545E+01,2.23448E+01,4.83545E+01,4.83545E+01,4.83545E+01,4.83545E+01,4.83545E+01,4.83545E+01,4.83545E+01,4.83545E+01,4.83545E+01,4.83545E+01,4.83545E+01,4.83545E+01,4.83545E+01,4.83545E+01,4.83545E+01,4.83545E+01,4.83545E+01,4.83545E+01,4.83545E+01,4.83545E+01,4.83545E+01,4.83545E+01,4.83545E+01,4.83545E+01,4.83545E+01,4.83545E+01,4.83545E+01,4.83545E+01,3.47474E-01,2.22547E+00,2.23448E+01,4.83545E+01,8.18104E-01,2.08247E+00,4.83545E+01,4.83545E+01,4.83545E+01 
#t = 2.730E+03
2.23448E+01,4.83545E+01,4.83545E+01,4.83545E+01,4.83545E+01,4.83545E+01,4.83545E+01,4.83545E+01,4.83545E+01,4.83545E+01,4.83545E+01,4.83545E+01,4.83545E+01,4.83545E+01,4.83545E+01,4.83545E+01,4.83545E+01,4.83545E+01,4.83545E+01,4.83545E+01,6.16072E+00,4.83545E+01,4.83545E+01,9.83769E-01,4.83545E+01,4.83545E+01,4.83545E+01,4.83545E+01,4.83545E+01,4.83545E+01,4.83545E+01,4.83545E+01,4.83545E+01,4.83545E+01,4.83545E+01,4.51261E+00,2.23448E+01,4.83545E+01 
#t = 2.772E+03
4.83545E+01,4.83545E+01,4.83545E+01,4.83545E+01,4.83545E+01,2.23448E+01,4.83545E+01,4.83545E+01,4.83545E+01,4.83545E+01,4.83545E+01,4.83545E+01,4.83545E+01,4.83545E+01,4.83545E+01,4.83545E+01,4.83545E+01,4.83545E+01,4.83545E+01,4.83545E+01,4.83545E+01,4.83545E+01,4.83545E+01,4.83545E+01,4.83545E+01,4.83545E+01,1.98408E+00,4.83545E+01,6.86734E+00,4.83545E+01,4.83545E+01,4.83545E+01,4.83545E+01,4.83545E+01,4.83545E+01,4.83545E+01,4.83545E+01,4.83545E+01,4.83545E+01,4.83545E+01,4.83545E+01,2.23448E+01,4.83545E+01,4.83545E+01,3.11264E+00 
#t = 2.814E+03
4.83545E+01,4.83545E+01,1.16442E+01,4.83545E+01,4.83545E+01,4.83545E+01,4.83545E+01,4.83545E+01,4.83545E+01,2.23448E+01,4.83545E+01,4.83545E+01,4.83545E+01,4.83545E+01,4.83545E+01,4.83545E+01,4.83545E+01,4.83545E+01,4.83545E+01,4.83545E+01,4.83545E+01,4.83545E+01,4.83545E+01,4.83545E+01,4.83545E+01,4.83545E+01,4.83545E+01,4.83545E+01,4.83545E+01,4.83545E+01,4.83545E+01,4.83545E+01,4.83545E+01,4.83545E+01,4.83545E+01,4.83545E+01,3.97802E+00,4.83545E+01,4.83545E+01,1.43140E+00,4.83545E+01,4.83545E+01,4.83545E+01 
#t = 2.856E+03
4.83545E+01,4.83545E+01,4.83545E+01,4.83545E+01,4.83545E+01,4.83545E+01,4.83545E+01,4.83545E+01,4.83545E+01,4.83545E+01,4.83545E+01,4.83545E+01,4.83545E+01,4.83545E+01,8.27526E+00,4.83545E+01,4.83545E+01,4.83545E+01,4.83545E+01,4.83545E+01,4.83545E+01,4.83545E+01,4.83545E+01,4.83545E+01,4.83545E+01,4.83545E+01,4.83545E+01,4.83545E+01,4.83545E+01,4.83545E+01,4.83545E+01,4.83545E+01,4.83545E+01,4.83545E+01,4.83545E+01,4.83545E+01,4.83545E+01,4.83545E+01,4.83545E+01,4.83545E+01,2.87393E+00,2.77836E-01 
#t = 2.898E+03
4.83545E+01,4.83545E+01,4.83545E+01,4.83545E+01,4.83545E+01,4.83545E+01,4.83545E+01,4.83545E+01,4.83545E+01,4.83545E+01,4.83545E+01,4.83545E+01,4.83545E+01,4.83545E+01,4.83545E+01,4.83545E+01,4.83545E+01,4.83545E+01,4.83545E+01,4.83545E+01,4.83545E+01,1.85739E+01,4.83545E+01,4.83545E+01,4.83545E+01,4.83545E+01,4.83545E+01,4.83545E+01,4.83545E+01,4.83545E+01,4.83545E+01,4.83545E+01,4.83545E+01,4.83545E+01,4.83545E+01,4.83545E+01,4.83545E+01,4.83545E+01,4.83545E+01,4.83545E+01,2.27349E+00,4.83545E+01,4.83545E+01 
#t = 2.940E+03
4.83545E+01,4.83545E+01,4.83545E+01,4.83545E+01,4.83545E+01,4.83545E+01,4.83545E+01,4.83545E+01,4.83545E+01,9.94401E+00,4.83545E+01,4.83545E+01,4.83545E+01,4.83545E+01,4.83545E+01,4.83545E+01,4.83545E+01,4.83545E+01,4.83545E+01,4.83545E+01,4.83545E+01,4.83545E+01,4.83545E+01,4.83545E+01,4.83545E+01,4.83545E+01,1.63940E+00,4.83545E+01,4.83545E+01,4.83545E+01,6.67233E+00,4.83545E+01,4.83545E+01,4.83545E+01,4.83545E+01,4.83545E+01,4.83545E+01,4.83545E+01,4.83545E+01 
#t = 2.982E+03
4.83545E+01,4.83545E+01,4.83545E+01,4.83545E+01,4.83545E+01,4.83545E+01,4.83545E+01,4.83545E+01,4.83545E+01,4.83545E+01,4.83545E+01,4.83545E+01,4.83545E+01,4.83545E+01,4.83545E+01,4.83545E+01,4.83545E+01,4.83545E+01,4.83545E+01,4.83545E+01,4.83545E+01,4.83545E+01,4.83545E+01,4.83545E+01,4.83545E+01,4.83545E+01,1.14675E+01,4.83545E+01,4.83545E+01,4.83545E+01,4.83545E+01,4.83545E+01,4.83545E+01,4.83545E+01 
#t = 3.024E+03
4.83545E+01,4.83545E+01,4.83545E+01,4.83545E+01,4.83545E+01,1.09352E+01,4.83545E+01,4.83545E+01,4.83545E+01,4.83545E+01,4.83545E+01,4.83545E+01,4.83545E+01,4.83545E+01,4.83545E+01,4.83545E+01,4.83545E+01,4.83545E+01,4.83545E+01,4.83545E+01,4.83545E+01,4.83545E+01,4.83545E+01,4.83545E+01,4.83545E+01,4.83545E+01,4.83545E+01,4.83545E+01,4.83545E+01,1.14195E+01,1.91603E+00,1.14195E+01,4.83545E+01,4.83545E+01,4.83545E+01 
#t = 3.066E+03
4.83545E+01,4.83545E+01,4.83545E+01,4.83545E+01,4.83545E+01,4.83545E+01,4.83545E+01,4.83545E+01,4.83545E+01,4.83545E+01,4.83545E+01,4.83545E+01,4.83545E+01,4.83545E+01,4.83545E+01,4.83545E+01,4.83545E+01,4.83545E+01,4.83545E+01,4.83545E+01,4.83545E+01,4.83545E+01,4.83545E+01,4.83545E+01,4.83545E+01,4.83545E+01,4.83545E+01,4.83545E+01,4.83545E+01,4.83545E+01,4.83545E+01,4.83545E+01,2.70347E+00,3.57907E+00,4.83545E+01,2.65615E+00 
#t = 3.108E+03
4.83545E+01,4.83545E+01,4.83545E+01,4.83545E+01,4.83545E+01,4.83545E+01,4.83545E+01,4.83545E+01,4.83545E+01,4.83545E+01,4.83545E+01,4.83545E+01,4.83545E+01,4.83545E+01,4.83545E+01,4.83545E+01,4.83545E+01,9.75959E+00,4.83545E+01,4.83545E+01,4.83545E+01,4.83545E+01,4.83545E+01,4.83545E+01,4.83545E+01,4.83545E+01,4.83545E+01,4.83545E+01,4.83545E+01,4.83545E+01,4.83545E+01,4.83545E+01,9.17146E+00,4.83545E+01,4.83545E+01,4.83545E+01,4.83545E+01,4.83545E+01,4.83545E+01,4.83545E+01,4.83545E+01,4.83545E+01,4.83545E+01,2.98617E+00,7.02100E-01 
#t = 3.150E+03
4.83545E+01,4.83545E+01,4.83545E+01,4.83545E+01,4.83545E+01,4.83545E+01,4.83545E+01,4.83545E+01,4.83545E+01,4.83545E+01,4.83545E+01,4.83545E+01,4.83545E+01,4.83545E+01,4.83545E+01,4.83545E+01,4.83545E+01,4.83545E+01,4.83545E+01,4.83545E+01,4.83545E+01,4.83545E+01,4.83545E+01,4.83545E+01,4.83545E+01,4.83545E+01,5.79165E-01,4.83545E+01,4.83545E+01,4.83545E+01,4.83545E+01,4.83545E+01,4.83545E+01,4.83545E+01,4.83545E+01,4.83545E+01,4.83545E+01,4.83545E+01,3.68227E+00 
#t = 3.192E+03
4.83545E+01,4.83545E+01,4.83545E+01,4.83545E+01,4.83545E+01,4.83545E+01,4.83545E+01,4.83545E+01,4.83545E+01,4.83545E+01,4.83545E+01,4.83545E+01,4.83545E+01,2.17186E+01,4.83545E+01,4.83545E+01,4.83545E+01,4.83545E+01,7.16896E+00,4.83545E+01,4.83545E+01,2.17186E+01,4.83545E+01,4.83545E+01,4.83545E+01,4.83545E+01,4.83545E+01,1.06646E+01,4.83545E+01,4.83545E+01,4.83545E+01,2.52546E+01,4.83545E+01,1.06646E+01,4.83545E+01,4.83545E+01,4.83545E+01,9.67980E-01,4.83545E+01,1.85267E+00,4.83545E+01 
#t = 3.234E+03
4.83545E+01,4.83545E+01,4.83545E+01,4.83545E+01,4.83545E+01,4.83545E+01,1.06646E+01,4.83545E+01,4.83545E+01,4.83545E+01,4.83545E+01,4.83545E+01,4.83545E+01,4.83545E+01,4.83545E+01,8.06436E+00,4.83545E+01,4.83545E+01,4.83545E+01,4.83545E+01,4.83545E+01,4.83545E+01,1.06646E+01,4.83545E+01,4.83545E+01,1.31537E+01,4.83545E+01,4.83545E+01,4.83545E+01,4.83545E+01,4.83545E+01,4.83545E+01,4.83545E+01,4.83545E+01,4.83545E+01,4.83545E+01,4.83545E+01,4.83545E+01,4.83545E+01,1.31537E+01,5.67951E+00,1.06646E+01,4.83545E+01,4.83545E+01,4.83545E+01,4.83545E+01,1.31537E+01,4.83545E+01,4.83545E+01,1.86035E+00,4.83545E+01,4.83545E+01,4.83545E+01 
#t = 3.276E+03
4.83545E+01,4.83545E+01,4.83545E+01,4.83545E+01,4.83545E+01,4.83545E+01,4.83545E+01,4.83545E+01,4.83545E+01,4.83545E+01,4.83545E+01,4.83545E+01,4.83545E+01,4.83545E+01,4.83545E+01,4.83545E+01,4.83545E+01,4.83545E+01,4.83545E+01,4.83545E+01,4.83545E+01,4.83545E+01,4.83545E+01,4.83545E+01,4.83545E+01,4.83545E+01,4.83545E+01,4.83545E+01,4.83545E+01,4.83545E+01,4.83545E+01,4.83545E+01,4.83545E+01,4.83545E+01,4.83545E+01,4.83545E+01,4.83545E+01,1.03500E+01,4.83545E+01,1.03500E+01,4.83545E+01,4.83545E+01,1.03500E+01 
#t = 3.318E+03
4.83545E+01,4.83545E+01,4.83545E+01,4.83545E+01,4.83545E+01,4.83545E+01,4.83545E+01,4.83545E+01,4.83545E+01,4.83545E+01,4.83545E+01,4.83545E+01,4.83545E+01,4.83545E+01,4.83545E+01,4.83545E+01,4.83545E+01,4.83545E+01,4.83545E+01,4.83545E+01,4.83545E+01,4.83545E+01,4.83545E+01,9.28788E+00,4.83545E+01,4.83545E+01,4.83545E+01,5.84586E+00,4.83545E+01,4.83545E+01,1.41434E+01,4.83545E+01,4.83545E+01,1.41434E+01,4.83545E+01,4.83545E+01,4.83545E+01,1.57339E+00,4.83545E+01,4.83545E+01,4.83545E+01,4.83545E+01,4.83545E+01,4.83545E+01,4.83545E+01,1.88438E+00 
#t = 3.360E+03
4.83545E+01,4.83545E+01,4.83545E+01,4.83545E+01,4.83545E+01,4.83545E+01,4.83545E+01,4.83545E+01,4.83545E+01,4.83545E+01,4.83545E+01,4.83545E+01,4.83545E+01,4.83545E+01,4.83545E+01,4.83545E+01,4.83545E+01,1.26496E+01,4.83545E+01,4.83545E+01,4.83545E+01,4.83545E+01,4.83545E+01,4.83545E+01,4.83545E+01,4.83545E+01,4.83545E+01,4.83545E+01,4.83545E+01,1.72171E+01,4.83545E+01,4.83545E+01,4.83545E+01,8.07142E+00,4.83545E+01,4.83545E+01,4.83545E+01,4.83545E+01,4.83545E+01,4.13967E+00,4.83545E+01,4.83545E+01 
#t = 3.402E+03
4.83545E+01,1.72171E+01,4.83545E+01,4.83545E+01,4.83545E+01,4.83545E+01,4.83545E+01,4.83545E+01,5.96401E+00,4.83545E+01,4.83545E+01,4.83545E+01,4.83545E+01,4.14551E+00,4.83545E+01,2.06005E+01,4.83545E+01,4.83545E+01,4.83545E+01,1.23941E+01,4.83545E+01,4.83545E+01,4.83545E+01,4.83545E+01,4.83545E+01,2.38037E+00,4.83545E+01,3.26974E+00,1.14611E+00,4.83545E+01,4.83545E+01,4.83545E+01,4.83545E+01,4.83545E+01 
#t = 3.444E+03
4.83545E+01,4.83545E+01,4.83545E+01,4.83545E+01,4.83545E+01,4.83545E+01,4.83545E+01,4.83545E+01,4.83545E+01,4.83545E+01,4.83545E+01,4.83545E+01,4.83545E+01,4.83545E+01,4.83545E+01,4.83545E+01,4.83545E+01,4.83545E+01,4.83545E+01,4.83545E+01,4.83545E+01,4.83545E+01,4.83545E+01,4.83545E+01,4.83545E+01,4.83545E+01,4.83545E+01,4.83545E+01,4.83545E+01,4.83545E+01,4.83545E+01,4.83545E+01,4.83545E+01,4.83545E+01,4.83545E+01,4.83545E+01,1.99427E+00 
#t = 3.486E+03
4.83545E+01,4.83545E+01,4.83545E+01,4.83545E+01,4.83545E+01,4.83545E+01,4.83545E+01,4.83545E+01,4.83545E+01,4.83545E+01,4.83545E+01,4.83545E+01,4.83545E+01,4.83545E+01,4.83545E+01,4.83545E+01,4.83545E+01,4.83545E+01,4.83545E+01,4.83545E+01,4.83545E+01,6.55054E+00,4.83545E+01,4.83545E+01,4.83545E+01,4.83545E+01,1.34690E+01,4.83545E+01,4.83545E+01,1.34690E+01,4.83545E+01,4.83545E+01,4.83545E+01,4.83545E+01,4.83545E+01,4.83545E+01,4.83545E+01,1.34690E+01,4.83545E+01,4.25438E-01 
#t = 3.528E+03
4.83545E+01,4.83545E+01,4.83545E+01,4.83545E+01,4.83545E+01,4.83545E+01,4.83545E+01,4.83545E+01,4.83545E+01,4.83545E+01,4.83545E+01,4.83545E+01,4.83545E+01,4.83545E+01,4.83545E+01,4.83545E+01,4.83545E+01,4.83545E+01,4.83545E+01,4.83545E+01,4.83545E+01,4.83545E+01,4.83545E+01,4.83545E+01,4.83545E+01,4.83545E+01,4.83545E+01,4.83545E+01,4.83545E+01,4.83545E+01,4.83545E+01,4.83545E+01,4.83545E+01,4.83545E+01,4.83545E+01,4.83545E+01 
#t = 3.570E+03
4.83545E+01,4.83545E+01,4.83545E+01,4.83545E+01,4.83545E+01,4.83545E+01,4.83545E+01,4.83545E+01,4.83545E+01,4.83545E+01,4.83545E+01,4.83545E+01,4.83545E+01,4.83545E+01,4.83545E+01,4.83545E+01,4.83545E+01,4.83545E+01,4.83545E+01,4.83545E+01,4.83545E+01,4.83545E+01,4.83545E+01,4.83545E+01,4.83545E+01,4.83545E+01,4.83545E+01,4.83545E+01,4.83545E+01,4.83545E+01,4.83545E+01,4.83545E+01,4.32405E-01,4.83545E+01,4.83545E+01,4.83545E+01,4.83545E+01,4.83545E+01,4.83545E+01,4.83545E+01,4.83545E+01,4.83545E+01,4.83545E+01,8.05962E-01,1.58780E+00 
#t = 3.612E+03
4.83545E+01,4.83545E+01,4.83545E+01,4.83545E+01,4.83545E+01,4.83545E+01,4.83545E+01,4.83545E+01,4.83545E+01,4.83545E+01,4.83545E+01,4.83545E+01,4.83545E+01,4.83545E+01,4.83545E+01,4.83545E+01,4.83545E+01,4.83545E+01,4.83545E+01,4.83545E+01,4.83545E+01,4.83545E+01,4.83545E+01,4.83545E+01,4.83545E+01,4.83545E+01,4.83545E+01,4.83545E+01,4.83545E+01,4.83545E+01,4.83545E+01,4.83545E+01,4.83545E+01,4.83545E+01,4.83545E+01,4.83545E+01,4.83545E+01,4.83545E+01,4.83545E+01,4.83545E+01,4.83545E+01 
#t = 3.654E+03
4.83545E+01,4.83545E+01,4.83545E+01,4.83545E+01,4.83545E+01,4.83545E+01,4.83545E+01,4.83545E+01,4.83545E+01,4.83545E+01,4.83545E+01,4.83545E+01,4.83545E+01,4.83545E+01,4.83545E+01,4.83545E+01,4.83545E+01,4.83545E+01,4.83545E+01,4.83545E+01,4.83545E+01,4.83545E+01,4.83545E+01,4.83545E+01,4.83545E+01,4.83545E+01,2.16805E+00,4.83545E+01,4.83545E+01,4.83545E+01,4.83545E+01,4.83545E+01,4.83545E+01,4.83545E+01,2.87180E+00,4.83545E+01,4.83545E+01,8.79479E-01,4.83545E+01,4.83545E+01,2.73631E-01,4.83545E+01,1.96313E+00,4.83545E+01,4.83545E+01 
#t = 3.696E+03
4.83545E+01,4.83545E+01,4.83545E+01,4.83545E+01,4.83545E+01,4.83545E+01,4.83545E+01,4.83545E+01,4.83545E+01,4.83545E+01,4.83545E+01,4.83545E+01,4.83545E+01,4.83545E+01,4.83545E+01,4.83545E+01,4.83545E+01,4.83545E+01,4.83545E+01,4.83545E+01,4.83545E+01,4.83545E+01,4.83545E+01,4.83545E+01,4.83545E+01,4.83545E+01,4.83545E+01,4.83545E+01,4.83545E+01,4.83545E+01,4.83545E+01 
#t = 3.738E+03
4.83545E+01,4.83545E+01,4.83545E+01,4.83545E+01,4.83545E+01,4.83545E+01,4.83545E+01,4.83545E+01,8.11476E+00,4.83545E+01,4.83545E+01,4.83545E+01,4.83545E+01,4.83545E+01,4.83545E+01,4.83545E+01,9.77295E+00,4.83545E+01,4.83545E+01,4.83545E+01,4.83545E+01,4.83545E+01,4.83545E+01,4.83545E+01,4.83545E+01,4.83545E+01,4.83545E+01,4.83545E+01,4.83545E+01,4.83545E+01,4.83545E+01,4.83545E+01,4.83545E+01,1.01546E+01,4.83545E+01,4.83545E+01,4.83545E+01,4.83545E+01,4.83545E+01,4.83545E+01,4.83545E+01 
#t = 3.780E+03
4.83545E+01,4.83545E+01,4.83545E+01,4.83545E+01,4.83545E+01,4.83545E+01,4.83545E+01,4.83545E+01,4.83545E+01,4.83545E+01,4.83545E+01,4.83545E+01,4.83545E+01,4.83545E+01,4.83545E+01,4.83545E+01,4.83545E+01,4.83545E+01,4.83545E+01,4.83545E+01,4.83545E+01,4.83545E+01,4.83545E+01,4.83545E+01,4.83545E+01,4.83545E+01,4.83545E+01,4.83545E+01,4.83545E+01,4.83545E+01,4.83545E+01,4.83545E+01,4.83545E+01,4.83545E+01,4.83545E+01,4.83545E+01,4.83545E+01,4.83545E+01,4.83545E+01,4.83545E+01,4.83545E+01,4.83545E+01,4.83545E+01,4.83545E+01,4.83545E+01,6.13262E+00,4.83545E+01,4.83545E+01,1.10651E+00,4.83545E+01,4.83545E+01,4.83545E+01,4.83545E+01,4.83545E+01 
#t = 3.822E+03
4.83545E+01,4.83545E+01,4.83545E+01,4.83545E+01,4.83545E+01,4.83545E+01,4.83545E+01,4.83545E+01,4.09449E+00,4.83545E+01,4.83545E+01,4.83545E+01,4.83545E+01,4.83545E+01,4.83545E+01,4.83545E+01,4.83545E+01,4.83545E+01,4.83545E+01,4.83545E+01,4.83545E+01,4.83545E+01,4.83545E+01,4.83545E+01,4.83545E+01,4.83545E+01,4.83545E+01,4.83545E+01,4.83545E+01,4.83545E+01,4.83545E+01,4.83545E+01,4.83545E+01,4.83545E+01,4.83545E+01,4.83545E+01,4.83545E+01,4.83545E+01,4.83545E+01,4.83545E+01,4.83545E+01,4.83545E+01 
#t = 3.864E+03
4.83545E+01,4.83545E+01,4.83545E+01,4.83545E+01,4.83545E+01,4.83545E+01,4.83545E+01,4.83545E+01,4.83545E+01,4.83545E+01,4.83545E+01,4.83545E+01,4.83545E+01,4.83545E+01,4.83545E+01,4.83545E+01,4.83545E+01,4.83545E+01,4.83545E+01,4.83545E+01,4.83545E+01,4.83545E+01,4.83545E+01,4.83545E+01,4.83545E+01,4.83545E+01,4.83545E+01,4.83545E+01,4.83545E+01,2.47636E-01,4.83545E+01,4.83545E+01,4.83545E+01,2.36774E+00,4.83545E+01,4.83545E+01,4.83545E+01,4.83545E+01,4.83545E+01,4.83545E+01,4.83545E+01,4.83545E+01,4.83545E+01,4.83545E+01,4.83545E+01,4.83545E+01,1.14461E+00,4.83545E+01 
#t = 3.906E+03
4.83545E+01,4.83545E+01,4.83545E+01,4.83545E+01,4.83545E+01,4.83545E+01,4.83545E+01,4.83545E+01,4.83545E+01,4.83545E+01,4.83545E+01,4.83545E+01,4.83545E+01,4.83545E+01,4.83545E+01,4.83545E+01,4.83545E+01,4.83545E+01,4.83545E+01,4.83545E+01,4.83545E+01,4.83545E+01,4.83545E+01,4.83545E+01,4.83545E+01,4.83545E+01,4.83545E+01,4.83545E+01,4.83545E+01,4.83545E+01,4.83545E+01,4.83545E+01,4.83545E+01,4.83545E+01,4.83545E+01,4.83545E+01,4.83545E+01,3.34338E+00,4.83545E+01,4.83545E+01,4.83545E+01,2.04377E+00,4.83545E+01,2.06997E+00,4.23280E+00,4.83545E+01 
#t = 3.948E+03
4.83545E+01,4.83545E+01,4.83545E+01,4.83545E+01,4.83545E+01,4.83545E+01,4.83545E+01,4.83545E+01,4.83545E+01,4.83545E+01,4.83545E+01,4.83545E+01,4.83545E+01,4.83545E+01,4.83545E+01,4.83545E+01,4.83545E+01,6.16893E+00,1.86706E+01,4.83545E+01,4.83545E+01,4.83545E+01,4.83545E+01,4.83545E+01,4.83545E+01,2.97092E+00,4.83545E+01,4.83545E+01,4.83545E+01,4.83545E+01,8.62077E+00,3.62048E+00,4.83545E+01,4.83545E+01,4.83545E+01,4.83545E+01,4.83545E+01,4.83545E+01 
#t = 3.990E+03
4.83545E+01,4.83545E+01,4.83545E+01,4.83545E+01,4.83545E+01,4.83545E+01,4.83545E+01,4.83545E+01,4.83545E+01,8.33681E+00,4.83545E+01,4.83545E+01,4.83545E+01,4.83545E+01,4.83545E+01,4.83545E+01,3.21097E-01,4.83545E+01,4.83545E+01,4.83545E+01,4.83545E+01,4.83545E+01,1.16682E+00,4.83545E+01,4.83545E+01,4.83545E+01,8.29247E-01,4.83545E+01,4.83545E+01,4.83545E+01,2.48142E+00 
#t = 4.032E+03
4.83545E+01,4.83545E+01,4.83545E+01,4.83545E+01,4.83545E+01,4.83545E+01,4.83545E+01,4.83545E+01,4.83545E+01,4.83545E+01,4.83545E+01,4.83545E+01,4.83545E+01,2.02327E+00,4.83545E+01,4.83545E+01,4.83545E+01,4.83545E+01,4.83545E+01,4.83545E+01,4.83545E+01,4.83545E+01,4.83545E+01,4.83545E+01,4.83545E+01,4.83545E+01,4.83545E+01,4.83545E+01,4.83545E+01,4.83545E+01,4.83545E+01,4.83545E+01,1.78808E+01,4.83545E+01,4.83545E+01,4.83545E+01,4.83545E+01,1.78808E+01,1.78808E+01,4.83545E+01,4.83545E+01,4.83545E+01,4.83545E+01,4.83545E+01,4.83545E+01,4.83545E+01 
#t = 4.074E+03
4.83545E+01,4.83545E+01,4.83545E+01,4.83545E+01,1.78808E+01,4.83545E+01,4.83545E+01,4.83545E+01,4.83545E+01,4.83545E+01,4.83545E+01,4.83545E+01,4.83545E+01,4.83545E+01,4.83545E+01,4.83545E+01,4.83545E+01,1.78808E+01,4.83545E+01,4.83545E+01,4.83545E+01,4.83545E+01,1.78808E+01,4.83545E+01,1.78808E+01,4.83545E+01,4.83545E+01,4.83545E+01,4.83545E+01,1.78808E+01,4.83545E+01,7.55844E+00,4.83545E+01,4.83545E+01,4.83545E+01,4.83545E+01,4.83545E+01,4.83545E+01 
#t = 4.116E+03
4.83545E+01,4.83545E+01,4.83545E+01,4.83545E+01,4.83545E+01,4.83545E+01,4.83545E+01,4.83545E+01,4.83545E+01,4.83545E+01,4.83545E+01,4.83545E+01,4.83545E+01,4.83545E+01,4.83545E+01,4.83545E+01,7.06906E+00,6.71098E+00,4.83545E+01,4.83545E+01,4.83545E+01,4.83545E+01,4.83545E+01,8.02384E+00,4.83545E+01,4.83545E+01,4.83545E+01,4.83545E+01,4.83545E+01,4.83545E+01,4.83545E+01,2.79062E+00,4.83545E+01 
#t = 4.158E+03
4.83545E+01,4.83545E+01,4.83545E+01,4.83545E+01,4.83545E+01,4.83545E+01,4.83545E+01,4.83545E+01,4.83545E+01,4.83545E+01,4.83545E+01,1.35738E+01,4.83545E+01,1.35738E+01,4.83545E+01,4.83545E+01,4.83545E+01,4.83545E+01,4.83545E+01,4.83545E+01,4.83545E+01,4.83545E+01,4.83545E+01,4.83545E+01,4.83545E+01,4.83545E+01,4.83545E+01,4.83545E+01,4.83545E+01,4.83545E+01,3.24740E+00,4.83545E+01,1.42179E+00,7.47718E-01,4.83545E+01,4.83545E+01,4.83545E+01,4.83545E+01,4.83545E+01,1.35738E+01,4.83545E+01,4.83545E+01,5.67695E+00,4.83545E+01,4.83545E+01,1.85042E+00 
#t = 4.200E+03
4.83545E+01,4.83545E+01,4.83545E+01,4.83545E+01,4.83545E+01,4.83545E+01,1.35738E+01,4.83545E+01,4.83545E+01,4.83545E+01,4.83545E+01,4.83545E+01,1.35738E+01,4.83545E+01,4.83545E+01,4.83545E+01,4.83545E+01,4.83545E+01,1.35738E+01,4.83545E+01,4.83545E+01,4.83545E+01,4.83545E+01,4.83545E+01,4.83545E+01,4.83545E+01,4.34319E+00,4.83545E+01,4.83545E+01,4.83545E+01,4.83545E+01,1.35738E+01,2.70265E+00,4.83545E+01,4.83545E+01,4.83545E+01 
