#t = 0.000E+00
1.28748E+00,2.15355E-01,4.03585E+00,5.20492E+00,3.54360E+00 
#t = 4.200E+01
4.11969E+00,2.35289E+01,1.68362E+00,8.79286E-01,1.42936E+00 
#t = 8.400E+01
1.53137E+01,7.60924E+00,2.21216E+00,1.53137E+01,1.53137E+01,6.07960E+00 
#t = 1.260E+02
1.53137E+01,1.99207E+01,7.08593E+00,1.53137E+01,1.53137E+01,1.99207E+01,2.63168E+00,9.93993E+00,1.53137E+01 
#t = 1.680E+02
1.53137E+01,1.53137E+01,6.02696E+00,5.13657E+00,6.09772E+00,1.80330E+00,1.53137E+01,1.65957E+00,3.29762E+00 
#t = 2.100E+02
2.47432E+01,7.98558E+00,1.95001E+00,1.78384E+00,1.93582E+00 
#t = 2.520E+02
2.47432E+01,2.47432E+01,1.00824E+01,2.47432E+01,2.47432E+01,2.47432E+01,6.86120E+00,1.04092E+01 
#t = 2.940E+02
2.47432E+01,2.47432E+01,2.47432E+01,2.47432E+01,2.47432E+01,7.73774E+00,2.47432E+01,2.47432E+01,2.47432E+01,2.47432E+01,2.47432E+01,2.47432E+01 
#t = 3.360E+02
2.47432E+01,2.47432E+01,2.47432E+01,2.47432E+01,2.47432E+01,2.47432E+01,2.47432E+01,2.47432E+01,2.47432E+01,2.47432E+01,2.47432E+01,2.47432E+01,2.47432E+01,2.47432E+01,2.47432E+01,2.47432E+01,2.47432E+01 
#t = 3.780E+02
2.47432E+01,2.47432E+01,2.47432E+01,2.47432E+01,2.47432E+01,2.47432E+01,2.47432E+01,2.47432E+01,2.47432E+01,2.47432E+01,2.47432E+01,2.47432E+01,2.47432E+01,2.47432E+01,1.00148E+01,2.47432E+01,2.47432E+01,2.47432E+01,2.47432E+01,2.47432E+01,2.47432E+01,3.99691E-01,2.47432E+01,2.47432E+01 
#t = 4.200E+02
2.47432E+01,2.47432E+01,2.47432E+01,1.05707E+01,2.47432E+01,2.47432E+01,2.47432E+01,2.47432E+01,2.47432E+01,8.05485E+00,2.47432E+01,2.47432E+01,2.47432E+01,2.47432E+01,2.47432E+01,2.47432E+01,2.47432E+01,2.47432E+01,2.47432E+01,2.47432E+01,2.47432E+01,2.47432E+01,2.47432E+01,2.47432E+01,2.47432E+01,2.47432E+01,2.47432E+01,7.19016E+00,2.47432E+01,1.57439E+00,5.02303E+00 
#t = 4.620E+02
2.47432E+01,2.47432E+01,2.47432E+01,2.47432E+01,2.47432E+01,2.47432E+01,2.47432E+01,2.47432E+01,2.47432E+01,2.47432E+01,2.47432E+01,2.47432E+01,1.05707E+01,2.47432E+01,2.47432E+01,2.47432E+01,2.47432E+01,2.47432E+01,7.33734E-01,2.47432E+01,2.47432E+01,2.47432E+01,7.52727E+00,2.47432E+01,4.97414E+00 
#t = 5.040E+02
2.47432E+01,2.47432E+01,2.47432E+01,2.47432E+01,2.47432E+01,2.47432E+01,1.17721E+01,1.18391E+01,2.47432E+01,1.17721E+01,2.47432E+01,2.47432E+01,2.47432E+01,2.47432E+01,1.17721E+01,2.47432E+01,1.05707E+01,2.51932E+00,2.47432E+01,2.91090E+00,2.47432E+01,1.05707E+01,2.47432E+01 
#t = 5.460E+02
2.47432E+01,2.47432E+01,1.01544E+01,2.47432E+01,2.47432E+01,2.47432E+01,9.54656E+00,1.33996E+01,8.97708E+00,2.47432E+01,2.47432E+01,1.33996E+01,2.47432E+01,2.47432E+01,2.47432E+01,2.47432E+01,2.47432E+01,2.47432E+01,2.47432E+01,2.47432E+01,2.47432E+01,2.47432E+01,2.00446E+00,2.47432E+01 
#t = 5.880E+02
2.47432E+01,2.47432E+01,2.47432E+01,2.47432E+01,2.47432E+01,1.30677E+01,2.47432E+01,2.47432E+01,2.47432E+01,2.47432E+01,2.47432E+01,2.47432E+01,1.30677E+01,1.30677E+01,2.47432E+01,2.47432E+01,2.47432E+01,2.47432E+01,2.47432E+01,2.47432E+01,2.47432E+01,2.47432E+01,2.47432E+01,1.47845E+00,2.47432E+01,3.62943E+00 
#t = 6.300E+02
2.47432E+01,2.47432E+01,2.47432E+01,2.47432E+01,2.47432E+01,2.47432E+01,2.47432E+01,2.47432E+01,2.47432E+01,2.47432E+01,2.47432E+01,2.47432E+01,2.47432E+01,3.37355E+01,2.47432E+01,2.47432E+01,3.37355E+01 
#t = 6.720E+02
2.47432E+01,2.47432E+01,2.47432E+01,3.37355E+01,3.37355E+01,3.37355E+01,3.37355E+01,3.37355E+01,2.47432E+01,2.47432E+01,2.47432E+01,2.47432E+01,2.47432E+01,3.37355E+01,2.08558E+00,2.47432E+01,2.17631E+00,1.02132E+00,2.47432E+01,2.47432E+01 
#t = 7.140E+02
2.47432E+01,2.47432E+01,3.37355E+01,3.37355E+01,3.37355E+01,2.47432E+01,3.37355E+01,2.47432E+01,3.37355E+01,3.37355E+01,3.37355E+01,2.47432E+01,3.37355E+01,3.37355E+01,3.37355E+01,3.37355E+01,3.37355E+01,2.47432E+01,3.37355E+01,3.37355E+01,2.47432E+01,3.37355E+01,3.37355E+01,3.37355E+01,1.04266E+01,1.04266E+01,3.37355E+01,3.37355E+01,3.37355E+01,1.04266E+01,3.37355E+01,3.37355E+01,3.37355E+01,3.37355E+01,3.37355E+01,3.49844E+00 
#t = 7.560E+02
3.37355E+01,3.37355E+01,3.37355E+01,3.37355E+01,2.47432E+01,3.37355E+01,3.37355E+01,3.37355E+01,3.37355E+01,3.37355E+01,3.37355E+01,3.37355E+01,3.37355E+01,3.37355E+01,3.37355E+01,3.37355E+01,3.37355E+01,3.37355E+01,3.37355E+01,3.37355E+01,3.37355E+01,3.37355E+01,3.37355E+01,2.47432E+01,3.37355E+01,3.37355E+01,3.37355E+01,3.37355E+01,2.79484E+00,3.37355E+01,3.37355E+01,4.95421E+00,6.81174E-01,3.37355E+01 
#t = 7.980E+02
3.37355E+01,3.37355E+01,3.37355E+01,3.37355E+01,8.54678E+00,3.37355E+01,3.37355E+01,3.37355E+01,3.37355E+01,3.37355E+01,3.37355E+01,3.37355E+01,3.37355E+01,3.37355E+01,3.37355E+01,3.37355E+01,3.37355E+01,3.37355E+01,3.37355E+01,3.37355E+01,3.37355E+01,3.37355E+01,3.37355E+01,3.37355E+01,3.37355E+01,3.37355E+01,3.37355E+01 
#t = 8.400E+02
3.37355E+01,3.37355E+01,3.37355E+01,3.37355E+01,3.37355E+01,3.37355E+01,3.37355E+01,3.37355E+01,3.37355E+01,3.37355E+01,3.37355E+01,3.37355E+01,3.37355E+01,3.37355E+01,3.37355E+01,3.37355E+01,3.37355E+01,3.37355E+01,3.37355E+01,3.37355E+01,3.37355E+01,3.37355E+01,3.37355E+01,3.37355E+01,3.37355E+01,3.37355E+01,3.37355E+01,3.37355E+01,3.37355E+01,7.02150E+00,3.37355E+01,3.37355E+01,3.37355E+01 
#t = 8.820E+02
3.37355E+01,3.37355E+01,3.37355E+01,3.37355E+01,3.37355E+01,3.37355E+01,3.37355E+01,3.37355E+01,3.37355E+01,3.37355E+01,3.37355E+01,3.37355E+01,3.37355E+01,3.37355E+01,3.37355E+01,4.95759E+00,3.37355E+01,3.37355E+01,3.37355E+01,3.37355E+01,3.37355E+01,3.37355E+01,3.37355E+01,7.37423E+00,3.37355E+01,3.37355E+01,2.45033E+00,3.37355E+01,3.37355E+01,2.52278E+01,3.90860E+00,3.37355E+01,3.37355E+01,3.37355E+01,3.37355E+01,3.37355E+01,3.37355E+01,3.37355E+01,3.37355E+01,2.18167E+00 
#t = 9.240E+02
3.37355E+01,3.37355E+01,3.37355E+01,3.37355E+01,3.37355E+01,3.37355E+01,3.37355E+01,3.37355E+01,3.37355E+01,3.37355E+01,3.37355E+01,3.37355E+01,3.37355E+01,3.37355E+01,3.37355E+01,3.37355E+01,3.37355E+01,3.37355E+01,3.37355E+01,3.37355E+01,3.37355E+01,3.37355E+01,3.37355E+01,3.37355E+01,3.37355E+01,3.37355E+01,3.37355E+01,3.37355E+01,4.87799E+00,3.37355E+01,3.37355E+01,3.37355E+01,3.37355E+01,3.37355E+01,3.37355E+01,3.37355E+01,3.37355E+01,3.37355E+01,7.41938E+00,3.37355E+01 
#t = 9.660E+02
3.37355E+01,3.37355E+01,3.37355E+01,3.37355E+01,3.37355E+01,3.37355E+01,3.37355E+01,3.37355E+01,3.37355E+01,3.37355E+01,3.37355E+01,3.37355E+01,3.37355E+01,3.37355E+01,3.37355E+01,3.37355E+01,3.37355E+01,1.44526E+01,3.37355E+01,3.37355E+01,3.37355E+01,3.37355E+01,1.44526E+01,3.37355E+01,3.37355E+01,3.37355E+01,3.37355E+01,3.37355E+01,3.37355E+01,3.37355E+01,3.37355E+01,3.37355E+01,1.10367E+01,3.37355E+01,3.37355E+01,3.37355E+01,3.37355E+01,3.37355E+01,3.37355E+01,3.37355E+01,3.37355E+01,3.37355E+01,3.37355E+01,3.37355E+01,3.37355E+01,3.37355E+01,3.37355E+01,3.37355E+01,3.37355E+01 
#t = 1.008E+03
3.37355E+01,3.37355E+01,3.37355E+01,3.37355E+01,1.67387E+01,3.37355E+01,3.37355E+01,1.44526E+01,3.37355E+01,3.37355E+01,3.37355E+01,3.37355E+01,3.37355E+01,3.37355E+01,3.37355E+01,3.37355E+01,3.37355E+01,3.37355E+01,3.37355E+01,3.37355E+01,1.67387E+01,3.37355E+01,3.37355E+01,1.03369E+01,1.61616E+01,9.66341E-01,1.01854E+01,1.61616E+01,3.37355E+01,3.37355E+01,1.61616E+01,3.37355E+01,1.00067E+01,3.37355E+01,7.49715E-01,3.09068E+00,4.49103E+00 
#t = 1.050E+03
3.37355E+01,3.37355E+01,3.37355E+01,3.37355E+01,3.37355E+01,3.37355E+01,3.37355E+01,3.84220E+01,3.37355E+01,1.58259E+01,3.37355E+01,3.37355E+01,3.37355E+01,3.37355E+01,3.37355E+01,3.37355E+01,3.37355E+01,3.37355E+01,3.37355E+01,3.84220E+01,4.41145E-01,3.84220E+01,3.90320E+00,3.37355E+01,3.37355E+01,3.84220E+01,3.37355E+01,3.37355E+01,3.37355E+01,3.84220E+01,3.37355E+01,3.37355E+01,2.52585E+00,1.42680E+00,3.84220E+01,3.37355E+01,3.37355E+01 
#t = 1.092E+03
3.37355E+01,3.37355E+01,3.37355E+01,3.84220E+01,3.37355E+01,3.37355E+01,3.37355E+01,3.37355E+01,3.37355E+01,3.37355E+01,3.37355E+01,3.37355E+01,3.37355E+01,3.37355E+01,3.37355E+01,3.37355E+01,3.84220E+01,3.37355E+01,3.37355E+01,3.37355E+01,4.04619E+00,3.37355E+01,3.37355E+01,3.37355E+01,9.06120E-01,3.37355E+01,3.37355E+01,3.37355E+01,3.37355E+01,3.37355E+01,3.37355E+01,3.37355E+01,3.37355E+01 
#t = 1.134E+03
3.37355E+01,3.37355E+01,3.37355E+01,3.37355E+01,9.12745E+00,3.37355E+01,3.37355E+01,3.37355E+01,3.37355E+01,3.37355E+01,3.37355E+01,3.37355E+01,3.37355E+01,3.37355E+01,3.37355E+01,3.37355E+01,3.84220E+01,3.37355E+01,3.37355E+01,3.37355E+01,3.37355E+01,3.37355E+01,3.37355E+01,3.37355E+01,3.37355E+01,3.37355E+01,1.58628E+00,3.84220E+01,3.37355E+01,3.37355E+01,3.37355E+01,3.37355E+01,3.37355E+01,4.20896E-01,3.37355E+01 
#t = 1.176E+03
3.37355E+01,3.37355E+01,3.37355E+01,3.37355E+01,3.37355E+01,3.37355E+01,3.37355E+01,3.37355E+01,3.37355E+01,5.97502E+00,3.37355E+01,7.18772E+00,3.37355E+01,3.37355E+01,3.37355E+01,3.37355E+01,3.37355E+01,3.37355E+01,3.37355E+01,3.37355E+01,3.37355E+01,3.37355E+01,3.37355E+01,3.37355E+01,3.37355E+01,3.37355E+01,7.37126E+00,3.37355E+01,3.37355E+01,3.37355E+01,1.35161E+00,3.37355E+01 
#t = 1.218E+03
3.37355E+01,3.37355E+01,3.37355E+01,3.37355E+01,3.37355E+01,3.37355E+01,3.37355E+01,3.37355E+01,3.37355E+01,3.37355E+01,3.37355E+01,3.37355E+01,3.37355E+01,3.37355E+01,3.37355E+01,6.24525E+00,3.37355E+01,3.37355E+01,3.37355E+01,3.37355E+01,3.37355E+01,3.37355E+01,3.37355E+01,3.42170E-01,3.37355E+01 
#t = 1.260E+03
3.37355E+01,3.37355E+01,3.37355E+01,3.37355E+01,3.37355E+01,3.37355E+01,3.37355E+01,3.37355E+01,3.37355E+01,3.37355E+01,3.37355E+01,3.37355E+01,3.37355E+01,3.37355E+01,3.37355E+01,3.37355E+01,3.37355E+01,3.37355E+01,3.37355E+01,3.37355E+01,3.37355E+01,3.98079E+00,3.37355E+01,3.37355E+01,7.80381E+00,3.37355E+01,3.37355E+01,3.37355E+01,3.37355E+01,3.37355E+01,3.37355E+01,3.37355E+01,3.37355E+01,3.37355E+01,3.37355E+01 
#t = 1.302E+03
3.37355E+01,3.37355E+01,3.37355E+01,3.37355E+01,3.37355E+01,3.37355E+01,3.37355E+01,3.37355E+01,3.37355E+01,9.09886E+00,3.37355E+01,3.37355E+01,3.37355E+01,3.37355E+01,3.37355E+01,3.37355E+01,3.37355E+01,3.37355E+01,2.98297E+00,3.37355E+01,3.37355E+01,3.37355E+01,3.37355E+01,3.37355E+01,3.37355E+01,3.37355E+01,3.37355E+01,3.37355E+01,3.37355E+01,3.37355E+01,3.37355E+01,3.37355E+01,3.37355E+01,3.37355E+01,2.88884E+00 
#t = 1.344E+03
3.37355E+01,3.37355E+01,3.37355E+01,3.37355E+01,3.37355E+01,3.37355E+01,3.37355E+01,3.37355E+01,3.37355E+01,3.37355E+01,3.37355E+01,3.37355E+01,3.37355E+01,3.37355E+01,3.37355E+01,3.37355E+01,3.37355E+01,3.37355E+01,3.37355E+01,3.37355E+01,3.37355E+01,3.37355E+01,3.37355E+01,3.37355E+01,3.37355E+01,3.37355E+01,3.37355E+01,3.37355E+01,3.37355E+01,1.67591E+00,3.37355E+01,3.37355E+01,2.81423E+00,3.37355E+01 
#t = 1.386E+03
3.37355E+01,3.37355E+01,3.37355E+01,3.37355E+01,3.37355E+01,3.37355E+01,3.37355E+01,3.37355E+01,3.37355E+01,3.37355E+01,3.37355E+01,3.37355E+01,3.37355E+01,3.37355E+01,3.37355E+01,3.37355E+01,3.37355E+01,3.37355E+01,3.37355E+01,3.37355E+01,3.37355E+01,3.37355E+01,3.37355E+01,3.37355E+01,3.37355E+01,3.37355E+01,3.37355E+01,5.85229E+00,3.37355E+01,3.37355E+01,3.37355E+01,3.37355E+01,3.37355E+01,3.37355E+01,3.37355E+01 
#t = 1.428E+03
3.37355E+01,3.37355E+01,3.37355E+01,3.37355E+01,3.37355E+01,3.37355E+01,3.37355E+01,3.37355E+01,3.37355E+01,3.37355E+01,3.37355E+01,3.37355E+01,3.37355E+01,3.37355E+01,3.37355E+01,3.37355E+01,3.37355E+01,3.37355E+01,3.37355E+01,3.37355E+01,5.04936E+00,3.37355E+01,3.37355E+01,3.37355E+01,3.37355E+01,3.37355E+01,2.29470E+00,3.37355E+01,3.43297E+00,3.37355E+01,3.37355E+01,3.37355E+01,3.77698E+00,1.25550E+00,3.37355E+01,3.60152E+00 
#t = 1.470E+03
3.37355E+01,3.37355E+01,3.37355E+01,3.37355E+01,3.37355E+01,3.37355E+01,3.37355E+01,3.37355E+01,3.37355E+01,3.37355E+01,3.37355E+01,3.37355E+01,3.37355E+01,3.37355E+01,3.37355E+01,7.70484E+00,3.37355E+01,3.37355E+01,3.37355E+01,3.37355E+01,9.01349E+00,3.37355E+01,9.80469E-01,3.37355E+01,3.37355E+01,1.89723E+00,3.37355E+01 
#t = 1.512E+03
3.37355E+01,3.37355E+01,3.37355E+01,3.37355E+01,3.37355E+01,3.37355E+01,3.37355E+01,3.37355E+01,3.37355E+01,3.37355E+01,3.37355E+01,3.37355E+01,3.37355E+01,3.37355E+01,3.37355E+01,3.37355E+01,3.37355E+01,3.37355E+01,3.37355E+01,3.37355E+01,3.37355E+01,3.37355E+01,3.37355E+01,1.84155E+00,3.37355E+01,3.37355E+01 
#t = 1.554E+03
3.37355E+01,3.37355E+01,3.37355E+01,3.37355E+01,3.37355E+01,3.37355E+01,3.37355E+01,3.37355E+01,9.31855E+00,3.37355E+01,3.37355E+01,3.37355E+01,3.37355E+01,3.37355E+01,3.37355E+01,3.37355E+01,3.37355E+01,4.71074E+00,3.37355E+01,3.37355E+01,3.37355E+01,6.48564E+00,3.37355E+01,1.42845E+00,3.37355E+01,3.37355E+01,3.37355E+01,3.37355E+01,4.44729E+00,5.85372E-01,3.37355E+01,3.37355E+01,1.56909E+00,3.37355E+01,3.14727E-01 
#t = 1.596E+03
3.37355E+01,3.37355E+01,3.37355E+01,3.37355E+01,3.37355E+01,3.37355E+01,3.37355E+01,3.37355E+01,3.37355E+01,3.37355E+01,3.37355E+01,3.37355E+01,2.70324E+00,3.37355E+01,3.37355E+01,3.37355E+01,3.37355E+01,3.37355E+01,3.37355E+01,3.37355E+01,3.37355E+01,3.37355E+01,3.37355E+01,3.37355E+01,3.37355E+01,3.37355E+01,3.37355E+01,3.37355E+01,3.37355E+01,1.01834E+01,3.37355E+01,3.37355E+01,3.37355E+01,3.37355E+01,3.37355E+01,3.37355E+01,3.01512E+00,1.19768E+00,3.37355E+01 
#t = 1.638E+03
3.37355E+01,3.37355E+01,3.37355E+01,3.37355E+01,3.37355E+01,3.37355E+01,3.37355E+01,3.37355E+01,3.37355E+01,3.37355E+01,3.37355E+01,3.37355E+01,3.37355E+01,3.37355E+01,3.37355E+01,3.37355E+01,3.37355E+01,3.37355E+01,3.37355E+01,3.37355E+01,3.37355E+01,3.37355E+01,3.37355E+01,3.37355E+01,3.37355E+01,3.37355E+01,3.37355E+01,3.37355E+01,3.37355E+01,3.37355E+01,3.37355E+01,3.37355E+01,3.37355E+01,3.37355E+01,3.37355E+01,3.37355E+01 
#t = 1.680E+03
3.37355E+01,3.37355E+01,3.37355E+01,3.37355E+01,3.37355E+01,3.37355E+01,3.37355E+01,3.37355E+01,3.37355E+01,3.37355E+01,3.37355E+01,1.25097E+01,3.37355E+01,3.37355E+01,3.37355E+01,3.37355E+01,3.37355E+01,3.37355E+01,3.37355E+01,3.37355E+01,3.37355E+01,3.37355E+01,3.37355E+01,3.37355E+01,3.37355E+01,3.37355E+01,3.37355E+01,3.37355E+01,3.37355E+01,3.37355E+01,3.37355E+01,2.65054E+00,3.37355E+01,3.84727E+00,3.37355E+01,3.37355E+01 
#t = 1.722E+03
3.37355E+01,3.37355E+01,3.37355E+01,3.37355E+01,3.37355E+01,3.37355E+01,3.37355E+01,3.37355E+01,3.37355E+01,3.37355E+01,3.37355E+01,3.37355E+01,3.37355E+01,3.37355E+01,3.37355E+01,3.37355E+01,3.37355E+01,3.37355E+01,3.37355E+01,1.78201E+01,3.45789E+00,3.37355E+01,3.37355E+01,3.37355E+01,3.37355E+01,9.77871E+00 
#t = 1.764E+03
3.37355E+01,1.78201E+01,3.37355E+01,3.37355E+01,3.37355E+01,3.37355E+01,3.37355E+01,3.37355E+01,3.37355E+01,3.37355E+01,3.37355E+01,3.37355E+01,3.37355E+01,3.37355E+01,3.37355E+01,2.64116E+00,3.37355E+01,3.37355E+01,3.37355E+01,3.37355E+01,3.37355E+01,3.37355E+01,3.37355E+01,3.37355E+01,3.37355E+01,1.78201E+01,3.37355E+01,3.37355E+01,3.37355E+01 
#t = 1.806E+03
3.37355E+01,3.37355E+01,3.37355E+01,3.37355E+01,1.10946E+01,3.37355E+01,3.37355E+01,3.37355E+01,3.37355E+01,3.37355E+01,3.37355E+01,3.37355E+01,3.37355E+01,3.37355E+01,3.37355E+01,3.37355E+01,3.37355E+01,3.37355E+01,3.37355E+01,3.37355E+01,3.37355E+01,3.37355E+01,3.37355E+01,3.37355E+01,3.37355E+01,3.37355E+01,3.37355E+01,7.43957E-01,3.37355E+01,8.69027E+00,3.37355E+01,3.37355E+01,3.37355E+01,3.37355E+01,3.37355E+01,1.07801E+00,3.37355E+01,2.58340E+00 
#t = 1.848E+03
3.37355E+01,3.37355E+01,3.37355E+01,3.37355E+01,3.37355E+01,3.37355E+01,3.37355E+01,3.37355E+01,3.37355E+01,3.37355E+01,3.37355E+01,3.37355E+01,3.37355E+01,3.37355E+01,8.14608E+00,3.37355E+01,3.37355E+01,3.37355E+01,6.96097E+00,3.37355E+01,3.37355E+01,3.37355E+01,3.37355E+01,3.37355E+01,3.37355E+01,3.37355E+01,3.37355E+01,2.24909E+01,3.37355E+01,3.37355E+01,3.37355E+01,1.79433E+00,2.83313E+00,3.37355E+01,4.41479E+00 
#t = 1.890E+03
3.37355E+01,3.37355E+01,3.37355E+01,3.37355E+01,3.37355E+01,3.37355E+01,3.37355E+01,3.37355E+01,3.37355E+01,3.37355E+01,3.37355E+01,3.37355E+01,3.37355E+01,3.37355E+01,3.37355E+01,3.37355E+01,3.37355E+01,3.37355E+01,3.37355E+01,3.37355E+01,3.37355E+01,3.37355E+01,3.37355E+01,3.37355E+01,3.37355E+01,3.37355E+01,3.37355E+01,3.37355E+01,3.37355E+01,3.37355E+01,3.37355E+01 
#t = 1.932E+03
3.37355E+01,3.37355E+01,3.37355E+01,3.37355E+01,3.37355E+01,3.37355E+01,3.37355E+01,3.37355E+01,3.37355E+01,3.37355E+01,3.37355E+01,3.37355E+01,3.37355E+01,3.37355E+01,3.37355E+01,3.37355E+01,3.37355E+01,3.37355E+01,3.37355E+01,3.37355E+01,1.23886E+00,3.37355E+01,3.37355E+01,3.37355E+01,3.37355E+01 
#t = 1.974E+03
3.37355E+01,3.37355E+01,3.37355E+01,3.37355E+01,3.37355E+01,3.37355E+01,7.52064E+00,3.37355E+01,3.37355E+01,3.37355E+01,3.37355E+01,3.37355E+01,3.37355E+01,3.37355E+01,3.37355E+01,3.37355E+01,3.37355E+01,3.37355E+01,9.56075E+00,3.37355E+01,3.37355E+01,3.37355E+01,3.37355E+01,3.37355E+01,4.89928E-01,3.37355E+01,3.37355E+01,3.37355E+01,3.37355E+01 
#t = 2.016E+03
3.37355E+01,3.37355E+01,3.37355E+01,3.37355E+01,3.37355E+01,3.37355E+01,3.37355E+01,3.37355E+01,3.37355E+01,3.37355E+01,3.37355E+01,3.37355E+01,3.37355E+01,3.37355E+01,3.37355E+01,3.37355E+01,3.37355E+01,3.37355E+01,3.37355E+01,3.37355E+01,3.37355E+01,3.37355E+01,3.37355E+01,3.37355E+01,3.37355E+01,3.37355E+01,3.37355E+01,3.37355E+01,3.37355E+01,3.37355E+01,3.37355E+01,3.37355E+01 
#t = 2.058E+03
3.37355E+01,3.37355E+01,3.37355E+01,3.37355E+01,3.37355E+01,3.37355E+01,3.37355E+01,3.37355E+01,3.37355E+01,3.37355E+01,3.37355E+01,3.37355E+01,3.37355E+01,3.37355E+01,3.37355E+01,3.37355E+01,3.37355E+01,3.37355E+01,4.21444E+00,6.84593E-01,3.37355E+01,3.37355E+01,3.37355E+01,5.63528E-01,3.37355E+01,3.37355E+01,3.37355E+01,3.37355E+01,3.37355E+01 
#t = 2.100E+03
3.37355E+01,3.37355E+01,3.37355E+01,3.37355E+01,3.37355E+01,3.37355E+01,3.37355E+01,3.37355E+01,3.37355E+01,3.37355E+01,3.37355E+01,3.37355E+01,3.37355E+01,3.37355E+01,3.37355E+01,3.37355E+01,3.37355E+01,3.37355E+01,3.37355E+01,3.37355E+01,3.37355E+01,3.37355E+01,3.37355E+01,3.37355E+01,3.37355E+01,3.37355E+01,3.37355E+01,3.37355E+01,3.37355E+01,3.37355E+01,3.37355E+01,1.23590E+00,6.71114E+00 
#t = 2.142E+03
3.37355E+01,3.37355E+01,3.37355E+01,3.37355E+01,3.37355E+01,3.37355E+01,3.37355E+01,3.37355E+01,3.37355E+01,3.37355E+01,1.39518E+01,3.37355E+01,3.37355E+01,3.37355E+01,3.37355E+01,3.37355E+01,3.37355E+01,3.37355E+01,3.37355E+01,3.37355E+01,3.37355E+01,3.37355E+01,3.37355E+01,1.80386E+00,3.37355E+01,3.37355E+01,3.37355E+01,3.37355E+01,7.74837E-01,3.37355E+01,3.37355E+01,3.37355E+01,3.37355E+01,3.37355E+01 
#t = 2.184E+03
3.37355E+01,3.37355E+01,3.37355E+01,3.37355E+01,3.37355E+01,1.44871E+01,3.37355E+01,3.37355E+01,3.37355E+01,3.37355E+01,3.37355E+01,3.37355E+01,3.37355E+01,3.37355E+01,6.37245E+00,1.44871E+01,3.37355E+01,3.37355E+01,3.37355E+01,3.37355E+01,3.37355E+01,3.37355E+01,3.37355E+01,3.37355E+01,3.37355E+01,3.37355E+01,3.37355E+01 
#t = 2.226E+03
3.37355E+01,3.37355E+01,3.37355E+01,3.37355E+01,3.37355E+01,3.37355E+01,3.37355E+01,3.37355E+01,3.37355E+01,3.37355E+01,3.37355E+01,3.37355E+01,3.37355E+01,3.37355E+01,3.37355E+01,3.37355E+01,3.37355E+01,3.37355E+01,3.37355E+01,3.37355E+01,3.37355E+01,3.37355E+01,3.37355E+01,3.37355E+01,3.37355E+01,9.82129E-01,3.37355E+01,3.37355E+01,3.37355E+01,9.28371E+00 
#t = 2.268E+03
3.37355E+01,3.37355E+01,3.37355E+01,1.22302E+01,3.37355E+01,3.37355E+01,1.21883E+01,3.37355E+01,3.37355E+01,3.37355E+01,3.37355E+01,3.37355E+01,3.37355E+01,3.37355E+01,3.37355E+01,3.37355E+01,1.22302E+01,3.37355E+01,8.66831E+00,3.37355E+01,4.86623E+00,1.22302E+01,3.37355E+01,4.17477E+00,3.37355E+01,3.37355E+01,3.37355E+01,6.30820E+00,3.37355E+01,1.24292E+01,3.37355E+01,1.98287E+00,1.21883E+01 
#t = 2.310E+03
3.37355E+01,3.37355E+01,3.37355E+01,3.37355E+01,3.37355E+01,3.37355E+01,3.37355E+01,3.37355E+01,3.37355E+01,3.37355E+01,3.37355E+01,3.37355E+01,3.37355E+01,3.37355E+01,3.37355E+01,3.37355E+01,3.37355E+01,3.37355E+01,3.37355E+01,3.37355E+01,3.37355E+01,3.37355E+01,3.37355E+01,3.37355E+01,3.37355E+01,3.37355E+01 
#t = 2.352E+03
3.37355E+01,3.37355E+01,3.37355E+01,3.37355E+01,3.37355E+01,3.37355E+01,3.37355E+01,3.37355E+01,3.37355E+01,3.37355E+01,3.37355E+01,5.23527E+00,6.09732E+00,3.37355E+01,3.37355E+01,3.37355E+01,3.37355E+01,3.37355E+01,3.37355E+01,3.37355E+01,8.81142E+00,3.37355E+01,3.37355E+01,3.37355E+01,3.37355E+01,3.37355E+01,8.79324E+00,1.03961E+00,3.37355E+01 
#t = 2.394E+03
3.37355E+01,3.37355E+01,3.37355E+01,3.37355E+01,3.37355E+01,3.37355E+01,3.37355E+01,3.37355E+01,3.37355E+01,3.37355E+01,3.37355E+01,1.25142E+01,3.37355E+01,1.25142E+01,3.37355E+01,3.37355E+01,3.37355E+01,3.37355E+01,3.37355E+01,3.37355E+01,3.37355E+01,7.90734E+00,3.37355E+01,3.37355E+01,3.37355E+01,1.25142E+01,3.37355E+01,3.37355E+01,7.33712E+00,3.37355E+01,8.90029E-01,3.37355E+01,3.37355E+01,1.86627E+00,1.57331E+01 
#t = 2.436E+03
3.37355E+01,3.37355E+01,3.37355E+01,3.37355E+01,3.37355E+01,3.37355E+01,3.37355E+01,3.37355E+01,3.37355E+01,3.37355E+01,3.37355E+01,3.37355E+01,3.37355E+01,3.37355E+01,3.37355E+01,3.37355E+01,3.37355E+01,3.37355E+01,3.37355E+01,3.37355E+01,3.37355E+01,3.37355E+01,3.37355E+01,3.63538E-01,3.37355E+01,5.61760E-01,3.37355E+01,3.37355E+01,3.37355E+01,3.47819E+00,3.37355E+01,3.37355E+01,5.53529E+00,3.37355E+01 
#t = 2.478E+03
3.37355E+01,3.37355E+01,3.37355E+01,3.37355E+01,3.37355E+01,3.37355E+01,3.37355E+01,3.37355E+01,3.37355E+01,3.37355E+01,3.37355E+01,3.37355E+01,3.37355E+01,3.37355E+01,8.51962E+00,3.37355E+01,3.37355E+01,3.37355E+01,3.37355E+01,3.37355E+01,3.37355E+01,3.37355E+01,3.37355E+01,3.37355E+01,3.37355E+01,7.79465E+00,3.37355E+01,3.37355E+01,2.26525E+00,7.95608E+00,3.37355E+01,3.37355E+01,3.37355E+01,1.33359E+00,3.37355E+01 
#t = 2.520E+03
3.37355E+01,3.37355E+01,3.37355E+01,3.37355E+01,3.37355E+01,3.37355E+01,3.37355E+01,3.37355E+01,3.37355E+01,3.37355E+01,3.37355E+01,3.37355E+01,3.37355E+01,3.37355E+01,3.37355E+01,3.37355E+01,3.37355E+01,3.37355E+01,3.37355E+01,3.37355E+01,3.37355E+01,3.37355E+01,3.37355E+01,3.37355E+01,3.37355E+01,5.72012E+00,3.37355E+01,3.37355E+01,3.37355E+01,3.37355E+01,3.37355E+01,3.37355E+01,3.37355E+01,3.37355E+01,3.37355E+01,3.37355E+01,3.37355E+01,3.37355E+01,5.44793E-01,3.37355E+01,3.37355E+01,5.73534E+00,3.37355E+01,3.37355E+01,3.37355E+01,3.37355E+01 
#t = 2.562E+03
3.37355E+01,3.37355E+01,3.37355E+01,3.37355E+01,3.37355E+01,3.37355E+01,3.37355E+01,3.37355E+01,3.37355E+01,3.37355E+01,3.37355E+01,3.37355E+01,3.37355E+01,3.37355E+01,3.37355E+01,5.90154E+00,3.37355E+01,3.37355E+01,7.66028E+00,3.37355E+01,3.37355E+01,3.37355E+01,3.37355E+01,3.37355E+01,4.48230E+00,3.37355E+01,3.37355E+01,3.37355E+01,3.37355E+01,3.37355E+01,3.37355E+01 
#t = 2.604E+03
3.37355E+01,3.37355E+01,3.37355E+01,3.37355E+01,3.37355E+01,3.37355E+01,3.37355E+01,3.37355E+01,3.37355E+01,3.37355E+01,3.37355E+01,3.37355E+01,3.37355E+01,6.38886E+00,1.73539E+01,3.37355E+01,3.37355E+01,3.37355E+01,3.37355E+01,3.37355E+01,3.37355E+01,3.37355E+01,3.37355E+01,3.37355E+01,3.37355E+01,3.37355E+01,3.37355E+01,3.37355E+01,3.37355E+01,3.37355E+01,2.18460E+00,3.37355E+01,3.37355E+01,3.37355E+01,3.37355E+01,3.37355E+01,3.37355E+01 
#t = 2.646E+03
3.37355E+01,3.37355E+01,3.37355E+01,3.37355E+01,3.37355E+01,3.37355E+01,3.37355E+01,3.37355E+01,3.37355E+01,3.37355E+01,3.37355E+01,3.37355E+01,3.37355E+01,3.37355E+01,3.37355E+01,3.37355E+01,3.37355E+01,3.37355E+01,3.37355E+01,3.37355E+01,3.37355E+01,3.37355E+01,3.37355E+01,3.37355E+01,2.12883E+00,3.37355E+01,1.29374E+00,3.37355E+01,1.04354E+01,3.37355E+01,3.37355E+01,3.99301E+00,1.80923E-01,6.63761E-01 
#t = 2.688E+03
3.37355E+01,1.70765E+01,3.37355E+01,1.70765E+01,2.88325E+01,3.37355E+01,3.37355E+01,3.37355E+01,3.37355E+01,3.37355E+01,3.37355E+01,3.37355E+01,3.37355E+01,3.37355E+01,3.37355E+01,3.37355E+01,3.37355E+01,3.37355E+01,3.37355E+01,3.37355E+01,3.37355E+01,3.37355E+01,3.37355E+01,2.88325E+01,3.37355E+01,3.37355E+01,3.37355E+01,3.37355E+01,3.37355E+01,3.37355E+01,3.37355E+01,3.37355E+01,3.37355E+01,3.37355E+01,3.37355E+01,3.24309E+00,3.37355E+01,1.70765E+01,2.24828E+00,3.37355E+01,3.37355E+01,3.37355E+01 
#t = 2.730E+03
3.37355E+01,3.37355E+01,3.37355E+01,3.37355E+01,1.70765E+01,1.70765E+01,3.37355E+01,3.37355E+01,6.01217E+00,3.37355E+01,3.37355E+01,3.37355E+01,3.37355E+01,3.37355E+01,3.37355E+01,3.37355E+01,3.37355E+01,3.37355E+01,3.37355E+01,3.37355E+01,4.11453E+00,3.37355E+01,3.37355E+01,3.98594E+00,3.37355E+01,3.37355E+01,3.37355E+01,3.37355E+01,3.37355E+01,3.37355E+01,4.74520E+00,3.37355E+01,3.37355E+01,3.37355E+01,3.37355E+01,3.37355E+01,5.55079E-01,3.37355E+01,3.37355E+01,7.92917E+00 
#t = 2.772E+03
3.37355E+01,3.37355E+01,3.37355E+01,3.37355E+01,3.37355E+01,3.37355E+01,3.37355E+01,1.70765E+01,3.37355E+01,3.37355E+01,3.37355E+01,3.37355E+01,3.37355E+01,3.37355E+01,3.37355E+01,3.37355E+01,3.37355E+01,3.37355E+01,1.70765E+01,3.37355E+01,3.37355E+01,3.37355E+01,3.37355E+01,3.37355E+01,3.37355E+01,3.86198E+00,3.37355E+01,3.37355E+01,3.37355E+01,3.37355E+01,3.37355E+01,3.37355E+01,3.37355E+01,3.37355E+01,1.62948E+01,3.37355E+01,3.37355E+01,3.37355E+01,3.37355E+01,3.37355E+01,3.37355E+01,3.37355E+01,2.06213E-01 
#t = 2.814E+03
3.37355E+01,3.37355E+01,3.37355E+01,3.37355E+01,3.37355E+01,3.37355E+01,3.57638E+01,3.37355E+01,3.57638E+01,3.37355E+01,3.37355E+01,3.37355E+01,3.37355E+01,3.57638E+01,3.37355E+01,3.57638E+01,3.37355E+01,3.57638E+01,3.37355E+01,3.37355E+01,3.37355E+01,5.55939E-01,3.37355E+01,3.37355E+01,3.57638E+01,3.37355E+01,3.37355E+01,3.37355E+01,3.37355E+01,2.60171E+00,1.25547E+01,3.37355E+01,1.84136E+00,4.31971E+00 
#t = 2.856E+03
3.57638E+01,3.57638E+01,3.37355E+01,3.37355E+01,3.37355E+01,3.37355E+01,3.37355E+01,3.37355E+01,3.37355E+01,3.37355E+01,3.37355E+01,3.37355E+01,3.37355E+01,3.37355E+01,1.18724E+01,3.37355E+01,3.37355E+01,7.33938E+00,3.37355E+01,2.97017E+00,3.37355E+01,3.37355E+01,3.37355E+01,3.37355E+01,3.37355E+01,2.00868E-01,3.37355E+01,4.44539E+00,3.37355E+01 
#t = 2.898E+03
3.37355E+01,3.37355E+01,3.37355E+01,3.37355E+01,3.57638E+01,3.37355E+01,3.37355E+01,3.37355E+01,3.37355E+01,3.37355E+01,3.37355E+01,3.37355E+01,3.37355E+01,3.37355E+01,3.37355E+01,3.37355E+01,3.37355E+01,3.37355E+01,3.37355E+01,3.37355E+01,3.37355E+01,3.37355E+01,3.37355E+01,3.37355E+01,3.37355E+01,3.57638E+01,1.18724E+01,3.37355E+01,3.37355E+01,3.37355E+01,1.18724E+01,3.37355E+01,3.37355E+01,3.37355E+01,3.37355E+01,3.37355E+01,3.37355E+01,3.37355E+01,3.37355E+01,3.57638E+01,3.37355E+01,3.37355E+01,4.78180E+00,3.37355E+01,3.37355E+01 
#t = 2.940E+03
3.57638E+01,3.37355E+01,3.37355E+01,3.37355E+01,3.37355E+01,3.37355E+01,3.37355E+01,3.37355E+01,3.37355E+01,3.37355E+01,3.37355E+01,3.37355E+01,3.37355E+01,3.37355E+01,3.37355E+01,3.37355E+01,3.37355E+01,3.37355E+01,3.37355E+01,3.37355E+01,3.37355E+01,3.37355E+01,3.37355E+01,3.37355E+01,3.37355E+01,3.37355E+01,3.37355E+01,3.37355E+01,3.37355E+01,3.37355E+01,3.37355E+01,3.37355E+01,3.37355E+01,3.37355E+01,3.37355E+01,3.37355E+01,3.37355E+01,3.37355E+01,3.37355E+01,3.37355E+01,3.37355E+01,3.18025E+00,3.37355E+01,3.57638E+01,3.37355E+01,1.87758E+00,1.31444E+01,3.37355E+01,4.11132E+00 
#t = 2.982E+03
3.37355E+01,3.37355E+01,3.37355E+01,3.37355E+01,3.37355E+01,1.31444E+01,3.37355E+01,3.37355E+01,3.37355E+01,3.37355E+01,3.37355E+01,3.37355E+01,3.37355E+01,3.37355E+01,3.37355E+01,1.31444E+01,3.37355E+01,7.34542E+00,1.65295E+01,3.37355E+01,3.37355E+01,3.37355E+01,3.37355E+01,3.37355E+01,3.37355E+01,3.37355E+01,1.00839E+01,3.37355E+01,1.06091E+01,4.10704E+00,1.31444E+01,3.37355E+01,3.37355E+01,1.06091E+01,3.37355E+01,3.37355E+01,3.37355E+01,3.37355E+01,3.37355E+01,6.09203E+00,3.37355E+01,1.12057E+01,6.43113E-01,3.37355E+01,3.37355E+01 
#t = 3.024E+03
3.37355E+01,1.65295E+01,3.37355E+01,3.37355E+01,3.37355E+01,3.37355E+01,3.37355E+01,3.37355E+01,3.37355E+01,3.37355E+01,3.37355E+01,8.00648E+00,1.27370E+01,3.37355E+01,3.37355E+01,3.37355E+01,3.37355E+01,3.37355E+01,3.37355E+01,3.37355E+01,3.37355E+01,3.37355E+01,2.07728E+00,3.37355E+01,3.37355E+01,3.37355E+01,4.07508E+00,3.37355E+01,3.37355E+01,3.37355E+01,3.37355E+01,3.37355E+01 
#t = 3.066E+03
3.37355E+01,1.65295E+01,3.37355E+01,3.37355E+01,3.37355E+01,3.37355E+01,3.37355E+01,3.37355E+01,3.37355E+01,3.37355E+01,3.37355E+01,3.37355E+01,4.89881E+00,1.14961E+01,3.37355E+01,1.65295E+01,2.74560E-01,3.37355E+01,3.37355E+01,3.37355E+01,3.37355E+01,3.35815E+01,3.37355E+01,3.37355E+01,3.37355E+01,3.37355E+01,1.26282E+00,3.37355E+01,3.37355E+01 
#t = 3.108E+03
3.37355E+01,3.35815E+01,3.37355E+01,3.37355E+01,3.37355E+01,3.37355E+01,3.37355E+01,3.37355E+01,3.37355E+01,3.35815E+01,3.35815E+01,3.37355E+01,3.37355E+01,3.37355E+01,3.37355E+01,3.37355E+01,3.37355E+01,3.37355E+01,3.37355E+01,3.37355E+01,1.21605E+00 
#t = 3.150E+03
3.35815E+01,3.37355E+01,3.37355E+01,3.37355E+01,3.37355E+01,3.37355E+01,3.37355E+01,3.37355E+01,3.35815E+01,3.37355E+01,3.37355E+01,3.37355E+01,3.37355E+01,3.37355E+01,3.37355E+01,3.35815E+01,3.37355E+01,3.37355E+01,3.37355E+01,3.37355E+01,3.37355E+01,3.35815E+01,3.37355E+01,3.35815E+01,3.37355E+01,1.03174E+01,3.37355E+01,3.35815E+01,3.35815E+01,3.37355E+01,3.35815E+01,3.37355E+01,2.48938E+00,3.35815E+01,3.37355E+01,3.37355E+01,1.03174E+01,3.35815E+01,3.37355E+01,1.41463E+00,5.44710E-01 
#t = 3.192E+03
3.37355E+01,3.35815E+01,3.35815E+01,3.35815E+01,3.37355E+01,3.35815E+01,3.35815E+01,3.37355E+01,3.35815E+01,3.37355E+01,3.35815E+01,3.35815E+01,3.35815E+01,3.35815E+01,3.37355E+01,3.35815E+01,3.35815E+01,3.35815E+01,2.78686E+00,4.47141E+00,7.31080E+00,1.45663E+00,3.37355E+01,3.35815E+01,3.35815E+01,3.37355E+01 
#t = 3.234E+03
3.35815E+01,3.37355E+01,3.37355E+01,3.35815E+01,3.37355E+01,3.35815E+01,3.37355E+01,3.35815E+01,3.35815E+01,3.35815E+01,3.35815E+01,3.37355E+01,3.37355E+01,3.37355E+01,1.38226E+01,1.19744E+01,3.37355E+01,1.38226E+01,3.37355E+01,3.35815E+01,1.11169E+00,3.02520E-01,3.37355E+01,3.35815E+01,3.37355E+01,3.37355E+01,8.57105E+00,3.35815E+01,1.38226E+01,3.35815E+01,3.35815E+01,3.35815E+01,3.37355E+01,3.12225E+00,3.35815E+01,3.37355E+01,1.40567E+00 
#t = 3.276E+03
3.37355E+01,3.35815E+01,3.37355E+01,3.35815E+01,1.19744E+01,3.35815E+01,9.99032E+00,3.35815E+01,3.35815E+01,3.35815E+01,3.35815E+01,3.35815E+01,5.04398E+00,3.37355E+01,3.35815E+01,7.59184E+00,3.35815E+01,3.35815E+01,3.35815E+01,3.35815E+01,3.35815E+01,3.35815E+01,3.35815E+01,4.30355E+00,3.35815E+01,3.35815E+01,3.35815E+01,3.35815E+01,3.35815E+01,3.35815E+01,3.35815E+01,8.59238E-01,3.35815E+01,1.07578E+01,3.35815E+01 
#t = 3.318E+03
3.35815E+01,1.75016E+01,3.35815E+01,3.35815E+01,3.35815E+01,1.07578E+01,3.35815E+01,3.35815E+01,3.35815E+01,3.35815E+01,3.35815E+01,3.35815E+01,3.35815E+01,3.35815E+01,3.35815E+01,1.13938E+01,3.35815E+01,3.35815E+01,3.35815E+01,3.35815E+01,3.35815E+01,3.35815E+01,1.13938E+01,1.31209E+01,3.35815E+01,3.35815E+01,3.35815E+01,3.35815E+01,3.35815E+01,3.35815E+01,3.35815E+01,3.35815E+01,3.35815E+01,3.35815E+01,3.35815E+01,3.35815E+01,3.35815E+01,3.35815E+01,3.35815E+01,3.35815E+01,3.35815E+01,3.35815E+01,4.35464E+00,3.35815E+01,3.35815E+01,3.35815E+01,3.45822E+00,3.35815E+01,1.75972E+00,3.35815E+01 
#t = 3.360E+03
3.35815E+01,3.35815E+01,3.35815E+01,1.13938E+01,3.35815E+01,3.35815E+01,3.35815E+01,3.35815E+01,3.35815E+01,3.35815E+01,3.35815E+01,3.35815E+01,3.35815E+01,1.13938E+01,3.35815E+01,3.35815E+01,3.35815E+01,3.35815E+01,3.35815E+01,3.35815E+01,3.35815E+01,3.35815E+01,3.35815E+01,3.35815E+01,3.35815E+01,3.35815E+01,1.40455E+01,3.35815E+01,3.35815E+01,3.35815E+01,3.35815E+01,8.35479E+00,1.40455E+01,3.35815E+01,3.35815E+01,3.35815E+01,3.35815E+01,1.55851E+00,3.35815E+01 
#t = 3.402E+03
3.35815E+01,3.35815E+01,3.35815E+01,3.35815E+01,3.35815E+01,3.35815E+01,3.35815E+01,1.40455E+01,3.35815E+01,3.35815E+01,3.35815E+01,3.35815E+01,3.35815E+01,3.35815E+01,3.35815E+01,3.35815E+01,5.12264E+00,3.35815E+01,3.35815E+01,3.35815E+01,3.35815E+01,3.35815E+01,3.35815E+01,3.35815E+01,1.40455E+01,3.35815E+01,3.35815E+01,3.35815E+01,4.02285E+01,4.02285E+01,1.40455E+01,3.35815E+01,3.35815E+01,3.35815E+01,4.02285E+01,3.35815E+01,3.35815E+01,3.35815E+01,3.35815E+01,3.35815E+01,4.02285E+01,5.42690E+00,3.35815E+01 
#t = 3.444E+03
3.35815E+01,3.35815E+01,4.02285E+01,3.35815E+01,4.02285E+01,3.35815E+01,3.35815E+01,3.35815E+01,4.02285E+01,3.35815E+01,3.35815E+01,3.35815E+01,3.35815E+01,3.35815E+01,4.02285E+01,3.35815E+01,3.35815E+01,3.35815E+01,3.35815E+01,3.35815E+01,3.35815E+01,3.35815E+01,3.35815E+01,3.35815E+01,3.35815E+01,4.02285E+01,3.35815E+01,1.19899E+01,3.35815E+01,3.35815E+01,3.35815E+01,1.42114E+01 
#t = 3.486E+03
3.35815E+01,3.35815E+01,3.35815E+01,3.35815E+01,3.35815E+01,3.35815E+01,4.02285E+01,3.35815E+01,3.35815E+01,3.35815E+01,3.35815E+01,3.35815E+01,3.35815E+01,3.35815E+01,3.35815E+01,3.35815E+01,4.02285E+01,3.35815E+01,3.35815E+01,3.35815E+01,4.02285E+01,3.35815E+01,5.06780E+00,3.35815E+01,3.35815E+01,3.35815E+01,3.35815E+01 
#t = 3.528E+03
3.35815E+01,3.35815E+01,3.35815E+01,4.02285E+01,4.02285E+01,3.35815E+01,3.35815E+01,3.35815E+01,3.35815E+01,4.02285E+01,3.35815E+01,4.02285E+01,3.35815E+01,3.35815E+01,4.02285E+01,3.35815E+01,3.35815E+01,3.35815E+01,3.35815E+01,3.35815E+01,3.35815E+01,3.35815E+01,3.35815E+01,3.35815E+01,3.35815E+01,3.35815E+01,4.02285E+01,3.35815E+01,3.35815E+01,4.02285E+01,3.35815E+01,3.35815E+01,3.35815E+01,3.35815E+01,3.35815E+01,3.35815E+01,3.35815E+01,3.35815E+01 
#t = 3.570E+03
3.35815E+01,3.35815E+01,3.35815E+01,3.35815E+01,3.35815E+01,4.02285E+01,4.02285E+01,3.35815E+01,4.02285E+01,4.02285E+01,3.35815E+01,4.02285E+01,3.35815E+01,3.35815E+01,3.35815E+01,3.35815E+01,3.35815E+01,3.35815E+01,3.35815E+01,3.35815E+01,3.35815E+01,3.35815E+01,3.35815E+01,3.35815E+01,4.02285E+01,3.35815E+01,3.35815E+01,3.35815E+01,3.35815E+01,4.02285E+01,6.03673E+00,2.27056E+00 
#t = 3.612E+03
3.35815E+01,3.35815E+01,3.35815E+01,3.35815E+01,5.17347E+00,3.35815E+01,9.68402E+00,3.35815E+01,3.35815E+01,3.35815E+01,3.35815E+01,3.35815E+01,3.35815E+01,3.35815E+01,3.35815E+01,3.35815E+01,3.35815E+01,3.35815E+01,3.35815E+01,3.35815E+01,3.35815E+01,3.99493E+00,3.44047E+00,3.35815E+01,3.35815E+01,3.35815E+01 
#t = 3.654E+03
3.35815E+01,3.35815E+01,3.35815E+01,3.35815E+01,3.35815E+01,3.35815E+01,3.35815E+01,3.35815E+01,3.35815E+01,3.35815E+01,3.35815E+01,3.35815E+01,3.35815E+01,3.35815E+01,3.35815E+01,3.35815E+01,3.35815E+01,3.35815E+01,3.35815E+01,3.35815E+01,3.35815E+01,3.35815E+01,3.35815E+01,3.35815E+01,3.35815E+01,3.35815E+01,3.35815E+01,3.35815E+01,3.35815E+01,3.35815E+01,3.35815E+01,3.35815E+01,3.35815E+01,3.35815E+01,3.35815E+01,3.35815E+01,3.35815E+01,3.35815E+01,3.35815E+01,3.35815E+01,1.58043E+00,3.35815E+01 
#t = 3.696E+03
3.35815E+01,3.35815E+01,3.35815E+01,3.35815E+01,3.35815E+01,3.35815E+01,3.35815E+01,3.35815E+01,3.35815E+01,1.19020E+01,3.35815E+01,3.35815E+01,3.35815E+01,3.35815E+01,3.35815E+01,3.35815E+01,3.35815E+01,3.35815E+01,3.35815E+01,3.35815E+01,3.35815E+01,3.35815E+01,3.35815E+01,3.35815E+01,3.35815E+01,3.35815E+01,3.35815E+01,3.35815E+01,3.35815E+01,3.35815E+01,3.35815E+01,3.35815E+01 
#t = 3.738E+03
3.35815E+01,3.35815E+01,3.35815E+01,3.35815E+01,3.35815E+01,3.35815E+01,3.35815E+01,3.35815E+01,1.65283E+01,3.35815E+01,3.35815E+01,3.35815E+01,3.35815E+01,3.35815E+01,3.35815E+01,3.35815E+01,3.35815E+01,3.35815E+01,3.35815E+01,3.35815E+01,3.35815E+01,3.35815E+01,3.35815E+01,3.35815E+01,3.35815E+01,3.35815E+01,3.35815E+01,3.35815E+01,3.35815E+01,6.89013E+00,3.35815E+01,3.35815E+01,3.35815E+01,3.35815E+01,3.35815E+01,3.35815E+01,1.65283E+01,1.58282E+00 
#t = 3.780E+03
3.35815E+01,3.35815E+01,1.65283E+01,3.35815E+01,3.35815E+01,3.35815E+01,3.35815E+01,3.35815E+01,3.35815E+01,3.35815E+01,3.35815E+01,3.35815E+01,3.35815E+01,3.35815E+01,3.35815E+01,3.35815E+01,3.35815E+01,1.65283E+01,3.35815E+01,3.35815E+01,3.35815E+01,3.35815E+01,3.35815E+01,3.35815E+01,3.35815E+01,3.35815E+01,1.00187E+00,3.35815E+01,3.35815E+01,3.35815E+01,3.35815E+01,3.35815E+01,1.12625E+01,3.35815E+01,3.35815E+01 
#t = 3.822E+03
3.35815E+01,3.35815E+01,1.22938E+01,3.35815E+01,1.12625E+01,1.22938E+01,1.65283E+01,3.35815E+01,3.35815E+01,3.35815E+01,1.22938E+01,3.35815E+01,3.35815E+01,3.35815E+01,3.35815E+01,3.35815E+01,3.35815E+01,3.35815E+01,1.22938E+01,3.35815E+01,3.35815E+01,3.35815E+01,3.35815E+01,1.12625E+01,3.35815E+01,3.35815E+01,3.35815E+01,1.22938E+01,3.35815E+01,3.35815E+01,3.35815E+01,5.94995E+00,3.35815E+01,3.35815E+01,3.35815E+01,3.35815E+01,3.35815E+01,5.68589E-01,3.35815E+01,3.35815E+01,3.35815E+01,1.22938E+01,8.68613E+00,1.12625E+01,1.22938E+01 
#t = 3.864E+03
3.35815E+01,1.12625E+01,3.35815E+01,3.35815E+01,1.22938E+01,1.22938E+01,3.35815E+01,1.22938E+01,1.22938E+01,3.35815E+01,1.22938E+01,3.35815E+01,3.35815E+01,3.35815E+01,3.35815E+01,1.22279E+01,3.35815E+01,1.52169E+01,1.12625E+01,1.22938E+01,1.12625E+01,1.12625E+01,1.22938E+01,1.03276E+00,1.22938E+01,9.07752E+00,3.35815E+01,7.59244E+00,3.35815E+01,3.35815E+01,3.35815E+01 
#t = 3.906E+03
1.22279E+01,1.22938E+01,1.52169E+01,1.22938E+01,3.35815E+01,1.22938E+01,1.22279E+01,3.35815E+01,3.35815E+01,3.35815E+01,1.22938E+01,3.35815E+01,3.35815E+01,3.35815E+01,3.35815E+01,3.35815E+01,1.22938E+01,1.22938E+01,1.22279E+01,1.22938E+01,2.42725E+00,3.35815E+01,1.42541E+00,3.35815E+01,3.35815E+01,3.35815E+01,3.35815E+01,3.35815E+01,8.97413E+00,2.52447E+00,6.30271E+00 
#t = 3.948E+03
3.35815E+01,3.35815E+01,1.22279E+01,3.35815E+01,3.35815E+01,3.35815E+01,1.22938E+01,3.35815E+01,3.35815E+01,3.35815E+01,3.35815E+01,1.52169E+01,1.22938E+01,3.35815E+01,3.35815E+01,3.35815E+01,3.35815E+01,3.35815E+01,3.35815E+01,3.35815E+01,3.35815E+01,3.35815E+01,3.35815E+01,3.35815E+01,3.35815E+01,3.35815E+01,3.35815E+01,5.11265E-01,3.35815E+01,3.35815E+01,3.35815E+01,3.35815E+01,3.35815E+01,3.35815E+01,3.35815E+01,3.35815E+01,6.12593E+00,3.35815E+01,1.52169E+01,3.35815E+01,8.77522E+00,3.35815E+01 
#t = 3.990E+03
3.35815E+01,1.22938E+01,3.35815E+01,3.35815E+01,3.35815E+01,3.35815E+01,3.35815E+01,3.35815E+01,3.35815E+01,1.22279E+01,3.35815E+01,3.35815E+01,1.22279E+01,3.35815E+01,3.35815E+01,3.35815E+01,3.35815E+01,3.35815E+01,3.35815E+01,3.35815E+01,3.35815E+01,3.35815E+01,1.22279E+01,1.22279E+01,3.35815E+01,3.35815E+01,3.35815E+01,1.44866E+01,3.35815E+01,3.35815E+01,3.35815E+01,3.35815E+01,3.35815E+01,4.03020E+00,3.35815E+01,3.35815E+01,3.35815E+01,3.35815E+01,1.09906E+00,3.35815E+01,3.35815E+01 
#t = 4.032E+03
3.35815E+01,1.22279E+01,3.35815E+01,3.35815E+01,3.35815E+01,3.35815E+01,3.31581E+01,8.25099E+00,3.31581E+01,3.35815E+01,3.35815E+01,3.35815E+01,3.35815E+01,3.35815E+01,3.35815E+01,3.31581E+01,3.35815E+01,3.31581E+01,3.35815E+01,3.35815E+01,3.31581E+01,8.56396E+00,3.31581E+01,3.35815E+01,3.35815E+01,3.35815E+01,5.07757E+00,3.31581E+01,3.35815E+01,3.35815E+01,3.35815E+01,3.35815E+01,3.35815E+01,1.80112E+00,6.33205E+00,4.77622E-01,3.35815E+01,3.35815E+01,3.35815E+01 
#t = 4.074E+03
3.31581E+01,3.31581E+01,3.31581E+01,3.31581E+01,3.31581E+01,3.31581E+01,3.31581E+01,3.31581E+01,3.35815E+01,3.31581E+01,3.31581E+01,3.31581E+01,3.31581E+01,3.31581E+01,3.31581E+01,3.35815E+01,3.35815E+01,3.31581E+01,3.31581E+01,3.31581E+01,3.31581E+01,3.31581E+01,3.31581E+01,3.31581E+01,3.31581E+01,3.31581E+01,3.35815E+01,3.31581E+01,3.35815E+01,9.43933E-01,3.31581E+01,3.31581E+01,3.31581E+01,1.29932E+01,3.31581E+01,3.31581E+01,3.31581E+01,3.31581E+01,3.31581E+01,1.56185E+00 
#t = 4.116E+03
3.31581E+01,3.31581E+01,3.35815E+01,3.31581E+01,3.31581E+01,3.31581E+01,3.31581E+01,3.31581E+01,3.31581E+01,3.31581E+01,3.31581E+01,3.31581E+01,3.31581E+01,3.31581E+01,3.31581E+01,1.56682E+01,1.56682E+01,3.31581E+01,3.31581E+01,3.31581E+01,3.31581E+01,3.35815E+01,3.31581E+01,3.31581E+01,3.31581E+01,3.31581E+01,4.07153E+00,3.31581E+01,3.31581E+01,3.31581E+01,3.31581E+01,3.31581E+01,1.12106E+01,1.56682E+01 
#t = 4.158E+03
3.31581E+01,3.31581E+01,3.31581E+01,3.31581E+01,1.92026E+01,3.31581E+01,1.56682E+01,3.31581E+01,3.31581E+01,3.31581E+01,1.92026E+01,3.32458E+00,3.31581E+01,1.56682E+01,3.31581E+01,3.31581E+01,3.31581E+01,1.56682E+01,3.31581E+01,3.31581E+01,3.31581E+01,3.31581E+01,3.31581E+01,2.55689E+00,3.31581E+01,3.31581E+01,3.31581E+01,3.31581E+01,3.31581E+01,3.31581E+01,1.50212E+00,3.31581E+01,3.31581E+01,4.47564E+00,3.31581E+01,1.56682E+01,3.31581E+01 
#t = 4.200E+03
3.31581E+01,3.31581E+01,1.56682E+01,3.31581E+01,3.31581E+01,3.31581E+01,3.31581E+01,2.03203E+01,2.03203E+01,3.31581E+01,3.31581E+01,3.31581E+01,3.31581E+01,3.31581E+01,3.31581E+01,3.31581E+01,3.31581E+01,3.31581E+01,5.93906E+00,3.95601E+00,2.63982E+00,3.31581E+01,2.57929E+00,3.31581E+01,2.14149E+00,3.31581E+01,2.10315E+00,3.31581E+01,3.31581E+01,3.31581E+01 
