#t = 0.000E+00
1.60655E+00,3.15940E+00,1.89469E+00,1.19024E+00,6.90317E+00 
#t = 4.200E+01
1.03808E+01,4.67859E+00 
#t = 8.400E+01
2.00021E+01,2.00021E+01,2.00021E+01,1.45051E+01,2.00021E+01,1.45051E+01,1.45051E+01,2.28135E+00,6.35219E+00,1.15592E+00,4.16515E+00,1.63153E+01 
#t = 1.260E+02
1.45051E+01,2.11696E+01,2.11696E+01,2.00021E+01,3.95070E+00,2.11696E+01,2.11696E+01,2.00021E+01,2.46748E-01,2.11696E+01,8.73550E+00 
#t = 1.680E+02
2.11696E+01,1.45051E+01,2.11696E+01,2.11696E+01,2.11696E+01,1.45051E+01,2.11696E+01,1.45051E+01,1.45051E+01,2.11696E+01,2.11696E+01,2.11696E+01,6.25288E+00,1.41118E+00,2.11696E+01,1.45051E+01,1.32102E+00,1.45051E+01,5.55457E-01 
#t = 2.100E+02
9.60766E+00,2.11696E+01,2.11696E+01,2.11696E+01,2.11696E+01,2.11696E+01,1.45051E+01,2.11696E+01,2.11696E+01,8.37224E+00,2.11696E+01,2.96113E+00,2.11696E+01,2.11696E+01,2.88360E+00,1.60566E+00 
#t = 2.520E+02
2.11696E+01,2.11696E+01,2.11696E+01,2.11696E+01,2.11696E+01,2.11696E+01,2.11696E+01,2.11696E+01,2.11696E+01,2.11696E+01,2.11696E+01,2.11696E+01,2.64014E+00,2.11696E+01,2.11696E+01,2.11696E+01 
#t = 2.940E+02
2.11696E+01,2.11696E+01,2.11696E+01,2.11696E+01,5.40669E+00,2.11696E+01,2.11696E+01,2.11696E+01,2.43567E+00 
#t = 3.360E+02
1.14108E+01,2.11696E+01,2.11696E+01,2.11696E+01,2.11696E+01,2.11696E+01,2.11696E+01,2.11696E+01,2.11696E+01,2.11696E+01,2.11696E+01,7.88549E+00,2.11696E+01,4.93462E+00 
#t = 3.780E+02
2.11696E+01,2.11696E+01,2.11696E+01,2.11696E+01,2.94191E+01,2.11696E+01,2.11696E+01,2.11696E+01,2.11696E+01,2.11696E+01,2.11696E+01,2.11696E+01,5.87438E+00,4.59672E+00,2.11696E+01,2.11696E+01,1.49892E+01,2.55281E+00 
#t = 4.200E+02
2.11696E+01,2.11696E+01,2.11696E+01,2.11696E+01,2.11696E+01,1.49892E+01,2.94191E+01,2.11696E+01,2.11696E+01,2.00671E+01,2.11696E+01,2.11696E+01,2.11696E+01,2.11696E+01 
#t = 4.620E+02
2.11696E+01,2.11696E+01,1.43831E+01,2.11696E+01,1.10632E+01,1.10632E+01,1.43831E+01,1.10632E+01,1.10632E+01,1.10632E+01,1.43831E+01,1.10632E+01,1.10632E+01,1.10632E+01,4.31556E+00,1.30140E+00,1.43831E+01,2.11696E+01,8.42169E-01 
#t = 5.040E+02
1.43831E+01,1.10632E+01,2.11696E+01,1.10632E+01,1.43831E+01,1.10632E+01,1.10632E+01,2.08087E+01,1.10632E+01,1.10632E+01,1.10632E+01,1.43831E+01,1.10632E+01,1.10632E+01,1.43831E+01 
#t = 5.460E+02
1.10632E+01,2.08087E+01,1.10632E+01,1.10632E+01,2.08087E+01,2.08087E+01,1.10632E+01,2.08087E+01,2.08087E+01,2.08087E+01,2.08087E+01,2.08087E+01,1.64805E+01,3.36796E+00,2.08087E+01,2.08087E+01,3.04739E+00,1.10632E+01,2.08087E+01,2.08087E+01 
#t = 5.880E+02
2.08087E+01,2.08087E+01,2.08087E+01,2.08087E+01,2.08087E+01,2.08087E+01,2.08087E+01,2.08087E+01,2.08087E+01,8.84773E+00,1.08476E+01,2.08087E+01,2.08087E+01,2.08087E+01,2.08087E+01,1.53542E+00,2.08087E+01,4.56721E+00 
#t = 6.300E+02
1.08476E+01,1.79219E-01 
#t = 6.720E+02
9.76517E+00 
#t = 7.140E+02
3.08438E+01,3.08438E+01,3.08438E+01,6.99947E-01,3.08438E+01,3.08438E+01 
#t = 7.560E+02
3.08438E+01,3.08438E+01,3.08438E+01,3.08438E+01,3.08438E+01,3.08438E+01,1.19407E+01,3.08438E+01,3.08438E+01,3.08438E+01,3.08438E+01,3.08438E+01,3.08438E+01,3.08438E+01,3.08438E+01,5.17178E-01,3.08438E+01,3.43840E+00,3.08438E+01,3.08438E+01,3.08438E+01,9.05696E+00,3.08438E+01,3.08438E+01,1.80696E+00,3.08438E+01,3.08438E+01,3.08438E+01 
#t = 7.980E+02
3.08438E+01,3.08438E+01,3.08438E+01,3.08438E+01,2.04620E+01,3.08438E+01,3.08438E+01,3.08438E+01,3.08438E+01,3.08438E+01,3.08438E+01,3.08438E+01,1.19407E+01,3.08438E+01,3.08438E+01,3.08438E+01,3.08438E+01,3.08438E+01,3.08438E+01,3.08438E+01,3.08438E+01,1.93587E+01,3.08438E+01,2.04620E+01,3.08438E+01,3.08438E+01,3.08438E+01,3.08438E+01,3.08438E+01,3.08438E+01,3.08438E+01,2.25752E+00,3.08438E+01,4.26919E+00,2.04620E+01,1.88384E-01,3.76717E+00 
#t = 8.400E+02
3.08438E+01,3.08438E+01,3.08438E+01,3.08438E+01,3.08438E+01,8.88767E+00,3.08438E+01,3.08438E+01,3.08438E+01,3.08438E+01,3.08438E+01,3.08438E+01,3.08438E+01,3.08438E+01,3.08438E+01,3.08438E+01,8.68927E+00,3.08438E+01,3.08438E+01,3.08438E+01,3.08438E+01,3.08438E+01,3.08438E+01,3.08438E+01,4.35368E+00,3.08438E+01,3.08438E+01,7.85433E+00,3.08438E+01,3.08438E+01,3.08438E+01,3.08438E+01,3.08438E+01 
#t = 8.820E+02
3.08438E+01,3.08438E+01,3.08438E+01,3.08438E+01,3.08438E+01,3.08438E+01,3.08438E+01,3.08438E+01,3.08438E+01,3.08438E+01,3.08438E+01,3.08438E+01,3.08438E+01,3.08438E+01,3.08438E+01,3.08438E+01,3.08438E+01,3.08438E+01,3.08438E+01,3.08438E+01,3.08438E+01,3.08438E+01,3.08438E+01,3.08438E+01,3.01671E+00,3.08438E+01,3.08438E+01,3.08438E+01,3.08438E+01,3.08438E+01,3.08438E+01,3.08438E+01,3.08438E+01,3.66819E+00,3.08438E+01,3.08438E+01,3.08438E+01 
#t = 9.240E+02
3.08438E+01,3.08438E+01,3.08438E+01,3.08438E+01,3.08438E+01,3.08438E+01,3.08438E+01,3.08438E+01,3.08438E+01,3.08438E+01,3.08438E+01,6.00691E+00,3.08438E+01,3.08438E+01,3.08438E+01,3.08438E+01,3.08438E+01,3.08438E+01,3.08438E+01,3.08438E+01,3.08438E+01,3.08438E+01,3.08438E+01,3.08438E+01,4.43065E+00,3.08438E+01,3.08438E+01 
#t = 9.660E+02
3.08438E+01,3.08438E+01,3.08438E+01,3.08438E+01,3.08438E+01,3.08438E+01,3.08438E+01,3.08438E+01,3.08438E+01,3.08438E+01,3.08438E+01,3.08438E+01,3.08438E+01,3.08438E+01,3.08438E+01,3.08438E+01,3.08438E+01,3.08438E+01,3.08438E+01,3.08438E+01,3.08438E+01,3.08438E+01,3.08438E+01,1.23771E+00,3.08438E+01,3.08438E+01,3.08438E+01,3.08438E+01,9.70447E+00,3.08438E+01,3.08438E+01,3.08438E+01,3.08438E+01 
#t = 1.008E+03
3.08438E+01,3.08438E+01,3.08438E+01,3.08438E+01,3.08438E+01,3.08438E+01,3.08438E+01,3.47720E+01,3.08438E+01,3.08438E+01,3.08438E+01,3.08438E+01,3.08438E+01,3.08438E+01,3.10653E+00,3.08438E+01,3.08438E+01,3.08438E+01,3.08438E+01,3.10619E+00,3.08438E+01,3.08438E+01,3.08438E+01,3.08438E+01,3.08438E+01 
#t = 1.050E+03
3.08438E+01,3.08438E+01,3.08438E+01,3.08438E+01,3.08438E+01,3.08438E+01,3.08438E+01,3.08438E+01,3.08438E+01,3.08438E+01,3.08438E+01,1.90119E+01,3.08438E+01,3.08438E+01,1.12350E+01,3.08438E+01,3.08438E+01,3.08438E+01,3.08438E+01,3.08438E+01,3.08438E+01,3.08438E+01,3.08438E+01,3.08438E+01,3.08438E+01,2.01978E+00,3.08438E+01,3.08438E+01,3.08438E+01,3.08438E+01,3.08438E+01,6.35314E-01,3.08438E+01 
#t = 1.092E+03
3.08438E+01,3.08438E+01,3.08438E+01,3.08438E+01,3.08438E+01,3.08438E+01,3.08438E+01,3.08438E+01,3.08438E+01,3.08438E+01,3.08438E+01,1.10993E+01,3.08438E+01,3.08438E+01,3.08438E+01,3.08438E+01,3.08438E+01,3.08438E+01,7.99836E+00,3.08438E+01,3.08438E+01,3.08438E+01,3.08438E+01,3.08438E+01,3.08438E+01,3.08438E+01,3.08438E+01,1.09315E+00,3.08438E+01,1.92134E+00,3.08438E+01,5.77316E+00,3.08438E+01,2.54501E+00 
#t = 1.134E+03
3.08438E+01,3.08438E+01,3.08438E+01,3.08438E+01,3.08438E+01,3.08438E+01,3.08438E+01,3.08438E+01,3.08438E+01,3.08438E+01,3.08438E+01,3.08438E+01,3.08438E+01,3.08438E+01,3.08438E+01,3.08438E+01,3.08438E+01,3.08438E+01,3.08438E+01,3.08438E+01,3.08438E+01,3.08438E+01,3.08438E+01,3.08438E+01,1.20248E+01,3.08438E+01,1.99975E+01,3.08438E+01,3.08438E+01,3.08438E+01,2.77833E+00,3.08438E+01,8.12649E-01,1.99975E+01 
#t = 1.176E+03
3.08438E+01,3.08438E+01,3.08438E+01,3.08438E+01,3.08438E+01,3.08438E+01,3.08438E+01,3.08438E+01,5.42869E+00,3.08438E+01,3.08438E+01,3.08438E+01,3.08438E+01,3.08438E+01,3.46850E+01,3.08438E+01,3.08438E+01,3.08438E+01,3.08438E+01,3.08438E+01,4.24462E+00,1.09287E+00,3.08438E+01,3.08438E+01,2.39932E+00,3.08438E+01,4.21744E+00,3.08438E+01,5.33847E+00 
#t = 1.218E+03
3.08438E+01,3.08438E+01,3.46850E+01,3.08438E+01,3.08438E+01,3.08438E+01,3.08438E+01,3.08438E+01,3.08438E+01,3.08438E+01,3.46850E+01,3.08438E+01,7.86838E+00,3.08438E+01,3.08438E+01,5.20436E+00,3.08438E+01,3.08438E+01,3.08438E+01,1.66385E+01,3.46850E+01,1.19079E+00,3.08438E+01,3.46850E+01 
#t = 1.260E+03
3.08438E+01,3.08438E+01,3.08438E+01,3.08438E+01,3.08438E+01,3.08438E+01,3.08438E+01,3.08438E+01,3.08438E+01,3.08438E+01,3.08438E+01,3.08438E+01,3.08438E+01,3.46850E+01,9.53394E+00,3.08438E+01,3.08438E+01,3.46850E+01,3.08438E+01,3.08438E+01,6.49317E+00 
#t = 1.302E+03
3.08438E+01,3.08438E+01,3.08438E+01,3.08438E+01,3.08438E+01,3.08438E+01,3.08438E+01,3.08438E+01,3.08438E+01,3.08438E+01,3.08438E+01,3.08438E+01,3.08438E+01,3.08438E+01,3.08438E+01,3.08438E+01,3.08438E+01,3.08438E+01,3.08438E+01,4.11555E+00,3.08438E+01,3.08438E+01,3.08438E+01,3.08438E+01,3.08438E+01,3.08438E+01,3.08438E+01,3.08438E+01,3.08438E+01,1.75182E+00,3.08438E+01 
#t = 1.344E+03
3.08438E+01,3.08438E+01,3.08438E+01,3.08438E+01,3.08438E+01,3.08438E+01,3.08438E+01,3.08438E+01,3.08438E+01,3.08438E+01,1.01663E+01,3.08438E+01,3.08438E+01,3.08438E+01,6.39283E+00,3.08438E+01,7.63386E+00,3.08438E+01,3.08438E+01,3.08438E+01,3.08438E+01,3.08438E+01,3.08438E+01,2.15673E+00,3.08438E+01,6.30876E+00,3.08438E+01,3.08438E+01,3.08438E+01,3.08438E+01,3.08438E+01 
#t = 1.386E+03
3.08438E+01,3.08438E+01,3.08438E+01,3.08438E+01,3.08438E+01,3.08438E+01,3.08438E+01,3.08438E+01,3.08438E+01,3.08438E+01,3.08438E+01,3.08438E+01,2.92858E+00,3.08438E+01,3.08438E+01,3.08438E+01,3.08438E+01,3.08438E+01,3.08438E+01,3.08438E+01,3.08438E+01,1.04003E+01,3.08438E+01,1.04468E+00,1.52880E+00,3.08438E+01,3.08438E+01,2.15634E+00,3.08438E+01 
#t = 1.428E+03
3.08438E+01,3.08438E+01,3.08438E+01,3.08438E+01,3.08438E+01,3.08438E+01,3.08438E+01,3.08438E+01,3.08438E+01,3.08438E+01,3.08438E+01,3.08438E+01,3.08438E+01,3.08438E+01,3.08438E+01,3.08438E+01,3.08438E+01,3.08438E+01,3.08438E+01,3.08438E+01,3.08438E+01,3.08438E+01,3.08438E+01,3.08438E+01,3.08438E+01,3.08438E+01,3.08438E+01,3.08438E+01,3.08438E+01,5.90049E-01,3.08438E+01,3.08438E+01,3.08438E+01 
#t = 1.470E+03
3.08438E+01,3.08438E+01,3.08438E+01,3.08438E+01,3.08438E+01,3.08438E+01,3.08438E+01,3.08438E+01,3.08438E+01,3.08438E+01,3.08438E+01,3.08438E+01,3.08438E+01,3.08438E+01,3.08438E+01,3.08438E+01,3.08438E+01,3.08438E+01,3.08438E+01,3.08438E+01,3.08438E+01,3.08438E+01,3.08438E+01,3.08438E+01,3.08438E+01,3.08438E+01,3.08438E+01,3.08438E+01,3.08438E+01,3.08438E+01,3.08438E+01,3.08438E+01,3.08438E+01,3.08438E+01,3.08438E+01,3.08438E+01,3.08438E+01,3.08438E+01,3.08438E+01 
#t = 1.512E+03
3.08438E+01,3.08438E+01,3.08438E+01,3.08438E+01,3.08438E+01,3.08438E+01,3.08438E+01,3.08438E+01,3.08438E+01,3.08438E+01,3.08438E+01,3.08438E+01,3.08438E+01,3.08438E+01,3.08438E+01,3.08438E+01,8.73892E+00,3.08438E+01,3.08438E+01,3.08438E+01,3.08438E+01,3.08438E+01,3.08438E+01,3.08438E+01,3.08438E+01,3.08438E+01,3.08438E+01,3.08438E+01,3.08438E+01,3.08438E+01,3.08438E+01,3.08438E+01,3.08438E+01,3.08438E+01,3.08438E+01 
#t = 1.554E+03
3.08438E+01,3.08438E+01,3.08438E+01,3.08438E+01,3.08438E+01,3.08438E+01,3.08438E+01,3.08438E+01,3.08438E+01,3.08438E+01,3.08438E+01,3.08438E+01,3.08438E+01,1.32527E+01,3.08438E+01,3.08438E+01,3.08438E+01,3.08438E+01,3.08438E+01,3.64908E+00,3.06442E+00,3.08438E+01,9.42562E+00,3.08438E+01,2.45351E+00,2.53613E+00,3.08438E+01,3.08438E+01,2.73963E-01 
#t = 1.596E+03
3.08438E+01,3.08438E+01,3.08438E+01,3.08438E+01,3.08438E+01,3.08438E+01,3.08438E+01,3.08438E+01,3.08438E+01,3.08438E+01,3.08438E+01,3.08438E+01,3.08438E+01,3.08438E+01,3.08438E+01,3.08438E+01,3.08438E+01,3.08438E+01,6.41760E+00,3.08438E+01,3.08438E+01,3.08438E+01,3.08438E+01,3.08438E+01,3.08438E+01,3.08438E+01,3.08438E+01,3.08438E+01,1.13111E+01,3.08438E+01,3.08438E+01,1.01827E+00,1.17432E+00,3.08438E+01,3.08438E+01 
#t = 1.638E+03
3.08438E+01,3.08438E+01,3.08438E+01,3.08438E+01,3.08438E+01,3.08438E+01,3.08438E+01,3.08438E+01,3.08438E+01,3.08438E+01,3.08438E+01,3.08438E+01,3.08438E+01,3.08438E+01,3.08438E+01,3.08438E+01,3.08438E+01,3.08438E+01,3.08438E+01,6.42989E+00,3.08438E+01,3.08438E+01,3.08438E+01,3.08438E+01,3.08438E+01,3.08438E+01,3.08438E+01,6.60423E+00,2.15073E+00,3.08438E+01,1.73954E+00,2.18989E+00 
#t = 1.680E+03
3.08438E+01,3.08438E+01,3.08438E+01,3.08438E+01,3.08438E+01,3.08438E+01,3.08438E+01,3.08438E+01,3.08438E+01,3.08438E+01,3.08438E+01,3.08438E+01,3.08438E+01,3.08438E+01,3.08438E+01,3.08438E+01,3.08438E+01,3.08438E+01,9.97247E+00,3.08438E+01,3.08438E+01,3.08438E+01,3.08438E+01,1.39740E+00,2.64900E+00,3.08438E+01,3.08438E+01 
#t = 1.722E+03
3.08438E+01,3.08438E+01,3.08438E+01,3.08438E+01,1.45650E+01,3.08438E+01,3.08438E+01,3.08438E+01,3.08438E+01,3.08438E+01,3.08438E+01,3.08438E+01,3.08438E+01,3.08438E+01,3.08438E+01,1.45650E+01,3.08438E+01,3.08438E+01,3.08438E+01,3.08438E+01,3.08438E+01,3.08438E+01,1.45650E+01,1.45650E+01,3.12396E-01,3.08438E+01,3.08438E+01,3.14617E+01,1.45650E+01,3.21098E+00,3.08438E+01,3.08438E+01,3.08438E+01,1.04570E+00,3.08438E+01 
#t = 1.764E+03
3.08438E+01,3.08438E+01,3.08438E+01,9.07654E+00,3.08438E+01,3.08438E+01,3.08438E+01,1.45650E+01,3.08438E+01,3.08438E+01,3.08438E+01,3.08438E+01,3.08438E+01,3.08438E+01,3.08438E+01,3.08438E+01,3.08438E+01,1.45650E+01,3.08438E+01,1.01705E+01,3.08438E+01,3.08438E+01,1.14741E+01,3.08438E+01,3.08438E+01,3.08438E+01,3.08438E+01,3.08438E+01,3.08438E+01,3.08438E+01,3.08438E+01,3.08438E+01,4.10407E+00 
#t = 1.806E+03
3.08438E+01,3.08438E+01,3.08438E+01,3.08438E+01,3.08438E+01,3.08438E+01,3.08438E+01,3.08438E+01,3.08438E+01,3.08438E+01,3.08438E+01,3.08438E+01,3.08438E+01,3.08438E+01,3.08438E+01,3.08438E+01,3.08438E+01,3.08438E+01,3.08438E+01,3.08438E+01,3.08438E+01,7.37938E+00,3.08438E+01,3.08438E+01,3.08438E+01,3.08438E+01,3.08438E+01,3.08438E+01,3.08438E+01,3.08438E+01,1.47362E+00,3.08438E+01,3.08438E+01,1.39617E+00,3.08438E+01 
#t = 1.848E+03
3.08438E+01,3.08438E+01,3.08438E+01,3.08438E+01,3.08438E+01,3.08438E+01,3.08438E+01,3.08438E+01,3.08438E+01,3.08438E+01,3.08438E+01,3.08438E+01,3.08438E+01,3.08438E+01,3.08438E+01,3.08438E+01,3.08438E+01,3.08438E+01,3.08438E+01,3.08438E+01,3.08438E+01,3.08438E+01,3.08438E+01,3.08438E+01,3.08438E+01,3.08438E+01,3.08438E+01,3.08438E+01,3.08438E+01,3.08438E+01,3.08438E+01,3.08438E+01,3.08438E+01,3.08438E+01,3.08438E+01,3.08438E+01,3.08438E+01,3.08438E+01,3.08438E+01,6.00193E+00,3.08438E+01,3.08438E+01,2.12257E+00,3.08438E+01,3.08438E+01,9.07287E-01,3.70530E+00,3.08438E+01,1.50646E+00,3.08438E+01 
#t = 1.890E+03
3.08438E+01,3.08438E+01,3.08438E+01,3.08438E+01,3.08438E+01,3.08438E+01,3.08438E+01,3.08438E+01,3.08438E+01,3.08438E+01,3.08438E+01,3.08438E+01,3.08438E+01,3.08438E+01,3.08438E+01,3.08438E+01,3.08438E+01,3.08438E+01,3.08438E+01,3.08438E+01,3.08438E+01,3.08438E+01,3.08438E+01,3.08438E+01,3.08438E+01,3.08438E+01,3.08438E+01,3.08438E+01,3.08438E+01,1.35489E+00,5.55514E+00,3.08438E+01,3.08438E+01,3.08438E+01,3.08438E+01,3.08438E+01,3.08438E+01,3.08438E+01,3.08438E+01,3.08438E+01,3.08438E+01,8.25937E-01,1.49788E+00,3.08438E+01,3.08438E+01 
#t = 1.932E+03
3.08438E+01,3.08438E+01,3.08438E+01,3.08438E+01,3.08438E+01,3.08438E+01,3.08438E+01,3.08438E+01,3.08438E+01,3.08438E+01,3.08438E+01,3.08438E+01,3.08438E+01,3.08438E+01,3.08438E+01,3.08438E+01,3.08438E+01,3.08438E+01,3.08438E+01,3.08438E+01,3.08438E+01,3.08438E+01,3.08438E+01,3.08438E+01,3.08438E+01,3.08438E+01,7.93127E-01,3.08438E+01,3.08438E+01,3.08438E+01,3.08438E+01,2.75886E+00,3.08438E+01,3.08438E+01,3.08438E+01,3.08438E+01,3.08438E+01,3.08438E+01 
#t = 1.974E+03
3.08438E+01,3.08438E+01,3.08438E+01,3.08438E+01,3.08438E+01,3.08438E+01,3.08438E+01,3.08438E+01,3.08438E+01,3.08438E+01,3.08438E+01,3.08438E+01,3.08438E+01,3.08438E+01,3.08438E+01,3.08438E+01,3.08438E+01,3.08438E+01,3.08438E+01,3.08438E+01,3.08438E+01,3.08438E+01,3.08438E+01,3.08438E+01,3.08438E+01,3.08438E+01,3.08438E+01 
#t = 2.016E+03
3.08438E+01,3.08438E+01,3.08438E+01,3.08438E+01,3.08438E+01,3.08438E+01,3.08438E+01,3.08438E+01,3.08438E+01,3.08438E+01,3.08438E+01,3.08438E+01,3.08438E+01,3.08438E+01,3.08438E+01,2.18176E+01,1.16692E+01,3.08438E+01,3.08438E+01,3.08438E+01,3.08438E+01,3.08438E+01,3.08438E+01,3.08438E+01,3.08438E+01,3.08438E+01,3.08438E+01,1.16692E+01,3.56390E+00,3.08438E+01,3.08438E+01 
#t = 2.058E+03
3.08438E+01,3.08438E+01,3.08438E+01,3.08438E+01,3.08438E+01,3.08438E+01,3.08438E+01,3.08438E+01,3.08438E+01,3.08438E+01,3.08438E+01,3.08438E+01,3.08438E+01,3.08438E+01,3.08438E+01,3.08438E+01,3.08438E+01,3.08438E+01,3.08438E+01,3.08438E+01,3.08438E+01,3.08438E+01,3.08438E+01,3.08438E+01,3.08438E+01,3.08438E+01,3.08438E+01,3.08438E+01,3.08438E+01,3.08438E+01,3.08438E+01,3.08438E+01,1.03565E+00,3.08438E+01,3.08438E+01 
#t = 2.100E+03
3.08438E+01,3.08438E+01,3.08438E+01,3.08438E+01,3.08438E+01,3.08438E+01,3.08438E+01,3.08438E+01,3.08438E+01,3.08438E+01,3.08438E+01,3.08438E+01,3.08438E+01,3.08438E+01,3.08438E+01,3.08438E+01,3.08438E+01,3.08438E+01,3.08438E+01,3.08438E+01,3.08438E+01,3.08438E+01,3.08438E+01,3.08438E+01,3.08438E+01,3.08438E+01,3.08438E+01,3.08438E+01,1.65931E+00,3.08438E+01,8.53219E+00 
#t = 2.142E+03
3.08438E+01,3.08438E+01,3.08438E+01,3.08438E+01,3.08438E+01,1.20717E+01,3.08438E+01,3.08438E+01,3.08438E+01,1.20717E+01,3.08438E+01,3.08438E+01,3.08438E+01,3.08438E+01,1.20717E+01,3.08438E+01,3.08438E+01,3.08438E+01,3.08438E+01,3.08438E+01,1.00812E+00,3.08438E+01,3.08438E+01,3.08438E+01,3.08438E+01,3.08438E+01,3.08438E+01,3.08438E+01,1.32342E+01,3.08438E+01,3.08438E+01 
#t = 2.184E+03
3.08438E+01,3.08438E+01,3.08438E+01,3.08438E+01,3.08438E+01,1.10250E+01,3.08438E+01,3.08438E+01,3.08438E+01,3.08438E+01,3.08438E+01,3.08438E+01,3.08438E+01,3.08438E+01,3.08438E+01,3.08438E+01,3.08438E+01,2.09405E+01,3.08438E+01,3.08438E+01,2.09405E+01,3.08438E+01,3.08438E+01,3.08438E+01,3.08438E+01,3.08438E+01,3.08438E+01,2.09405E+01,3.08438E+01,3.08438E+01,3.08438E+01,2.28024E+00,3.08438E+01,5.26999E-01,3.08438E+01 
#t = 2.226E+03
3.08438E+01,3.08438E+01,3.08438E+01,3.08438E+01,3.08438E+01,3.08438E+01,3.08438E+01,2.09405E+01,3.08438E+01,3.08438E+01,3.08438E+01,3.08438E+01,3.08438E+01,3.08438E+01,3.08438E+01,3.08438E+01,3.08438E+01,3.08438E+01,3.08438E+01,3.08438E+01,3.08438E+01,3.08438E+01,3.08438E+01,3.08438E+01,3.08438E+01,3.08438E+01,3.08438E+01,3.08438E+01,3.08438E+01,3.08438E+01,5.74875E+00,2.03402E+00 
#t = 2.268E+03
3.08438E+01,3.08438E+01,3.08438E+01,3.08438E+01,3.08438E+01,3.08438E+01,3.08438E+01,4.96900E+00,3.08438E+01,3.08438E+01,3.08438E+01,3.08438E+01,3.08438E+01,3.08438E+01,3.08438E+01,3.08438E+01,3.08438E+01,1.82026E+01,1.82026E+01,3.08438E+01,3.08438E+01,3.08438E+01,3.08438E+01,3.08438E+01,3.08438E+01,3.08438E+01,3.08438E+01,1.82026E+01,3.08438E+01,3.08438E+01,3.08438E+01,3.08438E+01,7.31838E-01 
#t = 2.310E+03
3.08438E+01,3.08438E+01,3.08438E+01,3.08438E+01,3.08438E+01,3.08438E+01,1.82026E+01,3.08438E+01,3.08438E+01,3.08438E+01,3.08438E+01,3.08438E+01,3.08438E+01,1.82026E+01,3.08438E+01,3.08438E+01,1.82026E+01,3.08438E+01,3.08438E+01,3.08438E+01,3.08438E+01,3.08438E+01,3.08438E+01,3.08438E+01,1.82026E+01,3.08438E+01,1.82026E+01,1.82026E+01,3.08438E+01,1.82026E+01,3.08438E+01,1.30177E+00,1.82026E+01,3.08438E+01,3.08438E+01,1.82026E+01,3.08438E+01,3.08438E+01,1.82026E+01,1.82026E+01 
#t = 2.352E+03
3.08438E+01,3.08438E+01,3.08438E+01,1.82026E+01,3.08438E+01,1.82026E+01,1.71836E+01,3.08438E+01,3.08438E+01,3.08438E+01,1.82026E+01,3.08438E+01,1.82026E+01,1.71836E+01,3.08438E+01,1.82026E+01,3.08438E+01,3.08438E+01,3.08438E+01,3.08438E+01,3.08438E+01,3.08438E+01,3.08438E+01,3.08438E+01,3.08438E+01,7.98863E+00,3.08438E+01,3.08438E+01,2.40282E+00,4.89001E-01,3.08438E+01,1.98384E+00 
#t = 2.394E+03
1.71836E+01,3.08438E+01,3.08438E+01,1.71836E+01,3.08438E+01,3.08438E+01,3.08438E+01,3.08438E+01,3.08438E+01,3.08438E+01,3.08438E+01,3.08438E+01,3.08438E+01,3.08438E+01,3.08438E+01,3.08438E+01,3.08438E+01,3.08438E+01,3.08438E+01,3.08438E+01,3.08438E+01,1.71836E+01,2.44611E+00,1.56238E+00,3.08438E+01,3.08438E+01,1.71836E+01,2.65247E+00 
#t = 2.436E+03
3.08438E+01,3.08438E+01,1.71836E+01,1.71836E+01,3.08438E+01,3.08438E+01,1.71836E+01,3.34417E+00,3.08438E+01,3.08438E+01,1.71836E+01,1.94103E+00,3.08438E+01,3.08438E+01,3.08438E+01,3.08438E+01,3.08438E+01,3.08438E+01,3.08438E+01 
#t = 2.478E+03
3.08438E+01,3.08438E+01,3.08438E+01,3.08438E+01,3.08438E+01,3.08438E+01,3.08438E+01,1.67412E+01,3.08438E+01,3.08438E+01,3.08438E+01,3.08438E+01,3.08438E+01,3.08438E+01,3.08438E+01,3.08438E+01,3.08438E+01,3.08438E+01,3.08438E+01,3.08438E+01,3.78186E+00,9.18742E+00,3.08438E+01,3.08438E+01,6.60657E+00,3.08438E+01,3.08438E+01 
#t = 2.520E+03
3.08438E+01,3.08438E+01,3.08438E+01,3.08438E+01,3.08438E+01,3.08438E+01,3.08438E+01,3.08438E+01,3.08438E+01,3.08438E+01,3.08438E+01,3.08438E+01,3.08438E+01,3.08438E+01,3.08438E+01,3.08438E+01,4.35355E-01,3.08438E+01,3.08438E+01,3.08438E+01,3.08438E+01,1.80441E+00,3.08438E+01,3.08438E+01,3.08438E+01,3.08438E+01,3.08438E+01,3.08438E+01,3.08438E+01,3.08438E+01,3.08438E+01,3.08438E+01 
#t = 2.562E+03
3.08438E+01,3.08438E+01,3.08438E+01,3.08438E+01,3.08438E+01,3.08438E+01,3.08438E+01,3.08438E+01,3.08438E+01,3.08438E+01,3.08438E+01,3.08438E+01,3.08438E+01,3.08438E+01,3.08438E+01,3.08438E+01,3.08438E+01,3.08438E+01,3.08438E+01,3.08438E+01,1.33035E-01,3.08438E+01,6.42904E+00,4.77249E+00,1.11951E+01,3.08438E+01,3.08438E+01 
#t = 2.604E+03
3.08438E+01,3.08438E+01,3.08438E+01,3.08438E+01,3.08438E+01,3.08438E+01,3.08438E+01,3.08438E+01,3.08438E+01,3.08438E+01,3.08438E+01,3.08438E+01,3.08438E+01,3.08438E+01,3.08438E+01,3.08438E+01,3.08438E+01,3.08438E+01,3.08438E+01,3.08438E+01,3.08438E+01,3.08438E+01,3.08438E+01,3.08438E+01,3.08438E+01,3.08438E+01,3.08438E+01,3.08438E+01,3.08438E+01 
#t = 2.646E+03
3.08438E+01,3.08438E+01,3.08438E+01,3.08438E+01,3.08438E+01,3.08438E+01,3.08438E+01,3.08438E+01,3.08438E+01,3.08438E+01,3.08438E+01,3.08438E+01,3.08438E+01,3.08438E+01,3.08438E+01,3.08438E+01,3.08438E+01,3.08438E+01,3.08438E+01,3.08438E+01,3.08438E+01,3.08438E+01,3.08438E+01,4.23883E+00,3.08438E+01,3.08438E+01,3.08438E+01,3.08438E+01,2.52495E+00 
#t = 2.688E+03
3.08438E+01,3.08438E+01,3.08438E+01,3.08438E+01,3.08438E+01,3.08438E+01,3.08438E+01,3.08438E+01,3.08438E+01,3.08438E+01,3.08438E+01,3.08438E+01,3.08438E+01,2.67009E+01,3.08438E+01,3.08438E+01,3.08438E+01,3.08438E+01,3.08438E+01,2.48683E+01,1.53548E+01,3.08438E+01,3.08438E+01,3.08438E+01,3.08438E+01,3.08438E+01,3.08438E+01,3.08438E+01,3.08438E+01,3.08438E+01 
#t = 2.730E+03
3.08438E+01,2.48683E+01,3.08438E+01,3.08438E+01,3.08438E+01,3.08438E+01,3.08438E+01,3.08438E+01,3.08438E+01,3.08438E+01,3.08438E+01,3.08438E+01,3.08438E+01,3.08438E+01,3.08438E+01,3.08438E+01,1.76787E+01,1.76787E+01,3.08438E+01,3.08438E+01,3.08438E+01,5.94526E+00,2.44894E+00,3.08438E+01,3.08438E+01,3.08438E+01,3.08438E+01,6.75150E+00,1.64264E+01,2.48683E+01,7.17836E+00,3.08438E+01,3.08438E+01,3.08438E+01,3.08438E+01,3.08438E+01 
#t = 2.772E+03
3.08438E+01,3.08438E+01,1.64264E+01,3.08438E+01,3.08438E+01,3.08438E+01,3.08438E+01,3.08438E+01,3.08438E+01,3.08438E+01,3.08438E+01,3.08438E+01,3.08438E+01,3.08438E+01,3.08438E+01,3.08438E+01,3.50982E+00,3.08438E+01,3.08438E+01,3.08438E+01,3.08438E+01,3.08438E+01,3.08438E+01,3.08438E+01,3.08438E+01,3.08438E+01 
#t = 2.814E+03
3.08438E+01,3.08438E+01,3.08438E+01,3.08438E+01,3.08438E+01,3.08438E+01,3.08438E+01,3.08438E+01,3.08438E+01,3.08438E+01,3.08438E+01,3.08438E+01,3.08438E+01,3.08438E+01,3.08438E+01,3.08438E+01,3.08438E+01,3.08438E+01,3.08438E+01,3.08438E+01,3.08438E+01,3.08438E+01,3.08438E+01,3.08438E+01,3.08438E+01,3.08438E+01,3.08438E+01,3.08438E+01,6.78699E-01,1.93702E+00,3.08438E+01,1.54494E+00,2.94829E+00,3.08438E+01,3.08438E+01,3.08438E+01 
#t = 2.856E+03
3.08438E+01,3.08438E+01,3.08438E+01,3.08438E+01,3.08438E+01,3.08438E+01,3.08438E+01,3.08438E+01,3.08438E+01,3.08438E+01,3.08438E+01,3.08438E+01,3.08438E+01,3.08438E+01,3.08438E+01,3.08438E+01,3.08438E+01,1.24478E+01,3.08438E+01,3.08438E+01,3.08438E+01,3.08438E+01,3.08438E+01,3.08438E+01,3.08438E+01,7.83963E+00,3.08438E+01,3.08438E+01,3.08438E+01,3.08438E+01,3.08438E+01,6.69770E+00,3.08438E+01,3.08438E+01,3.08438E+01,3.08438E+01,3.08438E+01,3.08438E+01,3.08438E+01,3.08438E+01,2.35096E+00 
#t = 2.898E+03
3.08438E+01,3.08438E+01,3.08438E+01,3.08438E+01,3.08438E+01,3.08438E+01,3.08438E+01,3.08438E+01,3.08438E+01,3.08438E+01,3.08438E+01,3.08438E+01,3.08438E+01,3.08438E+01,3.08438E+01,3.08438E+01,3.08949E+00,3.08438E+01,1.62203E+01,3.08438E+01,3.08438E+01,3.08438E+01,3.08438E+01,3.08438E+01,3.08438E+01,3.08438E+01,3.08438E+01,3.08438E+01,3.08438E+01,3.08438E+01,3.08438E+01 
#t = 2.940E+03
1.62203E+01,3.08438E+01,3.08438E+01,3.08438E+01,3.08438E+01,3.08438E+01,3.08438E+01,3.08438E+01,3.08438E+01,3.08438E+01,3.08438E+01,3.08438E+01,3.08438E+01,3.08438E+01,3.08438E+01,3.08438E+01,1.00258E+01,3.08438E+01,3.08438E+01,3.08438E+01,3.08438E+01,3.08438E+01,3.08438E+01,3.08438E+01,3.08438E+01,3.08438E+01,2.96529E+00,2.18642E+00,3.08438E+01,3.08438E+01,3.08438E+01,1.22510E+00,6.10094E+00,3.08438E+01,1.14002E+00,3.08438E+01 
#t = 2.982E+03
3.08438E+01,3.08438E+01,3.08438E+01,3.08438E+01,3.08438E+01,3.08438E+01,3.08438E+01,3.08438E+01,3.08438E+01,3.08438E+01,3.08438E+01,3.08438E+01,3.08438E+01,3.08438E+01,3.08438E+01,3.08438E+01,3.08438E+01,3.08438E+01,3.08438E+01,3.08438E+01,3.08438E+01,3.08438E+01,3.08438E+01,3.08438E+01,3.08438E+01,3.08438E+01,3.08438E+01,3.08438E+01,3.08438E+01,3.08438E+01,3.08438E+01,3.08438E+01,8.83333E-01 
#t = 3.024E+03
3.08438E+01,3.08438E+01,3.08438E+01,3.08438E+01,3.08438E+01,3.08438E+01,3.08438E+01,3.08438E+01,3.08438E+01,3.08438E+01,3.08438E+01,3.08438E+01,3.08438E+01,3.08438E+01,3.08438E+01,3.08438E+01,3.08438E+01,3.08438E+01,3.08438E+01,3.08438E+01,3.08438E+01,3.08438E+01,7.60204E+00,3.08438E+01,3.08438E+01,3.08438E+01,3.08438E+01,3.08438E+01,3.08438E+01,3.08438E+01,3.08438E+01,3.08438E+01,3.08438E+01,2.98620E+00,4.28837E+00 
#t = 3.066E+03
3.08438E+01,3.08438E+01,3.08438E+01,3.08438E+01,3.08438E+01,3.08438E+01,3.08438E+01,3.08438E+01,3.08438E+01,3.08438E+01,3.08438E+01,3.08438E+01,3.08438E+01,3.08438E+01,3.08438E+01,3.08438E+01,3.82656E+00,3.08438E+01,3.08438E+01,3.08438E+01,3.08438E+01,3.08438E+01,3.08438E+01,4.68949E+00,3.08438E+01,3.08438E+01,3.08438E+01,1.14740E+01,3.08438E+01,1.07877E+00,3.08438E+01,3.08438E+01,3.08438E+01,3.08438E+01,1.75589E+00,6.13250E+00,3.29320E+00,3.08438E+01 
#t = 3.108E+03
3.08438E+01,3.08438E+01,3.08438E+01,3.08438E+01,3.08438E+01,3.08438E+01,3.08438E+01,3.08438E+01,3.08438E+01,3.08438E+01,3.08438E+01,1.11911E+00,3.08438E+01,3.08438E+01,3.08438E+01,3.08438E+01,3.08438E+01,3.08438E+01,3.08438E+01,3.08438E+01,3.08438E+01,4.42029E+00,3.49585E+00,3.08438E+01,3.08438E+01,3.08438E+01,3.08438E+01 
#t = 3.150E+03
3.08438E+01,3.08438E+01,3.08438E+01,3.08438E+01,3.08438E+01,3.08438E+01,3.08438E+01,3.08438E+01,3.08438E+01,3.08438E+01,3.08438E+01,3.08438E+01,3.08438E+01,3.08438E+01,3.08438E+01,3.08438E+01,3.08438E+01,3.08438E+01,3.08438E+01,3.08438E+01,3.08438E+01,3.08438E+01,3.08438E+01,3.08438E+01,3.08438E+01,2.61251E+00,3.08438E+01,7.82301E+00,3.08438E+01,3.08438E+01,3.40322E+00,5.76315E-01,3.08438E+01,3.08438E+01,3.08438E+01,5.18402E+00,3.08438E+01,1.00642E+00 
#t = 3.192E+03
3.08438E+01,3.08438E+01,3.08438E+01,3.08438E+01,3.08438E+01,3.08438E+01,3.08438E+01,3.08438E+01,3.08438E+01,3.08438E+01,3.08438E+01,3.08438E+01,3.08438E+01,3.08438E+01,3.08438E+01,3.08438E+01,3.08438E+01,3.08438E+01,3.08438E+01,3.08438E+01,3.08438E+01,3.08438E+01,3.08438E+01,3.08438E+01,3.08438E+01,3.08438E+01,3.08438E+01,3.08438E+01,3.08438E+01,6.61526E+00,3.08438E+01,3.08438E+01,3.08438E+01,3.08438E+01,3.08438E+01,3.08438E+01,3.08438E+01 
#t = 3.234E+03
3.08438E+01,3.08438E+01,3.08438E+01,3.08438E+01,3.08438E+01,3.08438E+01,3.08438E+01,3.08438E+01,3.08438E+01,3.08438E+01,3.08438E+01,3.08438E+01,3.08438E+01,3.08438E+01,3.08438E+01,3.08438E+01,3.08438E+01,3.08438E+01,3.08438E+01,3.08438E+01,3.08438E+01,3.08438E+01,3.08438E+01,3.08438E+01,3.08438E+01,3.08438E+01,3.08438E+01,3.08438E+01,1.08099E+00,4.64605E+00,1.35959E+00 
#t = 3.276E+03
3.08438E+01,3.08438E+01,3.08438E+01,3.08438E+01,3.08438E+01,3.08438E+01,3.08438E+01,3.08438E+01,3.08438E+01,3.08438E+01,3.08438E+01,3.08438E+01,3.08438E+01,3.08438E+01,7.96719E+00,3.08438E+01,3.08438E+01,3.08438E+01,3.08438E+01,3.08438E+01,3.08438E+01,3.08438E+01,3.08438E+01,3.08438E+01,3.08438E+01,3.08438E+01,3.08438E+01,3.08438E+01,3.08438E+01,3.08438E+01,2.17509E+00,3.08438E+01,3.08438E+01,3.08438E+01,1.96578E+00,3.08438E+01,3.08438E+01,3.25785E+00 
#t = 3.318E+03
3.08438E+01,3.08438E+01,3.08438E+01,3.08438E+01,3.08438E+01,1.72627E+01,3.08438E+01,3.08438E+01,3.08438E+01,3.08438E+01,3.08438E+01,3.08438E+01,3.08438E+01,3.08438E+01,3.08438E+01,3.08438E+01,3.08438E+01,3.08438E+01,3.08438E+01,3.08438E+01,3.08438E+01,3.08438E+01,3.08438E+01,3.08438E+01,3.08438E+01,3.08438E+01,3.08438E+01,3.08438E+01,3.08438E+01,3.08438E+01,9.52008E-01,3.08438E+01,3.08438E+01,3.08438E+01,3.08438E+01,1.00632E+00,4.26251E-01,3.08438E+01,6.50363E+00,3.08438E+01 
#t = 3.360E+03
3.08438E+01,3.08438E+01,3.08438E+01,3.08438E+01,3.08438E+01,3.08438E+01,3.08438E+01,3.08438E+01,3.08438E+01,3.08438E+01,3.08438E+01,3.08438E+01,3.08438E+01,3.08438E+01,3.08438E+01,3.08438E+01,1.19473E+01,3.08438E+01,3.08438E+01,3.08438E+01,3.08438E+01,3.08438E+01,3.08438E+01,3.08438E+01,1.67210E+01,3.08438E+01,1.19473E+01,1.19473E+01,3.08438E+01,3.08438E+01,3.08438E+01,4.86336E+00,1.19473E+01,6.29372E-01,3.08438E+01,3.08438E+01,3.08438E+01,3.08438E+01,3.08438E+01,1.07045E+00,8.21267E+00 
#t = 3.402E+03
3.08438E+01,3.08438E+01,3.08438E+01,1.19473E+01,3.08438E+01,3.08438E+01,3.08438E+01,3.08438E+01,3.08438E+01,3.08438E+01,3.08438E+01,3.08438E+01,5.59252E+00,3.08438E+01,3.08438E+01,3.08438E+01,1.19473E+01,3.08438E+01,3.08438E+01,3.08438E+01,3.08438E+01,3.08438E+01,3.08438E+01,3.08438E+01,1.19473E+01,3.08438E+01,3.08438E+01,1.19473E+01,3.08438E+01,3.08438E+01,3.08438E+01,3.08438E+01,1.19473E+01,3.08438E+01 
#t = 3.444E+03
3.08438E+01,3.08438E+01,3.08438E+01,3.08438E+01,3.08438E+01,1.19473E+01,3.08438E+01,2.17971E+01,3.08438E+01,3.08438E+01,3.08438E+01,3.08438E+01,3.08438E+01,3.08438E+01,3.08438E+01,3.08438E+01,3.08438E+01,3.08438E+01,3.08438E+01,3.08438E+01,3.08438E+01,3.08438E+01,3.08438E+01,3.08438E+01,3.08438E+01,6.84202E-01,3.08438E+01,3.08438E+01 
#t = 3.486E+03
3.08438E+01,3.08438E+01,6.07351E+00,3.08438E+01,3.08438E+01,3.08438E+01,3.08438E+01,3.08438E+01,3.08438E+01,1.27732E+01,3.08438E+01,1.15777E+01,3.08438E+01,3.08438E+01,3.08438E+01,3.08438E+01,3.08438E+01,3.08438E+01,3.08438E+01,3.08438E+01,3.08438E+01,3.08438E+01,3.08438E+01,3.08438E+01,3.08438E+01,3.08438E+01,3.08438E+01,3.08438E+01,3.08438E+01,3.08438E+01,1.27732E+01,3.08438E+01,3.08438E+01 
#t = 3.528E+03
1.15777E+01,3.08438E+01,1.15777E+01,3.08438E+01,3.08438E+01,1.15777E+01,3.08438E+01,3.08438E+01,3.08438E+01,3.08438E+01,3.08438E+01,3.08438E+01,3.08438E+01,3.08438E+01,5.50256E+00,3.08438E+01,3.08438E+01,9.14047E+00,3.08438E+01,3.08438E+01,3.08438E+01,1.15777E+01,1.09178E+01,3.08438E+01,1.15777E+01,3.08438E+01,2.49420E+00,2.43841E+00,3.08438E+01,1.53320E+01,3.08438E+01,1.09178E+01,1.15777E+01,1.89261E+00,3.08438E+01,3.08438E+01,3.08438E+01,6.61924E-01,3.08438E+01,3.08438E+01,3.08438E+01 
#t = 3.570E+03
1.15777E+01,1.09178E+01,3.08438E+01,1.97567E+01,3.08438E+01,3.08438E+01,3.08438E+01,3.08438E+01,3.08438E+01,3.08438E+01,3.08438E+01,3.08438E+01,3.08438E+01,3.08438E+01,3.08438E+01,3.08438E+01,1.46232E+01,6.93549E+00,1.09178E+01,3.08438E+01,3.08438E+01,3.08438E+01,3.08438E+01,3.08438E+01,3.08438E+01,1.15777E+01,3.08438E+01,3.08438E+01,1.15777E+01,3.08438E+01,3.08438E+01,3.08438E+01,3.08438E+01,3.08438E+01,3.08438E+01,3.08438E+01 
#t = 3.612E+03
3.08438E+01,3.08438E+01,3.08438E+01,1.46232E+01,3.08438E+01,3.08438E+01,3.08438E+01,1.97567E+01,3.08438E+01,1.97567E+01,3.08438E+01,3.08438E+01,3.08438E+01,3.08438E+01,3.08438E+01,3.08438E+01,3.08438E+01,9.72476E+00,3.08438E+01,1.97567E+01,3.08438E+01,3.08438E+01,3.08438E+01,1.46232E+01,3.08438E+01,3.08438E+01,3.08438E+01,3.08438E+01,3.08438E+01,3.08438E+01,3.08438E+01,3.76818E+00,3.08438E+01,1.62754E+00 
#t = 3.654E+03
3.08438E+01,3.08438E+01,3.08438E+01,1.97567E+01,3.08438E+01,3.08438E+01,3.08438E+01,3.08438E+01,3.08438E+01,3.08438E+01,3.08438E+01,1.97567E+01,3.08438E+01,3.08438E+01,3.08438E+01,3.08438E+01,3.08438E+01,3.08438E+01,3.08438E+01,1.97567E+01,3.08438E+01,1.97567E+01,3.08438E+01,3.08438E+01,3.08438E+01,1.52911E+00,3.08438E+01,5.95502E-01,3.08438E+01,3.08438E+01,3.08438E+01,3.08438E+01,3.08438E+01,1.97567E+01,1.97567E+01,3.08438E+01,4.13935E+00 
#t = 3.696E+03
3.08438E+01,3.08438E+01,3.08438E+01,1.97567E+01,3.08438E+01,3.08438E+01,3.08438E+01,3.08438E+01,3.08438E+01,3.08438E+01,1.97567E+01,3.08438E+01,1.97567E+01,3.08438E+01,3.08438E+01,3.08438E+01,3.08438E+01,3.08438E+01,1.97567E+01,3.08438E+01,1.97567E+01,3.08438E+01,1.97567E+01,1.97567E+01,3.08438E+01,7.03418E+00,3.08438E+01,1.97567E+01,1.97567E+01,3.08438E+01,3.08438E+01,3.08438E+01,3.08438E+01,3.08438E+01,3.08438E+01,3.08438E+01,3.08438E+01,3.08438E+01,3.08438E+01,3.08438E+01,1.97567E+01,1.97567E+01 
#t = 3.738E+03
3.08438E+01,3.08438E+01,3.08438E+01,3.08438E+01,1.97567E+01,1.97567E+01,3.08438E+01,3.08438E+01,1.57704E+01,3.08438E+01,3.08438E+01,3.08438E+01,1.97567E+01,3.08438E+01,3.08438E+01,3.08438E+01,3.08438E+01,1.97567E+01,1.97567E+01,3.08438E+01,7.75018E+00,3.08438E+01,3.08438E+01,3.08438E+01,3.08438E+01,3.08438E+01,1.97567E+01,4.62205E+00,7.06466E-01,1.57704E+01,3.08438E+01,3.08438E+01,3.08438E+01,1.97567E+01,7.06420E-01,1.33487E-01,3.08438E+01,3.16345E+00,2.63787E+00 
#t = 3.780E+03
3.08438E+01,3.08438E+01,3.08438E+01,3.08438E+01,3.08438E+01,3.08438E+01,1.97567E+01,3.08438E+01,3.08438E+01,3.08438E+01,3.08438E+01,3.08438E+01,3.08438E+01,3.08438E+01,3.08438E+01,3.08438E+01,3.08438E+01,3.08438E+01,3.08438E+01,3.08438E+01,1.97567E+01,3.08438E+01,3.08438E+01,3.08438E+01,3.08438E+01,3.08438E+01,1.48924E+01,3.08438E+01,3.08438E+01,3.08438E+01,2.06318E+00,3.08438E+01,2.16904E+00,3.08438E+01,3.08438E+01,2.14681E+01,3.08438E+01,3.08438E+01,8.57299E-01 
#t = 3.822E+03
1.97567E+01,3.08438E+01,3.08438E+01,3.08438E+01,3.08438E+01,3.08438E+01,3.08438E+01,3.08438E+01,3.08438E+01,3.08438E+01,3.08438E+01,2.76786E+00,3.08438E+01,3.08438E+01,1.48924E+01,3.08438E+01,3.08438E+01,3.08438E+01,3.08438E+01,3.08438E+01,8.30738E+00,3.40971E-01,3.08438E+01,3.08438E+01,1.07441E+01,3.08438E+01,3.08438E+01,2.18346E+00 
#t = 3.864E+03
3.08438E+01,3.08438E+01,3.08438E+01,3.08438E+01,3.08438E+01,1.56319E+01,3.08438E+01,3.08438E+01,1.24045E+01,3.08438E+01,1.56319E+01,3.08438E+01,3.08438E+01,3.08438E+01,3.08438E+01,3.08438E+01,1.56319E+01,5.07201E+00,3.08438E+01,3.08438E+01 
#t = 3.906E+03
1.56319E+01,3.08438E+01,3.08438E+01,3.08438E+01,3.08438E+01,3.08438E+01,3.08438E+01,3.08438E+01,3.08438E+01,3.08438E+01,3.08438E+01,7.08115E+00,3.08438E+01,3.08438E+01,3.08438E+01,3.08438E+01,3.08438E+01,3.08438E+01,3.08438E+01,3.08438E+01,3.08438E+01,3.08438E+01,3.08438E+01,3.08438E+01,3.08438E+01,3.08438E+01,3.08438E+01,3.08438E+01,3.08438E+01,6.87022E+00,3.08438E+01,3.08438E+01,3.08438E+01,1.81934E+00,3.08438E+01,1.55345E+00 
#t = 3.948E+03
3.08438E+01,3.08438E+01,3.08438E+01,3.08438E+01,3.08438E+01,3.08438E+01,3.08438E+01,3.08438E+01,3.08438E+01,3.08438E+01,3.08438E+01,3.08438E+01,3.08438E+01,3.08438E+01,3.08438E+01,3.08438E+01,3.08438E+01,3.08438E+01,3.08438E+01,3.08438E+01,1.54147E+01,3.08438E+01,3.08438E+01,3.08438E+01,3.08438E+01,3.91097E+00,3.08438E+01,3.08438E+01,3.08438E+01,4.04686E+01,3.08438E+01,3.08438E+01,3.08438E+01,3.08438E+01,3.08438E+01,3.08438E+01,1.54147E+01,3.08438E+01,3.08438E+01,1.54147E+01,1.78137E+00,3.08438E+01 
#t = 3.990E+03
3.08438E+01,1.54147E+01,3.08438E+01,3.08438E+01,3.08438E+01,3.08438E+01,3.08438E+01,3.08438E+01,3.08438E+01,3.08438E+01,3.08438E+01,3.08438E+01,3.08438E+01,4.04686E+01,3.08438E+01,3.08438E+01,3.08438E+01,3.08438E+01,3.08438E+01,3.08438E+01,3.08438E+01,3.08438E+01,4.04686E+01,3.08438E+01,3.08438E+01,3.08438E+01,3.08438E+01,3.08438E+01,4.04686E+01,3.08438E+01,3.08438E+01,3.08438E+01,3.08438E+01 
#t = 4.032E+03
3.08438E+01,4.04686E+01,3.08438E+01,3.08438E+01,3.08438E+01,3.08438E+01,3.08438E+01,3.08438E+01,3.08438E+01,3.08438E+01,3.08438E+01,3.08438E+01,3.08438E+01,3.08438E+01,3.08438E+01,3.08438E+01,3.08438E+01,3.08438E+01,3.08438E+01,3.08438E+01,3.08438E+01,4.04686E+01,3.08438E+01,3.08438E+01,3.08438E+01,3.08438E+01,3.08438E+01,3.08438E+01,3.08438E+01,7.14370E-01,3.08438E+01 
#t = 4.074E+03
3.08438E+01,3.08438E+01,3.08438E+01,3.08438E+01,3.08438E+01,3.08438E+01,3.08438E+01,3.08438E+01,3.08438E+01,3.08438E+01,3.08438E+01,3.08438E+01,3.08438E+01,3.08438E+01,3.08438E+01,3.08438E+01,2.05490E+01,3.08438E+01,3.08438E+01,3.08438E+01,1.81074E+00,3.08438E+01,7.98731E-01 
#t = 4.116E+03
3.08438E+01,3.08438E+01,3.08438E+01,3.08438E+01,3.08438E+01,3.08438E+01,3.08438E+01,3.08438E+01,3.08438E+01,3.08438E+01,3.08438E+01,3.08438E+01,3.08438E+01,3.08438E+01,3.08438E+01,3.08438E+01,3.08438E+01,3.08438E+01,3.08438E+01,3.08438E+01,3.08438E+01,3.08438E+01,3.08438E+01,3.08438E+01,3.08438E+01,3.08438E+01,3.08438E+01,8.99377E+00,2.70195E+00,1.99521E+00 
#t = 4.158E+03
3.08438E+01,3.08438E+01,3.08438E+01,3.08438E+01,3.08438E+01,3.08438E+01,3.08438E+01,3.08438E+01,3.08438E+01,3.08438E+01,3.08438E+01,8.68625E+00,3.08438E+01,3.08438E+01,3.08438E+01,3.08438E+01,3.08438E+01,3.08438E+01,3.08438E+01,3.08438E+01,3.08438E+01,3.08438E+01,3.08438E+01,3.08438E+01,3.08438E+01,3.08438E+01,3.08438E+01,5.56718E+00,3.08438E+01,4.23298E+00,3.08438E+01,3.08438E+01,3.08438E+01,3.08438E+01,3.08438E+01,3.08438E+01,3.08438E+01,3.08438E+01,3.08438E+01 
#t = 4.200E+03
3.08438E+01,3.08438E+01,3.08438E+01,3.08438E+01,3.08438E+01,3.08438E+01,3.08438E+01,3.08438E+01,1.07468E+01,3.08438E+01,3.08438E+01,3.08438E+01,3.08438E+01,3.08438E+01,1.07468E+01,3.08438E+01,3.08438E+01,8.31977E+00,3.08438E+01,3.08438E+01,3.08438E+01,5.56827E+00,3.08438E+01,3.08438E+01,3.08438E+01,3.08438E+01 
