#t = 0.000E+00
2.52621E+00,2.93864E+00,2.34724E+00,1.81285E+00,5.18235E+00 
#t = 4.200E+01
2.14573E+00 
#t = 8.400E+01
7.61816E-01 
#t = 1.260E+02
1.41858E+01,1.41858E+01,2.07166E+01,8.58254E+00,2.00917E+00 
#t = 1.680E+02
1.41858E+01,1.40234E+01,1.40234E+01,1.40234E+01,1.41858E+01,1.65813E+00 
#t = 2.100E+02
2.36840E+01,1.04925E+01 
#t = 2.520E+02
1.10202E+01,2.55526E+01,2.55526E+01,2.55526E+01,2.55526E+01,2.55526E+01,1.10202E+01,2.55526E+01,3.14882E+00,1.78226E+00,2.55526E+01,3.41343E+00,2.55526E+01,2.19333E+00,2.55526E+01,2.55526E+01 
#t = 2.940E+02
2.55526E+01,1.47651E+01,2.55526E+01,2.55526E+01,2.55526E+01,2.55526E+01,2.55526E+01,2.55526E+01,2.55526E+01,2.55526E+01,2.55526E+01,2.55526E+01,2.55526E+01,2.55526E+01,1.06389E+01,2.55526E+01,2.55526E+01,1.10202E+01,2.55526E+01,2.55526E+01,2.55526E+01,1.57960E+00,2.55526E+01,2.55526E+01,1.10202E+01,2.55526E+01,1.47651E+01,2.55526E+01,2.55526E+01,8.18297E+00,2.55526E+01,1.03400E+01,2.55526E+01,2.55526E+01,1.47651E+01,2.55526E+01,2.55526E+01,2.55526E+01,2.55526E+01,2.55526E+01 
#t = 3.360E+02
1.47651E+01,2.55526E+01,2.55526E+01,2.55526E+01,2.55526E+01,2.55526E+01,1.47651E+01,2.55526E+01,2.55526E+01,1.47651E+01,9.84028E-01,2.55526E+01,2.55526E+01,2.55526E+01,2.55526E+01,2.55526E+01,2.55526E+01,1.47651E+01,2.55526E+01,1.10202E+01,1.47651E+01,2.55526E+01,1.83118E+00,2.55526E+01,1.40804E+01,2.55526E+01,1.47651E+01,1.40804E+01,2.55526E+01,1.40804E+01,2.55526E+01,1.40804E+01 
#t = 3.780E+02
2.55526E+01,2.55526E+01,2.55526E+01,2.55526E+01,2.55526E+01,2.55526E+01,2.55526E+01,2.55526E+01,2.55526E+01,2.55526E+01,2.55526E+01,2.55526E+01,2.55526E+01,2.55526E+01,2.55526E+01,2.55526E+01,2.55526E+01,2.05107E+00,2.55526E+01,2.55526E+01,2.55526E+01,2.55526E+01,2.55526E+01 
#t = 4.200E+02
2.55526E+01,2.55526E+01,2.55526E+01,1.26453E+01,2.55526E+01,2.55526E+01,2.55526E+01,2.55526E+01,2.55526E+01,2.55526E+01,2.55526E+01,2.55526E+01,2.55526E+01,2.55526E+01,2.55526E+01,5.69316E+00,2.55526E+01,9.69810E+00,2.55526E+01,2.55526E+01 
#t = 4.620E+02
2.55526E+01,2.55526E+01,2.55526E+01,2.55526E+01,6.39465E+00,2.55526E+01,2.55526E+01,2.55526E+01,2.55526E+01,2.24977E+01,2.55526E+01,2.55526E+01,2.55526E+01,2.55526E+01,2.55526E+01,3.64032E+00,4.00573E+00,2.55526E+01,2.55526E+01 
#t = 5.040E+02
2.55526E+01,2.55526E+01,2.55526E+01,2.24977E+01,2.24977E+01,4.69350E+00,2.24977E+01,2.55526E+01,2.55526E+01,2.55526E+01,2.24977E+01,6.81532E-01,2.24977E+01,2.55526E+01,4.79671E+00,1.78534E-01 
#t = 5.460E+02
2.24977E+01,2.55526E+01,2.55526E+01,2.24977E+01,2.24977E+01,2.55526E+01,2.55526E+01,2.24977E+01,2.55526E+01,2.55526E+01,2.55526E+01,2.55526E+01,2.55526E+01,5.39673E-01,2.55526E+01,2.55526E+01,2.55526E+01,2.55526E+01,2.55526E+01,2.24977E+01,2.55526E+01,2.24977E+01,2.24977E+01,2.13435E+00,2.24977E+01,2.24977E+01,2.24977E+01,2.55526E+01 
#t = 5.880E+02
2.55526E+01,2.55526E+01,2.55526E+01,2.55526E+01,2.55526E+01,2.55526E+01,2.55526E+01,2.55526E+01,2.55526E+01,2.55526E+01,2.55526E+01,2.55526E+01,2.24977E+01,1.36337E+00,2.55526E+01,2.24977E+01,5.58670E+00,1.14953E+01,1.53493E+00,1.23249E+00,2.55526E+01 
#t = 6.300E+02
2.55526E+01,2.55526E+01,2.55526E+01,2.55526E+01,2.55526E+01,2.51337E+01,2.55526E+01,2.51337E+01,2.55526E+01,2.55526E+01,2.55526E+01,2.55526E+01,2.51337E+01,2.10086E+00,2.55526E+01,2.81392E+00,2.55526E+01,2.55526E+01 
#t = 6.720E+02
2.55526E+01,2.55526E+01,2.20374E+01,2.55526E+01,2.20374E+01,2.20374E+01,2.55526E+01,2.55526E+01,2.20374E+01,2.20374E+01,1.67952E+00,3.30519E+00,2.20374E+01,1.29825E+00,2.55526E+01 
#t = 7.140E+02
2.20374E+01,2.20374E+01,2.20374E+01,2.20374E+01,2.20374E+01,2.55526E+01,2.20374E+01,2.20374E+01,2.20374E+01,2.55526E+01,2.20374E+01,2.20374E+01,2.20374E+01,2.20374E+01,2.20374E+01,2.20374E+01,2.27300E+00,2.55526E+01,2.20374E+01,2.20374E+01,2.55526E+01,2.81343E+00,2.20374E+01,8.99592E-01 
#t = 7.560E+02
2.20374E+01,2.55526E+01,2.20374E+01,2.20374E+01,2.20374E+01,2.20374E+01,2.20374E+01,2.20374E+01,2.20374E+01,2.20374E+01,2.20374E+01,2.20374E+01,2.20374E+01,2.20374E+01,2.20374E+01,1.78431E+00,2.20374E+01,2.20374E+01,2.20374E+01,2.20374E+01 
#t = 7.980E+02
2.20374E+01,2.55526E+01,2.20374E+01,2.55526E+01,2.20374E+01,2.20374E+01,2.20374E+01,2.55526E+01,2.20374E+01,2.20374E+01,2.55526E+01,2.20374E+01,1.51087E+01,2.55526E+01,2.20374E+01,2.20374E+01,1.51087E+01,2.20374E+01,2.55526E+01,2.20374E+01,2.39509E-01,2.55526E+01,2.20374E+01 
#t = 8.400E+02
2.20374E+01,2.55526E+01,2.20374E+01,2.20374E+01,2.20374E+01,2.20374E+01,2.20374E+01,1.04042E+01,1.28785E+01,2.20374E+01,2.20374E+01,2.55526E+01,2.20374E+01,2.55526E+01,2.55526E+01,9.78645E-01,2.55526E+01,2.55526E+01,4.58760E+00,2.55526E+01 
#t = 8.820E+02
2.20374E+01,1.28785E+01,2.55526E+01,2.55526E+01,2.55526E+01,2.55526E+01,2.20374E+01,2.55526E+01,8.49788E+00,5.87666E+00,2.55526E+01,2.55526E+01,2.55526E+01,2.55526E+01 
#t = 9.240E+02
2.55526E+01,2.55526E+01,2.20374E+01,2.55526E+01,2.55526E+01,2.55526E+01,2.55526E+01,2.55526E+01,2.55526E+01,2.55526E+01,2.55526E+01,2.55526E+01,2.55526E+01,2.55526E+01,2.55526E+01,2.55526E+01,2.55526E+01,2.55526E+01,2.55526E+01,2.55526E+01,2.55526E+01,2.20374E+01,2.55526E+01,2.55526E+01,3.23782E+00,2.55526E+01,2.55526E+01,2.20374E+01,2.12470E+00,2.20374E+01 
#t = 9.660E+02
2.55526E+01,2.55526E+01,3.09279E+01,3.09279E+01,2.55526E+01,2.55526E+01,1.33130E+01,3.09279E+01,2.55526E+01,2.55526E+01,2.55526E+01,2.55526E+01,1.05022E+01,3.09279E+01,3.09279E+01,2.55526E+01,2.55526E+01,2.55526E+01,2.55526E+01,2.55526E+01,2.55526E+01,2.55526E+01,2.55526E+01,5.79887E+00,1.16195E+00,8.71865E+00,2.25197E+00,2.55526E+01,3.09279E+01 
#t = 1.008E+03
2.55526E+01,2.55526E+01,2.55526E+01,3.09279E+01,3.09279E+01,3.09279E+01,3.09279E+01,2.55526E+01,3.09279E+01,2.55526E+01,3.09279E+01,2.55526E+01,3.09279E+01,2.55526E+01,3.09279E+01,3.09279E+01,3.09279E+01,3.09279E+01,1.68238E+00,2.55526E+01,1.53580E+00,3.09279E+01,3.09279E+01,3.09279E+01,3.09279E+01,1.50530E+00,1.18018E+01,3.09279E+01 
#t = 1.050E+03
3.09279E+01,2.55526E+01,3.09279E+01,1.18018E+01,2.55526E+01,3.09279E+01,3.09279E+01,3.09279E+01,3.09279E+01,1.10961E+01,2.55526E+01,9.70613E+00,3.09279E+01,3.09279E+01,2.55526E+01,8.32526E+00,3.09279E+01,3.09279E+01,3.09279E+01,3.09279E+01,3.09279E+01,3.09279E+01,3.09279E+01,3.09279E+01,8.58625E-01,8.68705E-01,3.09279E+01,5.87150E-01,7.36335E-01,3.09279E+01 
#t = 1.092E+03
3.09279E+01,3.09279E+01,3.09279E+01,3.09279E+01,3.09279E+01,3.09279E+01,3.09279E+01,3.09279E+01,3.09279E+01,3.09279E+01,8.37835E+00,2.55526E+01,2.21686E+01,3.09279E+01,3.09279E+01,3.09279E+01,2.55526E+01,1.67461E+00,3.09279E+01,2.17693E-01,3.09279E+01,3.09279E+01,9.35656E-01,3.09279E+01,2.55526E+01 
#t = 1.134E+03
3.09279E+01,2.55526E+01,3.09279E+01,3.09279E+01,3.09279E+01,3.09279E+01,2.55526E+01,2.55526E+01,3.09279E+01,5.66480E+00,2.55526E+01,3.09279E+01,2.55526E+01,2.55526E+01,4.47604E+00,2.55526E+01,3.09279E+01,3.09279E+01,3.09279E+01,2.55526E+01,3.09279E+01,2.55526E+01,3.09279E+01,1.85766E+00 
#t = 1.176E+03
3.09279E+01,3.09279E+01,2.55526E+01,2.55526E+01,2.55526E+01,2.55526E+01,3.09279E+01,2.55526E+01,3.09279E+01,5.59251E+00,2.55526E+01,2.55526E+01,3.09279E+01,2.55526E+01,3.09279E+01,3.09279E+01,2.55526E+01,3.09279E+01,3.09279E+01,2.55526E+01,2.55526E+01,2.55526E+01,4.35042E+00,2.55526E+01,5.76507E+00 
#t = 1.218E+03
3.09279E+01,3.09279E+01,2.55526E+01,2.55526E+01,2.55526E+01,1.99413E+01,3.09279E+01,3.09279E+01,3.09279E+01,3.09279E+01,3.09279E+01,3.09279E+01,3.09279E+01,3.09279E+01,2.55526E+01,2.55526E+01,3.09279E+01,3.09279E+01,3.09279E+01,2.55526E+01,3.09279E+01,3.09279E+01,2.55526E+01,3.09279E+01,3.09279E+01,3.09279E+01,3.09279E+01,3.09279E+01,1.99413E+01,3.59417E-01 
#t = 1.260E+03
2.55526E+01,2.55526E+01,3.09279E+01,3.09279E+01,1.99413E+01,2.55526E+01,9.18324E+00,2.55526E+01,2.55526E+01,3.09279E+01,1.24401E+01,3.09279E+01,2.55526E+01,3.09279E+01,2.55526E+01,3.09279E+01,3.09279E+01,2.55526E+01,2.55526E+01,3.09279E+01,3.09279E+01,3.09279E+01,2.55526E+01,2.55526E+01,2.54528E+00,3.09279E+01,2.55526E+01,3.09279E+01,3.09279E+01,2.55526E+01 
#t = 1.302E+03
2.55526E+01,2.55526E+01,3.09279E+01,3.09279E+01,3.09279E+01,2.55526E+01,3.09279E+01,3.09279E+01,2.55526E+01,3.09279E+01,3.09279E+01,3.09279E+01,2.55526E+01,3.09279E+01,3.09279E+01,3.09279E+01,3.09279E+01,3.09279E+01,3.09279E+01,3.09279E+01,3.09279E+01,3.09279E+01,3.09279E+01,3.09279E+01,3.09279E+01,3.09279E+01,6.09227E-01,3.09279E+01,3.09279E+01 
#t = 1.344E+03
3.09279E+01,3.09279E+01,2.55526E+01,2.55526E+01,3.09279E+01,2.55526E+01,3.09279E+01,3.09279E+01,3.09279E+01,2.55526E+01,3.09279E+01,3.09279E+01,3.09279E+01,3.09279E+01,3.09279E+01,3.09279E+01,3.09279E+01,3.09279E+01,3.09279E+01,3.09279E+01,3.09279E+01,2.55526E+01,3.09279E+01,3.09279E+01,3.09279E+01,3.09279E+01,3.09279E+01,3.09279E+01 
#t = 1.386E+03
3.09279E+01,3.09279E+01,3.09279E+01,3.09279E+01,3.09279E+01,3.09279E+01,3.09279E+01,3.09279E+01,3.09279E+01,3.09279E+01,3.09279E+01,3.09279E+01,3.09279E+01,3.09279E+01,3.09279E+01,3.09279E+01,3.09279E+01,3.09279E+01,3.09279E+01,3.09279E+01,3.09279E+01,3.09279E+01,3.09279E+01,3.09279E+01,3.09279E+01,3.09279E+01,3.09279E+01,3.09279E+01,3.09279E+01,3.09279E+01,3.09279E+01,3.09279E+01,3.09279E+01,3.09279E+01,3.09279E+01,3.09279E+01,1.66464E+01 
#t = 1.428E+03
3.09279E+01,1.66464E+01,3.09279E+01,3.09279E+01,3.09279E+01,3.09279E+01,3.09279E+01,3.09279E+01,3.09279E+01,3.09279E+01,3.09279E+01,3.09279E+01,3.09279E+01,3.09279E+01,3.09279E+01,3.09279E+01,3.09279E+01,3.09279E+01,3.09279E+01,3.09279E+01,3.09279E+01,3.09279E+01,3.09279E+01,3.09279E+01,1.66464E+01,3.09279E+01,3.09279E+01,3.09279E+01,3.09279E+01,3.09279E+01,3.09279E+01,3.09279E+01,3.09279E+01,3.09279E+01,3.09279E+01,3.09279E+01,3.09279E+01,3.09279E+01,3.09279E+01,3.09279E+01,6.19015E+00,3.09279E+01,2.48888E+00,1.49057E+01,2.87083E-01 
#t = 1.470E+03
3.09279E+01,3.09279E+01,3.09279E+01,3.09279E+01,3.09279E+01,3.09279E+01,3.09279E+01,3.09279E+01,3.09279E+01,3.09279E+01,3.09279E+01,3.09279E+01,3.09279E+01,3.09279E+01,3.09279E+01,3.09279E+01,3.09279E+01,3.09279E+01,3.09279E+01,3.09279E+01,3.09279E+01,3.09279E+01,3.09279E+01,3.09279E+01,3.09279E+01,3.09279E+01,3.09279E+01 
#t = 1.512E+03
3.09279E+01,3.09279E+01,3.09279E+01,3.09279E+01,3.09279E+01,3.09279E+01,3.09279E+01,3.09279E+01,3.09279E+01,3.09279E+01,3.09279E+01,3.09279E+01,3.09279E+01,3.09279E+01,3.09279E+01,3.09279E+01,3.09279E+01,3.09279E+01,3.09279E+01,3.09279E+01,3.09279E+01,3.09279E+01,3.09279E+01,3.09279E+01,5.94223E-01,3.09279E+01,3.09279E+01,3.09279E+01,3.09279E+01,7.26801E+00,3.09279E+01,6.46705E-01,3.09279E+01,6.82806E+00,3.09279E+01,1.44937E+00,3.09279E+01,2.69952E+00,3.09279E+01,3.09279E+01,3.09279E+01 
#t = 1.554E+03
3.09279E+01,3.09279E+01,3.09279E+01,3.09279E+01,3.09279E+01,3.09279E+01,3.09279E+01,3.09279E+01,3.09279E+01,4.57854E+00,5.41633E+00,3.09279E+01,3.09279E+01,3.09279E+01,3.09279E+01,3.09279E+01,1.34330E+01,3.09279E+01,3.09279E+01,2.26854E+00,3.01946E-01,3.09279E+01,3.09279E+01,3.09279E+01,3.09279E+01,3.09279E+01,3.09279E+01 
#t = 1.596E+03
3.09279E+01,3.09279E+01,3.09279E+01,3.09279E+01,3.09279E+01,3.09279E+01,3.09279E+01,3.09279E+01,3.09279E+01,3.09279E+01,3.09279E+01,3.09279E+01,3.09279E+01,3.09279E+01,3.09279E+01,3.09279E+01,3.09279E+01,3.09279E+01,3.09279E+01,3.09279E+01,3.09279E+01,3.09279E+01,3.09279E+01,3.09279E+01,9.57432E-01,7.37053E+00,3.09279E+01,3.09279E+01,3.09279E+01,3.09279E+01,1.17161E+00,3.09279E+01,3.09279E+01,3.09279E+01,5.65628E+00 
#t = 1.638E+03
3.09279E+01,3.09279E+01,3.09279E+01,3.09279E+01,3.09279E+01,3.09279E+01,3.09279E+01,3.09279E+01,1.17234E+01,3.09279E+01,3.09279E+01,3.09279E+01,3.47078E+00,3.09279E+01,1.17234E+01,3.09279E+01,3.09279E+01,1.17234E+01,3.09279E+01,1.17234E+01,3.09279E+01,3.09279E+01,3.09279E+01,3.09279E+01,3.09279E+01,3.09279E+01,3.09279E+01,3.09279E+01,3.34402E+00,3.09279E+01,2.33499E+00,3.09279E+01 
#t = 1.680E+03
3.09279E+01,3.09279E+01,3.09279E+01,3.09279E+01,3.09279E+01,3.09279E+01,3.09279E+01,3.09279E+01,1.54266E+00,3.09279E+01,4.74675E+00,3.09279E+01,3.09279E+01,6.66280E+00,3.09279E+01,3.09279E+01,3.09279E+01,3.09279E+01,3.09279E+01,4.77156E+00,3.09279E+01,3.09279E+01,3.09279E+01,3.09279E+01,1.18855E+00,1.15671E+00,1.61208E+01,3.09279E+01,3.09279E+01,3.09279E+01,3.09279E+01,9.17866E+00 
#t = 1.722E+03
3.09279E+01,3.09279E+01,3.09279E+01,3.09279E+01,3.09279E+01,3.09279E+01,3.09279E+01,3.09279E+01,3.09279E+01,3.09279E+01,3.09279E+01,3.09279E+01,3.09279E+01,3.09279E+01,3.09279E+01,3.09279E+01,3.09279E+01,3.09279E+01,3.09279E+01,3.09279E+01,3.09279E+01,3.09279E+01,3.09279E+01,3.09279E+01,3.09279E+01,3.09279E+01,1.54970E+00,3.09279E+01,3.09279E+01,3.94394E+00,3.09279E+01,3.09279E+01,3.09279E+01,3.09279E+01,3.09279E+01,3.09279E+01,3.46436E+00,7.90222E+00 
#t = 1.764E+03
3.09279E+01,3.09279E+01,3.09279E+01,3.09279E+01,3.09279E+01,3.09279E+01,3.09279E+01,3.09279E+01,3.09279E+01,3.09279E+01,3.09279E+01,3.09279E+01,3.09279E+01,3.09279E+01,3.09279E+01,3.09279E+01,3.09279E+01,3.09279E+01,5.01618E+00,3.09279E+01,3.09279E+01,3.09279E+01,3.09279E+01,3.09279E+01,3.09279E+01,3.09279E+01,3.09279E+01,3.09279E+01,3.09279E+01,3.09279E+01,3.09279E+01,3.09279E+01,3.09279E+01,3.09279E+01 
#t = 1.806E+03
3.09279E+01,3.09279E+01,1.57262E+01,3.09279E+01,3.09279E+01,3.09279E+01,3.09279E+01,3.09279E+01,3.09279E+01,3.09279E+01,3.09279E+01,3.09279E+01,3.09279E+01,3.09279E+01,1.57262E+01,3.09279E+01,3.09279E+01,3.09279E+01,3.09279E+01,3.09279E+01,3.09279E+01,1.57262E+01,3.09279E+01,3.09279E+01,3.09279E+01,3.09279E+01,3.09279E+01,3.09279E+01,3.09279E+01,3.09279E+01,1.57262E+01,3.09279E+01,1.57262E+01,3.57200E+00 
#t = 1.848E+03
3.09279E+01,3.09279E+01,1.57262E+01,3.09279E+01,3.09279E+01,3.09279E+01,3.09279E+01,3.09279E+01,3.09279E+01,3.09279E+01,3.09279E+01,4.82597E+01,3.09279E+01,3.09279E+01,1.15744E+01,3.09279E+01,3.09279E+01,3.09279E+01,3.09279E+01,3.09279E+01,3.09279E+01,3.09279E+01,3.09279E+01,3.09279E+01,3.09279E+01,3.09279E+01,3.09279E+01,1.57262E+01,4.82597E+01,2.79339E+00,3.37107E+00,2.90784E-01 
#t = 1.890E+03
1.57262E+01,1.15744E+01,3.09279E+01,4.82597E+01,3.09279E+01,3.09279E+01,3.09279E+01,3.09279E+01,4.82597E+01,3.09279E+01,3.09279E+01,3.09279E+01,3.09279E+01,3.09279E+01,3.09279E+01,4.82597E+01,3.09279E+01,3.09279E+01,3.09279E+01,3.09279E+01,7.25342E+00,3.09279E+01,3.09279E+01,4.82597E+01,4.82597E+01,3.09279E+01,8.20441E-01,4.82597E+01,3.09279E+01,3.09279E+01,3.09279E+01,3.09279E+01,3.09279E+01,3.09279E+01,1.09254E+00,3.09279E+01,4.82597E+01,4.82597E+01,3.09279E+01,1.57262E+01 
#t = 1.932E+03
1.57262E+01,3.09279E+01,3.09279E+01,4.82597E+01,9.87220E+00,4.82597E+01,3.09279E+01,1.57262E+01,3.09279E+01,4.82597E+01,1.57262E+01,3.09279E+01,2.92970E+00,4.82597E+01 
#t = 1.974E+03
1.05256E+01,3.09279E+01,3.09279E+01,1.57262E+01,3.09279E+01,3.09279E+01,3.09279E+01,3.09279E+01,3.09279E+01,3.09279E+01,3.09279E+01,3.09279E+01,3.09279E+01,7.97131E-01,3.09279E+01,7.94700E-01,3.64373E+00 
#t = 2.016E+03
3.09279E+01,3.09279E+01,3.09279E+01,3.09279E+01,3.09279E+01,3.09279E+01,1.57262E+01,3.09279E+01,3.09279E+01,3.09279E+01,3.09279E+01,3.09279E+01,3.09279E+01,3.09279E+01,3.09279E+01,3.09279E+01,1.25405E+01,3.09279E+01,3.09279E+01,3.09279E+01,3.09279E+01,3.09279E+01,2.68684E+01,3.09279E+01,3.09279E+01,3.09279E+01,3.09279E+01,3.09279E+01,3.09279E+01,3.09279E+01,1.86536E+01,1.36821E+00,1.25405E+01,3.09279E+01,1.86536E+01 
#t = 2.058E+03
3.09279E+01,3.09279E+01,2.68684E+01,1.25405E+01,3.09279E+01,3.09279E+01,3.09279E+01,3.09279E+01,3.09279E+01,3.09279E+01,3.09279E+01,3.09279E+01,3.09279E+01,3.09279E+01,3.09279E+01,3.09279E+01,3.09279E+01,3.09279E+01,3.09279E+01,3.09279E+01,1.25405E+01,3.09279E+01,3.09279E+01,3.09279E+01,3.09279E+01,3.09279E+01,1.25405E+01,3.09279E+01,1.25405E+01,3.09279E+01,1.25405E+01,3.09279E+01,3.09279E+01,3.09279E+01,3.09279E+01,3.03699E+00,3.09279E+01,2.68684E+01,3.09279E+01,3.09279E+01,3.09279E+01,1.25405E+01,1.25405E+01,3.09279E+01,3.35548E+00,3.09279E+01 
#t = 2.100E+03
3.09279E+01,3.09279E+01,3.09279E+01,3.09279E+01,3.09279E+01,3.09279E+01,3.09279E+01,2.68684E+01,3.09279E+01,3.09279E+01,1.25405E+01,3.09279E+01,3.09279E+01,3.09279E+01,3.09279E+01,3.09279E+01,3.09279E+01,3.09279E+01,3.09279E+01,3.09279E+01,3.09279E+01,3.09279E+01,3.09279E+01,3.09279E+01,3.09279E+01,3.09279E+01,3.09279E+01,1.25405E+01,3.09279E+01,3.09279E+01,3.09279E+01,3.09279E+01,3.09279E+01,3.09279E+01,3.09279E+01,3.09279E+01,3.09279E+01,7.22675E+00,3.09279E+01,3.09279E+01,3.09279E+01 
#t = 2.142E+03
3.09279E+01,3.09279E+01,3.09279E+01,3.09279E+01,3.09279E+01,3.09279E+01,3.09279E+01,3.09279E+01,3.09279E+01,3.09279E+01,3.09279E+01,3.09279E+01,3.09279E+01,3.09279E+01,3.09279E+01,3.09279E+01,3.09279E+01,3.09279E+01,5.88600E+00,3.09279E+01,3.09279E+01,3.09279E+01,3.09279E+01,3.09279E+01,3.09279E+01,1.86906E+00,3.09279E+01,3.09279E+01,3.09279E+01,3.09279E+01,3.09279E+01,3.09279E+01,8.14644E-01,3.09279E+01,3.09279E+01,3.09279E+01,3.09279E+01,2.76795E+00,3.09279E+01,3.09279E+01,3.09279E+01,3.09279E+01,3.09279E+01 
#t = 2.184E+03
3.09279E+01,3.09279E+01,3.09279E+01,3.09279E+01,3.09279E+01,3.09279E+01,3.09279E+01,3.09279E+01,3.09279E+01,3.09279E+01,3.09279E+01,3.09279E+01,3.09279E+01,3.09279E+01,3.09279E+01,3.09279E+01,3.09279E+01,3.09279E+01,3.09279E+01,3.09279E+01,3.09279E+01,3.09279E+01,3.09279E+01,3.09279E+01,3.09279E+01,3.09279E+01,1.75351E+01,3.09279E+01,1.75351E+01,3.09279E+01,3.09279E+01,3.09279E+01,3.09279E+01,3.09279E+01,1.75351E+01,3.09279E+01,7.01502E+00,1.75351E+01,3.09279E+01,3.09279E+01,1.75351E+01,5.34703E+00,1.75351E+01,7.57466E-01,3.09279E+01 
#t = 2.226E+03
3.09279E+01,3.09279E+01,3.09279E+01,1.75351E+01,3.09279E+01,3.09279E+01,3.09279E+01,3.09279E+01,3.09279E+01,3.09279E+01,3.09279E+01,8.63893E+00,3.09279E+01,3.09279E+01,9.63309E+00,3.09279E+01,3.09279E+01,1.72853E+01,3.09279E+01,3.09279E+01,3.09279E+01,3.09279E+01,3.09279E+01,3.09279E+01,3.09279E+01,3.09279E+01,3.09279E+01,3.09279E+01,3.09279E+01,1.05817E+01,1.05817E+01,3.09279E+01,3.09279E+01,3.09279E+01,3.09279E+01,3.09279E+01,3.09279E+01,3.09279E+01,3.09279E+01,3.09279E+01,3.09279E+01,3.09279E+01,3.09279E+01,6.03414E+00,7.34706E+00,5.57494E+00 
#t = 2.268E+03
3.09279E+01,3.09279E+01,3.09279E+01,3.09279E+01,3.09279E+01,3.09279E+01,3.09279E+01,3.09279E+01,3.09279E+01,3.09279E+01,3.09279E+01,3.09279E+01,3.09279E+01,3.09279E+01,3.09279E+01,3.09279E+01,3.09279E+01,3.09279E+01,4.73912E-01,3.09279E+01,3.09279E+01,3.09279E+01,3.09279E+01,3.09279E+01,3.09279E+01,3.09279E+01,1.51421E+00,3.09279E+01,3.09279E+01,1.53746E+00 
#t = 2.310E+03
3.09279E+01,3.09279E+01,3.09279E+01,3.09279E+01,3.09279E+01,3.09279E+01,3.09279E+01,3.09279E+01,3.09279E+01,3.09279E+01,3.09279E+01,3.09279E+01,3.09279E+01,3.09279E+01,3.09279E+01,3.09279E+01,3.09279E+01,3.09279E+01,3.09279E+01,3.09279E+01,3.09279E+01,3.09279E+01,3.09279E+01,2.31582E+00,3.09279E+01,3.09279E+01,3.09279E+01,2.29417E+00,3.09279E+01,3.09279E+01 
#t = 2.352E+03
3.09279E+01,3.09279E+01,3.09279E+01,3.09279E+01,3.09279E+01,3.09279E+01,3.09279E+01,3.09279E+01,7.57569E+00,3.09279E+01,3.09279E+01,3.09279E+01,3.09279E+01,1.33364E+01,3.09279E+01,3.09279E+01,3.09279E+01,3.09279E+01,3.09279E+01,3.09279E+01,3.09279E+01,3.09279E+01,3.09279E+01,3.22651E+00,3.09279E+01,3.09279E+01,4.66935E+00,3.09279E+01,3.09279E+01,5.03880E+00,3.09279E+01,3.09279E+01 
#t = 2.394E+03
3.09279E+01,3.09279E+01,3.09279E+01,3.09279E+01,3.09279E+01,3.09279E+01,3.09279E+01,3.09279E+01,3.09279E+01,3.09279E+01,3.09279E+01,3.09279E+01,3.09279E+01,3.09279E+01,3.09279E+01,3.09279E+01,3.09279E+01,3.09279E+01,3.09279E+01,3.09279E+01,3.09279E+01,3.09279E+01,3.09279E+01,3.09279E+01,3.09279E+01,9.37269E+00,3.09279E+01,3.09279E+01,3.09279E+01,1.25327E+00,1.32865E+00,3.09279E+01 
#t = 2.436E+03
3.09279E+01,3.09279E+01,3.09279E+01,3.09279E+01,3.09279E+01,3.09279E+01,3.09279E+01,3.09279E+01,3.09279E+01,1.11145E+01,3.09279E+01,3.09279E+01,3.09279E+01,3.09279E+01,3.09279E+01,3.09279E+01,3.09279E+01,3.09279E+01,3.09279E+01,3.09279E+01,3.09279E+01,3.09279E+01,3.09279E+01,3.09279E+01,3.09279E+01,3.09279E+01,3.09279E+01,3.09279E+01,3.09279E+01,3.09279E+01,3.09279E+01,3.09279E+01,2.25582E+00,3.09279E+01,3.09279E+01,3.09279E+01,1.34402E+00 
#t = 2.478E+03
3.09279E+01,3.09279E+01,3.09279E+01,3.09279E+01,3.09279E+01,3.09279E+01,3.09279E+01,3.09279E+01,3.09279E+01,3.09279E+01,3.09279E+01,3.09279E+01,3.09279E+01,3.09279E+01,3.09279E+01,3.09279E+01,3.09279E+01,3.09279E+01,3.09279E+01,3.09279E+01,3.09279E+01,3.09279E+01,3.09279E+01,3.09279E+01,3.09279E+01,3.09279E+01,3.09279E+01,3.09279E+01,3.09279E+01,3.09279E+01,3.09279E+01,3.09279E+01,3.09279E+01,3.09279E+01,3.09279E+01,3.09279E+01,3.09279E+01,3.09279E+01,3.09279E+01,3.09279E+01,3.09279E+01,3.09279E+01,3.09279E+01,3.09279E+01,7.02447E-01,3.09279E+01 
#t = 2.520E+03
3.09279E+01,3.09279E+01,3.09279E+01,3.09279E+01,3.09279E+01,3.09279E+01,3.09279E+01,3.09279E+01,3.09279E+01,3.09279E+01,3.09279E+01,3.09279E+01,3.09279E+01,3.09279E+01,3.09279E+01,3.09279E+01,3.09279E+01,3.09279E+01,3.09279E+01,3.09279E+01,3.09279E+01,3.09279E+01,3.09279E+01,3.09279E+01,3.09279E+01,3.09279E+01,3.09279E+01,1.20404E+01,3.09279E+01,3.09279E+01,3.09279E+01,3.09279E+01 
#t = 2.562E+03
3.09279E+01,3.09279E+01,3.09279E+01,3.09279E+01,3.09279E+01,3.09279E+01,3.09279E+01,3.09279E+01,3.09279E+01,3.09279E+01,3.09279E+01,3.09279E+01,3.09279E+01,3.09279E+01,3.09279E+01,3.09279E+01,3.09279E+01,3.09279E+01,3.09279E+01,3.09279E+01,3.09279E+01,3.09279E+01,5.29970E+00,3.09279E+01,3.09279E+01,3.09279E+01,1.42944E+00,3.09279E+01,3.09279E+01,3.09279E+01,3.09279E+01,3.09279E+01,3.09279E+01 
#t = 2.604E+03
3.09279E+01,3.09279E+01,3.09279E+01,3.09279E+01,3.09279E+01,3.09279E+01,3.09279E+01,3.09279E+01,3.09279E+01,3.09279E+01,3.09279E+01,1.15105E+00,3.09279E+01,3.09279E+01,3.09279E+01,3.09279E+01,3.09279E+01,3.09279E+01,3.09279E+01,3.09279E+01,3.09279E+01,3.09279E+01,3.09279E+01,3.09279E+01,3.09279E+01,3.09279E+01,3.09279E+01,3.09279E+01,3.09279E+01,1.62186E+00,3.09279E+01,1.87080E+00,3.09279E+01,3.09279E+01,3.09279E+01,3.09279E+01 
#t = 2.646E+03
3.09279E+01,3.09279E+01,3.09279E+01,3.09279E+01,3.09279E+01,3.09279E+01,3.09279E+01,3.09279E+01,3.09279E+01,3.09279E+01,3.09279E+01,3.09279E+01,3.09279E+01,3.09279E+01,3.09279E+01,3.09279E+01,3.09279E+01,3.09279E+01,3.09279E+01,3.09279E+01,3.09279E+01,3.09279E+01,1.57126E+01,3.09279E+01,3.09279E+01,3.09279E+01,3.09279E+01,3.09279E+01,3.09279E+01,3.09279E+01,3.09279E+01,3.09279E+01,3.09279E+01,3.09279E+01,3.09279E+01,3.09279E+01,3.09279E+01,3.09279E+01,3.68637E+00,2.43096E+00,1.57126E+01,3.09279E+01,3.09279E+01 
#t = 2.688E+03
3.09279E+01,3.09279E+01,3.09279E+01,3.09279E+01,3.09279E+01,7.48234E+00,3.09279E+01,3.09279E+01,1.57126E+01,1.57126E+01,3.09279E+01,1.57126E+01,3.09279E+01,3.09279E+01,3.09279E+01,3.09279E+01,3.09279E+01,3.09279E+01,3.09279E+01,3.09279E+01,3.09279E+01,3.09279E+01,3.09279E+01,3.09279E+01,3.09279E+01,1.98859E+00,3.09279E+01 
#t = 2.730E+03
3.09279E+01,3.09279E+01,3.09279E+01,3.09279E+01,3.09279E+01,3.09279E+01,3.09279E+01,3.09279E+01,3.09279E+01,7.48753E+00,3.09279E+01,3.09279E+01,3.09279E+01,1.04849E+00,3.09279E+01,3.09279E+01,3.09279E+01,3.09279E+01,1.52341E+00,2.29560E+00,7.54717E-01 
#t = 2.772E+03
3.09279E+01,3.09279E+01,3.09279E+01,3.09279E+01,3.09279E+01,3.09279E+01,3.09279E+01,3.09279E+01,3.09279E+01,3.09279E+01,3.09279E+01,3.09279E+01,3.09279E+01,3.09279E+01,3.09279E+01,3.09279E+01,3.09279E+01,3.09279E+01,3.09279E+01,3.09279E+01,3.09279E+01,3.09279E+01,3.09279E+01,3.09279E+01,3.09279E+01,3.09279E+01,3.09279E+01,3.09279E+01,3.09279E+01,3.09279E+01,3.09279E+01,3.09279E+01,2.00078E-01,3.09279E+01,3.09279E+01 
#t = 2.814E+03
3.09279E+01,3.09279E+01,3.09279E+01,3.09279E+01,3.09279E+01,3.09279E+01,3.09279E+01,3.09279E+01,2.25733E+01,3.09279E+01,3.09279E+01,3.09279E+01,3.09279E+01,3.09279E+01,3.09279E+01,2.96508E+00,3.09279E+01,3.09279E+01,3.09279E+01,3.09279E+01,3.09279E+01,3.09279E+01,3.09279E+01,3.09279E+01,3.09279E+01,3.09279E+01,3.09279E+01,3.09279E+01,3.09279E+01,3.09279E+01 
#t = 2.856E+03
3.09279E+01,3.09279E+01,3.09279E+01,3.09279E+01,3.09279E+01,3.09279E+01,3.09279E+01,3.09279E+01,3.09279E+01,3.09279E+01,3.09279E+01,9.49160E+00,3.09279E+01,3.09279E+01,3.09279E+01,3.09279E+01,3.09279E+01,3.09279E+01,3.09279E+01,3.09279E+01,3.09279E+01,3.09279E+01,3.09279E+01,3.09279E+01,3.29696E+01,3.09279E+01,3.09279E+01,3.09279E+01,3.09279E+01,3.29696E+01,3.09279E+01,3.09279E+01,5.63166E+00 
#t = 2.898E+03
3.09279E+01,3.09279E+01,3.09279E+01,3.09279E+01,3.09279E+01,3.09279E+01,3.09279E+01,3.09279E+01,3.09279E+01,3.09279E+01,3.09279E+01,3.09279E+01,3.09279E+01,3.09279E+01,3.09279E+01,3.09279E+01,8.67431E+00,3.09279E+01,3.09279E+01,3.09279E+01,3.09279E+01,3.09279E+01,3.09279E+01,3.09279E+01,6.04418E+00,3.09279E+01,3.09279E+01,2.51162E+00 
#t = 2.940E+03
3.09279E+01,3.09279E+01,3.09279E+01,3.09279E+01,3.09279E+01,3.09279E+01,3.09279E+01,3.09279E+01,3.09279E+01,3.09279E+01,3.09279E+01,3.09279E+01,3.09279E+01,3.09279E+01,3.09279E+01,3.09279E+01,3.09279E+01,3.09279E+01,3.09279E+01,3.09279E+01,3.09279E+01,3.09279E+01,3.09279E+01,1.81410E+00,3.09279E+01,3.09279E+01,3.09279E+01,3.09279E+01,3.09279E+01,4.16489E+00,3.09279E+01,3.09279E+01,3.09279E+01,6.00215E-01,3.09279E+01,3.75811E+00,1.28241E+00,3.09279E+01,3.09279E+01 
#t = 2.982E+03
3.09279E+01,3.09279E+01,3.09279E+01,3.09279E+01,3.09279E+01,3.09279E+01,3.09279E+01,3.09279E+01,3.09279E+01,2.03345E+01,3.09279E+01,3.09279E+01,3.09279E+01,7.22392E+00,8.88897E+00,3.09279E+01,3.09279E+01,3.09279E+01,3.09279E+01,3.09279E+01,3.09279E+01 
#t = 3.024E+03
3.09279E+01,3.09279E+01,3.09279E+01,3.09279E+01,3.09279E+01,3.09279E+01,3.09279E+01,3.09279E+01,3.09279E+01,3.09279E+01,3.09279E+01,3.09279E+01,3.09279E+01,3.09279E+01,3.09279E+01,3.09279E+01,3.09279E+01,3.09279E+01,7.43598E+00,3.09279E+01,3.09279E+01,3.09279E+01,3.09279E+01,3.09279E+01,3.09279E+01,3.09279E+01,3.09279E+01,3.09279E+01,3.09279E+01,3.09279E+01,3.09279E+01,1.52112E-01,3.09279E+01,3.09279E+01,1.65923E+01 
#t = 3.066E+03
3.09279E+01,3.09279E+01,3.09279E+01,3.09279E+01,3.09279E+01,3.09279E+01,1.65923E+01,3.09279E+01,3.09279E+01,3.09279E+01,3.09279E+01,3.09279E+01,3.09279E+01,3.09279E+01,3.09279E+01,3.09279E+01,3.09279E+01,3.09279E+01,1.65923E+01,3.09279E+01,3.09279E+01,3.09279E+01,3.09279E+01,3.09279E+01,1.65923E+01,3.09279E+01,1.65923E+01,3.09279E+01,2.05861E+00,3.09279E+01,3.09279E+01,1.21089E+01 
#t = 3.108E+03
3.09279E+01,1.21089E+01,3.09279E+01,1.21089E+01,3.09279E+01,3.09279E+01,1.21089E+01,3.09279E+01,3.09279E+01,3.09279E+01,3.09279E+01,1.65949E+01,3.76277E+00,3.09279E+01,3.09279E+01,3.09279E+01,3.09279E+01,4.15276E+00,3.09279E+01,3.09279E+01 
#t = 3.150E+03
3.09279E+01,3.09279E+01,3.09279E+01,2.72630E+01,3.09279E+01,3.09279E+01,1.21089E+01,1.18468E+01,3.09279E+01,3.09279E+01,3.09279E+01,3.09279E+01,3.09279E+01,2.72630E+01,3.09279E+01,3.09279E+01,3.09279E+01,3.09279E+01,2.72630E+01,3.09279E+01,3.09279E+01,3.09279E+01,2.72630E+01,3.09279E+01,3.09279E+01,3.09279E+01,3.09279E+01,3.09279E+01,3.09279E+01,3.09279E+01,3.09279E+01,3.09279E+01,3.15708E+00,3.09279E+01,3.09279E+01,3.09279E+01,3.09279E+01,2.27132E+00,1.21089E+01,3.09279E+01,3.09279E+01,3.09279E+01,2.72630E+01,2.58894E+00,3.09279E+01 
#t = 3.192E+03
2.72630E+01,3.09279E+01,3.09279E+01,3.09279E+01,3.09279E+01,3.09279E+01,3.09279E+01,3.09279E+01,3.09279E+01,3.09279E+01,3.09279E+01,3.09279E+01,3.09279E+01,3.09279E+01,3.09279E+01,3.09279E+01,1.19561E+01,3.09279E+01,2.72630E+01,2.72630E+01,3.09279E+01,3.09279E+01,3.09279E+01,3.09279E+01,3.09279E+01,4.70665E+00,1.86981E+00,3.09279E+01,3.09279E+01,3.09279E+01 
#t = 3.234E+03
3.09279E+01,3.09279E+01,3.09279E+01,3.09279E+01,3.09279E+01,3.09279E+01,3.09279E+01,9.46588E+00,3.09279E+01,3.09279E+01,3.09279E+01,3.09279E+01,3.09279E+01,3.09279E+01,3.09279E+01,3.09279E+01,3.09279E+01,3.09279E+01,1.21090E+00,3.09279E+01,3.09279E+01,2.23944E+00,3.09279E+01,3.09279E+01,3.09279E+01,5.44828E-01,3.09279E+01,3.09279E+01,3.09279E+01,3.09279E+01,3.09279E+01 
#t = 3.276E+03
3.09279E+01,3.09279E+01,3.09279E+01,3.09279E+01,3.09279E+01,3.09279E+01,3.09279E+01,3.09279E+01,3.09279E+01,3.09279E+01,3.09279E+01,3.09279E+01,3.09279E+01,3.09279E+01,3.09279E+01,3.09279E+01,3.09279E+01,3.09279E+01,3.09279E+01,3.09279E+01,3.09279E+01,3.09279E+01,3.09279E+01,3.09279E+01,3.09279E+01,3.09279E+01,3.09279E+01,3.09279E+01,3.09279E+01,3.09279E+01,3.09279E+01,3.09279E+01,3.09279E+01,3.09279E+01,3.09279E+01,3.09279E+01,3.09279E+01,3.09279E+01,8.72902E-01,3.09279E+01,3.09279E+01,3.09279E+01 
#t = 3.318E+03
3.09279E+01,3.09279E+01,3.09279E+01,3.09279E+01,3.09279E+01,3.09279E+01,3.09279E+01,3.09279E+01,3.09279E+01,3.09279E+01,3.09279E+01,3.09279E+01,3.09279E+01,3.09279E+01,3.09279E+01,3.09279E+01,3.09279E+01,3.09279E+01,3.09279E+01,3.09279E+01,3.09279E+01,3.09279E+01,3.09279E+01,2.21933E+00,7.20494E+00,3.02936E+00,3.09279E+01,3.09279E+01 
#t = 3.360E+03
3.09279E+01,3.09279E+01,3.09279E+01,3.09279E+01,3.09279E+01,3.09279E+01,3.09279E+01,3.09279E+01,3.09279E+01,3.09279E+01,6.19290E+00,3.09279E+01,3.09279E+01,3.09279E+01,3.09279E+01,3.09279E+01,3.09279E+01,3.09279E+01,1.05196E+01,3.09279E+01,3.09279E+01,3.09279E+01,3.09279E+01,3.09279E+01,3.09279E+01,3.09279E+01,4.55655E+00,3.09279E+01,2.92643E-01,3.09279E+01,3.09279E+01,3.09279E+01,3.09279E+01,3.09279E+01,7.54420E+00 
#t = 3.402E+03
3.09279E+01,3.09279E+01,3.09279E+01,3.09279E+01,3.09279E+01,3.09279E+01,3.09279E+01,3.09279E+01,3.09279E+01,3.09279E+01,3.09279E+01,3.09279E+01,3.09279E+01,3.09279E+01,3.09279E+01,3.09279E+01,3.09279E+01,3.09279E+01,3.09279E+01,3.09279E+01,3.09279E+01,3.09279E+01,3.09279E+01,3.09279E+01,3.09279E+01,3.09279E+01,3.09279E+01,3.09279E+01,3.09279E+01,3.09279E+01,6.09921E+00,3.09279E+01,3.09279E+01,3.09279E+01,3.09279E+01 
#t = 3.444E+03
3.09279E+01,3.09279E+01,3.09279E+01,3.09279E+01,3.09279E+01,3.09279E+01,3.09279E+01,3.09279E+01,1.55039E+01,3.09279E+01,3.09279E+01,3.09279E+01,3.09279E+01,3.09279E+01,3.09279E+01,3.09279E+01,3.09279E+01,3.09279E+01,3.09279E+01,3.09279E+01,3.09279E+01,3.09279E+01,3.09279E+01,3.09279E+01,3.09279E+01,1.55039E+01,5.62187E+00,3.09279E+01,3.09279E+01,3.09279E+01,3.09279E+01,3.09279E+01,3.09279E+01,3.09279E+01,3.09279E+01,3.09279E+01,3.09279E+01,3.09279E+01,3.09279E+01,9.53564E+00,3.09279E+01,6.98876E+00,3.09279E+01,3.09279E+01,3.09279E+01,3.09279E+01,1.17513E+00,3.09279E+01,3.09279E+01 
#t = 3.486E+03
3.09279E+01,3.09279E+01,3.09279E+01,3.09279E+01,3.09279E+01,3.09279E+01,3.09279E+01,3.09279E+01,3.09279E+01,3.09279E+01,3.09279E+01,3.09279E+01,8.26673E-01,3.09279E+01,3.09279E+01,3.09279E+01,3.09279E+01,3.09279E+01,3.09279E+01,3.09279E+01,3.09279E+01,3.09279E+01,3.09279E+01,3.09279E+01,3.09279E+01,1.34147E+00,1.74032E+00,3.09279E+01,3.09279E+01 
#t = 3.528E+03
3.09279E+01,3.09279E+01,3.09279E+01,3.09279E+01,3.09279E+01,3.09279E+01,3.09279E+01,3.09279E+01,1.79452E+01,3.09279E+01,3.09279E+01,3.09279E+01,6.62988E+00,3.09279E+01,6.24791E+00,3.09279E+01,3.09279E+01,4.86581E+00,3.39132E+00,3.09279E+01,3.09279E+01,1.79452E+01,3.09279E+01,3.09279E+01,3.09279E+01 
#t = 3.570E+03
3.09279E+01,3.09279E+01,3.09279E+01,3.09279E+01,1.05635E+01,3.09279E+01,3.09279E+01,3.09279E+01,3.09279E+01,3.09279E+01,3.09279E+01,3.09279E+01,3.09279E+01,3.09279E+01,3.09279E+01,3.09279E+01,3.09279E+01,3.09279E+01,3.09279E+01,3.09279E+01,3.09279E+01,3.09279E+01,3.09279E+01,3.09279E+01,3.09279E+01,3.09279E+01,3.09279E+01,3.99360E-01,3.09279E+01 
#t = 3.612E+03
3.09279E+01,3.09279E+01,3.09279E+01,3.09279E+01,3.09279E+01,3.09279E+01,3.09279E+01,3.09279E+01,3.09279E+01,3.09279E+01,3.09279E+01,3.09279E+01,3.09279E+01,3.09279E+01,3.09279E+01,3.09279E+01,3.09279E+01,3.09279E+01,3.09279E+01,3.09279E+01,3.09279E+01,3.09279E+01,3.09279E+01,3.09279E+01,3.09279E+01,3.09279E+01,3.09279E+01,3.09279E+01,3.09279E+01,3.09279E+01,3.09279E+01,3.09279E+01,3.09279E+01,3.09279E+01,3.09279E+01 
#t = 3.654E+03
3.09279E+01,3.09279E+01,3.09279E+01,3.09279E+01,3.09279E+01,3.09279E+01,3.09279E+01,3.09279E+01,3.09279E+01,3.09279E+01,3.09279E+01,3.09279E+01,3.09279E+01,3.09279E+01,3.09279E+01,3.09279E+01,3.09279E+01,3.09279E+01,3.09279E+01,3.09279E+01,1.88053E+00,3.09279E+01,3.09279E+01,3.09279E+01,3.09279E+01,3.09279E+01,4.47365E+00,3.09279E+01,1.81289E-01,3.11455E+00,3.09279E+01,8.97246E-01,3.09279E+01 
#t = 3.696E+03
3.09279E+01,3.09279E+01,3.09279E+01,3.09279E+01,2.00801E+01,3.09279E+01,3.09279E+01,3.09279E+01,3.09279E+01,2.00801E+01,3.09279E+01,3.09279E+01,3.09279E+01,3.09279E+01,1.17033E+00,3.09279E+01,3.09279E+01,3.09279E+01,3.09279E+01,3.09279E+01,1.38484E+00,3.09279E+01,3.09279E+01,2.00801E+01,2.00801E+01,3.09279E+01,3.09279E+01,2.52751E+00,2.00801E+01,3.09279E+01,2.06864E+00,3.09279E+01,3.09279E+01,4.40349E+00 
#t = 3.738E+03
3.09279E+01,3.09279E+01,3.09279E+01,3.09279E+01,3.09279E+01,3.09279E+01,3.09279E+01,3.09279E+01,3.09279E+01,3.09279E+01,3.09279E+01,3.09279E+01,3.09279E+01,3.09279E+01,3.09279E+01,3.09279E+01,3.09279E+01,3.09279E+01,3.09279E+01,3.09279E+01,1.58410E+01,3.09279E+01,3.09279E+01,3.09279E+01,3.09279E+01,3.09279E+01,3.09279E+01,3.09279E+01,3.09279E+01,3.09279E+01,3.09279E+01,3.09279E+01,8.83489E+00 
#t = 3.780E+03
3.09279E+01,3.09279E+01,3.09279E+01,3.09279E+01,1.58410E+01,3.09279E+01,3.09279E+01,3.09279E+01,3.09279E+01,3.09279E+01,3.09279E+01,3.09279E+01,3.09279E+01,3.09279E+01,3.09279E+01,3.09279E+01,6.64995E+00,3.09279E+01,4.08451E+00,3.09279E+01,3.09279E+01,3.09279E+01,3.09279E+01,1.02389E+01,3.09279E+01,3.09279E+01,2.76177E+00,1.94101E+00 
#t = 3.822E+03
3.09279E+01,3.09279E+01,3.09279E+01,3.09279E+01,3.09279E+01,3.09279E+01,3.09279E+01,3.09279E+01,3.09279E+01,3.09279E+01,3.09279E+01,3.09279E+01,3.09279E+01,3.09279E+01,3.09279E+01,3.09279E+01,3.09279E+01,3.09279E+01,3.09279E+01,3.09279E+01,3.09279E+01,3.09279E+01,3.09279E+01,3.09279E+01,1.05181E+00,3.09279E+01,3.09279E+01,8.19431E-01,3.09279E+01 
#t = 3.864E+03
3.09279E+01,3.09279E+01,3.09279E+01,3.09279E+01,3.09279E+01,3.09279E+01,3.09279E+01,3.09279E+01,3.09279E+01,3.09279E+01,3.09279E+01,5.73184E+00,1.16475E+01,1.16475E+01,3.09279E+01,3.09279E+01,3.09279E+01,3.09279E+01,3.09279E+01,3.09279E+01,3.09279E+01,3.09279E+01,3.09279E+01,3.09279E+01,2.20900E+01,3.09279E+01,3.09279E+01,4.00029E+00,3.09279E+01,3.09279E+01,3.09279E+01,3.09279E+01,3.09279E+01,1.16475E+01,3.09279E+01,3.09279E+01,3.09279E+01,8.18422E-01 
#t = 3.906E+03
3.09279E+01,3.09279E+01,3.09279E+01,3.09279E+01,3.09279E+01,3.09279E+01,3.09279E+01,3.09279E+01,1.50631E+01,3.09279E+01,1.50631E+01,3.09279E+01,3.09279E+01,3.09279E+01,3.09279E+01,1.50631E+01,3.09279E+01,3.09279E+01,3.09279E+01,3.09279E+01,3.09279E+01,3.09279E+01,3.09279E+01,3.09279E+01,3.09279E+01,1.50631E+01,3.09279E+01,3.09279E+01,1.50631E+01,3.09279E+01,3.09279E+01,3.09279E+01,1.50631E+01,3.09279E+01,4.22533E+00,1.00452E+00 
#t = 3.948E+03
3.09279E+01,3.09279E+01,3.09279E+01,3.09279E+01,1.50631E+01,3.09279E+01,3.09279E+01,3.09279E+01,1.50631E+01,3.09279E+01,3.09279E+01,3.09279E+01,3.09279E+01,3.09279E+01,3.09279E+01,3.09279E+01,3.09279E+01,3.09279E+01,3.09279E+01,1.50631E+01,3.09279E+01,3.09279E+01,3.09279E+01,3.09279E+01,3.14973E+00,3.09279E+01,3.09279E+01,3.09279E+01,6.24627E-01,3.09279E+01,3.09279E+01,3.09279E+01 
#t = 3.990E+03
3.09279E+01,3.09279E+01,3.09279E+01,1.12440E+01,3.09279E+01,3.09279E+01,3.09279E+01,3.09279E+01,3.09279E+01,3.09279E+01,3.09279E+01,3.09279E+01,3.09279E+01,3.09279E+01,3.09279E+01,3.09279E+01,3.09279E+01,3.09279E+01,3.09279E+01,3.09279E+01,3.09279E+01,3.09279E+01,9.84038E-01,7.46747E-01,3.09279E+01,3.09279E+01,3.70383E+00,3.09279E+01,3.09279E+01 
#t = 4.032E+03
3.09279E+01,3.09279E+01,1.39537E+01,3.09279E+01,3.09279E+01,3.09279E+01,3.09279E+01,3.09279E+01,3.09279E+01,3.09279E+01,3.09279E+01,3.09279E+01,3.09279E+01,3.09279E+01,1.39537E+01,3.09279E+01,3.09279E+01,3.09279E+01,3.09279E+01,3.09279E+01,3.09279E+01,3.09279E+01,3.09279E+01,3.09279E+01,3.09279E+01,3.09279E+01,3.09279E+01,3.09279E+01,3.09279E+01,3.09279E+01,3.09279E+01,3.09279E+01,5.33873E+00,1.18335E+01 
#t = 4.074E+03
3.09279E+01,3.09279E+01,3.09279E+01,3.09279E+01,3.09279E+01,3.09279E+01,3.09279E+01,3.09279E+01,3.09279E+01,3.09279E+01,3.09279E+01,3.09279E+01,3.09279E+01,3.09279E+01,3.09279E+01,3.09279E+01,3.09279E+01,3.09279E+01,3.09279E+01,3.09279E+01,3.09279E+01,3.09279E+01,3.09279E+01,3.09279E+01,3.09279E+01,3.09279E+01,3.09279E+01,3.09279E+01,7.03480E+00,3.09279E+01,3.09279E+01,3.09279E+01,3.09279E+01,3.09279E+01,1.15737E+00,3.09279E+01,5.62198E-01 
#t = 4.116E+03
3.09279E+01,3.09279E+01,3.09279E+01,3.09279E+01,3.09279E+01,3.09279E+01,3.09279E+01,3.09279E+01,3.09279E+01,3.09279E+01,3.09279E+01,3.09279E+01,3.09279E+01,3.09279E+01,3.09279E+01,3.09279E+01,3.09279E+01,3.09279E+01,3.09279E+01,3.09279E+01,6.05917E+00,3.09279E+01,3.09279E+01,3.09279E+01,3.09279E+01,3.09279E+01,6.18167E+00,3.09279E+01,3.09279E+01,2.11971E+00,3.09279E+01,3.09279E+01,3.09279E+01,3.09279E+01,2.46333E+00,3.09279E+01,3.09279E+01 
#t = 4.158E+03
3.09279E+01,3.09279E+01,3.09279E+01,3.09279E+01,3.09279E+01,3.09279E+01,1.48126E+01,3.09279E+01,1.48126E+01,3.09279E+01,3.09279E+01,3.09279E+01,1.48126E+01,1.48126E+01,3.09279E+01,7.25441E+00,1.11825E+01,3.09279E+01,5.27296E+00,3.09279E+01,3.09279E+01,1.48126E+01,1.48126E+01,3.09279E+01,3.09279E+01,3.09279E+01,1.48126E+01,3.09279E+01,3.09279E+01,1.48126E+01,3.09279E+01,3.09279E+01,3.09279E+01 
#t = 4.200E+03
3.09279E+01,1.48126E+01,1.48126E+01,3.09279E+01,3.09279E+01,1.48126E+01,3.09279E+01,3.09279E+01,3.09279E+01,3.09279E+01,3.09279E+01,1.48126E+01,1.48126E+01,1.48126E+01,1.48126E+01,1.48126E+01,1.48126E+01,3.09279E+01,3.09279E+01,3.09279E+01,3.09279E+01,1.48126E+01,3.09279E+01,1.48126E+01,1.48126E+01,1.48126E+01,1.32740E+00,3.09279E+01,1.48126E+01,1.48126E+01,1.48126E+01 
