#t = 0.000E+00
1.44515E+00,3.00938E+00,1.32417E+00,3.59465E+00,4.87772E+00 
#t = 4.200E+01
5.96911E+00,2.17189E+01,2.12924E+01,2.90567E+00 
#t = 8.400E+01
2.12924E+01,2.12924E+01,2.12924E+01,2.12924E+01,2.12924E+01,3.98420E+00,6.81087E+00,2.12924E+01,1.32968E+00,2.11535E+01,6.02584E-01 
#t = 1.260E+02
2.12924E+01,2.12924E+01,6.39127E+00,2.12924E+01,3.50969E-01,2.84205E+00,1.21044E+01,2.52702E+00 
#t = 1.680E+02
2.12924E+01,2.12924E+01,2.12924E+01,2.12924E+01,2.12924E+01,5.86975E-01 
#t = 2.100E+02
2.12924E+01,2.12924E+01,2.12924E+01,2.12924E+01,2.12924E+01,2.12924E+01,2.12924E+01,2.12924E+01,2.12924E+01 
#t = 2.520E+02
2.12924E+01,2.12924E+01,1.12379E+01,1.12379E+01,2.12924E+01,2.12924E+01,7.21031E-01 
#t = 2.940E+02
2.12924E+01,2.12924E+01,2.12924E+01,2.12924E+01,2.12924E+01,1.12379E+01,2.12924E+01,2.64423E+00,1.63606E+00,2.12924E+01,8.23104E-01,2.12924E+01,2.12924E+01,2.12924E+01 
#t = 3.360E+02
2.12924E+01,2.12924E+01,2.12924E+01,2.12924E+01,2.12924E+01,2.12924E+01,2.12924E+01,2.68226E+01,2.68226E+01,2.68226E+01,2.68226E+01,2.12924E+01,2.12924E+01,2.12924E+01,2.12924E+01,2.68226E+01,2.12924E+01,2.12924E+01,2.68226E+01,2.68226E+01,2.68226E+01,3.68906E+00,5.69395E+00,2.12924E+01,2.12924E+01,2.12924E+01 
#t = 3.780E+02
2.68226E+01,2.12924E+01,2.68226E+01,2.68226E+01,2.12924E+01,2.12924E+01,2.12924E+01,2.68226E+01,2.12924E+01,2.68226E+01,2.12924E+01,2.68226E+01,2.68226E+01,9.89710E+00,3.96395E+00,2.68226E+01,2.12924E+01,2.68226E+01,9.20495E-01,3.40341E+00,2.68226E+01,7.34655E+00,2.68226E+01,2.17088E+00 
#t = 4.200E+02
2.68226E+01,2.68226E+01,2.68226E+01,2.12924E+01,2.12924E+01,2.12924E+01,2.12924E+01,2.12924E+01,2.12924E+01,2.12924E+01,2.12924E+01,2.68226E+01,2.68226E+01,2.68226E+01,2.68226E+01,2.12924E+01,2.68226E+01,2.12924E+01,2.68226E+01,1.71728E+00,2.68226E+01,4.31134E+00,2.12924E+01,2.68226E+01,2.68226E+01,2.12924E+01 
#t = 4.620E+02
2.68226E+01,2.68226E+01,2.68226E+01,2.68226E+01,2.68226E+01,2.68226E+01,2.68226E+01,2.68226E+01,2.12924E+01,2.68226E+01,2.68226E+01,2.68226E+01,1.06115E+00,1.94437E+01,2.68226E+01,2.68226E+01,2.68226E+01,9.10650E-01,2.68226E+01 
#t = 5.040E+02
2.12924E+01,2.68226E+01,2.68226E+01,2.68226E+01,2.68226E+01,2.68226E+01,2.68226E+01,2.68226E+01,5.52354E+00,2.68226E+01,2.68226E+01,2.68226E+01,2.12924E+01,2.46919E+01,2.68226E+01,2.68226E+01,2.68226E+01,2.68226E+01,2.68226E+01,2.68226E+01,3.37358E+00,1.80944E+00,2.68226E+01,2.68226E+01,2.12924E+01,7.01116E-01 
#t = 5.460E+02
2.68226E+01,2.68226E+01,2.68226E+01,6.30264E+00,1.03137E+01,2.68226E+01,2.68226E+01,2.68226E+01,2.68226E+01,2.68226E+01,2.68226E+01,2.68226E+01,2.68226E+01,8.60275E-01,2.68226E+01,2.68226E+01,6.72513E+00,2.68226E+01,2.68226E+01,2.68226E+01,2.68226E+01 
#t = 5.880E+02
2.68226E+01,2.68226E+01,2.68226E+01,2.68226E+01,2.68226E+01,2.68226E+01,1.75006E+01,2.68226E+01,2.68226E+01,2.68226E+01,2.68226E+01,2.68226E+01,6.35526E+00,2.68226E+01,2.68226E+01,2.68226E+01,2.68226E+01,2.68226E+01,8.18144E+00,2.68226E+01,2.68226E+01,2.68226E+01,2.68226E+01,2.68226E+01,2.68226E+01,2.68226E+01,9.92353E-01,2.68226E+01 
#t = 6.300E+02
2.68226E+01,2.68226E+01,8.18144E+00,2.68226E+01,2.68226E+01,2.68226E+01,2.68226E+01,1.75006E+01,2.68226E+01,2.68226E+01,2.68226E+01,2.68226E+01,2.68226E+01,2.68226E+01,2.68226E+01,7.75262E+00,2.68226E+01,2.68226E+01,2.68226E+01,1.45015E+00,2.68226E+01,2.68226E+01,2.68226E+01,2.68226E+01,2.68226E+01,2.68226E+01,1.75006E+01,2.68226E+01,1.75006E+01 
#t = 6.720E+02
2.68226E+01,2.68226E+01,1.75006E+01,2.68226E+01,2.68226E+01,2.68226E+01,2.68226E+01,1.75006E+01,2.68226E+01,2.68226E+01,2.68226E+01,2.68226E+01,2.68226E+01,2.68226E+01,1.75006E+01,2.68226E+01,2.68226E+01,2.68226E+01,2.68226E+01,2.68226E+01,2.68226E+01,2.68226E+01,2.20212E+01,2.68226E+01,2.68226E+01,9.89682E-01,8.05697E-01,1.75006E+01,2.20212E+01,2.68226E+01,2.68226E+01,2.68226E+01 
#t = 7.140E+02
2.68226E+01,2.68226E+01,2.20212E+01,2.68226E+01,2.20212E+01,2.20212E+01,2.20212E+01,2.68226E+01,1.58690E+01,1.75006E+01,2.68226E+01,2.68226E+01,2.20212E+01,1.58690E+01,2.68226E+01,2.68226E+01,1.75006E+01,2.68226E+01,1.75006E+01,2.20212E+01,2.20212E+01,2.68226E+01,2.68226E+01,2.68226E+01,1.58690E+01,3.79833E+00,2.68226E+01,1.75006E+01,2.46720E-01,2.20212E+01,2.68226E+01,1.56674E+00,1.58690E+01 
#t = 7.560E+02
2.68226E+01,2.68226E+01,1.58690E+01,2.68226E+01,2.68226E+01,2.68226E+01,2.20212E+01,1.58690E+01,2.68226E+01,1.75006E+01,2.28512E+01,2.68226E+01,2.28512E+01,2.68226E+01,2.68226E+01,2.68226E+01,2.68226E+01,2.68226E+01,1.75006E+01,2.68226E+01,2.68226E+01,3.36273E+00,2.49560E+00,2.68226E+01,2.68226E+01,2.28512E+01,4.38948E+00 
#t = 7.980E+02
2.68226E+01,2.68226E+01,2.68226E+01,1.57788E+01,2.20212E+01,2.68226E+01,1.58690E+01,2.28512E+01,1.75006E+01,2.68226E+01,1.75006E+01,2.68226E+01,2.28512E+01,2.68226E+01,2.68226E+01,2.28512E+01,2.68226E+01,2.68226E+01,1.57788E+01,3.51010E+00 
#t = 8.400E+02
2.28512E+01,2.68226E+01,2.68226E+01,2.68226E+01,2.68226E+01,2.68226E+01,2.68226E+01,2.68226E+01,2.68226E+01,3.92865E+01,2.68226E+01,2.68226E+01,2.68226E+01,2.68226E+01,2.68226E+01,2.68226E+01,2.68226E+01,5.66480E+00,2.28512E+01,2.68226E+01,6.34230E+00 
#t = 8.820E+02
2.68226E+01,2.28512E+01,2.68226E+01,2.68226E+01,3.92865E+01,3.92865E+01,2.68226E+01,3.92865E+01,3.30123E+01,3.92865E+01,2.68226E+01,1.04015E+01,2.68226E+01,3.92865E+01,2.68226E+01,1.00840E+01,3.92865E+01,5.04768E+00,3.92865E+01,3.30123E+01,3.30123E+01,3.92865E+01,3.92865E+01,3.92865E+01,1.46047E+00,3.92865E+01,1.78931E+00,3.92865E+01,3.92865E+01,2.50477E+01 
#t = 9.240E+02
2.68226E+01,1.00840E+01,3.92865E+01,3.30123E+01,3.30123E+01,3.92865E+01,2.68226E+01,3.30123E+01,3.30123E+01,3.92865E+01,2.68226E+01,3.92865E+01,2.68226E+01,3.30123E+01,2.68226E+01,3.92865E+01,3.30123E+01,3.92865E+01,2.68226E+01,3.92865E+01,3.92865E+01,3.92865E+01,2.68226E+01,3.92865E+01,3.92865E+01,3.92865E+01,3.92865E+01,3.30123E+01,2.68226E+01,1.11095E+00,2.68226E+01,3.92865E+01,4.74898E+00,3.92865E+01,9.67134E-01,3.92865E+01,2.02827E+00 
#t = 9.660E+02
3.92865E+01,3.92865E+01,2.68226E+01,3.92865E+01,2.68226E+01,3.30123E+01,3.30123E+01,3.30123E+01,3.92865E+01,3.30123E+01,2.68226E+01,2.68226E+01,3.30123E+01,3.30123E+01,3.30123E+01,3.92865E+01,3.30123E+01,3.92865E+01,2.68226E+01,6.30354E+00,3.30123E+01,3.30123E+01,3.30123E+01,3.30123E+01,3.30123E+01,2.25189E+00,5.13954E+00,3.30123E+01,2.68226E+01,3.30123E+01,6.48529E+00,3.92865E+01,2.68226E+01 
#t = 1.008E+03
3.30123E+01,3.30123E+01,2.68226E+01,3.30123E+01,3.30123E+01,3.30123E+01,3.30123E+01,3.30123E+01,3.30123E+01,3.92865E+01,3.30123E+01,1.06918E+01,3.30123E+01,3.30123E+01,2.68226E+01,3.30123E+01,2.68226E+01,3.30123E+01,3.30123E+01,3.30123E+01,3.92865E+01,3.92865E+01,3.92865E+01,3.30123E+01,3.30123E+01,3.30123E+01,2.68226E+01,7.87266E+00,3.92865E+01,3.30123E+01,3.30123E+01,3.30123E+01,3.92865E+01,3.30123E+01,8.96889E-01,3.92865E+01,7.91601E-01,3.92865E+01,3.92865E+01,2.68226E+01 
#t = 1.050E+03
3.92865E+01,3.30123E+01,3.30123E+01,3.30123E+01,3.30123E+01,3.92865E+01,3.30123E+01,3.92865E+01,3.30123E+01,3.92865E+01,3.30123E+01,3.30123E+01,3.30123E+01,3.92865E+01,3.92865E+01,3.30123E+01,3.30123E+01,3.30123E+01,3.30123E+01,3.30123E+01,3.30123E+01,1.05705E+01,3.30123E+01,5.99017E+00,3.30123E+01,3.30123E+01,3.30123E+01,3.30123E+01,3.30123E+01,3.30123E+01,1.97041E-01,3.30123E+01,3.30123E+01,3.92865E+01,3.30123E+01 
#t = 1.092E+03
3.92865E+01,3.30123E+01,3.30123E+01,3.30123E+01,3.30123E+01,3.30123E+01,3.30123E+01,3.30123E+01,3.30123E+01,3.92865E+01,3.30123E+01,3.30123E+01,3.30123E+01,3.92865E+01,3.30123E+01,3.30123E+01,3.30123E+01,3.30123E+01,3.30123E+01,1.70464E+00,3.30123E+01,3.30123E+01,3.30123E+01,3.30123E+01,3.30123E+01,3.30123E+01,3.30123E+01,3.92865E+01,3.30123E+01,3.30123E+01,3.30123E+01,3.30123E+01,3.92865E+01,3.92865E+01,3.30123E+01 
#t = 1.134E+03
3.30123E+01,3.30123E+01,1.00312E+01,3.30123E+01,3.30123E+01,3.30123E+01,3.30123E+01,3.30123E+01,3.30123E+01,3.30123E+01,3.30123E+01,3.30123E+01,3.30123E+01,3.30123E+01,3.30123E+01,3.30123E+01,3.30123E+01,3.30123E+01,3.30123E+01,3.30123E+01,3.30123E+01,3.30123E+01,3.30123E+01,3.30123E+01,3.30123E+01,3.30123E+01,3.30123E+01,3.30123E+01,3.30123E+01,3.30123E+01,3.30123E+01,2.55663E+00,3.30123E+01,3.30123E+01,3.30123E+01,5.23753E-01,4.35104E+00,3.30123E+01,3.58028E+00,3.30123E+01,1.73518E+00,3.30123E+01 
#t = 1.176E+03
3.30123E+01,3.30123E+01,3.30123E+01,3.30123E+01,3.30123E+01,3.30123E+01,1.93725E+01,3.30123E+01,3.30123E+01,3.30123E+01,1.93725E+01,3.30123E+01,3.30123E+01,3.30123E+01,3.30123E+01,3.30123E+01,3.30123E+01,3.30123E+01,3.30123E+01,3.30123E+01,3.30123E+01,3.30123E+01,1.93725E+01,1.93725E+01,3.30123E+01,2.52870E+00,3.30123E+01,3.30123E+01,3.30123E+01,3.30123E+01,4.69925E+00,3.30123E+01,3.30123E+01,3.30123E+01,1.28932E+00,3.30123E+01,3.30123E+01 
#t = 1.218E+03
3.30123E+01,3.30123E+01,3.30123E+01,3.30123E+01,3.30123E+01,3.30123E+01,3.30123E+01,9.94956E+00,3.30123E+01,3.30123E+01,3.30123E+01,3.30123E+01,3.30123E+01,3.30123E+01,3.30123E+01,3.30123E+01,3.30123E+01,3.30123E+01,3.30123E+01,3.30123E+01,3.30123E+01,3.30123E+01,3.30123E+01,3.30123E+01,3.06141E+00,3.30123E+01,3.30123E+01,3.30123E+01,3.30123E+01,3.30123E+01,6.03413E+00,3.30123E+01,1.73539E+00,3.30123E+01 
#t = 1.260E+03
3.30123E+01,3.30123E+01,3.30123E+01,3.30123E+01,3.30123E+01,3.30123E+01,3.30123E+01,1.78094E+01,3.30123E+01,3.30123E+01,3.30123E+01,3.30123E+01,3.30123E+01,3.30123E+01,3.30123E+01,3.30123E+01,3.30123E+01,3.30123E+01,3.30123E+01,3.30123E+01,3.30123E+01,3.30123E+01,3.30123E+01,3.30123E+01,3.30123E+01,3.30123E+01,3.30123E+01,3.30123E+01,3.30123E+01,3.30123E+01,1.98796E+00,3.30123E+01,3.30123E+01,3.30123E+01,2.56948E+00,2.02071E+00,1.45150E+00,4.45561E+00,5.02294E-01 
#t = 1.302E+03
3.30123E+01,3.30123E+01,3.30123E+01,1.78094E+01,3.30123E+01,3.30123E+01,3.30123E+01,3.30123E+01,3.30123E+01,3.30123E+01,3.30123E+01,3.30123E+01,3.30123E+01,3.30123E+01,3.30123E+01,3.30123E+01,1.78094E+01,3.30123E+01,3.30123E+01,3.30123E+01,3.30123E+01,3.30123E+01,3.30123E+01,3.30123E+01,3.30123E+01,3.30123E+01,3.30123E+01,3.30123E+01,5.10655E+00,3.30123E+01,5.22005E+00 
#t = 1.344E+03
3.30123E+01,3.30123E+01,3.30123E+01,3.30123E+01,3.30123E+01,3.30123E+01,3.30123E+01,3.30123E+01,3.30123E+01,3.30123E+01,3.30123E+01,3.30123E+01,3.30123E+01,3.30123E+01,3.30123E+01,3.30123E+01,3.30123E+01,3.30123E+01,3.30123E+01,3.30123E+01,3.30123E+01,3.30123E+01,5.70869E-01,3.30123E+01,3.30123E+01,3.30123E+01,3.30123E+01,3.30123E+01,3.30123E+01 
#t = 1.386E+03
3.30123E+01,3.30123E+01,3.30123E+01,3.30123E+01,3.30123E+01,3.30123E+01,3.30123E+01,3.30123E+01,3.30123E+01,3.30123E+01,3.30123E+01,3.30123E+01,3.30123E+01,3.30123E+01,3.91605E+00,4.60902E+00,3.30123E+01,3.30123E+01,3.30123E+01,3.30123E+01,3.30123E+01,4.14875E+00,3.30123E+01,3.30123E+01,3.30123E+01,3.30123E+01,3.30123E+01 
#t = 1.428E+03
3.30123E+01,3.30123E+01,3.30123E+01,3.30123E+01,3.30123E+01,3.30123E+01,3.30123E+01,3.30123E+01,3.30123E+01,4.37599E+00,3.30123E+01,3.30123E+01,3.30123E+01,3.30123E+01,3.30123E+01,3.30123E+01,3.30123E+01,3.30123E+01,3.30123E+01,3.30123E+01,3.30123E+01,3.30123E+01,2.97887E+00,3.30123E+01,3.30123E+01,3.30123E+01,3.30123E+01,3.30123E+01,3.30123E+01,6.53117E+00,3.30123E+01 
#t = 1.470E+03
3.30123E+01,3.30123E+01,3.30123E+01,3.30123E+01,3.30123E+01,3.30123E+01,3.30123E+01,3.30123E+01,3.30123E+01,3.30123E+01,3.30123E+01,3.30123E+01,3.30123E+01,3.30123E+01,3.30123E+01,1.24014E+01,3.30123E+01,3.30123E+01,3.30123E+01,6.77905E+00,3.30123E+01,3.30123E+01,3.43901E+00,3.30123E+01,3.30123E+01,1.51888E+00,2.15516E+00,4.92771E-01,3.30123E+01 
#t = 1.512E+03
3.30123E+01,3.30123E+01,3.30123E+01,3.30123E+01,3.30123E+01,3.30123E+01,3.30123E+01,3.30123E+01,3.30123E+01,3.30123E+01,3.30123E+01,3.30123E+01,3.30123E+01,3.30123E+01,3.30123E+01,3.30123E+01,3.30123E+01,3.30123E+01,3.30123E+01,3.30123E+01,3.30123E+01,3.30123E+01,3.30123E+01,1.34209E+01,1.35859E+01,3.30123E+01,3.30123E+01,2.57075E+01,3.30123E+01,1.35859E+01,3.30123E+01,3.30123E+01,1.35859E+01,3.30123E+01,3.30123E+01,9.99566E-01,1.83349E+00,3.30123E+01 
#t = 1.554E+03
3.30123E+01,3.30123E+01,3.30123E+01,3.30123E+01,3.30123E+01,3.30123E+01,3.30123E+01,3.30123E+01,3.30123E+01,3.30123E+01,3.30123E+01,3.30123E+01,3.30123E+01,3.30123E+01,3.30123E+01,3.30123E+01,3.30123E+01,2.26868E+00,3.30123E+01,1.17948E+01,3.30123E+01,1.17948E+01,3.30123E+01,3.30123E+01,2.77884E-01,5.65583E-01 
#t = 1.596E+03
3.30123E+01,1.17948E+01,3.30123E+01,3.30123E+01,3.30123E+01,1.17948E+01,3.30123E+01,3.30123E+01,3.30123E+01,3.30123E+01,1.17948E+01,3.30123E+01,3.30123E+01,1.17948E+01,3.30123E+01,3.30123E+01,3.30123E+01,3.30123E+01,3.30123E+01,1.17948E+01,1.17948E+01,1.40164E+00,3.30123E+01,3.30123E+01,3.30123E+01,5.21760E+00,3.30123E+01,3.30123E+01,1.77177E+00,1.20823E+00 
#t = 1.638E+03
3.30123E+01,3.30123E+01,3.30123E+01,3.30123E+01,3.30123E+01,3.30123E+01,3.30123E+01,1.17948E+01,1.17948E+01,1.17948E+01,3.30123E+01,3.30123E+01,3.30123E+01,1.17948E+01,3.30123E+01,1.17948E+01,3.30123E+01,1.17948E+01,1.06274E+01,5.38347E+01,3.30123E+01,3.30123E+01,3.30123E+01,3.30123E+01,3.30123E+01,3.30123E+01,3.30123E+01,3.30123E+01,4.63023E+00,3.30123E+01,3.30123E+01,1.48675E+00,3.30123E+01,2.56939E-01,1.17948E+01,3.30123E+01,3.28067E+00,3.30123E+01 
#t = 1.680E+03
3.30123E+01,3.30123E+01,3.30123E+01,8.30685E+00,3.30123E+01,7.49083E+00,1.17948E+01,1.17948E+01,3.30123E+01,3.30123E+01,3.30123E+01,1.17948E+01,3.30123E+01,3.30123E+01,3.30123E+01,3.30123E+01,3.30123E+01,5.08806E+00,3.30123E+01,3.30123E+01,1.26358E+00,7.15193E+00,3.30123E+01 
#t = 1.722E+03
1.17948E+01,3.30123E+01,3.30123E+01,1.17948E+01,3.30123E+01,3.30123E+01,3.30123E+01,3.30123E+01,3.30123E+01,1.17948E+01,3.30123E+01,3.30123E+01,3.30123E+01,3.30123E+01,3.30123E+01,3.30123E+01,3.30123E+01,3.30123E+01,3.30123E+01,3.37332E+00,3.30123E+01,3.30123E+01,3.30123E+01,3.30123E+01,3.30123E+01,3.30123E+01,3.30123E+01,3.30123E+01,3.30123E+01,3.30123E+01,3.30123E+01,3.30123E+01,3.30123E+01,3.30123E+01,1.17948E+01,3.30123E+01,3.30123E+01,5.99081E+00 
#t = 1.764E+03
1.17948E+01,3.30123E+01,3.30123E+01,3.30123E+01,3.30123E+01,3.30123E+01,3.30123E+01,3.30123E+01,5.64245E+00,3.30123E+01,3.30123E+01,3.30123E+01,3.30123E+01,3.30123E+01,3.30123E+01,3.30123E+01,3.30123E+01,3.30123E+01,1.20255E+01,3.30123E+01,8.70137E-01,3.30123E+01,4.35854E-01,3.30123E+01,3.30123E+01,3.30123E+01,1.20255E+01,6.22135E-01 
#t = 1.806E+03
3.30123E+01,3.30123E+01,3.30123E+01,3.30123E+01,3.30123E+01,3.30123E+01,3.30123E+01,3.30123E+01,1.63257E+01,1.63257E+01,3.30123E+01,1.33907E+01,3.30123E+01,3.30123E+01,3.30123E+01,2.33951E+00,3.30123E+01,2.69990E+00,3.30123E+01,3.30123E+01,3.30123E+01,7.87858E+00 
#t = 1.848E+03
3.30123E+01,3.30123E+01,3.30123E+01,3.30123E+01,3.30123E+01,3.30123E+01,3.30123E+01,3.30123E+01,3.30123E+01,3.30123E+01,3.30123E+01,3.30123E+01,3.30123E+01,3.30123E+01,3.30123E+01,3.30123E+01,3.30123E+01,3.30123E+01,3.30123E+01,3.30123E+01,3.30123E+01,6.78022E+00,3.30123E+01,3.30123E+01,3.30123E+01,3.30123E+01,3.30123E+01,3.30123E+01,3.30123E+01,3.30123E+01,3.30123E+01,3.30123E+01,3.30123E+01,3.30123E+01,3.30123E+01,3.30123E+01 
#t = 1.890E+03
3.30123E+01,3.30123E+01,1.00854E+01,3.30123E+01,3.30123E+01,3.30123E+01,3.30123E+01,3.30123E+01,3.30123E+01,3.30123E+01,3.30123E+01,3.30123E+01,3.30123E+01,3.30123E+01,3.30123E+01,3.30123E+01,1.21238E+00,3.30123E+01,3.30123E+01,3.30123E+01,3.30123E+01,1.33095E+00,2.79820E+00,3.30123E+01,3.30123E+01,3.30123E+01,5.64720E+00,3.30123E+01 
#t = 1.932E+03
3.30123E+01,3.30123E+01,3.30123E+01,1.46934E+01,7.72308E+00,3.30123E+01,3.30123E+01,3.30123E+01,3.30123E+01,3.30123E+01,3.30123E+01,3.30123E+01,3.30123E+01,3.30123E+01,3.30123E+01,3.30123E+01,3.30123E+01,3.30123E+01,3.30123E+01,3.30123E+01,3.30123E+01,3.30123E+01,1.64126E+01,3.30123E+01,7.67377E+00,3.30123E+01,3.30123E+01,3.30123E+01,3.30123E+01 
#t = 1.974E+03
3.30123E+01,3.30123E+01,3.30123E+01,3.30123E+01,3.30123E+01,3.30123E+01,3.30123E+01,3.30123E+01,3.30123E+01,3.30123E+01,3.30123E+01,3.30123E+01,3.30123E+01,3.30123E+01,3.30123E+01,3.30123E+01,3.30123E+01,1.14008E+01,3.30123E+01,3.30123E+01,3.30123E+01,3.30123E+01,3.30123E+01,3.30123E+01,3.30123E+01,3.30123E+01,3.30123E+01,3.30123E+01,1.00968E+00,6.70586E+00,4.45047E+00,3.30123E+01 
#t = 2.016E+03
3.30123E+01,3.30123E+01,3.30123E+01,3.30123E+01,3.30123E+01,3.30123E+01,3.30123E+01,3.30123E+01,3.30123E+01,3.30123E+01,3.30123E+01,3.30123E+01,3.30123E+01,3.30123E+01,3.30123E+01,3.30123E+01,1.12220E+01,3.30123E+01,3.30123E+01,3.30123E+01,3.30123E+01,3.30123E+01,3.30123E+01,3.30123E+01,3.30123E+01,3.30123E+01,3.30123E+01,3.30123E+01,6.75464E+00,1.12220E+01,1.33771E+00,3.30123E+01,3.30123E+01,3.30123E+01 
#t = 2.058E+03
3.30123E+01,3.30123E+01,3.30123E+01,1.12220E+01,3.30123E+01,3.30123E+01,3.30123E+01,2.32732E+01,3.30123E+01,3.30123E+01,3.30123E+01,3.30123E+01,3.30123E+01,3.30123E+01,3.30123E+01,3.30123E+01,3.30123E+01,3.30123E+01,3.30123E+01,3.30123E+01,3.30123E+01,3.30123E+01,3.30123E+01,3.30123E+01,3.30123E+01,3.30123E+01,4.64828E+00,4.03190E+00,3.30123E+01,3.30123E+01,3.30123E+01,3.30123E+01,3.30123E+01,1.71269E+00,3.30123E+01 
#t = 2.100E+03
3.30123E+01,3.30123E+01,3.30123E+01,3.30123E+01,3.30123E+01,3.30123E+01,3.30123E+01,1.20073E+01,3.30123E+01,3.30123E+01,3.30123E+01,3.30123E+01,3.30123E+01,3.30123E+01,3.30123E+01,1.95632E+01,3.30123E+01,3.30123E+01,3.30123E+01,3.60619E+00,3.30123E+01,3.30123E+01,3.30123E+01,3.30123E+01,3.30123E+01,3.30123E+01,3.30123E+01,3.30123E+01,3.30123E+01,1.79915E+00 
#t = 2.142E+03
1.20073E+01,3.30123E+01,3.30123E+01,3.30123E+01,3.30123E+01,3.30123E+01,3.30123E+01,3.30123E+01,3.30123E+01,3.30123E+01,3.30123E+01,3.30123E+01,3.30123E+01,3.30123E+01,3.30123E+01,3.30123E+01,3.30123E+01,3.30123E+01,3.30123E+01,3.30123E+01,3.30123E+01,1.62773E+01,1.20073E+01,3.30123E+01,3.30123E+01,3.30123E+01,3.30123E+01,3.30123E+01,3.30123E+01,3.30123E+01,3.30123E+01,3.30123E+01,3.30123E+01,3.30123E+01 
#t = 2.184E+03
3.30123E+01,3.30123E+01,1.20073E+01,3.30123E+01,3.30123E+01,3.30123E+01,3.30123E+01,3.30123E+01,3.30123E+01,1.46575E+01,3.30123E+01,3.30123E+01,3.30123E+01,3.30123E+01,3.30123E+01,3.30123E+01,3.30123E+01,3.30123E+01,3.30123E+01,3.30123E+01,3.30791E+00,7.67900E-01 
#t = 2.226E+03
3.30123E+01,3.30123E+01,3.30123E+01,3.30123E+01,3.30123E+01,3.30123E+01,3.30123E+01,3.30123E+01,1.20073E+01,3.30123E+01,1.20073E+01,3.30123E+01,3.30123E+01,3.30123E+01,3.30123E+01,3.30123E+01,9.44629E+00,4.57366E+00,3.30123E+01,3.30123E+01,3.30123E+01,2.06203E+00,3.30123E+01,3.30123E+01,3.30123E+01,3.30123E+01,3.30123E+01,3.30123E+01,2.73072E+01,3.30123E+01,1.20073E+01,3.30123E+01,1.20073E+01,3.30123E+01,3.30123E+01,3.30123E+01,3.30123E+01,3.30123E+01 
#t = 2.268E+03
1.20073E+01,1.20073E+01,3.30123E+01,3.30123E+01,3.30123E+01,3.30123E+01,1.13173E+01,3.30123E+01,3.30123E+01,3.30123E+01,3.30123E+01,1.13173E+01,3.30123E+01,3.30123E+01,3.30123E+01,3.30123E+01,3.30123E+01,3.30123E+01,3.30123E+01,3.30123E+01,3.30123E+01,3.30123E+01,3.30123E+01,3.30123E+01,3.30123E+01,3.30123E+01,1.20073E+01,3.30123E+01,1.20073E+01,3.30123E+01 
#t = 2.310E+03
1.13173E+01,3.30123E+01,3.30123E+01,3.30123E+01,3.30123E+01,3.30123E+01,3.30123E+01,3.30123E+01,3.30123E+01,3.30123E+01,3.30123E+01,3.30123E+01,3.30123E+01,3.30123E+01,3.30123E+01,3.30123E+01,3.30123E+01,3.30123E+01,3.30123E+01,3.30123E+01,3.30123E+01,3.30123E+01,6.91701E+00,3.30123E+01,2.36725E+00,3.30123E+01,3.63912E+00 
#t = 2.352E+03
1.13173E+01,3.30123E+01,3.30123E+01,3.30123E+01,3.30123E+01,3.30123E+01,3.30123E+01,8.83768E+00,1.13173E+01,1.25358E+01,3.30123E+01,1.25358E+01,9.35258E+00,3.30123E+01,3.30123E+01,3.30123E+01,2.58517E+00,3.30123E+01,3.30123E+01,2.10252E+00,3.30123E+01,1.23823E+00,3.30123E+01,3.30123E+01,1.43878E+00 
#t = 2.394E+03
1.13173E+01,3.30123E+01,1.25358E+01,3.30123E+01,3.30123E+01,1.13173E+01,3.30123E+01,1.25358E+01,1.13173E+01,3.30123E+01,3.30123E+01,3.30123E+01,3.30123E+01,3.30123E+01,3.30123E+01,3.30123E+01,1.13173E+01,1.25358E+01,3.30123E+01,3.30123E+01,3.30123E+01,1.08923E+01,3.30123E+01,4.33565E-01,1.25358E+01,3.30123E+01,3.30123E+01,3.30123E+01,3.65362E-01,2.87708E+00,1.69508E-01 
#t = 2.436E+03
3.30123E+01,3.30123E+01,3.30123E+01,3.30123E+01,3.30123E+01,3.30123E+01,3.30123E+01,1.25358E+01,3.30123E+01,3.30123E+01,3.30123E+01,3.30123E+01,7.41471E+00,1.25358E+01,3.30123E+01,3.30123E+01,7.58329E+00,8.96162E+00,3.30123E+01,3.30123E+01,3.30123E+01,3.30123E+01,3.30123E+01,3.30123E+01,1.25358E+01,6.48166E+00,1.25358E+01,3.30123E+01,3.30123E+01,3.30123E+01,3.30123E+01,3.30123E+01,3.30123E+01,3.30123E+01,3.30123E+01,2.90299E+00,3.30123E+01,3.30123E+01,3.30123E+01,3.30123E+01,3.30123E+01,3.30123E+01,7.29994E-01,3.30123E+01,2.32317E+00 
#t = 2.478E+03
3.30123E+01,3.30123E+01,3.30123E+01,1.25358E+01,3.30123E+01,3.30123E+01,3.30123E+01,3.30123E+01,3.30123E+01,3.30123E+01,1.25358E+01,3.30123E+01,3.30123E+01,3.30123E+01,3.30123E+01,3.30123E+01,3.30123E+01,3.30123E+01,3.30123E+01,3.30123E+01,3.30123E+01,3.30123E+01,1.18113E+01,3.30123E+01,3.30123E+01,3.30123E+01,3.30123E+01,3.30123E+01,3.30123E+01,3.30123E+01,1.04493E+00,3.30123E+01,3.30123E+01,3.30123E+01,3.30123E+01,3.30123E+01,3.33873E+00,3.30123E+01,3.30123E+01,1.25358E+01,3.30123E+01,3.30123E+01,3.30123E+01,3.30123E+01,3.30123E+01,3.30123E+01,1.68159E+00,3.30123E+01,3.30123E+01,1.25358E+01 
#t = 2.520E+03
3.30123E+01,3.30123E+01,3.30123E+01,3.30123E+01,3.30123E+01,1.25358E+01,3.30123E+01,3.30123E+01,3.30123E+01,3.30123E+01,3.30123E+01,3.30123E+01,3.30123E+01,3.30123E+01,3.30123E+01,1.25358E+01,3.30123E+01,3.30123E+01,3.30123E+01,3.30123E+01,3.30123E+01,6.01099E+00,3.30123E+01,3.30123E+01,3.30123E+01,1.25358E+01,1.81053E+01,3.30123E+01,3.30123E+01,9.71721E-01,3.30123E+01,3.30123E+01,1.25358E+01,3.30123E+01,3.30123E+01 
#t = 2.562E+03
3.30123E+01,3.30123E+01,1.25358E+01,3.30123E+01,3.30123E+01,3.30123E+01,3.30123E+01,3.30123E+01,3.30123E+01,3.30123E+01,3.30123E+01,3.30123E+01,3.30123E+01,3.30123E+01,3.30123E+01,3.30123E+01,1.76736E+01,3.30123E+01,3.30123E+01,3.30123E+01,3.30123E+01,1.25358E+01,3.30123E+01,3.30123E+01,3.30123E+01,3.30123E+01,3.30123E+01,3.30123E+01,3.30123E+01,3.30123E+01,3.30123E+01,3.30123E+01,3.30123E+01,3.30123E+01,3.30123E+01,3.30123E+01,1.98779E+00,3.30123E+01,1.07162E+00 
#t = 2.604E+03
3.30123E+01,3.30123E+01,3.30123E+01,3.30123E+01,3.30123E+01,3.30123E+01,3.30123E+01,3.30123E+01,3.30123E+01,8.09318E+00,3.30123E+01,3.30123E+01,3.30123E+01,3.30123E+01,3.30123E+01,3.30123E+01,1.33303E+01,3.30123E+01,3.30123E+01,3.30123E+01,3.30123E+01,3.30123E+01,3.30123E+01,1.33303E+01,3.30123E+01,3.30123E+01,3.30123E+01,3.30123E+01,3.30123E+01,3.30123E+01,3.30123E+01,3.30123E+01,3.30123E+01,3.30123E+01,3.30123E+01,1.31319E+01,1.33303E+01,3.30123E+01,3.30123E+01 
#t = 2.646E+03
3.30123E+01,3.30123E+01,3.30123E+01,3.30123E+01,3.30123E+01,3.30123E+01,3.30123E+01,3.30123E+01,3.30123E+01,3.30123E+01,3.30123E+01,3.30123E+01,3.30123E+01,3.30123E+01,3.30123E+01,3.30123E+01,5.12823E+00,3.30123E+01,3.30123E+01,3.30123E+01,3.30123E+01,3.30123E+01,3.30123E+01,3.30123E+01,3.30123E+01,3.30123E+01,3.30123E+01,3.30123E+01 
#t = 2.688E+03
3.30123E+01,3.30123E+01,3.30123E+01,3.30123E+01,3.30123E+01,3.30123E+01,3.30123E+01,3.30123E+01,3.30123E+01,3.30123E+01,3.30123E+01,3.30123E+01,3.30123E+01,3.30123E+01,3.30123E+01,3.30123E+01,3.30123E+01,3.30123E+01,4.31090E+00,3.30123E+01,3.30123E+01,3.30123E+01,3.30123E+01,3.30123E+01,3.30123E+01,3.30123E+01,3.30123E+01,3.30123E+01,9.89203E+00,3.30123E+01,3.30123E+01,3.30123E+01,3.30123E+01,3.30123E+01,3.30123E+01,3.30123E+01,3.30123E+01,3.30123E+01,3.30123E+01,3.30123E+01 
#t = 2.730E+03
3.30123E+01,3.30123E+01,3.30123E+01,3.30123E+01,3.30123E+01,2.05452E+01,3.30123E+01,3.30123E+01,3.30123E+01,3.30123E+01,3.30123E+01,2.05452E+01,3.30123E+01,3.30123E+01,3.30123E+01,3.30123E+01,3.30123E+01,3.30123E+01,3.30123E+01,1.22786E+01,3.30123E+01,3.30123E+01,3.30123E+01,3.05669E+00,3.30123E+01,3.30123E+01,2.05452E+01,1.69525E+01 
#t = 2.772E+03
3.30123E+01,3.30123E+01,3.30123E+01,3.30123E+01,1.15838E+01,3.30123E+01,2.05452E+01,3.30123E+01,3.30123E+01,3.30123E+01,3.30123E+01,3.30123E+01,3.30123E+01,3.30123E+01,3.30123E+01,3.30123E+01,3.30123E+01,1.15838E+01,3.30123E+01,3.30123E+01,3.30123E+01,3.30123E+01,2.05452E+01,3.30123E+01,3.30123E+01,3.30123E+01,3.30123E+01,1.11076E+01,3.30123E+01,1.15838E+01,1.15838E+01,3.30123E+01,3.30123E+01,3.30123E+01,3.30123E+01,3.30123E+01,3.30123E+01 
#t = 2.814E+03
3.30123E+01,3.30123E+01,3.30123E+01,3.30123E+01,3.30123E+01,3.30123E+01,1.15838E+01,3.30123E+01,3.30123E+01,3.30123E+01,3.30123E+01,3.30123E+01,1.15838E+01,1.15838E+01,3.30123E+01,1.15838E+01,3.30123E+01,3.30123E+01,3.30123E+01,3.30123E+01,3.30123E+01,3.30123E+01,3.30123E+01,3.30123E+01,3.30123E+01,3.30123E+01,3.30123E+01,3.30123E+01,3.30123E+01,3.30123E+01,3.30123E+01,3.30123E+01,3.30123E+01,3.30123E+01,3.30123E+01,1.96786E+01,3.30123E+01 
#t = 2.856E+03
3.30123E+01,3.30123E+01,3.30123E+01,3.30123E+01,3.30123E+01,3.30123E+01,3.30123E+01,3.30123E+01,3.30123E+01,3.30123E+01,3.30123E+01,3.30123E+01,2.46254E+01,3.30123E+01,3.30123E+01,3.30123E+01,3.30123E+01,3.30123E+01,1.69099E+00,3.30123E+01,3.30123E+01,3.30123E+01,3.30123E+01,3.30123E+01,3.30123E+01,3.30123E+01,3.30123E+01,3.53199E+00,3.30123E+01,3.30123E+01,3.30123E+01,2.26332E-01 
#t = 2.898E+03
3.30123E+01,3.30123E+01,3.30123E+01,3.30123E+01,3.30123E+01,3.30123E+01,3.30123E+01,3.30123E+01,3.30123E+01,3.72425E+01,3.30123E+01,3.30123E+01,3.30123E+01,3.30123E+01,3.30123E+01,3.30123E+01,3.30123E+01,3.30123E+01,3.30123E+01,3.30123E+01,3.30123E+01,3.30123E+01,3.30123E+01,3.30123E+01,3.30123E+01,3.30123E+01,3.30123E+01,7.94262E+00,3.30123E+01,3.30123E+01,3.30123E+01,3.30123E+01,3.30123E+01 
#t = 2.940E+03
3.30123E+01,3.30123E+01,3.30123E+01,3.30123E+01,3.30123E+01,3.30123E+01,3.30123E+01,3.30123E+01,3.72425E+01,3.30123E+01,3.30123E+01,3.30123E+01,3.30123E+01,1.06434E+01,3.30123E+01,3.30123E+01,3.72425E+01,3.72425E+01,1.05690E+01,3.30123E+01,3.30123E+01,3.72767E+00,5.06242E+00,3.30123E+01,3.30123E+01,3.30123E+01,3.30123E+01,3.30123E+01,3.30123E+01 
#t = 2.982E+03
3.30123E+01,3.30123E+01,3.30123E+01,3.72425E+01,3.30123E+01,3.30123E+01,3.30123E+01,3.30123E+01,3.30123E+01,3.30123E+01,3.30123E+01,3.72425E+01,3.72425E+01,3.30123E+01,3.30123E+01,3.72425E+01,3.72425E+01,3.30123E+01,3.72425E+01,3.30123E+01,3.30123E+01,3.72425E+01,3.30123E+01,3.30123E+01,3.30123E+01,3.30123E+01,3.30123E+01,3.72425E+01,3.30123E+01,1.90458E+00,3.72425E+01,9.61506E-01,7.04368E+00,3.30123E+01,3.30123E+01,1.55325E+00,3.30123E+01,3.72425E+01,1.59420E+00 
#t = 3.024E+03
3.30123E+01,3.30123E+01,3.30123E+01,3.30123E+01,8.54132E+00,3.72425E+01,3.30123E+01,3.30123E+01,3.30123E+01,3.30123E+01,3.72425E+01,3.30123E+01,3.30123E+01,3.30123E+01,3.72425E+01,3.30123E+01,6.59422E+00,3.72425E+01,3.30123E+01,3.30123E+01,3.72425E+01,3.30123E+01,3.72425E+01,3.30123E+01,3.59073E+00,3.30123E+01,3.30123E+01,3.72425E+01,9.46313E+00,3.30123E+01,8.57180E+00 
#t = 3.066E+03
3.30123E+01,3.30123E+01,3.30123E+01,3.30123E+01,3.30123E+01,3.30123E+01,3.72425E+01,3.30123E+01,3.30123E+01,3.72425E+01,3.72425E+01,3.72425E+01,3.30123E+01,3.30123E+01,3.72425E+01,3.30123E+01,3.30123E+01,3.72425E+01,3.30123E+01,3.30123E+01,3.30123E+01,3.30123E+01,3.30123E+01,3.30123E+01,3.30123E+01,3.72425E+01,3.30123E+01,3.30123E+01,3.72425E+01,3.30123E+01,3.30123E+01,3.30123E+01,2.46146E+00,1.87122E+00,3.30123E+01 
#t = 3.108E+03
3.30123E+01,3.30123E+01,3.30123E+01,3.30123E+01,3.30123E+01,3.72425E+01,3.30123E+01,3.30123E+01,3.30123E+01,3.30123E+01,3.30123E+01,3.30123E+01,3.72425E+01,3.30123E+01,3.30123E+01,3.30123E+01,3.30123E+01,3.30123E+01,3.30123E+01,3.30123E+01,3.30123E+01,3.30123E+01,3.30123E+01,3.30123E+01,3.78304E+00,3.30123E+01,3.30123E+01,3.30123E+01,3.30123E+01,3.30123E+01 
#t = 3.150E+03
3.30123E+01,3.30123E+01,3.30123E+01,3.30123E+01,3.72425E+01,3.72425E+01,3.30123E+01,3.30123E+01,3.30123E+01,3.30123E+01,3.30123E+01,3.30123E+01,3.72425E+01,3.30123E+01,3.30123E+01,3.72425E+01,3.30123E+01,3.72425E+01,3.30123E+01,3.30123E+01,1.65551E+01,3.30123E+01,3.30123E+01,3.30123E+01,3.30123E+01,7.97092E+00,2.62389E+00,3.30123E+01,3.30123E+01,3.72425E+01 
#t = 3.192E+03
3.30123E+01,3.30123E+01,3.30123E+01,3.30123E+01,3.30123E+01,3.30123E+01,3.30123E+01,3.30123E+01,3.30123E+01,3.30123E+01,3.72425E+01,3.72425E+01,3.30123E+01,3.30123E+01,3.72425E+01,3.30123E+01,3.30123E+01,3.30123E+01,3.30123E+01,3.30123E+01,3.30123E+01,3.30123E+01,3.72425E+01,3.30123E+01,3.30123E+01,3.72425E+01,3.30123E+01,3.30123E+01,3.30123E+01,3.30123E+01 
#t = 3.234E+03
3.30123E+01,3.72425E+01,3.30123E+01,3.30123E+01,3.72425E+01,3.72425E+01,3.72425E+01,1.05949E+01,3.30123E+01,3.72425E+01,3.30123E+01,3.72425E+01,3.30123E+01,3.30123E+01,3.30123E+01,3.72425E+01,3.30123E+01,3.30123E+01,3.30123E+01,3.72425E+01,3.30123E+01,3.30123E+01,3.72425E+01,3.72425E+01,3.30123E+01,3.72425E+01,3.30123E+01,9.53294E+00,3.30123E+01,3.30123E+01,6.16771E+00,8.12054E-01,1.97027E+01 
#t = 3.276E+03
3.72425E+01,3.30123E+01,3.72425E+01,3.72425E+01,3.30123E+01,3.30123E+01,3.72425E+01,3.72425E+01,3.72425E+01,3.72425E+01,3.72425E+01,3.72425E+01,3.72425E+01,3.72425E+01,3.30123E+01,3.72425E+01,3.72425E+01,3.30123E+01,3.72425E+01,3.72425E+01,3.30123E+01,3.72425E+01,3.30123E+01,3.72425E+01,3.72425E+01,3.72425E+01,3.72425E+01,3.72425E+01,3.72425E+01,3.30123E+01,3.72425E+01,3.72425E+01,3.72425E+01,3.72425E+01,3.72425E+01,3.72425E+01,3.72425E+01,3.72425E+01,3.72425E+01,3.72425E+01,3.30123E+01 
#t = 3.318E+03
3.30123E+01,3.30123E+01,3.30123E+01,3.72425E+01,3.72425E+01,3.72425E+01,3.72425E+01,3.72425E+01,3.30123E+01,3.72425E+01,3.30123E+01,7.70141E+00,3.30123E+01,3.30123E+01,3.30123E+01,1.25229E+01,3.72425E+01,3.30123E+01,3.30123E+01,3.72425E+01,3.30123E+01,3.72425E+01,3.72425E+01,1.25229E+01,3.72425E+01,3.72425E+01,3.72425E+01,3.30123E+01,3.72425E+01,3.72425E+01,3.30123E+01,3.30123E+01 
#t = 3.360E+03
3.30123E+01,3.72425E+01,3.72425E+01,3.72425E+01,3.72425E+01,3.72425E+01,3.72425E+01,3.30123E+01,3.72425E+01,3.72425E+01,3.30123E+01,3.72425E+01,3.30123E+01,3.72425E+01,3.72425E+01,3.72425E+01,3.72425E+01,3.30123E+01,3.72425E+01,3.72425E+01,3.72425E+01,3.72425E+01,3.72425E+01,3.72425E+01,3.72425E+01,3.30123E+01,4.67949E+00,1.42299E+00,3.30123E+01,3.30123E+01,3.30123E+01,4.03920E-01 
#t = 3.402E+03
3.72425E+01,3.72425E+01,3.30123E+01,3.72425E+01,3.72425E+01,3.72425E+01,3.72425E+01,3.72425E+01,3.72425E+01,3.72425E+01,3.72425E+01,3.72425E+01,3.72425E+01,3.72425E+01,3.72425E+01,3.72425E+01,3.72425E+01,3.72425E+01,3.72425E+01,3.72425E+01,3.72425E+01,3.72425E+01,4.03041E+00,3.30123E+01,3.72425E+01,3.72425E+01,3.72425E+01,3.72425E+01,3.72425E+01,3.72425E+01,3.72425E+01,3.72425E+01,3.72425E+01,3.72425E+01,4.60511E+00,4.02795E+00,3.72425E+01,3.72425E+01 
#t = 3.444E+03
3.72425E+01,3.72425E+01,3.72425E+01,3.30123E+01,3.72425E+01,3.72425E+01,3.72425E+01,3.72425E+01,3.30123E+01,3.72425E+01,3.30123E+01,3.72425E+01,3.30123E+01,3.72425E+01,3.30123E+01,3.30123E+01,3.72425E+01,3.72425E+01,3.72425E+01,3.72425E+01,3.72425E+01,3.72425E+01,1.13357E+00,3.72425E+01,3.72425E+01,3.72425E+01,3.72425E+01,3.30123E+01,3.72425E+01,3.72425E+01 
#t = 3.486E+03
3.30123E+01,3.72425E+01,3.72425E+01,3.72425E+01,3.72425E+01,3.30123E+01,3.72425E+01,3.72425E+01,3.72425E+01,3.72425E+01,3.72425E+01,3.72425E+01,3.72425E+01,3.72425E+01,3.30123E+01,3.30123E+01,3.72425E+01,3.72425E+01,3.72425E+01,3.72425E+01,3.72425E+01,3.72425E+01,3.72425E+01,3.30123E+01,3.30123E+01,3.72425E+01,3.72425E+01,2.44304E+00,3.72425E+01,1.44620E+00,3.30123E+01,3.72425E+01,7.01676E+00,3.72425E+01 
#t = 3.528E+03
3.72425E+01,3.72425E+01,3.72425E+01,3.72425E+01,3.72425E+01,3.72425E+01,3.72425E+01,3.72425E+01,3.72425E+01,3.30123E+01,3.72425E+01,3.72425E+01,3.72425E+01,3.72425E+01,3.72425E+01,3.72425E+01,3.72425E+01,1.02765E+01,3.72425E+01,3.72425E+01,3.72425E+01,3.72425E+01,3.72425E+01,3.30123E+01,3.72425E+01,3.72425E+01,3.72425E+01,3.72425E+01,3.30123E+01,3.72425E+01,3.72425E+01,3.72425E+01 
#t = 3.570E+03
3.30123E+01,3.72425E+01,3.72425E+01,3.72425E+01,3.72425E+01,3.72425E+01,3.72425E+01,3.72425E+01,3.72425E+01,3.72425E+01,3.72425E+01,3.72425E+01,3.72425E+01,3.72425E+01,2.74704E+01,3.72425E+01,2.74704E+01,3.72425E+01,3.72425E+01,3.72425E+01,7.33832E+00,3.72425E+01,3.72425E+01,3.72425E+01,3.72425E+01,3.72425E+01,3.72425E+01,3.30123E+01,3.72425E+01,3.72425E+01,4.88845E+00,3.72425E+01,3.72425E+01,3.72425E+01,1.19462E+00,3.72425E+01,3.72425E+01,3.72425E+01,4.84542E+00,3.72425E+01,3.72425E+01,3.72425E+01 
#t = 3.612E+03
3.72425E+01,3.72425E+01,3.72425E+01,3.72425E+01,3.72425E+01,3.72425E+01,2.74704E+01,3.72425E+01,5.53782E+00,3.72425E+01,1.30740E+01,3.72425E+01,3.72425E+01,7.79992E+00,3.72425E+01,5.26045E+00,3.72425E+01,3.72425E+01,3.72425E+01,3.72425E+01,3.72425E+01,3.72425E+01,3.72425E+01,3.72425E+01,3.72425E+01,3.72425E+01,6.04019E+00,2.02969E+00 
#t = 3.654E+03
2.74704E+01,3.72425E+01,7.79992E+00,3.72425E+01,1.30740E+01,3.72425E+01,3.72425E+01,2.74704E+01,3.72425E+01,1.21526E+01,3.72425E+01,3.72425E+01,3.72425E+01,3.72425E+01,3.72425E+01,1.30740E+01,3.72425E+01,3.72425E+01,3.72425E+01,2.68647E+01,5.47238E+00,1.17038E+01,3.72425E+01,3.72425E+01,2.68647E+01,3.72425E+01,3.72425E+01,3.72425E+01,3.72425E+01,4.63724E+00,2.74704E+01,1.17038E+01,3.72425E+01,2.74704E+01,1.17038E+01,2.68647E+01,6.17352E+00,3.72425E+01,1.21526E+01,1.30740E+01,6.11059E-01,3.72425E+01,1.15548E+00,3.72425E+01 
#t = 3.696E+03
3.72425E+01,3.72425E+01,2.74704E+01,3.72425E+01,1.30740E+01,2.74704E+01,2.74704E+01,3.72425E+01,3.72425E+01,3.72425E+01,3.72425E+01,1.30740E+01,3.72425E+01,3.72425E+01,3.72425E+01,3.72425E+01,1.30740E+01,3.72425E+01,2.74704E+01,2.74704E+01,3.72425E+01,3.72425E+01,3.72425E+01,2.74704E+01,3.72425E+01,3.72425E+01,3.72425E+01,3.72425E+01,3.72425E+01,3.72425E+01,3.72425E+01,3.72425E+01,3.72425E+01,2.68647E+01,3.72425E+01,3.72425E+01,2.17105E+00,3.72425E+01,3.72425E+01,3.72425E+01,3.72425E+01,3.72425E+01,2.93020E+00,3.72425E+01,1.74726E+00 
#t = 3.738E+03
3.72425E+01,3.72425E+01,3.72425E+01,3.72425E+01,3.72425E+01,3.72425E+01,3.72425E+01,3.72425E+01,3.72425E+01,3.72425E+01,1.67342E+01,3.72425E+01,3.72425E+01,3.72425E+01,3.72425E+01,3.72425E+01,3.72425E+01,3.72425E+01,3.72425E+01,3.72425E+01,3.72425E+01,3.72425E+01,3.72425E+01,3.72425E+01,3.72425E+01,1.90307E+00,3.72425E+01,9.84400E-01,3.72425E+01,3.72425E+01,3.72425E+01 
#t = 3.780E+03
3.72425E+01,3.72425E+01,3.72425E+01,3.72425E+01,3.72425E+01,3.72425E+01,3.72425E+01,3.72425E+01,1.67342E+01,3.72425E+01,3.72425E+01,3.72425E+01,3.72425E+01,3.72425E+01,3.72425E+01,3.72425E+01,3.72425E+01,3.72425E+01,3.72425E+01,3.72425E+01,3.72425E+01,3.72425E+01,3.72425E+01,3.72425E+01,8.30179E+00,3.72425E+01,3.72425E+01,3.72425E+01,3.72425E+01,3.72425E+01,3.72425E+01,3.72425E+01 
#t = 3.822E+03
8.30179E+00,3.72425E+01,3.72425E+01,3.72425E+01,3.72425E+01,3.72425E+01,3.72425E+01,3.72425E+01,3.72425E+01,3.72425E+01,3.72425E+01,3.72425E+01,3.72425E+01,3.72425E+01,3.72425E+01,3.72425E+01,3.72425E+01,3.72425E+01,3.72425E+01,3.72425E+01,3.72425E+01,3.72425E+01,3.72425E+01,3.72425E+01,3.72425E+01,2.80643E+00,3.72425E+01,3.72425E+01,3.72425E+01,3.72425E+01,3.72425E+01,3.72425E+01,3.72425E+01,7.03943E-01,3.72425E+01,3.72425E+01,3.72425E+01,3.72425E+01,3.72425E+01 
#t = 3.864E+03
3.72425E+01,3.72425E+01,3.72425E+01,3.72425E+01,3.72425E+01,3.72425E+01,3.72425E+01,3.72425E+01,3.72425E+01,3.72425E+01,3.72425E+01,9.29721E+00,3.72425E+01,3.72425E+01,3.72425E+01,3.72425E+01,3.72425E+01,3.72425E+01,3.72425E+01,3.72425E+01,3.72425E+01,3.72425E+01,3.72425E+01,3.72425E+01,3.72425E+01,3.72425E+01,3.72425E+01,3.72425E+01,3.72425E+01,3.72425E+01,3.72425E+01,1.38397E+00,3.72425E+01,1.09592E+00,3.72425E+01,3.72425E+01,3.72425E+01,3.72425E+01 
#t = 3.906E+03
3.72425E+01,3.72425E+01,1.62897E+01,3.72425E+01,3.72425E+01,3.72425E+01,3.72425E+01,3.72425E+01,3.72425E+01,3.72425E+01,3.72425E+01,3.72425E+01,3.72425E+01,3.72425E+01,3.72425E+01,3.72425E+01,3.72425E+01,3.72425E+01,3.72425E+01,3.72425E+01,3.72425E+01,3.72425E+01,3.72425E+01,3.72425E+01,3.72425E+01,3.72425E+01,3.72425E+01,3.72425E+01,3.72425E+01,1.62897E+01,1.62897E+01,3.76238E-01,1.58246E+00,3.72425E+01,3.72425E+01,7.57883E+00,3.72425E+01,3.72425E+01,1.39275E+00,3.72425E+01 
#t = 3.948E+03
3.72425E+01,3.72425E+01,3.72425E+01,3.72425E+01,3.72425E+01,3.72425E+01,3.72425E+01,3.72425E+01,3.72425E+01,1.62897E+01,3.72425E+01,1.62897E+01,3.72425E+01,3.72425E+01,3.72425E+01,3.72425E+01,3.72425E+01,3.72425E+01,3.72425E+01,3.72425E+01,3.72425E+01,3.72425E+01,3.72425E+01,3.72425E+01,3.72425E+01,1.20947E+01,3.72425E+01,2.38960E+00,3.72425E+01,3.72425E+01,3.72425E+01,3.72425E+01,3.72425E+01,3.72425E+01,3.72425E+01,8.59610E-01,3.72425E+01,3.72425E+01 
#t = 3.990E+03
3.72425E+01,1.20947E+01,3.72425E+01,3.72425E+01,3.72425E+01,3.72425E+01,3.72425E+01,3.72425E+01,3.72425E+01,3.72425E+01,3.72425E+01,3.72425E+01,3.72425E+01,3.72425E+01,3.72425E+01,1.16708E+01,3.72425E+01,3.72425E+01,3.72425E+01,3.72425E+01,3.72425E+01,3.72425E+01,3.72425E+01,3.72425E+01,3.72425E+01,3.72425E+01,3.72425E+01,3.72425E+01,3.72425E+01,3.72425E+01,2.66019E+01,3.72425E+01,3.72425E+01,2.11106E+01 
#t = 4.032E+03
3.72425E+01,3.72425E+01,3.72425E+01,3.72425E+01,3.72425E+01,3.72425E+01,3.72425E+01,3.72425E+01,3.72425E+01,3.72425E+01,3.72425E+01,3.72425E+01,3.72425E+01,3.72425E+01,3.72425E+01,3.72425E+01,3.72425E+01,3.72425E+01,3.72425E+01,3.72425E+01,3.72425E+01,3.72425E+01,3.72425E+01,3.72425E+01,4.22482E+00,3.72425E+01,3.72425E+01,3.72425E+01,3.72425E+01,3.72425E+01,3.72425E+01,1.58278E+00,3.72425E+01,6.63059E-01,3.72425E+01,3.72425E+01 
#t = 4.074E+03
3.72425E+01,3.72425E+01,3.72425E+01,3.72425E+01,3.72425E+01,3.72425E+01,3.72425E+01,3.72425E+01,3.72425E+01,3.72425E+01,3.72425E+01,3.72425E+01,3.72425E+01,3.72425E+01,3.72425E+01,3.72425E+01,3.72425E+01,3.72425E+01,3.72425E+01,3.72425E+01,3.72425E+01,3.72425E+01,3.72425E+01,3.72425E+01,3.72425E+01,3.72425E+01,3.72425E+01,3.72425E+01,3.72425E+01,3.72425E+01,3.72425E+01,3.72425E+01,3.72425E+01,3.72425E+01,3.72425E+01,3.72425E+01,3.72425E+01,3.72425E+01,3.72425E+01,3.72425E+01,3.72425E+01,3.72425E+01,2.72498E+00,3.72425E+01,3.72425E+01,3.72425E+01,3.72425E+01,3.72425E+01,3.72425E+01,3.72425E+01,3.72425E+01,3.72425E+01 
#t = 4.116E+03
3.72425E+01,3.72425E+01,3.72425E+01,3.72425E+01,3.72425E+01,3.72425E+01,3.72425E+01,3.72425E+01,3.72425E+01,3.72425E+01,3.72425E+01,3.72425E+01,3.72425E+01,3.72425E+01,3.72425E+01,3.72425E+01,3.72425E+01,3.72425E+01,3.72425E+01,3.72425E+01,3.72425E+01,3.72425E+01,3.72425E+01,3.72425E+01,3.72425E+01,3.72425E+01,3.72425E+01,3.72425E+01,3.72425E+01,3.65820E-01,3.72425E+01,3.72425E+01,3.72425E+01,3.72425E+01,3.72425E+01,4.11599E-01,3.72425E+01,3.72425E+01,3.72425E+01 
#t = 4.158E+03
3.72425E+01,3.72425E+01,3.72425E+01,3.72425E+01,3.72425E+01,3.72425E+01,3.72425E+01,3.72425E+01,3.72425E+01,3.72425E+01,3.72425E+01,3.72425E+01,3.72425E+01,3.72425E+01,3.72425E+01,3.72425E+01,3.72425E+01,3.72425E+01,3.72425E+01,3.72425E+01,3.72425E+01,3.72425E+01,3.72425E+01,3.72425E+01,3.72425E+01,3.72425E+01,3.72425E+01,3.72425E+01,3.72425E+01,3.72425E+01,3.72425E+01,3.72425E+01,3.72425E+01,3.72425E+01,3.72425E+01,3.72425E+01,3.72425E+01,3.72425E+01,6.72684E+00,3.72425E+01,3.72425E+01,3.72425E+01,3.72425E+01,3.72425E+01,1.29991E+00 
#t = 4.200E+03
3.72425E+01,3.72425E+01,3.72425E+01,3.72425E+01,3.72425E+01,3.72425E+01,8.42465E+00,3.72425E+01,3.72425E+01,3.72425E+01,3.72425E+01,3.72425E+01,3.72425E+01,3.72425E+01,3.72425E+01,3.72425E+01,3.72425E+01,3.72425E+01,3.72425E+01,3.72425E+01,3.72425E+01,3.72425E+01,3.72425E+01,3.72425E+01,3.72425E+01,4.18235E+00,3.72425E+01,3.72425E+01,3.72425E+01,3.72425E+01,3.72425E+01,3.72425E+01,3.72425E+01,3.72425E+01,3.72425E+01,3.72425E+01 
