#t = 0.000E+00
5.52120E+00,6.33334E+00,3.11326E+00,3.72946E+00,2.19691E+01 
#t = 4.200E+01
1.23577E+01,1.23577E+01,1.23577E+01,1.43946E+01,5.33513E-01,4.71668E-01 
#t = 8.400E+01
1.23577E+01,1.23577E+01,1.23577E+01,7.19212E-01,1.23577E+01,9.02503E+00,3.74154E+00 
#t = 1.260E+02
1.23577E+01,1.16744E+01,7.30076E+00,1.07502E+00,1.33060E+00 
#t = 1.680E+02
1.29548E+01,1.95715E+01,1.29548E+01,3.66354E+00,1.29548E+01,1.29548E+01,1.29548E+01,1.07702E+00 
#t = 2.100E+02
1.29548E+01,1.29548E+01,1.29548E+01,9.50041E+00,1.29548E+01,1.29548E+01,1.29548E+01,1.29548E+01,4.21498E+00,1.29548E+01 
#t = 2.520E+02
1.91025E+01,1.29548E+01,1.29548E+01,1.29548E+01,1.62628E+01,1.39032E+00,2.28989E+00,9.30144E+00,5.28054E+00 
#t = 2.940E+02
1.41619E+01,1.41619E+01,1.41619E+01,1.41619E+01,1.41619E+01,1.41619E+01,1.57034E+01,1.41619E+01,6.67981E+00,3.68794E+00 
#t = 3.360E+02
1.41619E+01,1.57034E+01,1.75315E+01,1.41619E+01,1.41619E+01,1.41619E+01,1.41619E+01,1.38586E+01,1.75315E+01,1.75315E+01 
#t = 3.780E+02
7.39150E+00,3.25068E+00,1.57034E+01,1.00055E+01,2.37159E+00,1.18062E+00,9.70753E-01,3.32131E+00,2.50575E+00 
#t = 4.200E+02
1.00055E+01,1.57034E+01,7.09884E-01 
#t = 4.620E+02
1.00055E+01,9.87073E+00,1.57034E+01,1.57034E+01,1.57034E+01,3.33315E+01,1.57034E+01,1.57034E+01,1.57034E+01,3.33315E+01,1.57034E+01,2.32189E+01,8.84303E-01,4.83030E-01 
#t = 5.040E+02
1.57034E+01,1.57034E+01,3.33315E+01,3.33315E+01,3.33315E+01,3.33315E+01,3.33315E+01,1.57034E+01,3.33315E+01,1.57034E+01,1.57034E+01,3.33315E+01,3.33315E+01,1.57034E+01,3.33315E+01,3.33315E+01,1.57034E+01,4.75435E+00,3.33315E+01,3.33315E+01,3.33315E+01,1.57034E+01,2.24636E+00,1.57034E+01,1.57034E+01,7.14001E+00,3.33315E+01,3.33315E+01,7.37373E+00,1.47224E+00 
#t = 5.460E+02
1.57034E+01,3.33315E+01,3.33315E+01,3.33315E+01,3.33315E+01,3.33315E+01,3.33315E+01,3.33315E+01,3.33315E+01,3.33315E+01,3.33315E+01,3.33315E+01,3.33315E+01,3.33315E+01,3.33315E+01,3.33315E+01,3.33315E+01,4.01739E+00,3.44591E+00,3.33315E+01,3.28329E+00,3.33315E+01,3.33315E+01,3.33315E+01,6.52316E-01,3.33315E+01,3.33315E+01,3.33315E+01,9.65580E+00,3.33315E+01 
#t = 5.880E+02
3.33315E+01,3.33315E+01,3.33315E+01,3.33315E+01,3.33315E+01,3.33315E+01,3.33315E+01,3.33315E+01,3.33315E+01,3.33315E+01,3.33315E+01,3.33315E+01,3.33315E+01,3.33315E+01,3.33315E+01,9.65913E+00,3.33315E+01,3.33315E+01,3.33315E+01,1.57034E+01,1.57034E+01,3.33315E+01,1.47021E+01,3.14095E+00,1.57034E+01,3.33315E+01,3.33315E+01,3.33315E+01,3.33315E+01,3.33315E+01,3.33315E+01,3.33315E+01,3.33315E+01,3.33315E+01,3.33315E+01,3.33315E+01,3.33315E+01,3.33315E+01,3.33315E+01,4.42613E+00 
#t = 6.300E+02
1.57034E+01,3.33315E+01,3.33315E+01,3.33315E+01,1.47021E+01,3.33315E+01,3.33315E+01,3.33315E+01,3.33315E+01,3.33315E+01,3.33315E+01,3.33315E+01,3.33315E+01,1.47021E+01,5.66661E+00,3.33315E+01,3.33315E+01,3.33315E+01,3.33315E+01,3.33315E+01,3.33315E+01,3.33315E+01,3.33315E+01,3.79557E+00,3.33315E+01,3.33315E+01,3.33315E+01,3.33315E+01 
#t = 6.720E+02
3.33315E+01,3.33315E+01,3.33315E+01,3.33315E+01,3.33315E+01,3.33315E+01,3.33315E+01,3.33315E+01,3.33315E+01,3.33315E+01,3.33315E+01,3.33315E+01,3.33315E+01,3.33315E+01,3.33315E+01,3.33315E+01,3.33315E+01,3.33315E+01,4.30928E+00,3.33315E+01,3.33315E+01,3.33315E+01,8.86675E-01,3.33315E+01,3.33315E+01,3.33315E+01,3.33315E+01,8.46985E+00,3.33315E+01,4.06229E+00,3.33315E+01,3.33315E+01,3.33315E+01,3.33315E+01,3.33315E+01,3.33315E+01,3.33315E+01,7.01150E+00,3.33315E+01,3.33315E+01 
#t = 7.140E+02
3.33315E+01,3.33315E+01,3.33315E+01,3.33315E+01,3.33315E+01,3.33315E+01,3.33315E+01,3.33315E+01,3.33315E+01,3.33315E+01,3.33315E+01,3.33315E+01,3.33315E+01,3.33315E+01,3.33315E+01,3.33315E+01,3.33315E+01,3.33315E+01,3.33315E+01,3.33315E+01,3.33315E+01,3.33315E+01,1.35816E+00,3.33315E+01,7.46298E+00,3.33315E+01,3.33315E+01,3.33315E+01,3.33315E+01,9.22390E-01,3.33315E+01,3.33315E+01 
#t = 7.560E+02
3.33315E+01,3.33315E+01,3.33315E+01,3.33315E+01,3.33315E+01,3.33315E+01,3.33315E+01,3.33315E+01,3.33315E+01,3.33315E+01,3.33315E+01,3.33315E+01,9.11938E+00,3.33315E+01,3.33315E+01,3.33315E+01,3.33315E+01,8.78829E+00,3.33315E+01,3.33315E+01,3.33315E+01,1.35172E+00,3.33315E+01,1.55859E+00 
#t = 7.980E+02
3.33315E+01,3.33315E+01,3.33315E+01,3.33315E+01,3.33315E+01,3.33315E+01,3.33315E+01,3.33315E+01,3.33315E+01,1.14889E+01,3.33315E+01,3.33315E+01,3.33315E+01,3.33315E+01,8.40231E+00,3.33315E+01,3.33315E+01,3.33315E+01,1.14889E+01,3.33315E+01,2.06467E+01,2.06467E+01,3.33315E+01,3.33315E+01,3.33315E+01,1.14889E+01,3.33315E+01,3.33315E+01,3.33315E+01,3.33315E+01,1.35910E+00,2.06467E+01,1.11551E+00,1.47316E+00 
#t = 8.400E+02
3.33315E+01,3.33315E+01,3.33315E+01,3.33315E+01,3.33315E+01,3.33315E+01,3.33315E+01,3.33315E+01,3.33315E+01,3.33315E+01,3.33315E+01,3.33315E+01,3.33315E+01,3.33315E+01,3.33315E+01,3.33315E+01,3.33315E+01,3.33315E+01,3.33315E+01,1.72751E+01,1.72751E+01,3.33315E+01,3.33315E+01,3.33315E+01,4.59536E+00,3.33315E+01,3.33315E+01,1.01282E+00,3.33315E+01,3.33315E+01,3.33315E+01,3.33315E+01,3.33315E+01,3.33315E+01,1.50867E+00,1.09709E+00,7.93649E+00 
#t = 8.820E+02
3.33315E+01,3.33315E+01,3.33315E+01,3.33315E+01,3.33315E+01,3.33315E+01,3.33315E+01,3.33315E+01,3.33315E+01,3.33315E+01,3.33315E+01,3.33315E+01,3.33315E+01,1.42722E+01,3.33315E+01,3.33315E+01,3.33315E+01,1.42722E+01,3.33315E+01,1.42722E+01,3.33315E+01,3.33315E+01,3.33315E+01,3.33315E+01,7.33535E+00,3.33315E+01,3.33315E+01,3.33315E+01,3.33315E+01,1.14929E+01,3.33315E+01,1.42722E+01,8.49579E+00,2.32297E+00 
#t = 9.240E+02
3.33315E+01,3.33315E+01,3.33315E+01,1.42722E+01,3.33315E+01,3.33315E+01,3.33315E+01,3.33315E+01,3.33315E+01,8.99223E-01,3.33315E+01,1.42722E+01,3.33315E+01,3.33315E+01,3.33315E+01,1.42722E+01,3.33315E+01,7.43954E+00,3.33315E+01,1.42722E+01,3.33315E+01,1.42722E+01,5.20482E-01,3.33315E+01 
#t = 9.660E+02
3.33315E+01,3.33315E+01,3.33315E+01,3.33315E+01,3.33315E+01,5.26383E+00,3.33315E+01,3.33315E+01,3.33315E+01,3.33315E+01,3.33315E+01,3.33315E+01,3.33315E+01,3.05754E+01,1.42722E+01,3.33315E+01,3.33315E+01,3.33315E+01,3.05754E+01,3.33315E+01,3.33315E+01,3.33315E+01,3.33315E+01,3.33315E+01,3.33315E+01,3.33315E+01,3.33315E+01,1.28665E+01,3.33315E+01,3.33315E+01,3.33315E+01,3.05754E+01,3.33315E+01,3.33315E+01,3.33315E+01,3.61421E+00,2.32537E+00,3.33315E+01 
#t = 1.008E+03
3.33315E+01,3.33315E+01,3.33315E+01,1.42722E+01,3.33315E+01,3.33315E+01,3.33315E+01,3.33315E+01,1.26883E+01,3.33315E+01,3.33315E+01,1.42722E+01,3.33315E+01,1.42722E+01,3.33315E+01,3.33315E+01,3.33315E+01,3.33315E+01,1.26883E+01,3.33315E+01,3.33315E+01,1.26883E+01,3.33315E+01,4.55477E+00,3.33315E+01,3.33315E+01,3.33315E+01,3.33315E+01,1.00299E+01,3.33315E+01,3.33315E+01,8.16957E+00,3.33315E+01,3.33315E+01,3.09829E+00,3.33315E+01,3.33315E+01,3.33315E+01,3.33315E+01 
#t = 1.050E+03
3.33315E+01,3.33315E+01,3.33315E+01,3.33315E+01,3.33315E+01,3.33315E+01,3.33315E+01,3.33315E+01,3.33315E+01,3.33315E+01,3.33315E+01,3.33315E+01,3.33315E+01,3.33315E+01,3.33315E+01,3.33315E+01,3.33315E+01,3.33315E+01,3.33315E+01,3.33315E+01,3.33315E+01,3.33315E+01,3.33315E+01,3.33315E+01,3.33315E+01,3.33315E+01,3.33315E+01,3.33315E+01,3.33315E+01,3.33315E+01,3.33315E+01,1.60874E+01,3.33315E+01,3.33315E+01,3.33315E+01,3.33315E+01,3.33315E+01,3.33315E+01,3.33315E+01 
#t = 1.092E+03
3.33315E+01,3.33315E+01,3.33315E+01,3.33315E+01,3.33315E+01,3.33315E+01,3.33315E+01,3.33315E+01,3.33315E+01,3.33315E+01,3.33315E+01,3.33315E+01,3.33315E+01,3.33315E+01,1.11373E+01,1.11373E+01,3.33315E+01,1.42348E+01,3.33315E+01,3.33315E+01,3.33315E+01,1.11373E+01,1.42348E+01,3.33315E+01,3.33315E+01,3.33315E+01,1.42348E+01,3.33315E+01,8.13404E-01,3.33315E+01,3.33315E+01,1.42348E+01,6.82962E+00,3.33315E+01,1.42348E+01,3.33315E+01,3.33315E+01,3.33315E+01 
#t = 1.134E+03
3.33315E+01,3.33315E+01,3.33315E+01,3.33315E+01,1.22603E+01,1.78906E+01,3.33315E+01,1.42348E+01,3.33315E+01,3.33315E+01,1.33280E+01,3.33315E+01,3.33315E+01,3.33315E+01,3.33315E+01,3.33315E+01,3.33315E+01,3.33315E+01,1.33280E+01,3.33315E+01,3.33315E+01,3.33315E+01,3.33315E+01,3.33315E+01,3.33315E+01,3.33315E+01,3.33315E+01,3.33315E+01,3.33315E+01,1.16682E+01,8.66974E-01,3.33315E+01,3.33315E+01,3.33315E+01,3.33315E+01,3.33315E+01,3.58562E+00,3.33315E+01,3.33315E+01 
#t = 1.176E+03
3.33315E+01,3.33315E+01,3.33315E+01,3.33315E+01,3.33315E+01,3.33315E+01,3.33315E+01,3.33315E+01,3.33315E+01,3.33315E+01,3.33315E+01,3.33315E+01,3.33315E+01,3.33315E+01,3.33315E+01,3.33315E+01,3.33315E+01,3.33315E+01,3.33315E+01,3.33315E+01,3.33315E+01,3.33315E+01,3.33315E+01,3.33315E+01,3.33315E+01,3.33315E+01,3.33315E+01,2.85362E+00,3.33315E+01,3.33315E+01,3.33315E+01,3.33315E+01,3.33315E+01,3.33315E+01,3.33315E+01,1.12302E+00,3.33315E+01,3.33315E+01,3.33315E+01 
#t = 1.218E+03
3.33315E+01,3.33315E+01,3.33315E+01,3.33315E+01,3.33315E+01,3.33315E+01,3.33315E+01,3.33315E+01,3.33315E+01,3.33315E+01,3.33315E+01,3.33315E+01,3.33315E+01,3.33315E+01,3.33315E+01,3.33315E+01,3.33315E+01,3.33315E+01,3.33315E+01,3.33315E+01,3.33315E+01,3.33315E+01,3.33315E+01,7.74248E+00 
#t = 1.260E+03
3.33315E+01,3.33315E+01,3.33315E+01,3.33315E+01,3.33315E+01,3.33315E+01,3.33315E+01,1.05536E+01,3.33315E+01,3.33315E+01,3.33315E+01,3.33315E+01,3.33315E+01,3.33315E+01,3.33315E+01,3.33315E+01,1.25740E+01,3.33315E+01,3.33315E+01,3.33315E+01,3.33315E+01,3.33315E+01,3.33315E+01,3.33315E+01,3.33315E+01,3.33315E+01,3.33315E+01,3.33315E+01,3.33315E+01,9.20574E-01,3.33315E+01,3.33315E+01,3.33315E+01,3.33315E+01,3.33315E+01,3.33315E+01,1.26294E+00 
#t = 1.302E+03
3.33315E+01,3.33315E+01,3.33315E+01,3.33315E+01,3.33315E+01,3.33315E+01,3.33315E+01,3.33315E+01,3.33315E+01,3.33315E+01,3.33315E+01,3.33315E+01,3.33315E+01,3.33315E+01,1.05536E+01,3.33315E+01,3.33315E+01,3.33315E+01,3.33315E+01,3.33315E+01,3.33315E+01,1.05536E+01,3.33315E+01,1.50628E+01,3.33315E+01,3.33315E+01,3.33315E+01,3.33315E+01,3.33315E+01,3.33315E+01,1.94948E+00,3.33315E+01,2.52396E+00,7.86697E+00,3.33315E+01,3.62148E-01,6.05382E+00,3.33315E+01,3.33315E+01 
#t = 1.344E+03
3.33315E+01,3.33315E+01,3.33315E+01,1.50628E+01,3.33315E+01,1.50628E+01,3.33315E+01,3.33315E+01,3.33315E+01,3.33315E+01,3.33315E+01,3.33315E+01,3.33315E+01,3.33315E+01,3.33315E+01,3.33315E+01,3.33315E+01,3.33315E+01,3.33315E+01,3.33315E+01,3.33315E+01,3.33315E+01,3.33315E+01,3.33315E+01,3.33315E+01,3.33315E+01,1.50628E+01,3.33315E+01,3.33315E+01,3.33315E+01,3.33315E+01,3.33315E+01,9.38774E-01,3.33315E+01,1.85937E+00,3.33315E+01,3.33315E+01,3.33315E+01,1.50628E+01,3.33315E+01,3.33315E+01 
#t = 1.386E+03
3.33315E+01,3.33315E+01,3.33315E+01,3.33315E+01,3.33315E+01,3.33315E+01,3.33315E+01,1.50628E+01,3.33315E+01,3.33315E+01,3.33315E+01,3.33315E+01,3.33315E+01,3.33315E+01,1.50628E+01,3.33315E+01,3.33315E+01,3.33315E+01,1.50628E+01,3.33315E+01,3.33315E+01,3.33315E+01,3.33315E+01,3.33315E+01,3.33315E+01,3.33315E+01,3.33315E+01,1.50628E+01,3.33315E+01,3.33315E+01,3.33315E+01,1.50628E+01,3.33315E+01,3.33315E+01,3.33315E+01,3.33315E+01,7.46112E+00,2.63894E+00,3.33315E+01,3.33315E+01 
#t = 1.428E+03
3.33315E+01,3.33315E+01,3.33315E+01,3.33315E+01,3.33315E+01,3.33315E+01,3.33315E+01,3.33315E+01,1.50628E+01,3.33315E+01,3.33315E+01,3.33315E+01,3.33315E+01,3.33315E+01,3.33315E+01,3.33315E+01,3.33315E+01,3.33315E+01,3.33315E+01,3.33315E+01,3.33315E+01,3.33315E+01,3.33315E+01,3.33315E+01,1.05856E+01,3.33315E+01,3.33315E+01,3.33315E+01,1.50628E+01,9.10666E-01,3.33315E+01,4.15434E+00,3.33315E+01 
#t = 1.470E+03
3.33315E+01,3.33315E+01,3.33315E+01,3.33315E+01,3.33315E+01,3.33315E+01,1.20321E+01,3.33315E+01,3.33315E+01,3.33315E+01,3.33315E+01,3.33315E+01,5.77928E+00,8.16933E+00,3.33315E+01,3.33315E+01,3.33315E+01,3.33315E+01,3.33315E+01,3.33315E+01,3.33315E+01,3.33315E+01,3.33315E+01,3.33315E+01,1.39356E+00,3.33315E+01,3.33315E+01,3.33315E+01,3.33315E+01,3.33315E+01,3.33315E+01,3.33315E+01,4.17545E+00,3.33315E+01,3.33315E+01,3.33315E+01,3.33315E+01,3.33315E+01,3.33315E+01,3.33315E+01,3.33315E+01,3.33315E+01,3.33315E+01,1.53897E-01,3.33315E+01 
#t = 1.512E+03
3.33315E+01,3.33315E+01,3.33315E+01,3.33315E+01,3.33315E+01,3.33315E+01,3.33315E+01,3.33315E+01,3.33315E+01,3.33315E+01,3.33315E+01,3.33315E+01,3.33315E+01,3.33315E+01,3.33315E+01,3.33315E+01,3.33315E+01,3.33315E+01,3.33315E+01,3.33315E+01,3.33315E+01,3.33315E+01,3.33315E+01,3.33315E+01,3.33315E+01,3.33315E+01,4.42386E+00,3.33315E+01,3.33315E+01,3.33315E+01,3.33315E+01,3.33315E+01,3.33315E+01,3.33315E+01,9.59647E+00,3.17656E-01 
#t = 1.554E+03
3.33315E+01,3.33315E+01,3.33315E+01,3.33315E+01,3.33315E+01,3.33315E+01,3.33315E+01,3.33315E+01,3.33315E+01,3.33315E+01,3.33315E+01,3.33315E+01,3.33315E+01,3.33315E+01,3.33315E+01,3.33315E+01,3.33315E+01,3.33315E+01,3.33315E+01,3.33315E+01,2.41051E-01,3.33315E+01,3.33315E+01,2.74203E+00,3.33315E+01,4.84569E+00,3.33315E+01,3.33315E+01 
#t = 1.596E+03
3.33315E+01,3.33315E+01,3.33315E+01,3.33315E+01,3.33315E+01,3.33315E+01,3.33315E+01,3.33315E+01,3.33315E+01,3.33315E+01,3.33315E+01,3.33315E+01,1.52630E+01,3.33315E+01,3.33315E+01,3.33315E+01,3.33315E+01,3.33315E+01,3.33315E+01,3.33315E+01,3.33315E+01,3.33315E+01,3.33315E+01,3.33315E+01,3.33315E+01,3.33315E+01,3.33315E+01,3.33315E+01,3.33315E+01,3.33315E+01,1.96227E+01,1.52630E+01,2.74337E+00,3.33315E+01,3.33315E+01,1.10681E+01,3.33315E+01,3.73783E+00,1.63211E+00,3.33315E+01,6.65119E-01,2.95085E+00 
#t = 1.638E+03
3.33315E+01,3.33315E+01,3.33315E+01,3.33315E+01,3.33315E+01,1.52630E+01,3.33315E+01,3.33315E+01,3.33315E+01,3.33315E+01,3.33315E+01,3.33315E+01,3.33315E+01,1.53563E+01,3.33315E+01,1.53563E+01,3.33315E+01,3.33315E+01,3.33315E+01,3.33315E+01,1.52630E+01,5.06119E+00,3.29013E+00,3.33315E+01,5.16786E-01,3.33315E+01,1.52630E+01 
#t = 1.680E+03
3.33315E+01,3.33315E+01,3.33315E+01,1.53563E+01,3.33315E+01,3.33315E+01,3.33315E+01,3.33315E+01,3.33315E+01,3.33315E+01,3.33315E+01,1.52630E+01,3.33315E+01,3.33315E+01,3.33315E+01 
#t = 1.722E+03
3.33315E+01,3.33315E+01,3.33315E+01,3.33315E+01,3.33315E+01,3.33315E+01,3.33315E+01,3.33315E+01,3.33315E+01,3.33315E+01,3.33315E+01,3.33315E+01,3.33315E+01,3.33315E+01,3.33315E+01,3.33315E+01,3.33315E+01,3.33315E+01,3.33315E+01,3.33315E+01,3.33315E+01,3.33315E+01,3.33315E+01,1.02408E+01,3.33315E+01,3.33315E+01,3.33315E+01,1.25479E+01,3.33315E+01,3.33315E+01,3.33315E+01,1.86194E+00,3.33315E+01,3.33315E+01,9.61441E+00,5.14860E+00,6.98138E+00,3.33315E+01,3.33315E+01 
#t = 1.764E+03
3.33315E+01,3.33315E+01,3.33315E+01,3.33315E+01,1.02408E+01,3.33315E+01,3.33315E+01,3.33315E+01,3.33315E+01,3.33315E+01,3.33315E+01,3.33315E+01,3.33315E+01,3.33315E+01,3.33315E+01,3.33315E+01,3.33315E+01,3.33315E+01,3.33315E+01,3.33315E+01,3.33315E+01,3.33315E+01,3.33315E+01,3.33315E+01,3.33315E+01,3.33315E+01,3.33315E+01,3.33315E+01,3.33315E+01,3.33315E+01,3.33315E+01,3.33315E+01,3.33315E+01,3.33315E+01,3.33315E+01,3.33315E+01,3.33315E+01,4.45146E+00,3.33315E+01,2.99802E+00,3.33315E+01,3.33315E+01,3.33315E+01,3.33315E+01,3.33315E+01,3.33315E+01,8.17906E+00,5.38060E-01 
#t = 1.806E+03
3.33315E+01,3.33315E+01,3.33315E+01,3.33315E+01,3.33315E+01,3.33315E+01,3.33315E+01,3.33315E+01,3.33315E+01,3.33315E+01,3.33315E+01,3.33315E+01,3.33315E+01,3.33315E+01,3.33315E+01,3.33315E+01,3.33315E+01,3.33315E+01,3.33315E+01,3.33315E+01,3.33315E+01,3.33315E+01,3.33315E+01,3.33315E+01,3.33315E+01,3.33315E+01,3.33315E+01,3.33315E+01,1.19863E+01,3.33315E+01,5.22708E+00,3.33315E+01,3.33315E+01,3.33315E+01,3.33315E+01,3.33315E+01,3.33315E+01,3.33315E+01,3.33315E+01,3.33315E+01,3.28907E+00,3.74809E-01 
#t = 1.848E+03
3.33315E+01,3.33315E+01,3.33315E+01,3.33315E+01,3.33315E+01,3.33315E+01,3.33315E+01,3.33315E+01,3.33315E+01,3.33315E+01,3.33315E+01,3.33315E+01,3.33315E+01,3.33315E+01,3.33315E+01,3.33315E+01,3.33315E+01,3.33315E+01,3.33315E+01,1.19863E+01,3.33315E+01,3.33315E+01,3.33315E+01,3.33315E+01,1.19863E+01,3.33315E+01,3.33315E+01,3.33315E+01,2.30236E+00,3.33315E+01,2.37635E+00,2.71656E+00 
#t = 1.890E+03
3.33315E+01,1.19863E+01,3.33315E+01,3.33315E+01,3.33315E+01,3.33315E+01,3.33315E+01,3.33315E+01,3.33315E+01,3.33315E+01,3.33315E+01,3.33315E+01,3.33315E+01,3.33315E+01,3.33315E+01,3.33315E+01,3.33315E+01,3.33315E+01,3.33315E+01,3.33315E+01,3.33315E+01,3.33315E+01,3.33315E+01,3.33315E+01,3.33315E+01,1.44836E+00,3.33315E+01,3.33315E+01,3.33315E+01,3.33315E+01,3.33315E+01,3.33315E+01 
#t = 1.932E+03
3.33315E+01,3.33315E+01,3.33315E+01,3.33315E+01,3.33315E+01,3.33315E+01,3.33315E+01,3.33315E+01,3.33315E+01,3.33315E+01,3.33315E+01,3.33315E+01,3.33315E+01,3.33315E+01,2.65399E+01,3.33315E+01,3.33315E+01,3.33315E+01,3.33315E+01,3.33315E+01,3.33315E+01,3.33315E+01,3.33315E+01,3.33315E+01,3.33315E+01,3.33315E+01,3.33315E+01,3.33315E+01,3.33315E+01,3.33315E+01,3.33315E+01,3.24419E-01,3.33315E+01,3.33315E+01,3.33315E+01,9.56025E+00,2.65399E+01,3.33315E+01,3.33315E+01,3.33315E+01,3.33315E+01,3.33315E+01,3.33315E+01,1.29822E+00,3.33315E+01,3.33315E+01,3.33315E+01,3.33315E+01,3.33315E+01,3.33315E+01,3.33315E+01,5.57103E+00,3.33315E+01,3.33315E+01 
#t = 1.974E+03
3.33315E+01,3.33315E+01,3.33315E+01,2.65399E+01,3.33315E+01,3.33315E+01,2.65399E+01,3.33315E+01,3.33315E+01,3.33315E+01,2.65399E+01,3.33315E+01,3.33315E+01,3.33315E+01,3.33315E+01,3.33315E+01,2.65399E+01,2.65399E+01,3.33315E+01,3.33315E+01,3.33315E+01,3.33315E+01,3.33315E+01,3.33315E+01,3.33315E+01,3.33315E+01,2.65399E+01,3.33315E+01,3.33315E+01,3.33315E+01,3.33315E+01,3.33315E+01,3.33315E+01,3.33315E+01,3.33315E+01,3.33315E+01,3.33315E+01,3.33315E+01,3.33315E+01,1.96959E+00,1.71570E+01,3.33315E+01,3.33315E+01,3.48716E-01,3.33315E+01,1.05456E+01,3.33315E+01,3.33315E+01,3.33315E+01 
#t = 2.016E+03
1.05456E+01,3.33315E+01,3.33315E+01,3.33315E+01,2.65399E+01,3.33315E+01,3.33315E+01,2.65399E+01,3.33315E+01,3.33315E+01,3.33315E+01,3.33315E+01,2.65399E+01,3.33315E+01,2.65399E+01,3.33315E+01,3.33315E+01,3.33315E+01,3.33315E+01,3.33315E+01,3.33315E+01,3.33315E+01,2.65399E+01,3.33315E+01,3.33315E+01,3.33315E+01,3.33315E+01,3.33315E+01,3.33315E+01,3.33315E+01,3.33315E+01,3.45893E+00,3.33315E+01,3.33315E+01,1.35619E+01,3.33315E+01,1.51550E+00 
#t = 2.058E+03
2.65399E+01,3.33315E+01,3.33315E+01,3.33315E+01,3.33315E+01,3.33315E+01,3.33315E+01,3.33315E+01,3.33315E+01,3.33315E+01,2.65399E+01,3.33315E+01,3.33315E+01,3.33315E+01,3.33315E+01,3.33315E+01,2.65399E+01,3.33315E+01,3.33315E+01,3.33315E+01,2.65399E+01,2.65399E+01,3.33315E+01,3.33315E+01,3.33315E+01,3.33315E+01,2.65399E+01,2.65399E+01,3.33315E+01,3.33315E+01 
#t = 2.100E+03
3.33315E+01,3.33315E+01,3.33315E+01,3.33315E+01,3.33315E+01,3.33315E+01,3.33315E+01,3.33315E+01,3.33315E+01,3.33315E+01,3.33315E+01,3.33315E+01,3.33315E+01,3.33315E+01,3.33315E+01,3.33315E+01,3.33315E+01,3.33315E+01,3.33315E+01,3.33315E+01,3.33315E+01,3.33315E+01,3.33315E+01,3.33315E+01,3.33315E+01,4.02383E+00,3.33315E+01,3.33315E+01,3.00322E+00,3.33315E+01,3.33315E+01,3.33315E+01,3.33315E+01,1.48045E+00,3.33315E+01,3.33315E+01,3.33315E+01 
#t = 2.142E+03
3.33315E+01,3.33315E+01,3.33315E+01,3.33315E+01,3.33315E+01,3.33315E+01,3.33315E+01,3.33315E+01,3.33315E+01,3.33315E+01,3.33315E+01,3.33315E+01,3.33315E+01,3.33315E+01,3.33315E+01,3.33315E+01,3.33315E+01,3.33315E+01,3.33315E+01,3.33315E+01,1.36605E+01,3.33315E+01,3.33315E+01,8.96995E+00,3.33315E+01,3.33315E+01,3.33315E+01,3.33315E+01,3.33315E+01,3.33315E+01,3.33315E+01 
#t = 2.184E+03
3.33315E+01,3.33315E+01,3.33315E+01,7.18932E+00,3.33315E+01,3.33315E+01,1.36605E+01,3.33315E+01,3.33315E+01,3.33315E+01,3.33315E+01,3.33315E+01,3.33315E+01,3.33315E+01,3.33315E+01,3.33315E+01,3.33315E+01,3.33315E+01,9.68068E-01,3.33315E+01,3.33315E+01,3.33315E+01,3.33315E+01,3.33315E+01,3.33315E+01 
#t = 2.226E+03
3.33315E+01,3.33315E+01,2.38924E+01,3.33315E+01,3.33315E+01,3.33315E+01,3.33315E+01,3.33315E+01,3.33315E+01,3.33315E+01,3.33315E+01,3.33315E+01,3.33315E+01,8.79154E-01,3.33315E+01,3.33315E+01,3.33315E+01,3.33315E+01,3.33315E+01,3.33315E+01,3.33315E+01,3.33315E+01,3.33315E+01,3.33315E+01,3.33315E+01,3.33315E+01,3.33315E+01,3.33315E+01,3.33315E+01,3.33315E+01,3.33315E+01,9.94698E-01,9.79620E-01,3.33315E+01,3.33315E+01,3.33315E+01,1.09887E+00 
#t = 2.268E+03
3.33315E+01,3.33315E+01,3.33315E+01,3.33315E+01,3.33315E+01,3.33315E+01,3.33315E+01,3.33315E+01,3.33315E+01,3.33315E+01,3.33315E+01,3.33315E+01,3.33315E+01,3.33315E+01,3.33315E+01,3.33315E+01,3.33315E+01,3.33315E+01,3.33315E+01,1.77281E+01,3.33315E+01,3.33315E+01,1.45090E+01,1.77281E+01,3.33315E+01,3.33315E+01,3.33315E+01,1.77281E+01,3.33315E+01,3.71145E-01 
#t = 2.310E+03
3.33315E+01,3.33315E+01,3.33315E+01,3.33315E+01,3.33315E+01,3.33315E+01,1.74854E+01,1.01968E+01,3.33315E+01,3.33315E+01,7.38102E+00,3.33315E+01,3.33315E+01,3.33315E+01,3.33315E+01,3.33315E+01,1.45090E+01,3.33315E+01,3.33315E+01,3.33315E+01,3.33315E+01,3.33315E+01,3.33315E+01,3.33315E+01,3.33315E+01,3.33315E+01,3.33315E+01,3.33315E+01,4.77279E-01,3.33315E+01,3.33315E+01,1.76546E+00,3.33315E+01 
#t = 2.352E+03
3.33315E+01,3.33315E+01,3.33315E+01,3.33315E+01,3.33315E+01,3.33315E+01,3.33315E+01,3.33315E+01,3.33315E+01,3.33315E+01,3.33315E+01,3.33315E+01,3.33315E+01,3.33315E+01,3.33315E+01,3.33315E+01,3.33315E+01,3.33315E+01,3.33315E+01,3.33315E+01,3.33315E+01,3.33315E+01,3.33315E+01,3.33315E+01,3.33315E+01,4.52146E+00,3.33315E+01,3.33315E+01,2.11734E+01,3.33315E+01,1.59378E+00,2.11734E+01,3.33315E+01,3.33315E+01,3.97037E+00,3.33315E+01,2.13354E+00,3.33315E+01,3.33315E+01,3.33315E+01,3.33315E+01,3.33315E+01,3.33315E+01,1.24775E+00 
#t = 2.394E+03
3.33315E+01,3.33315E+01,3.33315E+01,2.02842E+01,3.33315E+01,3.33315E+01,3.33315E+01,3.33315E+01,2.11734E+01,3.33315E+01,3.33315E+01,3.33315E+01,2.11734E+01,1.50512E+01,3.33315E+01,2.11734E+01,2.02842E+01,3.33315E+01,3.33315E+01,2.11734E+01,3.33315E+01,2.11734E+01,3.33315E+01,3.33315E+01,3.33315E+01,2.02842E+01,3.33315E+01,3.33315E+01,3.33315E+01,3.33315E+01,8.62049E-01,3.33315E+01,1.60847E+00 
#t = 2.436E+03
3.33315E+01,3.33315E+01,3.33315E+01,3.33315E+01,3.33315E+01,3.33315E+01,1.50512E+01,3.33315E+01,1.78627E+01,3.33315E+01,3.33315E+01,3.33315E+01,3.33315E+01,1.21399E+01,3.33315E+01,3.33315E+01,3.33315E+01,3.33315E+01,3.33315E+01,3.33315E+01,3.33315E+01,3.33315E+01,3.33315E+01,3.33315E+01,3.33315E+01,3.33315E+01,7.41113E+00,3.33315E+01,3.33315E+01,3.33315E+01,3.33315E+01,3.33315E+01,3.33315E+01,3.33315E+01 
#t = 2.478E+03
3.33315E+01,3.33315E+01,3.33315E+01,3.33315E+01,3.33315E+01,3.33315E+01,3.33315E+01,3.33315E+01,3.33315E+01,9.13796E-01,1.45435E+01,3.33315E+01,3.33315E+01,3.33315E+01,3.33315E+01,3.33315E+01,3.33315E+01,9.08897E-01,6.41126E-01,7.69139E+00,3.33315E+01,3.33315E+01 
#t = 2.520E+03
3.33315E+01,1.45435E+01,3.33315E+01,3.33315E+01,3.33315E+01,3.33315E+01,3.33315E+01,1.45435E+01,3.33315E+01,3.33315E+01,3.33315E+01,3.33315E+01,3.33315E+01,3.33315E+01,3.33315E+01,3.33315E+01,3.33315E+01,3.33315E+01,3.33315E+01,3.33315E+01,3.33315E+01,3.33315E+01,3.33315E+01,3.33315E+01,3.33315E+01,3.33315E+01,3.33315E+01,3.33315E+01,3.33315E+01,3.33315E+01,3.33315E+01,7.99837E+00,3.33315E+01 
#t = 2.562E+03
3.33315E+01,3.33315E+01,3.33315E+01,3.33315E+01,3.33315E+01,1.45435E+01,3.33315E+01,3.33315E+01,3.33315E+01,3.33315E+01,3.33315E+01,3.33315E+01,3.33315E+01,3.33315E+01,3.33315E+01,3.33315E+01,3.33315E+01,3.33315E+01,3.33315E+01,3.33315E+01,3.33315E+01,3.33315E+01,3.33315E+01,3.33315E+01,3.33315E+01,2.99086E+00,3.33315E+01,1.45435E+01,6.51912E+00,3.33315E+01,1.45435E+01,3.64513E+00,1.45435E+01,3.33315E+01,3.33315E+01,3.96925E+00 
#t = 2.604E+03
3.33315E+01,3.33315E+01,3.33315E+01,3.33315E+01,3.33315E+01,3.33315E+01,3.33315E+01,3.33315E+01,3.33315E+01,3.33315E+01,3.33315E+01,3.33315E+01,3.33315E+01,3.33315E+01,3.33315E+01,3.33315E+01,3.33315E+01,3.33315E+01,3.33315E+01,3.33315E+01,3.33315E+01,3.33315E+01,3.33315E+01,3.33315E+01,3.33315E+01,3.33315E+01,3.33315E+01,3.33315E+01,3.33315E+01,3.33315E+01,3.33315E+01,3.33315E+01,3.33315E+01,3.42815E+00,3.33315E+01,3.33315E+01,3.33315E+01,3.33315E+01,3.33315E+01,3.79205E-01,3.33315E+01,1.54754E+01,3.33315E+01 
#t = 2.646E+03
3.33315E+01,3.33315E+01,3.33315E+01,3.33315E+01,1.40028E+01,3.33315E+01,3.33315E+01,3.33315E+01,1.40028E+01,3.33315E+01,3.33315E+01,3.33315E+01,3.33315E+01,3.33315E+01,3.33315E+01,3.33315E+01,3.33315E+01,3.33315E+01,3.33315E+01,3.33315E+01,3.33315E+01,1.40028E+01,3.33315E+01,3.33315E+01,3.33315E+01,3.33315E+01,3.33315E+01,3.33315E+01,3.33315E+01,3.33315E+01,3.33315E+01,3.33315E+01,3.33315E+01 
#t = 2.688E+03
3.33315E+01,3.33315E+01,3.33315E+01,3.33315E+01,3.33315E+01,3.33315E+01,3.33315E+01,3.33315E+01,3.33315E+01,3.33315E+01,3.33315E+01,3.33315E+01,5.28517E+00,7.65127E+00,3.33315E+01,9.60500E-01,3.33315E+01,3.33315E+01,7.09436E+00,3.03087E+00,3.33315E+01,6.58356E+00,1.40203E+01,3.44530E-01 
#t = 2.730E+03
3.33315E+01,5.25236E+01,3.33315E+01,3.33315E+01,3.33315E+01,3.33315E+01,3.33315E+01,5.25236E+01,3.33315E+01,3.33315E+01,3.33315E+01,5.25236E+01,3.33315E+01,3.33315E+01,4.56091E+00,3.33315E+01,3.33315E+01,4.27504E+00,3.33315E+01,3.33315E+01,3.33315E+01,3.33315E+01,3.33315E+01,3.33315E+01,3.33315E+01,3.33315E+01,3.33315E+01,3.33315E+01,3.33315E+01,3.33315E+01,3.33315E+01,4.34621E-01,5.02023E+00,3.33315E+01 
#t = 2.772E+03
3.33315E+01,3.33315E+01,5.25236E+01,3.33315E+01,5.25236E+01,3.33315E+01,3.33315E+01,3.33315E+01,3.33315E+01,3.33315E+01,1.17702E+01,5.25236E+01,5.25236E+01,3.33315E+01,5.25236E+01,4.43584E+00,5.25236E+01,3.33315E+01,3.33315E+01,3.33315E+01,5.25236E+01,3.33315E+01,5.25236E+01,3.63745E+00,6.17516E-01,4.71284E+00,3.33315E+01,3.33315E+01,5.25236E+01,5.25236E+01,5.25236E+01 
#t = 2.814E+03
1.17702E+01,5.25236E+01,5.25236E+01,5.25236E+01,5.25236E+01,3.33315E+01,5.25236E+01,5.25236E+01,5.25236E+01,5.25236E+01,5.25236E+01,5.25236E+01,5.25236E+01,5.25236E+01,3.33315E+01,5.25236E+01,5.25236E+01,5.25236E+01,5.25236E+01,3.33315E+01,5.25236E+01,5.25236E+01,7.44429E+00,5.25236E+01,3.33315E+01,5.25236E+01,3.33315E+01,3.33315E+01,3.33315E+01,5.25236E+01,5.25236E+01,5.25236E+01,5.25236E+01,3.12770E+00,5.25236E+01,7.21903E+00 
#t = 2.856E+03
1.17702E+01,3.33315E+01,5.25236E+01,5.25236E+01,3.33315E+01,5.25236E+01,5.25236E+01,5.25236E+01,5.25236E+01,5.25236E+01,5.25236E+01,5.25236E+01,8.67603E+00,3.33315E+01,5.25236E+01,5.25236E+01,5.25236E+01,5.25236E+01,5.25236E+01,5.25236E+01,3.33315E+01,5.25236E+01,5.25236E+01,5.25236E+01,5.25236E+01,5.25236E+01,5.25236E+01,5.25236E+01,5.25236E+01,7.10185E+00,5.25236E+01,5.25236E+01,1.03475E+00 
#t = 2.898E+03
3.33315E+01,5.25236E+01,5.25236E+01,5.25236E+01,5.25236E+01,3.33315E+01,3.33315E+01,5.25236E+01,3.33315E+01,5.25236E+01,3.33315E+01,5.25236E+01,5.25236E+01,5.25236E+01,3.33315E+01,5.25236E+01,5.25236E+01,5.25236E+01,3.33315E+01,5.25236E+01,5.25236E+01,3.33315E+01,5.25236E+01,3.33315E+01,5.25236E+01,5.25236E+01,3.33315E+01,3.33315E+01,5.35560E+00,5.25236E+01,5.25236E+01,5.25236E+01,3.33315E+01,5.25236E+01,5.25236E+01,5.25236E+01,3.33315E+01,9.89046E-01,5.25236E+01,3.33315E+01,5.25236E+01,3.33315E+01 
#t = 2.940E+03
3.33315E+01,5.25236E+01,5.25236E+01,3.33315E+01,3.33315E+01,5.25236E+01,5.25236E+01,3.33315E+01,5.25236E+01,5.25236E+01,3.33315E+01,5.25236E+01,3.33315E+01,5.25236E+01,5.25236E+01,5.25236E+01,1.09048E+01,5.25236E+01,5.25236E+01,5.25236E+01,2.39392E+01,5.25236E+01,3.33315E+01,5.25236E+01,5.25236E+01,5.25236E+01,5.25236E+01,3.33315E+01,3.33315E+01,5.25236E+01,5.25236E+01,5.25236E+01,1.12539E+01,5.25236E+01,5.25236E+01,3.33315E+01,4.14607E+00,5.25236E+01 
#t = 2.982E+03
5.25236E+01,5.25236E+01,3.33315E+01,3.33315E+01,3.33315E+01,3.33315E+01,5.25236E+01,3.33315E+01,5.25236E+01,5.25236E+01,5.25236E+01,3.33315E+01,3.33315E+01,1.12539E+01,3.33315E+01,5.25236E+01,5.25236E+01,3.33315E+01,3.33315E+01,5.25236E+01,5.25236E+01,5.25236E+01,7.32847E+00,5.96743E+00,5.25236E+01,3.33315E+01,5.25236E+01 
#t = 3.024E+03
5.25236E+01,3.33315E+01,5.25236E+01,3.33315E+01,3.33315E+01,3.33315E+01,3.33315E+01,3.33315E+01,5.25236E+01,5.25236E+01,5.25236E+01,5.25236E+01,5.25236E+01,5.25236E+01,5.25236E+01,5.25236E+01,3.33315E+01,5.25236E+01,5.25236E+01,5.25236E+01,3.33315E+01,5.25236E+01,5.25236E+01,2.78554E+00,2.74284E+01,6.51097E+00,3.33315E+01,3.33315E+01,1.11236E+01,1.07320E+01,5.25236E+01,2.57031E+00,3.33315E+01,5.25236E+01,5.25236E+01,5.25236E+01 
#t = 3.066E+03
5.25236E+01,5.25236E+01,5.25236E+01,5.25236E+01,5.25236E+01,5.25236E+01,1.01762E+01,2.74284E+01,2.74284E+01,5.25236E+01,2.74284E+01,1.34478E+01,5.25236E+01,2.74284E+01,1.34478E+01,1.34478E+01,1.54237E+02,3.33485E+01,2.74284E+01,5.25236E+01,5.25236E+01,2.74284E+01,2.07900E+00,5.25236E+01,2.74284E+01,3.33315E+01,5.25236E+01,7.22348E+00,1.34478E+01,2.74284E+01,5.25236E+01,1.34478E+01,5.25236E+01,1.57961E+00,9.83003E+00,3.33315E+01,5.25236E+01,5.25236E+01,2.42041E+00,5.25236E+01,5.25236E+01 
#t = 3.108E+03
5.25236E+01,2.74284E+01,1.34478E+01,5.25236E+01,5.25236E+01,1.34478E+01,5.25236E+01,1.08099E+01,1.34478E+01,5.25236E+01,5.25236E+01,5.25236E+01,1.34478E+01,5.25236E+01,5.25236E+01,1.34478E+01,5.25236E+01,5.25236E+01,5.25236E+01,5.25236E+01,5.25236E+01,5.25236E+01,5.25236E+01,5.25236E+01,5.25236E+01,5.25236E+01,5.25236E+01,5.25236E+01,5.25236E+01,5.25236E+01,2.74284E+01,5.25236E+01,5.25236E+01,5.25236E+01,1.34478E+01,5.25236E+01,5.25236E+01 
#t = 3.150E+03
5.25236E+01,2.74284E+01,5.25236E+01,5.25236E+01,5.25236E+01,5.25236E+01,5.25236E+01,5.25236E+01,5.25236E+01,5.25236E+01,5.25236E+01,5.25236E+01,5.25236E+01,5.25236E+01,5.25236E+01,5.25236E+01,5.25236E+01,5.25236E+01,5.25236E+01,5.25236E+01,5.25236E+01,5.25236E+01,5.25236E+01,5.25236E+01,5.25236E+01,5.25236E+01,5.25236E+01,5.25236E+01,2.69737E+00,5.25236E+01,5.25236E+01,5.25236E+01,5.25236E+01,5.25236E+01,5.25236E+01,5.25236E+01,5.25236E+01,5.25236E+01,5.25236E+01,5.25236E+01 
#t = 3.192E+03
5.25236E+01,5.25236E+01,5.25236E+01,5.25236E+01,5.25236E+01,5.25236E+01,5.25236E+01,5.25236E+01,5.25236E+01,5.25236E+01,5.25236E+01,5.25236E+01,5.25236E+01,5.25236E+01,5.25236E+01,5.25236E+01,5.25236E+01,5.25236E+01,5.25236E+01,5.25236E+01,5.25236E+01,5.25236E+01,5.25236E+01,5.25236E+01,5.25236E+01,5.25236E+01,5.25236E+01,5.25236E+01,5.25236E+01,5.25236E+01,5.25236E+01,5.94454E+00,5.25236E+01,5.25236E+01,5.25236E+01,5.25236E+01,5.25236E+01,5.25236E+01,5.25236E+01,5.25236E+01,5.25236E+01,5.25236E+01,5.25236E+01,5.25236E+01,1.96681E+00,5.25236E+01,2.86200E+00,5.25236E+01,5.25236E+01,5.25236E+01 
#t = 3.234E+03
5.25236E+01,5.25236E+01,5.25236E+01,5.25236E+01,5.25236E+01,5.25236E+01,5.25236E+01,5.25236E+01,5.25236E+01,5.25236E+01,5.25236E+01,5.25236E+01,5.25236E+01,5.25236E+01,5.25236E+01,5.25236E+01,9.70204E+00,5.25236E+01,5.25236E+01,5.25236E+01,5.25236E+01,5.25236E+01,5.25236E+01,5.25236E+01,5.25236E+01,5.25236E+01,5.25236E+01,5.25236E+01,5.25236E+01,5.25236E+01,5.25236E+01,5.25236E+01,5.25236E+01,3.80512E+00 
#t = 3.276E+03
5.25236E+01,5.25236E+01,5.25236E+01,1.96192E+01,5.25236E+01,5.25236E+01,5.25236E+01,5.25236E+01,5.25236E+01,5.25236E+01,5.25236E+01,5.25236E+01,7.18956E+00,5.25236E+01,5.25236E+01,5.25236E+01,5.25236E+01,5.25236E+01,5.25236E+01,7.37932E+00,5.25236E+01,5.25236E+01,5.25236E+01,7.35597E+00,3.06793E+00 
#t = 3.318E+03
5.25236E+01,5.25236E+01,5.25236E+01,5.25236E+01,5.25236E+01,5.25236E+01,5.25236E+01,1.96192E+01,5.25236E+01,5.25236E+01,5.25236E+01,5.25236E+01,1.96192E+01,5.25236E+01,5.25236E+01,5.25236E+01,5.25236E+01,5.25236E+01,5.25236E+01,5.25236E+01,5.25236E+01,5.25236E+01,5.25236E+01,5.25236E+01,5.25236E+01,5.25236E+01,5.25236E+01,5.25236E+01,5.25236E+01,5.25236E+01,5.25236E+01,1.96192E+01,5.25236E+01,5.25236E+01,5.25236E+01,5.25236E+01,2.01123E+00,5.25236E+01,7.29730E+00,2.15702E+00,5.25236E+01 
#t = 3.360E+03
5.25236E+01,5.25236E+01,5.25236E+01,5.25236E+01,5.25236E+01,5.25236E+01,5.25236E+01,5.25236E+01,5.25236E+01,5.25236E+01,5.25236E+01,5.25236E+01,5.25236E+01,5.25236E+01,5.25236E+01,5.25236E+01,5.25236E+01,5.25236E+01,3.18862E+00,5.25236E+01,5.25236E+01,5.25236E+01,5.25236E+01,5.25236E+01,5.25236E+01,5.25236E+01,5.25236E+01,5.25236E+01,5.25236E+01,5.25236E+01,5.25236E+01,5.25236E+01,5.25236E+01,5.25236E+01,5.25236E+01,5.25236E+01,1.64122E+01,5.25236E+01,1.64122E+01,2.50238E+00,5.25236E+01,5.25236E+01,2.36246E+00,5.25236E+01,5.25236E+01 
#t = 3.402E+03
5.25236E+01,1.64122E+01,5.25236E+01,5.25236E+01,5.25236E+01,5.25236E+01,5.25236E+01,5.25236E+01,5.25236E+01,5.25236E+01,5.25236E+01,5.25236E+01,5.25236E+01,5.25236E+01,5.25236E+01,5.25236E+01,5.25236E+01,5.25236E+01,5.25236E+01,5.25236E+01,5.25236E+01,5.25236E+01,5.25236E+01,5.25236E+01,5.25236E+01,5.25236E+01,5.25236E+01,5.25236E+01,5.25236E+01,1.64122E+01,5.25236E+01,5.16820E-01,5.25236E+01,5.25236E+01,5.25236E+01,5.25236E+01,5.25236E+01,5.25236E+01,1.90149E-01,7.01740E-01,5.25236E+01,5.25236E+01,3.34660E-01,5.25236E+01 
#t = 3.444E+03
5.25236E+01,5.25236E+01,5.25236E+01,5.25236E+01,5.25236E+01,5.25236E+01,5.25236E+01,5.25236E+01,5.25236E+01,5.25236E+01,5.25236E+01,5.25236E+01,5.25236E+01,5.25236E+01,5.25236E+01,5.25236E+01,5.25236E+01,5.25236E+01,5.25236E+01,5.25236E+01,5.25236E+01,5.25236E+01,5.25236E+01,5.25236E+01,5.25236E+01,5.25236E+01,5.25236E+01,5.25236E+01,5.25236E+01,5.25236E+01,5.25236E+01,5.25236E+01,5.25236E+01,1.27094E+01,5.25236E+01,5.25236E+01,5.25236E+01,5.25236E+01,5.25236E+01,5.25236E+01,5.25236E+01,5.25236E+01,5.25236E+01,1.26338E+00 
#t = 3.486E+03
5.25236E+01,5.25236E+01,5.25236E+01,5.25236E+01,5.25236E+01,5.25236E+01,5.25236E+01,5.25236E+01,5.25236E+01,5.25236E+01,5.25236E+01,5.25236E+01,5.25236E+01,5.25236E+01,5.25236E+01,5.25236E+01,5.25236E+01,5.25236E+01,5.25236E+01,5.25236E+01,5.25236E+01,5.25236E+01,5.25236E+01,5.25236E+01,5.25236E+01,5.25236E+01,5.25236E+01,5.25236E+01,5.25236E+01,5.25236E+01,5.25236E+01,5.25236E+01,5.25236E+01,5.25236E+01,5.25236E+01,2.50774E+00,5.25236E+01,5.25236E+01,5.25236E+01,5.25236E+01,5.25236E+01,5.25236E+01,5.25236E+01,5.25236E+01,3.81930E+00,5.25236E+01,9.88193E-01 
#t = 3.528E+03
5.25236E+01,5.25236E+01,5.25236E+01,5.25236E+01,5.25236E+01,5.25236E+01,5.25236E+01,5.25236E+01,5.25236E+01,5.25236E+01,5.25236E+01,5.25236E+01,5.25236E+01,5.25236E+01,5.25236E+01,5.25236E+01,4.51625E-01,5.25236E+01,5.25236E+01,5.25236E+01,5.25236E+01,5.25236E+01,5.25236E+01,5.25236E+01,5.25236E+01,5.25236E+01,5.25236E+01,5.25236E+01,5.25236E+01,5.25236E+01,2.08453E+00,5.25236E+01,5.25236E+01,5.25236E+01,5.25236E+01,5.25236E+01,5.25236E+01,5.25236E+01,5.25236E+01,5.25236E+01 
#t = 3.570E+03
5.25236E+01,5.25236E+01,5.25236E+01,5.25236E+01,5.25236E+01,5.25236E+01,5.25236E+01,5.25236E+01,5.25236E+01,5.25236E+01,1.26920E+01,5.25236E+01,5.25236E+01,5.25236E+01,5.25236E+01,5.25236E+01,5.25236E+01,5.25236E+01,5.25236E+01,5.25236E+01,5.25236E+01,6.17356E+00,5.25236E+01,5.25236E+01,5.25236E+01,5.25236E+01,5.25236E+01,5.25236E+01,5.25236E+01,5.25236E+01,5.25236E+01,5.25236E+01,5.25236E+01,5.25236E+01,5.25236E+01,5.25236E+01,5.25236E+01 
#t = 3.612E+03
5.25236E+01,5.25236E+01,5.25236E+01,5.25236E+01,5.25236E+01,5.25236E+01,5.25236E+01,5.25236E+01,5.25236E+01,5.25236E+01,5.25236E+01,5.25236E+01,5.25236E+01,5.25236E+01,5.25236E+01,5.25236E+01,5.25236E+01,5.25236E+01,5.25236E+01,5.25236E+01,5.25236E+01,5.25236E+01,5.25236E+01,1.16600E+01,1.13200E+01,5.25236E+01,1.13200E+01,5.25236E+01,5.25236E+01,5.25236E+01,5.25236E+01,5.25236E+01,5.25236E+01,5.25236E+01,5.25236E+01,5.25236E+01,5.25236E+01,5.25236E+01,7.24635E+00,5.25236E+01,5.25236E+01,5.25236E+01,5.25236E+01,5.25236E+01,5.25236E+01,5.25236E+01,3.96022E-01 
#t = 3.654E+03
5.25236E+01,5.25236E+01,5.25236E+01,5.25236E+01,5.25236E+01,5.25236E+01,5.25236E+01,5.25236E+01,5.25236E+01,5.25236E+01,5.25236E+01,2.88902E+01,5.25236E+01,5.25236E+01,5.25236E+01,5.25236E+01,5.25236E+01,5.25236E+01,1.34257E+01,5.25236E+01,5.25236E+01,2.88902E+01,5.25236E+01,6.91750E+00,5.25236E+01,5.25236E+01,2.88902E+01,5.25236E+01,5.25236E+01,5.25236E+01,5.25236E+01,5.25236E+01,3.01778E+00,5.51294E+00,5.25236E+01,5.25236E+01,5.25236E+01,5.25236E+01,5.25236E+01,5.25236E+01,2.63705E+01,5.25236E+01,5.25236E+01 
#t = 3.696E+03
5.25236E+01,5.25236E+01,5.25236E+01,5.25236E+01,2.88902E+01,5.25236E+01,5.25236E+01,1.25675E+01,5.25236E+01,5.25236E+01,5.25236E+01,5.25236E+01,2.88902E+01,5.25236E+01,2.88902E+01,5.25236E+01,5.25236E+01,5.25236E+01,2.88902E+01,5.25236E+01,2.88902E+01,5.25236E+01,5.25236E+01,5.25236E+01,5.25236E+01,5.25236E+01,5.25236E+01,5.25236E+01,5.25236E+01,5.25236E+01,5.25236E+01,5.25236E+01,5.25236E+01,5.25236E+01,2.88902E+01,4.79716E+00,5.25236E+01,3.70105E+00,5.25236E+01,5.25236E+01 
#t = 3.738E+03
5.25236E+01,5.25236E+01,5.25236E+01,5.25236E+01,5.25236E+01,5.25236E+01,5.25236E+01,5.25236E+01,5.25236E+01,5.25236E+01,5.25236E+01,5.25236E+01,5.25236E+01,1.19922E+01,5.25236E+01,5.25236E+01,5.25236E+01,5.25236E+01,1.64088E+01,5.25236E+01,5.25236E+01,1.78859E+01,5.25236E+01,5.25236E+01,5.25236E+01,5.25236E+01,5.25236E+01,5.25236E+01,5.25236E+01,5.25236E+01,5.25236E+01,5.25236E+01,5.25236E+01,5.25236E+01,5.25236E+01,5.25236E+01,5.25236E+01,5.25236E+01,5.25236E+01,5.25236E+01,5.25236E+01,5.25236E+01,5.25236E+01,5.25236E+01 
#t = 3.780E+03
5.25236E+01,5.25236E+01,5.25236E+01,5.25236E+01,5.25236E+01,5.25236E+01,5.25236E+01,5.25236E+01,5.25236E+01,5.25236E+01,5.25236E+01,1.19922E+01,5.25236E+01,5.25236E+01,5.25236E+01,5.25236E+01,5.25236E+01,5.25236E+01,5.25236E+01,5.25236E+01,5.25236E+01,5.25236E+01,1.19922E+01,5.25236E+01,5.25236E+01,5.25236E+01,5.25236E+01,5.25236E+01,7.63224E-01,5.25236E+01,5.25236E+01,5.25236E+01,5.25236E+01,5.25236E+01,5.25236E+01,2.32879E+00,5.25236E+01,5.25236E+01,5.25236E+01,1.19922E+01,5.25236E+01,5.25236E+01,5.34854E+00,5.25236E+01,1.19922E+01 
#t = 3.822E+03
5.25236E+01,5.25236E+01,5.25236E+01,5.25236E+01,5.25236E+01,5.25236E+01,5.25236E+01,5.25236E+01,7.60103E+00,5.25236E+01,5.25236E+01,5.25236E+01,5.25236E+01,5.25236E+01,5.25236E+01,5.25236E+01,5.25236E+01,5.25236E+01,5.25236E+01,5.25236E+01,5.25236E+01,5.25236E+01,5.25236E+01,5.25236E+01,5.25236E+01,5.25236E+01,5.25236E+01,5.25236E+01,5.25236E+01,1.03702E+00,5.25236E+01,5.95687E+00,5.25236E+01,8.64700E-01,5.25236E+01,1.77528E+00,5.25236E+01 
#t = 3.864E+03
5.25236E+01,5.25236E+01,5.25236E+01,5.25236E+01,5.25236E+01,5.25236E+01,5.25236E+01,5.25236E+01,5.25236E+01,5.25236E+01,5.25236E+01,5.25236E+01,5.25236E+01,5.25236E+01,5.25236E+01,5.25236E+01,5.25236E+01,5.25236E+01,5.25236E+01,5.25236E+01,5.25236E+01,5.25236E+01,5.25236E+01,5.25236E+01,5.25236E+01,5.25236E+01,5.25236E+01,5.25236E+01,5.25236E+01,5.25236E+01,5.25236E+01,5.25236E+01,5.25236E+01,5.25236E+01 
#t = 3.906E+03
5.25236E+01,5.25236E+01,5.25236E+01,5.25236E+01,5.25236E+01,5.25236E+01,1.48805E+01,5.25236E+01,5.25236E+01,5.25236E+01,5.25236E+01,5.25236E+01,5.25236E+01,5.25236E+01,5.25236E+01,5.25236E+01,5.25236E+01,5.25236E+01,5.25236E+01,5.25236E+01,5.25236E+01,5.25236E+01,5.25236E+01,5.25236E+01,5.25236E+01,4.21935E+00,5.25236E+01,3.32007E+00,5.25236E+01,5.25236E+01,5.25236E+01,4.44881E+00,5.25236E+01,5.25236E+01,5.25236E+01,5.25236E+01,5.25236E+01,5.25236E+01 
#t = 3.948E+03
5.25236E+01,5.25236E+01,5.25236E+01,5.25236E+01,5.25236E+01,5.25236E+01,5.25236E+01,5.25236E+01,5.25236E+01,5.25236E+01,5.25236E+01,5.25236E+01,5.25236E+01,5.25236E+01,5.25236E+01,5.25236E+01,5.25236E+01,5.25236E+01,5.25236E+01,5.25236E+01,5.25236E+01,5.25236E+01,5.25236E+01,5.25236E+01,5.25236E+01,5.25236E+01,5.25236E+01,4.73463E+00,5.25236E+01,5.25236E+01,5.25236E+01,5.25236E+01,5.25236E+01,5.25236E+01,5.25236E+01,5.25236E+01,5.25236E+01,5.25236E+01,5.25236E+01,5.25236E+01,5.07170E+00 
#t = 3.990E+03
5.25236E+01,5.25236E+01,5.25236E+01,5.25236E+01,5.25236E+01,5.25236E+01,5.25236E+01,5.25236E+01,5.25236E+01,5.25236E+01,5.25236E+01,5.25236E+01,5.25236E+01,5.25236E+01,5.25236E+01,5.25236E+01,5.25236E+01,5.25236E+01,5.25236E+01,5.25236E+01,5.25236E+01,5.25236E+01,7.93014E+00,5.25236E+01,5.25236E+01,5.25236E+01,5.25236E+01,5.25236E+01,5.25236E+01,5.25236E+01,5.25236E+01,5.25236E+01,5.25236E+01,5.25236E+01,5.25236E+01,5.25236E+01,4.70382E-01,5.25236E+01,5.25236E+01,5.25236E+01 
#t = 4.032E+03
5.25236E+01,5.25236E+01,5.25236E+01,5.25236E+01,5.25236E+01,5.25236E+01,5.25236E+01,5.25236E+01,5.25236E+01,5.25236E+01,5.25236E+01,5.25236E+01,1.04682E+01,5.25236E+01,5.25236E+01,5.25236E+01,5.25236E+01,5.25236E+01,5.25236E+01,5.25236E+01,5.25236E+01,5.25236E+01,5.25236E+01,5.25236E+01,5.25236E+01,5.25236E+01,5.25236E+01,5.25236E+01,5.25236E+01,5.25236E+01,5.25236E+01,5.25236E+01,5.25236E+01,5.25236E+01,5.25236E+01,5.25236E+01,5.25236E+01,5.25236E+01,5.25236E+01,5.25236E+01,5.25236E+01,2.94300E+00,5.25236E+01,5.25236E+01,5.25236E+01,5.25236E+01,5.25236E+01,4.01527E-01 
#t = 4.074E+03
5.25236E+01,5.25236E+01,1.04682E+01,5.25236E+01,5.25236E+01,5.25236E+01,5.25236E+01,5.25236E+01,5.25236E+01,5.25236E+01,5.25236E+01,5.25236E+01,5.25236E+01,5.25236E+01,5.25236E+01,5.25236E+01,5.25236E+01,5.25236E+01,5.25236E+01,5.25236E+01,5.25236E+01,5.25236E+01,5.25236E+01,5.25236E+01,5.25236E+01,5.25236E+01,5.25236E+01,5.25236E+01,5.25236E+01,5.25236E+01,5.25236E+01,1.04682E+01,5.25236E+01,5.85120E-01,6.27832E-01,4.87159E-01,5.25236E+01,5.25236E+01 
#t = 4.116E+03
5.25236E+01,5.25236E+01,5.25236E+01,5.25236E+01,1.04682E+01,5.25236E+01,5.25236E+01,5.25236E+01,5.25236E+01,5.25236E+01,5.25236E+01,5.25236E+01,5.25236E+01,5.25236E+01,5.25236E+01,5.25236E+01,5.25236E+01,5.25236E+01,5.25236E+01,5.25236E+01,5.25236E+01,5.25236E+01,5.25236E+01,5.25236E+01,5.25236E+01,5.25236E+01,5.25236E+01,5.25236E+01,5.25236E+01,5.25236E+01,5.25236E+01,3.28879E+01,5.25236E+01,5.25236E+01,5.25236E+01,5.25236E+01,5.25236E+01,5.25236E+01,5.25236E+01,5.25236E+01,5.25236E+01,5.25236E+01,5.25236E+01,5.25236E+01,5.25236E+01,5.25236E+01,5.25236E+01,5.25236E+01,5.25236E+01,1.94246E+00,5.25236E+01,5.25236E+01,5.25236E+01 
#t = 4.158E+03
5.25236E+01,5.25236E+01,5.25236E+01,5.25236E+01,5.25236E+01,5.25236E+01,5.25236E+01,1.00394E+01,5.25236E+01,5.25236E+01,5.25236E+01,5.25236E+01,5.25236E+01,5.25236E+01,5.25236E+01,5.25236E+01,5.25236E+01,5.25236E+01,5.25236E+01,5.25236E+01,5.25236E+01,5.25236E+01,5.25236E+01,5.25236E+01,5.25236E+01,5.25236E+01,5.25236E+01,5.25236E+01,5.25236E+01,5.25236E+01,5.25236E+01,5.25236E+01,5.25236E+01,5.25236E+01,5.25236E+01 
#t = 4.200E+03
5.25236E+01,5.25236E+01,5.25236E+01,5.25236E+01,5.25236E+01,5.25236E+01,9.44964E+00,5.25236E+01,2.04113E+01,5.25236E+01,5.25236E+01,5.25236E+01,5.25236E+01,5.25236E+01,1.77662E+01,5.25236E+01,5.25236E+01,5.25236E+01,5.25236E+01,5.25236E+01,5.25236E+01,5.25236E+01,5.25236E+01,5.25236E+01,5.25236E+01,5.25236E+01,5.25236E+01,5.25236E+01,5.25236E+01,5.25236E+01,5.25236E+01,5.25236E+01,5.25236E+01,5.25236E+01,5.25236E+01,5.25236E+01,5.25236E+01,5.25236E+01,5.25236E+01 
