#t = 0.000E+00
5.59180E-01,8.94413E-01,1.34305E+00,7.39768E+00,6.76629E+00 
#t = 4.200E+01
1.08768E+01,1.08768E+01,1.08768E+01,1.04132E+01,4.32380E+00,5.73278E+00,1.08768E+01,3.22796E+00,7.11345E+00,1.09361E+00 
#t = 8.400E+01
1.08768E+01,1.08768E+01,1.37072E+01,3.89973E-01,1.37072E+01,6.21110E+00 
#t = 1.260E+02
-9.99900E+03
#t = 1.680E+02
1.30941E+01,1.30941E+01,1.30941E+01,3.75871E+00,7.40787E-01,4.49507E+00,3.94144E-01,2.40576E+00 
#t = 2.100E+02
7.14280E-01,1.50773E+00 
#t = 2.520E+02
8.10056E-01,3.06883E+00,1.83939E+00,4.93333E+00 
#t = 2.940E+02
9.34166E+00,3.46095E+01,2.97100E+00,3.46095E+01,3.19122E+00 
#t = 3.360E+02
1.49909E+01,6.26825E+00,1.58434E+00 
#t = 3.780E+02
1.54532E+01,1.03598E+01,6.58291E+00,5.69890E+00,2.27082E+00,4.01827E+00,3.46309E+00,6.89607E-01 
#t = 4.200E+02
1.00925E+01,7.99369E+00,1.54532E+01,7.59522E+00,8.16076E-01 
#t = 4.620E+02
1.54532E+01,1.54532E+01,1.54532E+01,9.66508E-01,2.45960E+01,1.54532E+01 
#t = 5.040E+02
1.54532E+01,1.23761E+01,1.54532E+01,1.54532E+01,1.54532E+01,3.28724E+00,1.54532E+01,1.23761E+01,7.33822E+00,1.54532E+01,1.23761E+01,2.12733E+00,1.54532E+01,4.02452E-01,1.54532E+01 
#t = 5.460E+02
2.66044E+00,3.75677E+00 
#t = 5.880E+02
1.22137E+01,5.16155E+00,1.01125E+00 
#t = 6.300E+02
3.59058E+00,1.52012E+00,9.44446E-01,4.97968E+00 
#t = 6.720E+02
1.59042E+01,1.59042E+01,1.59042E+01,1.20027E+01,1.20027E+01,1.59042E+01,2.32734E+01,2.32734E+01,4.62293E+00,2.32734E+01,4.11747E+00,1.20027E+01,2.44201E+00,2.06168E+00,3.65964E+00,1.59042E+01 
#t = 7.140E+02
1.59042E+01,1.59042E+01,5.11924E+00,1.14600E+00 
#t = 7.560E+02
1.03570E+01,4.05440E+00,1.03570E+01,2.57411E+00,1.53174E+00,1.40648E+00 
#t = 7.980E+02
1.03570E+01,5.67676E+00,1.88185E+01,1.03570E+01,3.30790E+00 
#t = 8.400E+02
1.03804E+01,1.03804E+01,2.67964E+00,2.13800E+00 
#t = 8.820E+02
5.71169E+00,4.10154E-01 
#t = 9.240E+02
8.17940E+00,3.89383E+00,4.92755E+00 
#t = 9.660E+02
1.18640E+01 
#t = 1.008E+03
3.18652E+00 
#t = 1.050E+03
6.43812E+00,8.32579E+00,1.23568E+01 
#t = 1.092E+03
1.23568E+01,1.15230E+01,8.58753E+00,1.53860E+00,2.87452E+00,7.47079E+00,5.51453E-01,4.79136E+00,4.34574E+00,1.52306E+00 
#t = 1.134E+03
-9.99900E+03
#t = 1.176E+03
1.53444E+01,5.35469E-01,2.16198E-01 
#t = 1.218E+03
2.49474E+00 
#t = 1.260E+03
6.38562E+00,1.72875E+00,6.60337E+00 
#t = 1.302E+03
-9.99900E+03
#t = 1.344E+03
3.83569E+00,7.44436E+00 
#t = 1.386E+03
3.11215E-01,9.62366E-01,4.79125E+00,8.08287E-01 
#t = 1.428E+03
1.48053E+01,1.48053E+01,1.48053E+01,4.63514E+00,8.00428E-01,4.23875E+00,1.48053E+01,3.39401E+00 
#t = 1.470E+03
1.61616E+01,1.74059E+00,2.20609E+00 
#t = 1.512E+03
7.48967E+00,1.17174E+01,2.38880E+00 
#t = 1.554E+03
1.17174E+01,1.17174E+01,1.32579E+01,5.19090E+01,5.19090E+01,1.17174E+01 
#t = 1.596E+03
1.32579E+01,1.09018E+01,5.19090E+01,3.79331E+00,3.44306E+00,5.19090E+01 
#t = 1.638E+03
5.19090E+01,2.58304E+01,2.58304E+01,5.19090E+01,5.19090E+01,5.19090E+01,1.05039E+01,5.19090E+01,5.19090E+01,5.19090E+01,5.19090E+01,5.19090E+01,5.19090E+01,5.19090E+01,5.19090E+01,2.58304E+01,5.19090E+01,5.19090E+01,5.19090E+01,5.19090E+01,5.19090E+01 
#t = 1.680E+03
5.19090E+01,5.19090E+01,5.19090E+01,5.19090E+01,5.19090E+01,5.19090E+01,5.19090E+01,8.16615E+00,5.19090E+01,5.19090E+01,5.19090E+01,5.19090E+01,5.19090E+01,5.19090E+01,5.19090E+01,5.19090E+01,5.19090E+01,5.19090E+01,5.19090E+01,5.19090E+01,5.19090E+01,5.19090E+01,2.58304E+01,5.19090E+01,5.19090E+01,5.19090E+01,5.19090E+01,5.19090E+01,5.19090E+01,5.19090E+01,5.19090E+01,5.19090E+01,5.19090E+01,5.19090E+01,3.18395E-01 
#t = 1.722E+03
5.19090E+01,2.58304E+01,5.19090E+01,5.19090E+01,5.19090E+01,5.19090E+01,5.19090E+01,5.19090E+01,5.19090E+01,5.19090E+01,5.19090E+01,5.19090E+01,5.19090E+01,5.19090E+01,5.19090E+01,5.19090E+01,5.19090E+01,5.19090E+01,5.19090E+01,5.19090E+01,5.19090E+01,5.19090E+01,5.19090E+01,5.19090E+01,6.16459E+00,5.19090E+01,5.19090E+01,5.19090E+01,5.19090E+01,5.19090E+01,5.19090E+01,5.19090E+01,2.19995E+00,2.46266E+00,5.19090E+01,1.10195E+00,5.19090E+01,5.19090E+01 
#t = 1.764E+03
5.19090E+01,5.19090E+01,5.19090E+01,5.19090E+01,5.19090E+01,5.19090E+01,5.19090E+01,5.19090E+01,5.19090E+01,5.19090E+01,5.19090E+01,2.58304E+01,5.19090E+01,5.19090E+01,5.19090E+01,5.19090E+01,1.17082E+01,5.19090E+01,5.19090E+01,5.19090E+01,2.58304E+01,5.19090E+01,5.19090E+01,5.19090E+01,1.17082E+01,5.19090E+01,5.19090E+01,5.19090E+01,5.19090E+01,5.19090E+01,5.19090E+01,5.19090E+01,5.19090E+01,5.19090E+01,5.19090E+01,5.19090E+01,5.19090E+01,5.19090E+01 
#t = 1.806E+03
5.19090E+01,5.19090E+01,5.19090E+01,1.78132E+01,5.19090E+01,5.19090E+01,5.19090E+01,5.19090E+01,5.19090E+01,1.17082E+01,5.19090E+01,5.19090E+01,5.19090E+01,5.19090E+01,5.19090E+01,5.19090E+01,5.19090E+01,5.19090E+01,5.19090E+01,5.19090E+01,5.19090E+01,1.78132E+01,5.19090E+01,5.19090E+01,5.19090E+01,5.19090E+01,5.19090E+01,5.19090E+01,5.35578E+00,5.19090E+01,5.19090E+01,5.19090E+01,5.19090E+01,5.19090E+01,5.19090E+01,5.19090E+01,1.78132E+01,5.19090E+01,5.19090E+01,1.78132E+01,5.19090E+01,5.19090E+01,5.19090E+01,5.19090E+01,1.78132E+01,1.78132E+01,5.19090E+01,5.19090E+01,5.19090E+01,5.19090E+01,5.19090E+01,4.79871E+00,5.19090E+01,5.19090E+01,6.67058E-01 
#t = 1.848E+03
5.19090E+01,5.19090E+01,1.78132E+01,1.78132E+01,5.19090E+01,5.19090E+01,5.19090E+01,5.19090E+01,5.19090E+01,1.78132E+01,5.19090E+01,5.19090E+01,5.19090E+01,5.19090E+01,5.19090E+01,5.19090E+01,5.19090E+01,5.19090E+01,1.26667E+01,7.43584E+00,5.19090E+01,1.26667E+01,5.19090E+01,5.19090E+01,5.19090E+01,5.19090E+01,5.19090E+01,5.19090E+01,5.19090E+01,5.19090E+01,5.19090E+01,9.09896E+00,5.19090E+01,5.19090E+01,5.19090E+01,5.19090E+01,5.19090E+01,5.19090E+01,5.19090E+01 
#t = 1.890E+03
5.19090E+01,1.26667E+01,1.26667E+01,5.19090E+01,5.19090E+01,5.19090E+01,5.19090E+01,5.19090E+01,5.19090E+01,5.19090E+01,5.19090E+01,5.19090E+01,5.19090E+01,5.19090E+01,5.19090E+01,5.19090E+01,5.19090E+01,5.19090E+01,5.19090E+01,5.19090E+01,5.19090E+01,5.19090E+01,5.14501E+00,5.19090E+01,1.26667E+01,5.19090E+01,5.19090E+01,5.19090E+01,5.19090E+01,5.19090E+01,3.26635E+00,1.25029E+00 
#t = 1.932E+03
5.19090E+01,5.19090E+01,5.19090E+01,5.19090E+01,1.32298E+01,5.19090E+01,1.18106E+01,5.19090E+01,5.19090E+01,5.19090E+01,5.19090E+01,1.32298E+01,5.19090E+01,5.19090E+01,5.19090E+01,1.32298E+01,5.19090E+01,5.19090E+01,5.19090E+01,1.32298E+01,5.19090E+01,5.19090E+01,1.32298E+01,5.19090E+01,5.19090E+01,5.19090E+01,5.19090E+01,5.19090E+01,5.19090E+01,5.19090E+01,1.32298E+01,5.19090E+01,5.19090E+01,5.19090E+01,1.32298E+01,5.19090E+01,5.19090E+01,5.19090E+01,1.32298E+01,5.19090E+01,4.12027E+00,5.19090E+01,5.19090E+01,5.19090E+01,5.19090E+01,5.19090E+01,5.19090E+01,5.19090E+01,5.19090E+01,3.97483E+00 
#t = 1.974E+03
5.19090E+01,5.19090E+01,5.19090E+01,5.19090E+01,5.19090E+01,5.19090E+01,5.19090E+01,1.18106E+01,5.19090E+01,5.19090E+01,7.34892E+00,5.19090E+01,5.19090E+01,5.19090E+01,5.19090E+01,5.19090E+01,5.19090E+01,5.19090E+01,5.19090E+01,5.19090E+01,5.19090E+01,5.19090E+01,5.19090E+01,5.19090E+01,5.19090E+01,1.18106E+01,5.19090E+01,5.19090E+01,5.19090E+01,5.19090E+01,5.19090E+01,5.19090E+01,5.19090E+01,5.19090E+01,5.19090E+01,5.19090E+01,5.19090E+01,5.19090E+01,5.19090E+01,5.19090E+01 
#t = 2.016E+03
5.19090E+01,1.18106E+01,5.19090E+01,5.19090E+01,5.19090E+01,5.19090E+01,5.19090E+01,5.19090E+01,5.19090E+01,5.19090E+01,5.19090E+01,5.19090E+01,5.19090E+01,5.19090E+01,5.19090E+01,5.19090E+01,5.19090E+01,5.19090E+01,5.19090E+01,5.19090E+01,5.19090E+01,5.19090E+01,5.19090E+01,5.19090E+01,1.18106E+01,5.19090E+01,1.18106E+01,8.00854E+00,5.19090E+01,5.19090E+01,5.19090E+01,5.19090E+01,5.19090E+01,5.19090E+01,5.19090E+01,1.81394E+00,5.19090E+01,5.19090E+01,5.19090E+01,5.19090E+01 
#t = 2.058E+03
5.19090E+01,5.19090E+01,5.19090E+01,5.19090E+01,5.19090E+01,5.19090E+01,5.19090E+01,5.19090E+01,5.19090E+01,5.19090E+01,5.19090E+01,5.19090E+01,5.19090E+01,5.19090E+01,5.19090E+01,5.19090E+01,9.60230E+00,5.19090E+01,5.19090E+01,5.19090E+01,5.19090E+01,5.19090E+01,5.19090E+01,5.19090E+01,5.19090E+01,3.99611E+00,5.19090E+01,5.19090E+01,5.19090E+01,5.19090E+01,5.19090E+01 
#t = 2.100E+03
5.19090E+01,5.19090E+01,5.19090E+01,5.19090E+01,5.19090E+01,5.19090E+01,5.19090E+01,5.19090E+01,5.19090E+01,5.19090E+01,5.19090E+01,5.19090E+01,5.19090E+01,5.19090E+01,5.19090E+01,5.19090E+01,5.19090E+01,5.75912E+00,8.97830E+00,5.19090E+01,5.19090E+01,5.19090E+01,5.19090E+01,5.19090E+01,5.19090E+01,5.19090E+01,5.19090E+01,5.19090E+01,5.19090E+01,5.19090E+01,5.19090E+01,5.19090E+01,5.19090E+01,5.19090E+01,5.19090E+01,5.19090E+01,5.19090E+01,1.53969E+00,7.93229E-01,5.19090E+01,5.19090E+01 
#t = 2.142E+03
5.19090E+01,5.19090E+01,5.19090E+01,5.19090E+01,5.19090E+01,5.19090E+01,5.19090E+01,5.19090E+01,5.19090E+01,5.19090E+01,5.19090E+01,5.19090E+01,5.19090E+01,1.84031E+01,5.19090E+01,5.19090E+01,5.19090E+01,5.19090E+01,5.19090E+01,5.19090E+01,5.19090E+01,5.19090E+01,5.19090E+01,5.19090E+01,1.00737E+01,5.19090E+01,5.19090E+01,5.19090E+01,5.19090E+01,5.19090E+01,5.19090E+01,5.19090E+01,5.19090E+01,5.19090E+01,5.19090E+01,5.19090E+01,5.19090E+01,5.19090E+01,5.19090E+01,5.19090E+01,5.40789E+00,5.19090E+01,5.19090E+01,5.19090E+01,5.19090E+01,1.84031E+01,5.19090E+01,1.84031E+01,2.10106E+00,5.19090E+01,5.19090E+01,5.19090E+01,4.65573E-01,5.19090E+01,5.19090E+01 
#t = 2.184E+03
5.19090E+01,5.19090E+01,1.84031E+01,5.19090E+01,5.19090E+01,5.19090E+01,5.19090E+01,5.19090E+01,5.19090E+01,5.19090E+01,5.19090E+01,5.19090E+01,5.19090E+01,5.19090E+01,5.19090E+01,5.19090E+01,5.19090E+01,5.19090E+01,5.19090E+01,5.19090E+01,5.19090E+01,5.19090E+01,5.19090E+01,5.19090E+01,5.19090E+01,5.19090E+01,5.19090E+01,5.19090E+01,5.19090E+01,5.19090E+01,1.26153E+00,5.19090E+01,5.19090E+01,5.19090E+01,5.19090E+01,1.84031E+01,5.19090E+01,5.35310E+00 
#t = 2.226E+03
5.19090E+01,5.19090E+01,5.19090E+01,5.19090E+01,5.19090E+01,5.19090E+01,5.19090E+01,5.19090E+01,5.19090E+01,5.19090E+01,5.96065E+00,1.84031E+01,5.19090E+01,1.84031E+01,1.84031E+01,5.19090E+01,5.19090E+01,5.19090E+01,5.19090E+01,5.19090E+01,5.19090E+01,5.19090E+01,5.19090E+01,8.04985E+00,5.19090E+01,5.19090E+01,5.19090E+01,5.19090E+01,5.19090E+01,5.19090E+01,5.19090E+01,5.19090E+01,5.19090E+01,5.19090E+01,5.19090E+01,5.19090E+01,5.19090E+01,5.19090E+01 
#t = 2.268E+03
1.84031E+01,5.19090E+01,5.19090E+01,5.19090E+01,5.19090E+01,5.19090E+01,5.19090E+01,5.19090E+01,5.19090E+01,5.19090E+01,5.19090E+01,5.19090E+01,5.19090E+01,5.19090E+01,5.19090E+01,5.19090E+01,5.19090E+01,3.80299E+00,5.19090E+01,5.19090E+01,5.19090E+01,5.19090E+01,5.19090E+01,5.19090E+01,5.19090E+01,5.19090E+01,5.19090E+01,5.19090E+01,5.19090E+01,5.19090E+01,5.19090E+01,5.19090E+01,5.19090E+01,5.19090E+01,4.53935E+00,5.19090E+01,5.19090E+01,5.19090E+01 
#t = 2.310E+03
5.19090E+01,5.19090E+01,5.19090E+01,5.19090E+01,5.19090E+01,5.19090E+01,5.19090E+01,5.19090E+01,5.19090E+01,5.19090E+01,5.19090E+01,5.19090E+01,5.19090E+01,5.19090E+01,5.19090E+01,5.19090E+01,5.19090E+01,5.19090E+01,5.19090E+01,5.19090E+01,5.19090E+01,5.19090E+01,5.19090E+01,5.19090E+01,1.67442E+01,5.19090E+01,7.63194E-01,5.19090E+01,5.19090E+01,4.10535E+00,5.19090E+01,5.19090E+01,5.19090E+01,5.19090E+01,1.24749E+00,4.20237E+00,5.19090E+01,5.19090E+01,5.19090E+01,5.19090E+01,3.07838E+00,6.38497E-01 
#t = 2.352E+03
5.19090E+01,5.19090E+01,5.19090E+01,5.19090E+01,5.19090E+01,5.19090E+01,5.19090E+01,5.19090E+01,5.19090E+01,5.19090E+01,5.19090E+01,5.19090E+01,5.19090E+01,5.19090E+01,5.19090E+01,5.19090E+01,5.19090E+01,5.19090E+01,5.19090E+01,5.19090E+01,5.19090E+01,1.22125E+01,5.19090E+01,5.19090E+01,5.19090E+01,5.19090E+01,5.19090E+01,5.19090E+01,5.19090E+01,5.19090E+01,5.19090E+01,5.19090E+01,5.19090E+01,5.19090E+01,5.19090E+01,5.19090E+01,5.19090E+01,5.19090E+01,5.19090E+01,5.19090E+01,5.19090E+01,5.19090E+01,1.22125E+01,5.19090E+01,5.19090E+01,5.19090E+01,5.19090E+01,4.10251E+00,5.19090E+01,5.19090E+01,5.37865E+00,5.19090E+01,5.19090E+01,5.19090E+01,5.19090E+01,7.76671E-01,5.19090E+01 
#t = 2.394E+03
5.19090E+01,5.19090E+01,5.19090E+01,5.19090E+01,5.19090E+01,5.19090E+01,1.12124E+01,5.19090E+01,5.19090E+01,5.19090E+01,5.19090E+01,5.19090E+01,5.19090E+01,5.19090E+01,5.19090E+01,5.19090E+01,5.19090E+01,5.19090E+01,5.19090E+01,5.19090E+01,1.12124E+01,5.19090E+01,5.19090E+01,5.19090E+01,5.19090E+01,5.19090E+01,2.80849E+00,5.19090E+01,5.19090E+01,5.19090E+01,5.19090E+01,5.19090E+01,8.00304E+00,5.52389E-01,5.19090E+01,1.00015E+00,5.19090E+01,5.19090E+01 
#t = 2.436E+03
5.19090E+01,5.19090E+01,5.19090E+01,5.19090E+01,5.19090E+01,5.19090E+01,5.19090E+01,5.19090E+01,5.19090E+01,5.19090E+01,5.19090E+01,5.19090E+01,5.19090E+01,5.19090E+01,5.19090E+01,5.19090E+01,5.19090E+01,5.19090E+01,5.19090E+01,5.19090E+01,5.19090E+01,5.19090E+01,5.19090E+01,5.19090E+01,1.76398E+00,5.19090E+01,5.19090E+01,5.19090E+01,5.19090E+01,9.04647E+00,5.19090E+01,5.19090E+01,5.19090E+01,5.19090E+01,5.19090E+01,1.54774E+00,5.19090E+01 
#t = 2.478E+03
5.19090E+01,5.19090E+01,5.19090E+01,5.19090E+01,5.19090E+01,5.19090E+01,9.87508E+00,5.19090E+01,5.19090E+01,5.19090E+01,5.19090E+01,5.19090E+01,5.19090E+01,5.19090E+01,5.19090E+01,5.19090E+01,5.19090E+01,5.19090E+01,5.19090E+01,5.19090E+01,5.19090E+01,5.19090E+01,5.19090E+01,5.19090E+01,5.19090E+01,5.19090E+01,5.19090E+01,5.19090E+01,5.19090E+01,5.19090E+01,5.19090E+01,5.19090E+01,5.19090E+01,5.19090E+01,5.19090E+01,5.19090E+01,5.19090E+01,5.19090E+01,5.19090E+01,5.19090E+01,5.19090E+01,5.19090E+01 
#t = 2.520E+03
5.19090E+01,5.19090E+01,5.19090E+01,5.19090E+01,5.19090E+01,5.19090E+01,5.19090E+01,5.19090E+01,5.19090E+01,1.32688E+01,5.19090E+01,5.19090E+01,5.19090E+01,5.19090E+01,5.19090E+01,5.19090E+01,5.19090E+01,5.19090E+01,5.19090E+01,5.19090E+01,5.19090E+01,5.19090E+01,5.19090E+01,5.19090E+01,5.19090E+01,5.19090E+01,5.19090E+01,5.19090E+01,5.19090E+01,2.53877E+00,1.32688E+01,2.14698E+01,2.71833E+00,5.19090E+01,5.19090E+01,5.19090E+01,4.65473E+00,5.19090E+01 
#t = 2.562E+03
5.19090E+01,5.19090E+01,5.19090E+01,5.19090E+01,5.19090E+01,5.19090E+01,5.19090E+01,5.19090E+01,1.13982E+01,5.19090E+01,5.19090E+01,5.19090E+01,5.19090E+01,5.19090E+01,5.19090E+01,5.19090E+01,5.19090E+01,5.19090E+01,5.19090E+01,5.19090E+01,5.19090E+01,5.19090E+01,5.19090E+01,5.19090E+01,5.19090E+01,1.13982E+01,3.42525E+00,5.19090E+01,5.19090E+01,5.19090E+01,5.19090E+01,5.19090E+01,5.19090E+01,1.13982E+01,5.19090E+01,5.19090E+01,5.19090E+01,5.19090E+01 
#t = 2.604E+03
5.19090E+01,5.19090E+01,5.19090E+01,5.19090E+01,5.19090E+01,5.19090E+01,5.19090E+01,5.19090E+01,1.13982E+01,5.19090E+01,5.19090E+01,5.19090E+01,5.19090E+01,5.19090E+01,5.19090E+01,5.19090E+01,5.19090E+01,5.19090E+01,5.19090E+01,5.19090E+01,5.19090E+01,5.19090E+01,5.19090E+01,5.19090E+01,5.19090E+01,5.19090E+01,5.19090E+01,5.19090E+01,5.19090E+01,5.19090E+01,5.19090E+01,2.34901E+00,5.19090E+01,5.19090E+01 
#t = 2.646E+03
5.19090E+01,1.49006E+01,5.19090E+01,5.19090E+01,5.19090E+01,5.19090E+01,5.19090E+01,1.49006E+01,5.19090E+01,5.19090E+01,5.19090E+01,5.19090E+01,5.19090E+01,5.19090E+01,5.19090E+01,5.19090E+01,1.83336E+01,5.19090E+01,5.19090E+01,5.19090E+01,5.19090E+01,5.19090E+01,1.03698E+01,1.83336E+01,5.19090E+01,5.19090E+01,5.19090E+01,6.08959E+01,5.19090E+01,2.64361E+00,5.19090E+01,5.19090E+01,5.19090E+01,5.05017E+00,5.19090E+01,5.19090E+01,5.19090E+01,2.03273E+01 
#t = 2.688E+03
1.49006E+01,5.19090E+01,5.19090E+01,5.19090E+01,5.19090E+01,5.19090E+01,5.19090E+01,5.19090E+01,5.19090E+01,5.19090E+01,5.19090E+01,5.19090E+01,5.19090E+01,5.19090E+01,5.19090E+01,5.19090E+01,5.19090E+01,5.19090E+01,5.19090E+01,5.19090E+01,5.19090E+01,1.49006E+01,5.19090E+01,5.19090E+01,5.19090E+01,5.19090E+01,5.19090E+01,5.19090E+01,5.19090E+01,5.19090E+01,1.49006E+01,5.19090E+01,5.19090E+01,5.19090E+01,1.49006E+01,5.19090E+01,5.19090E+01,5.19090E+01,5.19090E+01,5.19090E+01,5.19090E+01,5.19090E+01,5.19090E+01,1.47912E+00,6.11034E-01,5.19090E+01,5.19090E+01 
#t = 2.730E+03
5.19090E+01,1.49006E+01,1.49006E+01,5.19090E+01,5.19090E+01,5.19090E+01,5.19090E+01,5.19090E+01,5.19090E+01,5.19090E+01,5.19090E+01,5.19090E+01,5.19090E+01,5.19090E+01,5.19090E+01,5.19090E+01,5.19090E+01,5.19090E+01,5.19090E+01,5.19090E+01,5.19090E+01,1.49006E+01,5.19090E+01,5.19090E+01,1.46184E+01,5.19090E+01,5.19090E+01,5.19090E+01,5.19090E+01,5.19090E+01,5.19090E+01,1.49006E+01,5.19090E+01,5.19090E+01,5.19090E+01,5.19090E+01,1.49006E+01,5.19090E+01,5.19090E+01,1.49006E+01,2.35395E+00,5.19090E+01,8.53193E+00,1.49006E+01,5.19090E+01 
#t = 2.772E+03
5.19090E+01,5.19090E+01,1.46184E+01,5.19090E+01,5.19090E+01,5.19090E+01,5.19090E+01,1.49006E+01,1.46184E+01,1.49006E+01,1.46184E+01,5.19090E+01,5.19090E+01,5.19090E+01,5.19090E+01,1.49006E+01,5.19090E+01,5.19090E+01,5.19090E+01,5.19090E+01,1.06172E+01,5.19090E+01,1.46184E+01,1.56729E+00,1.46184E+01,1.06172E+01,1.49006E+01,5.19090E+01,1.46184E+01,3.19418E+00,1.46184E+01,2.02490E+00 
#t = 2.814E+03
5.19090E+01,1.49006E+01,5.19090E+01,1.46184E+01,5.19090E+01,5.19090E+01,5.19090E+01,5.19090E+01,5.19090E+01,5.19090E+01,5.19090E+01,5.19090E+01,1.98757E+01,1.20158E+01,5.19090E+01,5.19090E+01,5.19090E+01,5.19090E+01,5.19090E+01,1.06172E+01,5.19090E+01,5.19090E+01,5.19090E+01,5.19090E+01,5.19090E+01,5.19090E+01,5.19090E+01,5.19090E+01,5.19090E+01,5.19090E+01,5.19090E+01,5.19090E+01,5.19090E+01,1.72847E+00,1.49006E+01,5.19090E+01,1.46184E+01,5.19090E+01,5.19090E+01,5.19090E+01 
#t = 2.856E+03
5.19090E+01,5.19090E+01,1.06172E+01,5.19090E+01,5.19090E+01,5.19090E+01,5.19090E+01,1.06172E+01,5.19090E+01,5.19090E+01,5.19090E+01,5.19090E+01,5.19090E+01,5.19090E+01,5.19090E+01,5.19090E+01,5.19090E+01,5.19090E+01,5.19090E+01,5.19090E+01,5.19090E+01,5.19090E+01,5.19090E+01,1.94014E+00,5.19090E+01,5.19090E+01,5.19090E+01,5.19090E+01,5.19090E+01,5.19090E+01,5.19090E+01,5.19090E+01,5.19090E+01,5.19090E+01,5.19090E+01,5.19090E+01,5.19090E+01,5.19090E+01,5.19090E+01,5.19090E+01,5.19090E+01,5.19090E+01,5.19090E+01,5.19090E+01,5.19090E+01,5.19090E+01,3.60755E+01,5.19090E+01,5.19090E+01 
#t = 2.898E+03
5.19090E+01,5.19090E+01,5.19090E+01,5.19090E+01,5.19090E+01,5.19090E+01,5.19090E+01,5.19090E+01,5.19090E+01,5.19090E+01,5.19090E+01,5.19090E+01,5.19090E+01,5.19090E+01,5.19090E+01,5.19090E+01,5.19090E+01,5.19090E+01,5.19090E+01,5.19090E+01,5.19090E+01,5.19090E+01,6.17829E+00,5.19090E+01,3.28534E+00,5.19090E+01,3.31586E+00,5.19090E+01,5.19090E+01,5.19090E+01,5.19090E+01,1.80797E+00,5.19090E+01,1.19584E+00 
#t = 2.940E+03
5.19090E+01,5.19090E+01,9.83588E+00,5.19090E+01,5.19090E+01,5.19090E+01,5.19090E+01,5.19090E+01,5.19090E+01,5.19090E+01,5.19090E+01,5.19090E+01,5.19090E+01,5.19090E+01,5.19090E+01,5.19090E+01,5.19090E+01,5.19090E+01,5.19090E+01,5.19090E+01,5.19090E+01,5.19090E+01,5.19090E+01,4.82898E+00,5.19090E+01,5.19090E+01,5.19090E+01,1.11005E+01,5.19090E+01,5.19090E+01,5.19090E+01,1.48095E+00 
#t = 2.982E+03
5.19090E+01,5.19090E+01,5.19090E+01,5.19090E+01,5.19090E+01,5.19090E+01,5.19090E+01,5.19090E+01,5.19090E+01,5.19090E+01,5.19090E+01,5.19090E+01,5.19090E+01,5.19090E+01,5.19090E+01,5.19090E+01,5.19090E+01,5.19090E+01,5.19090E+01,5.19090E+01,5.19090E+01,5.19090E+01,1.40385E+00,5.19090E+01,5.19090E+01,5.19090E+01,5.19090E+01,5.19090E+01,5.19090E+01,5.19090E+01,5.19090E+01,5.19090E+01,5.19090E+01,5.19090E+01,5.19090E+01,4.39455E+00,5.19090E+01,5.19090E+01,5.19090E+01 
#t = 3.024E+03
5.19090E+01,5.19090E+01,5.19090E+01,5.19090E+01,5.19090E+01,5.19090E+01,5.19090E+01,5.19090E+01,5.19090E+01,5.19090E+01,5.19090E+01,5.19090E+01,5.19090E+01,5.19090E+01,5.19090E+01,5.19090E+01,5.19090E+01,5.19090E+01,5.19090E+01,5.19090E+01,5.19090E+01,5.19090E+01,5.19090E+01,5.19090E+01,5.19090E+01,5.19090E+01,5.19090E+01,5.19090E+01,5.19090E+01,5.19090E+01,5.19090E+01,5.19090E+01,5.19090E+01,5.19090E+01,5.19090E+01,5.19090E+01,5.19090E+01,5.19090E+01,5.19090E+01,5.19090E+01 
#t = 3.066E+03
5.19090E+01,5.19090E+01,5.19090E+01,5.19090E+01,5.19090E+01,5.19090E+01,5.19090E+01,5.19090E+01,5.19090E+01,5.19090E+01,5.19090E+01,5.19090E+01,5.19090E+01,5.19090E+01,5.19090E+01,5.19090E+01,5.19090E+01,5.19090E+01,5.19090E+01,5.19090E+01,5.19090E+01,5.19090E+01,5.19090E+01,5.19090E+01,5.19090E+01,5.19090E+01,5.19090E+01,2.81506E+01,5.19090E+01,5.19090E+01,5.19090E+01,5.19090E+01,5.19090E+01,5.19090E+01,5.03150E-01,5.19090E+01,5.19090E+01,5.19090E+01,5.19090E+01,5.19884E+00,5.19090E+01,5.19090E+01,2.28602E+00,5.19090E+01,6.78534E-01,4.60976E+00 
#t = 3.108E+03
5.19090E+01,5.19090E+01,5.19090E+01,5.19090E+01,1.15243E+01,5.19090E+01,5.19090E+01,5.19090E+01,5.19090E+01,5.19090E+01,5.19090E+01,5.19090E+01,5.19090E+01,5.19090E+01,5.19090E+01,5.19090E+01,5.19090E+01,5.19090E+01,5.19090E+01,5.19090E+01,5.19090E+01,5.19090E+01,5.19090E+01,5.19090E+01,5.19090E+01,5.19090E+01,5.19090E+01,5.19090E+01,5.19090E+01,5.19090E+01,5.19090E+01,5.19090E+01,3.45090E+00,5.19090E+01,5.19090E+01,5.19090E+01,3.16650E+00,5.19090E+01,5.19090E+01,5.19090E+01,5.19090E+01,5.19090E+01,5.19090E+01,5.19090E+01,1.10911E+00 
#t = 3.150E+03
5.19090E+01,5.19090E+01,5.19090E+01,5.19090E+01,5.19090E+01,5.19090E+01,5.19090E+01,5.19090E+01,5.19090E+01,5.19090E+01,5.32219E+00,5.19090E+01,5.19090E+01,5.19090E+01,5.19090E+01,5.19090E+01,5.19090E+01,5.19090E+01,5.19090E+01,9.44689E+00,5.19090E+01,5.19090E+01,5.19090E+01,5.19090E+01,5.19090E+01,5.19090E+01,5.19090E+01,5.19090E+01,5.19090E+01,9.36376E-01,2.15880E+00,5.19090E+01,5.19090E+01,5.19090E+01,5.19090E+01,5.19090E+01,5.19090E+01 
#t = 3.192E+03
5.19090E+01,5.19090E+01,5.19090E+01,5.19090E+01,5.19090E+01,5.19090E+01,5.19090E+01,5.19090E+01,5.19090E+01,5.19090E+01,5.19090E+01,5.19090E+01,5.19090E+01,5.19090E+01,5.19090E+01,5.19090E+01,5.19090E+01,5.19090E+01,5.19090E+01,5.19090E+01,5.19090E+01,5.19090E+01,9.08558E+00,5.19090E+01,5.19090E+01,5.19090E+01,5.19090E+01,5.19090E+01,5.19090E+01,5.19090E+01,5.19090E+01,5.19090E+01,9.74191E-01 
#t = 3.234E+03
5.19090E+01,5.19090E+01,5.19090E+01,5.19090E+01,5.19090E+01,5.19090E+01,5.19090E+01,7.38910E+00,5.19090E+01,5.19090E+01,5.19090E+01,5.19090E+01,5.19090E+01,5.19090E+01,5.19090E+01,5.19090E+01,5.19090E+01,5.19090E+01,5.19090E+01,5.19090E+01,5.19090E+01,5.19090E+01,4.62147E+00,5.19090E+01,5.19090E+01,5.19090E+01,5.19090E+01,5.19090E+01,5.19090E+01,5.19090E+01,1.93083E+01,5.19090E+01,5.19090E+01,5.19090E+01,5.19090E+01,5.19090E+01,5.19090E+01 
#t = 3.276E+03
7.38910E+00,5.19090E+01,5.19090E+01,5.19090E+01,5.19090E+01,5.19090E+01,5.19090E+01,5.19090E+01,5.19090E+01,1.93083E+01,5.19090E+01,5.19090E+01,5.19090E+01,5.19090E+01,5.19090E+01,5.19090E+01,5.19090E+01,5.19090E+01,5.19090E+01,5.19090E+01,5.19090E+01,5.19090E+01,5.19090E+01,5.19090E+01,5.19090E+01,5.19090E+01,5.19090E+01,5.19090E+01,5.19090E+01,5.19090E+01,5.19090E+01,4.41398E+00,3.42575E+00,5.19090E+01,1.93083E+01,9.30264E-01,5.19090E+01,5.19090E+01,5.19090E+01,5.19090E+01,5.19090E+01,5.19090E+01,5.19090E+01,5.19090E+01 
#t = 3.318E+03
5.19090E+01,5.19090E+01,5.19090E+01,5.19090E+01,5.19090E+01,5.19090E+01,1.93083E+01,5.19090E+01,5.19090E+01,5.19090E+01,1.93083E+01,1.03987E+01,5.19090E+01,5.19090E+01,5.19090E+01,5.19090E+01,5.19090E+01,5.19090E+01,5.19090E+01,5.19090E+01,5.19090E+01,5.19090E+01,5.19090E+01,5.19090E+01,5.19090E+01,5.19090E+01,7.22404E+00,1.43974E+01,5.19090E+01,5.19090E+01,5.19090E+01,5.19090E+01,5.19090E+01,5.19090E+01,5.19090E+01,5.19090E+01,4.95017E-01,5.19090E+01,5.19090E+01,5.19090E+01 
#t = 3.360E+03
5.19090E+01,5.19090E+01,5.19090E+01,5.19090E+01,5.19090E+01,5.19090E+01,5.19090E+01,5.19090E+01,5.19090E+01,5.19090E+01,5.19090E+01,5.19090E+01,5.19090E+01,5.19090E+01,5.19090E+01,5.19090E+01,5.19090E+01,5.19090E+01,5.19090E+01,5.19090E+01,5.19090E+01,5.19090E+01,5.19090E+01,5.19090E+01,5.19090E+01,5.19090E+01,5.19090E+01,1.73122E+01,5.19090E+01,2.91632E-01,4.07306E-01,5.19090E+01,5.19090E+01,5.19090E+01,4.19765E+00,1.59224E+00,5.19090E+01,1.01055E+00 
#t = 3.402E+03
5.19090E+01,5.19090E+01,1.73122E+01,5.19090E+01,5.19090E+01,5.19090E+01,5.19090E+01,5.19090E+01,5.19090E+01,5.19090E+01,5.19090E+01,5.19090E+01,5.19090E+01,5.19090E+01,5.19090E+01,5.19090E+01,5.19090E+01,1.19144E+00,5.19090E+01,5.19090E+01,5.19090E+01,5.19090E+01,1.73122E+01,5.19090E+01,5.19090E+01,5.19090E+01,5.19090E+01,5.19090E+01,5.19090E+01,5.19090E+01,5.19090E+01,2.69698E+01,3.55083E+01,5.19090E+01,5.19090E+01,5.19090E+01,1.85799E+00 
#t = 3.444E+03
5.19090E+01,5.19090E+01,5.19090E+01,5.19090E+01,5.19090E+01,5.19090E+01,5.19090E+01,5.19090E+01,5.19090E+01,5.19090E+01,5.19090E+01,5.19090E+01,5.19090E+01,5.19090E+01,5.19090E+01,5.19090E+01,5.19090E+01,5.19090E+01,5.19090E+01,5.19090E+01,5.19090E+01,5.19090E+01,5.19090E+01,9.43092E+00,5.19090E+01,5.19090E+01,5.19090E+01,5.19090E+01,5.19090E+01,5.19090E+01,9.94741E+00,5.19090E+01,5.19090E+01,5.19090E+01,5.19090E+01,5.19090E+01,1.20934E+01,5.19090E+01,5.19090E+01,5.19090E+01,5.19090E+01 
#t = 3.486E+03
5.19090E+01,5.19090E+01,5.19090E+01,5.19090E+01,5.19090E+01,5.19090E+01,5.19090E+01,5.19090E+01,5.19090E+01,5.19090E+01,5.19090E+01,5.19090E+01,5.19090E+01,5.19090E+01,5.19090E+01,5.19090E+01,5.19090E+01,5.19090E+01,5.19090E+01,6.89711E+00,5.19090E+01,5.19090E+01,5.19090E+01,5.19090E+01,5.19090E+01,5.19090E+01,5.19090E+01,5.19090E+01,5.19090E+01,5.19090E+01,5.19090E+01,5.19090E+01,5.19090E+01,5.19090E+01,5.19090E+01,5.19090E+01,5.19090E+01,4.31950E+00,5.19090E+01,5.19090E+01,5.19090E+01,1.43437E+00,5.19090E+01,2.71767E+00 
#t = 3.528E+03
5.19090E+01,5.19090E+01,5.19090E+01,5.19090E+01,5.19090E+01,5.19090E+01,5.19090E+01,5.19090E+01,5.19090E+01,5.19090E+01,5.19090E+01,5.19090E+01,5.19090E+01,5.19090E+01,5.19090E+01,5.19090E+01,5.19090E+01,5.19090E+01,5.19090E+01,5.19090E+01,5.19090E+01,5.19090E+01,5.19090E+01,5.19090E+01,5.19090E+01,5.19090E+01,5.19090E+01,5.19090E+01,5.63638E+00,5.19090E+01,5.19090E+01,5.19090E+01,5.19090E+01,2.06109E+00,5.19090E+01,1.91647E+00,5.19090E+01,5.19090E+01,8.72485E+00,5.19090E+01 
#t = 3.570E+03
5.19090E+01,5.19090E+01,5.19090E+01,5.19090E+01,5.19090E+01,5.19090E+01,5.19090E+01,5.19090E+01,5.19090E+01,5.19090E+01,5.19090E+01,5.19090E+01,5.19090E+01,5.19090E+01,5.19090E+01,5.19090E+01,5.19090E+01,5.19090E+01,5.19090E+01,5.19090E+01,5.19090E+01,5.19090E+01,5.19090E+01,5.19090E+01,5.19090E+01,5.19090E+01,5.19090E+01,5.19090E+01,5.19090E+01,5.19090E+01,5.19090E+01,5.19090E+01,5.19090E+01,2.46212E+00,5.19090E+01,5.19090E+01,5.19090E+01,5.19090E+01 
#t = 3.612E+03
5.19090E+01,5.19090E+01,5.19090E+01,5.19090E+01,5.19090E+01,5.19090E+01,5.19090E+01,5.19090E+01,5.19090E+01,5.19090E+01,5.19090E+01,5.19090E+01,5.19090E+01,5.19090E+01,5.19090E+01,5.19090E+01,1.08944E+01,5.19090E+01,5.19090E+01,5.19090E+01,5.19090E+01,5.19090E+01,5.19090E+01,5.19090E+01,5.19090E+01,5.19090E+01,5.19090E+01,5.19090E+01,5.19090E+01,5.19090E+01,5.19090E+01,5.19090E+01,5.19090E+01,5.19090E+01,5.19090E+01 
#t = 3.654E+03
5.19090E+01,5.19090E+01,5.19090E+01,5.19090E+01,5.19090E+01,5.19090E+01,1.34614E+01,5.19090E+01,5.19090E+01,5.19090E+01,5.19090E+01,5.19090E+01,5.19090E+01,5.19090E+01,5.19090E+01,5.19090E+01,5.19090E+01,5.19090E+01,5.19090E+01,5.19090E+01,5.19090E+01,1.34614E+01,5.19090E+01,5.19090E+01,5.19090E+01,5.19090E+01,5.19090E+01,5.19090E+01,5.19090E+01,5.19090E+01,5.19090E+01,5.19090E+01,5.19090E+01,5.19090E+01,5.19090E+01,5.19090E+01,2.50571E+00,5.19090E+01,6.86536E+00,5.19090E+01,1.91404E+00 
#t = 3.696E+03
5.19090E+01,5.19090E+01,5.19090E+01,5.19090E+01,5.19090E+01,5.19090E+01,5.19090E+01,5.19090E+01,2.67321E+01,5.19090E+01,5.19090E+01,5.19090E+01,5.19090E+01,5.19090E+01,5.19090E+01,5.19090E+01,5.19090E+01,1.34614E+01,5.19090E+01,5.19090E+01,1.34614E+01,1.40532E+01,5.19090E+01,2.56728E+00,5.19090E+01,5.19090E+01,5.19090E+01,5.19090E+01,1.40532E+01,4.56096E+00,5.19090E+01,5.19090E+01,5.19090E+01,5.19090E+01,5.19090E+01,5.19090E+01 
#t = 3.738E+03
5.19090E+01,5.19090E+01,5.19090E+01,5.19090E+01,5.19090E+01,5.19090E+01,5.19090E+01,5.19090E+01,5.19090E+01,5.19090E+01,6.74667E+00,8.28279E+00,5.19090E+01,5.19090E+01,5.19090E+01,5.19090E+01,5.19090E+01,5.19090E+01,2.89488E+00,5.19090E+01,5.19090E+01,5.19090E+01,5.19090E+01,5.19090E+01,5.19090E+01,5.19090E+01,5.19090E+01,8.21173E+00,5.19090E+01,5.19090E+01,5.19090E+01,5.19090E+01,5.19090E+01,5.19090E+01,5.19090E+01,5.19090E+01,1.23766E+00 
#t = 3.780E+03
5.19090E+01,5.19090E+01,5.19090E+01,5.19090E+01,5.19090E+01,5.19090E+01,5.19090E+01,5.19090E+01,5.19090E+01,5.19090E+01,5.19090E+01,5.19090E+01,5.19090E+01,5.19090E+01,5.19090E+01,5.19090E+01,5.19090E+01,5.19090E+01,5.19090E+01,5.19090E+01,5.19090E+01,5.19090E+01,5.19090E+01,5.19090E+01,5.19090E+01,5.19090E+01,5.19090E+01,5.19090E+01,1.83887E+01,5.19090E+01,5.19090E+01,5.19090E+01,5.19090E+01,5.19090E+01,3.42556E+00,5.19090E+01,5.19090E+01,5.19090E+01,5.19090E+01 
#t = 3.822E+03
5.19090E+01,5.19090E+01,5.19090E+01,5.19090E+01,5.19090E+01,5.19090E+01,5.19090E+01,5.19090E+01,5.19090E+01,5.19090E+01,5.19090E+01,8.76759E+00,5.19090E+01,5.19090E+01,3.42752E+00,5.19090E+01,5.19090E+01,5.19090E+01,5.19090E+01,5.19090E+01,5.19090E+01,5.19090E+01,5.19090E+01,5.19090E+01,5.19090E+01,1.20519E+00,5.19090E+01,5.19090E+01,5.19090E+01,5.19090E+01,5.19090E+01,5.19090E+01,9.90948E+00,5.19090E+01,5.19090E+01,5.19090E+01,5.91375E+00,5.19090E+01,5.34043E-01,5.19090E+01,5.19090E+01,5.19090E+01 
#t = 3.864E+03
5.19090E+01,5.19090E+01,5.19090E+01,5.19090E+01,5.19090E+01,5.19090E+01,5.19090E+01,5.19090E+01,5.19090E+01,5.19090E+01,5.19090E+01,5.19090E+01,5.19090E+01,5.19090E+01,5.19090E+01,5.19090E+01,5.19090E+01,5.19090E+01,5.19090E+01,5.19090E+01,5.19090E+01,5.19090E+01,5.19090E+01,5.19090E+01,5.19090E+01,5.19090E+01,5.19090E+01,7.48294E+00,5.19090E+01,5.19090E+01,5.19090E+01,5.19090E+01,5.19090E+01,5.19090E+01,5.19090E+01,5.19987E+00,5.19090E+01,5.19090E+01,5.19090E+01,5.19090E+01,5.19090E+01,5.19090E+01,5.19090E+01,5.19090E+01,5.19090E+01 
#t = 3.906E+03
5.19090E+01,5.19090E+01,5.19090E+01,5.19090E+01,5.19090E+01,5.19090E+01,5.19090E+01,5.19090E+01,5.19090E+01,5.19090E+01,5.19090E+01,5.19090E+01,5.19090E+01,5.19090E+01,5.19090E+01,5.19090E+01,5.19090E+01,5.19090E+01,5.19090E+01,5.19090E+01,5.19090E+01,5.19090E+01,5.19090E+01,5.19090E+01,5.19090E+01,5.19090E+01,5.19090E+01,5.19090E+01,5.19090E+01,5.19090E+01,5.19090E+01,5.19090E+01,5.19090E+01,5.19090E+01,5.19090E+01,5.19090E+01,5.19090E+01,5.19090E+01,5.19090E+01,5.19090E+01,5.19090E+01,5.19090E+01,5.19090E+01,5.19090E+01,5.19090E+01,5.19090E+01,5.19090E+01,5.19090E+01,2.05787E+00,5.19090E+01,3.15835E-01,5.19090E+01,2.08995E-01 
#t = 3.948E+03
5.19090E+01,5.19090E+01,5.19090E+01,5.19090E+01,5.19090E+01,5.19090E+01,5.19090E+01,5.19090E+01,5.19090E+01,5.19090E+01,5.19090E+01,5.19090E+01,5.19090E+01,5.19090E+01,5.19090E+01,5.19090E+01,5.19090E+01,5.19090E+01,5.19090E+01,5.19090E+01,5.19090E+01,5.19090E+01,5.19090E+01,5.19090E+01,5.19090E+01,5.19090E+01,5.19090E+01,5.19090E+01,5.19090E+01,5.19090E+01,5.19090E+01,1.36624E+00,5.19090E+01,5.19090E+01,1.83235E-01,3.25207E+00,5.19090E+01,2.57303E+00,5.19090E+01,5.19090E+01 
#t = 3.990E+03
5.19090E+01,5.19090E+01,5.19090E+01,5.19090E+01,5.19090E+01,5.19090E+01,5.19090E+01,1.37978E+01,5.19090E+01,5.19090E+01,5.19090E+01,5.19090E+01,5.19090E+01,2.11722E+01,5.19090E+01,5.19090E+01,5.19090E+01,5.19090E+01,5.19090E+01,5.19090E+01,5.19090E+01,5.19090E+01,5.19090E+01,5.19090E+01,5.19090E+01,2.11722E+01,5.19090E+01,5.19090E+01,1.37978E+01,5.19090E+01,5.19090E+01,1.79189E+00,5.19090E+01,5.19090E+01,5.19090E+01,5.19090E+01,8.20139E-01,5.19090E+01,5.19090E+01,1.74342E+00 
#t = 4.032E+03
5.19090E+01,5.19090E+01,5.19090E+01,5.19090E+01,5.19090E+01,5.19090E+01,5.19090E+01,5.19090E+01,5.19090E+01,5.19090E+01,5.19090E+01,2.11722E+01,5.19090E+01,5.19090E+01,5.19090E+01,9.24713E+00,5.19090E+01,8.36717E+00,5.19090E+01,5.19090E+01,5.19090E+01,5.19090E+01,5.19090E+01,5.19090E+01,5.19090E+01,5.19090E+01,8.98115E+00,5.19090E+01,5.19090E+01,5.19090E+01,5.19090E+01,5.19090E+01 
#t = 4.074E+03
5.19090E+01,5.19090E+01,5.19090E+01,5.19090E+01,5.19090E+01,5.19090E+01,5.19090E+01,5.19090E+01,2.33432E+01,5.19090E+01,2.31323E+01,5.19090E+01,5.19090E+01,5.19090E+01,5.19090E+01,5.19090E+01,5.19090E+01,2.33432E+01,5.19090E+01,5.19090E+01,5.19090E+01,5.19090E+01,5.19090E+01,5.19090E+01,5.19090E+01,2.31323E+01,5.19090E+01,5.19090E+01,8.31815E+00,2.31323E+01,5.19090E+01,1.11264E+01,5.19090E+01,2.31323E+01,5.19090E+01,1.80494E+00 
#t = 4.116E+03
5.19090E+01,5.19090E+01,5.19090E+01,5.19090E+01,5.19090E+01,5.19090E+01,5.19090E+01,5.19090E+01,5.19090E+01,5.19090E+01,5.19090E+01,5.19090E+01,5.19090E+01,5.19090E+01,5.19090E+01,5.19090E+01,5.19090E+01,5.19090E+01,5.19090E+01,9.55899E+00,5.19090E+01,5.19090E+01,5.19090E+01,5.19090E+01,5.19090E+01,5.86289E-01,6.77266E+00,5.19090E+01,5.19090E+01,5.19090E+01,5.19090E+01,5.19090E+01,5.19090E+01,5.19090E+01,5.19090E+01,5.19090E+01 
#t = 4.158E+03
5.19090E+01,5.19090E+01,5.19090E+01,5.19090E+01,5.19090E+01,5.19090E+01,5.19090E+01,5.19090E+01,5.19090E+01,5.19090E+01,5.19090E+01,5.19090E+01,5.19090E+01,5.19090E+01,5.19090E+01,5.19090E+01,5.19090E+01,5.19090E+01,5.19090E+01,5.19090E+01,5.19090E+01,5.19090E+01,5.19090E+01,5.19090E+01,5.19090E+01,5.19090E+01,5.19090E+01,5.19090E+01,5.19090E+01,5.19090E+01,7.01033E+00,5.19090E+01,2.80879E+00,5.19090E+01,5.19090E+01,1.05893E+00,5.12636E-01,6.54236E-01 
#t = 4.200E+03
5.19090E+01,5.19090E+01,5.19090E+01,5.19090E+01,5.19090E+01,5.19090E+01,5.19090E+01,5.19090E+01,5.19090E+01,5.19090E+01,5.19090E+01,5.19090E+01,5.19090E+01,5.19090E+01,5.19090E+01,5.19090E+01,5.19090E+01,5.19090E+01,5.19090E+01,5.19090E+01,5.19090E+01,5.19090E+01,5.19090E+01,5.19090E+01,5.19090E+01,5.19090E+01,5.19090E+01,5.19090E+01,5.19090E+01,5.19090E+01,5.19090E+01,5.19090E+01,5.19090E+01,5.19090E+01,5.19090E+01,5.19090E+01,5.19090E+01 
