#tau,            K*,              det_rate,        thickness,       thick_stDev,     n_deaths,        n_detachments,   n_immigrations,  n_replications,  n_tau_halves     
1.0000E-01,      4.0000E-01,      2.0000E-03,      9.0000E+00,      0.0000E+00,      6.2213E+02,      1.5133E+01,      9.9333E+01,      1.2161E+03,      5.5000E+01       
1.0000E-01,      4.0000E-01,      2.1000E-03,      9.0000E+00,      0.0000E+00,      6.3013E+02,      1.3800E+01,      9.7933E+01,      1.2339E+03,      5.3800E+01       
1.0000E-01,      4.0000E-01,      2.2000E-03,      9.0000E+00,      0.0000E+00,      6.0800E+02,      1.4467E+01,      9.7467E+01,      1.2037E+03,      5.1733E+01       
1.0000E-01,      4.0000E-01,      2.3000E-03,      9.0000E+00,      0.0000E+00,      6.5487E+02,      1.5933E+01,      1.0227E+02,      1.2566E+03,      5.0933E+01       
1.0000E-01,      4.0000E-01,      2.4000E-03,      9.0000E+00,      0.0000E+00,      6.3273E+02,      1.6200E+01,      9.9267E+01,      1.2250E+03,      5.4067E+01       
1.0000E-01,      4.0000E-01,      2.5000E-03,      9.0000E+00,      0.0000E+00,      6.4233E+02,      1.5733E+01,      9.8067E+01,      1.2395E+03,      5.3267E+01       
1.0000E-01,      4.0000E-01,      2.6000E-03,      9.0000E+00,      0.0000E+00,      6.4353E+02,      1.4467E+01,      1.0180E+02,      1.2407E+03,      5.2000E+01       
1.0000E-01,      4.0000E-01,      2.7000E-03,      9.0000E+00,      0.0000E+00,      6.2447E+02,      1.5600E+01,      9.7600E+01,      1.2111E+03,      4.8533E+01       
1.0000E-01,      4.0000E-01,      2.8000E-03,      9.0000E+00,      0.0000E+00,      6.8247E+02,      1.6200E+01,      1.0047E+02,      1.2844E+03,      5.8067E+01       
1.0000E-01,      4.0000E-01,      2.9000E-03,      9.0000E+00,      0.0000E+00,      6.2953E+02,      1.5667E+01,      9.7667E+01,      1.2221E+03,      5.1333E+01       
1.0000E-01,      4.0000E-01,      3.0000E-03,      9.0000E+00,      0.0000E+00,      6.4060E+02,      1.6267E+01,      9.7400E+01,      1.2522E+03,      5.5867E+01       
1.0000E-01,      4.0000E-01,      3.1000E-03,      9.0000E+00,      0.0000E+00,      6.4060E+02,      1.4800E+01,      9.9133E+01,      1.2345E+03,      4.9333E+01       
1.0000E-01,      4.0000E-01,      3.2000E-03,      9.0000E+00,      0.0000E+00,      6.4467E+02,      1.7200E+01,      9.8867E+01,      1.2479E+03,      5.3333E+01       
1.0000E-01,      4.0000E-01,      3.3000E-03,      9.0000E+00,      0.0000E+00,      6.3600E+02,      1.4333E+01,      9.6600E+01,      1.2281E+03,      5.3867E+01       
1.0000E-01,      4.0000E-01,      3.4000E-03,      9.0000E+00,      0.0000E+00,      6.5027E+02,      1.5533E+01,      9.8533E+01,      1.2519E+03,      5.4400E+01       
1.0000E-01,      4.0000E-01,      3.5000E-03,      9.0000E+00,      0.0000E+00,      6.3493E+02,      1.4533E+01,      1.0207E+02,      1.2289E+03,      5.2800E+01       
1.0000E-01,      4.0000E-01,      3.6000E-03,      9.0000E+00,      0.0000E+00,      6.5133E+02,      1.5467E+01,      1.0273E+02,      1.2383E+03,      4.7933E+01       
1.0000E-01,      4.0000E-01,      3.7000E-03,      9.0000E+00,      0.0000E+00,      6.5113E+02,      1.6400E+01,      1.0013E+02,      1.2514E+03,      5.3200E+01       
1.0000E-01,      4.0000E-01,      3.8000E-03,      9.0000E+00,      0.0000E+00,      6.4453E+02,      1.6200E+01,      1.0247E+02,      1.2331E+03,      5.0800E+01       
1.0000E-01,      4.0000E-01,      3.9000E-03,      9.0000E+00,      0.0000E+00,      6.4440E+02,      1.4400E+01,      9.7600E+01,      1.2453E+03,      5.0067E+01       
1.0000E-01,      4.0000E-01,      4.0000E-03,      9.0000E+00,      0.0000E+00,      6.2953E+02,      1.5400E+01,      1.0000E+02,      1.2159E+03,      5.2867E+01       
1.0000E-01,      4.2500E-01,      2.0000E-03,      9.0000E+00,      0.0000E+00,      6.9193E+02,      1.8533E+01,      1.0960E+02,      1.2955E+03,      5.2267E+01       
1.0000E-01,      4.2500E-01,      2.1000E-03,      9.0000E+00,      0.0000E+00,      7.4187E+02,      2.1933E+01,      1.0620E+02,      1.3537E+03,      6.0867E+01       
1.0000E-01,      4.2500E-01,      2.2000E-03,      9.0000E+00,      0.0000E+00,      7.1340E+02,      1.9400E+01,      9.8533E+01,      1.3387E+03,      5.7400E+01       
1.0000E-01,      4.2500E-01,      2.3000E-03,      9.0000E+00,      0.0000E+00,      7.3000E+02,      1.9667E+01,      1.0467E+02,      1.3511E+03,      5.8933E+01       
1.0000E-01,      4.2500E-01,      2.4000E-03,      9.0000E+00,      0.0000E+00,      7.2120E+02,      1.9067E+01,      1.0820E+02,      1.3303E+03,      5.8267E+01       
1.0000E-01,      4.2500E-01,      2.5000E-03,      9.0000E+00,      0.0000E+00,      6.9020E+02,      1.7467E+01,      1.0307E+02,      1.3023E+03,      6.0067E+01       
1.0000E-01,      4.2500E-01,      2.6000E-03,      9.0000E+00,      0.0000E+00,      7.3360E+02,      2.1600E+01,      1.0800E+02,      1.3455E+03,      5.6867E+01       
1.0000E-01,      4.2500E-01,      2.7000E-03,      9.0000E+00,      0.0000E+00,      7.0933E+02,      1.7067E+01,      1.0767E+02,      1.3168E+03,      5.9933E+01       
1.0000E-01,      4.2500E-01,      2.8000E-03,      9.0000E+00,      0.0000E+00,      7.1520E+02,      1.9000E+01,      1.0847E+02,      1.3315E+03,      5.6667E+01       
1.0000E-01,      4.2500E-01,      2.9000E-03,      9.0000E+00,      0.0000E+00,      6.9793E+02,      1.8067E+01,      1.0273E+02,      1.3123E+03,      5.8133E+01       
1.0000E-01,      4.2500E-01,      3.0000E-03,      9.0000E+00,      0.0000E+00,      6.8227E+02,      1.6200E+01,      1.0560E+02,      1.2920E+03,      5.7800E+01       
1.0000E-01,      4.2500E-01,      3.1000E-03,      9.0000E+00,      0.0000E+00,      6.8547E+02,      1.6867E+01,      1.0593E+02,      1.2876E+03,      5.9333E+01       
1.0000E-01,      4.2500E-01,      3.2000E-03,      9.0000E+00,      0.0000E+00,      6.9587E+02,      1.7267E+01,      1.0327E+02,      1.3087E+03,      5.6133E+01       
1.0000E-01,      4.2500E-01,      3.3000E-03,      9.0000E+00,      0.0000E+00,      7.0247E+02,      2.0067E+01,      1.0887E+02,      1.3079E+03,      6.1000E+01       
1.0000E-01,      4.2500E-01,      3.4000E-03,      9.0000E+00,      0.0000E+00,      7.2193E+02,      1.7733E+01,      1.0720E+02,      1.3255E+03,      5.4067E+01       
1.0000E-01,      4.2500E-01,      3.5000E-03,      9.0000E+00,      0.0000E+00,      7.1300E+02,      1.7267E+01,      1.0533E+02,      1.3218E+03,      5.5933E+01       
1.0000E-01,      4.2500E-01,      3.6000E-03,      9.0000E+00,      0.0000E+00,      6.8587E+02,      1.7133E+01,      1.0533E+02,      1.3038E+03,      5.7467E+01       
1.0000E-01,      4.2500E-01,      3.7000E-03,      9.0000E+00,      0.0000E+00,      7.0007E+02,      1.7400E+01,      1.0813E+02,      1.3107E+03,      5.8867E+01       
1.0000E-01,      4.2500E-01,      3.8000E-03,      9.0000E+00,      0.0000E+00,      6.9953E+02,      1.8533E+01,      1.0780E+02,      1.3033E+03,      5.3800E+01       
1.0000E-01,      4.2500E-01,      3.9000E-03,      9.0000E+00,      0.0000E+00,      7.3227E+02,      1.7400E+01,      1.0700E+02,      1.3485E+03,      5.7200E+01       
1.0000E-01,      4.2500E-01,      4.0000E-03,      9.0000E+00,      0.0000E+00,      7.2307E+02,      1.8800E+01,      1.0613E+02,      1.3326E+03,      5.8467E+01       
1.0000E-01,      4.5000E-01,      2.0000E-03,      9.0000E+00,      0.0000E+00,      7.4953E+02,      2.0067E+01,      1.1307E+02,      1.3542E+03,      6.4200E+01       
1.0000E-01,      4.5000E-01,      2.1000E-03,      9.0000E+00,      0.0000E+00,      7.3367E+02,      1.7333E+01,      1.0433E+02,      1.3490E+03,      5.6000E+01       
1.0000E-01,      4.5000E-01,      2.2000E-03,      9.0000E+00,      0.0000E+00,      7.7853E+02,      1.9067E+01,      1.0733E+02,      1.4009E+03,      6.3200E+01       
1.0000E-01,      4.5000E-01,      2.3000E-03,      9.0000E+00,      0.0000E+00,      7.7487E+02,      2.0733E+01,      1.1100E+02,      1.3909E+03,      6.5933E+01       
1.0000E-01,      4.5000E-01,      2.4000E-03,      9.0000E+00,      0.0000E+00,      7.4413E+02,      1.9933E+01,      1.1267E+02,      1.3528E+03,      5.8333E+01       
1.0000E-01,      4.5000E-01,      2.5000E-03,      9.0000E+00,      0.0000E+00,      7.3733E+02,      1.8200E+01,      1.1167E+02,      1.3579E+03,      6.0533E+01       
1.0000E-01,      4.5000E-01,      2.6000E-03,      9.0000E+00,      0.0000E+00,      7.5280E+02,      1.9600E+01,      1.1373E+02,      1.3654E+03,      5.8400E+01       
1.0000E-01,      4.5000E-01,      2.7000E-03,      9.0000E+00,      0.0000E+00,      7.7933E+02,      2.1667E+01,      1.0720E+02,      1.4039E+03,      6.4667E+01       
1.0000E-01,      4.5000E-01,      2.8000E-03,      9.0000E+00,      0.0000E+00,      7.4167E+02,      1.8933E+01,      1.1260E+02,      1.3665E+03,      6.0133E+01       
1.0000E-01,      4.5000E-01,      2.9000E-03,      9.0000E+00,      0.0000E+00,      7.5480E+02,      1.9867E+01,      1.1107E+02,      1.3701E+03,      6.0133E+01       
1.0000E-01,      4.5000E-01,      3.0000E-03,      9.0000E+00,      0.0000E+00,      7.6193E+02,      2.0200E+01,      1.1393E+02,      1.3785E+03,      6.1200E+01       
1.0000E-01,      4.5000E-01,      3.1000E-03,      9.0000E+00,      0.0000E+00,      7.8387E+02,      2.3067E+01,      1.1713E+02,      1.4019E+03,      6.5400E+01       
1.0000E-01,      4.5000E-01,      3.2000E-03,      9.0000E+00,      0.0000E+00,      7.6873E+02,      2.1667E+01,      1.1113E+02,      1.3834E+03,      6.1133E+01       
1.0000E-01,      4.5000E-01,      3.3000E-03,      9.0000E+00,      0.0000E+00,      7.5473E+02,      1.9667E+01,      1.1387E+02,      1.3695E+03,      6.0733E+01       
1.0000E-01,      4.5000E-01,      3.4000E-03,      9.0000E+00,      0.0000E+00,      7.3273E+02,      2.1000E+01,      1.1113E+02,      1.3499E+03,      6.2000E+01       
1.0000E-01,      4.5000E-01,      3.5000E-03,      9.0000E+00,      0.0000E+00,      7.7573E+02,      1.9467E+01,      1.1087E+02,      1.3918E+03,      6.2333E+01       
1.0000E-01,      4.5000E-01,      3.6000E-03,      9.0000E+00,      0.0000E+00,      7.6193E+02,      1.8733E+01,      1.0847E+02,      1.3803E+03,      6.3200E+01       
1.0000E-01,      4.5000E-01,      3.7000E-03,      9.0000E+00,      0.0000E+00,      7.6700E+02,      2.0000E+01,      1.1240E+02,      1.3903E+03,      6.2733E+01       
1.0000E-01,      4.5000E-01,      3.8000E-03,      9.0000E+00,      0.0000E+00,      7.6953E+02,      2.1000E+01,      1.0933E+02,      1.3887E+03,      6.5600E+01       
1.0000E-01,      4.5000E-01,      3.9000E-03,      9.0000E+00,      0.0000E+00,      7.4973E+02,      1.9933E+01,      1.1287E+02,      1.3650E+03,      6.2867E+01       
1.0000E-01,      4.5000E-01,      4.0000E-03,      9.0000E+00,      0.0000E+00,      7.6873E+02,      2.1267E+01,      1.1227E+02,      1.3956E+03,      6.1867E+01       
1.0000E-01,      4.7500E-01,      2.0000E-03,      9.0000E+00,      0.0000E+00,      8.2947E+02,      2.3200E+01,      1.2347E+02,      1.4503E+03,      6.6267E+01       
1.0000E-01,      4.7500E-01,      2.1000E-03,      9.0000E+00,      0.0000E+00,      8.3967E+02,      2.2267E+01,      1.1820E+02,      1.4653E+03,      6.6000E+01       
1.0000E-01,      4.7500E-01,      2.2000E-03,      9.0000E+00,      0.0000E+00,      7.9113E+02,      2.2067E+01,      1.1347E+02,      1.4255E+03,      6.4533E+01       
1.0000E-01,      4.7500E-01,      2.3000E-03,      9.0000E+00,      0.0000E+00,      7.9413E+02,      2.1333E+01,      1.1800E+02,      1.4153E+03,      6.5600E+01       
1.0000E-01,      4.7500E-01,      2.4000E-03,      9.0000E+00,      0.0000E+00,      8.0947E+02,      2.3400E+01,      1.1933E+02,      1.4387E+03,      6.5800E+01       
1.0000E-01,      4.7500E-01,      2.5000E-03,      9.0000E+00,      0.0000E+00,      8.3180E+02,      2.3533E+01,      1.1960E+02,      1.4558E+03,      7.0133E+01       
1.0000E-01,      4.7500E-01,      2.6000E-03,      9.0000E+00,      0.0000E+00,      8.1327E+02,      2.3000E+01,      1.1587E+02,      1.4399E+03,      6.7067E+01       
1.0000E-01,      4.7500E-01,      2.7000E-03,      9.0000E+00,      0.0000E+00,      7.8840E+02,      1.9933E+01,      1.1360E+02,      1.4039E+03,      6.2267E+01       
1.0000E-01,      4.7500E-01,      2.8000E-03,      9.0000E+00,      0.0000E+00,      8.0620E+02,      2.2933E+01,      1.1820E+02,      1.4193E+03,      6.7067E+01       
1.0000E-01,      4.7500E-01,      2.9000E-03,      9.0000E+00,      0.0000E+00,      8.0953E+02,      2.1333E+01,      1.1627E+02,      1.4409E+03,      6.7400E+01       
1.0000E-01,      4.7500E-01,      3.0000E-03,      9.0000E+00,      0.0000E+00,      8.2793E+02,      2.2933E+01,      1.1587E+02,      1.4521E+03,      6.6333E+01       
1.0000E-01,      4.7500E-01,      3.1000E-03,      9.0000E+00,      0.0000E+00,      8.1413E+02,      2.0467E+01,      1.1953E+02,      1.4317E+03,      6.6267E+01       
1.0000E-01,      4.7500E-01,      3.2000E-03,      9.0000E+00,      0.0000E+00,      8.3720E+02,      2.4867E+01,      1.1647E+02,      1.4698E+03,      6.6333E+01       
1.0000E-01,      4.7500E-01,      3.3000E-03,      9.0000E+00,      0.0000E+00,      8.0627E+02,      2.3267E+01,      1.1573E+02,      1.4317E+03,      6.3933E+01       
1.0000E-01,      4.7500E-01,      3.4000E-03,      9.0000E+00,      0.0000E+00,      8.1753E+02,      2.5400E+01,      1.1627E+02,      1.4457E+03,      6.6133E+01       
1.0000E-01,      4.7500E-01,      3.5000E-03,      9.0000E+00,      0.0000E+00,      8.2300E+02,      2.1200E+01,      1.1467E+02,      1.4489E+03,      6.4933E+01       
1.0000E-01,      4.7500E-01,      3.6000E-03,      9.0000E+00,      0.0000E+00,      8.0207E+02,      2.2667E+01,      1.1720E+02,      1.4360E+03,      6.3067E+01       
1.0000E-01,      4.7500E-01,      3.7000E-03,      9.0000E+00,      0.0000E+00,      8.2133E+02,      2.4200E+01,      1.1493E+02,      1.4475E+03,      6.4267E+01       
1.0000E-01,      4.7500E-01,      3.8000E-03,      9.0000E+00,      0.0000E+00,      7.9027E+02,      2.1200E+01,      1.1340E+02,      1.4107E+03,      6.2467E+01       
1.0000E-01,      4.7500E-01,      3.9000E-03,      9.0000E+00,      0.0000E+00,      8.1407E+02,      2.3667E+01,      1.1747E+02,      1.4327E+03,      6.6467E+01       
1.0000E-01,      4.7500E-01,      4.0000E-03,      9.0000E+00,      0.0000E+00,      8.0573E+02,      2.1667E+01,      1.2027E+02,      1.4221E+03,      6.6733E+01       
1.0000E-01,      5.0000E-01,      2.0000E-03,      9.0000E+00,      0.0000E+00,      8.6560E+02,      2.4733E+01,      1.1827E+02,      1.5037E+03,      7.0733E+01       
1.0000E-01,      5.0000E-01,      2.1000E-03,      9.0000E+00,      0.0000E+00,      8.7753E+02,      2.3800E+01,      1.2260E+02,      1.5049E+03,      7.1667E+01       
1.0000E-01,      5.0000E-01,      2.2000E-03,      9.0000E+00,      0.0000E+00,      8.8640E+02,      2.6467E+01,      1.2400E+02,      1.5185E+03,      7.3867E+01       
1.0000E-01,      5.0000E-01,      2.3000E-03,      9.0000E+00,      0.0000E+00,      8.6060E+02,      2.4000E+01,      1.2000E+02,      1.4933E+03,      6.6733E+01       
1.0000E-01,      5.0000E-01,      2.4000E-03,      9.0000E+00,      0.0000E+00,      8.7493E+02,      2.4400E+01,      1.2267E+02,      1.5089E+03,      7.1333E+01       
1.0000E-01,      5.0000E-01,      2.5000E-03,      9.0000E+00,      0.0000E+00,      8.7600E+02,      2.4867E+01,      1.2240E+02,      1.5100E+03,      6.7667E+01       
1.0000E-01,      5.0000E-01,      2.6000E-03,      9.0000E+00,      0.0000E+00,      8.8140E+02,      2.6400E+01,      1.2320E+02,      1.5138E+03,      6.9867E+01       
1.0000E-01,      5.0000E-01,      2.7000E-03,      9.0000E+00,      0.0000E+00,      9.0820E+02,      2.6800E+01,      1.2107E+02,      1.5431E+03,      7.1333E+01       
1.0000E-01,      5.0000E-01,      2.8000E-03,      9.0000E+00,      0.0000E+00,      8.6740E+02,      2.4733E+01,      1.2400E+02,      1.4898E+03,      6.7333E+01       
1.0000E-01,      5.0000E-01,      2.9000E-03,      9.0000E+00,      0.0000E+00,      8.8853E+02,      2.4133E+01,      1.2193E+02,      1.5159E+03,      6.8533E+01       
1.0000E-01,      5.0000E-01,      3.0000E-03,      9.0000E+00,      0.0000E+00,      8.7333E+02,      2.3000E+01,      1.2227E+02,      1.5073E+03,      7.1533E+01       
1.0000E-01,      5.0000E-01,      3.1000E-03,      9.0000E+00,      0.0000E+00,      8.8260E+02,      2.4200E+01,      1.1873E+02,      1.5169E+03,      7.1400E+01       
1.0000E-01,      5.0000E-01,      3.2000E-03,      9.0000E+00,      0.0000E+00,      9.1520E+02,      2.6867E+01,      1.2407E+02,      1.5454E+03,      7.0867E+01       
1.0000E-01,      5.0000E-01,      3.3000E-03,      9.0000E+00,      0.0000E+00,      8.6093E+02,      2.6600E+01,      1.2513E+02,      1.4810E+03,      6.8667E+01       
1.0000E-01,      5.0000E-01,      3.4000E-03,      9.0000E+00,      0.0000E+00,      9.1520E+02,      2.5133E+01,      1.2300E+02,      1.5447E+03,      7.4067E+01       
1.0000E-01,      5.0000E-01,      3.5000E-03,      9.0000E+00,      0.0000E+00,      8.4553E+02,      2.2733E+01,      1.2120E+02,      1.4713E+03,      6.6400E+01       
1.0000E-01,      5.0000E-01,      3.6000E-03,      9.0000E+00,      0.0000E+00,      8.3153E+02,      2.4333E+01,      1.2013E+02,      1.4593E+03,      6.7400E+01       
1.0000E-01,      5.0000E-01,      3.7000E-03,      9.0000E+00,      0.0000E+00,      8.3173E+02,      2.3267E+01,      1.1553E+02,      1.4730E+03,      6.5267E+01       
1.0000E-01,      5.0000E-01,      3.8000E-03,      9.0000E+00,      0.0000E+00,      9.0020E+02,      2.4733E+01,      1.2113E+02,      1.5408E+03,      7.0533E+01       
1.0000E-01,      5.0000E-01,      3.9000E-03,      9.0000E+00,      0.0000E+00,      8.7287E+02,      2.1733E+01,      1.2187E+02,      1.5003E+03,      7.2400E+01       
1.0000E-01,      5.0000E-01,      4.0000E-03,      9.0000E+00,      0.0000E+00,      8.4707E+02,      2.6067E+01,      1.2187E+02,      1.4838E+03,      6.6067E+01       
1.0000E-01,      5.2500E-01,      2.0000E-03,      9.0000E+00,      0.0000E+00,      9.1027E+02,      2.5400E+01,      1.2700E+02,      1.5468E+03,      7.1867E+01       
1.0000E-01,      5.2500E-01,      2.1000E-03,      9.0000E+00,      0.0000E+00,      9.4153E+02,      2.9000E+01,      1.3420E+02,      1.5818E+03,      7.4200E+01       
1.0000E-01,      5.2500E-01,      2.2000E-03,      9.0000E+00,      0.0000E+00,      9.6080E+02,      2.7600E+01,      1.2787E+02,      1.6017E+03,      7.9933E+01       
1.0000E-01,      5.2500E-01,      2.3000E-03,      9.0000E+00,      0.0000E+00,      9.4733E+02,      3.0133E+01,      1.2487E+02,      1.5979E+03,      8.0400E+01       
1.0000E-01,      5.2500E-01,      2.4000E-03,      9.0000E+00,      0.0000E+00,      9.2660E+02,      2.5267E+01,      1.3460E+02,      1.5501E+03,      7.8333E+01       
1.0000E-01,      5.2500E-01,      2.5000E-03,      9.0000E+00,      0.0000E+00,      9.6593E+02,      2.8600E+01,      1.2587E+02,      1.5983E+03,      7.8800E+01       
1.0000E-01,      5.2500E-01,      2.6000E-03,      9.0000E+00,      0.0000E+00,      9.4093E+02,      2.4667E+01,      1.2387E+02,      1.5935E+03,      7.9467E+01       
1.0000E-01,      5.2500E-01,      2.7000E-03,      9.0000E+00,      0.0000E+00,      9.4033E+02,      2.9600E+01,      1.2780E+02,      1.5886E+03,      7.4533E+01       
1.0000E-01,      5.2500E-01,      2.8000E-03,      9.0000E+00,      0.0000E+00,      1.0156E+03,      3.0000E+01,      1.2813E+02,      1.6647E+03,      7.6533E+01       
1.0000E-01,      5.2500E-01,      2.9000E-03,      9.0000E+00,      0.0000E+00,      9.1373E+02,      2.7133E+01,      1.2707E+02,      1.5523E+03,      7.4933E+01       
1.0000E-01,      5.2500E-01,      3.0000E-03,      9.0000E+00,      0.0000E+00,      9.5193E+02,      2.6067E+01,      1.2320E+02,      1.5873E+03,      7.5133E+01       
1.0000E-01,      5.2500E-01,      3.1000E-03,      9.0000E+00,      0.0000E+00,      8.8827E+02,      2.6867E+01,      1.2813E+02,      1.5247E+03,      7.2800E+01       
1.0000E-01,      5.2500E-01,      3.2000E-03,      9.0000E+00,      0.0000E+00,      9.4513E+02,      2.9867E+01,      1.2773E+02,      1.5926E+03,      7.5333E+01       
1.0000E-01,      5.2500E-01,      3.3000E-03,      9.0000E+00,      0.0000E+00,      9.5900E+02,      2.7800E+01,      1.2620E+02,      1.6102E+03,      8.1533E+01       
1.0000E-01,      5.2500E-01,      3.4000E-03,      9.0000E+00,      0.0000E+00,      9.5293E+02,      2.7467E+01,      1.2753E+02,      1.5923E+03,      8.1000E+01       
1.0000E-01,      5.2500E-01,      3.5000E-03,      9.0000E+00,      0.0000E+00,      9.1800E+02,      2.8067E+01,      1.2753E+02,      1.5651E+03,      7.6733E+01       
1.0000E-01,      5.2500E-01,      3.6000E-03,      9.0000E+00,      0.0000E+00,      9.2507E+02,      2.8067E+01,      1.2667E+02,      1.5677E+03,      6.9867E+01       
1.0000E-01,      5.2500E-01,      3.7000E-03,      9.0000E+00,      0.0000E+00,      9.2253E+02,      2.8400E+01,      1.2460E+02,      1.5644E+03,      7.6067E+01       
1.0000E-01,      5.2500E-01,      3.8000E-03,      9.0000E+00,      0.0000E+00,      9.9240E+02,      3.0267E+01,      1.3907E+02,      1.6319E+03,      7.9800E+01       
1.0000E-01,      5.2500E-01,      3.9000E-03,      9.0000E+00,      0.0000E+00,      9.4587E+02,      2.6867E+01,      1.2887E+02,      1.5851E+03,      7.6667E+01       
1.0000E-01,      5.2500E-01,      4.0000E-03,      9.0000E+00,      0.0000E+00,      9.1413E+02,      2.8733E+01,      1.2900E+02,      1.5523E+03,      7.7133E+01       
1.0000E-01,      5.5000E-01,      2.0000E-03,      9.0000E+00,      0.0000E+00,      9.8873E+02,      2.8733E+01,      1.3687E+02,      1.6219E+03,      7.8333E+01       
1.0000E-01,      5.5000E-01,      2.1000E-03,      9.0000E+00,      0.0000E+00,      1.0151E+03,      3.0267E+01,      1.3320E+02,      1.6626E+03,      8.6733E+01       
1.0000E-01,      5.5000E-01,      2.2000E-03,      9.0000E+00,      0.0000E+00,      1.0255E+03,      2.9400E+01,      1.3447E+02,      1.6702E+03,      8.1333E+01       
1.0000E-01,      5.5000E-01,      2.3000E-03,      9.0000E+00,      0.0000E+00,      1.0156E+03,      2.9200E+01,      1.3167E+02,      1.6590E+03,      8.3400E+01       
1.0000E-01,      5.5000E-01,      2.4000E-03,      9.0000E+00,      0.0000E+00,      1.0156E+03,      3.0533E+01,      1.3727E+02,      1.6561E+03,      7.9933E+01       
1.0000E-01,      5.5000E-01,      2.5000E-03,      9.0000E+00,      0.0000E+00,      1.0227E+03,      3.1867E+01,      1.3053E+02,      1.6757E+03,      8.2533E+01       
1.0000E-01,      5.5000E-01,      2.6000E-03,      9.0000E+00,      0.0000E+00,      1.0135E+03,      2.9600E+01,      1.3900E+02,      1.6607E+03,      8.1467E+01       
1.0000E-01,      5.5000E-01,      2.7000E-03,      9.0000E+00,      0.0000E+00,      1.0013E+03,      3.0200E+01,      1.3647E+02,      1.6387E+03,      8.3067E+01       
1.0000E-01,      5.5000E-01,      2.8000E-03,      9.0000E+00,      0.0000E+00,      9.9087E+02,      2.9867E+01,      1.3180E+02,      1.6389E+03,      7.8933E+01       
1.0000E-01,      5.5000E-01,      2.9000E-03,      9.0000E+00,      0.0000E+00,      1.0193E+03,      3.1200E+01,      1.3367E+02,      1.6709E+03,      8.0933E+01       
1.0000E-01,      5.5000E-01,      3.0000E-03,      9.0000E+00,      0.0000E+00,      1.0253E+03,      2.9067E+01,      1.3720E+02,      1.6705E+03,      8.0267E+01       
1.0000E-01,      5.5000E-01,      3.1000E-03,      9.0000E+00,      0.0000E+00,      1.0056E+03,      3.0867E+01,      1.3373E+02,      1.6491E+03,      8.1133E+01       
1.0000E-01,      5.5000E-01,      3.2000E-03,      9.0000E+00,      0.0000E+00,      1.0127E+03,      3.2200E+01,      1.3707E+02,      1.6648E+03,      8.1467E+01       
1.0000E-01,      5.5000E-01,      3.3000E-03,      9.0000E+00,      0.0000E+00,      9.8000E+02,      3.0200E+01,      1.3593E+02,      1.6207E+03,      8.1200E+01       
1.0000E-01,      5.5000E-01,      3.4000E-03,      9.0000E+00,      0.0000E+00,      9.9260E+02,      3.0733E+01,      1.3167E+02,      1.6425E+03,      7.9400E+01       
1.0000E-01,      5.5000E-01,      3.5000E-03,      9.0000E+00,      0.0000E+00,      9.9720E+02,      3.1667E+01,      1.3660E+02,      1.6467E+03,      8.0067E+01       
1.0000E-01,      5.5000E-01,      3.6000E-03,      9.0000E+00,      0.0000E+00,      1.0342E+03,      3.1400E+01,      1.3740E+02,      1.6723E+03,      8.2333E+01       
1.0000E-01,      5.5000E-01,      3.7000E-03,      9.0000E+00,      0.0000E+00,      1.0729E+03,      3.1533E+01,      1.3820E+02,      1.7199E+03,      8.5867E+01       
1.0000E-01,      5.5000E-01,      3.8000E-03,      9.0000E+00,      0.0000E+00,      1.0070E+03,      3.0800E+01,      1.2980E+02,      1.6548E+03,      8.1800E+01       
1.0000E-01,      5.5000E-01,      3.9000E-03,      9.0000E+00,      0.0000E+00,      1.0269E+03,      3.1600E+01,      1.3727E+02,      1.6871E+03,      8.3867E+01       
1.0000E-01,      5.5000E-01,      4.0000E-03,      9.0000E+00,      0.0000E+00,      1.0193E+03,      2.9933E+01,      1.3700E+02,      1.6625E+03,      8.2867E+01       
1.0000E-01,      5.7500E-01,      2.0000E-03,      9.0000E+00,      0.0000E+00,      1.0739E+03,      3.6600E+01,      1.4287E+02,      1.7253E+03,      8.8533E+01       
1.0000E-01,      5.7500E-01,      2.1000E-03,      9.0000E+00,      0.0000E+00,      1.0475E+03,      3.4733E+01,      1.4547E+02,      1.6856E+03,      8.3200E+01       
1.0000E-01,      5.7500E-01,      2.2000E-03,      9.0000E+00,      0.0000E+00,      1.1141E+03,      3.8200E+01,      1.4207E+02,      1.7705E+03,      8.9933E+01       
1.0000E-01,      5.7500E-01,      2.3000E-03,      9.0000E+00,      0.0000E+00,      1.0375E+03,      3.2867E+01,      1.4273E+02,      1.6800E+03,      8.2000E+01       
1.0000E-01,      5.7500E-01,      2.4000E-03,      9.0000E+00,      0.0000E+00,      1.0366E+03,      3.3667E+01,      1.4153E+02,      1.6799E+03,      8.3800E+01       
1.0000E-01,      5.7500E-01,      2.5000E-03,      9.0000E+00,      0.0000E+00,      1.0840E+03,      3.6067E+01,      1.4620E+02,      1.7287E+03,      8.4267E+01       
1.0000E-01,      5.7500E-01,      2.6000E-03,      9.0000E+00,      0.0000E+00,      1.0677E+03,      3.4133E+01,      1.4107E+02,      1.7211E+03,      8.9733E+01       
1.0000E-01,      5.7500E-01,      2.7000E-03,      9.0000E+00,      0.0000E+00,      1.0632E+03,      3.4200E+01,      1.4213E+02,      1.7074E+03,      8.3600E+01       
1.0000E-01,      5.7500E-01,      2.8000E-03,      9.0000E+00,      0.0000E+00,      1.0641E+03,      3.4267E+01,      1.4113E+02,      1.7142E+03,      8.7933E+01       
1.0000E-01,      5.7500E-01,      2.9000E-03,      9.0000E+00,      0.0000E+00,      1.0431E+03,      3.3200E+01,      1.3860E+02,      1.7033E+03,      8.6533E+01       
1.0000E-01,      5.7500E-01,      3.0000E-03,      9.0000E+00,      0.0000E+00,      1.0753E+03,      3.4667E+01,      1.3820E+02,      1.7282E+03,      8.5400E+01       
1.0000E-01,      5.7500E-01,      3.1000E-03,      9.0000E+00,      0.0000E+00,      1.0831E+03,      3.2400E+01,      1.4300E+02,      1.7291E+03,      8.7333E+01       
1.0000E-01,      5.7500E-01,      3.2000E-03,      9.0000E+00,      0.0000E+00,      1.0543E+03,      3.4133E+01,      1.3767E+02,      1.6998E+03,      8.3933E+01       
1.0000E-01,      5.7500E-01,      3.3000E-03,      9.0000E+00,      0.0000E+00,      1.0697E+03,      3.3533E+01,      1.3807E+02,      1.7233E+03,      8.4867E+01       
1.0000E-01,      5.7500E-01,      3.4000E-03,      9.0000E+00,      0.0000E+00,      1.0868E+03,      3.6733E+01,      1.4200E+02,      1.7341E+03,      8.7400E+01       
1.0000E-01,      5.7500E-01,      3.5000E-03,      9.0000E+00,      0.0000E+00,      1.0906E+03,      3.5133E+01,      1.3893E+02,      1.7481E+03,      9.0133E+01       
1.0000E-01,      5.7500E-01,      3.6000E-03,      9.0000E+00,      0.0000E+00,      1.1284E+03,      3.4533E+01,      1.3713E+02,      1.7909E+03,      9.0267E+01       
1.0000E-01,      5.7500E-01,      3.7000E-03,      9.0000E+00,      0.0000E+00,      1.0747E+03,      3.2867E+01,      1.4440E+02,      1.7207E+03,      8.7400E+01       
1.0000E-01,      5.7500E-01,      3.8000E-03,      9.0000E+00,      0.0000E+00,      1.0624E+03,      3.1867E+01,      1.3747E+02,      1.7091E+03,      8.5133E+01       
1.0000E-01,      5.7500E-01,      3.9000E-03,      9.0000E+00,      0.0000E+00,      1.0701E+03,      3.6867E+01,      1.4080E+02,      1.7175E+03,      8.8667E+01       
1.0000E-01,      5.7500E-01,      4.0000E-03,      9.0000E+00,      0.0000E+00,      1.0459E+03,      3.4333E+01,      1.3873E+02,      1.6967E+03,      8.2133E+01       
1.0000E-01,      6.0000E-01,      2.0000E-03,      9.0000E+00,      0.0000E+00,      1.1570E+03,      4.1933E+01,      1.5587E+02,      1.8097E+03,      9.2800E+01       
1.0000E-01,      6.0000E-01,      2.1000E-03,      9.0000E+00,      0.0000E+00,      1.1036E+03,      3.6467E+01,      1.4567E+02,      1.7601E+03,      9.1733E+01       
1.0000E-01,      6.0000E-01,      2.2000E-03,      9.0000E+00,      0.0000E+00,      1.1543E+03,      3.9000E+01,      1.5193E+02,      1.8117E+03,      8.9600E+01       
1.0000E-01,      6.0000E-01,      2.3000E-03,      9.0000E+00,      0.0000E+00,      1.1205E+03,      3.8533E+01,      1.4273E+02,      1.7775E+03,      8.8000E+01       
1.0000E-01,      6.0000E-01,      2.4000E-03,      9.0000E+00,      0.0000E+00,      1.1299E+03,      3.8067E+01,      1.4347E+02,      1.7933E+03,      8.9133E+01       
1.0000E-01,      6.0000E-01,      2.5000E-03,      9.0000E+00,      0.0000E+00,      1.1511E+03,      4.0867E+01,      1.4487E+02,      1.8105E+03,      9.3400E+01       
1.0000E-01,      6.0000E-01,      2.6000E-03,      9.0000E+00,      0.0000E+00,      1.1137E+03,      3.6667E+01,      1.4267E+02,      1.7715E+03,      8.7800E+01       
1.0000E-01,      6.0000E-01,      2.7000E-03,      9.0000E+00,      0.0000E+00,      1.1653E+03,      3.7133E+01,      1.4767E+02,      1.8189E+03,      9.5667E+01       
1.0000E-01,      6.0000E-01,      2.8000E-03,      9.0000E+00,      0.0000E+00,      1.1721E+03,      3.7600E+01,      1.4320E+02,      1.8306E+03,      9.3733E+01       
1.0000E-01,      6.0000E-01,      2.9000E-03,      9.0000E+00,      0.0000E+00,      1.1080E+03,      3.6533E+01,      1.4447E+02,      1.7612E+03,      8.5267E+01       
1.0000E-01,      6.0000E-01,      3.0000E-03,      9.0000E+00,      0.0000E+00,      1.1261E+03,      3.8333E+01,      1.4607E+02,      1.7844E+03,      9.4133E+01       
1.0000E-01,      6.0000E-01,      3.1000E-03,      9.0000E+00,      0.0000E+00,      1.2095E+03,      3.7067E+01,      1.5560E+02,      1.8542E+03,      9.8533E+01       
1.0000E-01,      6.0000E-01,      3.2000E-03,      9.0000E+00,      0.0000E+00,      1.1995E+03,      4.1333E+01,      1.5527E+02,      1.8605E+03,      9.2800E+01       
1.0000E-01,      6.0000E-01,      3.3000E-03,      9.0000E+00,      0.0000E+00,      1.1454E+03,      3.6733E+01,      1.5340E+02,      1.7947E+03,      8.7333E+01       
1.0000E-01,      6.0000E-01,      3.4000E-03,      9.0000E+00,      0.0000E+00,      1.1995E+03,      4.0867E+01,      1.4773E+02,      1.8622E+03,      9.1067E+01       
1.0000E-01,      6.0000E-01,      3.5000E-03,      9.0000E+00,      0.0000E+00,      1.1313E+03,      3.8933E+01,      1.4667E+02,      1.7879E+03,      8.6867E+01       
1.0000E-01,      6.0000E-01,      3.6000E-03,      9.0000E+00,      0.0000E+00,      1.1665E+03,      4.1600E+01,      1.4600E+02,      1.8317E+03,      9.3800E+01       
1.0000E-01,      6.0000E-01,      3.7000E-03,      9.0000E+00,      0.0000E+00,      1.1320E+03,      3.8333E+01,      1.4860E+02,      1.7846E+03,      8.7200E+01       
1.0000E-01,      6.0000E-01,      3.8000E-03,      9.0000E+00,      0.0000E+00,      1.1941E+03,      3.6733E+01,      1.4647E+02,      1.8543E+03,      9.6400E+01       
1.0000E-01,      6.0000E-01,      3.9000E-03,      9.0000E+00,      0.0000E+00,      1.2048E+03,      3.9600E+01,      1.5007E+02,      1.8668E+03,      9.5733E+01       
1.0000E-01,      6.0000E-01,      4.0000E-03,      9.0000E+00,      0.0000E+00,      1.1339E+03,      3.7333E+01,      1.5053E+02,      1.7931E+03,      9.1467E+01       
1.0000E-01,      6.2500E-01,      2.0000E-03,      9.0000E+00,      0.0000E+00,      1.2607E+03,      4.3200E+01,      1.5380E+02,      1.9225E+03,      9.9467E+01       
1.0000E-01,      6.2500E-01,      2.1000E-03,      9.0000E+00,      0.0000E+00,      1.2271E+03,      4.3133E+01,      1.5327E+02,      1.8957E+03,      9.3600E+01       
1.0000E-01,      6.2500E-01,      2.2000E-03,      9.0000E+00,      0.0000E+00,      1.2627E+03,      4.0600E+01,      1.5460E+02,      1.9131E+03,      1.0440E+02       
1.0000E-01,      6.2500E-01,      2.3000E-03,      9.0000E+00,      0.0000E+00,      1.2247E+03,      3.9800E+01,      1.5133E+02,      1.8835E+03,      9.8733E+01       
1.0000E-01,      6.2500E-01,      2.4000E-03,      9.0000E+00,      0.0000E+00,      1.2127E+03,      4.1000E+01,      1.5360E+02,      1.8727E+03,      9.4133E+01       
1.0000E-01,      6.2500E-01,      2.5000E-03,      9.0000E+00,      0.0000E+00,      1.2735E+03,      4.5267E+01,      1.5547E+02,      1.9413E+03,      1.0093E+02       
1.0000E-01,      6.2500E-01,      2.6000E-03,      9.0000E+00,      0.0000E+00,      1.2551E+03,      4.4667E+01,      1.5333E+02,      1.9190E+03,      1.0553E+02       
1.0000E-01,      6.2500E-01,      2.7000E-03,      9.0000E+00,      0.0000E+00,      1.3101E+03,      4.2933E+01,      1.5840E+02,      1.9677E+03,      1.0593E+02       
1.0000E-01,      6.2500E-01,      2.8000E-03,      9.0000E+00,      0.0000E+00,      1.2743E+03,      4.2933E+01,      1.5747E+02,      1.9349E+03,      1.0680E+02       
1.0000E-01,      6.2500E-01,      2.9000E-03,      9.0000E+00,      0.0000E+00,      1.2645E+03,      4.2400E+01,      1.5707E+02,      1.9234E+03,      1.0307E+02       
1.0000E-01,      6.2500E-01,      3.0000E-03,      9.0000E+00,      0.0000E+00,      1.2179E+03,      4.1467E+01,      1.5087E+02,      1.8805E+03,      9.7000E+01       
1.0000E-01,      6.2500E-01,      3.1000E-03,      9.0000E+00,      0.0000E+00,      1.2815E+03,      4.2600E+01,      1.5927E+02,      1.9350E+03,      9.7933E+01       
1.0000E-01,      6.2500E-01,      3.2000E-03,      9.0000E+00,      0.0000E+00,      1.2901E+03,      4.1600E+01,      1.5660E+02,      1.9558E+03,      1.0707E+02       
1.0000E-01,      6.2500E-01,      3.3000E-03,      9.0000E+00,      0.0000E+00,      1.2469E+03,      4.4133E+01,      1.5587E+02,      1.9101E+03,      9.4133E+01       
1.0000E-01,      6.2500E-01,      3.4000E-03,      9.0000E+00,      0.0000E+00,      1.2409E+03,      4.3867E+01,      1.5807E+02,      1.8921E+03,      9.9933E+01       
1.0000E-01,      6.2500E-01,      3.5000E-03,      9.0000E+00,      0.0000E+00,      1.2683E+03,      4.2733E+01,      1.5987E+02,      1.9271E+03,      1.0333E+02       
1.0000E-01,      6.2500E-01,      3.6000E-03,      9.0000E+00,      0.0000E+00,      1.2921E+03,      4.3000E+01,      1.5980E+02,      1.9495E+03,      1.0573E+02       
1.0000E-01,      6.2500E-01,      3.7000E-03,      9.0000E+00,      0.0000E+00,      1.2895E+03,      4.5000E+01,      1.5680E+02,      1.9547E+03,      9.8467E+01       
1.0000E-01,      6.2500E-01,      3.8000E-03,      9.0000E+00,      0.0000E+00,      1.2719E+03,      4.1133E+01,      1.4940E+02,      1.9393E+03,      9.5867E+01       
1.0000E-01,      6.2500E-01,      3.9000E-03,      9.0000E+00,      0.0000E+00,      1.1848E+03,      4.2267E+01,      1.5467E+02,      1.8493E+03,      9.1133E+01       
1.0000E-01,      6.2500E-01,      4.0000E-03,      9.0000E+00,      0.0000E+00,      1.2015E+03,      4.2667E+01,      1.5460E+02,      1.8571E+03,      9.7667E+01       
1.0000E-01,      6.5000E-01,      2.0000E-03,      9.0000E+00,      0.0000E+00,      1.3970E+03,      4.8333E+01,      1.6873E+02,      2.0636E+03,      1.0807E+02       
1.0000E-01,      6.5000E-01,      2.1000E-03,      8.9333E+00,      2.5820E-01,      1.3421E+03,      5.0333E+01,      1.5953E+02,      2.0119E+03,      1.0673E+02       
1.0000E-01,      6.5000E-01,      2.2000E-03,      9.0000E+00,      0.0000E+00,      1.3995E+03,      4.6667E+01,      1.7060E+02,      2.0662E+03,      1.0980E+02       
1.0000E-01,      6.5000E-01,      2.3000E-03,      9.0000E+00,      0.0000E+00,      1.3505E+03,      4.6800E+01,      1.6467E+02,      2.0169E+03,      1.1167E+02       
1.0000E-01,      6.5000E-01,      2.4000E-03,      9.0000E+00,      0.0000E+00,      1.3438E+03,      4.5267E+01,      1.6220E+02,      2.0139E+03,      1.1020E+02       
1.0000E-01,      6.5000E-01,      2.5000E-03,      9.0000E+00,      0.0000E+00,      1.3589E+03,      4.8867E+01,      1.6453E+02,      2.0186E+03,      1.0440E+02       
1.0000E-01,      6.5000E-01,      2.6000E-03,      9.0000E+00,      0.0000E+00,      1.3538E+03,      5.1933E+01,      1.6507E+02,      2.0313E+03,      1.0660E+02       
1.0000E-01,      6.5000E-01,      2.7000E-03,      9.0000E+00,      0.0000E+00,      1.3129E+03,      4.5733E+01,      1.6107E+02,      1.9823E+03,      1.0553E+02       
1.0000E-01,      6.5000E-01,      2.8000E-03,      9.0000E+00,      0.0000E+00,      1.3771E+03,      4.9000E+01,      1.6580E+02,      2.0373E+03,      1.0693E+02       
1.0000E-01,      6.5000E-01,      2.9000E-03,      9.0000E+00,      0.0000E+00,      1.3929E+03,      5.0733E+01,      1.7100E+02,      2.0536E+03,      1.1280E+02       
1.0000E-01,      6.5000E-01,      3.0000E-03,      9.0000E+00,      0.0000E+00,      1.3594E+03,      4.8867E+01,      1.7060E+02,      2.0147E+03,      1.1233E+02       
1.0000E-01,      6.5000E-01,      3.1000E-03,      9.0000E+00,      0.0000E+00,      1.3862E+03,      4.4400E+01,      1.6493E+02,      2.0453E+03,      1.0947E+02       
1.0000E-01,      6.5000E-01,      3.2000E-03,      9.0000E+00,      0.0000E+00,      1.3219E+03,      4.5733E+01,      1.6627E+02,      1.9689E+03,      1.0580E+02       
1.0000E-01,      6.5000E-01,      3.3000E-03,      9.0000E+00,      0.0000E+00,      1.3283E+03,      4.5067E+01,      1.6227E+02,      1.9991E+03,      1.0573E+02       
1.0000E-01,      6.5000E-01,      3.4000E-03,      9.0000E+00,      0.0000E+00,      1.3562E+03,      4.7133E+01,      1.6707E+02,      2.0287E+03,      1.0880E+02       
1.0000E-01,      6.5000E-01,      3.5000E-03,      9.0000E+00,      0.0000E+00,      1.3867E+03,      5.0800E+01,      1.7080E+02,      2.0515E+03,      1.0980E+02       
1.0000E-01,      6.5000E-01,      3.6000E-03,      8.8667E+00,      3.5187E-01,      1.3965E+03,      5.0600E+01,      1.7227E+02,      2.0514E+03,      1.1020E+02       
1.0000E-01,      6.5000E-01,      3.7000E-03,      9.0000E+00,      0.0000E+00,      1.3498E+03,      4.6000E+01,      1.6467E+02,      2.0188E+03,      1.0947E+02       
1.0000E-01,      6.5000E-01,      3.8000E-03,      9.0000E+00,      0.0000E+00,      1.3353E+03,      4.4000E+01,      1.6407E+02,      1.9872E+03,      1.0413E+02       
1.0000E-01,      6.5000E-01,      3.9000E-03,      9.0000E+00,      0.0000E+00,      1.3890E+03,      5.1733E+01,      1.6593E+02,      2.0574E+03,      1.0947E+02       
1.0000E-01,      6.5000E-01,      4.0000E-03,      9.0000E+00,      0.0000E+00,      1.3437E+03,      4.8467E+01,      1.6413E+02,      2.0073E+03,      1.0513E+02       
1.0000E-01,      6.7500E-01,      2.0000E-03,      8.8000E+00,      4.1404E-01,      1.5037E+03,      5.3000E+01,      1.7020E+02,      2.1769E+03,      1.2687E+02       
1.0000E-01,      6.7500E-01,      2.1000E-03,      8.9333E+00,      2.5820E-01,      1.4465E+03,      5.3600E+01,      1.7813E+02,      2.1044E+03,      1.1073E+02       
1.0000E-01,      6.7500E-01,      2.2000E-03,      8.8000E+00,      4.1404E-01,      1.4436E+03,      5.3933E+01,      1.8127E+02,      2.0962E+03,      1.1267E+02       
1.0000E-01,      6.7500E-01,      2.3000E-03,      8.9333E+00,      2.5820E-01,      1.5378E+03,      5.2933E+01,      1.7547E+02,      2.2059E+03,      1.2267E+02       
1.0000E-01,      6.7500E-01,      2.4000E-03,      9.0000E+00,      0.0000E+00,      1.4252E+03,      5.1333E+01,      1.7400E+02,      2.0911E+03,      1.1353E+02       
1.0000E-01,      6.7500E-01,      2.5000E-03,      8.8000E+00,      4.1404E-01,      1.5176E+03,      6.1200E+01,      1.8460E+02,      2.1699E+03,      1.2027E+02       
1.0000E-01,      6.7500E-01,      2.6000E-03,      8.8667E+00,      3.5187E-01,      1.5455E+03,      5.7667E+01,      1.7927E+02,      2.2208E+03,      1.2533E+02       
1.0000E-01,      6.7500E-01,      2.7000E-03,      8.9333E+00,      2.5820E-01,      1.4499E+03,      5.3267E+01,      1.8000E+02,      2.1059E+03,      1.1833E+02       
1.0000E-01,      6.7500E-01,      2.8000E-03,      8.8667E+00,      3.5187E-01,      1.4522E+03,      5.4733E+01,      1.7000E+02,      2.1231E+03,      1.2047E+02       
1.0000E-01,      6.7500E-01,      2.9000E-03,      9.0000E+00,      0.0000E+00,      1.4483E+03,      5.0933E+01,      1.7227E+02,      2.1241E+03,      1.2147E+02       
1.0000E-01,      6.7500E-01,      3.0000E-03,      8.8000E+00,      4.1404E-01,      1.4715E+03,      5.6400E+01,      1.8027E+02,      2.1278E+03,      1.1433E+02       
1.0000E-01,      6.7500E-01,      3.1000E-03,      8.7333E+00,      5.9362E-01,      1.4705E+03,      5.7400E+01,      1.7687E+02,      2.1293E+03,      1.1693E+02       
1.0000E-01,      6.7500E-01,      3.2000E-03,      8.9333E+00,      2.5820E-01,      1.4261E+03,      4.9400E+01,      1.7967E+02,      2.0884E+03,      1.1460E+02       
1.0000E-01,      6.7500E-01,      3.3000E-03,      8.9333E+00,      2.5820E-01,      1.4649E+03,      5.5667E+01,      1.8233E+02,      2.1269E+03,      1.1387E+02       
1.0000E-01,      6.7500E-01,      3.4000E-03,      8.8667E+00,      3.5187E-01,      1.4487E+03,      4.7000E+01,      1.7447E+02,      2.1038E+03,      1.1620E+02       
1.0000E-01,      6.7500E-01,      3.5000E-03,      8.7333E+00,      4.5774E-01,      1.4703E+03,      5.9000E+01,      1.8007E+02,      2.1228E+03,      1.1527E+02       
1.0000E-01,      6.7500E-01,      3.6000E-03,      8.9333E+00,      2.5820E-01,      1.4780E+03,      5.3467E+01,      1.6673E+02,      2.1580E+03,      1.2193E+02       
1.0000E-01,      6.7500E-01,      3.7000E-03,      8.7333E+00,      4.5774E-01,      1.4621E+03,      5.4467E+01,      1.7740E+02,      2.1314E+03,      1.1407E+02       
1.0000E-01,      6.7500E-01,      3.8000E-03,      8.8667E+00,      3.5187E-01,      1.4227E+03,      5.1667E+01,      1.7340E+02,      2.0893E+03,      1.1813E+02       
1.0000E-01,      6.7500E-01,      3.9000E-03,      8.9333E+00,      2.5820E-01,      1.4803E+03,      5.2800E+01,      1.7640E+02,      2.1472E+03,      1.1267E+02       
1.0000E-01,      6.7500E-01,      4.0000E-03,      8.9333E+00,      2.5820E-01,      1.4354E+03,      5.6400E+01,      1.7607E+02,      2.0973E+03,      1.0953E+02       
1.0000E-01,      7.0000E-01,      2.0000E-03,      8.5333E+00,      6.3994E-01,      1.5099E+03,      6.1000E+01,      1.8180E+02,      2.1641E+03,      1.2453E+02       
1.0000E-01,      7.0000E-01,      2.1000E-03,      8.6667E+00,      8.1650E-01,      1.5093E+03,      5.9267E+01,      1.8567E+02,      2.1601E+03,      1.1253E+02       
1.0000E-01,      7.0000E-01,      2.2000E-03,      8.2000E+00,      7.7460E-01,      1.5251E+03,      5.8867E+01,      1.8447E+02,      2.1699E+03,      1.2007E+02       
1.0000E-01,      7.0000E-01,      2.3000E-03,      8.5333E+00,      6.3994E-01,      1.5603E+03,      5.7467E+01,      1.8267E+02,      2.2116E+03,      1.2467E+02       
1.0000E-01,      7.0000E-01,      2.4000E-03,      8.4000E+00,      7.3679E-01,      1.5734E+03,      5.7533E+01,      1.8847E+02,      2.2196E+03,      1.2467E+02       
1.0000E-01,      7.0000E-01,      2.5000E-03,      8.4000E+00,      6.3246E-01,      1.5197E+03,      5.8000E+01,      1.8273E+02,      2.1718E+03,      1.2173E+02       
1.0000E-01,      7.0000E-01,      2.6000E-03,      8.8000E+00,      4.1404E-01,      1.5335E+03,      5.9867E+01,      1.8467E+02,      2.2058E+03,      1.2313E+02       
1.0000E-01,      7.0000E-01,      2.7000E-03,      8.6000E+00,      6.3246E-01,      1.5389E+03,      5.8800E+01,      1.8360E+02,      2.1946E+03,      1.1873E+02       
1.0000E-01,      7.0000E-01,      2.8000E-03,      8.4000E+00,      6.3246E-01,      1.5349E+03,      5.5400E+01,      1.7807E+02,      2.1924E+03,      1.2267E+02       
1.0000E-01,      7.0000E-01,      2.9000E-03,      8.4667E+00,      7.4322E-01,      1.4801E+03,      6.3133E+01,      1.8647E+02,      2.1273E+03,      1.1567E+02       
1.0000E-01,      7.0000E-01,      3.0000E-03,      8.4667E+00,      7.4322E-01,      1.5423E+03,      5.9867E+01,      1.8313E+02,      2.1923E+03,      1.1707E+02       
1.0000E-01,      7.0000E-01,      3.1000E-03,      8.4667E+00,      6.3994E-01,      1.5543E+03,      6.4333E+01,      1.9207E+02,      2.2007E+03,      1.2427E+02       
1.0000E-01,      7.0000E-01,      3.2000E-03,      8.2667E+00,      8.8372E-01,      1.5385E+03,      6.0000E+01,      1.8480E+02,      2.1647E+03,      1.1727E+02       
1.0000E-01,      7.0000E-01,      3.3000E-03,      8.5333E+00,      6.3994E-01,      1.5701E+03,      5.6267E+01,      1.8447E+02,      2.2265E+03,      1.2307E+02       
1.0000E-01,      7.0000E-01,      3.4000E-03,      8.3333E+00,      7.2375E-01,      1.5436E+03,      5.7867E+01,      1.8113E+02,      2.1862E+03,      1.2420E+02       
1.0000E-01,      7.0000E-01,      3.5000E-03,      8.6000E+00,      5.0709E-01,      1.5482E+03,      6.0933E+01,      1.8440E+02,      2.2045E+03,      1.2340E+02       
1.0000E-01,      7.0000E-01,      3.6000E-03,      8.6667E+00,      4.8795E-01,      1.5807E+03,      6.1067E+01,      1.8727E+02,      2.2414E+03,      1.2373E+02       
1.0000E-01,      7.0000E-01,      3.7000E-03,      8.9333E+00,      2.5820E-01,      1.5313E+03,      5.5533E+01,      1.8547E+02,      2.1951E+03,      1.1667E+02       
1.0000E-01,      7.0000E-01,      3.8000E-03,      8.6667E+00,      4.8795E-01,      1.5285E+03,      5.6467E+01,      1.8433E+02,      2.1898E+03,      1.1680E+02       
1.0000E-01,      7.0000E-01,      3.9000E-03,      8.3333E+00,      8.1650E-01,      1.5533E+03,      6.1200E+01,      1.8420E+02,      2.1959E+03,      1.2133E+02       
1.0000E-01,      7.0000E-01,      4.0000E-03,      8.4000E+00,      5.0709E-01,      1.6077E+03,      6.3733E+01,      1.8640E+02,      2.2555E+03,      1.2233E+02       
1.0000E-01,      7.2500E-01,      2.0000E-03,      8.0000E+00,      6.5465E-01,      1.5565E+03,      6.2133E+01,      1.9700E+02,      2.1757E+03,      1.2187E+02       
1.0000E-01,      7.2500E-01,      2.1000E-03,      8.2000E+00,      5.6061E-01,      1.5535E+03,      6.3267E+01,      1.8727E+02,      2.1947E+03,      1.2247E+02       
1.0000E-01,      7.2500E-01,      2.2000E-03,      8.0667E+00,      7.0373E-01,      1.5916E+03,      6.0733E+01,      1.9820E+02,      2.2160E+03,      1.2373E+02       
1.0000E-01,      7.2500E-01,      2.3000E-03,      7.7333E+00,      7.9881E-01,      1.5133E+03,      6.4200E+01,      1.9613E+02,      2.1241E+03,      1.1487E+02       
1.0000E-01,      7.2500E-01,      2.4000E-03,      8.0000E+00,      7.5593E-01,      1.5197E+03,      6.2800E+01,      1.8880E+02,      2.1392E+03,      1.1467E+02       
1.0000E-01,      7.2500E-01,      2.5000E-03,      7.6667E+00,      7.2375E-01,      1.5178E+03,      6.7133E+01,      1.9207E+02,      2.1233E+03,      1.1620E+02       
1.0000E-01,      7.2500E-01,      2.6000E-03,      7.7333E+00,      9.6115E-01,      1.5148E+03,      6.4667E+01,      1.9033E+02,      2.1231E+03,      1.1493E+02       
1.0000E-01,      7.2500E-01,      2.7000E-03,      7.7333E+00,      7.9881E-01,      1.4877E+03,      6.3800E+01,      1.8673E+02,      2.0952E+03,      1.1280E+02       
1.0000E-01,      7.2500E-01,      2.8000E-03,      8.0667E+00,      7.9881E-01,      1.5304E+03,      6.5133E+01,      1.8927E+02,      2.1545E+03,      1.2127E+02       
1.0000E-01,      7.2500E-01,      2.9000E-03,      8.2667E+00,      8.8372E-01,      1.5358E+03,      6.2533E+01,      1.9260E+02,      2.1659E+03,      1.2313E+02       
1.0000E-01,      7.2500E-01,      3.0000E-03,      7.7333E+00,      7.0373E-01,      1.5333E+03,      6.4267E+01,      1.8713E+02,      2.1504E+03,      1.1493E+02       
1.0000E-01,      7.2500E-01,      3.1000E-03,      8.0000E+00,      8.4515E-01,      1.4917E+03,      6.4867E+01,      1.9140E+02,      2.1163E+03,      1.1353E+02       
1.0000E-01,      7.2500E-01,      3.2000E-03,      7.4667E+00,      5.1640E-01,      1.5687E+03,      6.3667E+01,      1.8420E+02,      2.1727E+03,      1.2227E+02       
1.0000E-01,      7.2500E-01,      3.3000E-03,      7.8667E+00,      7.4322E-01,      1.5279E+03,      6.3133E+01,      1.9427E+02,      2.1480E+03,      1.1547E+02       
1.0000E-01,      7.2500E-01,      3.4000E-03,      7.8000E+00,      7.7460E-01,      1.5561E+03,      6.3600E+01,      1.9360E+02,      2.1655E+03,      1.1980E+02       
1.0000E-01,      7.2500E-01,      3.5000E-03,      8.1333E+00,      5.1640E-01,      1.5625E+03,      6.1667E+01,      1.9200E+02,      2.2024E+03,      1.2153E+02       
1.0000E-01,      7.2500E-01,      3.6000E-03,      8.0000E+00,      6.5465E-01,      1.5574E+03,      6.3600E+01,      1.8513E+02,      2.1983E+03,      1.1400E+02       
1.0000E-01,      7.2500E-01,      3.7000E-03,      8.0667E+00,      7.9881E-01,      1.5791E+03,      6.3200E+01,      1.8307E+02,      2.2206E+03,      1.1733E+02       
1.0000E-01,      7.2500E-01,      3.8000E-03,      7.4667E+00,      8.3381E-01,      1.5023E+03,      6.4133E+01,      1.8233E+02,      2.0941E+03,      1.0540E+02       
1.0000E-01,      7.2500E-01,      3.9000E-03,      8.0000E+00,      7.5593E-01,      1.5620E+03,      6.5933E+01,      1.9147E+02,      2.2013E+03,      1.2467E+02       
1.0000E-01,      7.2500E-01,      4.0000E-03,      8.0667E+00,      9.6115E-01,      1.5398E+03,      6.2400E+01,      1.8947E+02,      2.1698E+03,      1.1500E+02       
1.0000E-01,      7.5000E-01,      2.0000E-03,      7.5333E+00,      7.4322E-01,      1.4941E+03,      6.7000E+01,      1.9407E+02,      2.0778E+03,      1.0853E+02       
1.0000E-01,      7.5000E-01,      2.1000E-03,      7.4667E+00,      6.3994E-01,      1.4758E+03,      6.6933E+01,      1.9073E+02,      2.0585E+03,      1.0907E+02       
1.0000E-01,      7.5000E-01,      2.2000E-03,      6.8667E+00,      8.3381E-01,      1.3811E+03,      6.9000E+01,      1.9727E+02,      1.9181E+03,      1.0253E+02       
1.0000E-01,      7.5000E-01,      2.3000E-03,      7.4667E+00,      9.1548E-01,      1.5245E+03,      6.6600E+01,      1.9440E+02,      2.1050E+03,      1.1587E+02       
1.0000E-01,      7.5000E-01,      2.4000E-03,      7.3333E+00,      8.1650E-01,      1.4958E+03,      6.9600E+01,      1.8780E+02,      2.0895E+03,      1.1013E+02       
1.0000E-01,      7.5000E-01,      2.5000E-03,      7.6667E+00,      7.2375E-01,      1.5428E+03,      6.8867E+01,      1.9387E+02,      2.1477E+03,      1.1793E+02       
1.0000E-01,      7.5000E-01,      2.6000E-03,      7.3333E+00,      6.1721E-01,      1.5025E+03,      6.7133E+01,      1.9487E+02,      2.0782E+03,      1.1260E+02       
1.0000E-01,      7.5000E-01,      2.7000E-03,      7.1333E+00,      6.3994E-01,      1.4353E+03,      6.6733E+01,      1.9007E+02,      2.0085E+03,      1.0573E+02       
1.0000E-01,      7.5000E-01,      2.8000E-03,      7.4000E+00,      8.2808E-01,      1.5398E+03,      7.0533E+01,      1.9153E+02,      2.1480E+03,      1.1973E+02       
1.0000E-01,      7.5000E-01,      2.9000E-03,      7.4667E+00,      9.1548E-01,      1.4788E+03,      6.3600E+01,      1.9253E+02,      2.0489E+03,      1.1380E+02       
1.0000E-01,      7.5000E-01,      3.0000E-03,      7.2667E+00,      7.0373E-01,      1.4730E+03,      6.7667E+01,      1.9533E+02,      2.0617E+03,      1.1093E+02       
1.0000E-01,      7.5000E-01,      3.1000E-03,      6.9333E+00,      8.8372E-01,      1.4561E+03,      7.1733E+01,      1.8733E+02,      2.0113E+03,      1.1200E+02       
1.0000E-01,      7.5000E-01,      3.2000E-03,      6.9333E+00,      7.0373E-01,      1.3909E+03,      6.8733E+01,      1.9093E+02,      1.9496E+03,      1.0193E+02       
1.0000E-01,      7.5000E-01,      3.3000E-03,      6.6000E+00,      8.2808E-01,      1.2572E+03,      6.9000E+01,      1.9027E+02,      1.7774E+03,      9.3400E+01       
1.0000E-01,      7.5000E-01,      3.4000E-03,      6.4667E+00,      7.4322E-01,      1.3470E+03,      6.7267E+01,      1.8813E+02,      1.8593E+03,      9.4667E+01       
1.0000E-01,      7.5000E-01,      3.5000E-03,      7.0000E+00,      8.4515E-01,      1.4103E+03,      6.3000E+01,      1.9113E+02,      1.9617E+03,      1.0053E+02       
1.0000E-01,      7.5000E-01,      3.6000E-03,      7.5333E+00,      8.3381E-01,      1.4745E+03,      6.6600E+01,      1.8840E+02,      2.0743E+03,      1.1360E+02       
1.0000E-01,      7.5000E-01,      3.7000E-03,      7.1333E+00,      9.1548E-01,      1.4455E+03,      6.8400E+01,      1.9160E+02,      2.0047E+03,      1.1027E+02       
1.0000E-01,      7.5000E-01,      3.8000E-03,      7.0667E+00,      7.0373E-01,      1.4601E+03,      6.9533E+01,      1.9487E+02,      2.0273E+03,      1.0693E+02       
1.0000E-01,      7.5000E-01,      3.9000E-03,      7.8667E+00,      7.4322E-01,      1.5270E+03,      6.6933E+01,      1.8973E+02,      2.1418E+03,      1.1887E+02       
1.0000E-01,      7.5000E-01,      4.0000E-03,      7.0667E+00,      7.9881E-01,      1.4317E+03,      6.7667E+01,      1.9187E+02,      1.9917E+03,      1.0687E+02       
1.0000E-01,      7.7500E-01,      2.0000E-03,      6.4667E+00,      8.3381E-01,      1.3457E+03,      6.9000E+01,      1.9240E+02,      1.8553E+03,      9.7467E+01       
1.0000E-01,      7.7500E-01,      2.1000E-03,      6.6000E+00,      9.1026E-01,      1.2933E+03,      6.3133E+01,      1.8787E+02,      1.7959E+03,      9.1267E+01       
1.0000E-01,      7.7500E-01,      2.2000E-03,      6.2000E+00,      6.7612E-01,      1.3070E+03,      6.9000E+01,      1.8973E+02,      1.7963E+03,      9.1533E+01       
1.0000E-01,      7.7500E-01,      2.3000E-03,      6.5333E+00,      8.3381E-01,      1.3008E+03,      6.7467E+01,      1.9287E+02,      1.8171E+03,      9.5200E+01       
1.0000E-01,      7.7500E-01,      2.4000E-03,      6.3333E+00,      1.1127E+00,      1.3479E+03,      6.5400E+01,      1.9400E+02,      1.8546E+03,      9.2933E+01       
1.0000E-01,      7.7500E-01,      2.5000E-03,      6.4000E+00,      6.3246E-01,      1.3072E+03,      6.8133E+01,      1.9007E+02,      1.8033E+03,      9.3600E+01       
1.0000E-01,      7.7500E-01,      2.6000E-03,      6.4000E+00,      8.2808E-01,      1.3236E+03,      6.6267E+01,      1.9647E+02,      1.8233E+03,      9.9400E+01       
1.0000E-01,      7.7500E-01,      2.7000E-03,      6.4667E+00,      9.9043E-01,      1.3507E+03,      6.9800E+01,      1.9927E+02,      1.8579E+03,      9.4133E+01       
1.0000E-01,      7.7500E-01,      2.8000E-03,      6.4000E+00,      8.2808E-01,      1.3487E+03,      7.2533E+01,      1.9513E+02,      1.8488E+03,      9.6267E+01       
1.0000E-01,      7.7500E-01,      2.9000E-03,      6.4000E+00,      9.1026E-01,      1.2917E+03,      6.8400E+01,      1.9640E+02,      1.7979E+03,      9.1400E+01       
1.0000E-01,      7.7500E-01,      3.0000E-03,      6.3333E+00,      7.2375E-01,      1.3185E+03,      6.7533E+01,      1.8680E+02,      1.8265E+03,      8.9867E+01       
1.0000E-01,      7.7500E-01,      3.1000E-03,      6.5333E+00,      7.4322E-01,      1.3602E+03,      7.2000E+01,      1.9287E+02,      1.8813E+03,      9.8867E+01       
1.0000E-01,      7.7500E-01,      3.2000E-03,      6.2000E+00,      8.6189E-01,      1.2882E+03,      6.7867E+01,      1.9753E+02,      1.7610E+03,      9.1267E+01       
1.0000E-01,      7.7500E-01,      3.3000E-03,      6.1333E+00,      7.4322E-01,      1.2294E+03,      6.8933E+01,      1.8753E+02,      1.7098E+03,      8.3333E+01       
1.0000E-01,      7.7500E-01,      3.4000E-03,      6.1333E+00,      8.3381E-01,      1.2573E+03,      7.0400E+01,      1.8700E+02,      1.7581E+03,      8.6400E+01       
1.0000E-01,      7.7500E-01,      3.5000E-03,      6.4000E+00,      1.1832E+00,      1.2873E+03,      6.8800E+01,      1.9800E+02,      1.7742E+03,      8.9800E+01       
1.0000E-01,      7.7500E-01,      3.6000E-03,      6.8000E+00,      8.6189E-01,      1.3763E+03,      6.9200E+01,      1.9267E+02,      1.9015E+03,      9.7200E+01       
1.0000E-01,      7.7500E-01,      3.7000E-03,      6.6000E+00,      6.3246E-01,      1.3551E+03,      7.0933E+01,      1.9967E+02,      1.8749E+03,      1.0147E+02       
1.0000E-01,      7.7500E-01,      3.8000E-03,      6.4667E+00,      7.4322E-01,      1.2929E+03,      7.1333E+01,      1.8807E+02,      1.8003E+03,      9.3733E+01       
1.0000E-01,      7.7500E-01,      3.9000E-03,      6.0000E+00,      1.2536E+00,      1.2732E+03,      7.3933E+01,      1.8980E+02,      1.7516E+03,      8.8133E+01       
1.0000E-01,      7.7500E-01,      4.0000E-03,      6.4000E+00,      9.8561E-01,      1.3212E+03,      7.1000E+01,      1.8787E+02,      1.8304E+03,      9.7333E+01       
1.0000E-01,      8.0000E-01,      2.0000E-03,      6.0000E+00,      7.5593E-01,      1.2148E+03,      7.2400E+01,      1.9540E+02,      1.6687E+03,      8.2600E+01       
1.0000E-01,      8.0000E-01,      2.1000E-03,      5.4667E+00,      9.9043E-01,      1.1436E+03,      7.7267E+01,      1.9140E+02,      1.5758E+03,      7.6600E+01       
1.0000E-01,      8.0000E-01,      2.2000E-03,      5.4667E+00,      7.4322E-01,      1.1727E+03,      7.4333E+01,      1.8747E+02,      1.6095E+03,      7.6200E+01       
1.0000E-01,      8.0000E-01,      2.3000E-03,      5.3333E+00,      1.1751E+00,      1.1736E+03,      7.2800E+01,      1.8960E+02,      1.5985E+03,      7.4667E+01       
1.0000E-01,      8.0000E-01,      2.4000E-03,      5.7333E+00,      7.0373E-01,      1.2312E+03,      7.8467E+01,      1.9980E+02,      1.6987E+03,      8.7467E+01       
1.0000E-01,      8.0000E-01,      2.5000E-03,      5.4667E+00,      8.3381E-01,      1.1783E+03,      7.5800E+01,      1.9140E+02,      1.6154E+03,      8.0867E+01       
1.0000E-01,      8.0000E-01,      2.6000E-03,      5.6667E+00,      4.8795E-01,      1.2383E+03,      7.4000E+01,      2.0000E+02,      1.6789E+03,      8.8267E+01       
1.0000E-01,      8.0000E-01,      2.7000E-03,      5.4667E+00,      9.9043E-01,      1.1885E+03,      7.4800E+01,      1.9400E+02,      1.6265E+03,      8.2467E+01       
1.0000E-01,      8.0000E-01,      2.8000E-03,      5.4667E+00,      1.0601E+00,      1.1729E+03,      7.2200E+01,      1.9833E+02,      1.5918E+03,      7.5933E+01       
1.0000E-01,      8.0000E-01,      2.9000E-03,      5.3333E+00,      6.1721E-01,      1.0901E+03,      7.5133E+01,      1.8907E+02,      1.5155E+03,      6.9867E+01       
1.0000E-01,      8.0000E-01,      3.0000E-03,      5.8667E+00,      6.3994E-01,      1.2590E+03,      7.6400E+01,      1.9247E+02,      1.7231E+03,      9.2867E+01       
1.0000E-01,      8.0000E-01,      3.1000E-03,      5.6000E+00,      7.3679E-01,      1.1601E+03,      7.4733E+01,      1.8573E+02,      1.6043E+03,      8.1733E+01       
1.0000E-01,      8.0000E-01,      3.2000E-03,      5.2667E+00,      9.6115E-01,      1.1693E+03,      7.8600E+01,      1.9487E+02,      1.6029E+03,      7.9267E+01       
1.0000E-01,      8.0000E-01,      3.3000E-03,      6.2000E+00,      9.4112E-01,      1.2898E+03,      7.2933E+01,      1.9200E+02,      1.7803E+03,      9.2067E+01       
1.0000E-01,      8.0000E-01,      3.4000E-03,      5.6000E+00,      9.1026E-01,      1.2129E+03,      7.1533E+01,      1.9447E+02,      1.6479E+03,      8.0867E+01       
1.0000E-01,      8.0000E-01,      3.5000E-03,      5.7333E+00,      7.9881E-01,      1.1832E+03,      7.3333E+01,      1.9587E+02,      1.6326E+03,      8.0267E+01       
1.0000E-01,      8.0000E-01,      3.6000E-03,      5.5333E+00,      9.1548E-01,      1.1995E+03,      7.1733E+01,      1.9367E+02,      1.6373E+03,      8.0333E+01       
1.0000E-01,      8.0000E-01,      3.7000E-03,      5.6667E+00,      6.1721E-01,      1.1891E+03,      7.6733E+01,      1.9440E+02,      1.6269E+03,      7.6400E+01       
1.0000E-01,      8.0000E-01,      3.8000E-03,      5.5333E+00,      8.3381E-01,      1.2203E+03,      7.2333E+01,      1.9027E+02,      1.6644E+03,      8.3267E+01       
1.0000E-01,      8.0000E-01,      3.9000E-03,      5.4667E+00,      5.1640E-01,      1.2227E+03,      7.9200E+01,      1.9453E+02,      1.6687E+03,      8.3067E+01       
1.0000E-01,      8.0000E-01,      4.0000E-03,      5.7333E+00,      7.9881E-01,      1.2152E+03,      7.3867E+01,      1.9120E+02,      1.6724E+03,      8.4467E+01       
1.0000E-01,      8.2500E-01,      2.0000E-03,      4.5333E+00,      1.3020E+00,      9.6760E+02,      7.8067E+01,      1.8847E+02,      1.3161E+03,      5.8467E+01       
1.0000E-01,      8.2500E-01,      2.1000E-03,      4.4667E+00,      1.2459E+00,      9.8713E+02,      7.9133E+01,      1.9453E+02,      1.3241E+03,      6.1667E+01       
1.0000E-01,      8.2500E-01,      2.2000E-03,      4.9333E+00,      8.8372E-01,      1.0959E+03,      7.7600E+01,      1.9113E+02,      1.4831E+03,      6.7333E+01       
1.0000E-01,      8.2500E-01,      2.3000E-03,      4.1333E+00,      8.3381E-01,      9.8207E+02,      8.2667E+01,      1.9513E+02,      1.3138E+03,      5.9467E+01       
1.0000E-01,      8.2500E-01,      2.4000E-03,      4.4667E+00,      9.9043E-01,      1.0721E+03,      7.7667E+01,      1.9060E+02,      1.4313E+03,      6.7267E+01       
1.0000E-01,      8.2500E-01,      2.5000E-03,      4.6000E+00,      8.2808E-01,      1.0459E+03,      7.7867E+01,      1.9360E+02,      1.4065E+03,      6.4133E+01       
1.0000E-01,      8.2500E-01,      2.6000E-03,      4.2667E+00,      8.8372E-01,      9.2787E+02,      8.4400E+01,      1.8947E+02,      1.2607E+03,      5.2867E+01       
1.0000E-01,      8.2500E-01,      2.7000E-03,      4.2000E+00,      1.0823E+00,      9.4467E+02,      7.8400E+01,      1.8827E+02,      1.2705E+03,      5.6933E+01       
1.0000E-01,      8.2500E-01,      2.8000E-03,      4.6000E+00,      8.2808E-01,      1.0227E+03,      7.3533E+01,      1.9087E+02,      1.3811E+03,      5.8400E+01       
1.0000E-01,      8.2500E-01,      2.9000E-03,      5.1333E+00,      9.1548E-01,      1.1086E+03,      7.6200E+01,      1.9200E+02,      1.5075E+03,      7.1067E+01       
1.0000E-01,      8.2500E-01,      3.0000E-03,      4.6000E+00,      1.0556E+00,      1.0043E+03,      7.9133E+01,      1.8700E+02,      1.3667E+03,      5.7933E+01       
1.0000E-01,      8.2500E-01,      3.1000E-03,      4.9333E+00,      1.0998E+00,      1.0549E+03,      7.5333E+01,      1.9353E+02,      1.4337E+03,      6.4867E+01       
1.0000E-01,      8.2500E-01,      3.2000E-03,      4.7333E+00,      9.6115E-01,      1.0717E+03,      7.7867E+01,      1.9393E+02,      1.4492E+03,      6.7600E+01       
1.0000E-01,      8.2500E-01,      3.3000E-03,      4.9333E+00,      7.0373E-01,      1.0752E+03,      7.5667E+01,      1.9247E+02,      1.4714E+03,      7.3667E+01       
1.0000E-01,      8.2500E-01,      3.4000E-03,      4.4000E+00,      8.2808E-01,      1.0103E+03,      7.7333E+01,      1.8560E+02,      1.3619E+03,      5.9467E+01       
1.0000E-01,      8.2500E-01,      3.5000E-03,      4.4667E+00,      8.3381E-01,      1.0150E+03,      7.8867E+01,      1.9893E+02,      1.3553E+03,      5.8533E+01       
1.0000E-01,      8.2500E-01,      3.6000E-03,      4.8000E+00,      1.0142E+00,      1.0800E+03,      8.1400E+01,      1.9233E+02,      1.4636E+03,      7.0667E+01       
1.0000E-01,      8.2500E-01,      3.7000E-03,      4.8667E+00,      6.3994E-01,      1.0849E+03,      8.1133E+01,      1.9480E+02,      1.4695E+03,      6.5467E+01       
1.0000E-01,      8.2500E-01,      3.8000E-03,      4.8667E+00,      9.9043E-01,      1.0602E+03,      7.7000E+01,      1.9073E+02,      1.4342E+03,      6.5067E+01       
1.0000E-01,      8.2500E-01,      3.9000E-03,      4.8667E+00,      7.4322E-01,      1.0713E+03,      7.4667E+01,      1.9467E+02,      1.4477E+03,      6.9267E+01       
1.0000E-01,      8.2500E-01,      4.0000E-03,      4.6667E+00,      8.1650E-01,      1.0535E+03,      7.8867E+01,      1.9473E+02,      1.4115E+03,      6.1667E+01       
1.0000E-01,      8.5000E-01,      2.0000E-03,      4.1333E+00,      8.3381E-01,      9.7360E+02,      8.0800E+01,      1.8967E+02,      1.2912E+03,      5.6733E+01       
1.0000E-01,      8.5000E-01,      2.1000E-03,      3.6667E+00,      1.5430E+00,      9.0200E+02,      8.3800E+01,      1.9367E+02,      1.1889E+03,      5.2267E+01       
1.0000E-01,      8.5000E-01,      2.2000E-03,      3.8667E+00,      8.3381E-01,      9.3993E+02,      8.4533E+01,      1.9333E+02,      1.2510E+03,      5.1667E+01       
1.0000E-01,      8.5000E-01,      2.3000E-03,      4.3333E+00,      7.2375E-01,      9.9647E+02,      8.3067E+01,      1.9293E+02,      1.3471E+03,      5.9133E+01       
1.0000E-01,      8.5000E-01,      2.4000E-03,      3.8000E+00,      7.7460E-01,      9.1613E+02,      8.3333E+01,      1.8873E+02,      1.2095E+03,      4.9933E+01       
1.0000E-01,      8.5000E-01,      2.5000E-03,      3.7333E+00,      5.9362E-01,      8.5200E+02,      8.6267E+01,      1.9433E+02,      1.1545E+03,      4.8467E+01       
1.0000E-01,      8.5000E-01,      2.6000E-03,      3.8667E+00,      9.1548E-01,      9.3367E+02,      8.2267E+01,      1.9280E+02,      1.2468E+03,      5.1267E+01       
1.0000E-01,      8.5000E-01,      2.7000E-03,      4.0667E+00,      1.3870E+00,      9.2780E+02,      8.0400E+01,      1.9120E+02,      1.2462E+03,      5.2867E+01       
1.0000E-01,      8.5000E-01,      2.8000E-03,      3.8667E+00,      8.3381E-01,      8.8427E+02,      8.1933E+01,      1.8787E+02,      1.1944E+03,      5.3867E+01       
1.0000E-01,      8.5000E-01,      2.9000E-03,      3.8667E+00,      9.9043E-01,      9.5760E+02,      7.9800E+01,      1.9627E+02,      1.2516E+03,      5.4667E+01       
1.0000E-01,      8.5000E-01,      3.0000E-03,      3.4667E+00,      9.1548E-01,      8.1207E+02,      8.6133E+01,      1.9433E+02,      1.0673E+03,      3.8400E+01       
1.0000E-01,      8.5000E-01,      3.1000E-03,      3.9333E+00,      7.9881E-01,      8.8593E+02,      8.3867E+01,      1.9173E+02,      1.1925E+03,      4.6667E+01       
1.0000E-01,      8.5000E-01,      3.2000E-03,      3.6000E+00,      6.3246E-01,      8.6240E+02,      8.4600E+01,      1.9100E+02,      1.1497E+03,      4.4067E+01       
1.0000E-01,      8.5000E-01,      3.3000E-03,      4.0667E+00,      8.8372E-01,      9.8380E+02,      8.2467E+01,      1.9200E+02,      1.3012E+03,      5.7467E+01       
1.0000E-01,      8.5000E-01,      3.4000E-03,      3.6667E+00,      1.0465E+00,      9.1127E+02,      8.3333E+01,      1.9813E+02,      1.1911E+03,      4.6000E+01       
1.0000E-01,      8.5000E-01,      3.5000E-03,      3.6000E+00,      9.8561E-01,      9.1533E+02,      8.1000E+01,      1.9753E+02,      1.1897E+03,      4.8467E+01       
1.0000E-01,      8.5000E-01,      3.6000E-03,      3.7333E+00,      1.2228E+00,      8.3687E+02,      7.9200E+01,      1.8800E+02,      1.1271E+03,      4.7333E+01       
1.0000E-01,      8.5000E-01,      3.7000E-03,      3.9333E+00,      7.9881E-01,      9.2153E+02,      7.8400E+01,      1.9833E+02,      1.2166E+03,      5.3333E+01       
1.0000E-01,      8.5000E-01,      3.8000E-03,      3.7333E+00,      1.0998E+00,      9.2987E+02,      8.5267E+01,      1.9500E+02,      1.2239E+03,      5.4600E+01       
1.0000E-01,      8.5000E-01,      3.9000E-03,      3.1333E+00,      9.1548E-01,      7.7680E+02,      8.3067E+01,      1.9427E+02,      1.0140E+03,      3.6600E+01       
1.0000E-01,      8.5000E-01,      4.0000E-03,      3.8000E+00,      1.0142E+00,      8.6180E+02,      8.0867E+01,      1.9207E+02,      1.1351E+03,      4.8867E+01       
1.0000E-01,      8.7500E-01,      2.0000E-03,      2.4667E+00,      1.1255E+00,      6.8107E+02,      9.2867E+01,      1.8540E+02,      8.7907E+02,      3.1400E+01       
1.0000E-01,      8.7500E-01,      2.1000E-03,      2.5333E+00,      1.1872E+00,      7.1080E+02,      8.7533E+01,      1.9300E+02,      9.0580E+02,      2.9667E+01       
1.0000E-01,      8.7500E-01,      2.2000E-03,      2.5333E+00,      1.1255E+00,      7.5440E+02,      8.9533E+01,      1.9527E+02,      9.4653E+02,      3.4533E+01       
1.0000E-01,      8.7500E-01,      2.3000E-03,      3.2667E+00,      7.9881E-01,      7.9473E+02,      8.8000E+01,      1.8873E+02,      1.0575E+03,      3.8200E+01       
1.0000E-01,      8.7500E-01,      2.4000E-03,      2.7333E+00,      1.0328E+00,      7.4047E+02,      8.8933E+01,      1.9620E+02,      9.4293E+02,      3.2333E+01       
1.0000E-01,      8.7500E-01,      2.5000E-03,      3.0000E+00,      1.4142E+00,      8.5813E+02,      8.2267E+01,      1.9340E+02,      1.0942E+03,      4.4267E+01       
1.0000E-01,      8.7500E-01,      2.6000E-03,      2.3333E+00,      1.3973E+00,      7.2040E+02,      9.0267E+01,      1.8847E+02,      8.9860E+02,      3.4400E+01       
1.0000E-01,      8.7500E-01,      2.7000E-03,      2.3333E+00,      1.1127E+00,      6.9040E+02,      8.4200E+01,      1.8847E+02,      8.6813E+02,      2.7667E+01       
1.0000E-01,      8.7500E-01,      2.8000E-03,      3.0000E+00,      7.5593E-01,      7.9807E+02,      8.4800E+01,      1.9147E+02,      1.0305E+03,      3.9400E+01       
1.0000E-01,      8.7500E-01,      2.9000E-03,      2.6667E+00,      8.9974E-01,      7.0420E+02,      8.7533E+01,      1.8760E+02,      9.1653E+02,      3.1600E+01       
1.0000E-01,      8.7500E-01,      3.0000E-03,      3.0000E+00,      1.0000E+00,      7.6807E+02,      8.4333E+01,      1.9553E+02,      9.9820E+02,      4.0267E+01       
1.0000E-01,      8.7500E-01,      3.1000E-03,      3.0000E+00,      1.2536E+00,      7.3413E+02,      8.7667E+01,      1.9440E+02,      9.5173E+02,      3.2667E+01       
1.0000E-01,      8.7500E-01,      3.2000E-03,      2.5333E+00,      9.9043E-01,      7.5540E+02,      8.9400E+01,      1.9893E+02,      9.5060E+02,      3.1000E+01       
1.0000E-01,      8.7500E-01,      3.3000E-03,      2.8000E+00,      7.7460E-01,      7.8827E+02,      8.6800E+01,      1.9913E+02,      1.0087E+03,      3.8333E+01       
1.0000E-01,      8.7500E-01,      3.4000E-03,      2.8667E+00,      9.1548E-01,      7.9567E+02,      8.8667E+01,      1.9527E+02,      1.0289E+03,      3.6467E+01       
1.0000E-01,      8.7500E-01,      3.5000E-03,      3.3333E+00,      1.1751E+00,      8.1500E+02,      8.8267E+01,      1.9153E+02,      1.0761E+03,      4.2800E+01       
1.0000E-01,      8.7500E-01,      3.6000E-03,      3.0000E+00,      1.0690E+00,      8.0927E+02,      8.4467E+01,      1.9607E+02,      1.0418E+03,      3.8600E+01       
1.0000E-01,      8.7500E-01,      3.7000E-03,      2.6667E+00,      1.1127E+00,      7.2927E+02,      8.9533E+01,      1.9393E+02,      9.3813E+02,      3.2800E+01       
1.0000E-01,      8.7500E-01,      3.8000E-03,      3.0000E+00,      7.5593E-01,      7.6993E+02,      9.1067E+01,      1.8860E+02,      1.0201E+03,      3.7667E+01       
1.0000E-01,      8.7500E-01,      3.9000E-03,      2.3333E+00,      1.1127E+00,      6.4713E+02,      8.8333E+01,      1.9380E+02,      8.2027E+02,      2.4267E+01       
1.0000E-01,      8.7500E-01,      4.0000E-03,      3.1333E+00,      1.0601E+00,      8.2733E+02,      8.8933E+01,      1.9460E+02,      1.0762E+03,      4.1533E+01       