#K,              det_rate,        thickness,       thick_stDev,     n_deaths,        n_detachments,   n_immigrations,  n_replications   
4.0000E-01,      2.0000E-03,      9.0000E+00,      0.0000E+00,      1.5061E+03,      2.2733E+01,      1.2647E+02,      1.8636E+03       
4.0000E-01,      2.1000E-03,      9.0000E+00,      0.0000E+00,      1.5117E+03,      2.4400E+01,      1.2793E+02,      1.8715E+03       
4.0000E-01,      2.2000E-03,      9.0000E+00,      0.0000E+00,      1.4883E+03,      2.2733E+01,      1.2907E+02,      1.8411E+03       
4.0000E-01,      2.3000E-03,      9.0000E+00,      0.0000E+00,      1.5729E+03,      2.5933E+01,      1.3120E+02,      1.9151E+03       
4.0000E-01,      2.4000E-03,      9.0000E+00,      0.0000E+00,      1.5608E+03,      2.6067E+01,      1.3387E+02,      1.9110E+03       
4.0000E-01,      2.5000E-03,      9.0000E+00,      0.0000E+00,      1.5349E+03,      2.5067E+01,      1.3327E+02,      1.8807E+03       
4.0000E-01,      2.6000E-03,      9.0000E+00,      0.0000E+00,      1.5253E+03,      3.6533E+01,      1.3373E+02,      1.8784E+03       
4.0000E-01,      2.7000E-03,      9.0000E+00,      0.0000E+00,      1.6105E+03,      4.7933E+01,      1.3360E+02,      1.9864E+03       
4.0000E-01,      2.8000E-03,      9.0000E+00,      0.0000E+00,      1.6619E+03,      5.3133E+01,      1.4327E+02,      2.0308E+03       
4.0000E-01,      2.9000E-03,      9.0000E+00,      0.0000E+00,      1.6916E+03,      5.6400E+01,      1.4120E+02,      2.0682E+03       
4.0000E-01,      3.0000E-03,      9.0000E+00,      0.0000E+00,      1.6565E+03,      5.7733E+01,      1.3807E+02,      2.0432E+03       
4.0000E-01,      3.1000E-03,      9.0000E+00,      0.0000E+00,      1.5785E+03,      5.3067E+01,      1.3620E+02,      1.9537E+03       
4.0000E-01,      3.2000E-03,      9.0000E+00,      0.0000E+00,      1.6827E+03,      5.4867E+01,      1.3553E+02,      2.0525E+03       
4.0000E-01,      3.3000E-03,      9.0000E+00,      0.0000E+00,      1.6237E+03,      5.7400E+01,      1.4013E+02,      1.9933E+03       
4.0000E-01,      3.4000E-03,      9.0000E+00,      0.0000E+00,      1.6645E+03,      5.3733E+01,      1.4087E+02,      2.0288E+03       
4.0000E-01,      3.5000E-03,      9.0000E+00,      0.0000E+00,      1.5832E+03,      5.4333E+01,      1.3207E+02,      1.9599E+03       
4.0000E-01,      3.6000E-03,      9.0000E+00,      0.0000E+00,      1.5895E+03,      5.5000E+01,      1.3767E+02,      1.9521E+03       
4.0000E-01,      3.7000E-03,      9.0000E+00,      0.0000E+00,      1.6749E+03,      5.7133E+01,      1.4253E+02,      2.0407E+03       
4.0000E-01,      3.8000E-03,      9.0000E+00,      0.0000E+00,      1.6619E+03,      5.8533E+01,      1.4493E+02,      2.0311E+03       
4.0000E-01,      3.9000E-03,      9.0000E+00,      0.0000E+00,      1.6553E+03,      5.2867E+01,      1.4167E+02,      2.0251E+03       
4.0000E-01,      4.0000E-03,      9.0000E+00,      0.0000E+00,      1.7528E+03,      5.5467E+01,      1.4007E+02,      2.1291E+03       
4.2500E-01,      2.0000E-03,      8.9333E+00,      2.5820E-01,      1.9865E+03,      3.5267E+01,      1.6507E+02,      2.3265E+03       
4.2500E-01,      2.1000E-03,      9.0000E+00,      0.0000E+00,      1.9987E+03,      3.5333E+01,      1.5453E+02,      2.3406E+03       
4.2500E-01,      2.2000E-03,      9.0000E+00,      0.0000E+00,      1.9037E+03,      3.6667E+01,      1.5647E+02,      2.2613E+03       
4.2500E-01,      2.3000E-03,      9.0000E+00,      0.0000E+00,      1.9350E+03,      3.4867E+01,      1.6493E+02,      2.2708E+03       
4.2500E-01,      2.4000E-03,      9.0000E+00,      0.0000E+00,      1.9920E+03,      3.4067E+01,      1.5293E+02,      2.3395E+03       
4.2500E-01,      2.5000E-03,      8.9333E+00,      2.5820E-01,      1.9193E+03,      3.3600E+01,      1.5847E+02,      2.2456E+03       
4.2500E-01,      2.6000E-03,      9.0000E+00,      0.0000E+00,      1.9601E+03,      5.0667E+01,      1.6307E+02,      2.3221E+03       
4.2500E-01,      2.7000E-03,      9.0000E+00,      0.0000E+00,      2.1201E+03,      7.0267E+01,      1.6673E+02,      2.4917E+03       
4.2500E-01,      2.8000E-03,      8.9333E+00,      2.5820E-01,      2.1697E+03,      7.6867E+01,      1.6913E+02,      2.5544E+03       
4.2500E-01,      2.9000E-03,      8.9333E+00,      2.5820E-01,      2.2561E+03,      8.1733E+01,      1.7600E+02,      2.6314E+03       
4.2500E-01,      3.0000E-03,      8.7333E+00,      1.0328E+00,      2.0237E+03,      8.0667E+01,      1.6947E+02,      2.4125E+03       
4.2500E-01,      3.1000E-03,      8.6667E+00,      7.2375E-01,      2.0212E+03,      7.6800E+01,      1.7480E+02,      2.3860E+03       
4.2500E-01,      3.2000E-03,      8.8667E+00,      3.5187E-01,      2.1149E+03,      8.0000E+01,      1.7607E+02,      2.4893E+03       
4.2500E-01,      3.3000E-03,      8.8000E+00,      4.1404E-01,      2.0931E+03,      8.0667E+01,      1.7580E+02,      2.4771E+03       
4.2500E-01,      3.4000E-03,      8.8667E+00,      3.5187E-01,      2.0938E+03,      7.0867E+01,      1.6753E+02,      2.4775E+03       
4.2500E-01,      3.5000E-03,      8.8000E+00,      4.1404E-01,      2.0485E+03,      7.8133E+01,      1.7167E+02,      2.4162E+03       
4.2500E-01,      3.6000E-03,      8.8667E+00,      3.5187E-01,      2.2392E+03,      8.2933E+01,      1.7493E+02,      2.6177E+03       
4.2500E-01,      3.7000E-03,      8.8667E+00,      5.1640E-01,      2.1179E+03,      7.7800E+01,      1.6520E+02,      2.4847E+03       
4.2500E-01,      3.8000E-03,      8.9333E+00,      2.5820E-01,      1.9771E+03,      7.5467E+01,      1.6793E+02,      2.3608E+03       
4.2500E-01,      3.9000E-03,      9.0000E+00,      0.0000E+00,      2.1171E+03,      7.4333E+01,      1.6633E+02,      2.4876E+03       
4.2500E-01,      4.0000E-03,      8.7333E+00,      5.9362E-01,      2.1059E+03,      8.0200E+01,      1.7620E+02,      2.4792E+03       
4.5000E-01,      2.0000E-03,      8.8667E+00,      3.5187E-01,      2.2095E+03,      4.1133E+01,      1.7667E+02,      2.5452E+03       
4.5000E-01,      2.1000E-03,      8.8667E+00,      5.1640E-01,      2.0963E+03,      4.1000E+01,      1.7040E+02,      2.4300E+03       
4.5000E-01,      2.2000E-03,      8.8667E+00,      5.1640E-01,      2.2892E+03,      4.5467E+01,      1.7613E+02,      2.6319E+03       
4.5000E-01,      2.3000E-03,      9.0000E+00,      0.0000E+00,      2.4071E+03,      4.7200E+01,      1.8000E+02,      2.7628E+03       
4.5000E-01,      2.4000E-03,      8.8667E+00,      3.5187E-01,      2.2860E+03,      4.5667E+01,      1.8173E+02,      2.6229E+03       
4.5000E-01,      2.5000E-03,      8.6667E+00,      4.8795E-01,      2.3305E+03,      4.3200E+01,      1.8007E+02,      2.6724E+03       
4.5000E-01,      2.6000E-03,      8.4000E+00,      8.2808E-01,      2.3065E+03,      6.6067E+01,      1.8893E+02,      2.6338E+03       
4.5000E-01,      2.7000E-03,      8.0667E+00,      1.2228E+00,      2.2869E+03,      8.4600E+01,      1.9147E+02,      2.6287E+03       
4.5000E-01,      2.8000E-03,      8.0000E+00,      1.0000E+00,      2.3359E+03,      8.9067E+01,      1.9420E+02,      2.6753E+03       
4.5000E-01,      2.9000E-03,      8.2667E+00,      1.0328E+00,      2.2057E+03,      9.4000E+01,      1.8713E+02,      2.5667E+03       
4.5000E-01,      3.0000E-03,      8.1333E+00,      1.5523E+00,      2.2417E+03,      1.0007E+02,      1.8987E+02,      2.5917E+03       
4.5000E-01,      3.1000E-03,      8.6000E+00,      5.0709E-01,      2.3113E+03,      9.7467E+01,      1.8947E+02,      2.6967E+03       
4.5000E-01,      3.2000E-03,      8.2000E+00,      7.7460E-01,      2.3843E+03,      9.6867E+01,      1.9293E+02,      2.7615E+03       
4.5000E-01,      3.3000E-03,      8.3333E+00,      7.2375E-01,      2.3557E+03,      9.6400E+01,      1.9013E+02,      2.7298E+03       
4.5000E-01,      3.4000E-03,      8.0667E+00,      8.8372E-01,      2.4409E+03,      9.7200E+01,      1.9520E+02,      2.8153E+03       
4.5000E-01,      3.5000E-03,      8.4667E+00,      8.3381E-01,      2.2815E+03,      9.4267E+01,      1.9133E+02,      2.6496E+03       
4.5000E-01,      3.6000E-03,      8.3333E+00,      8.9974E-01,      2.2017E+03,      9.3000E+01,      1.9247E+02,      2.5559E+03       
4.5000E-01,      3.7000E-03,      8.0000E+00,      1.1339E+00,      2.1979E+03,      9.3067E+01,      1.8147E+02,      2.5437E+03       
4.5000E-01,      3.8000E-03,      8.4667E+00,      7.4322E-01,      2.3755E+03,      9.0000E+01,      1.8313E+02,      2.7505E+03       
4.5000E-01,      3.9000E-03,      7.8667E+00,      1.0601E+00,      2.2198E+03,      1.0080E+02,      1.9120E+02,      2.5755E+03       
4.5000E-01,      4.0000E-03,      8.1333E+00,      9.1548E-01,      2.3551E+03,      9.8600E+01,      1.8593E+02,      2.7183E+03       
4.7500E-01,      2.0000E-03,      8.1333E+00,      9.9043E-01,      2.2709E+03,      4.4067E+01,      1.9167E+02,      2.5613E+03       
4.7500E-01,      2.1000E-03,      8.0000E+00,      1.0690E+00,      2.2689E+03,      5.0400E+01,      1.8640E+02,      2.5636E+03       
4.7500E-01,      2.2000E-03,      8.4000E+00,      7.3679E-01,      2.4152E+03,      4.9667E+01,      1.9607E+02,      2.7457E+03       
4.7500E-01,      2.3000E-03,      7.7333E+00,      1.3345E+00,      2.2577E+03,      4.9800E+01,      1.8413E+02,      2.5553E+03       
4.7500E-01,      2.4000E-03,      8.4667E+00,      6.3994E-01,      2.5277E+03,      4.8667E+01,      1.9533E+02,      2.8605E+03       
4.7500E-01,      2.5000E-03,      8.5333E+00,      8.3381E-01,      2.3361E+03,      4.9133E+01,      1.9393E+02,      2.6603E+03       
4.7500E-01,      2.6000E-03,      7.4000E+00,      1.3522E+00,      2.3549E+03,      7.5600E+01,      1.9980E+02,      2.6643E+03       
4.7500E-01,      2.7000E-03,      6.7333E+00,      1.4376E+00,      2.1035E+03,      9.5667E+01,      2.0027E+02,      2.3973E+03       
4.7500E-01,      2.8000E-03,      6.8667E+00,      1.1872E+00,      2.1444E+03,      1.0047E+02,      1.9720E+02,      2.4397E+03       
4.7500E-01,      2.9000E-03,      6.1333E+00,      1.0601E+00,      1.9660E+03,      1.1520E+02,      2.0027E+02,      2.2555E+03       
4.7500E-01,      3.0000E-03,      7.0667E+00,      1.3870E+00,      2.1818E+03,      1.0693E+02,      1.9447E+02,      2.4940E+03       
4.7500E-01,      3.1000E-03,      7.4000E+00,      1.3522E+00,      2.2603E+03,      1.0227E+02,      1.9980E+02,      2.5835E+03       
4.7500E-01,      3.2000E-03,      6.6000E+00,      1.5492E+00,      2.0685E+03,      1.0347E+02,      2.0160E+02,      2.3585E+03       
4.7500E-01,      3.3000E-03,      7.0000E+00,      1.4142E+00,      2.1822E+03,      1.0627E+02,      1.9693E+02,      2.4887E+03       
4.7500E-01,      3.4000E-03,      7.1333E+00,      1.1255E+00,      2.1517E+03,      1.0413E+02,      1.9687E+02,      2.4829E+03       
4.7500E-01,      3.5000E-03,      7.0667E+00,      1.5337E+00,      2.2419E+03,      1.0647E+02,      2.0140E+02,      2.5552E+03       
4.7500E-01,      3.6000E-03,      6.4667E+00,      1.0601E+00,      2.1437E+03,      1.1087E+02,      2.0007E+02,      2.4437E+03       
4.7500E-01,      3.7000E-03,      6.9333E+00,      1.1629E+00,      2.0779E+03,      1.0927E+02,      1.9773E+02,      2.3814E+03       
4.7500E-01,      3.8000E-03,      6.2667E+00,      1.1629E+00,      1.9488E+03,      1.1060E+02,      1.9700E+02,      2.2305E+03       
4.7500E-01,      3.9000E-03,      6.6000E+00,      1.5024E+00,      1.9045E+03,      1.0407E+02,      2.0120E+02,      2.1926E+03       
4.7500E-01,      4.0000E-03,      6.8667E+00,      1.3020E+00,      2.1429E+03,      1.0373E+02,      1.9787E+02,      2.4463E+03       
5.0000E-01,      2.0000E-03,      6.5333E+00,      1.1872E+00,      2.1301E+03,      4.9133E+01,      1.9900E+02,      2.3640E+03       
5.0000E-01,      2.1000E-03,      7.2000E+00,      1.1464E+00,      2.2755E+03,      5.5867E+01,      2.0340E+02,      2.5411E+03       
5.0000E-01,      2.2000E-03,      7.2667E+00,      1.0998E+00,      2.2861E+03,      5.3867E+01,      2.0620E+02,      2.5675E+03       
5.0000E-01,      2.3000E-03,      6.8667E+00,      1.2459E+00,      2.1644E+03,      5.8800E+01,      2.0040E+02,      2.4223E+03       
5.0000E-01,      2.4000E-03,      6.9333E+00,      1.2799E+00,      2.1839E+03,      5.3667E+01,      1.9647E+02,      2.4380E+03       
5.0000E-01,      2.5000E-03,      6.6000E+00,      1.4541E+00,      2.1327E+03,      5.3000E+01,      2.0000E+02,      2.3824E+03       
5.0000E-01,      2.6000E-03,      5.6667E+00,      1.2344E+00,      1.8131E+03,      8.1000E+01,      1.9667E+02,      2.0213E+03       
5.0000E-01,      2.7000E-03,      5.8000E+00,      1.3732E+00,      1.9388E+03,      9.9933E+01,      2.0187E+02,      2.1778E+03       
5.0000E-01,      2.8000E-03,      5.6000E+00,      1.4541E+00,      1.9813E+03,      1.1133E+02,      2.0607E+02,      2.2265E+03       
5.0000E-01,      2.9000E-03,      4.9333E+00,      1.2799E+00,      1.6533E+03,      1.1620E+02,      2.0027E+02,      1.8665E+03       
5.0000E-01,      3.0000E-03,      5.6667E+00,      9.7590E-01,      1.8357E+03,      1.1407E+02,      2.0060E+02,      2.0967E+03       
5.0000E-01,      3.1000E-03,      5.8000E+00,      1.0823E+00,      1.8526E+03,      1.0720E+02,      1.9873E+02,      2.1007E+03       
5.0000E-01,      3.2000E-03,      4.7333E+00,      1.3345E+00,      1.6701E+03,      1.1687E+02,      1.9680E+02,      1.8726E+03       
5.0000E-01,      3.3000E-03,      5.0000E+00,      1.0690E+00,      1.6223E+03,      1.1220E+02,      1.9767E+02,      1.8300E+03       
5.0000E-01,      3.4000E-03,      5.9333E+00,      1.0998E+00,      1.8956E+03,      1.1527E+02,      2.0153E+02,      2.1686E+03       
5.0000E-01,      3.5000E-03,      4.8000E+00,      1.5675E+00,      1.6392E+03,      1.1927E+02,      2.0007E+02,      1.8462E+03       
5.0000E-01,      3.6000E-03,      5.1333E+00,      1.3020E+00,      1.7258E+03,      1.1253E+02,      2.0440E+02,      1.9436E+03       
5.0000E-01,      3.7000E-03,      5.2000E+00,      1.5675E+00,      1.8065E+03,      1.0720E+02,      1.9527E+02,      2.0255E+03       
5.0000E-01,      3.8000E-03,      5.2000E+00,      1.6125E+00,      1.8377E+03,      1.1180E+02,      1.9567E+02,      2.0747E+03       
5.0000E-01,      3.9000E-03,      5.6667E+00,      1.5430E+00,      1.8599E+03,      1.1620E+02,      2.0333E+02,      2.1148E+03       
5.0000E-01,      4.0000E-03,      5.8000E+00,      1.3202E+00,      1.9137E+03,      1.1420E+02,      2.0227E+02,      2.1693E+03       
5.2500E-01,      2.0000E-03,      6.0000E+00,      1.3628E+00,      2.0644E+03,      5.2000E+01,      1.9780E+02,      2.2838E+03       
5.2500E-01,      2.1000E-03,      5.9333E+00,      7.9881E-01,      2.0618E+03,      5.9467E+01,      2.0267E+02,      2.2854E+03       
5.2500E-01,      2.2000E-03,      5.6000E+00,      1.4541E+00,      1.9333E+03,      5.9067E+01,      2.0207E+02,      2.1355E+03       
5.2500E-01,      2.3000E-03,      5.8000E+00,      1.1464E+00,      2.0283E+03,      5.7933E+01,      1.9967E+02,      2.2557E+03       
5.2500E-01,      2.4000E-03,      5.4667E+00,      1.1872E+00,      1.9225E+03,      6.0067E+01,      2.0527E+02,      2.1171E+03       
5.2500E-01,      2.5000E-03,      5.7333E+00,      1.2228E+00,      2.1483E+03,      5.8733E+01,      2.0240E+02,      2.3677E+03       
5.2500E-01,      2.6000E-03,      4.5333E+00,      1.1872E+00,      1.6903E+03,      8.8867E+01,      1.9613E+02,      1.8640E+03       
5.2500E-01,      2.7000E-03,      4.4000E+00,      1.6818E+00,      1.5569E+03,      1.0893E+02,      2.0300E+02,      1.7303E+03       
5.2500E-01,      2.8000E-03,      4.4667E+00,      1.9952E+00,      1.5092E+03,      1.1513E+02,      1.9493E+02,      1.6989E+03       
5.2500E-01,      2.9000E-03,      3.8000E+00,      1.2071E+00,      1.2962E+03,      1.2960E+02,      2.0007E+02,      1.4621E+03       
5.2500E-01,      3.0000E-03,      4.3333E+00,      1.0465E+00,      1.6031E+03,      1.2513E+02,      1.9720E+02,      1.7961E+03       
5.2500E-01,      3.1000E-03,      4.2667E+00,      9.6115E-01,      1.6209E+03,      1.2600E+02,      2.0053E+02,      1.8147E+03       
5.2500E-01,      3.2000E-03,      3.7333E+00,      1.7512E+00,      1.2901E+03,      1.2607E+02,      1.9667E+02,      1.4485E+03       
5.2500E-01,      3.3000E-03,      3.8000E+00,      1.5213E+00,      1.4457E+03,      1.2727E+02,      2.0167E+02,      1.6245E+03       
5.2500E-01,      3.4000E-03,      4.2000E+00,      1.0142E+00,      1.4729E+03,      1.2220E+02,      2.0120E+02,      1.6652E+03       
5.2500E-01,      3.5000E-03,      3.9333E+00,      1.7915E+00,      1.4979E+03,      1.1987E+02,      1.9647E+02,      1.6686E+03       
5.2500E-01,      3.6000E-03,      3.8000E+00,      1.1464E+00,      1.4869E+03,      1.2407E+02,      2.0120E+02,      1.6536E+03       
5.2500E-01,      3.7000E-03,      4.0667E+00,      1.2799E+00,      1.4887E+03,      1.2560E+02,      1.9880E+02,      1.6807E+03       
5.2500E-01,      3.8000E-03,      3.8667E+00,      1.3020E+00,      1.3801E+03,      1.1760E+02,      2.0173E+02,      1.5313E+03       
5.2500E-01,      3.9000E-03,      3.9333E+00,      1.2799E+00,      1.3949E+03,      1.1787E+02,      1.9767E+02,      1.5698E+03       
5.2500E-01,      4.0000E-03,      4.8000E+00,      1.5213E+00,      1.6199E+03,      1.1547E+02,      1.9700E+02,      1.8367E+03       
5.5000E-01,      2.0000E-03,      5.4000E+00,      1.3522E+00,      2.0351E+03,      6.0133E+01,      2.0667E+02,      2.2385E+03       
5.5000E-01,      2.1000E-03,      5.3333E+00,      1.4960E+00,      1.8609E+03,      5.9933E+01,      2.0647E+02,      2.0525E+03       
5.5000E-01,      2.2000E-03,      4.6667E+00,      1.3452E+00,      1.7421E+03,      6.1333E+01,      1.9880E+02,      1.8980E+03       
5.5000E-01,      2.3000E-03,      4.5333E+00,      1.5055E+00,      1.7658E+03,      5.8933E+01,      2.0360E+02,      1.9231E+03       
5.5000E-01,      2.4000E-03,      4.5333E+00,      1.4573E+00,      1.6571E+03,      6.2267E+01,      1.9667E+02,      1.8295E+03       
5.5000E-01,      2.5000E-03,      4.8000E+00,      1.0142E+00,      1.7399E+03,      6.0933E+01,      1.9553E+02,      1.9100E+03       
5.5000E-01,      2.6000E-03,      4.2000E+00,      1.0142E+00,      1.5694E+03,      9.0400E+01,      2.0087E+02,      1.7215E+03       
5.5000E-01,      2.7000E-03,      4.4667E+00,      1.3558E+00,      1.6569E+03,      1.1167E+02,      1.9973E+02,      1.8351E+03       
5.5000E-01,      2.8000E-03,      3.6667E+00,      1.6330E+00,      1.4769E+03,      1.1587E+02,      1.9260E+02,      1.6399E+03       
5.5000E-01,      2.9000E-03,      3.6667E+00,      9.7590E-01,      1.3965E+03,      1.2633E+02,      2.0620E+02,      1.5467E+03       
5.5000E-01,      3.0000E-03,      3.2667E+00,      7.9881E-01,      1.3179E+03,      1.2573E+02,      1.9633E+02,      1.4569E+03       
5.5000E-01,      3.1000E-03,      3.0000E+00,      1.1952E+00,      1.2741E+03,      1.3140E+02,      2.0447E+02,      1.4054E+03       
5.5000E-01,      3.2000E-03,      3.1333E+00,      1.9591E+00,      1.3261E+03,      1.2807E+02,      1.9753E+02,      1.4605E+03       
5.5000E-01,      3.3000E-03,      3.4667E+00,      1.3020E+00,      1.3420E+03,      1.2507E+02,      2.0193E+02,      1.4939E+03       
5.5000E-01,      3.4000E-03,      3.2000E+00,      1.2071E+00,      1.2521E+03,      1.2700E+02,      2.0040E+02,      1.3970E+03       
5.5000E-01,      3.5000E-03,      3.8000E+00,      1.6562E+00,      1.4145E+03,      1.2480E+02,      1.9947E+02,      1.5879E+03       
5.5000E-01,      3.6000E-03,      3.1333E+00,      1.2459E+00,      1.3065E+03,      1.3027E+02,      1.9413E+02,      1.4585E+03       
5.5000E-01,      3.7000E-03,      3.2667E+00,      1.9074E+00,      1.3341E+03,      1.2400E+02,      1.9633E+02,      1.4815E+03       
5.5000E-01,      3.8000E-03,      3.0000E+00,      1.7321E+00,      1.2015E+03,      1.2367E+02,      1.9600E+02,      1.3289E+03       
5.5000E-01,      3.9000E-03,      2.8667E+00,      1.1255E+00,      1.1889E+03,      1.3107E+02,      1.9780E+02,      1.3158E+03       
5.5000E-01,      4.0000E-03,      3.2000E+00,      1.0823E+00,      1.2484E+03,      1.2653E+02,      2.0060E+02,      1.3818E+03       
5.7500E-01,      2.0000E-03,      4.2000E+00,      1.0823E+00,      1.6790E+03,      5.3867E+01,      2.0753E+02,      1.7995E+03       
5.7500E-01,      2.1000E-03,      4.2667E+00,      8.8372E-01,      1.6845E+03,      6.6533E+01,      2.0060E+02,      1.8349E+03       
5.7500E-01,      2.2000E-03,      4.8000E+00,      9.4112E-01,      1.8347E+03,      6.6067E+01,      2.0340E+02,      2.0116E+03       
5.7500E-01,      2.3000E-03,      3.8667E+00,      9.1548E-01,      1.5134E+03,      7.0267E+01,      1.9973E+02,      1.6441E+03       
5.7500E-01,      2.4000E-03,      4.2000E+00,      1.3732E+00,      1.6635E+03,      6.4333E+01,      2.0180E+02,      1.7945E+03       
5.7500E-01,      2.5000E-03,      4.4000E+00,      1.3522E+00,      1.7689E+03,      6.3000E+01,      2.0713E+02,      1.9097E+03       
5.7500E-01,      2.6000E-03,      4.2000E+00,      1.5213E+00,      1.6173E+03,      8.7267E+01,      2.0360E+02,      1.7775E+03       
5.7500E-01,      2.7000E-03,      2.8667E+00,      1.5055E+00,      1.2816E+03,      1.1807E+02,      1.9833E+02,      1.4001E+03       
5.7500E-01,      2.8000E-03,      3.2667E+00,      1.2228E+00,      1.3243E+03,      1.2260E+02,      2.0380E+02,      1.4768E+03       
5.7500E-01,      2.9000E-03,      2.6000E+00,      1.1212E+00,      1.1953E+03,      1.3167E+02,      2.0307E+02,      1.3055E+03       
5.7500E-01,      3.0000E-03,      2.6667E+00,      9.7590E-01,      1.1539E+03,      1.3600E+02,      2.0200E+02,      1.2722E+03       
5.7500E-01,      3.1000E-03,      2.6000E+00,      1.4041E+00,      1.0692E+03,      1.3613E+02,      2.0607E+02,      1.1755E+03       
5.7500E-01,      3.2000E-03,      2.2667E+00,      7.9881E-01,      1.0570E+03,      1.2913E+02,      2.0053E+02,      1.1443E+03       
5.7500E-01,      3.3000E-03,      2.4000E+00,      1.3522E+00,      1.1783E+03,      1.3487E+02,      1.9433E+02,      1.2899E+03       
5.7500E-01,      3.4000E-03,      2.2000E+00,      1.0823E+00,      1.0603E+03,      1.3813E+02,      1.9960E+02,      1.1711E+03       
5.7500E-01,      3.5000E-03,      2.4667E+00,      1.0601E+00,      1.1741E+03,      1.3147E+02,      2.0420E+02,      1.2873E+03       
5.7500E-01,      3.6000E-03,      2.4667E+00,      1.7674E+00,      1.1875E+03,      1.3013E+02,      1.9913E+02,      1.2930E+03       
5.7500E-01,      3.7000E-03,      3.4000E+00,      1.1212E+00,      1.4129E+03,      1.2453E+02,      1.9873E+02,      1.5703E+03       
5.7500E-01,      3.8000E-03,      2.0667E+00,      9.6115E-01,      1.0644E+03,      1.3180E+02,      1.9680E+02,      1.1617E+03       
5.7500E-01,      3.9000E-03,      2.4667E+00,      1.1872E+00,      1.1407E+03,      1.3680E+02,      1.9947E+02,      1.2575E+03       
5.7500E-01,      4.0000E-03,      3.0000E+00,      1.2536E+00,      1.3609E+03,      1.2907E+02,      2.1140E+02,      1.4862E+03       
6.0000E-01,      2.0000E-03,      3.8667E+00,      9.9043E-01,      1.5560E+03,      6.0333E+01,      2.0173E+02,      1.6743E+03       
6.0000E-01,      2.1000E-03,      3.4667E+00,      1.0601E+00,      1.4903E+03,      6.6733E+01,      1.9460E+02,      1.6026E+03       
6.0000E-01,      2.2000E-03,      3.2000E+00,      9.4112E-01,      1.3701E+03,      6.7133E+01,      1.9913E+02,      1.4559E+03       
6.0000E-01,      2.3000E-03,      3.6667E+00,      9.7590E-01,      1.5552E+03,      6.4200E+01,      2.0427E+02,      1.6665E+03       
6.0000E-01,      2.4000E-03,      3.4000E+00,      8.2808E-01,      1.4886E+03,      7.1000E+01,      2.0387E+02,      1.5948E+03       
6.0000E-01,      2.5000E-03,      3.9333E+00,      1.0998E+00,      1.5883E+03,      6.5933E+01,      2.0653E+02,      1.7152E+03       
6.0000E-01,      2.6000E-03,      2.5333E+00,      8.3381E-01,      1.2505E+03,      9.5400E+01,      1.9853E+02,      1.3441E+03       
6.0000E-01,      2.7000E-03,      2.3333E+00,      1.1127E+00,      1.1871E+03,      1.2353E+02,      2.0107E+02,      1.2839E+03       
6.0000E-01,      2.8000E-03,      2.2667E+00,      1.0328E+00,      1.0251E+03,      1.2807E+02,      1.9547E+02,      1.1173E+03       
6.0000E-01,      2.9000E-03,      2.0000E+00,      1.2536E+00,      1.0443E+03,      1.3613E+02,      2.0187E+02,      1.1400E+03       
6.0000E-01,      3.0000E-03,      2.1333E+00,      1.1872E+00,      1.0645E+03,      1.3953E+02,      1.9527E+02,      1.1705E+03       
6.0000E-01,      3.1000E-03,      2.1333E+00,      1.1255E+00,      1.0929E+03,      1.3353E+02,      1.9787E+02,      1.1925E+03       
6.0000E-01,      3.2000E-03,      2.1333E+00,      9.9043E-01,      1.0882E+03,      1.3793E+02,      1.9773E+02,      1.1863E+03       
6.0000E-01,      3.3000E-03,      1.9333E+00,      7.9881E-01,      9.8720E+02,      1.4047E+02,      1.9887E+02,      1.0803E+03       
6.0000E-01,      3.4000E-03,      2.8000E+00,      1.4243E+00,      1.3085E+03,      1.3820E+02,      2.0320E+02,      1.4453E+03       
6.0000E-01,      3.5000E-03,      1.9333E+00,      1.0328E+00,      1.0322E+03,      1.3320E+02,      2.0133E+02,      1.1145E+03       
6.0000E-01,      3.6000E-03,      2.0000E+00,      1.0690E+00,      9.1453E+02,      1.3660E+02,      1.9753E+02,      1.0073E+03       
6.0000E-01,      3.7000E-03,      1.6000E+00,      1.4041E+00,      9.0827E+02,      1.3913E+02,      1.9620E+02,      9.8587E+02       
6.0000E-01,      3.8000E-03,      2.0000E+00,      1.3093E+00,      9.7453E+02,      1.3987E+02,      1.9073E+02,      1.0737E+03       
6.0000E-01,      3.9000E-03,      2.0000E+00,      1.0690E+00,      1.0115E+03,      1.3153E+02,      1.9133E+02,      1.1082E+03       
6.0000E-01,      4.0000E-03,      1.7333E+00,      7.9881E-01,      9.7167E+02,      1.3213E+02,      1.9893E+02,      1.0473E+03       
6.2500E-01,      2.0000E-03,      3.4667E+00,      9.1548E-01,      1.5504E+03,      6.3333E+01,      1.9687E+02,      1.6609E+03       
6.2500E-01,      2.1000E-03,      3.0000E+00,      1.3093E+00,      1.4121E+03,      7.9333E+01,      2.0200E+02,      1.5046E+03       
6.2500E-01,      2.2000E-03,      3.1333E+00,      9.9043E-01,      1.4248E+03,      6.9133E+01,      1.9533E+02,      1.5203E+03       
6.2500E-01,      2.3000E-03,      2.4000E+00,      9.8561E-01,      1.2572E+03,      7.2267E+01,      1.9800E+02,      1.3225E+03       
6.2500E-01,      2.4000E-03,      3.0667E+00,      5.9362E-01,      1.3699E+03,      6.9933E+01,      2.0127E+02,      1.4667E+03       
6.2500E-01,      2.5000E-03,      2.6667E+00,      1.2344E+00,      1.2753E+03,      7.2333E+01,      2.0393E+02,      1.3401E+03       
6.2500E-01,      2.6000E-03,      2.4667E+00,      9.9043E-01,      1.2017E+03,      9.7200E+01,      1.9627E+02,      1.2839E+03       
6.2500E-01,      2.7000E-03,      2.2000E+00,      8.6189E-01,      1.2008E+03,      1.2400E+02,      2.0033E+02,      1.2919E+03       
6.2500E-01,      2.8000E-03,      2.0667E+00,      1.0328E+00,      1.1176E+03,      1.3307E+02,      2.0527E+02,      1.2034E+03       
6.2500E-01,      2.9000E-03,      1.6667E+00,      8.1650E-01,      9.9107E+02,      1.4027E+02,      2.0307E+02,      1.0598E+03       
6.2500E-01,      3.0000E-03,      1.8000E+00,      8.6189E-01,      9.6153E+02,      1.4480E+02,      2.0167E+02,      1.0458E+03       
6.2500E-01,      3.1000E-03,      1.2000E+00,      7.7460E-01,      8.6313E+02,      1.4167E+02,      1.9953E+02,      9.1800E+02       
6.2500E-01,      3.2000E-03,      1.4000E+00,      1.2421E+00,      9.4540E+02,      1.3847E+02,      1.9920E+02,      1.0162E+03       
6.2500E-01,      3.3000E-03,      1.4667E+00,      1.2459E+00,      9.4040E+02,      1.4527E+02,      2.0180E+02,      1.0111E+03       
6.2500E-01,      3.4000E-03,      1.1333E+00,      9.1548E-01,      8.8727E+02,      1.4653E+02,      2.0013E+02,      9.5073E+02       
6.2500E-01,      3.5000E-03,      1.5333E+00,      1.0601E+00,      9.2760E+02,      1.4593E+02,      1.9900E+02,      1.0011E+03       
6.2500E-01,      3.6000E-03,      1.2667E+00,      8.8372E-01,      9.0220E+02,      1.4760E+02,      2.0280E+02,      9.6160E+02       
6.2500E-01,      3.7000E-03,      1.3333E+00,      8.1650E-01,      8.4260E+02,      1.3960E+02,      1.9220E+02,      9.0753E+02       
6.2500E-01,      3.8000E-03,      1.9333E+00,      9.6115E-01,      1.0495E+03,      1.3853E+02,      2.0213E+02,      1.1326E+03       
6.2500E-01,      3.9000E-03,      1.6000E+00,      1.1212E+00,      9.0000E+02,      1.4453E+02,      2.0027E+02,      9.7187E+02       
6.2500E-01,      4.0000E-03,      1.6000E+00,      1.1212E+00,      9.2540E+02,      1.4140E+02,      1.9713E+02,      1.0063E+03       
6.5000E-01,      2.0000E-03,      2.6667E+00,      1.0465E+00,      1.3385E+03,      6.4800E+01,      1.9447E+02,      1.4131E+03       
6.5000E-01,      2.1000E-03,      3.1333E+00,      7.4322E-01,      1.4527E+03,      7.3133E+01,      2.0947E+02,      1.5387E+03       
6.5000E-01,      2.2000E-03,      2.7333E+00,      1.0328E+00,      1.3083E+03,      7.2533E+01,      1.9500E+02,      1.3919E+03       
6.5000E-01,      2.3000E-03,      2.5333E+00,      8.3381E-01,      1.2971E+03,      7.3400E+01,      2.0007E+02,      1.3677E+03       
6.5000E-01,      2.4000E-03,      2.6000E+00,      1.0556E+00,      1.3509E+03,      6.9800E+01,      2.0273E+02,      1.4227E+03       
6.5000E-01,      2.5000E-03,      2.6667E+00,      7.2375E-01,      1.2703E+03,      7.1267E+01,      1.9900E+02,      1.3489E+03       
6.5000E-01,      2.6000E-03,      2.3333E+00,      1.2344E+00,      1.1715E+03,      9.8933E+01,      2.0000E+02,      1.2533E+03       
6.5000E-01,      2.7000E-03,      1.6667E+00,      8.1650E-01,      9.4660E+02,      1.2793E+02,      1.9740E+02,      1.0173E+03       
6.5000E-01,      2.8000E-03,      1.4000E+00,      1.1212E+00,      9.7727E+02,      1.3553E+02,      1.9647E+02,      1.0421E+03       
6.5000E-01,      2.9000E-03,      1.0000E+00,      7.5593E-01,      8.5687E+02,      1.4320E+02,      2.0000E+02,      9.0020E+02       
6.5000E-01,      3.0000E-03,      1.2667E+00,      7.9881E-01,      8.0787E+02,      1.4833E+02,      2.0400E+02,      8.6693E+02       
6.5000E-01,      3.1000E-03,      1.3333E+00,      7.2375E-01,      9.2587E+02,      1.5133E+02,      2.0620E+02,      9.9967E+02       
6.5000E-01,      3.2000E-03,      1.2000E+00,      1.0823E+00,      8.7960E+02,      1.4820E+02,      2.0013E+02,      9.4480E+02       
6.5000E-01,      3.3000E-03,      1.0667E+00,      9.6115E-01,      8.7760E+02,      1.5167E+02,      1.9940E+02,      9.4173E+02       
6.5000E-01,      3.4000E-03,      1.3333E+00,      1.1127E+00,      9.0180E+02,      1.5433E+02,      2.0540E+02,      9.7447E+02       
6.5000E-01,      3.5000E-03,      1.0000E+00,      9.2582E-01,      8.5613E+02,      1.4653E+02,      1.9327E+02,      9.1587E+02       
6.5000E-01,      3.6000E-03,      1.2667E+00,      9.6115E-01,      8.0620E+02,      1.4700E+02,      1.9933E+02,      8.6847E+02       
6.5000E-01,      3.7000E-03,      1.5333E+00,      9.9043E-01,      9.0720E+02,      1.4973E+02,      2.0160E+02,      9.8600E+02       
6.5000E-01,      3.8000E-03,      9.3333E-01,      7.9881E-01,      8.1907E+02,      1.4660E+02,      2.0633E+02,      8.6053E+02       
6.5000E-01,      3.9000E-03,      1.6667E+00,      1.0465E+00,      1.0023E+03,      1.4013E+02,      1.9607E+02,      1.0839E+03       
6.5000E-01,      4.0000E-03,      1.3333E+00,      1.2344E+00,      9.1880E+02,      1.5320E+02,      1.9267E+02,      1.0041E+03       
6.7500E-01,      2.0000E-03,      2.1333E+00,      5.1640E-01,      1.2251E+03,      6.6933E+01,      1.9993E+02,      1.2731E+03       
6.7500E-01,      2.1000E-03,      2.0667E+00,      8.8372E-01,      1.1869E+03,      7.9133E+01,      2.0113E+02,      1.2351E+03       
6.7500E-01,      2.2000E-03,      2.2667E+00,      7.9881E-01,      1.2245E+03,      7.7133E+01,      1.9533E+02,      1.2862E+03       
6.7500E-01,      2.3000E-03,      2.4000E+00,      9.1026E-01,      1.2845E+03,      7.6800E+01,      2.0500E+02,      1.3487E+03       
6.7500E-01,      2.4000E-03,      2.3333E+00,      9.7590E-01,      1.2849E+03,      7.0400E+01,      2.0453E+02,      1.3417E+03       
6.7500E-01,      2.5000E-03,      2.1333E+00,      8.3381E-01,      1.2298E+03,      8.0733E+01,      2.0093E+02,      1.2852E+03       
6.7500E-01,      2.6000E-03,      1.8667E+00,      7.4322E-01,      1.0835E+03,      1.0847E+02,      2.0347E+02,      1.1501E+03       
6.7500E-01,      2.7000E-03,      1.2000E+00,      8.6189E-01,      8.7227E+02,      1.3560E+02,      1.9807E+02,      9.1593E+02       
6.7500E-01,      2.8000E-03,      1.2000E+00,      1.0823E+00,      9.1933E+02,      1.3620E+02,      1.9993E+02,      9.8080E+02       
6.7500E-01,      2.9000E-03,      1.0667E+00,      7.9881E-01,      9.1000E+02,      1.4840E+02,      1.9953E+02,      9.7527E+02       
6.7500E-01,      3.0000E-03,      7.3333E-01,      7.9881E-01,      8.2673E+02,      1.5433E+02,      1.9913E+02,      8.7813E+02       
6.7500E-01,      3.1000E-03,      1.0667E+00,      8.8372E-01,      8.5240E+02,      1.5060E+02,      1.9740E+02,      9.1960E+02       
6.7500E-01,      3.2000E-03,      1.0000E+00,      7.5593E-01,      8.1140E+02,      1.4880E+02,      1.9980E+02,      8.6713E+02       
6.7500E-01,      3.3000E-03,      1.4000E+00,      9.1026E-01,      9.0347E+02,      1.4693E+02,      2.0067E+02,      9.7440E+02       
6.7500E-01,      3.4000E-03,      9.3333E-01,      9.6115E-01,      8.3753E+02,      1.4853E+02,      2.0040E+02,      8.9460E+02       
6.7500E-01,      3.5000E-03,      1.0667E+00,      1.0328E+00,      7.6767E+02,      1.4833E+02,      2.0327E+02,      8.1873E+02       
6.7500E-01,      3.6000E-03,      1.2000E+00,      9.4112E-01,      8.8747E+02,      1.4820E+02,      2.0073E+02,      9.5420E+02       
6.7500E-01,      3.7000E-03,      1.0667E+00,      7.0373E-01,      8.7313E+02,      1.5267E+02,      2.0447E+02,      9.3613E+02       
6.7500E-01,      3.8000E-03,      6.6667E-01,      7.2375E-01,      7.7920E+02,      1.4713E+02,      2.0433E+02,      8.1613E+02       
6.7500E-01,      3.9000E-03,      6.6667E-01,      8.9974E-01,      7.9227E+02,      1.5067E+02,      2.0267E+02,      8.3640E+02       
6.7500E-01,      4.0000E-03,      9.3333E-01,      7.9881E-01,      8.6640E+02,      1.5027E+02,      2.0327E+02,      9.1860E+02       
7.0000E-01,      2.0000E-03,      1.9333E+00,      1.0328E+00,      1.1929E+03,      6.6933E+01,      1.9807E+02,      1.2331E+03       
7.0000E-01,      2.1000E-03,      2.1333E+00,      9.1548E-01,      1.2081E+03,      7.6533E+01,      1.9933E+02,      1.2744E+03       
7.0000E-01,      2.2000E-03,      2.0000E+00,      1.0000E+00,      1.1283E+03,      7.9667E+01,      1.9760E+02,      1.1849E+03       
7.0000E-01,      2.3000E-03,      2.0667E+00,      7.9881E-01,      1.2048E+03,      7.9067E+01,      1.9707E+02,      1.2583E+03       
7.0000E-01,      2.4000E-03,      1.8667E+00,      8.3381E-01,      1.1637E+03,      7.9333E+01,      2.0320E+02,      1.2057E+03       
7.0000E-01,      2.5000E-03,      2.0667E+00,      7.9881E-01,      1.2779E+03,      8.0667E+01,      2.0373E+02,      1.3398E+03       
7.0000E-01,      2.6000E-03,      1.2000E+00,      4.1404E-01,      9.7973E+02,      1.0887E+02,      2.0147E+02,      1.0061E+03       
7.0000E-01,      2.7000E-03,      1.5333E+00,      9.1548E-01,      1.0419E+03,      1.3387E+02,      2.0180E+02,      1.1135E+03       
7.0000E-01,      2.8000E-03,      1.0667E+00,      7.9881E-01,      8.8960E+02,      1.4673E+02,      2.0120E+02,      9.4660E+02       
7.0000E-01,      2.9000E-03,      1.1333E+00,      9.1548E-01,      8.9320E+02,      1.5340E+02,      1.9813E+02,      9.6387E+02       
7.0000E-01,      3.0000E-03,      8.6667E-01,      9.1548E-01,      8.0587E+02,      1.5180E+02,      2.0067E+02,      8.5480E+02       
7.0000E-01,      3.1000E-03,      7.3333E-01,      7.0373E-01,      7.9220E+02,      1.5280E+02,      2.0140E+02,      8.3800E+02       
7.0000E-01,      3.2000E-03,      4.6667E-01,      5.1640E-01,      7.6373E+02,      1.5193E+02,      1.9720E+02,      8.0333E+02       
7.0000E-01,      3.3000E-03,      8.6667E-01,      7.4322E-01,      8.6767E+02,      1.5747E+02,      1.9407E+02,      9.3607E+02       
7.0000E-01,      3.4000E-03,      8.6667E-01,      9.1548E-01,      8.1553E+02,      1.5593E+02,      2.0427E+02,      8.7267E+02       
7.0000E-01,      3.5000E-03,      1.1333E+00,      8.3381E-01,      8.9093E+02,      1.5487E+02,      1.9633E+02,      9.6787E+02       
7.0000E-01,      3.6000E-03,      7.3333E-01,      4.5774E-01,      7.7833E+02,      1.5180E+02,      2.0387E+02,      8.1573E+02       
7.0000E-01,      3.7000E-03,      1.0667E+00,      7.9881E-01,      8.9747E+02,      1.5433E+02,      2.0453E+02,      9.5913E+02       
7.0000E-01,      3.8000E-03,      1.0667E+00,      9.6115E-01,      8.5313E+02,      1.5333E+02,      2.0087E+02,      9.1913E+02       
7.0000E-01,      3.9000E-03,      8.6667E-01,      7.4322E-01,      8.3380E+02,      1.4227E+02,      2.0120E+02,      8.7007E+02       
7.0000E-01,      4.0000E-03,      1.0667E+00,      7.9881E-01,      8.7413E+02,      1.4700E+02,      2.0300E+02,      9.3680E+02       
7.2500E-01,      2.0000E-03,      2.1333E+00,      1.1255E+00,      1.3153E+03,      6.9333E+01,      1.9520E+02,      1.3711E+03       
7.2500E-01,      2.1000E-03,      1.8000E+00,      7.7460E-01,      1.1799E+03,      7.8533E+01,      1.9820E+02,      1.2260E+03       
7.2500E-01,      2.2000E-03,      1.6000E+00,      9.1026E-01,      1.0918E+03,      7.9533E+01,      1.9667E+02,      1.1276E+03       
7.2500E-01,      2.3000E-03,      2.1333E+00,      5.1640E-01,      1.2935E+03,      7.3733E+01,      2.0213E+02,      1.3483E+03       
7.2500E-01,      2.4000E-03,      1.9333E+00,      9.6115E-01,      1.2422E+03,      7.8067E+01,      2.0067E+02,      1.3012E+03       
7.2500E-01,      2.5000E-03,      1.9333E+00,      1.0328E+00,      1.2113E+03,      8.1333E+01,      2.0273E+02,      1.2595E+03       
7.2500E-01,      2.6000E-03,      1.4667E+00,      1.0601E+00,      1.0378E+03,      1.0687E+02,      1.9800E+02,      1.1013E+03       
7.2500E-01,      2.7000E-03,      8.6667E-01,      7.4322E-01,      7.6967E+02,      1.3033E+02,      1.9387E+02,      8.1213E+02       
7.2500E-01,      2.8000E-03,      9.3333E-01,      7.0373E-01,      7.9540E+02,      1.4153E+02,      1.9707E+02,      8.4373E+02       
7.2500E-01,      2.9000E-03,      6.6667E-01,      6.1721E-01,      7.8233E+02,      1.5667E+02,      1.9967E+02,      8.3347E+02       
7.2500E-01,      3.0000E-03,      4.6667E-01,      9.1548E-01,      7.3447E+02,      1.5760E+02,      1.9807E+02,      7.8053E+02       
7.2500E-01,      3.1000E-03,      4.6667E-01,      5.1640E-01,      7.3727E+02,      1.5767E+02,      2.0080E+02,      7.7800E+02       
7.2500E-01,      3.2000E-03,      8.0000E-01,      6.7612E-01,      8.4800E+02,      1.5360E+02,      2.0320E+02,      9.0313E+02       
7.2500E-01,      3.3000E-03,      6.6667E-01,      8.1650E-01,      8.2660E+02,      1.5240E+02,      2.0053E+02,      8.7713E+02       
7.2500E-01,      3.4000E-03,      6.0000E-01,      6.3246E-01,      7.5533E+02,      1.5780E+02,      1.9993E+02,      7.9673E+02       
7.2500E-01,      3.5000E-03,      6.6667E-01,      8.1650E-01,      7.7367E+02,      1.5847E+02,      1.9887E+02,      8.1887E+02       
7.2500E-01,      3.6000E-03,      6.6667E-01,      6.1721E-01,      7.6360E+02,      1.6113E+02,      1.9467E+02,      8.2673E+02       
7.2500E-01,      3.7000E-03,      6.6667E-01,      6.1721E-01,      7.5600E+02,      1.5313E+02,      1.9887E+02,      8.0073E+02       
7.2500E-01,      3.8000E-03,      5.3333E-01,      7.4322E-01,      6.8947E+02,      1.5553E+02,      1.9933E+02,      7.2253E+02       
7.2500E-01,      3.9000E-03,      8.0000E-01,      8.6189E-01,      8.0347E+02,      1.4847E+02,      2.0747E+02,      8.4113E+02       
7.2500E-01,      4.0000E-03,      5.3333E-01,      7.4322E-01,      7.2393E+02,      1.5700E+02,      1.9720E+02,      7.6560E+02       
7.5000E-01,      2.0000E-03,      2.0000E+00,      8.4515E-01,      1.2056E+03,      6.6533E+01,      2.0353E+02,      1.2521E+03       
7.5000E-01,      2.1000E-03,      1.5333E+00,      7.4322E-01,      1.0670E+03,      8.2400E+01,      1.9987E+02,      1.1016E+03       
7.5000E-01,      2.2000E-03,      1.6000E+00,      6.3246E-01,      1.0881E+03,      8.2133E+01,      1.9707E+02,      1.1355E+03       
7.5000E-01,      2.3000E-03,      1.3333E+00,      4.8795E-01,      1.0666E+03,      8.1400E+01,      1.9760E+02,      1.1002E+03       
7.5000E-01,      2.4000E-03,      2.0000E+00,      8.4515E-01,      1.1663E+03,      7.7400E+01,      2.0587E+02,      1.2274E+03       
7.5000E-01,      2.5000E-03,      1.4000E+00,      7.3679E-01,      1.0383E+03,      8.3533E+01,      1.9947E+02,      1.0727E+03       
7.5000E-01,      2.6000E-03,      1.4000E+00,      5.0709E-01,      1.0046E+03,      1.0640E+02,      1.9887E+02,      1.0649E+03       
7.5000E-01,      2.7000E-03,      8.6667E-01,      9.1548E-01,      8.6293E+02,      1.3780E+02,      1.9580E+02,      9.0307E+02       
7.5000E-01,      2.8000E-03,      6.6667E-01,      4.8795E-01,      8.2900E+02,      1.5320E+02,      1.9733E+02,      8.8000E+02       
7.5000E-01,      2.9000E-03,      6.0000E-01,      6.3246E-01,      7.3867E+02,      1.5727E+02,      1.9533E+02,      7.8733E+02       
7.5000E-01,      3.0000E-03,      8.6667E-01,      6.3994E-01,      7.8553E+02,      1.5807E+02,      1.9920E+02,      8.4353E+02       
7.5000E-01,      3.1000E-03,      6.0000E-01,      7.3679E-01,      7.5280E+02,      1.6507E+02,      2.0340E+02,      8.0720E+02       
7.5000E-01,      3.2000E-03,      8.6667E-01,      5.1640E-01,      8.2553E+02,      1.5667E+02,      2.0220E+02,      8.8233E+02       
7.5000E-01,      3.3000E-03,      8.0000E-01,      5.6061E-01,      8.0080E+02,      1.4913E+02,      2.0233E+02,      8.5140E+02       
7.5000E-01,      3.4000E-03,      7.3333E-01,      7.0373E-01,      7.8633E+02,      1.5980E+02,      2.0107E+02,      8.3940E+02       
7.5000E-01,      3.5000E-03,      7.3333E-01,      7.0373E-01,      8.1673E+02,      1.5827E+02,      1.9420E+02,      8.8007E+02       
7.5000E-01,      3.6000E-03,      4.0000E-01,      6.3246E-01,      7.4507E+02,      1.5380E+02,      1.9540E+02,      7.8060E+02       
7.5000E-01,      3.7000E-03,      6.0000E-01,      6.3246E-01,      7.4527E+02,      1.6093E+02,      1.9980E+02,      8.0067E+02       
7.5000E-01,      3.8000E-03,      8.0000E-01,      6.7612E-01,      8.1367E+02,      1.5793E+02,      2.0160E+02,      8.6047E+02       
7.5000E-01,      3.9000E-03,      3.3333E-01,      6.1721E-01,      7.1707E+02,      1.5653E+02,      2.0133E+02,      7.4987E+02       
7.5000E-01,      4.0000E-03,      6.6667E-01,      7.2375E-01,      7.9433E+02,      1.5507E+02,      1.9947E+02,      8.4520E+02       
7.7500E-01,      2.0000E-03,      1.9333E+00,      5.9362E-01,      1.2534E+03,      6.7333E+01,      2.0433E+02,      1.2945E+03       
7.7500E-01,      2.1000E-03,      1.1333E+00,      7.4322E-01,      1.0786E+03,      8.3267E+01,      2.0060E+02,      1.1003E+03       
7.7500E-01,      2.2000E-03,      1.6000E+00,      6.3246E-01,      1.1806E+03,      8.6600E+01,      2.0787E+02,      1.2192E+03       
7.7500E-01,      2.3000E-03,      1.8000E+00,      8.6189E-01,      1.2035E+03,      8.5933E+01,      2.1020E+02,      1.2649E+03       
7.7500E-01,      2.4000E-03,      1.5333E+00,      7.4322E-01,      1.2215E+03,      8.3933E+01,      2.0033E+02,      1.2697E+03       
7.7500E-01,      2.5000E-03,      1.9333E+00,      7.9881E-01,      1.2291E+03,      8.1933E+01,      2.1500E+02,      1.2883E+03       
7.7500E-01,      2.6000E-03,      1.2667E+00,      7.0373E-01,      1.0365E+03,      1.1053E+02,      1.9920E+02,      1.0902E+03       
7.7500E-01,      2.7000E-03,      9.3333E-01,      7.9881E-01,      8.6860E+02,      1.4827E+02,      2.0487E+02,      9.2200E+02       
7.7500E-01,      2.8000E-03,      9.3333E-01,      7.0373E-01,      8.7533E+02,      1.4820E+02,      1.9933E+02,      9.3887E+02       
7.7500E-01,      2.9000E-03,      2.0000E-01,      4.1404E-01,      6.8720E+02,      1.6360E+02,      2.0120E+02,      7.1647E+02       
7.7500E-01,      3.0000E-03,      3.3333E-01,      6.1721E-01,      7.3347E+02,      1.5760E+02,      1.9607E+02,      7.7660E+02       
7.7500E-01,      3.1000E-03,      5.3333E-01,      6.3994E-01,      7.6660E+02,      1.6207E+02,      2.0973E+02,      8.0360E+02       
7.7500E-01,      3.2000E-03,      6.6667E-01,      8.1650E-01,      8.5193E+02,      1.5813E+02,      2.0273E+02,      9.0420E+02       
7.7500E-01,      3.3000E-03,      2.0000E-01,      4.1404E-01,      6.4253E+02,      1.5960E+02,      1.9580E+02,      6.7473E+02       
7.7500E-01,      3.4000E-03,      3.3333E-01,      6.1721E-01,      7.1307E+02,      1.6147E+02,      1.9833E+02,      7.5727E+02       
7.7500E-01,      3.5000E-03,      6.0000E-01,      6.3246E-01,      7.5560E+02,      1.6393E+02,      2.0000E+02,      8.1020E+02       
7.7500E-01,      3.6000E-03,      7.3333E-01,      7.0373E-01,      8.4507E+02,      1.5320E+02,      2.0193E+02,      8.9913E+02       
7.7500E-01,      3.7000E-03,      2.6667E-01,      4.5774E-01,      6.9133E+02,      1.5753E+02,      2.0007E+02,      7.2547E+02       
7.7500E-01,      3.8000E-03,      2.6667E-01,      4.5774E-01,      6.8107E+02,      1.6067E+02,      2.0053E+02,      7.0387E+02       
7.7500E-01,      3.9000E-03,      2.6667E-01,      4.5774E-01,      7.3560E+02,      1.6933E+02,      1.9747E+02,      7.7987E+02       
7.7500E-01,      4.0000E-03,      6.0000E-01,      5.0709E-01,      8.0647E+02,      1.5507E+02,      1.9727E+02,      8.5760E+02       
8.0000E-01,      2.0000E-03,      1.6000E+00,      6.3246E-01,      1.2028E+03,      6.7933E+01,      1.9987E+02,      1.2337E+03       
8.0000E-01,      2.1000E-03,      1.2000E+00,      6.7612E-01,      1.0850E+03,      8.7400E+01,      1.9727E+02,      1.1138E+03       
8.0000E-01,      2.2000E-03,      1.5333E+00,      7.4322E-01,      1.0989E+03,      8.8267E+01,      1.9807E+02,      1.1477E+03       
8.0000E-01,      2.3000E-03,      1.6000E+00,      8.2808E-01,      1.1923E+03,      8.8533E+01,      2.0020E+02,      1.2542E+03       
8.0000E-01,      2.4000E-03,      1.6000E+00,      1.0556E+00,      1.1119E+03,      8.5000E+01,      2.0233E+02,      1.1571E+03       
8.0000E-01,      2.5000E-03,      1.4000E+00,      6.3246E-01,      1.0688E+03,      8.5333E+01,      2.0313E+02,      1.1003E+03       
8.0000E-01,      2.6000E-03,      9.3333E-01,      4.5774E-01,      9.2953E+02,      1.1767E+02,      1.9800E+02,      9.6673E+02       
8.0000E-01,      2.7000E-03,      6.0000E-01,      5.0709E-01,      8.2180E+02,      1.4093E+02,      1.9267E+02,      8.5787E+02       
8.0000E-01,      2.8000E-03,      4.0000E-01,      5.0709E-01,      7.4287E+02,      1.5033E+02,      1.9847E+02,      7.7793E+02       
8.0000E-01,      2.9000E-03,      4.0000E-01,      6.3246E-01,      7.5167E+02,      1.6293E+02,      1.9620E+02,      7.9667E+02       
8.0000E-01,      3.0000E-03,      1.3333E-01,      3.5187E-01,      6.4527E+02,      1.5880E+02,      1.9713E+02,      6.7367E+02       
8.0000E-01,      3.1000E-03,      2.0000E-01,      5.6061E-01,      6.9113E+02,      1.6053E+02,      1.9780E+02,      7.2260E+02       
8.0000E-01,      3.2000E-03,      4.0000E-01,      5.0709E-01,      7.4687E+02,      1.6507E+02,      2.0213E+02,      7.8687E+02       
8.0000E-01,      3.3000E-03,      4.0000E-01,      5.0709E-01,      7.4420E+02,      1.5713E+02,      2.0000E+02,      7.8187E+02       
8.0000E-01,      3.4000E-03,      4.6667E-01,      5.1640E-01,      7.0807E+02,      1.6507E+02,      1.9780E+02,      7.5553E+02       
8.0000E-01,      3.5000E-03,      4.0000E-01,      6.3246E-01,      7.6133E+02,      1.5927E+02,      1.9900E+02,      8.1027E+02       
8.0000E-01,      3.6000E-03,      5.3333E-01,      5.1640E-01,      7.5060E+02,      1.6920E+02,      1.9733E+02,      8.0433E+02       
8.0000E-01,      3.7000E-03,      7.3333E-01,      5.9362E-01,      8.1847E+02,      1.6733E+02,      2.0633E+02,      8.8533E+02       
8.0000E-01,      3.8000E-03,      5.3333E-01,      7.4322E-01,      7.7100E+02,      1.5887E+02,      1.9707E+02,      8.2400E+02       
8.0000E-01,      3.9000E-03,      4.6667E-01,      5.1640E-01,      7.5533E+02,      1.6520E+02,      2.0080E+02,      8.0173E+02       
8.0000E-01,      4.0000E-03,      4.6667E-01,      6.3994E-01,      7.9180E+02,      1.6253E+02,      2.0360E+02,      8.4240E+02       
8.2500E-01,      2.0000E-03,      1.4667E+00,      6.3994E-01,      1.1815E+03,      7.0800E+01,      1.9407E+02,      1.2233E+03       
8.2500E-01,      2.1000E-03,      1.3333E+00,      6.1721E-01,      1.1576E+03,      8.6600E+01,      1.9860E+02,      1.2096E+03       
8.2500E-01,      2.2000E-03,      1.2000E+00,      6.7612E-01,      1.0343E+03,      8.5333E+01,      2.0280E+02,      1.0597E+03       
8.2500E-01,      2.3000E-03,      1.3333E+00,      7.2375E-01,      1.0835E+03,      8.6467E+01,      2.0287E+02,      1.1144E+03       
8.2500E-01,      2.4000E-03,      1.0667E+00,      4.5774E-01,      1.0125E+03,      8.7400E+01,      1.9620E+02,      1.0383E+03       
8.2500E-01,      2.5000E-03,      1.1333E+00,      7.4322E-01,      1.0319E+03,      9.0200E+01,      1.9793E+02,      1.0685E+03       
8.2500E-01,      2.6000E-03,      9.3333E-01,      7.0373E-01,      9.4913E+02,      1.1440E+02,      1.9687E+02,      9.8487E+02       
8.2500E-01,      2.7000E-03,      6.6667E-01,      7.2375E-01,      8.1387E+02,      1.3940E+02,      1.9780E+02,      8.5213E+02       
8.2500E-01,      2.8000E-03,      3.3333E-01,      6.1721E-01,      7.4780E+02,      1.6093E+02,      2.0287E+02,      7.8687E+02       
8.2500E-01,      2.9000E-03,      3.3333E-01,      4.8795E-01,      7.4300E+02,      1.6427E+02,      2.0200E+02,      7.7713E+02       
8.2500E-01,      3.0000E-03,      2.6667E-01,      4.5774E-01,      7.2507E+02,      1.6367E+02,      1.9907E+02,      7.6433E+02       
8.2500E-01,      3.1000E-03,      2.6667E-01,      5.9362E-01,      7.2627E+02,      1.6440E+02,      1.9867E+02,      7.7087E+02       
8.2500E-01,      3.2000E-03,      1.3333E-01,      3.5187E-01,      6.5413E+02,      1.6320E+02,      1.9160E+02,      6.8980E+02       
8.2500E-01,      3.3000E-03,      2.6667E-01,      4.5774E-01,      7.4940E+02,      1.5880E+02,      1.9953E+02,      7.8287E+02       
8.2500E-01,      3.4000E-03,      1.3333E-01,      3.5187E-01,      6.6953E+02,      1.5987E+02,      1.9707E+02,      7.0193E+02       
8.2500E-01,      3.5000E-03,      3.3333E-01,      6.1721E-01,      7.4840E+02,      1.6953E+02,      1.9613E+02,      7.9620E+02       
8.2500E-01,      3.6000E-03,      3.3333E-01,      4.8795E-01,      7.2133E+02,      1.5340E+02,      1.9727E+02,      7.4967E+02       
8.2500E-01,      3.7000E-03,      2.6667E-01,      4.5774E-01,      7.2560E+02,      1.6413E+02,      1.9313E+02,      7.7147E+02       
8.2500E-01,      3.8000E-03,      2.0000E-01,      5.6061E-01,      7.3973E+02,      1.6740E+02,      2.0000E+02,      7.8087E+02       
8.2500E-01,      3.9000E-03,      2.6667E-01,      4.5774E-01,      7.2540E+02,      1.6187E+02,      2.0260E+02,      7.5707E+02       
8.2500E-01,      4.0000E-03,      6.6667E-02,      2.5820E-01,      6.5887E+02,      1.6033E+02,      1.9673E+02,      6.8567E+02       
8.5000E-01,      2.0000E-03,      1.4667E+00,      7.4322E-01,      1.1153E+03,      7.5800E+01,      2.0213E+02,      1.1551E+03       
8.5000E-01,      2.1000E-03,      1.1333E+00,      7.4322E-01,      1.0865E+03,      9.0600E+01,      2.0140E+02,      1.1295E+03       
8.5000E-01,      2.2000E-03,      9.3333E-01,      5.9362E-01,      1.0270E+03,      8.9200E+01,      1.9227E+02,      1.0615E+03       
8.5000E-01,      2.3000E-03,      9.3333E-01,      7.0373E-01,      9.8273E+02,      8.9733E+01,      1.9640E+02,      1.0031E+03       
8.5000E-01,      2.4000E-03,      1.1333E+00,      5.1640E-01,      1.0173E+03,      9.0533E+01,      2.0087E+02,      1.0467E+03       
8.5000E-01,      2.5000E-03,      1.1333E+00,      6.3994E-01,      1.0553E+03,      9.3267E+01,      2.0300E+02,      1.0859E+03       
8.5000E-01,      2.6000E-03,      9.3333E-01,      5.9362E-01,      1.0169E+03,      1.1847E+02,      2.0747E+02,      1.0577E+03       
8.5000E-01,      2.7000E-03,      4.0000E-01,      6.3246E-01,      7.8253E+02,      1.4160E+02,      2.0693E+02,      8.0713E+02       
8.5000E-01,      2.8000E-03,      4.6667E-01,      5.1640E-01,      7.6827E+02,      1.6187E+02,      2.0540E+02,      8.1353E+02       
8.5000E-01,      2.9000E-03,      2.0000E-01,      4.1404E-01,      7.0533E+02,      1.6800E+02,      1.9900E+02,      7.4527E+02       
8.5000E-01,      3.0000E-03,      2.0000E-01,      4.1404E-01,      6.9580E+02,      1.6940E+02,      2.0240E+02,      7.3400E+02       
8.5000E-01,      3.1000E-03,      2.0000E-01,      5.6061E-01,      6.8553E+02,      1.6100E+02,      2.0220E+02,      7.1847E+02       
8.5000E-01,      3.2000E-03,      6.6667E-02,      2.5820E-01,      6.6313E+02,      1.5887E+02,      1.9540E+02,      6.8493E+02       
8.5000E-01,      3.3000E-03,      2.6667E-01,      4.5774E-01,      7.0940E+02,      1.6040E+02,      1.9493E+02,      7.4747E+02       
8.5000E-01,      3.4000E-03,      3.3333E-01,      6.1721E-01,      7.7873E+02,      1.6080E+02,      2.0047E+02,      8.1420E+02       
8.5000E-01,      3.5000E-03,      2.0000E-01,      4.1404E-01,      6.9373E+02,      1.7153E+02,      1.9420E+02,      7.3893E+02       
8.5000E-01,      3.6000E-03,      2.0000E-01,      4.1404E-01,      6.9833E+02,      1.6173E+02,      2.0173E+02,      7.2307E+02       
8.5000E-01,      3.7000E-03,      2.0000E-01,      4.1404E-01,      6.9580E+02,      1.6947E+02,      1.9967E+02,      7.3460E+02       
8.5000E-01,      3.8000E-03,      6.6667E-02,      2.5820E-01,      6.9627E+02,      1.6747E+02,      1.9967E+02,      7.2487E+02       
8.5000E-01,      3.9000E-03,      2.0000E-01,      5.6061E-01,      6.9427E+02,      1.6340E+02,      1.9647E+02,      7.3113E+02       
8.5000E-01,      4.0000E-03,      6.6667E-02,      2.5820E-01,      6.5967E+02,      1.6133E+02,      1.8967E+02,      6.9747E+02       
8.7500E-01,      2.0000E-03,      1.2667E+00,      7.0373E-01,      1.1155E+03,      8.2933E+01,      1.9853E+02,      1.1537E+03       
8.7500E-01,      2.1000E-03,      1.1333E+00,      5.1640E-01,      1.0853E+03,      9.3000E+01,      2.0193E+02,      1.1225E+03       
8.7500E-01,      2.2000E-03,      1.1333E+00,      7.4322E-01,      1.0797E+03,      8.5800E+01,      2.0540E+02,      1.1081E+03       
8.7500E-01,      2.3000E-03,      1.3333E+00,      8.1650E-01,      1.1293E+03,      8.9333E+01,      2.0667E+02,      1.1684E+03       
8.7500E-01,      2.4000E-03,      1.1333E+00,      6.3994E-01,      1.1089E+03,      9.0067E+01,      2.0440E+02,      1.1416E+03       
8.7500E-01,      2.5000E-03,      1.1333E+00,      7.4322E-01,      1.0570E+03,      8.9667E+01,      2.0120E+02,      1.0984E+03       
8.7500E-01,      2.6000E-03,      8.0000E-01,      6.7612E-01,      9.0693E+02,      1.2760E+02,      2.0167E+02,      9.5460E+02       
8.7500E-01,      2.7000E-03,      3.3333E-01,      4.8795E-01,      7.7073E+02,      1.4520E+02,      1.9513E+02,      8.0240E+02       
8.7500E-01,      2.8000E-03,      2.6667E-01,      4.5774E-01,      7.1520E+02,      1.6193E+02,      1.9780E+02,      7.6273E+02       
8.7500E-01,      2.9000E-03,      6.6667E-02,      2.5820E-01,      6.8993E+02,      1.6613E+02,      2.0413E+02,      7.1420E+02       
8.7500E-01,      3.0000E-03,      2.6667E-01,      4.5774E-01,      6.6927E+02,      1.6280E+02,      1.9487E+02,      7.0940E+02       
8.7500E-01,      3.1000E-03,      2.0000E-01,      4.1404E-01,      7.0820E+02,      1.6787E+02,      1.9593E+02,      7.5120E+02       
8.7500E-01,      3.2000E-03,      2.0000E-01,      4.1404E-01,      6.8693E+02,      1.7433E+02,      1.9880E+02,      7.3793E+02       
8.7500E-01,      3.3000E-03,      2.0000E-01,      4.1404E-01,      7.0260E+02,      1.7060E+02,      2.0120E+02,      7.4187E+02       
8.7500E-01,      3.4000E-03,      3.3333E-01,      4.8795E-01,      8.0253E+02,      1.6347E+02,      2.0227E+02,      8.5800E+02       
8.7500E-01,      3.5000E-03,      2.0000E-01,      4.1404E-01,      7.4067E+02,      1.7227E+02,      1.9987E+02,      7.8733E+02       
8.7500E-01,      3.6000E-03,      2.0000E-01,      4.1404E-01,      6.9607E+02,      1.6133E+02,      1.9800E+02,      7.2847E+02       
8.7500E-01,      3.7000E-03,      2.0000E-01,      4.1404E-01,      7.1233E+02,      1.6647E+02,      2.0073E+02,      7.5160E+02       
8.7500E-01,      3.8000E-03,      4.0000E-01,      5.0709E-01,      7.6560E+02,      1.6593E+02,      2.0373E+02,      8.1173E+02       
8.7500E-01,      3.9000E-03,      2.0000E-01,      5.6061E-01,      6.8927E+02,      1.6327E+02,      2.0313E+02,      7.2073E+02       
8.7500E-01,      4.0000E-03,      2.0000E-01,      4.1404E-01,      6.8833E+02,      1.6087E+02,      2.0433E+02,      7.1993E+02       