#tau,            K*,              det_rate,        thickness,       thick_stDev,     n_deaths,        n_detachments,   n_immigrations,  n_replications,  n_tau_halves     
1.0000E-02,      4.0000E-01,      2.0000E-03,      9.0000E+00,      0.0000E+00,      1.4350E+03,      1.1933E+01,      1.2427E+02,      1.7657E+03,      5.1333E+00       
1.0000E-02,      4.0000E-01,      2.1000E-03,      9.0000E+00,      0.0000E+00,      1.5263E+03,      2.4867E+01,      1.3033E+02,      1.8703E+03,      4.8667E+00       
1.0000E-02,      4.0000E-01,      2.2000E-03,      9.0000E+00,      0.0000E+00,      1.5098E+03,      2.7267E+01,      1.2687E+02,      1.8542E+03,      4.2667E+00       
1.0000E-02,      4.0000E-01,      2.3000E-03,      9.0000E+00,      0.0000E+00,      1.5730E+03,      2.4800E+01,      1.3420E+02,      1.9243E+03,      4.9333E+00       
1.0000E-02,      4.0000E-01,      2.4000E-03,      9.0000E+00,      0.0000E+00,      1.5895E+03,      2.8400E+01,      1.3360E+02,      1.9276E+03,      5.2000E+00       
1.0000E-02,      4.0000E-01,      2.5000E-03,      9.0000E+00,      0.0000E+00,      1.4962E+03,      2.4000E+01,      1.3200E+02,      1.8404E+03,      5.4000E+00       
1.0000E-02,      4.0000E-01,      2.6000E-03,      9.0000E+00,      0.0000E+00,      1.6347E+03,      2.8533E+01,      1.3620E+02,      1.9871E+03,      6.0667E+00       
1.0000E-02,      4.0000E-01,      2.7000E-03,      9.0000E+00,      0.0000E+00,      1.5057E+03,      2.5200E+01,      1.3053E+02,      1.8589E+03,      4.6000E+00       
1.0000E-02,      4.0000E-01,      2.8000E-03,      9.0000E+00,      0.0000E+00,      1.5729E+03,      4.2000E+01,      1.3980E+02,      1.9283E+03,      4.8667E+00       
1.0000E-02,      4.0000E-01,      2.9000E-03,      9.0000E+00,      0.0000E+00,      1.6346E+03,      5.4733E+01,      1.4147E+02,      1.9843E+03,      5.5333E+00       
1.0000E-02,      4.0000E-01,      3.0000E-03,      9.0000E+00,      0.0000E+00,      1.6026E+03,      5.2267E+01,      1.3940E+02,      1.9677E+03,      5.3333E+00       
1.0000E-02,      4.0000E-01,      3.1000E-03,      9.0000E+00,      0.0000E+00,      1.6092E+03,      5.8533E+01,      1.3867E+02,      1.9854E+03,      5.4667E+00       
1.0000E-02,      4.0000E-01,      3.2000E-03,      9.0000E+00,      0.0000E+00,      1.6438E+03,      5.4600E+01,      1.4553E+02,      2.0002E+03,      6.2000E+00       
1.0000E-02,      4.0000E-01,      3.3000E-03,      9.0000E+00,      0.0000E+00,      1.6151E+03,      5.5867E+01,      1.4047E+02,      1.9825E+03,      5.2667E+00       
1.0000E-02,      4.0000E-01,      3.4000E-03,      9.0000E+00,      0.0000E+00,      1.6117E+03,      5.5333E+01,      1.3980E+02,      1.9885E+03,      4.7333E+00       
1.0000E-02,      4.0000E-01,      3.5000E-03,      9.0000E+00,      0.0000E+00,      1.5658E+03,      4.8000E+01,      1.2960E+02,      1.9461E+03,      5.8667E+00       
1.0000E-02,      4.0000E-01,      3.6000E-03,      9.0000E+00,      0.0000E+00,      1.6667E+03,      5.5600E+01,      1.4020E+02,      2.0449E+03,      4.8667E+00       
1.0000E-02,      4.0000E-01,      3.7000E-03,      9.0000E+00,      0.0000E+00,      1.6677E+03,      5.3733E+01,      1.4427E+02,      2.0385E+03,      5.1333E+00       
1.0000E-02,      4.0000E-01,      3.8000E-03,      9.0000E+00,      0.0000E+00,      1.5895E+03,      5.1667E+01,      1.4067E+02,      1.9601E+03,      4.2000E+00       
1.0000E-02,      4.0000E-01,      3.9000E-03,      9.0000E+00,      0.0000E+00,      1.7214E+03,      6.1267E+01,      1.4187E+02,      2.0989E+03,      5.8667E+00       
1.0000E-02,      4.0000E-01,      4.0000E-03,      9.0000E+00,      0.0000E+00,      1.7025E+03,      5.4733E+01,      1.3940E+02,      2.0811E+03,      6.2000E+00       
1.0000E-02,      4.2500E-01,      2.0000E-03,      9.0000E+00,      0.0000E+00,      1.8899E+03,      1.6533E+01,      1.5493E+02,      2.2274E+03,      5.1333E+00       
1.0000E-02,      4.2500E-01,      2.1000E-03,      8.9333E+00,      2.5820E-01,      1.9681E+03,      3.7133E+01,      1.6060E+02,      2.3158E+03,      6.3333E+00       
1.0000E-02,      4.2500E-01,      2.2000E-03,      9.0000E+00,      0.0000E+00,      2.0292E+03,      3.9400E+01,      1.6020E+02,      2.3743E+03,      6.9333E+00       
1.0000E-02,      4.2500E-01,      2.3000E-03,      9.0000E+00,      0.0000E+00,      1.9016E+03,      3.5067E+01,      1.5273E+02,      2.2571E+03,      6.7333E+00       
1.0000E-02,      4.2500E-01,      2.4000E-03,      9.0000E+00,      0.0000E+00,      1.9051E+03,      3.5467E+01,      1.5793E+02,      2.2441E+03,      6.7333E+00       
1.0000E-02,      4.2500E-01,      2.5000E-03,      9.0000E+00,      0.0000E+00,      1.8646E+03,      3.2733E+01,      1.5207E+02,      2.2127E+03,      6.4000E+00       
1.0000E-02,      4.2500E-01,      2.6000E-03,      9.0000E+00,      0.0000E+00,      2.0401E+03,      3.7600E+01,      1.6567E+02,      2.3940E+03,      7.5333E+00       
1.0000E-02,      4.2500E-01,      2.7000E-03,      9.0000E+00,      0.0000E+00,      1.8433E+03,      3.4800E+01,      1.5440E+02,      2.1849E+03,      6.2667E+00       
1.0000E-02,      4.2500E-01,      2.8000E-03,      9.0000E+00,      0.0000E+00,      2.1564E+03,      5.8067E+01,      1.7200E+02,      2.5105E+03,      7.2667E+00       
1.0000E-02,      4.2500E-01,      2.9000E-03,      9.0000E+00,      0.0000E+00,      2.1207E+03,      7.1667E+01,      1.7247E+02,      2.4905E+03,      7.6000E+00       
1.0000E-02,      4.2500E-01,      3.0000E-03,      9.0000E+00,      0.0000E+00,      2.1581E+03,      7.3733E+01,      1.7440E+02,      2.5354E+03,      6.6667E+00       
1.0000E-02,      4.2500E-01,      3.1000E-03,      8.8000E+00,      5.6061E-01,      2.1133E+03,      7.6600E+01,      1.7320E+02,      2.4835E+03,      6.3333E+00       
1.0000E-02,      4.2500E-01,      3.2000E-03,      8.8000E+00,      4.1404E-01,      2.0591E+03,      7.8800E+01,      1.6953E+02,      2.4426E+03,      6.5333E+00       
1.0000E-02,      4.2500E-01,      3.3000E-03,      9.0000E+00,      0.0000E+00,      2.0723E+03,      7.4867E+01,      1.6753E+02,      2.4495E+03,      7.3333E+00       
1.0000E-02,      4.2500E-01,      3.4000E-03,      8.9333E+00,      2.5820E-01,      2.1894E+03,      7.5533E+01,      1.7120E+02,      2.5749E+03,      8.2000E+00       
1.0000E-02,      4.2500E-01,      3.5000E-03,      8.9333E+00,      2.5820E-01,      2.0549E+03,      7.2733E+01,      1.6633E+02,      2.4323E+03,      5.9333E+00       
1.0000E-02,      4.2500E-01,      3.6000E-03,      8.8000E+00,      4.1404E-01,      2.1415E+03,      7.9067E+01,      1.7453E+02,      2.5181E+03,      6.8000E+00       
1.0000E-02,      4.2500E-01,      3.7000E-03,      8.8667E+00,      5.1640E-01,      2.0461E+03,      7.7600E+01,      1.7467E+02,      2.4192E+03,      5.4667E+00       
1.0000E-02,      4.2500E-01,      3.8000E-03,      9.0000E+00,      0.0000E+00,      2.1741E+03,      7.9067E+01,      1.6947E+02,      2.5407E+03,      6.0667E+00       
1.0000E-02,      4.2500E-01,      3.9000E-03,      8.8667E+00,      3.5187E-01,      2.1573E+03,      7.5067E+01,      1.7180E+02,      2.5364E+03,      7.7333E+00       
1.0000E-02,      4.2500E-01,      4.0000E-03,      9.0000E+00,      0.0000E+00,      2.1144E+03,      7.6467E+01,      1.6927E+02,      2.4999E+03,      6.4667E+00       
1.0000E-02,      4.5000E-01,      2.0000E-03,      8.8667E+00,      3.5187E-01,      2.3167E+03,      2.0467E+01,      1.7687E+02,      2.6384E+03,      7.4667E+00       
1.0000E-02,      4.5000E-01,      2.1000E-03,      8.8000E+00,      5.6061E-01,      2.2602E+03,      4.2800E+01,      1.7347E+02,      2.5976E+03,      7.2000E+00       
1.0000E-02,      4.5000E-01,      2.2000E-03,      8.8000E+00,      5.6061E-01,      2.2539E+03,      4.2000E+01,      1.7600E+02,      2.5901E+03,      8.0667E+00       
1.0000E-02,      4.5000E-01,      2.3000E-03,      8.8667E+00,      3.5187E-01,      2.1936E+03,      4.2467E+01,      1.7860E+02,      2.5307E+03,      7.5333E+00       
1.0000E-02,      4.5000E-01,      2.4000E-03,      9.0000E+00,      0.0000E+00,      2.2326E+03,      3.9533E+01,      1.7207E+02,      2.5729E+03,      7.1333E+00       
1.0000E-02,      4.5000E-01,      2.5000E-03,      8.2667E+00,      8.8372E-01,      2.3021E+03,      4.9533E+01,      1.8547E+02,      2.6222E+03,      7.8000E+00       
1.0000E-02,      4.5000E-01,      2.6000E-03,      8.6667E+00,      6.1721E-01,      2.2660E+03,      4.0133E+01,      1.7640E+02,      2.5949E+03,      6.5333E+00       
1.0000E-02,      4.5000E-01,      2.7000E-03,      8.8000E+00,      7.7460E-01,      2.2633E+03,      4.4000E+01,      1.8033E+02,      2.5935E+03,      8.1333E+00       
1.0000E-02,      4.5000E-01,      2.8000E-03,      8.2667E+00,      8.8372E-01,      2.2643E+03,      6.6400E+01,      1.8507E+02,      2.5976E+03,      7.9333E+00       
1.0000E-02,      4.5000E-01,      2.9000E-03,      8.1333E+00,      9.1548E-01,      2.2506E+03,      8.6533E+01,      1.9127E+02,      2.5999E+03,      7.4000E+00       
1.0000E-02,      4.5000E-01,      3.0000E-03,      8.0000E+00,      1.3628E+00,      2.2931E+03,      9.7200E+01,      1.9747E+02,      2.6377E+03,      6.7333E+00       
1.0000E-02,      4.5000E-01,      3.1000E-03,      7.8667E+00,      9.9043E-01,      2.2530E+03,      9.9000E+01,      1.9367E+02,      2.5851E+03,      8.0667E+00       
1.0000E-02,      4.5000E-01,      3.2000E-03,      8.1333E+00,      9.1548E-01,      2.2903E+03,      9.6867E+01,      1.9480E+02,      2.6341E+03,      7.7333E+00       
1.0000E-02,      4.5000E-01,      3.3000E-03,      7.5333E+00,      1.4075E+00,      2.1347E+03,      9.7333E+01,      1.9387E+02,      2.4509E+03,      6.3333E+00       
1.0000E-02,      4.5000E-01,      3.4000E-03,      7.6667E+00,      1.1751E+00,      2.2147E+03,      9.7000E+01,      1.9313E+02,      2.5445E+03,      5.8000E+00       
1.0000E-02,      4.5000E-01,      3.5000E-03,      7.4667E+00,      1.3558E+00,      2.2173E+03,      9.8867E+01,      1.9053E+02,      2.5403E+03,      6.8000E+00       
1.0000E-02,      4.5000E-01,      3.6000E-03,      7.9333E+00,      1.0328E+00,      2.2794E+03,      9.6000E+01,      1.9127E+02,      2.6300E+03,      8.3333E+00       
1.0000E-02,      4.5000E-01,      3.7000E-03,      8.1333E+00,      9.1548E-01,      2.2845E+03,      9.4200E+01,      1.9240E+02,      2.6381E+03,      6.1333E+00       
1.0000E-02,      4.5000E-01,      3.8000E-03,      8.2667E+00,      8.8372E-01,      2.3642E+03,      9.4000E+01,      1.9887E+02,      2.7235E+03,      7.5333E+00       
1.0000E-02,      4.5000E-01,      3.9000E-03,      7.8667E+00,      1.0601E+00,      2.2426E+03,      9.8067E+01,      1.9760E+02,      2.5691E+03,      6.4667E+00       
1.0000E-02,      4.5000E-01,      4.0000E-03,      8.3333E+00,      9.7590E-01,      2.2973E+03,      9.5600E+01,      1.9287E+02,      2.6531E+03,      7.4000E+00       
1.0000E-02,      4.7500E-01,      2.0000E-03,      8.5333E+00,      9.1548E-01,      2.2960E+03,      2.3933E+01,      1.8420E+02,      2.6136E+03,      7.0667E+00       
1.0000E-02,      4.7500E-01,      2.1000E-03,      8.0000E+00,      9.2582E-01,      2.3691E+03,      4.8067E+01,      1.9613E+02,      2.6852E+03,      7.3333E+00       
1.0000E-02,      4.7500E-01,      2.2000E-03,      7.4000E+00,      1.2421E+00,      2.3602E+03,      5.3200E+01,      2.0167E+02,      2.6382E+03,      6.3333E+00       
1.0000E-02,      4.7500E-01,      2.3000E-03,      8.3333E+00,      4.8795E-01,      2.4923E+03,      4.9067E+01,      1.9707E+02,      2.8127E+03,      7.3333E+00       
1.0000E-02,      4.7500E-01,      2.4000E-03,      8.0667E+00,      1.1629E+00,      2.4265E+03,      4.9200E+01,      1.9880E+02,      2.7233E+03,      6.3333E+00       
1.0000E-02,      4.7500E-01,      2.5000E-03,      8.0000E+00,      1.1952E+00,      2.1958E+03,      4.8733E+01,      1.8700E+02,      2.4933E+03,      6.5333E+00       
1.0000E-02,      4.7500E-01,      2.6000E-03,      7.8667E+00,      1.1255E+00,      2.4557E+03,      5.1667E+01,      2.0100E+02,      2.7463E+03,      8.4667E+00       
1.0000E-02,      4.7500E-01,      2.7000E-03,      7.8000E+00,      1.0823E+00,      2.3631E+03,      5.1333E+01,      1.9647E+02,      2.6813E+03,      6.8000E+00       
1.0000E-02,      4.7500E-01,      2.8000E-03,      7.2000E+00,      1.6562E+00,      2.1488E+03,      7.5400E+01,      1.9913E+02,      2.4268E+03,      6.0667E+00       
1.0000E-02,      4.7500E-01,      2.9000E-03,      6.5333E+00,      1.1872E+00,      2.0233E+03,      1.0620E+02,      1.9627E+02,      2.3117E+03,      5.4000E+00       
1.0000E-02,      4.7500E-01,      3.0000E-03,      6.7333E+00,      1.3870E+00,      2.0743E+03,      1.0493E+02,      1.9500E+02,      2.3671E+03,      6.1333E+00       
1.0000E-02,      4.7500E-01,      3.1000E-03,      6.7333E+00,      1.3345E+00,      2.0650E+03,      1.0580E+02,      1.9640E+02,      2.3641E+03,      7.6000E+00       
1.0000E-02,      4.7500E-01,      3.2000E-03,      6.6000E+00,      1.5492E+00,      2.0382E+03,      1.0447E+02,      1.9887E+02,      2.3316E+03,      5.4667E+00       
1.0000E-02,      4.7500E-01,      3.3000E-03,      6.2000E+00,      1.2649E+00,      1.9123E+03,      1.0680E+02,      2.0100E+02,      2.1747E+03,      5.1333E+00       
1.0000E-02,      4.7500E-01,      3.4000E-03,      6.6667E+00,      1.2910E+00,      2.1099E+03,      1.0247E+02,      2.0380E+02,      2.3855E+03,      5.4667E+00       
1.0000E-02,      4.7500E-01,      3.5000E-03,      6.4000E+00,      1.9198E+00,      2.0361E+03,      1.0660E+02,      1.9700E+02,      2.3163E+03,      5.9333E+00       
1.0000E-02,      4.7500E-01,      3.6000E-03,      6.2000E+00,      1.0823E+00,      1.9377E+03,      1.0900E+02,      2.0173E+02,      2.2069E+03,      5.4667E+00       
1.0000E-02,      4.7500E-01,      3.7000E-03,      6.9333E+00,      1.6242E+00,      2.1245E+03,      1.0580E+02,      2.0187E+02,      2.4249E+03,      6.0000E+00       
1.0000E-02,      4.7500E-01,      3.8000E-03,      6.4667E+00,      1.5055E+00,      2.0057E+03,      1.0607E+02,      2.0107E+02,      2.2837E+03,      5.1333E+00       
1.0000E-02,      4.7500E-01,      3.9000E-03,      7.0000E+00,      1.1339E+00,      2.2014E+03,      1.0393E+02,      2.0433E+02,      2.5207E+03,      5.8000E+00       
1.0000E-02,      4.7500E-01,      4.0000E-03,      7.0667E+00,      1.3870E+00,      2.1815E+03,      1.0347E+02,      2.0160E+02,      2.4864E+03,      7.4000E+00       
1.0000E-02,      5.0000E-01,      2.0000E-03,      7.3333E+00,      1.1127E+00,      2.3349E+03,      2.8133E+01,      1.9500E+02,      2.5860E+03,      5.8000E+00       
1.0000E-02,      5.0000E-01,      2.1000E-03,      6.4667E+00,      1.3020E+00,      2.1120E+03,      5.7533E+01,      1.9700E+02,      2.3626E+03,      6.4000E+00       
1.0000E-02,      5.0000E-01,      2.2000E-03,      6.4667E+00,      1.1872E+00,      2.1319E+03,      5.8533E+01,      2.0227E+02,      2.3594E+03,      6.0000E+00       
1.0000E-02,      5.0000E-01,      2.3000E-03,      6.9333E+00,      1.1629E+00,      2.2551E+03,      5.7267E+01,      2.0187E+02,      2.5151E+03,      8.6000E+00       
1.0000E-02,      5.0000E-01,      2.4000E-03,      6.6000E+00,      1.1212E+00,      2.1464E+03,      5.2600E+01,      2.0213E+02,      2.3846E+03,      6.2667E+00       
1.0000E-02,      5.0000E-01,      2.5000E-03,      6.9333E+00,      1.4376E+00,      2.2917E+03,      5.3133E+01,      2.0133E+02,      2.5618E+03,      7.4000E+00       
1.0000E-02,      5.0000E-01,      2.6000E-03,      7.1333E+00,      7.4322E-01,      2.3053E+03,      5.4800E+01,      2.0707E+02,      2.5803E+03,      5.5333E+00       
1.0000E-02,      5.0000E-01,      2.7000E-03,      6.8667E+00,      1.1872E+00,      2.1743E+03,      5.5467E+01,      1.9880E+02,      2.4251E+03,      6.6667E+00       
1.0000E-02,      5.0000E-01,      2.8000E-03,      6.0000E+00,      1.0690E+00,      1.8423E+03,      8.4467E+01,      2.0047E+02,      2.0836E+03,      5.0000E+00       
1.0000E-02,      5.0000E-01,      2.9000E-03,      4.9333E+00,      1.2228E+00,      1.7249E+03,      1.1387E+02,      1.9980E+02,      1.9344E+03,      4.0667E+00       
1.0000E-02,      5.0000E-01,      3.0000E-03,      5.2667E+00,      9.6115E-01,      1.7245E+03,      1.1060E+02,      2.0400E+02,      1.9403E+03,      4.0667E+00       
1.0000E-02,      5.0000E-01,      3.1000E-03,      5.6667E+00,      1.4475E+00,      1.8991E+03,      1.1073E+02,      2.0033E+02,      2.1441E+03,      4.2667E+00       
1.0000E-02,      5.0000E-01,      3.2000E-03,      5.6667E+00,      1.4475E+00,      1.8640E+03,      1.1047E+02,      2.0007E+02,      2.1120E+03,      4.2667E+00       
1.0000E-02,      5.0000E-01,      3.3000E-03,      5.6000E+00,      1.2984E+00,      1.9633E+03,      1.1527E+02,      2.0807E+02,      2.2025E+03,      5.1333E+00       
1.0000E-02,      5.0000E-01,      3.4000E-03,      5.5333E+00,      1.1255E+00,      1.8544E+03,      1.1780E+02,      2.0160E+02,      2.1014E+03,      5.2667E+00       
1.0000E-02,      5.0000E-01,      3.5000E-03,      5.5333E+00,      1.2459E+00,      1.7488E+03,      1.0987E+02,      1.9040E+02,      2.0071E+03,      5.0667E+00       
1.0000E-02,      5.0000E-01,      3.6000E-03,      5.6667E+00,      1.1127E+00,      1.9459E+03,      1.1220E+02,      1.9853E+02,      2.1970E+03,      4.6667E+00       
1.0000E-02,      5.0000E-01,      3.7000E-03,      5.2667E+00,      7.9881E-01,      1.7137E+03,      1.0707E+02,      1.9780E+02,      1.9396E+03,      4.0000E+00       
1.0000E-02,      5.0000E-01,      3.8000E-03,      4.8667E+00,      1.7265E+00,      1.6427E+03,      1.1547E+02,      2.0467E+02,      1.8410E+03,      2.7333E+00       
1.0000E-02,      5.0000E-01,      3.9000E-03,      4.6000E+00,      1.4041E+00,      1.5905E+03,      1.1693E+02,      1.9560E+02,      1.7907E+03,      3.3333E+00       
1.0000E-02,      5.0000E-01,      4.0000E-03,      5.5333E+00,      1.5523E+00,      1.7915E+03,      1.1213E+02,      2.0007E+02,      2.0440E+03,      4.9333E+00       
1.0000E-02,      5.2500E-01,      2.0000E-03,      6.0000E+00,      9.2582E-01,      2.0329E+03,      2.8067E+01,      2.0747E+02,      2.2237E+03,      5.0667E+00       
1.0000E-02,      5.2500E-01,      2.1000E-03,      5.5333E+00,      1.1872E+00,      2.0085E+03,      6.1467E+01,      2.0233E+02,      2.2019E+03,      5.4667E+00       
1.0000E-02,      5.2500E-01,      2.2000E-03,      5.3333E+00,      1.1127E+00,      1.7791E+03,      5.8533E+01,      2.0347E+02,      1.9501E+03,      4.0667E+00       
1.0000E-02,      5.2500E-01,      2.3000E-03,      5.9333E+00,      1.4376E+00,      2.0141E+03,      5.9933E+01,      1.9773E+02,      2.2318E+03,      5.7333E+00       
1.0000E-02,      5.2500E-01,      2.4000E-03,      6.3333E+00,      1.3452E+00,      2.1817E+03,      5.8600E+01,      2.0000E+02,      2.4236E+03,      6.3333E+00       
1.0000E-02,      5.2500E-01,      2.5000E-03,      6.2000E+00,      1.4243E+00,      2.1262E+03,      5.6667E+01,      2.0320E+02,      2.3616E+03,      5.7333E+00       
1.0000E-02,      5.2500E-01,      2.6000E-03,      5.7333E+00,      1.8696E+00,      1.9947E+03,      5.5533E+01,      1.9793E+02,      2.2149E+03,      4.0000E+00       
1.0000E-02,      5.2500E-01,      2.7000E-03,      5.4000E+00,      1.2421E+00,      1.9507E+03,      6.0733E+01,      1.9860E+02,      2.1500E+03,      4.2667E+00       
1.0000E-02,      5.2500E-01,      2.8000E-03,      5.3333E+00,      1.3452E+00,      1.7668E+03,      8.5000E+01,      1.9920E+02,      1.9715E+03,      4.2000E+00       
1.0000E-02,      5.2500E-01,      2.9000E-03,      4.4667E+00,      9.9043E-01,      1.5477E+03,      1.1980E+02,      1.9887E+02,      1.7335E+03,      2.4667E+00       
1.0000E-02,      5.2500E-01,      3.0000E-03,      3.8667E+00,      1.4075E+00,      1.4246E+03,      1.2087E+02,      2.0233E+02,      1.5895E+03,      2.8667E+00       
1.0000E-02,      5.2500E-01,      3.1000E-03,      4.8667E+00,      1.8848E+00,      1.7554E+03,      1.1367E+02,      2.0167E+02,      1.9600E+03,      4.1333E+00       
1.0000E-02,      5.2500E-01,      3.2000E-03,      4.8667E+00,      1.1255E+00,      1.6655E+03,      1.1653E+02,      2.0887E+02,      1.8669E+03,      3.2667E+00       
1.0000E-02,      5.2500E-01,      3.3000E-03,      3.8000E+00,      1.7403E+00,      1.4318E+03,      1.2240E+02,      1.9487E+02,      1.5989E+03,      3.2000E+00       
1.0000E-02,      5.2500E-01,      3.4000E-03,      3.5333E+00,      1.6847E+00,      1.2578E+03,      1.2067E+02,      1.9813E+02,      1.4038E+03,      1.8667E+00       
1.0000E-02,      5.2500E-01,      3.5000E-03,      4.2000E+00,      1.0823E+00,      1.5250E+03,      1.1387E+02,      2.0213E+02,      1.6958E+03,      3.4667E+00       
1.0000E-02,      5.2500E-01,      3.6000E-03,      4.1333E+00,      1.2459E+00,      1.5745E+03,      1.2013E+02,      1.9980E+02,      1.7575E+03,      3.0667E+00       
1.0000E-02,      5.2500E-01,      3.7000E-03,      4.4000E+00,      1.3522E+00,      1.4833E+03,      1.1527E+02,      1.9793E+02,      1.6615E+03,      3.4000E+00       
1.0000E-02,      5.2500E-01,      3.8000E-03,      4.4000E+00,      1.5492E+00,      1.6088E+03,      1.1973E+02,      2.0247E+02,      1.8067E+03,      3.0000E+00       
1.0000E-02,      5.2500E-01,      3.9000E-03,      3.8000E+00,      1.4736E+00,      1.3645E+03,      1.2200E+02,      2.0013E+02,      1.5304E+03,      2.4667E+00       
1.0000E-02,      5.2500E-01,      4.0000E-03,      4.3333E+00,      9.7590E-01,      1.4881E+03,      1.2113E+02,      1.9600E+02,      1.6857E+03,      2.5333E+00       
1.0000E-02,      5.5000E-01,      2.0000E-03,      5.6000E+00,      9.1026E-01,      2.0490E+03,      2.7533E+01,      1.9687E+02,      2.2192E+03,      5.1333E+00       
1.0000E-02,      5.5000E-01,      2.1000E-03,      4.7333E+00,      1.4376E+00,      1.7410E+03,      6.0400E+01,      1.9633E+02,      1.9138E+03,      4.1333E+00       
1.0000E-02,      5.5000E-01,      2.2000E-03,      4.6667E+00,      8.9974E-01,      1.7581E+03,      6.1200E+01,      1.9547E+02,      1.9172E+03,      4.6667E+00       
1.0000E-02,      5.5000E-01,      2.3000E-03,      4.2000E+00,      1.1464E+00,      1.6591E+03,      6.3000E+01,      1.9960E+02,      1.8088E+03,      3.4000E+00       
1.0000E-02,      5.5000E-01,      2.4000E-03,      5.0667E+00,      1.1629E+00,      1.8279E+03,      6.1867E+01,      2.0047E+02,      2.0085E+03,      5.0667E+00       
1.0000E-02,      5.5000E-01,      2.5000E-03,      5.4667E+00,      9.1548E-01,      1.9337E+03,      5.8067E+01,      1.9927E+02,      2.1360E+03,      3.6667E+00       
1.0000E-02,      5.5000E-01,      2.6000E-03,      4.6000E+00,      1.1832E+00,      1.7291E+03,      6.5267E+01,      2.0120E+02,      1.8804E+03,      3.8667E+00       
1.0000E-02,      5.5000E-01,      2.7000E-03,      4.8000E+00,      1.2071E+00,      1.8072E+03,      6.2733E+01,      1.9887E+02,      1.9781E+03,      4.5333E+00       
1.0000E-02,      5.5000E-01,      2.8000E-03,      3.8667E+00,      9.9043E-01,      1.4249E+03,      9.0000E+01,      1.9927E+02,      1.5692E+03,      2.7333E+00       
1.0000E-02,      5.5000E-01,      2.9000E-03,      3.0000E+00,      1.0000E+00,      1.2440E+03,      1.2987E+02,      2.0207E+02,      1.3684E+03,      1.6667E+00       
1.0000E-02,      5.5000E-01,      3.0000E-03,      3.2000E+00,      1.2071E+00,      1.2839E+03,      1.2400E+02,      2.0180E+02,      1.4239E+03,      2.5333E+00       
1.0000E-02,      5.5000E-01,      3.1000E-03,      3.0667E+00,      1.3345E+00,      1.1827E+03,      1.2867E+02,      1.9593E+02,      1.3222E+03,      1.4000E+00       
1.0000E-02,      5.5000E-01,      3.2000E-03,      3.3333E+00,      1.3452E+00,      1.4121E+03,      1.2087E+02,      1.9453E+02,      1.5571E+03,      2.6667E+00       
1.0000E-02,      5.5000E-01,      3.3000E-03,      3.0667E+00,      1.2799E+00,      1.2889E+03,      1.2480E+02,      1.9627E+02,      1.4149E+03,      2.2000E+00       
1.0000E-02,      5.5000E-01,      3.4000E-03,      3.6000E+00,      1.1832E+00,      1.3408E+03,      1.2513E+02,      1.9900E+02,      1.4967E+03,      2.2000E+00       
1.0000E-02,      5.5000E-01,      3.5000E-03,      3.4667E+00,      1.6417E+00,      1.3237E+03,      1.2633E+02,      2.0067E+02,      1.4793E+03,      1.4667E+00       
1.0000E-02,      5.5000E-01,      3.6000E-03,      3.9333E+00,      1.3870E+00,      1.5100E+03,      1.1900E+02,      1.9867E+02,      1.6929E+03,      2.0000E+00       
1.0000E-02,      5.5000E-01,      3.7000E-03,      3.0667E+00,      1.1629E+00,      1.2228E+03,      1.2787E+02,      1.9953E+02,      1.3532E+03,      2.6000E+00       
1.0000E-02,      5.5000E-01,      3.8000E-03,      3.6667E+00,      1.4960E+00,      1.2648E+03,      1.2620E+02,      2.0640E+02,      1.4133E+03,      2.0000E+00       
1.0000E-02,      5.5000E-01,      3.9000E-03,      2.6000E+00,      1.1832E+00,      1.1457E+03,      1.2700E+02,      1.9760E+02,      1.2553E+03,      1.4000E+00       
1.0000E-02,      5.5000E-01,      4.0000E-03,      3.6667E+00,      1.2910E+00,      1.4567E+03,      1.2567E+02,      2.0360E+02,      1.6125E+03,      2.8000E+00       
1.0000E-02,      5.7500E-01,      2.0000E-03,      5.0000E+00,      7.5593E-01,      1.8563E+03,      2.9800E+01,      1.9547E+02,      2.0165E+03,      4.2667E+00       
1.0000E-02,      5.7500E-01,      2.1000E-03,      3.8000E+00,      1.6125E+00,      1.5562E+03,      6.5667E+01,      1.9960E+02,      1.6720E+03,      3.4667E+00       
1.0000E-02,      5.7500E-01,      2.2000E-03,      4.5333E+00,      1.1255E+00,      1.7137E+03,      6.5733E+01,      2.0467E+02,      1.8718E+03,      3.3333E+00       
1.0000E-02,      5.7500E-01,      2.3000E-03,      4.3333E+00,      1.0465E+00,      1.6088E+03,      6.4533E+01,      2.0267E+02,      1.7595E+03,      3.8000E+00       
1.0000E-02,      5.7500E-01,      2.4000E-03,      4.2667E+00,      1.1629E+00,      1.6163E+03,      6.8000E+01,      2.0453E+02,      1.7722E+03,      3.1333E+00       
1.0000E-02,      5.7500E-01,      2.5000E-03,      4.2000E+00,      1.3732E+00,      1.6555E+03,      6.5800E+01,      2.0233E+02,      1.7892E+03,      3.3333E+00       
1.0000E-02,      5.7500E-01,      2.6000E-03,      3.6667E+00,      1.1127E+00,      1.6140E+03,      6.6467E+01,      1.9440E+02,      1.7330E+03,      3.3333E+00       
1.0000E-02,      5.7500E-01,      2.7000E-03,      4.5333E+00,      8.3381E-01,      1.6682E+03,      6.3000E+01,      1.9807E+02,      1.8243E+03,      3.0667E+00       
1.0000E-02,      5.7500E-01,      2.8000E-03,      3.5333E+00,      1.2459E+00,      1.4487E+03,      9.8333E+01,      2.0087E+02,      1.5835E+03,      2.4000E+00       
1.0000E-02,      5.7500E-01,      2.9000E-03,      2.2000E+00,      1.3202E+00,      1.0367E+03,      1.2693E+02,      2.0047E+02,      1.1254E+03,      8.0000E-01       
1.0000E-02,      5.7500E-01,      3.0000E-03,      3.1333E+00,      1.0601E+00,      1.3293E+03,      1.2673E+02,      2.0327E+02,      1.4675E+03,      2.1333E+00       
1.0000E-02,      5.7500E-01,      3.1000E-03,      2.4000E+00,      1.0556E+00,      1.1170E+03,      1.3067E+02,      1.9567E+02,      1.2254E+03,      8.6667E-01       
1.0000E-02,      5.7500E-01,      3.2000E-03,      2.8667E+00,      1.3020E+00,      1.2245E+03,      1.2880E+02,      2.0600E+02,      1.3489E+03,      1.4000E+00       
1.0000E-02,      5.7500E-01,      3.3000E-03,      2.6667E+00,      1.3452E+00,      1.1597E+03,      1.3313E+02,      1.9753E+02,      1.2776E+03,      1.2000E+00       
1.0000E-02,      5.7500E-01,      3.4000E-03,      2.0667E+00,      1.2799E+00,      9.9613E+02,      1.3007E+02,      1.9180E+02,      1.0821E+03,      8.6667E-01       
1.0000E-02,      5.7500E-01,      3.5000E-03,      2.7333E+00,      1.2228E+00,      1.2195E+03,      1.3687E+02,      1.9793E+02,      1.3487E+03,      1.1333E+00       
1.0000E-02,      5.7500E-01,      3.6000E-03,      2.5333E+00,      9.9043E-01,      1.2026E+03,      1.3107E+02,      2.0453E+02,      1.3113E+03,      1.7333E+00       
1.0000E-02,      5.7500E-01,      3.7000E-03,      2.8667E+00,      1.1872E+00,      1.2197E+03,      1.2827E+02,      1.9980E+02,      1.3471E+03,      1.6667E+00       
1.0000E-02,      5.7500E-01,      3.8000E-03,      2.0000E+00,      1.0000E+00,      1.0122E+03,      1.3493E+02,      1.9247E+02,      1.1016E+03,      1.0667E+00       
1.0000E-02,      5.7500E-01,      3.9000E-03,      2.7333E+00,      1.0328E+00,      1.1965E+03,      1.2400E+02,      2.0247E+02,      1.3087E+03,      8.6667E-01       
1.0000E-02,      5.7500E-01,      4.0000E-03,      2.6000E+00,      1.5024E+00,      1.2077E+03,      1.2860E+02,      2.0353E+02,      1.3117E+03,      1.8667E+00       
1.0000E-02,      6.0000E-01,      2.0000E-03,      4.3333E+00,      8.1650E-01,      1.6178E+03,      2.9000E+01,      1.9980E+02,      1.7251E+03,      3.2000E+00       
1.0000E-02,      6.0000E-01,      2.1000E-03,      3.0667E+00,      1.4376E+00,      1.4283E+03,      6.9467E+01,      1.9780E+02,      1.5343E+03,      1.8667E+00       
1.0000E-02,      6.0000E-01,      2.2000E-03,      3.2667E+00,      1.2228E+00,      1.4183E+03,      6.5267E+01,      1.9440E+02,      1.5186E+03,      2.2667E+00       
1.0000E-02,      6.0000E-01,      2.3000E-03,      3.4000E+00,      1.1212E+00,      1.5829E+03,      6.8667E+01,      2.0073E+02,      1.6877E+03,      2.6000E+00       
1.0000E-02,      6.0000E-01,      2.4000E-03,      3.4000E+00,      1.0556E+00,      1.4033E+03,      7.0133E+01,      1.9553E+02,      1.5117E+03,      1.5333E+00       
1.0000E-02,      6.0000E-01,      2.5000E-03,      3.9333E+00,      1.0328E+00,      1.7608E+03,      6.6000E+01,      2.0287E+02,      1.8957E+03,      3.4000E+00       
1.0000E-02,      6.0000E-01,      2.6000E-03,      3.6667E+00,      1.0465E+00,      1.5122E+03,      6.6400E+01,      1.9693E+02,      1.6216E+03,      2.2000E+00       
1.0000E-02,      6.0000E-01,      2.7000E-03,      3.4667E+00,      9.9043E-01,      1.5071E+03,      6.4867E+01,      1.9707E+02,      1.6170E+03,      2.8667E+00       
1.0000E-02,      6.0000E-01,      2.8000E-03,      2.4667E+00,      1.0601E+00,      1.1423E+03,      1.0273E+02,      2.0280E+02,      1.2255E+03,      8.6667E-01       
1.0000E-02,      6.0000E-01,      2.9000E-03,      1.6667E+00,      1.2910E+00,      9.4700E+02,      1.4553E+02,      2.0167E+02,      1.0265E+03,      6.6667E-01       
1.0000E-02,      6.0000E-01,      3.0000E-03,      2.0667E+00,      1.1629E+00,      1.0277E+03,      1.3713E+02,      2.0393E+02,      1.1231E+03,      6.0000E-01       
1.0000E-02,      6.0000E-01,      3.1000E-03,      2.2667E+00,      1.2799E+00,      1.0849E+03,      1.2833E+02,      1.9727E+02,      1.1839E+03,      8.6667E-01       
1.0000E-02,      6.0000E-01,      3.2000E-03,      1.3333E+00,      1.0465E+00,      8.2227E+02,      1.3987E+02,      1.8860E+02,      8.8533E+02,      6.0000E-01       
1.0000E-02,      6.0000E-01,      3.3000E-03,      2.2667E+00,      1.2799E+00,      1.0987E+03,      1.3227E+02,      2.0133E+02,      1.1943E+03,      1.4000E+00       
1.0000E-02,      6.0000E-01,      3.4000E-03,      2.2000E+00,      1.0823E+00,      1.0364E+03,      1.3493E+02,      2.0313E+02,      1.1239E+03,      4.6667E-01       
1.0000E-02,      6.0000E-01,      3.5000E-03,      1.7333E+00,      1.1629E+00,      1.0401E+03,      1.3327E+02,      1.9747E+02,      1.1235E+03,      1.2000E+00       
1.0000E-02,      6.0000E-01,      3.6000E-03,      2.4667E+00,      1.1255E+00,      1.2086E+03,      1.3440E+02,      1.9947E+02,      1.3304E+03,      1.5333E+00       
1.0000E-02,      6.0000E-01,      3.7000E-03,      1.6667E+00,      8.9974E-01,      9.5613E+02,      1.3893E+02,      2.0060E+02,      1.0326E+03,      4.6667E-01       
1.0000E-02,      6.0000E-01,      3.8000E-03,      2.1333E+00,      9.9043E-01,      1.1082E+03,      1.4100E+02,      2.0080E+02,      1.2074E+03,      1.2000E+00       
1.0000E-02,      6.0000E-01,      3.9000E-03,      2.4000E+00,      1.2421E+00,      1.1673E+03,      1.3433E+02,      2.0047E+02,      1.2739E+03,      1.7333E+00       
1.0000E-02,      6.0000E-01,      4.0000E-03,      1.9333E+00,      8.8372E-01,      1.0576E+03,      1.3400E+02,      1.9407E+02,      1.1498E+03,      8.0000E-01       
1.0000E-02,      6.2500E-01,      2.0000E-03,      3.6000E+00,      8.2808E-01,      1.5663E+03,      3.1800E+01,      1.9793E+02,      1.6626E+03,      2.8000E+00       
1.0000E-02,      6.2500E-01,      2.1000E-03,      3.0667E+00,      8.8372E-01,      1.3921E+03,      7.0533E+01,      2.0313E+02,      1.4859E+03,      1.6000E+00       
1.0000E-02,      6.2500E-01,      2.2000E-03,      2.8667E+00,      8.3381E-01,      1.3232E+03,      7.3600E+01,      1.9580E+02,      1.4199E+03,      1.4000E+00       
1.0000E-02,      6.2500E-01,      2.3000E-03,      3.0000E+00,      8.4515E-01,      1.3578E+03,      7.1800E+01,      2.0000E+02,      1.4430E+03,      1.6000E+00       
1.0000E-02,      6.2500E-01,      2.4000E-03,      3.0000E+00,      8.4515E-01,      1.4769E+03,      7.2667E+01,      2.0620E+02,      1.5649E+03,      2.0667E+00       
1.0000E-02,      6.2500E-01,      2.5000E-03,      3.2667E+00,      1.2228E+00,      1.4489E+03,      6.9867E+01,      1.9573E+02,      1.5509E+03,      2.0667E+00       
1.0000E-02,      6.2500E-01,      2.6000E-03,      2.8667E+00,      1.0601E+00,      1.3751E+03,      6.8800E+01,      2.0153E+02,      1.4527E+03,      2.0667E+00       
1.0000E-02,      6.2500E-01,      2.7000E-03,      2.7333E+00,      1.0328E+00,      1.3199E+03,      7.0667E+01,      2.0007E+02,      1.4066E+03,      1.4667E+00       
1.0000E-02,      6.2500E-01,      2.8000E-03,      2.2667E+00,      9.6115E-01,      1.1570E+03,      1.0847E+02,      1.9773E+02,      1.2330E+03,      9.3333E-01       
1.0000E-02,      6.2500E-01,      2.9000E-03,      1.3333E+00,      8.9974E-01,      9.3287E+02,      1.3680E+02,      1.9673E+02,      9.9327E+02,      3.3333E-01       
1.0000E-02,      6.2500E-01,      3.0000E-03,      1.4000E+00,      9.1026E-01,      9.5827E+02,      1.3993E+02,      1.9907E+02,      1.0231E+03,      2.6667E-01       
1.0000E-02,      6.2500E-01,      3.1000E-03,      1.7333E+00,      9.6115E-01,      9.6453E+02,      1.4007E+02,      2.0233E+02,      1.0420E+03,      4.6667E-01       
1.0000E-02,      6.2500E-01,      3.2000E-03,      1.4667E+00,      1.1255E+00,      8.7513E+02,      1.4360E+02,      1.9847E+02,      9.5167E+02,      6.6667E-01       
1.0000E-02,      6.2500E-01,      3.3000E-03,      1.8000E+00,      1.3202E+00,      9.6787E+02,      1.3833E+02,      2.0333E+02,      1.0446E+03,      4.6667E-01       
1.0000E-02,      6.2500E-01,      3.4000E-03,      2.0000E+00,      1.0690E+00,      1.0450E+03,      1.3440E+02,      2.0220E+02,      1.1305E+03,      7.3333E-01       
1.0000E-02,      6.2500E-01,      3.5000E-03,      1.1333E+00,      9.1548E-01,      9.2513E+02,      1.4267E+02,      1.9987E+02,      9.7767E+02,      2.0000E-01       
1.0000E-02,      6.2500E-01,      3.6000E-03,      1.5333E+00,      9.1548E-01,      9.8853E+02,      1.4400E+02,      2.0440E+02,      1.0634E+03,      8.0000E-01       
1.0000E-02,      6.2500E-01,      3.7000E-03,      1.2667E+00,      8.8372E-01,      8.9147E+02,      1.4047E+02,      1.9853E+02,      9.5160E+02,      1.0000E+00       
1.0000E-02,      6.2500E-01,      3.8000E-03,      1.5333E+00,      9.9043E-01,      9.4100E+02,      1.3533E+02,      2.0067E+02,      1.0111E+03,      4.6667E-01       
1.0000E-02,      6.2500E-01,      3.9000E-03,      1.9333E+00,      9.6115E-01,      9.9460E+02,      1.4400E+02,      2.0500E+02,      1.0845E+03,      6.6667E-01       
1.0000E-02,      6.2500E-01,      4.0000E-03,      1.6000E+00,      8.2808E-01,      9.6533E+02,      1.3933E+02,      2.0113E+02,      1.0377E+03,      5.3333E-01       
1.0000E-02,      6.5000E-01,      2.0000E-03,      3.4000E+00,      8.2808E-01,      1.5969E+03,      3.4267E+01,      2.0067E+02,      1.6820E+03,      3.0667E+00       
1.0000E-02,      6.5000E-01,      2.1000E-03,      2.2667E+00,      7.9881E-01,      1.1925E+03,      7.3133E+01,      1.9987E+02,      1.2564E+03,      1.1333E+00       
1.0000E-02,      6.5000E-01,      2.2000E-03,      2.7333E+00,      1.0998E+00,      1.4050E+03,      7.0533E+01,      2.0167E+02,      1.4760E+03,      1.8000E+00       
1.0000E-02,      6.5000E-01,      2.3000E-03,      2.6000E+00,      1.1832E+00,      1.3436E+03,      7.4067E+01,      1.9987E+02,      1.4141E+03,      1.3333E+00       
1.0000E-02,      6.5000E-01,      2.4000E-03,      2.4000E+00,      1.0556E+00,      1.2572E+03,      7.1200E+01,      1.9900E+02,      1.3221E+03,      1.5333E+00       
1.0000E-02,      6.5000E-01,      2.5000E-03,      2.6667E+00,      1.1751E+00,      1.3655E+03,      7.3467E+01,      1.9827E+02,      1.4510E+03,      2.1333E+00       
1.0000E-02,      6.5000E-01,      2.6000E-03,      2.6667E+00,      7.2375E-01,      1.3365E+03,      7.3600E+01,      1.9973E+02,      1.4093E+03,      1.8000E+00       
1.0000E-02,      6.5000E-01,      2.7000E-03,      2.4000E+00,      8.2808E-01,      1.2325E+03,      7.3067E+01,      1.9547E+02,      1.2947E+03,      1.6000E+00       
1.0000E-02,      6.5000E-01,      2.8000E-03,      2.2000E+00,      9.4112E-01,      1.1633E+03,      1.1227E+02,      1.9507E+02,      1.2569E+03,      8.0000E-01       
1.0000E-02,      6.5000E-01,      2.9000E-03,      1.4667E+00,      8.3381E-01,      9.4460E+02,      1.4460E+02,      1.9853E+02,      1.0229E+03,      2.6667E-01       
1.0000E-02,      6.5000E-01,      3.0000E-03,      1.1333E+00,      8.3381E-01,      8.6913E+02,      1.3493E+02,      1.9413E+02,      9.2320E+02,      1.3333E-01       
1.0000E-02,      6.5000E-01,      3.1000E-03,      1.4667E+00,      7.4322E-01,      9.2200E+02,      1.4153E+02,      1.9847E+02,      9.9907E+02,      4.0000E-01       
1.0000E-02,      6.5000E-01,      3.2000E-03,      1.2000E+00,      1.0142E+00,      8.6920E+02,      1.4253E+02,      1.9933E+02,      9.2660E+02,      6.6667E-01       
1.0000E-02,      6.5000E-01,      3.3000E-03,      1.0000E+00,      1.0000E+00,      8.2133E+02,      1.4373E+02,      1.9227E+02,      8.7673E+02,      2.6667E-01       
1.0000E-02,      6.5000E-01,      3.4000E-03,      1.0000E+00,      8.4515E-01,      7.8120E+02,      1.4240E+02,      1.8873E+02,      8.3933E+02,      4.0000E-01       
1.0000E-02,      6.5000E-01,      3.5000E-03,      1.2667E+00,      5.9362E-01,      9.4487E+02,      1.4240E+02,      1.9840E+02,      1.0071E+03,      2.6667E-01       
1.0000E-02,      6.5000E-01,      3.6000E-03,      1.2000E+00,      8.6189E-01,      9.2073E+02,      1.4267E+02,      2.0727E+02,      9.7087E+02,      1.3333E-01       
1.0000E-02,      6.5000E-01,      3.7000E-03,      9.3333E-01,      1.0328E+00,      8.4433E+02,      1.4640E+02,      1.9540E+02,      8.9093E+02,      6.6667E-02       
1.0000E-02,      6.5000E-01,      3.8000E-03,      1.0000E+00,      1.0000E+00,      8.2613E+02,      1.4253E+02,      2.0047E+02,      8.7260E+02,      1.3333E-01       
1.0000E-02,      6.5000E-01,      3.9000E-03,      1.6000E+00,      6.3246E-01,      1.0709E+03,      1.4887E+02,      2.0667E+02,      1.1521E+03,      6.0000E-01       
1.0000E-02,      6.5000E-01,      4.0000E-03,      1.1333E+00,      9.9043E-01,      8.9633E+02,      1.4493E+02,      2.0260E+02,      9.6073E+02,      2.0000E-01       
1.0000E-02,      6.7500E-01,      2.0000E-03,      3.2000E+00,      7.7460E-01,      1.5351E+03,      3.7133E+01,      1.9647E+02,      1.6246E+03,      1.7333E+00       
1.0000E-02,      6.7500E-01,      2.1000E-03,      2.4667E+00,      1.0601E+00,      1.3001E+03,      7.6600E+01,      2.0000E+02,      1.3773E+03,      1.1333E+00       
1.0000E-02,      6.7500E-01,      2.2000E-03,      2.6000E+00,      9.8561E-01,      1.3543E+03,      7.4333E+01,      2.0373E+02,      1.4223E+03,      1.9333E+00       
1.0000E-02,      6.7500E-01,      2.3000E-03,      2.0667E+00,      1.0998E+00,      1.1843E+03,      7.5667E+01,      2.0200E+02,      1.2471E+03,      9.3333E-01       
1.0000E-02,      6.7500E-01,      2.4000E-03,      2.4667E+00,      8.3381E-01,      1.3886E+03,      7.7533E+01,      1.9813E+02,      1.4745E+03,      1.6000E+00       
1.0000E-02,      6.7500E-01,      2.5000E-03,      2.0000E+00,      9.2582E-01,      1.1653E+03,      8.1067E+01,      1.9307E+02,      1.2260E+03,      1.1333E+00       
1.0000E-02,      6.7500E-01,      2.6000E-03,      2.0667E+00,      7.9881E-01,      1.1969E+03,      7.6133E+01,      1.9913E+02,      1.2483E+03,      1.0667E+00       
1.0000E-02,      6.7500E-01,      2.7000E-03,      1.9333E+00,      7.9881E-01,      1.2009E+03,      7.9067E+01,      1.9733E+02,      1.2487E+03,      1.2667E+00       
1.0000E-02,      6.7500E-01,      2.8000E-03,      1.3333E+00,      7.2375E-01,      1.0047E+03,      1.0947E+02,      1.9833E+02,      1.0446E+03,      6.0000E-01       
1.0000E-02,      6.7500E-01,      2.9000E-03,      1.3333E+00,      8.9974E-01,      9.7033E+02,      1.3880E+02,      2.0373E+02,      1.0282E+03,      4.0000E-01       
1.0000E-02,      6.7500E-01,      3.0000E-03,      1.0000E+00,      5.3452E-01,      8.7760E+02,      1.4407E+02,      2.0220E+02,      9.3367E+02,      1.3333E-01       
1.0000E-02,      6.7500E-01,      3.1000E-03,      8.0000E-01,      4.1404E-01,      8.1960E+02,      1.4907E+02,      1.9673E+02,      8.7113E+02,      0.0000E+00       
1.0000E-02,      6.7500E-01,      3.2000E-03,      9.3333E-01,      7.9881E-01,      8.0273E+02,      1.4133E+02,      1.9647E+02,      8.4660E+02,      0.0000E+00       
1.0000E-02,      6.7500E-01,      3.3000E-03,      1.4000E+00,      9.1026E-01,      9.2660E+02,      1.4273E+02,      1.9873E+02,      9.9453E+02,      5.3333E-01       
1.0000E-02,      6.7500E-01,      3.4000E-03,      1.2667E+00,      7.9881E-01,      8.8767E+02,      1.4760E+02,      1.9607E+02,      9.6273E+02,      4.6667E-01       
1.0000E-02,      6.7500E-01,      3.5000E-03,      1.0000E+00,      5.3452E-01,      8.5127E+02,      1.4593E+02,      2.0340E+02,      9.0507E+02,      6.6667E-02       
1.0000E-02,      6.7500E-01,      3.6000E-03,      9.3333E-01,      9.6115E-01,      8.8007E+02,      1.4680E+02,      2.0420E+02,      9.3527E+02,      2.6667E-01       
1.0000E-02,      6.7500E-01,      3.7000E-03,      7.3333E-01,      7.9881E-01,      7.9280E+02,      1.5607E+02,      2.0187E+02,      8.4320E+02,      6.6667E-02       
1.0000E-02,      6.7500E-01,      3.8000E-03,      1.3333E+00,      8.9974E-01,      9.0933E+02,      1.4073E+02,      2.0200E+02,      9.7593E+02,      4.0000E-01       
1.0000E-02,      6.7500E-01,      3.9000E-03,      6.0000E-01,      6.3246E-01,      7.4260E+02,      1.4747E+02,      1.9700E+02,      7.7753E+02,      0.0000E+00       
1.0000E-02,      6.7500E-01,      4.0000E-03,      6.6667E-01,      8.1650E-01,      8.0840E+02,      1.5113E+02,      1.9227E+02,      8.5880E+02,      4.0000E-01       
1.0000E-02,      7.0000E-01,      2.0000E-03,      3.4667E+00,      8.3381E-01,      1.7119E+03,      3.4867E+01,      2.0780E+02,      1.8141E+03,      2.6000E+00       
1.0000E-02,      7.0000E-01,      2.1000E-03,      1.8000E+00,      6.7612E-01,      1.1755E+03,      7.7667E+01,      1.9833E+02,      1.2263E+03,      4.0000E-01       
1.0000E-02,      7.0000E-01,      2.2000E-03,      2.0667E+00,      7.0373E-01,      1.2865E+03,      7.9667E+01,      2.0587E+02,      1.3425E+03,      8.0000E-01       
1.0000E-02,      7.0000E-01,      2.3000E-03,      2.4667E+00,      9.1548E-01,      1.3013E+03,      7.8600E+01,      2.0380E+02,      1.3803E+03,      1.2667E+00       
1.0000E-02,      7.0000E-01,      2.4000E-03,      2.2000E+00,      7.7460E-01,      1.2958E+03,      7.8733E+01,      2.0140E+02,      1.3651E+03,      8.0000E-01       
1.0000E-02,      7.0000E-01,      2.5000E-03,      1.8000E+00,      6.7612E-01,      1.1853E+03,      8.0533E+01,      2.0233E+02,      1.2338E+03,      6.0000E-01       
1.0000E-02,      7.0000E-01,      2.6000E-03,      1.9333E+00,      9.6115E-01,      1.1935E+03,      7.9867E+01,      2.0073E+02,      1.2435E+03,      1.3333E+00       
1.0000E-02,      7.0000E-01,      2.7000E-03,      2.0000E+00,      7.5593E-01,      1.2113E+03,      7.6533E+01,      1.9533E+02,      1.2709E+03,      4.6667E-01       
1.0000E-02,      7.0000E-01,      2.8000E-03,      1.4667E+00,      8.3381E-01,      1.0161E+03,      1.1673E+02,      2.0153E+02,      1.0661E+03,      5.3333E-01       
1.0000E-02,      7.0000E-01,      2.9000E-03,      8.6667E-01,      6.3994E-01,      8.2740E+02,      1.4960E+02,      2.0040E+02,      8.7667E+02,      0.0000E+00       
1.0000E-02,      7.0000E-01,      3.0000E-03,      8.6667E-01,      8.3381E-01,      8.2393E+02,      1.4880E+02,      1.9853E+02,      8.8587E+02,      2.0000E-01       
1.0000E-02,      7.0000E-01,      3.1000E-03,      7.3333E-01,      7.9881E-01,      8.1373E+02,      1.4147E+02,      2.0060E+02,      8.4507E+02,      6.6667E-02       
1.0000E-02,      7.0000E-01,      3.2000E-03,      6.6667E-01,      7.2375E-01,      6.9380E+02,      1.5180E+02,      1.9907E+02,      7.3507E+02,      6.6667E-02       
1.0000E-02,      7.0000E-01,      3.3000E-03,      1.0667E+00,      9.6115E-01,      8.7953E+02,      1.4747E+02,      1.9673E+02,      9.4107E+02,      2.0000E-01       
1.0000E-02,      7.0000E-01,      3.4000E-03,      6.0000E-01,      7.3679E-01,      7.6827E+02,      1.5047E+02,      1.9953E+02,      8.0620E+02,      0.0000E+00       
1.0000E-02,      7.0000E-01,      3.5000E-03,      7.3333E-01,      7.0373E-01,      7.4913E+02,      1.5087E+02,      1.9493E+02,      7.9433E+02,      0.0000E+00       
1.0000E-02,      7.0000E-01,      3.6000E-03,      1.1333E+00,      8.3381E-01,      9.1187E+02,      1.4773E+02,      2.0640E+02,      9.7773E+02,      6.6667E-02       
1.0000E-02,      7.0000E-01,      3.7000E-03,      1.0667E+00,      7.0373E-01,      8.2293E+02,      1.5487E+02,      2.0047E+02,      8.9020E+02,      6.6667E-02       
1.0000E-02,      7.0000E-01,      3.8000E-03,      1.1333E+00,      7.4322E-01,      8.6600E+02,      1.4833E+02,      1.9947E+02,      9.3080E+02,      2.0000E-01       
1.0000E-02,      7.0000E-01,      3.9000E-03,      6.6667E-01,      8.1650E-01,      7.8413E+02,      1.5047E+02,      2.0233E+02,      8.2433E+02,      2.0000E-01       
1.0000E-02,      7.0000E-01,      4.0000E-03,      1.2667E+00,      1.0328E+00,      9.4933E+02,      1.5007E+02,      2.0347E+02,      1.0239E+03,      3.3333E-01       
1.0000E-02,      7.2500E-01,      2.0000E-03,      2.3333E+00,      1.0465E+00,      1.3491E+03,      3.9933E+01,      1.9593E+02,      1.3932E+03,      1.0000E+00       
1.0000E-02,      7.2500E-01,      2.1000E-03,      1.9333E+00,      9.6115E-01,      1.2485E+03,      8.0400E+01,      1.9787E+02,      1.3112E+03,      7.3333E-01       
1.0000E-02,      7.2500E-01,      2.2000E-03,      1.9333E+00,      9.6115E-01,      1.2163E+03,      7.9133E+01,      1.9807E+02,      1.2668E+03,      1.2667E+00       
1.0000E-02,      7.2500E-01,      2.3000E-03,      1.8667E+00,      9.1548E-01,      1.1619E+03,      7.8600E+01,      1.9847E+02,      1.2116E+03,      7.3333E-01       
1.0000E-02,      7.2500E-01,      2.4000E-03,      2.0667E+00,      7.0373E-01,      1.2581E+03,      8.2333E+01,      1.9920E+02,      1.3191E+03,      8.6667E-01       
1.0000E-02,      7.2500E-01,      2.5000E-03,      1.9333E+00,      1.2228E+00,      1.2781E+03,      7.8533E+01,      1.9940E+02,      1.3266E+03,      1.5333E+00       
1.0000E-02,      7.2500E-01,      2.6000E-03,      1.7333E+00,      7.9881E-01,      1.1521E+03,      8.3133E+01,      2.0827E+02,      1.2032E+03,      4.6667E-01       
1.0000E-02,      7.2500E-01,      2.7000E-03,      1.7333E+00,      5.9362E-01,      1.1727E+03,      7.6733E+01,      2.0607E+02,      1.1992E+03,      9.3333E-01       
1.0000E-02,      7.2500E-01,      2.8000E-03,      1.4000E+00,      9.8561E-01,      1.0205E+03,      1.1587E+02,      1.9827E+02,      1.0874E+03,      3.3333E-01       
1.0000E-02,      7.2500E-01,      2.9000E-03,      4.0000E-01,      7.3679E-01,      7.4627E+02,      1.5467E+02,      1.9673E+02,      7.8253E+02,      6.6667E-02       
1.0000E-02,      7.2500E-01,      3.0000E-03,      7.3333E-01,      7.9881E-01,      7.6367E+02,      1.5547E+02,      1.9627E+02,      8.1467E+02,      2.0000E-01       
1.0000E-02,      7.2500E-01,      3.1000E-03,      1.1333E+00,      8.3381E-01,      9.6440E+02,      1.4500E+02,      1.9680E+02,      1.0405E+03,      2.6667E-01       
1.0000E-02,      7.2500E-01,      3.2000E-03,      6.0000E-01,      6.3246E-01,      6.7340E+02,      1.5067E+02,      1.9500E+02,      7.0940E+02,      0.0000E+00       
1.0000E-02,      7.2500E-01,      3.3000E-03,      8.6667E-01,      5.1640E-01,      8.0493E+02,      1.4433E+02,      1.9767E+02,      8.5207E+02,      0.0000E+00       
1.0000E-02,      7.2500E-01,      3.4000E-03,      1.0667E+00,      7.9881E-01,      8.8080E+02,      1.5453E+02,      1.9713E+02,      9.5093E+02,      1.3333E-01       
1.0000E-02,      7.2500E-01,      3.5000E-03,      5.3333E-01,      6.3994E-01,      7.6813E+02,      1.4633E+02,      2.0233E+02,      8.0167E+02,      6.6667E-02       
1.0000E-02,      7.2500E-01,      3.6000E-03,      4.0000E-01,      7.3679E-01,      7.6207E+02,      1.5333E+02,      1.9767E+02,      7.9373E+02,      2.0000E-01       
1.0000E-02,      7.2500E-01,      3.7000E-03,      9.3333E-01,      7.9881E-01,      8.5560E+02,      1.4760E+02,      1.9920E+02,      9.1080E+02,      2.6667E-01       
1.0000E-02,      7.2500E-01,      3.8000E-03,      7.3333E-01,      4.5774E-01,      8.1273E+02,      1.4807E+02,      2.0060E+02,      8.4967E+02,      0.0000E+00       
1.0000E-02,      7.2500E-01,      3.9000E-03,      8.6667E-01,      6.3994E-01,      8.1820E+02,      1.5320E+02,      2.0340E+02,      8.7193E+02,      0.0000E+00       
1.0000E-02,      7.2500E-01,      4.0000E-03,      8.6667E-01,      9.9043E-01,      8.0873E+02,      1.5487E+02,      1.9947E+02,      8.6587E+02,      6.6667E-02       
1.0000E-02,      7.5000E-01,      2.0000E-03,      2.6000E+00,      8.2808E-01,      1.4563E+03,      3.7267E+01,      2.0087E+02,      1.5097E+03,      1.4667E+00       
1.0000E-02,      7.5000E-01,      2.1000E-03,      1.6667E+00,      8.1650E-01,      1.1911E+03,      8.1200E+01,      2.0080E+02,      1.2416E+03,      7.3333E-01       
1.0000E-02,      7.5000E-01,      2.2000E-03,      1.8667E+00,      7.4322E-01,      1.1998E+03,      7.9800E+01,      2.0513E+02,      1.2629E+03,      4.6667E-01       
1.0000E-02,      7.5000E-01,      2.3000E-03,      1.8667E+00,      8.3381E-01,      1.2149E+03,      8.3000E+01,      2.0493E+02,      1.2675E+03,      7.3333E-01       
1.0000E-02,      7.5000E-01,      2.4000E-03,      1.4667E+00,      9.1548E-01,      1.0959E+03,      7.9133E+01,      1.9533E+02,      1.1302E+03,      8.6667E-01       
1.0000E-02,      7.5000E-01,      2.5000E-03,      1.4667E+00,      8.3381E-01,      1.1021E+03,      8.3867E+01,      1.9373E+02,      1.1383E+03,      4.0000E-01       
1.0000E-02,      7.5000E-01,      2.6000E-03,      1.7333E+00,      7.9881E-01,      1.0957E+03,      7.7600E+01,      2.0867E+02,      1.1385E+03,      3.3333E-01       
1.0000E-02,      7.5000E-01,      2.7000E-03,      1.8000E+00,      5.6061E-01,      1.1835E+03,      8.3067E+01,      1.9767E+02,      1.2425E+03,      8.6667E-01       
1.0000E-02,      7.5000E-01,      2.8000E-03,      9.3333E-01,      5.9362E-01,      9.3960E+02,      1.1840E+02,      2.0287E+02,      9.6420E+02,      1.3333E-01       
1.0000E-02,      7.5000E-01,      2.9000E-03,      4.0000E-01,      6.3246E-01,      7.5007E+02,      1.5067E+02,      2.0113E+02,      7.7947E+02,      0.0000E+00       
1.0000E-02,      7.5000E-01,      3.0000E-03,      6.6667E-01,      7.2375E-01,      8.6507E+02,      1.6147E+02,      2.0800E+02,      9.1967E+02,      2.0000E-01       
1.0000E-02,      7.5000E-01,      3.1000E-03,      9.3333E-01,      7.9881E-01,      8.6380E+02,      1.4700E+02,      1.9947E+02,      9.1880E+02,      0.0000E+00       
1.0000E-02,      7.5000E-01,      3.2000E-03,      6.6667E-01,      4.8795E-01,      7.9180E+02,      1.5433E+02,      2.0100E+02,      8.3847E+02,      0.0000E+00       
1.0000E-02,      7.5000E-01,      3.3000E-03,      4.6667E-01,      5.1640E-01,      7.2300E+02,      1.6120E+02,      1.9893E+02,      7.6167E+02,      0.0000E+00       
1.0000E-02,      7.5000E-01,      3.4000E-03,      7.3333E-01,      7.0373E-01,      8.1873E+02,      1.5493E+02,      1.9693E+02,      8.7420E+02,      6.6667E-02       
1.0000E-02,      7.5000E-01,      3.5000E-03,      6.0000E-01,      6.3246E-01,      7.4080E+02,      1.5880E+02,      2.0033E+02,      7.9507E+02,      0.0000E+00       
1.0000E-02,      7.5000E-01,      3.6000E-03,      5.3333E-01,      6.3994E-01,      7.7620E+02,      1.5373E+02,      2.0293E+02,      8.1227E+02,      6.6667E-02       
1.0000E-02,      7.5000E-01,      3.7000E-03,      4.6667E-01,      7.4322E-01,      8.1347E+02,      1.5687E+02,      1.9520E+02,      8.5680E+02,      2.0000E-01       
1.0000E-02,      7.5000E-01,      3.8000E-03,      4.6667E-01,      7.4322E-01,      7.5927E+02,      1.5853E+02,      1.9547E+02,      8.0567E+02,      1.3333E-01       
1.0000E-02,      7.5000E-01,      3.9000E-03,      8.0000E-01,      6.7612E-01,      8.0407E+02,      1.4653E+02,      2.0147E+02,      8.4840E+02,      1.3333E-01       
1.0000E-02,      7.5000E-01,      4.0000E-03,      7.3333E-01,      7.0373E-01,      7.7193E+02,      1.5393E+02,      2.0173E+02,      8.1867E+02,      1.3333E-01       
1.0000E-02,      7.7500E-01,      2.0000E-03,      2.2000E+00,      6.7612E-01,      1.3147E+03,      3.6867E+01,      1.9420E+02,      1.3605E+03,      4.6667E-01       
1.0000E-02,      7.7500E-01,      2.1000E-03,      1.4000E+00,      5.0709E-01,      1.1124E+03,      8.5067E+01,      2.0400E+02,      1.1455E+03,      4.0000E-01       
1.0000E-02,      7.7500E-01,      2.2000E-03,      1.8667E+00,      6.3994E-01,      1.1927E+03,      8.5733E+01,      1.9707E+02,      1.2641E+03,      7.3333E-01       
1.0000E-02,      7.7500E-01,      2.3000E-03,      1.6000E+00,      7.3679E-01,      1.1355E+03,      8.2667E+01,      2.0347E+02,      1.1749E+03,      4.6667E-01       
1.0000E-02,      7.7500E-01,      2.4000E-03,      1.4667E+00,      9.1548E-01,      1.0807E+03,      8.4400E+01,      1.9880E+02,      1.1185E+03,      9.3333E-01       
1.0000E-02,      7.7500E-01,      2.5000E-03,      1.4667E+00,      7.4322E-01,      1.0925E+03,      8.4800E+01,      1.9880E+02,      1.1314E+03,      4.6667E-01       
1.0000E-02,      7.7500E-01,      2.6000E-03,      1.7333E+00,      5.9362E-01,      1.2036E+03,      8.4733E+01,      2.0293E+02,      1.2607E+03,      6.6667E-01       
1.0000E-02,      7.7500E-01,      2.7000E-03,      1.4000E+00,      5.0709E-01,      1.1111E+03,      8.8067E+01,      1.9627E+02,      1.1558E+03,      1.3333E-01       
1.0000E-02,      7.7500E-01,      2.8000E-03,      7.3333E-01,      5.9362E-01,      8.8573E+02,      1.2240E+02,      1.9727E+02,      9.1180E+02,      0.0000E+00       
1.0000E-02,      7.7500E-01,      2.9000E-03,      6.0000E-01,      7.3679E-01,      8.2160E+02,      1.6247E+02,      2.0553E+02,      8.6727E+02,      6.6667E-02       
1.0000E-02,      7.7500E-01,      3.0000E-03,      8.6667E-01,      8.3381E-01,      8.5500E+02,      1.5573E+02,      2.0187E+02,      9.1853E+02,      0.0000E+00       
1.0000E-02,      7.7500E-01,      3.1000E-03,      4.6667E-01,      8.3381E-01,      7.6480E+02,      1.4880E+02,      1.9847E+02,      8.0487E+02,      1.3333E-01       
1.0000E-02,      7.7500E-01,      3.2000E-03,      4.0000E-01,      5.0709E-01,      7.5607E+02,      1.6093E+02,      1.9673E+02,      7.9900E+02,      0.0000E+00       
1.0000E-02,      7.7500E-01,      3.3000E-03,      4.6667E-01,      5.1640E-01,      8.0700E+02,      1.5860E+02,      2.0200E+02,      8.4867E+02,      0.0000E+00       
1.0000E-02,      7.7500E-01,      3.4000E-03,      2.6667E-01,      4.5774E-01,      6.5980E+02,      1.5413E+02,      1.8500E+02,      6.9933E+02,      0.0000E+00       
1.0000E-02,      7.7500E-01,      3.5000E-03,      2.0000E-01,      4.1404E-01,      7.2007E+02,      1.6233E+02,      1.9353E+02,      7.5227E+02,      0.0000E+00       
1.0000E-02,      7.7500E-01,      3.6000E-03,      4.0000E-01,      5.0709E-01,      7.4113E+02,      1.5920E+02,      2.0233E+02,      7.7920E+02,      0.0000E+00       
1.0000E-02,      7.7500E-01,      3.7000E-03,      2.6667E-01,      4.5774E-01,      7.0733E+02,      1.6320E+02,      1.9607E+02,      7.5007E+02,      0.0000E+00       
1.0000E-02,      7.7500E-01,      3.8000E-03,      4.0000E-01,      5.0709E-01,      7.9940E+02,      1.5873E+02,      1.9700E+02,      8.4287E+02,      0.0000E+00       
1.0000E-02,      7.7500E-01,      3.9000E-03,      3.3333E-01,      4.8795E-01,      7.2040E+02,      1.4840E+02,      1.9573E+02,      7.4560E+02,      0.0000E+00       
1.0000E-02,      7.7500E-01,      4.0000E-03,      3.3333E-01,      4.8795E-01,      7.0000E+02,      1.6280E+02,      1.9493E+02,      7.3593E+02,      0.0000E+00       
1.0000E-02,      8.0000E-01,      2.0000E-03,      1.8667E+00,      7.4322E-01,      1.3342E+03,      4.3067E+01,      2.0553E+02,      1.3623E+03,      7.3333E-01       
1.0000E-02,      8.0000E-01,      2.1000E-03,      1.2667E+00,      7.9881E-01,      1.0862E+03,      8.9667E+01,      2.0267E+02,      1.1189E+03,      6.0000E-01       
1.0000E-02,      8.0000E-01,      2.2000E-03,      1.6000E+00,      7.3679E-01,      1.1075E+03,      8.3267E+01,      2.0780E+02,      1.1458E+03,      5.3333E-01       
1.0000E-02,      8.0000E-01,      2.3000E-03,      1.5333E+00,      9.1548E-01,      1.1294E+03,      9.0200E+01,      1.9653E+02,      1.1860E+03,      4.0000E-01       
1.0000E-02,      8.0000E-01,      2.4000E-03,      1.4667E+00,      8.3381E-01,      1.1307E+03,      9.3400E+01,      2.0433E+02,      1.1745E+03,      4.0000E-01       
1.0000E-02,      8.0000E-01,      2.5000E-03,      1.4667E+00,      9.1548E-01,      1.1051E+03,      8.3733E+01,      1.9807E+02,      1.1461E+03,      7.3333E-01       
1.0000E-02,      8.0000E-01,      2.6000E-03,      1.5333E+00,      8.3381E-01,      1.1372E+03,      8.4467E+01,      1.9800E+02,      1.1808E+03,      6.6667E-01       
1.0000E-02,      8.0000E-01,      2.7000E-03,      1.4667E+00,      7.4322E-01,      1.1211E+03,      8.6533E+01,      2.0273E+02,      1.1664E+03,      2.0000E-01       
1.0000E-02,      8.0000E-01,      2.8000E-03,      1.0000E+00,      9.2582E-01,      9.2260E+02,      1.2593E+02,      1.9373E+02,      9.8560E+02,      1.3333E-01       
1.0000E-02,      8.0000E-01,      2.9000E-03,      4.0000E-01,      5.0709E-01,      7.4740E+02,      1.5940E+02,      2.0040E+02,      7.9327E+02,      0.0000E+00       
1.0000E-02,      8.0000E-01,      3.0000E-03,      4.6667E-01,      5.1640E-01,      7.1807E+02,      1.6527E+02,      1.9253E+02,      7.7860E+02,      0.0000E+00       
1.0000E-02,      8.0000E-01,      3.1000E-03,      4.6667E-01,      6.3994E-01,      8.4060E+02,      1.6520E+02,      2.0833E+02,      8.9013E+02,      0.0000E+00       
1.0000E-02,      8.0000E-01,      3.2000E-03,      2.6667E-01,      4.5774E-01,      7.0573E+02,      1.5633E+02,      1.9853E+02,      7.3387E+02,      0.0000E+00       
1.0000E-02,      8.0000E-01,      3.3000E-03,      4.6667E-01,      6.3994E-01,      7.3460E+02,      1.5933E+02,      2.0387E+02,      7.7473E+02,      0.0000E+00       
1.0000E-02,      8.0000E-01,      3.4000E-03,      3.3333E-01,      6.1721E-01,      7.3320E+02,      1.5753E+02,      1.9720E+02,      7.7107E+02,      6.6667E-02       
1.0000E-02,      8.0000E-01,      3.5000E-03,      2.6667E-01,      4.5774E-01,      6.9707E+02,      1.6113E+02,      1.9753E+02,      7.3393E+02,      0.0000E+00       
1.0000E-02,      8.0000E-01,      3.6000E-03,      3.3333E-01,      4.8795E-01,      7.4840E+02,      1.6780E+02,      2.0240E+02,      7.9467E+02,      0.0000E+00       
1.0000E-02,      8.0000E-01,      3.7000E-03,      3.3333E-01,      6.1721E-01,      7.4120E+02,      1.6880E+02,      1.9407E+02,      7.8860E+02,      0.0000E+00       
1.0000E-02,      8.0000E-01,      3.8000E-03,      4.0000E-01,      6.3246E-01,      7.3073E+02,      1.5793E+02,      2.0120E+02,      7.7160E+02,      0.0000E+00       
1.0000E-02,      8.0000E-01,      3.9000E-03,      2.0000E-01,      4.1404E-01,      6.8373E+02,      1.5647E+02,      2.0147E+02,      7.1047E+02,      0.0000E+00       
1.0000E-02,      8.0000E-01,      4.0000E-03,      6.0000E-01,      6.3246E-01,      7.6013E+02,      1.5340E+02,      2.0093E+02,      8.0360E+02,      0.0000E+00       
1.0000E-02,      8.2500E-01,      2.0000E-03,      2.0000E+00,      5.3452E-01,      1.3002E+03,      4.3267E+01,      1.9360E+02,      1.3463E+03,      6.0000E-01       
1.0000E-02,      8.2500E-01,      2.1000E-03,      1.1333E+00,      6.3994E-01,      1.0807E+03,      8.6933E+01,      2.0333E+02,      1.1025E+03,      2.6667E-01       
1.0000E-02,      8.2500E-01,      2.2000E-03,      1.0667E+00,      5.9362E-01,      9.8433E+02,      8.8533E+01,      1.9727E+02,      1.0075E+03,      6.6667E-02       
1.0000E-02,      8.2500E-01,      2.3000E-03,      1.2000E+00,      4.1404E-01,      1.1038E+03,      8.8667E+01,      1.9653E+02,      1.1497E+03,      2.0000E-01       
1.0000E-02,      8.2500E-01,      2.4000E-03,      8.6667E-01,      7.4322E-01,      9.5400E+02,      9.0933E+01,      1.9720E+02,      9.7267E+02,      6.6667E-02       
1.0000E-02,      8.2500E-01,      2.5000E-03,      1.2000E+00,      5.6061E-01,      1.0329E+03,      8.6133E+01,      2.0153E+02,      1.0717E+03,      2.0000E-01       
1.0000E-02,      8.2500E-01,      2.6000E-03,      1.4667E+00,      9.1548E-01,      1.1561E+03,      9.0600E+01,      2.0173E+02,      1.2084E+03,      8.0000E-01       
1.0000E-02,      8.2500E-01,      2.7000E-03,      1.3333E+00,      7.2375E-01,      1.0665E+03,      8.7800E+01,      2.0040E+02,      1.0989E+03,      4.0000E-01       
1.0000E-02,      8.2500E-01,      2.8000E-03,      6.6667E-01,      4.8795E-01,      8.6147E+02,      1.3273E+02,      1.9853E+02,      8.9540E+02,      0.0000E+00       
1.0000E-02,      8.2500E-01,      2.9000E-03,      2.6667E-01,      4.5774E-01,      7.3087E+02,      1.6613E+02,      2.0047E+02,      7.7313E+02,      0.0000E+00       
1.0000E-02,      8.2500E-01,      3.0000E-03,      5.3333E-01,      8.3381E-01,      8.1053E+02,      1.5847E+02,      1.9947E+02,      8.6940E+02,      6.6667E-02       
1.0000E-02,      8.2500E-01,      3.1000E-03,      3.3333E-01,      4.8795E-01,      6.9707E+02,      1.5580E+02,      1.9513E+02,      7.2833E+02,      0.0000E+00       
1.0000E-02,      8.2500E-01,      3.2000E-03,      4.0000E-01,      6.3246E-01,      7.3167E+02,      1.6380E+02,      2.0187E+02,      7.8453E+02,      6.6667E-02       
1.0000E-02,      8.2500E-01,      3.3000E-03,      2.6667E-01,      4.5774E-01,      7.3093E+02,      1.5567E+02,      2.0273E+02,      7.5967E+02,      0.0000E+00       
1.0000E-02,      8.2500E-01,      3.4000E-03,      2.0000E-01,      4.1404E-01,      7.3107E+02,      1.5733E+02,      1.9353E+02,      7.6493E+02,      0.0000E+00       
1.0000E-02,      8.2500E-01,      3.5000E-03,      4.0000E-01,      6.3246E-01,      7.4280E+02,      1.5320E+02,      2.0087E+02,      7.7900E+02,      0.0000E+00       
1.0000E-02,      8.2500E-01,      3.6000E-03,      3.3333E-01,      6.1721E-01,      7.2240E+02,      1.6100E+02,      1.9653E+02,      7.5893E+02,      0.0000E+00       
1.0000E-02,      8.2500E-01,      3.7000E-03,      3.3333E-01,      4.8795E-01,      7.2440E+02,      1.6227E+02,      2.0353E+02,      7.6660E+02,      0.0000E+00       
1.0000E-02,      8.2500E-01,      3.8000E-03,      4.0000E-01,      5.0709E-01,      7.5920E+02,      1.6127E+02,      1.9493E+02,      8.0687E+02,      0.0000E+00       
1.0000E-02,      8.2500E-01,      3.9000E-03,      1.3333E-01,      3.5187E-01,      6.7980E+02,      1.5760E+02,      2.0020E+02,      7.0173E+02,      0.0000E+00       
1.0000E-02,      8.2500E-01,      4.0000E-03,      2.6667E-01,      4.5774E-01,      6.9200E+02,      1.5793E+02,      1.9920E+02,      7.2433E+02,      0.0000E+00       
1.0000E-02,      8.5000E-01,      2.0000E-03,      2.0667E+00,      7.0373E-01,      1.3654E+03,      4.3200E+01,      1.9527E+02,      1.4252E+03,      6.0000E-01       
1.0000E-02,      8.5000E-01,      2.1000E-03,      1.2667E+00,      4.5774E-01,      1.0653E+03,      8.9533E+01,      2.0087E+02,      1.1075E+03,      1.3333E-01       
1.0000E-02,      8.5000E-01,      2.2000E-03,      1.2000E+00,      6.7612E-01,      1.0727E+03,      9.0000E+01,      2.0700E+02,      1.1145E+03,      4.0000E-01       
1.0000E-02,      8.5000E-01,      2.3000E-03,      9.3333E-01,      5.9362E-01,      9.7273E+02,      9.1400E+01,      2.0120E+02,      9.9007E+02,      0.0000E+00       
1.0000E-02,      8.5000E-01,      2.4000E-03,      1.0667E+00,      7.0373E-01,      1.0413E+03,      9.2400E+01,      2.0253E+02,      1.0797E+03,      2.6667E-01       
1.0000E-02,      8.5000E-01,      2.5000E-03,      1.1333E+00,      6.3994E-01,      1.0708E+03,      8.8800E+01,      1.9933E+02,      1.1065E+03,      2.6667E-01       
1.0000E-02,      8.5000E-01,      2.6000E-03,      1.0000E+00,      5.3452E-01,      9.7293E+02,      8.9000E+01,      1.9647E+02,      1.0025E+03,      2.6667E-01       
1.0000E-02,      8.5000E-01,      2.7000E-03,      1.4667E+00,      9.9043E-01,      1.0942E+03,      8.9333E+01,      1.9800E+02,      1.1501E+03,      2.6667E-01       
1.0000E-02,      8.5000E-01,      2.8000E-03,      6.6667E-01,      6.1721E-01,      8.6353E+02,      1.3120E+02,      1.9900E+02,      8.9727E+02,      6.6667E-02       
1.0000E-02,      8.5000E-01,      2.9000E-03,      1.3333E-01,      3.5187E-01,      6.8727E+02,      1.6960E+02,      2.0233E+02,      7.2373E+02,      0.0000E+00       
1.0000E-02,      8.5000E-01,      3.0000E-03,      1.3333E-01,      3.5187E-01,      7.1000E+02,      1.5900E+02,      1.9687E+02,      7.4033E+02,      0.0000E+00       
1.0000E-02,      8.5000E-01,      3.1000E-03,      3.3333E-01,      4.8795E-01,      7.3633E+02,      1.7347E+02,      2.0293E+02,      7.8953E+02,      0.0000E+00       
1.0000E-02,      8.5000E-01,      3.2000E-03,      6.6667E-02,      2.5820E-01,      6.8827E+02,      1.6507E+02,      2.0040E+02,      7.1500E+02,      0.0000E+00       
1.0000E-02,      8.5000E-01,      3.3000E-03,      2.0000E-01,      4.1404E-01,      7.0093E+02,      1.6847E+02,      1.9920E+02,      7.3713E+02,      0.0000E+00       
1.0000E-02,      8.5000E-01,      3.4000E-03,      6.6667E-02,      2.5820E-01,      6.9767E+02,      1.6507E+02,      1.9333E+02,      7.3133E+02,      0.0000E+00       
1.0000E-02,      8.5000E-01,      3.5000E-03,      3.3333E-01,      4.8795E-01,      7.5460E+02,      1.5993E+02,      1.9647E+02,      8.0620E+02,      0.0000E+00       
1.0000E-02,      8.5000E-01,      3.6000E-03,      2.6667E-01,      4.5774E-01,      7.6727E+02,      1.6287E+02,      1.9840E+02,      8.0307E+02,      0.0000E+00       
1.0000E-02,      8.5000E-01,      3.7000E-03,      1.3333E-01,      3.5187E-01,      6.7187E+02,      1.6247E+02,      1.9920E+02,      7.0167E+02,      0.0000E+00       
1.0000E-02,      8.5000E-01,      3.8000E-03,      2.6667E-01,      4.5774E-01,      7.2573E+02,      1.7287E+02,      2.0987E+02,      7.6187E+02,      0.0000E+00       
1.0000E-02,      8.5000E-01,      3.9000E-03,      1.3333E-01,      3.5187E-01,      7.1940E+02,      1.6980E+02,      2.0700E+02,      7.5713E+02,      0.0000E+00       
1.0000E-02,      8.5000E-01,      4.0000E-03,      3.3333E-01,      6.1721E-01,      7.4380E+02,      1.6133E+02,      2.0453E+02,      7.8667E+02,      0.0000E+00       
1.0000E-02,      8.7500E-01,      2.0000E-03,      1.6000E+00,      6.3246E-01,      1.3030E+03,      4.2467E+01,      2.0080E+02,      1.3382E+03,      2.6667E-01       
1.0000E-02,      8.7500E-01,      2.1000E-03,      1.1333E+00,      6.3994E-01,      1.0457E+03,      9.0267E+01,      1.9713E+02,      1.0853E+03,      0.0000E+00       
1.0000E-02,      8.7500E-01,      2.2000E-03,      1.2000E+00,      5.6061E-01,      1.0744E+03,      8.8600E+01,      1.9667E+02,      1.1218E+03,      2.0000E-01       
1.0000E-02,      8.7500E-01,      2.3000E-03,      1.2667E+00,      5.9362E-01,      1.1752E+03,      8.8267E+01,      2.0260E+02,      1.2242E+03,      2.0000E-01       
1.0000E-02,      8.7500E-01,      2.4000E-03,      1.0667E+00,      5.9362E-01,      1.0405E+03,      8.9333E+01,      1.9733E+02,      1.0833E+03,      6.6667E-02       
1.0000E-02,      8.7500E-01,      2.5000E-03,      1.0667E+00,      5.9362E-01,      1.0455E+03,      9.4400E+01,      1.9867E+02,      1.0866E+03,      0.0000E+00       
1.0000E-02,      8.7500E-01,      2.6000E-03,      1.0000E+00,      8.4515E-01,      1.0082E+03,      9.0733E+01,      2.0093E+02,      1.0332E+03,      6.6667E-02       
1.0000E-02,      8.7500E-01,      2.7000E-03,      1.0667E+00,      2.5820E-01,      1.0274E+03,      9.1467E+01,      1.9760E+02,      1.0701E+03,      1.3333E-01       
1.0000E-02,      8.7500E-01,      2.8000E-03,      6.6667E-01,      4.8795E-01,      8.4960E+02,      1.2953E+02,      1.9820E+02,      8.8253E+02,      0.0000E+00       
1.0000E-02,      8.7500E-01,      2.9000E-03,      1.3333E-01,      3.5187E-01,      7.0767E+02,      1.7167E+02,      2.0140E+02,      7.4680E+02,      0.0000E+00       
1.0000E-02,      8.7500E-01,      3.0000E-03,      2.0000E-01,      4.1404E-01,      7.2673E+02,      1.7040E+02,      2.0047E+02,      7.6893E+02,      0.0000E+00       
1.0000E-02,      8.7500E-01,      3.1000E-03,      3.3333E-01,      4.8795E-01,      7.6213E+02,      1.7240E+02,      2.0387E+02,      8.1880E+02,      0.0000E+00       
1.0000E-02,      8.7500E-01,      3.2000E-03,      1.3333E-01,      3.5187E-01,      7.0893E+02,      1.7293E+02,      2.0180E+02,      7.5380E+02,      0.0000E+00       
1.0000E-02,      8.7500E-01,      3.3000E-03,      6.6667E-02,      2.5820E-01,      6.8053E+02,      1.6360E+02,      1.9520E+02,      7.1380E+02,      0.0000E+00       
1.0000E-02,      8.7500E-01,      3.4000E-03,      2.6667E-01,      4.5774E-01,      7.3887E+02,      1.6600E+02,      2.0007E+02,      7.8180E+02,      0.0000E+00       
1.0000E-02,      8.7500E-01,      3.5000E-03,      6.6667E-02,      2.5820E-01,      7.1153E+02,      1.6787E+02,      2.0247E+02,      7.4440E+02,      0.0000E+00       
1.0000E-02,      8.7500E-01,      3.6000E-03,      1.3333E-01,      3.5187E-01,      6.8613E+02,      1.6160E+02,      2.0507E+02,      7.1420E+02,      0.0000E+00       
1.0000E-02,      8.7500E-01,      3.7000E-03,      1.3333E-01,      3.5187E-01,      6.9333E+02,      1.6793E+02,      1.9767E+02,      7.2967E+02,      0.0000E+00       
1.0000E-02,      8.7500E-01,      3.8000E-03,      2.6667E-01,      4.5774E-01,      7.1727E+02,      1.6987E+02,      2.0220E+02,      7.5487E+02,      0.0000E+00       
1.0000E-02,      8.7500E-01,      3.9000E-03,      2.0000E-01,      4.1404E-01,      6.9293E+02,      1.6500E+02,      1.9967E+02,      7.3113E+02,      0.0000E+00       
1.0000E-02,      8.7500E-01,      4.0000E-03,      6.6667E-02,      2.5820E-01,      7.1940E+02,      1.7147E+02,      2.0540E+02,      7.5187E+02,      0.0000E+00       