#tau,            K*,              det_rate,        thickness,       thick_stDev,     n_deaths,        n_detachments,   n_immigrations,  n_replications,  n_tau_halves     
1.0000E-02,      6.0000E-01,      2.0000E-03,      0.0000E+00,      0.0000E+00,      8.7425E+02,      2.0700E+01,      8.3745E+02,      6.0550E+01,      1.2000E+00       
2.0000E-02,      6.0000E-01,      2.0000E-03,      1.3500E+00,      3.2971E+00,      1.1957E+03,      7.3150E+01,      8.0210E+02,      5.8730E+02,      7.5000E+00       
3.0000E-02,      6.0000E-01,      2.0000E-03,      1.7000E+00,      3.4198E+00,      1.1738E+03,      8.4150E+01,      7.7640E+02,      6.2295E+02,      1.0150E+01       
4.0000E-02,      6.0000E-01,      2.0000E-03,      7.0000E-01,      2.1546E+00,      1.0202E+03,      6.1300E+01,      7.9760E+02,      3.4445E+02,      8.7500E+00       
5.0000E-02,      6.0000E-01,      2.0000E-03,      1.0000E+00,      2.7720E+00,      1.0877E+03,      9.3600E+01,      7.9370E+02,      4.7895E+02,      1.3600E+01       
6.0000E-02,      6.0000E-01,      2.0000E-03,      1.3500E+00,      3.2971E+00,      1.1162E+03,      8.1950E+01,      7.6810E+02,      5.3900E+02,      2.1300E+01       
7.0000E-02,      6.0000E-01,      2.0000E-03,      5.0000E-01,      2.0131E+00,      9.6690E+02,      7.7150E+01,      7.9685E+02,      2.9635E+02,      1.4700E+01       
8.0000E-02,      6.0000E-01,      2.0000E-03,      1.9000E+00,      3.4626E+00,      1.1902E+03,      9.5350E+01,      7.5845E+02,      6.8200E+02,      3.2450E+01       
9.0000E-02,      6.0000E-01,      2.0000E-03,      9.0000E-01,      2.4039E+00,      1.1324E+03,      7.8150E+01,      7.9065E+02,      5.0220E+02,      2.7300E+01       
1.0000E-01,      6.0000E-01,      2.0000E-03,      2.1000E+00,      3.3701E+00,      1.3059E+03,      7.6700E+01,      7.8050E+02,      7.7620E+02,      4.5050E+01       
1.1000E-01,      6.0000E-01,      2.0000E-03,      3.5500E+00,      4.3827E+00,      1.4431E+03,      6.3450E+01,      7.3825E+02,      1.0460E+03,      6.9850E+01       
1.2000E-01,      6.0000E-01,      2.0000E-03,      2.0500E+00,      3.6487E+00,      1.4028E+03,      8.0000E+01,      7.5465E+02,      8.9815E+02,      5.7050E+01       
1.3000E-01,      6.0000E-01,      2.0000E-03,      2.4500E+00,      3.6631E+00,      1.3296E+03,      6.1900E+01,      7.5720E+02,      8.3615E+02,      6.4100E+01       
1.4000E-01,      6.0000E-01,      2.0000E-03,      3.5500E+00,      4.3827E+00,      1.5715E+03,      6.4150E+01,      7.5785E+02,      1.1504E+03,      9.3000E+01       
1.5000E-01,      6.0000E-01,      2.0000E-03,      2.2000E+00,      3.7360E+00,      1.2561E+03,      4.6250E+01,      7.4925E+02,      7.3045E+02,      6.7100E+01       
1.6000E-01,      6.0000E-01,      2.0000E-03,      2.5500E+00,      3.6198E+00,      1.2954E+03,      5.0950E+01,      7.7405E+02,      7.8440E+02,      7.9400E+01       
1.7000E-01,      6.0000E-01,      2.0000E-03,      2.4000E+00,      3.9656E+00,      1.2783E+03,      3.8850E+01,      7.5075E+02,      7.5705E+02,      8.3600E+01       
1.8000E-01,      6.0000E-01,      2.0000E-03,      2.6000E+00,      3.9656E+00,      1.2894E+03,      3.6500E+01,      7.6235E+02,      7.6920E+02,      9.1750E+01       
1.9000E-01,      6.0000E-01,      2.0000E-03,      3.8500E+00,      4.3562E+00,      1.6709E+03,      5.8100E+01,      7.7515E+02,      1.2537E+03,      1.5145E+02       
2.0000E-01,      6.0000E-01,      2.0000E-03,      1.9500E+00,      2.9465E+00,      1.1953E+03,      3.7650E+01,      7.8450E+02,      6.0305E+02,      7.3600E+01       
2.1000E-01,      6.0000E-01,      2.0000E-03,      2.7000E+00,      4.0536E+00,      1.4020E+03,      3.8600E+01,      7.6320E+02,      8.9525E+02,      1.2410E+02       
2.2000E-01,      6.0000E-01,      2.0000E-03,      3.0000E+00,      3.8798E+00,      1.3988E+03,      4.4250E+01,      7.4220E+02,      9.4695E+02,      1.2445E+02       
2.3000E-01,      6.0000E-01,      2.0000E-03,      2.6000E+00,      3.8987E+00,      1.4371E+03,      3.8150E+01,      7.8120E+02,      8.9035E+02,      1.3220E+02       
2.4000E-01,      6.0000E-01,      2.0000E-03,      2.9000E+00,      3.9055E+00,      1.3751E+03,      3.6400E+01,      7.6360E+02,      8.8135E+02,      1.3910E+02       
2.5000E-01,      6.0000E-01,      2.0000E-03,      3.9000E+00,      4.0510E+00,      1.6111E+03,      3.7850E+01,      7.1915E+02,      1.2303E+03,      1.9375E+02       
2.6000E-01,      6.0000E-01,      2.0000E-03,      2.9000E+00,      4.1915E+00,      1.3181E+03,      3.2200E+01,      7.3160E+02,      8.5120E+02,      1.5145E+02       
2.7000E-01,      6.0000E-01,      2.0000E-03,      2.5000E+00,      3.4259E+00,      1.2579E+03,      3.7000E+01,      7.5240E+02,      7.3860E+02,      1.2505E+02       
2.8000E-01,      6.0000E-01,      2.0000E-03,      2.0000E+00,      3.6563E+00,      1.2669E+03,      3.8750E+01,      7.7765E+02,      6.9065E+02,      1.4245E+02       
2.9000E-01,      6.0000E-01,      2.0000E-03,      3.0500E+00,      4.1228E+00,      1.4706E+03,      5.4750E+01,      7.4320E+02,      1.0290E+03,      1.9890E+02       
3.0000E-01,      6.0000E-01,      2.0000E-03,      2.7000E+00,      4.0536E+00,      1.3351E+03,      4.8650E+01,      7.4900E+02,      8.5345E+02,      1.7145E+02       
3.1000E-01,      6.0000E-01,      2.0000E-03,      1.9500E+00,      3.6775E+00,      1.1611E+03,      4.0300E+01,      7.6380E+02,      5.9955E+02,      1.3085E+02       
3.2000E-01,      6.0000E-01,      2.0000E-03,      3.7000E+00,      4.4497E+00,      1.5010E+03,      5.1400E+01,      7.3380E+02,      1.1012E+03,      2.3750E+02       
3.3000E-01,      6.0000E-01,      2.0000E-03,      2.1000E+00,      3.7543E+00,      1.2983E+03,      4.3700E+01,      7.8050E+02,      7.2885E+02,      1.7550E+02       
3.4000E-01,      6.0000E-01,      2.0000E-03,      2.6000E+00,      4.0962E+00,      1.3189E+03,      4.1200E+01,      7.3215E+02,      8.3920E+02,      1.9815E+02       
3.5000E-01,      6.0000E-01,      2.0000E-03,      1.9000E+00,      3.2751E+00,      1.1681E+03,      3.7950E+01,      7.7065E+02,      5.7865E+02,      1.4550E+02       
3.6000E-01,      6.0000E-01,      2.0000E-03,      2.5000E+00,      3.9537E+00,      1.3434E+03,      4.3450E+01,      7.5290E+02,      8.3080E+02,      2.0725E+02       
3.7000E-01,      6.0000E-01,      2.0000E-03,      1.4500E+00,      3.0171E+00,      1.1896E+03,      4.7700E+01,      7.7385E+02,      5.8990E+02,      1.4645E+02       
3.8000E-01,      6.0000E-01,      2.0000E-03,      3.6000E+00,      4.5236E+00,      1.5769E+03,      4.7350E+01,      7.2925E+02,      1.1716E+03,      3.2015E+02       
3.9000E-01,      6.0000E-01,      2.0000E-03,      2.1500E+00,      3.6168E+00,      1.3134E+03,      3.9750E+01,      7.7520E+02,      7.6080E+02,      2.1130E+02       
4.0000E-01,      6.0000E-01,      2.0000E-03,      3.6500E+00,      4.1074E+00,      1.4697E+03,      4.1400E+01,      7.0785E+02,      1.0912E+03,      2.9425E+02       
4.1000E-01,      6.0000E-01,      2.0000E-03,      1.9500E+00,      3.3162E+00,      1.2119E+03,      3.8550E+01,      7.7885E+02,      6.1940E+02,      1.8480E+02       
4.2000E-01,      6.0000E-01,      2.0000E-03,      2.4000E+00,      3.5600E+00,      1.3420E+03,      4.1800E+01,      7.7450E+02,      7.9145E+02,      2.3885E+02       
4.3000E-01,      6.0000E-01,      2.0000E-03,      3.4500E+00,      3.9799E+00,      1.4751E+03,      4.4100E+01,      7.2865E+02,      1.0661E+03,      3.1005E+02       
4.4000E-01,      6.0000E-01,      2.0000E-03,      2.6500E+00,      3.8426E+00,      1.4359E+03,      4.2150E+01,      7.7230E+02,      9.3060E+02,      2.8370E+02       
4.5000E-01,      6.0000E-01,      2.0000E-03,      3.6000E+00,      4.4296E+00,      1.5741E+03,      3.7150E+01,      7.4500E+02,      1.1434E+03,      3.8430E+02       
4.6000E-01,      6.0000E-01,      2.0000E-03,      2.0000E+00,      2.7720E+00,      1.2335E+03,      3.4150E+01,      7.9095E+02,      6.4075E+02,      1.9725E+02       
4.7000E-01,      6.0000E-01,      2.0000E-03,      2.1500E+00,      3.8426E+00,      1.2508E+03,      3.2150E+01,      7.6830E+02,      7.0375E+02,      2.3550E+02       
4.8000E-01,      6.0000E-01,      2.0000E-03,      3.2000E+00,      3.7781E+00,      1.3088E+03,      3.1350E+01,      7.5235E+02,      8.3450E+02,      2.7845E+02       
4.9000E-01,      6.0000E-01,      2.0000E-03,      1.4500E+00,      3.2683E+00,      1.0680E+03,      2.2650E+01,      7.4475E+02,      4.7145E+02,      2.0190E+02       
5.0000E-01,      6.0000E-01,      2.0000E-03,      2.0500E+00,      3.4255E+00,      1.3216E+03,      3.4150E+01,      7.6605E+02,      7.5355E+02,      2.8545E+02       
5.1000E-01,      6.0000E-01,      2.0000E-03,      3.5000E+00,      4.1739E+00,      1.4828E+03,      3.6250E+01,      7.4575E+02,      1.0442E+03,      3.6830E+02       
5.2000E-01,      6.0000E-01,      2.0000E-03,      3.4500E+00,      4.2485E+00,      1.4333E+03,      3.5800E+01,      7.2220E+02,      1.0150E+03,      3.9990E+02       
5.3000E-01,      6.0000E-01,      2.0000E-03,      2.6500E+00,      3.8699E+00,      1.3048E+03,      3.9700E+01,      7.5265E+02,      8.0710E+02,      3.1240E+02       
5.4000E-01,      6.0000E-01,      2.0000E-03,      3.0000E+00,      4.1295E+00,      1.3634E+03,      3.9950E+01,      7.3075E+02,      9.1345E+02,      3.6225E+02       
5.5000E-01,      6.0000E-01,      2.0000E-03,      2.5000E+00,      3.6635E+00,      1.3571E+03,      5.1950E+01,      7.4705E+02,      8.6530E+02,      3.1840E+02       
5.6000E-01,      6.0000E-01,      2.0000E-03,      2.8500E+00,      4.0429E+00,      1.4419E+03,      5.2150E+01,      7.3955E+02,      9.9205E+02,      3.7680E+02       
5.7000E-01,      6.0000E-01,      2.0000E-03,      1.7500E+00,      3.1768E+00,      1.1348E+03,      3.3300E+01,      7.9125E+02,      5.1610E+02,      2.3145E+02       
5.8000E-01,      6.0000E-01,      2.0000E-03,      3.8000E+00,      4.3842E+00,      1.5977E+03,      4.3750E+01,      7.2915E+02,      1.2034E+03,      5.0260E+02       
5.9000E-01,      6.0000E-01,      2.0000E-03,      2.0500E+00,      3.4561E+00,      1.1888E+03,      3.4100E+01,      7.7445E+02,      6.2030E+02,      2.6635E+02       
6.0000E-01,      6.0000E-01,      2.0000E-03,      3.7000E+00,      4.0666E+00,      1.5170E+03,      4.3050E+01,      7.5320E+02,      1.0909E+03,      4.8260E+02       
6.1000E-01,      6.0000E-01,      2.0000E-03,      3.3500E+00,      4.2831E+00,      1.4914E+03,      4.3300E+01,      7.4790E+02,      1.0404E+03,      4.7470E+02       
6.2000E-01,      6.0000E-01,      2.0000E-03,      3.8000E+00,      4.0471E+00,      1.4936E+03,      3.9400E+01,      7.2430E+02,      1.1071E+03,      4.7650E+02       
6.3000E-01,      6.0000E-01,      2.0000E-03,      3.9000E+00,      4.3758E+00,      1.5495E+03,      4.3100E+01,      7.3140E+02,      1.1588E+03,      5.5280E+02       
6.4000E-01,      6.0000E-01,      2.0000E-03,      3.0000E+00,      4.1295E+00,      1.3232E+03,      3.7300E+01,      7.4460E+02,      8.6425E+02,      4.1605E+02       
6.5000E-01,      6.0000E-01,      2.0000E-03,      2.3000E+00,      3.8811E+00,      1.2023E+03,      3.2700E+01,      7.6455E+02,      6.6230E+02,      3.3705E+02       
6.6000E-01,      6.0000E-01,      2.0000E-03,      3.0000E+00,      3.9603E+00,      1.4429E+03,      4.0350E+01,      7.5235E+02,      9.7360E+02,      4.7515E+02       
6.7000E-01,      6.0000E-01,      2.0000E-03,      4.0500E+00,      3.8317E+00,      1.7630E+03,      5.5400E+01,      7.8625E+02,      1.3502E+03,      6.2895E+02       
6.8000E-01,      6.0000E-01,      2.0000E-03,      3.4000E+00,      4.2723E+00,      1.5039E+03,      3.8650E+01,      7.3195E+02,      1.0666E+03,      5.3855E+02       
6.9000E-01,      6.0000E-01,      2.0000E-03,      3.4500E+00,      4.1609E+00,      1.4431E+03,      3.4800E+01,      7.3320E+02,      1.0177E+03,      5.2470E+02       
7.0000E-01,      6.0000E-01,      2.0000E-03,      3.4500E+00,      4.2855E+00,      1.5997E+03,      4.4900E+01,      7.6500E+02,      1.1378E+03,      5.9420E+02       
7.1000E-01,      6.0000E-01,      2.0000E-03,      3.4000E+00,      4.0053E+00,      1.3984E+03,      3.5800E+01,      7.2385E+02,      9.7315E+02,      4.9955E+02       
7.2000E-01,      6.0000E-01,      2.0000E-03,      2.1000E+00,      3.6692E+00,      1.3756E+03,      3.8100E+01,      7.7535E+02,      8.1295E+02,      4.2820E+02       
7.3000E-01,      6.0000E-01,      2.0000E-03,      1.9000E+00,      3.2590E+00,      1.2323E+03,      3.0350E+01,      7.5790E+02,      6.5170E+02,      3.5300E+02       
7.4000E-01,      6.0000E-01,      2.0000E-03,      3.0000E+00,      3.9068E+00,      1.2692E+03,      2.8050E+01,      7.5160E+02,      7.8485E+02,      4.2575E+02       
7.5000E-01,      6.0000E-01,      2.0000E-03,      3.2000E+00,      4.1877E+00,      1.5447E+03,      4.1750E+01,      7.7375E+02,      1.0569E+03,      5.7990E+02       
7.6000E-01,      6.0000E-01,      2.0000E-03,      2.7000E+00,      3.8402E+00,      1.4373E+03,      4.1850E+01,      7.7405E+02,      9.2380E+02,      5.1690E+02       
7.7000E-01,      6.0000E-01,      2.0000E-03,      2.7500E+00,      3.7116E+00,      1.4645E+03,      4.6000E+01,      7.6585E+02,      9.6580E+02,      5.3275E+02       
7.8000E-01,      6.0000E-01,      2.0000E-03,      1.2000E+00,      2.7834E+00,      1.0461E+03,      2.9400E+01,      7.8200E+02,      4.0145E+02,      2.6820E+02       
7.9000E-01,      6.0000E-01,      2.0000E-03,      1.3500E+00,      3.2971E+00,      1.0730E+03,      3.0300E+01,      7.5615E+02,      4.6580E+02,      3.0190E+02       
8.0000E-01,      6.0000E-01,      2.0000E-03,      2.3000E+00,      3.9749E+00,      1.3764E+03,      3.9200E+01,      7.5700E+02,      8.4045E+02,      5.1485E+02       
8.1000E-01,      6.0000E-01,      2.0000E-03,      1.8000E+00,      3.3966E+00,      1.2077E+03,      3.9550E+01,      7.4820E+02,      6.5355E+02,      3.7975E+02       
8.2000E-01,      6.0000E-01,      2.0000E-03,      1.8000E+00,      3.6935E+00,      1.1411E+03,      2.8850E+01,      7.6615E+02,      5.5350E+02,      3.7460E+02       
8.3000E-01,      6.0000E-01,      2.0000E-03,      1.3000E+00,      2.8855E+00,      1.1062E+03,      2.9450E+01,      7.9375E+02,      4.5205E+02,      3.2010E+02       
8.4000E-01,      6.0000E-01,      2.0000E-03,      3.7500E+00,      4.3513E+00,      1.4797E+03,      3.9550E+01,      7.3435E+02,      1.0848E+03,      6.5465E+02       
8.5000E-01,      6.0000E-01,      2.0000E-03,      2.1000E+00,      3.4012E+00,      1.1633E+03,      2.9200E+01,      7.7530E+02,      5.8695E+02,      3.8390E+02       
8.6000E-01,      6.0000E-01,      2.0000E-03,      2.0500E+00,      3.3321E+00,      1.2262E+03,      3.2050E+01,      7.7325E+02,      6.5655E+02,      4.1610E+02       
8.7000E-01,      6.0000E-01,      2.0000E-03,      2.5500E+00,      4.0455E+00,      1.3503E+03,      3.4600E+01,      7.5735E+02,      8.3205E+02,      5.7525E+02       
8.8000E-01,      6.0000E-01,      2.0000E-03,      4.0500E+00,      4.5938E+00,      1.4158E+03,      3.2900E+01,      6.6250E+02,      1.1109E+03,      7.1380E+02       
8.9000E-01,      6.0000E-01,      2.0000E-03,      2.1000E+00,      3.7120E+00,      1.2508E+03,      3.1350E+01,      7.7315E+02,      6.7185E+02,      4.6590E+02       
9.0000E-01,      6.0000E-01,      2.0000E-03,      2.9500E+00,      3.8862E+00,      1.4130E+03,      3.3800E+01,      7.4065E+02,      9.3935E+02,      5.9795E+02       
9.1000E-01,      6.0000E-01,      2.0000E-03,      1.1500E+00,      2.8335E+00,      1.0895E+03,      3.0400E+01,      7.8190E+02,      4.3570E+02,      3.1425E+02       
9.2000E-01,      6.0000E-01,      2.0000E-03,      2.9500E+00,      3.8317E+00,      1.3875E+03,      3.0450E+01,      7.5685E+02,      8.8040E+02,      6.1455E+02       
9.3000E-01,      6.0000E-01,      2.0000E-03,      1.3500E+00,      3.1669E+00,      1.1138E+03,      2.9550E+01,      7.9295E+02,      4.6085E+02,      3.4920E+02       
9.4000E-01,      6.0000E-01,      2.0000E-03,      2.7500E+00,      3.9186E+00,      1.3172E+03,      3.5900E+01,      7.1640E+02,      8.5300E+02,      5.5610E+02       
9.5000E-01,      6.0000E-01,      2.0000E-03,      1.8500E+00,      3.6746E+00,      1.2146E+03,      2.8450E+01,      7.7775E+02,      6.1940E+02,      4.4910E+02       
9.6000E-01,      6.0000E-01,      2.0000E-03,      1.4000E+00,      3.2831E+00,      1.1394E+03,      3.1050E+01,      7.7885E+02,      5.1785E+02,      3.7530E+02       
9.7000E-01,      6.0000E-01,      2.0000E-03,      2.5000E+00,      3.6491E+00,      1.3366E+03,      3.0450E+01,      7.7945E+02,      7.7460E+02,      5.6100E+02       
9.8000E-01,      6.0000E-01,      2.0000E-03,      2.3500E+00,      3.7455E+00,      1.2682E+03,      2.9200E+01,      7.6770E+02,      7.2160E+02,      5.4210E+02       
9.9000E-01,      6.0000E-01,      2.0000E-03,      2.4500E+00,      3.9400E+00,      1.2466E+03,      2.6300E+01,      7.5745E+02,      7.0330E+02,      5.2265E+02       
1.0000E+00,      6.0000E-01,      2.0000E-03,      1.8000E+00,      3.6935E+00,      1.2231E+03,      3.1400E+01,      7.5680E+02,      6.4755E+02,      4.8250E+02       
1.0100E+00,      6.0000E-01,      2.0000E-03,      2.4000E+00,      3.8030E+00,      1.2580E+03,      2.9000E+01,      7.5720E+02,      7.1600E+02,      5.3740E+02       
1.0200E+00,      6.0000E-01,      2.0000E-03,      2.6000E+00,      3.7473E+00,      1.3612E+03,      3.8000E+01,      7.5430E+02,      8.5175E+02,      6.3480E+02       
1.0300E+00,      6.0000E-01,      2.0000E-03,      3.2000E+00,      4.0341E+00,      1.4160E+03,      3.4550E+01,      7.4155E+02,      9.5430E+02,      7.1810E+02       
1.0400E+00,      6.0000E-01,      2.0000E-03,      4.5000E-01,      2.0125E+00,      9.5620E+02,      2.8100E+01,      7.7935E+02,      2.5680E+02,      2.4645E+02       
1.0500E+00,      6.0000E-01,      2.0000E-03,      3.3000E+00,      4.2809E+00,      1.4316E+03,      3.6350E+01,      7.1270E+02,      1.0145E+03,      7.5620E+02       
1.0600E+00,      6.0000E-01,      2.0000E-03,      3.0500E+00,      4.2112E+00,      1.3859E+03,      3.4900E+01,      7.4790E+02,      9.1130E+02,      7.0595E+02       
1.0700E+00,      6.0000E-01,      2.0000E-03,      3.1500E+00,      4.2087E+00,      1.5498E+03,      4.4800E+01,      7.5710E+02,      1.0852E+03,      8.2940E+02       
1.0800E+00,      6.0000E-01,      2.0000E-03,      1.9000E+00,      3.5229E+00,      1.1829E+03,      3.5850E+01,      7.6145E+02,      6.1895E+02,      4.8640E+02       
1.0900E+00,      6.0000E-01,      2.0000E-03,      1.7000E+00,      3.4198E+00,      1.2136E+03,      4.3550E+01,      7.5880E+02,      6.4895E+02,      5.0210E+02       
1.1000E+00,      6.0000E-01,      2.0000E-03,      3.4000E+00,      4.2846E+00,      1.4584E+03,      3.8950E+01,      7.2620E+02,      1.0382E+03,      8.2100E+02       
1.1100E+00,      6.0000E-01,      2.0000E-03,      4.0500E+00,      4.2237E+00,      1.6504E+03,      4.7000E+01,      7.2660E+02,      1.2964E+03,      9.5555E+02       
1.1200E+00,      6.0000E-01,      2.0000E-03,      1.9000E+00,      3.4012E+00,      1.1588E+03,      3.1600E+01,      7.6695E+02,      5.9160E+02,      5.0105E+02       
1.1300E+00,      6.0000E-01,      2.0000E-03,      1.4000E+00,      3.2831E+00,      1.0985E+03,      2.8850E+01,      7.8150E+02,      4.7140E+02,      4.2215E+02       
1.1400E+00,      6.0000E-01,      2.0000E-03,      2.9500E+00,      4.1100E+00,      1.3635E+03,      4.1350E+01,      7.5405E+02,      8.8430E+02,      6.7310E+02       
1.1500E+00,      6.0000E-01,      2.0000E-03,      2.6000E+00,      3.9523E+00,      1.3147E+03,      3.5250E+01,      7.4590E+02,      8.0030E+02,      6.5885E+02       
1.1600E+00,      6.0000E-01,      2.0000E-03,      1.5500E+00,      3.2521E+00,      1.1840E+03,      3.2050E+01,      7.6950E+02,      5.7595E+02,      5.2535E+02       
1.1700E+00,      6.0000E-01,      2.0000E-03,      2.4000E+00,      3.8030E+00,      1.2067E+03,      2.7550E+01,      7.5270E+02,      6.7205E+02,      5.8390E+02       
1.1800E+00,      6.0000E-01,      2.0000E-03,      2.7000E+00,      4.2315E+00,      1.3179E+03,      3.0250E+01,      7.3420E+02,      8.3405E+02,      7.1280E+02       
1.1900E+00,      6.0000E-01,      2.0000E-03,      3.6500E+00,      4.0036E+00,      1.4950E+03,      3.8050E+01,      7.4120E+02,      1.0760E+03,      8.7820E+02       