#tau,            K*,              det_rate,        thickness,       thick_stDev,     n_deaths,        n_detachments,   n_immigrations,  n_replications,  n_tau_halves     
2.0000E-01,      4.0000E-01,      2.0000E-03,      9.0000E+00,      0.0000E+00,      6.6000E+02,      8.6667E+00,      1.0233E+02,      1.2476E+03,      1.1780E+02       
2.0000E-01,      4.0000E-01,      2.1000E-03,      9.0000E+00,      0.0000E+00,      6.0867E+02,      7.2667E+00,      1.0253E+02,      1.1809E+03,      1.0560E+02       
2.0000E-01,      4.0000E-01,      2.2000E-03,      9.0000E+00,      0.0000E+00,      6.7500E+02,      9.4000E+00,      1.0313E+02,      1.2590E+03,      1.1467E+02       
2.0000E-01,      4.0000E-01,      2.3000E-03,      9.0000E+00,      0.0000E+00,      6.7307E+02,      9.2000E+00,      1.0213E+02,      1.2569E+03,      1.0873E+02       
2.0000E-01,      4.0000E-01,      2.4000E-03,      9.0000E+00,      0.0000E+00,      6.5753E+02,      9.9333E+00,      9.9533E+01,      1.2359E+03,      1.1160E+02       
2.0000E-01,      4.0000E-01,      2.5000E-03,      9.0000E+00,      0.0000E+00,      6.4313E+02,      7.8667E+00,      9.9600E+01,      1.2239E+03,      1.0600E+02       
2.0000E-01,      4.0000E-01,      2.6000E-03,      9.0000E+00,      0.0000E+00,      6.0753E+02,      1.0400E+01,      9.8467E+01,      1.1835E+03,      1.0313E+02       
2.0000E-01,      4.0000E-01,      2.7000E-03,      9.0000E+00,      0.0000E+00,      6.3140E+02,      9.9333E+00,      9.9133E+01,      1.2017E+03,      1.0353E+02       
2.0000E-01,      4.0000E-01,      2.8000E-03,      9.0000E+00,      0.0000E+00,      6.4120E+02,      1.0933E+01,      9.7000E+01,      1.2328E+03,      1.1280E+02       
2.0000E-01,      4.0000E-01,      2.9000E-03,      9.0000E+00,      0.0000E+00,      6.6813E+02,      1.4867E+01,      1.0053E+02,      1.2607E+03,      1.1967E+02       
2.0000E-01,      4.0000E-01,      3.0000E-03,      9.0000E+00,      0.0000E+00,      6.6480E+02,      1.5667E+01,      1.0193E+02,      1.2593E+03,      1.1193E+02       
2.0000E-01,      4.0000E-01,      3.1000E-03,      9.0000E+00,      0.0000E+00,      6.1833E+02,      1.5200E+01,      1.0293E+02,      1.1957E+03,      1.0900E+02       
2.0000E-01,      4.0000E-01,      3.2000E-03,      9.0000E+00,      0.0000E+00,      6.2940E+02,      1.5400E+01,      1.0447E+02,      1.2196E+03,      1.0720E+02       
2.0000E-01,      4.0000E-01,      3.3000E-03,      9.0000E+00,      0.0000E+00,      6.5580E+02,      1.5467E+01,      1.0447E+02,      1.2355E+03,      1.0907E+02       
2.0000E-01,      4.0000E-01,      3.4000E-03,      9.0000E+00,      0.0000E+00,      6.6160E+02,      1.5067E+01,      1.0293E+02,      1.2538E+03,      1.1167E+02       
2.0000E-01,      4.0000E-01,      3.5000E-03,      9.0000E+00,      0.0000E+00,      6.4113E+02,      1.4733E+01,      9.8733E+01,      1.2259E+03,      1.0907E+02       
2.0000E-01,      4.0000E-01,      3.6000E-03,      9.0000E+00,      0.0000E+00,      6.4520E+02,      1.5667E+01,      1.0407E+02,      1.2332E+03,      1.0807E+02       
2.0000E-01,      4.0000E-01,      3.7000E-03,      9.0000E+00,      0.0000E+00,      6.5947E+02,      1.6400E+01,      1.0707E+02,      1.2453E+03,      1.0327E+02       
2.0000E-01,      4.0000E-01,      3.8000E-03,      9.0000E+00,      0.0000E+00,      6.5307E+02,      1.6800E+01,      1.0260E+02,      1.2396E+03,      1.1620E+02       
2.0000E-01,      4.0000E-01,      3.9000E-03,      9.0000E+00,      0.0000E+00,      6.5473E+02,      1.3600E+01,      9.7000E+01,      1.2437E+03,      1.1020E+02       
2.0000E-01,      4.0000E-01,      4.0000E-03,      9.0000E+00,      0.0000E+00,      6.5007E+02,      1.4467E+01,      1.0473E+02,      1.2270E+03,      1.0533E+02       
2.0000E-01,      4.2500E-01,      2.0000E-03,      9.0000E+00,      0.0000E+00,      6.9433E+02,      9.4000E+00,      1.0593E+02,      1.2861E+03,      1.0967E+02       
2.0000E-01,      4.2500E-01,      2.1000E-03,      9.0000E+00,      0.0000E+00,      7.0520E+02,      9.1333E+00,      1.0693E+02,      1.2920E+03,      1.1753E+02       
2.0000E-01,      4.2500E-01,      2.2000E-03,      9.0000E+00,      0.0000E+00,      7.2513E+02,      1.0200E+01,      1.0760E+02,      1.3229E+03,      1.2360E+02       
2.0000E-01,      4.2500E-01,      2.3000E-03,      9.0000E+00,      0.0000E+00,      6.9173E+02,      8.6000E+00,      1.0527E+02,      1.2851E+03,      1.1847E+02       
2.0000E-01,      4.2500E-01,      2.4000E-03,      9.0000E+00,      0.0000E+00,      7.0593E+02,      1.0933E+01,      1.0607E+02,      1.3017E+03,      1.1787E+02       
2.0000E-01,      4.2500E-01,      2.5000E-03,      9.0000E+00,      0.0000E+00,      7.1100E+02,      1.0467E+01,      1.0593E+02,      1.3009E+03,      1.1720E+02       
2.0000E-01,      4.2500E-01,      2.6000E-03,      9.0000E+00,      0.0000E+00,      7.0867E+02,      1.3000E+01,      1.0620E+02,      1.3078E+03,      1.1653E+02       
2.0000E-01,      4.2500E-01,      2.7000E-03,      9.0000E+00,      0.0000E+00,      7.1607E+02,      1.4333E+01,      1.0780E+02,      1.3134E+03,      1.1813E+02       
2.0000E-01,      4.2500E-01,      2.8000E-03,      9.0000E+00,      0.0000E+00,      7.0900E+02,      1.2067E+01,      1.0560E+02,      1.3030E+03,      1.1813E+02       
2.0000E-01,      4.2500E-01,      2.9000E-03,      9.0000E+00,      0.0000E+00,      7.4473E+02,      1.6067E+01,      1.1127E+02,      1.3405E+03,      1.2260E+02       
2.0000E-01,      4.2500E-01,      3.0000E-03,      9.0000E+00,      0.0000E+00,      7.1727E+02,      1.7067E+01,      1.0900E+02,      1.3211E+03,      1.2133E+02       
2.0000E-01,      4.2500E-01,      3.1000E-03,      9.0000E+00,      0.0000E+00,      7.1133E+02,      1.8000E+01,      1.0680E+02,      1.3053E+03,      1.1947E+02       
2.0000E-01,      4.2500E-01,      3.2000E-03,      9.0000E+00,      0.0000E+00,      7.4213E+02,      1.8467E+01,      1.1073E+02,      1.3429E+03,      1.2647E+02       
2.0000E-01,      4.2500E-01,      3.3000E-03,      9.0000E+00,      0.0000E+00,      7.2167E+02,      2.0267E+01,      1.1093E+02,      1.3189E+03,      1.2520E+02       
2.0000E-01,      4.2500E-01,      3.4000E-03,      9.0000E+00,      0.0000E+00,      7.0007E+02,      1.8933E+01,      1.1187E+02,      1.2988E+03,      1.1687E+02       
2.0000E-01,      4.2500E-01,      3.5000E-03,      9.0000E+00,      0.0000E+00,      6.9613E+02,      2.1333E+01,      1.0587E+02,      1.3014E+03,      1.1833E+02       
2.0000E-01,      4.2500E-01,      3.6000E-03,      9.0000E+00,      0.0000E+00,      7.1127E+02,      1.7867E+01,      1.0773E+02,      1.3193E+03,      1.2220E+02       
2.0000E-01,      4.2500E-01,      3.7000E-03,      9.0000E+00,      0.0000E+00,      6.8213E+02,      1.7333E+01,      1.0507E+02,      1.2829E+03,      1.1500E+02       
2.0000E-01,      4.2500E-01,      3.8000E-03,      9.0000E+00,      0.0000E+00,      6.9200E+02,      1.9067E+01,      1.1013E+02,      1.2902E+03,      1.1147E+02       
2.0000E-01,      4.2500E-01,      3.9000E-03,      9.0000E+00,      0.0000E+00,      7.2733E+02,      1.9533E+01,      1.1100E+02,      1.3234E+03,      1.2413E+02       
2.0000E-01,      4.2500E-01,      4.0000E-03,      9.0000E+00,      0.0000E+00,      7.2660E+02,      1.8933E+01,      1.0827E+02,      1.3304E+03,      1.2467E+02       
2.0000E-01,      4.5000E-01,      2.0000E-03,      9.0000E+00,      0.0000E+00,      7.6000E+02,      1.0467E+01,      1.1027E+02,      1.3585E+03,      1.2620E+02       
2.0000E-01,      4.5000E-01,      2.1000E-03,      9.0000E+00,      0.0000E+00,      7.2640E+02,      1.1333E+01,      1.0980E+02,      1.3306E+03,      1.1987E+02       
2.0000E-01,      4.5000E-01,      2.2000E-03,      9.0000E+00,      0.0000E+00,      7.3060E+02,      1.0333E+01,      1.0953E+02,      1.3242E+03,      1.2020E+02       
2.0000E-01,      4.5000E-01,      2.3000E-03,      9.0000E+00,      0.0000E+00,      7.3800E+02,      1.0333E+01,      1.0887E+02,      1.3393E+03,      1.2747E+02       
2.0000E-01,      4.5000E-01,      2.4000E-03,      9.0000E+00,      0.0000E+00,      7.4460E+02,      1.0733E+01,      1.1280E+02,      1.3347E+03,      1.2740E+02       
2.0000E-01,      4.5000E-01,      2.5000E-03,      9.0000E+00,      0.0000E+00,      7.7673E+02,      1.1067E+01,      1.1313E+02,      1.3812E+03,      1.3887E+02       
2.0000E-01,      4.5000E-01,      2.6000E-03,      9.0000E+00,      0.0000E+00,      7.5273E+02,      1.4200E+01,      1.1060E+02,      1.3516E+03,      1.2340E+02       
2.0000E-01,      4.5000E-01,      2.7000E-03,      9.0000E+00,      0.0000E+00,      7.5680E+02,      1.3467E+01,      1.1340E+02,      1.3638E+03,      1.3007E+02       
2.0000E-01,      4.5000E-01,      2.8000E-03,      9.0000E+00,      0.0000E+00,      7.6647E+02,      1.5400E+01,      1.1240E+02,      1.3668E+03,      1.2653E+02       
2.0000E-01,      4.5000E-01,      2.9000E-03,      9.0000E+00,      0.0000E+00,      7.8180E+02,      1.7267E+01,      1.1300E+02,      1.3909E+03,      1.2627E+02       
2.0000E-01,      4.5000E-01,      3.0000E-03,      9.0000E+00,      0.0000E+00,      8.1653E+02,      1.7267E+01,      1.1493E+02,      1.4262E+03,      1.3480E+02       
2.0000E-01,      4.5000E-01,      3.1000E-03,      9.0000E+00,      0.0000E+00,      8.0733E+02,      1.9867E+01,      1.1273E+02,      1.4225E+03,      1.3193E+02       
2.0000E-01,      4.5000E-01,      3.2000E-03,      9.0000E+00,      0.0000E+00,      7.9940E+02,      2.2467E+01,      1.1200E+02,      1.4097E+03,      1.3460E+02       
2.0000E-01,      4.5000E-01,      3.3000E-03,      9.0000E+00,      0.0000E+00,      7.5273E+02,      1.9333E+01,      1.1320E+02,      1.3577E+03,      1.2580E+02       
2.0000E-01,      4.5000E-01,      3.4000E-03,      9.0000E+00,      0.0000E+00,      7.5913E+02,      2.1733E+01,      1.1600E+02,      1.3661E+03,      1.3433E+02       
2.0000E-01,      4.5000E-01,      3.5000E-03,      9.0000E+00,      0.0000E+00,      7.8827E+02,      1.9133E+01,      1.0760E+02,      1.4039E+03,      1.3593E+02       
2.0000E-01,      4.5000E-01,      3.6000E-03,      9.0000E+00,      0.0000E+00,      7.2340E+02,      1.7467E+01,      1.0873E+02,      1.3203E+03,      1.2080E+02       
2.0000E-01,      4.5000E-01,      3.7000E-03,      9.0000E+00,      0.0000E+00,      7.4393E+02,      2.0733E+01,      1.1007E+02,      1.3568E+03,      1.2393E+02       
2.0000E-01,      4.5000E-01,      3.8000E-03,      9.0000E+00,      0.0000E+00,      7.5847E+02,      2.1400E+01,      1.1213E+02,      1.3629E+03,      1.2860E+02       
2.0000E-01,      4.5000E-01,      3.9000E-03,      9.0000E+00,      0.0000E+00,      7.9327E+02,      2.1400E+01,      1.1853E+02,      1.4075E+03,      1.3127E+02       
2.0000E-01,      4.5000E-01,      4.0000E-03,      9.0000E+00,      0.0000E+00,      7.8827E+02,      2.0867E+01,      1.1673E+02,      1.4017E+03,      1.3893E+02       
2.0000E-01,      4.7500E-01,      2.0000E-03,      9.0000E+00,      0.0000E+00,      8.2080E+02,      1.2200E+01,      1.1613E+02,      1.4295E+03,      1.4240E+02       
2.0000E-01,      4.7500E-01,      2.1000E-03,      9.0000E+00,      0.0000E+00,      8.1387E+02,      1.1067E+01,      1.1800E+02,      1.4262E+03,      1.3707E+02       
2.0000E-01,      4.7500E-01,      2.2000E-03,      9.0000E+00,      0.0000E+00,      8.3073E+02,      1.2000E+01,      1.2060E+02,      1.4379E+03,      1.3940E+02       
2.0000E-01,      4.7500E-01,      2.3000E-03,      9.0000E+00,      0.0000E+00,      8.4887E+02,      1.2267E+01,      1.2053E+02,      1.4588E+03,      1.3867E+02       
2.0000E-01,      4.7500E-01,      2.4000E-03,      9.0000E+00,      0.0000E+00,      8.1227E+02,      1.1933E+01,      1.1733E+02,      1.4208E+03,      1.3680E+02       
2.0000E-01,      4.7500E-01,      2.5000E-03,      9.0000E+00,      0.0000E+00,      7.6973E+02,      1.1667E+01,      1.1907E+02,      1.3804E+03,      1.2853E+02       
2.0000E-01,      4.7500E-01,      2.6000E-03,      9.0000E+00,      0.0000E+00,      8.2327E+02,      1.5200E+01,      1.1867E+02,      1.4301E+03,      1.3620E+02       
2.0000E-01,      4.7500E-01,      2.7000E-03,      9.0000E+00,      0.0000E+00,      8.1180E+02,      1.4667E+01,      1.1680E+02,      1.4326E+03,      1.3960E+02       
2.0000E-01,      4.7500E-01,      2.8000E-03,      9.0000E+00,      0.0000E+00,      7.8627E+02,      1.5600E+01,      1.1753E+02,      1.3994E+03,      1.3307E+02       
2.0000E-01,      4.7500E-01,      2.9000E-03,      9.0000E+00,      0.0000E+00,      8.5460E+02,      2.1067E+01,      1.2100E+02,      1.4773E+03,      1.4220E+02       
2.0000E-01,      4.7500E-01,      3.0000E-03,      9.0000E+00,      0.0000E+00,      8.3993E+02,      1.9000E+01,      1.2300E+02,      1.4507E+03,      1.3887E+02       
2.0000E-01,      4.7500E-01,      3.1000E-03,      9.0000E+00,      0.0000E+00,      8.3280E+02,      2.0867E+01,      1.2093E+02,      1.4379E+03,      1.3767E+02       
2.0000E-01,      4.7500E-01,      3.2000E-03,      9.0000E+00,      0.0000E+00,      8.2947E+02,      2.0667E+01,      1.1733E+02,      1.4567E+03,      1.4240E+02       
2.0000E-01,      4.7500E-01,      3.3000E-03,      9.0000E+00,      0.0000E+00,      8.1573E+02,      2.2733E+01,      1.1507E+02,      1.4328E+03,      1.3573E+02       
2.0000E-01,      4.7500E-01,      3.4000E-03,      9.0000E+00,      0.0000E+00,      8.7960E+02,      2.3667E+01,      1.2307E+02,      1.4978E+03,      1.4720E+02       
2.0000E-01,      4.7500E-01,      3.5000E-03,      9.0000E+00,      0.0000E+00,      8.3940E+02,      2.2067E+01,      1.2313E+02,      1.4509E+03,      1.3700E+02       
2.0000E-01,      4.7500E-01,      3.6000E-03,      9.0000E+00,      0.0000E+00,      8.3267E+02,      2.2067E+01,      1.1727E+02,      1.4532E+03,      1.3973E+02       
2.0000E-01,      4.7500E-01,      3.7000E-03,      9.0000E+00,      0.0000E+00,      8.2320E+02,      2.2733E+01,      1.2380E+02,      1.4347E+03,      1.3753E+02       
2.0000E-01,      4.7500E-01,      3.8000E-03,      9.0000E+00,      0.0000E+00,      8.4107E+02,      2.5267E+01,      1.1953E+02,      1.4618E+03,      1.4240E+02       
2.0000E-01,      4.7500E-01,      3.9000E-03,      9.0000E+00,      0.0000E+00,      8.0987E+02,      2.2933E+01,      1.1800E+02,      1.4299E+03,      1.3693E+02       
2.0000E-01,      4.7500E-01,      4.0000E-03,      9.0000E+00,      0.0000E+00,      8.4693E+02,      2.6533E+01,      1.2380E+02,      1.4653E+03,      1.4300E+02       
2.0000E-01,      5.0000E-01,      2.0000E-03,      9.0000E+00,      0.0000E+00,      8.8680E+02,      1.4067E+01,      1.2380E+02,      1.5107E+03,      1.5373E+02       
2.0000E-01,      5.0000E-01,      2.1000E-03,      9.0000E+00,      0.0000E+00,      8.8953E+02,      1.5733E+01,      1.1860E+02,      1.5083E+03,      1.4907E+02       
2.0000E-01,      5.0000E-01,      2.2000E-03,      9.0000E+00,      0.0000E+00,      8.3540E+02,      1.3067E+01,      1.2747E+02,      1.4355E+03,      1.3420E+02       
2.0000E-01,      5.0000E-01,      2.3000E-03,      9.0000E+00,      0.0000E+00,      8.4327E+02,      1.4333E+01,      1.2187E+02,      1.4500E+03,      1.4620E+02       
2.0000E-01,      5.0000E-01,      2.4000E-03,      9.0000E+00,      0.0000E+00,      8.7100E+02,      1.2733E+01,      1.2020E+02,      1.4841E+03,      1.4573E+02       
2.0000E-01,      5.0000E-01,      2.5000E-03,      9.0000E+00,      0.0000E+00,      8.8720E+02,      1.3800E+01,      1.2353E+02,      1.4985E+03,      1.4293E+02       
2.0000E-01,      5.0000E-01,      2.6000E-03,      9.0000E+00,      0.0000E+00,      8.5273E+02,      1.9867E+01,      1.2193E+02,      1.4677E+03,      1.4667E+02       
2.0000E-01,      5.0000E-01,      2.7000E-03,      9.0000E+00,      0.0000E+00,      8.8793E+02,      1.7600E+01,      1.2113E+02,      1.5009E+03,      1.4787E+02       
2.0000E-01,      5.0000E-01,      2.8000E-03,      9.0000E+00,      0.0000E+00,      8.9287E+02,      1.8867E+01,      1.2300E+02,      1.5123E+03,      1.4700E+02       
2.0000E-01,      5.0000E-01,      2.9000E-03,      9.0000E+00,      0.0000E+00,      8.7900E+02,      1.9467E+01,      1.2253E+02,      1.5040E+03,      1.4227E+02       
2.0000E-01,      5.0000E-01,      3.0000E-03,      9.0000E+00,      0.0000E+00,      9.0940E+02,      2.3933E+01,      1.2580E+02,      1.5268E+03,      1.5247E+02       
2.0000E-01,      5.0000E-01,      3.1000E-03,      9.0000E+00,      0.0000E+00,      9.2360E+02,      2.7333E+01,      1.3007E+02,      1.5451E+03,      1.4807E+02       
2.0000E-01,      5.0000E-01,      3.2000E-03,      9.0000E+00,      0.0000E+00,      8.7533E+02,      2.4200E+01,      1.1573E+02,      1.5023E+03,      1.5240E+02       
2.0000E-01,      5.0000E-01,      3.3000E-03,      9.0000E+00,      0.0000E+00,      8.5733E+02,      2.4000E+01,      1.2453E+02,      1.4848E+03,      1.3733E+02       
2.0000E-01,      5.0000E-01,      3.4000E-03,      9.0000E+00,      0.0000E+00,      8.6940E+02,      2.5667E+01,      1.2093E+02,      1.4939E+03,      1.4460E+02       
2.0000E-01,      5.0000E-01,      3.5000E-03,      9.0000E+00,      0.0000E+00,      9.0320E+02,      2.4867E+01,      1.1880E+02,      1.5321E+03,      1.5140E+02       
2.0000E-01,      5.0000E-01,      3.6000E-03,      9.0000E+00,      0.0000E+00,      8.8007E+02,      2.5800E+01,      1.2253E+02,      1.5003E+03,      1.4953E+02       
2.0000E-01,      5.0000E-01,      3.7000E-03,      9.0000E+00,      0.0000E+00,      9.2553E+02,      2.4800E+01,      1.3120E+02,      1.5439E+03,      1.5007E+02       
2.0000E-01,      5.0000E-01,      3.8000E-03,      9.0000E+00,      0.0000E+00,      9.0440E+02,      2.4867E+01,      1.2747E+02,      1.5266E+03,      1.5947E+02       
2.0000E-01,      5.0000E-01,      3.9000E-03,      9.0000E+00,      0.0000E+00,      9.1580E+02,      2.2667E+01,      1.2613E+02,      1.5437E+03,      1.4853E+02       
2.0000E-01,      5.0000E-01,      4.0000E-03,      9.0000E+00,      0.0000E+00,      8.8100E+02,      2.5067E+01,      1.2200E+02,      1.5063E+03,      1.4460E+02       
2.0000E-01,      5.2500E-01,      2.0000E-03,      9.0000E+00,      0.0000E+00,      9.3133E+02,      1.4000E+01,      1.2820E+02,      1.5543E+03,      1.5833E+02       
2.0000E-01,      5.2500E-01,      2.1000E-03,      9.0000E+00,      0.0000E+00,      9.0200E+02,      1.3733E+01,      1.2827E+02,      1.5183E+03,      1.5020E+02       
2.0000E-01,      5.2500E-01,      2.2000E-03,      9.0000E+00,      0.0000E+00,      9.2960E+02,      1.4000E+01,      1.2767E+02,      1.5457E+03,      1.6013E+02       
2.0000E-01,      5.2500E-01,      2.3000E-03,      9.0000E+00,      0.0000E+00,      8.9993E+02,      1.2733E+01,      1.2340E+02,      1.5123E+03,      1.4993E+02       
2.0000E-01,      5.2500E-01,      2.4000E-03,      9.0000E+00,      0.0000E+00,      9.3060E+02,      1.4733E+01,      1.2273E+02,      1.5528E+03,      1.4867E+02       
2.0000E-01,      5.2500E-01,      2.5000E-03,      9.0000E+00,      0.0000E+00,      9.1427E+02,      1.4733E+01,      1.2567E+02,      1.5218E+03,      1.5407E+02       
2.0000E-01,      5.2500E-01,      2.6000E-03,      9.0000E+00,      0.0000E+00,      9.4220E+02,      1.9667E+01,      1.2727E+02,      1.5776E+03,      1.6087E+02       
2.0000E-01,      5.2500E-01,      2.7000E-03,      9.0000E+00,      0.0000E+00,      9.3987E+02,      1.9533E+01,      1.2533E+02,      1.5649E+03,      1.6173E+02       
2.0000E-01,      5.2500E-01,      2.8000E-03,      9.0000E+00,      0.0000E+00,      9.1233E+02,      2.3133E+01,      1.2840E+02,      1.5351E+03,      1.6127E+02       
2.0000E-01,      5.2500E-01,      2.9000E-03,      9.0000E+00,      0.0000E+00,      9.4253E+02,      2.5467E+01,      1.3393E+02,      1.5767E+03,      1.6087E+02       
2.0000E-01,      5.2500E-01,      3.0000E-03,      9.0000E+00,      0.0000E+00,      9.0387E+02,      2.3200E+01,      1.2813E+02,      1.5244E+03,      1.5300E+02       
2.0000E-01,      5.2500E-01,      3.1000E-03,      9.0000E+00,      0.0000E+00,      9.6000E+02,      2.6600E+01,      1.2927E+02,      1.5855E+03,      1.5967E+02       
2.0000E-01,      5.2500E-01,      3.2000E-03,      9.0000E+00,      0.0000E+00,      9.8413E+02,      2.7800E+01,      1.2833E+02,      1.6066E+03,      1.6653E+02       
2.0000E-01,      5.2500E-01,      3.3000E-03,      9.0000E+00,      0.0000E+00,      9.0367E+02,      2.3533E+01,      1.2360E+02,      1.5395E+03,      1.5413E+02       
2.0000E-01,      5.2500E-01,      3.4000E-03,      9.0000E+00,      0.0000E+00,      9.3760E+02,      2.8800E+01,      1.2933E+02,      1.5622E+03,      1.5253E+02       
2.0000E-01,      5.2500E-01,      3.5000E-03,      9.0000E+00,      0.0000E+00,      9.3980E+02,      2.8600E+01,      1.3220E+02,      1.5664E+03,      1.6453E+02       
2.0000E-01,      5.2500E-01,      3.6000E-03,      9.0000E+00,      0.0000E+00,      9.6613E+02,      2.8067E+01,      1.3020E+02,      1.5924E+03,      1.6280E+02       
2.0000E-01,      5.2500E-01,      3.7000E-03,      9.0000E+00,      0.0000E+00,      9.4267E+02,      2.7267E+01,      1.3293E+02,      1.5693E+03,      1.5600E+02       
2.0000E-01,      5.2500E-01,      3.8000E-03,      9.0000E+00,      0.0000E+00,      9.6193E+02,      2.8867E+01,      1.3420E+02,      1.5970E+03,      1.5553E+02       
2.0000E-01,      5.2500E-01,      3.9000E-03,      9.0000E+00,      0.0000E+00,      9.6233E+02,      2.9467E+01,      1.2727E+02,      1.5864E+03,      1.6500E+02       
2.0000E-01,      5.2500E-01,      4.0000E-03,      9.0000E+00,      0.0000E+00,      9.6027E+02,      2.8133E+01,      1.3380E+02,      1.5914E+03,      1.6453E+02       
2.0000E-01,      5.5000E-01,      2.0000E-03,      9.0000E+00,      0.0000E+00,      9.8847E+02,      1.6733E+01,      1.3493E+02,      1.6155E+03,      1.6833E+02       
2.0000E-01,      5.5000E-01,      2.1000E-03,      9.0000E+00,      0.0000E+00,      9.5493E+02,      1.7267E+01,      1.3127E+02,      1.5785E+03,      1.6113E+02       
2.0000E-01,      5.5000E-01,      2.2000E-03,      9.0000E+00,      0.0000E+00,      9.7740E+02,      1.5800E+01,      1.2927E+02,      1.6073E+03,      1.6880E+02       
2.0000E-01,      5.5000E-01,      2.3000E-03,      9.0000E+00,      0.0000E+00,      1.0194E+03,      1.4733E+01,      1.3400E+02,      1.6459E+03,      1.6900E+02       
2.0000E-01,      5.5000E-01,      2.4000E-03,      9.0000E+00,      0.0000E+00,      1.0142E+03,      2.0267E+01,      1.3433E+02,      1.6366E+03,      1.7233E+02       
2.0000E-01,      5.5000E-01,      2.5000E-03,      9.0000E+00,      0.0000E+00,      1.0107E+03,      1.6000E+01,      1.3607E+02,      1.6391E+03,      1.7100E+02       
2.0000E-01,      5.5000E-01,      2.6000E-03,      9.0000E+00,      0.0000E+00,      1.0079E+03,      2.0600E+01,      1.3093E+02,      1.6444E+03,      1.7273E+02       
2.0000E-01,      5.5000E-01,      2.7000E-03,      9.0000E+00,      0.0000E+00,      1.0085E+03,      2.1067E+01,      1.3367E+02,      1.6377E+03,      1.6740E+02       
2.0000E-01,      5.5000E-01,      2.8000E-03,      9.0000E+00,      0.0000E+00,      1.0147E+03,      2.4133E+01,      1.3433E+02,      1.6417E+03,      1.6920E+02       
2.0000E-01,      5.5000E-01,      2.9000E-03,      9.0000E+00,      0.0000E+00,      9.9233E+02,      2.7533E+01,      1.2733E+02,      1.6319E+03,      1.6580E+02       
2.0000E-01,      5.5000E-01,      3.0000E-03,      9.0000E+00,      0.0000E+00,      1.0289E+03,      2.7067E+01,      1.3533E+02,      1.6673E+03,      1.7333E+02       
2.0000E-01,      5.5000E-01,      3.1000E-03,      9.0000E+00,      0.0000E+00,      9.9233E+02,      3.2000E+01,      1.3547E+02,      1.6273E+03,      1.5947E+02       
2.0000E-01,      5.5000E-01,      3.2000E-03,      9.0000E+00,      0.0000E+00,      9.8353E+02,      3.2067E+01,      1.3560E+02,      1.6245E+03,      1.6133E+02       
2.0000E-01,      5.5000E-01,      3.3000E-03,      9.0000E+00,      0.0000E+00,      1.0290E+03,      3.2333E+01,      1.3573E+02,      1.6649E+03,      1.7273E+02       
2.0000E-01,      5.5000E-01,      3.4000E-03,      9.0000E+00,      0.0000E+00,      1.0340E+03,      3.0800E+01,      1.3827E+02,      1.6684E+03,      1.7287E+02       
2.0000E-01,      5.5000E-01,      3.5000E-03,      9.0000E+00,      0.0000E+00,      1.0463E+03,      3.3800E+01,      1.4013E+02,      1.6819E+03,      1.8133E+02       
2.0000E-01,      5.5000E-01,      3.6000E-03,      9.0000E+00,      0.0000E+00,      1.0780E+03,      3.0467E+01,      1.3780E+02,      1.7107E+03,      1.7460E+02       
2.0000E-01,      5.5000E-01,      3.7000E-03,      9.0000E+00,      0.0000E+00,      9.7527E+02,      3.0200E+01,      1.3173E+02,      1.6216E+03,      1.6040E+02       
2.0000E-01,      5.5000E-01,      3.8000E-03,      9.0000E+00,      0.0000E+00,      1.0343E+03,      3.1000E+01,      1.3253E+02,      1.6687E+03,      1.7640E+02       
2.0000E-01,      5.5000E-01,      3.9000E-03,      9.0000E+00,      0.0000E+00,      1.0331E+03,      2.9067E+01,      1.3800E+02,      1.6652E+03,      1.7453E+02       
2.0000E-01,      5.5000E-01,      4.0000E-03,      9.0000E+00,      0.0000E+00,      1.0160E+03,      3.0733E+01,      1.3993E+02,      1.6389E+03,      1.6753E+02       
2.0000E-01,      5.7500E-01,      2.0000E-03,      9.0000E+00,      0.0000E+00,      1.0725E+03,      1.8667E+01,      1.3707E+02,      1.7020E+03,      1.7687E+02       
2.0000E-01,      5.7500E-01,      2.1000E-03,      9.0000E+00,      0.0000E+00,      1.0397E+03,      1.6933E+01,      1.3653E+02,      1.6752E+03,      1.7287E+02       
2.0000E-01,      5.7500E-01,      2.2000E-03,      9.0000E+00,      0.0000E+00,      1.0773E+03,      1.8467E+01,      1.4300E+02,      1.6996E+03,      1.7927E+02       
2.0000E-01,      5.7500E-01,      2.3000E-03,      9.0000E+00,      0.0000E+00,      1.0498E+03,      1.8000E+01,      1.4427E+02,      1.6696E+03,      1.7807E+02       
2.0000E-01,      5.7500E-01,      2.4000E-03,      9.0000E+00,      0.0000E+00,      1.0973E+03,      1.6533E+01,      1.4100E+02,      1.7207E+03,      1.8173E+02       
2.0000E-01,      5.7500E-01,      2.5000E-03,      9.0000E+00,      0.0000E+00,      1.0459E+03,      1.8133E+01,      1.4020E+02,      1.6719E+03,      1.7620E+02       
2.0000E-01,      5.7500E-01,      2.6000E-03,      9.0000E+00,      0.0000E+00,      1.0295E+03,      1.8867E+01,      1.3887E+02,      1.6574E+03,      1.7447E+02       
2.0000E-01,      5.7500E-01,      2.7000E-03,      9.0000E+00,      0.0000E+00,      1.0685E+03,      2.5667E+01,      1.3853E+02,      1.7063E+03,      1.7713E+02       
2.0000E-01,      5.7500E-01,      2.8000E-03,      9.0000E+00,      0.0000E+00,      1.1366E+03,      2.6067E+01,      1.4833E+02,      1.7610E+03,      1.7733E+02       
2.0000E-01,      5.7500E-01,      2.9000E-03,      9.0000E+00,      0.0000E+00,      1.0866E+03,      3.1333E+01,      1.5080E+02,      1.7173E+03,      1.8220E+02       
2.0000E-01,      5.7500E-01,      3.0000E-03,      9.0000E+00,      0.0000E+00,      1.0979E+03,      2.9600E+01,      1.3833E+02,      1.7430E+03,      1.8567E+02       
2.0000E-01,      5.7500E-01,      3.1000E-03,      9.0000E+00,      0.0000E+00,      1.0891E+03,      3.4267E+01,      1.4433E+02,      1.7368E+03,      1.8507E+02       
2.0000E-01,      5.7500E-01,      3.2000E-03,      9.0000E+00,      0.0000E+00,      1.0775E+03,      3.4533E+01,      1.4827E+02,      1.7195E+03,      1.7573E+02       
2.0000E-01,      5.7500E-01,      3.3000E-03,      9.0000E+00,      0.0000E+00,      1.1071E+03,      3.6200E+01,      1.4300E+02,      1.7448E+03,      1.7793E+02       
2.0000E-01,      5.7500E-01,      3.4000E-03,      9.0000E+00,      0.0000E+00,      1.0632E+03,      3.0933E+01,      1.4327E+02,      1.7003E+03,      1.7487E+02       
2.0000E-01,      5.7500E-01,      3.5000E-03,      9.0000E+00,      0.0000E+00,      1.0750E+03,      3.4467E+01,      1.3667E+02,      1.7223E+03,      1.8133E+02       
2.0000E-01,      5.7500E-01,      3.6000E-03,      9.0000E+00,      0.0000E+00,      1.1092E+03,      3.4533E+01,      1.4027E+02,      1.7522E+03,      1.8593E+02       
2.0000E-01,      5.7500E-01,      3.7000E-03,      9.0000E+00,      0.0000E+00,      1.0692E+03,      3.6400E+01,      1.4440E+02,      1.7054E+03,      1.7987E+02       
2.0000E-01,      5.7500E-01,      3.8000E-03,      9.0000E+00,      0.0000E+00,      1.1192E+03,      3.2533E+01,      1.4000E+02,      1.7719E+03,      1.8807E+02       
2.0000E-01,      5.7500E-01,      3.9000E-03,      9.0000E+00,      0.0000E+00,      1.1113E+03,      3.3267E+01,      1.4320E+02,      1.7493E+03,      1.8447E+02       
2.0000E-01,      5.7500E-01,      4.0000E-03,      9.0000E+00,      0.0000E+00,      1.1007E+03,      3.3133E+01,      1.4800E+02,      1.7449E+03,      1.9153E+02       
2.0000E-01,      6.0000E-01,      2.0000E-03,      9.0000E+00,      0.0000E+00,      1.1948E+03,      2.1600E+01,      1.5240E+02,      1.8271E+03,      1.9967E+02       
2.0000E-01,      6.0000E-01,      2.1000E-03,      9.0000E+00,      0.0000E+00,      1.1015E+03,      2.1667E+01,      1.4653E+02,      1.7379E+03,      1.8353E+02       
2.0000E-01,      6.0000E-01,      2.2000E-03,      9.0000E+00,      0.0000E+00,      1.1831E+03,      1.9267E+01,      1.4780E+02,      1.8106E+03,      1.9587E+02       
2.0000E-01,      6.0000E-01,      2.3000E-03,      9.0000E+00,      0.0000E+00,      1.1465E+03,      1.9933E+01,      1.4420E+02,      1.7769E+03,      1.9127E+02       
2.0000E-01,      6.0000E-01,      2.4000E-03,      9.0000E+00,      0.0000E+00,      1.1525E+03,      1.7867E+01,      1.5173E+02,      1.7781E+03,      1.9893E+02       
2.0000E-01,      6.0000E-01,      2.5000E-03,      9.0000E+00,      0.0000E+00,      1.1521E+03,      2.1600E+01,      1.4807E+02,      1.7811E+03,      1.9273E+02       
2.0000E-01,      6.0000E-01,      2.6000E-03,      9.0000E+00,      0.0000E+00,      1.1873E+03,      2.3867E+01,      1.4767E+02,      1.8161E+03,      1.9640E+02       
2.0000E-01,      6.0000E-01,      2.7000E-03,      9.0000E+00,      0.0000E+00,      1.1999E+03,      2.7000E+01,      1.4820E+02,      1.8413E+03,      1.9653E+02       
2.0000E-01,      6.0000E-01,      2.8000E-03,      9.0000E+00,      0.0000E+00,      1.2082E+03,      2.7800E+01,      1.5067E+02,      1.8416E+03,      1.9820E+02       
2.0000E-01,      6.0000E-01,      2.9000E-03,      9.0000E+00,      0.0000E+00,      1.1665E+03,      3.4333E+01,      1.4860E+02,      1.8144E+03,      1.8900E+02       
2.0000E-01,      6.0000E-01,      3.0000E-03,      9.0000E+00,      0.0000E+00,      1.1898E+03,      3.7533E+01,      1.5220E+02,      1.8287E+03,      1.9260E+02       
2.0000E-01,      6.0000E-01,      3.1000E-03,      9.0000E+00,      0.0000E+00,      1.1712E+03,      3.7600E+01,      1.5433E+02,      1.8081E+03,      1.9073E+02       
2.0000E-01,      6.0000E-01,      3.2000E-03,      9.0000E+00,      0.0000E+00,      1.2128E+03,      4.2467E+01,      1.5553E+02,      1.8569E+03,      2.0113E+02       
2.0000E-01,      6.0000E-01,      3.3000E-03,      9.0000E+00,      0.0000E+00,      1.2081E+03,      4.1467E+01,      1.5467E+02,      1.8601E+03,      1.9593E+02       
2.0000E-01,      6.0000E-01,      3.4000E-03,      9.0000E+00,      0.0000E+00,      1.2077E+03,      4.2267E+01,      1.5200E+02,      1.8585E+03,      1.9760E+02       
2.0000E-01,      6.0000E-01,      3.5000E-03,      9.0000E+00,      0.0000E+00,      1.1495E+03,      3.8533E+01,      1.5407E+02,      1.7901E+03,      1.9273E+02       
2.0000E-01,      6.0000E-01,      3.6000E-03,      9.0000E+00,      0.0000E+00,      1.1495E+03,      3.6800E+01,      1.4740E+02,      1.7999E+03,      1.8887E+02       
2.0000E-01,      6.0000E-01,      3.7000E-03,      9.0000E+00,      0.0000E+00,      1.1881E+03,      3.8333E+01,      1.5293E+02,      1.8321E+03,      1.9633E+02       
2.0000E-01,      6.0000E-01,      3.8000E-03,      9.0000E+00,      0.0000E+00,      1.1632E+03,      3.8600E+01,      1.4900E+02,      1.8110E+03,      1.9673E+02       
2.0000E-01,      6.0000E-01,      3.9000E-03,      9.0000E+00,      0.0000E+00,      1.2008E+03,      3.6733E+01,      1.5127E+02,      1.8384E+03,      2.0420E+02       
2.0000E-01,      6.0000E-01,      4.0000E-03,      9.0000E+00,      0.0000E+00,      1.1814E+03,      3.7467E+01,      1.5420E+02,      1.8301E+03,      1.9640E+02       
2.0000E-01,      6.2500E-01,      2.0000E-03,      9.0000E+00,      0.0000E+00,      1.2425E+03,      2.1933E+01,      1.5193E+02,      1.8809E+03,      2.0980E+02       
2.0000E-01,      6.2500E-01,      2.1000E-03,      9.0000E+00,      0.0000E+00,      1.2335E+03,      2.3533E+01,      1.5753E+02,      1.8667E+03,      2.0713E+02       
2.0000E-01,      6.2500E-01,      2.2000E-03,      9.0000E+00,      0.0000E+00,      1.2527E+03,      2.2333E+01,      1.6233E+02,      1.8704E+03,      2.0993E+02       
2.0000E-01,      6.2500E-01,      2.3000E-03,      9.0000E+00,      0.0000E+00,      1.2665E+03,      2.3267E+01,      1.6047E+02,      1.8943E+03,      2.0440E+02       
2.0000E-01,      6.2500E-01,      2.4000E-03,      9.0000E+00,      0.0000E+00,      1.2367E+03,      2.3933E+01,      1.5640E+02,      1.8714E+03,      2.0467E+02       
2.0000E-01,      6.2500E-01,      2.5000E-03,      9.0000E+00,      0.0000E+00,      1.1964E+03,      2.5133E+01,      1.5493E+02,      1.8360E+03,      2.0200E+02       
2.0000E-01,      6.2500E-01,      2.6000E-03,      9.0000E+00,      0.0000E+00,      1.2435E+03,      2.7200E+01,      1.5460E+02,      1.8896E+03,      2.0367E+02       
2.0000E-01,      6.2500E-01,      2.7000E-03,      9.0000E+00,      0.0000E+00,      1.2743E+03,      3.0733E+01,      1.5387E+02,      1.9218E+03,      2.1047E+02       
2.0000E-01,      6.2500E-01,      2.8000E-03,      9.0000E+00,      0.0000E+00,      1.2500E+03,      3.3200E+01,      1.6347E+02,      1.8887E+03,      2.1187E+02       
2.0000E-01,      6.2500E-01,      2.9000E-03,      9.0000E+00,      0.0000E+00,      1.2539E+03,      3.7933E+01,      1.5753E+02,      1.9030E+03,      2.0900E+02       
2.0000E-01,      6.2500E-01,      3.0000E-03,      9.0000E+00,      0.0000E+00,      1.2873E+03,      3.9667E+01,      1.5360E+02,      1.9443E+03,      2.1787E+02       
2.0000E-01,      6.2500E-01,      3.1000E-03,      9.0000E+00,      0.0000E+00,      1.3000E+03,      4.5533E+01,      1.5960E+02,      1.9485E+03,      2.1633E+02       
2.0000E-01,      6.2500E-01,      3.2000E-03,      9.0000E+00,      0.0000E+00,      1.2815E+03,      4.4267E+01,      1.6220E+02,      1.9343E+03,      2.1000E+02       
2.0000E-01,      6.2500E-01,      3.3000E-03,      9.0000E+00,      0.0000E+00,      1.2542E+03,      4.1400E+01,      1.6033E+02,      1.9074E+03,      2.0647E+02       
2.0000E-01,      6.2500E-01,      3.4000E-03,      9.0000E+00,      0.0000E+00,      1.2886E+03,      4.3933E+01,      1.6193E+02,      1.9445E+03,      2.1007E+02       
2.0000E-01,      6.2500E-01,      3.5000E-03,      9.0000E+00,      0.0000E+00,      1.2715E+03,      4.1000E+01,      1.5693E+02,      1.9151E+03,      2.1327E+02       
2.0000E-01,      6.2500E-01,      3.6000E-03,      9.0000E+00,      0.0000E+00,      1.3045E+03,      4.2067E+01,      1.6387E+02,      1.9583E+03,      2.1847E+02       
2.0000E-01,      6.2500E-01,      3.7000E-03,      9.0000E+00,      0.0000E+00,      1.2625E+03,      4.1200E+01,      1.5933E+02,      1.9080E+03,      2.1260E+02       
2.0000E-01,      6.2500E-01,      3.8000E-03,      8.9333E+00,      2.5820E-01,      1.3179E+03,      4.4000E+01,      1.6707E+02,      1.9549E+03,      2.2147E+02       
2.0000E-01,      6.2500E-01,      3.9000E-03,      9.0000E+00,      0.0000E+00,      1.2975E+03,      4.2533E+01,      1.6260E+02,      1.9547E+03,      2.2000E+02       
2.0000E-01,      6.2500E-01,      4.0000E-03,      9.0000E+00,      0.0000E+00,      1.2653E+03,      4.2267E+01,      1.6167E+02,      1.9139E+03,      2.1020E+02       
2.0000E-01,      6.5000E-01,      2.0000E-03,      9.0000E+00,      0.0000E+00,      1.4199E+03,      2.6067E+01,      1.7433E+02,      2.0541E+03,      2.3127E+02       
2.0000E-01,      6.5000E-01,      2.1000E-03,      9.0000E+00,      0.0000E+00,      1.3330E+03,      2.5667E+01,      1.6113E+02,      1.9807E+03,      2.1953E+02       
2.0000E-01,      6.5000E-01,      2.2000E-03,      9.0000E+00,      0.0000E+00,      1.4068E+03,      2.5667E+01,      1.6807E+02,      2.0480E+03,      2.3373E+02       
2.0000E-01,      6.5000E-01,      2.3000E-03,      9.0000E+00,      0.0000E+00,      1.3200E+03,      2.4467E+01,      1.6287E+02,      1.9490E+03,      2.1353E+02       
2.0000E-01,      6.5000E-01,      2.4000E-03,      9.0000E+00,      0.0000E+00,      1.3668E+03,      2.7467E+01,      1.6867E+02,      2.0021E+03,      2.3473E+02       
2.0000E-01,      6.5000E-01,      2.5000E-03,      9.0000E+00,      0.0000E+00,      1.3451E+03,      2.5467E+01,      1.5947E+02,      1.9838E+03,      2.1447E+02       
2.0000E-01,      6.5000E-01,      2.6000E-03,      9.0000E+00,      0.0000E+00,      1.3095E+03,      2.7067E+01,      1.6900E+02,      1.9382E+03,      2.2180E+02       
2.0000E-01,      6.5000E-01,      2.7000E-03,      9.0000E+00,      0.0000E+00,      1.3833E+03,      3.3533E+01,      1.7027E+02,      2.0257E+03,      2.2900E+02       
2.0000E-01,      6.5000E-01,      2.8000E-03,      8.9333E+00,      2.5820E-01,      1.3791E+03,      3.5400E+01,      1.7247E+02,      2.0221E+03,      2.2833E+02       
2.0000E-01,      6.5000E-01,      2.9000E-03,      9.0000E+00,      0.0000E+00,      1.3581E+03,      4.1067E+01,      1.7113E+02,      2.0008E+03,      2.3233E+02       
2.0000E-01,      6.5000E-01,      3.0000E-03,      9.0000E+00,      0.0000E+00,      1.3897E+03,      4.5200E+01,      1.7060E+02,      2.0453E+03,      2.2580E+02       
2.0000E-01,      6.5000E-01,      3.1000E-03,      8.9333E+00,      2.5820E-01,      1.3810E+03,      4.5000E+01,      1.6440E+02,      2.0311E+03,      2.2673E+02       
2.0000E-01,      6.5000E-01,      3.2000E-03,      9.0000E+00,      0.0000E+00,      1.3884E+03,      4.8267E+01,      1.6660E+02,      2.0445E+03,      2.4213E+02       
2.0000E-01,      6.5000E-01,      3.3000E-03,      9.0000E+00,      0.0000E+00,      1.4494E+03,      4.6867E+01,      1.6833E+02,      2.0942E+03,      2.4887E+02       
2.0000E-01,      6.5000E-01,      3.4000E-03,      9.0000E+00,      0.0000E+00,      1.3373E+03,      4.7933E+01,      1.6940E+02,      1.9797E+03,      2.1107E+02       
2.0000E-01,      6.5000E-01,      3.5000E-03,      9.0000E+00,      0.0000E+00,      1.3442E+03,      4.6800E+01,      1.6833E+02,      1.9959E+03,      2.2320E+02       
2.0000E-01,      6.5000E-01,      3.6000E-03,      9.0000E+00,      0.0000E+00,      1.3680E+03,      4.5533E+01,      1.7147E+02,      2.0166E+03,      2.2540E+02       
2.0000E-01,      6.5000E-01,      3.7000E-03,      8.9333E+00,      2.5820E-01,      1.4092E+03,      4.7867E+01,      1.7120E+02,      2.0490E+03,      2.2493E+02       
2.0000E-01,      6.5000E-01,      3.8000E-03,      9.0000E+00,      0.0000E+00,      1.3460E+03,      4.7200E+01,      1.7253E+02,      1.9903E+03,      2.2107E+02       
2.0000E-01,      6.5000E-01,      3.9000E-03,      9.0000E+00,      0.0000E+00,      1.3311E+03,      4.6533E+01,      1.6987E+02,      1.9973E+03,      2.2433E+02       
2.0000E-01,      6.5000E-01,      4.0000E-03,      8.9333E+00,      2.5820E-01,      1.4566E+03,      5.1800E+01,      1.7440E+02,      2.1118E+03,      2.4313E+02       
2.0000E-01,      6.7500E-01,      2.0000E-03,      9.0000E+00,      0.0000E+00,      1.4258E+03,      2.9400E+01,      1.6880E+02,      2.0626E+03,      2.4593E+02       
2.0000E-01,      6.7500E-01,      2.1000E-03,      8.9333E+00,      2.5820E-01,      1.3935E+03,      2.8000E+01,      1.7480E+02,      2.0271E+03,      2.2120E+02       
2.0000E-01,      6.7500E-01,      2.2000E-03,      9.0000E+00,      0.0000E+00,      1.4705E+03,      2.6533E+01,      1.7573E+02,      2.1041E+03,      2.4600E+02       
2.0000E-01,      6.7500E-01,      2.3000E-03,      9.0000E+00,      0.0000E+00,      1.3895E+03,      2.7133E+01,      1.7273E+02,      2.0245E+03,      2.4067E+02       
2.0000E-01,      6.7500E-01,      2.4000E-03,      8.9333E+00,      2.5820E-01,      1.4673E+03,      2.9600E+01,      1.7267E+02,      2.1035E+03,      2.4553E+02       
2.0000E-01,      6.7500E-01,      2.5000E-03,      9.0000E+00,      0.0000E+00,      1.4052E+03,      2.7400E+01,      1.7600E+02,      2.0271E+03,      2.3460E+02       
2.0000E-01,      6.7500E-01,      2.6000E-03,      8.8667E+00,      3.5187E-01,      1.4704E+03,      3.4667E+01,      1.7847E+02,      2.1010E+03,      2.3920E+02       
2.0000E-01,      6.7500E-01,      2.7000E-03,      8.7333E+00,      4.5774E-01,      1.5031E+03,      4.0067E+01,      1.7633E+02,      2.1421E+03,      2.4753E+02       
2.0000E-01,      6.7500E-01,      2.8000E-03,      9.0000E+00,      0.0000E+00,      1.4108E+03,      3.8267E+01,      1.7200E+02,      2.0531E+03,      2.3573E+02       
2.0000E-01,      6.7500E-01,      2.9000E-03,      8.6000E+00,      6.3246E-01,      1.4957E+03,      4.7867E+01,      1.7727E+02,      2.1378E+03,      2.4213E+02       
2.0000E-01,      6.7500E-01,      3.0000E-03,      8.8000E+00,      4.1404E-01,      1.5040E+03,      4.8000E+01,      1.6980E+02,      2.1549E+03,      2.4820E+02       
2.0000E-01,      6.7500E-01,      3.1000E-03,      8.6000E+00,      5.0709E-01,      1.4854E+03,      5.5533E+01,      1.8727E+02,      2.1411E+03,      2.5667E+02       
2.0000E-01,      6.7500E-01,      3.2000E-03,      8.7333E+00,      4.5774E-01,      1.4318E+03,      5.2133E+01,      1.7640E+02,      2.0779E+03,      2.3367E+02       
2.0000E-01,      6.7500E-01,      3.3000E-03,      8.7333E+00,      4.5774E-01,      1.4729E+03,      5.3800E+01,      1.7993E+02,      2.1328E+03,      2.5173E+02       
2.0000E-01,      6.7500E-01,      3.4000E-03,      8.8667E+00,      3.5187E-01,      1.4827E+03,      5.4333E+01,      1.8193E+02,      2.1305E+03,      2.4893E+02       
2.0000E-01,      6.7500E-01,      3.5000E-03,      8.8000E+00,      4.1404E-01,      1.4881E+03,      5.2867E+01,      1.7827E+02,      2.1387E+03,      2.5433E+02       
2.0000E-01,      6.7500E-01,      3.6000E-03,      8.6667E+00,      4.8795E-01,      1.5059E+03,      5.4533E+01,      1.8047E+02,      2.1500E+03,      2.4780E+02       
2.0000E-01,      6.7500E-01,      3.7000E-03,      8.7333E+00,      4.5774E-01,      1.4640E+03,      5.3133E+01,      1.7560E+02,      2.1191E+03,      2.4060E+02       
2.0000E-01,      6.7500E-01,      3.8000E-03,      8.7333E+00,      4.5774E-01,      1.4952E+03,      5.3000E+01,      1.8260E+02,      2.1507E+03,      2.4893E+02       
2.0000E-01,      6.7500E-01,      3.9000E-03,      8.8000E+00,      4.1404E-01,      1.5115E+03,      5.8400E+01,      1.8087E+02,      2.1603E+03,      2.3607E+02       
2.0000E-01,      6.7500E-01,      4.0000E-03,      8.4000E+00,      6.3246E-01,      1.4333E+03,      5.3667E+01,      1.8100E+02,      2.0639E+03,      2.2847E+02       
2.0000E-01,      7.0000E-01,      2.0000E-03,      8.4667E+00,      6.3994E-01,      1.5291E+03,      2.9267E+01,      1.8280E+02,      2.1536E+03,      2.4960E+02       
2.0000E-01,      7.0000E-01,      2.1000E-03,      8.8000E+00,      4.1404E-01,      1.5372E+03,      3.0800E+01,      1.8233E+02,      2.1750E+03,      2.5253E+02       
2.0000E-01,      7.0000E-01,      2.2000E-03,      8.6000E+00,      6.3246E-01,      1.5077E+03,      3.1933E+01,      1.8527E+02,      2.1139E+03,      2.4673E+02       
2.0000E-01,      7.0000E-01,      2.3000E-03,      8.8000E+00,      4.1404E-01,      1.5467E+03,      3.1667E+01,      1.8393E+02,      2.1773E+03,      2.6240E+02       
2.0000E-01,      7.0000E-01,      2.4000E-03,      8.6000E+00,      5.0709E-01,      1.5250E+03,      3.0400E+01,      1.7793E+02,      2.1498E+03,      2.4360E+02       
2.0000E-01,      7.0000E-01,      2.5000E-03,      8.6667E+00,      4.8795E-01,      1.5097E+03,      3.0667E+01,      1.8200E+02,      2.1435E+03,      2.4213E+02       
2.0000E-01,      7.0000E-01,      2.6000E-03,      8.7333E+00,      4.5774E-01,      1.5331E+03,      3.6667E+01,      1.8607E+02,      2.1595E+03,      2.5233E+02       
2.0000E-01,      7.0000E-01,      2.7000E-03,      8.4000E+00,      6.3246E-01,      1.5383E+03,      4.1267E+01,      1.8820E+02,      2.1647E+03,      2.5073E+02       
2.0000E-01,      7.0000E-01,      2.8000E-03,      8.5333E+00,      6.3994E-01,      1.5193E+03,      4.6600E+01,      1.8807E+02,      2.1527E+03,      2.5820E+02       
2.0000E-01,      7.0000E-01,      2.9000E-03,      8.1333E+00,      7.4322E-01,      1.5219E+03,      5.1467E+01,      1.8773E+02,      2.1532E+03,      2.4607E+02       
2.0000E-01,      7.0000E-01,      3.0000E-03,      8.2000E+00,      8.6189E-01,      1.5056E+03,      5.3267E+01,      1.8960E+02,      2.1168E+03,      2.4087E+02       
2.0000E-01,      7.0000E-01,      3.1000E-03,      8.2000E+00,      7.7460E-01,      1.4751E+03,      5.8867E+01,      1.9280E+02,      2.0891E+03,      2.3973E+02       
2.0000E-01,      7.0000E-01,      3.2000E-03,      8.3333E+00,      7.2375E-01,      1.5373E+03,      5.6000E+01,      1.8387E+02,      2.1703E+03,      2.5053E+02       
2.0000E-01,      7.0000E-01,      3.3000E-03,      8.4667E+00,      6.3994E-01,      1.5163E+03,      5.6867E+01,      1.8987E+02,      2.1527E+03,      2.4993E+02       
2.0000E-01,      7.0000E-01,      3.4000E-03,      8.2667E+00,      5.9362E-01,      1.5456E+03,      5.8800E+01,      1.8847E+02,      2.1691E+03,      2.4707E+02       
2.0000E-01,      7.0000E-01,      3.5000E-03,      8.2000E+00,      6.7612E-01,      1.5671E+03,      5.9600E+01,      1.8540E+02,      2.1895E+03,      2.5447E+02       
2.0000E-01,      7.0000E-01,      3.6000E-03,      8.2000E+00,      9.4112E-01,      1.5273E+03,      5.7400E+01,      1.8913E+02,      2.1436E+03,      2.5587E+02       
2.0000E-01,      7.0000E-01,      3.7000E-03,      8.4000E+00,      6.3246E-01,      1.5001E+03,      6.1333E+01,      1.8493E+02,      2.1359E+03,      2.4387E+02       
2.0000E-01,      7.0000E-01,      3.8000E-03,      8.6000E+00,      7.3679E-01,      1.5247E+03,      5.9200E+01,      1.8367E+02,      2.1620E+03,      2.4300E+02       
2.0000E-01,      7.0000E-01,      3.9000E-03,      8.4667E+00,      5.1640E-01,      1.5209E+03,      5.5733E+01,      1.8913E+02,      2.1500E+03,      2.5293E+02       
2.0000E-01,      7.0000E-01,      4.0000E-03,      8.0000E+00,      1.0690E+00,      1.4388E+03,      5.7733E+01,      1.8040E+02,      2.0431E+03,      2.3787E+02       
2.0000E-01,      7.2500E-01,      2.0000E-03,      8.1333E+00,      5.1640E-01,      1.5715E+03,      3.3267E+01,      1.9220E+02,      2.1757E+03,      2.5373E+02       
2.0000E-01,      7.2500E-01,      2.1000E-03,      8.0667E+00,      8.8372E-01,      1.5576E+03,      3.5333E+01,      1.9453E+02,      2.1517E+03,      2.5347E+02       
2.0000E-01,      7.2500E-01,      2.2000E-03,      7.5333E+00,      8.3381E-01,      1.4811E+03,      3.6000E+01,      1.8620E+02,      2.0431E+03,      2.3800E+02       
2.0000E-01,      7.2500E-01,      2.3000E-03,      8.0000E+00,      7.5593E-01,      1.5164E+03,      3.3600E+01,      1.9120E+02,      2.0898E+03,      2.4833E+02       
2.0000E-01,      7.2500E-01,      2.4000E-03,      8.4000E+00,      5.0709E-01,      1.5501E+03,      3.2800E+01,      1.9400E+02,      2.1507E+03,      2.5213E+02       
2.0000E-01,      7.2500E-01,      2.5000E-03,      7.8667E+00,      9.1548E-01,      1.5295E+03,      3.2533E+01,      1.9127E+02,      2.1065E+03,      2.5360E+02       
2.0000E-01,      7.2500E-01,      2.6000E-03,      7.9333E+00,      9.6115E-01,      1.5361E+03,      3.9000E+01,      1.9173E+02,      2.1197E+03,      2.3967E+02       
2.0000E-01,      7.2500E-01,      2.7000E-03,      7.7333E+00,      7.9881E-01,      1.4928E+03,      4.8000E+01,      1.8987E+02,      2.0753E+03,      2.4553E+02       
2.0000E-01,      7.2500E-01,      2.8000E-03,      7.8000E+00,      7.7460E-01,      1.4863E+03,      4.9533E+01,      1.8967E+02,      2.0743E+03,      2.4553E+02       
2.0000E-01,      7.2500E-01,      2.9000E-03,      7.6000E+00,      8.2808E-01,      1.5135E+03,      5.6200E+01,      1.8880E+02,      2.0921E+03,      2.4300E+02       
2.0000E-01,      7.2500E-01,      3.0000E-03,      7.7333E+00,      8.8372E-01,      1.5235E+03,      5.7267E+01,      1.9407E+02,      2.1178E+03,      2.4307E+02       
2.0000E-01,      7.2500E-01,      3.1000E-03,      7.4667E+00,      7.4322E-01,      1.4373E+03,      6.3733E+01,      1.9327E+02,      2.0149E+03,      2.2767E+02       
2.0000E-01,      7.2500E-01,      3.2000E-03,      7.5333E+00,      7.4322E-01,      1.4693E+03,      6.2667E+01,      1.8673E+02,      2.0568E+03,      2.3547E+02       
2.0000E-01,      7.2500E-01,      3.3000E-03,      7.6667E+00,      8.9974E-01,      1.4487E+03,      6.5467E+01,      1.8820E+02,      2.0386E+03,      2.3293E+02       
2.0000E-01,      7.2500E-01,      3.4000E-03,      7.2667E+00,      5.9362E-01,      1.4653E+03,      6.3867E+01,      1.9787E+02,      2.0383E+03,      2.2807E+02       
2.0000E-01,      7.2500E-01,      3.5000E-03,      8.0667E+00,      5.9362E-01,      1.5651E+03,      6.3267E+01,      1.9613E+02,      2.1811E+03,      2.4647E+02       
2.0000E-01,      7.2500E-01,      3.6000E-03,      7.8000E+00,      7.7460E-01,      1.4613E+03,      6.4533E+01,      1.8847E+02,      2.0574E+03,      2.3273E+02       
2.0000E-01,      7.2500E-01,      3.7000E-03,      7.3333E+00,      8.1650E-01,      1.4714E+03,      6.3067E+01,      1.8987E+02,      2.0559E+03,      2.3393E+02       
2.0000E-01,      7.2500E-01,      3.8000E-03,      7.5333E+00,      8.3381E-01,      1.3891E+03,      6.6000E+01,      1.9900E+02,      1.9553E+03,      2.1833E+02       
2.0000E-01,      7.2500E-01,      3.9000E-03,      7.2000E+00,      9.4112E-01,      1.4153E+03,      6.5800E+01,      1.9093E+02,      1.9876E+03,      2.2140E+02       
2.0000E-01,      7.2500E-01,      4.0000E-03,      7.4667E+00,      7.4322E-01,      1.4353E+03,      5.8800E+01,      1.9347E+02,      1.9963E+03,      2.1667E+02       
2.0000E-01,      7.5000E-01,      2.0000E-03,      7.8000E+00,      5.6061E-01,      1.5218E+03,      3.2733E+01,      1.9127E+02,      2.0944E+03,      2.3373E+02       
2.0000E-01,      7.5000E-01,      2.1000E-03,      7.2667E+00,      7.9881E-01,      1.4671E+03,      3.5800E+01,      1.9220E+02,      2.0040E+03,      2.3373E+02       
2.0000E-01,      7.5000E-01,      2.2000E-03,      7.0000E+00,      5.3452E-01,      1.4220E+03,      3.4133E+01,      1.9567E+02,      1.9324E+03,      2.2033E+02       
2.0000E-01,      7.5000E-01,      2.3000E-03,      7.5333E+00,      9.1548E-01,      1.4661E+03,      3.4933E+01,      1.9693E+02,      2.0152E+03,      2.3733E+02       
2.0000E-01,      7.5000E-01,      2.4000E-03,      7.2667E+00,      1.0328E+00,      1.3789E+03,      3.6600E+01,      1.8887E+02,      1.9157E+03,      2.1433E+02       
2.0000E-01,      7.5000E-01,      2.5000E-03,      7.3333E+00,      8.9974E-01,      1.4035E+03,      3.5600E+01,      1.8633E+02,      1.9487E+03,      2.1487E+02       
2.0000E-01,      7.5000E-01,      2.6000E-03,      7.0000E+00,      1.0690E+00,      1.3880E+03,      4.3600E+01,      1.9340E+02,      1.8954E+03,      2.1013E+02       
2.0000E-01,      7.5000E-01,      2.7000E-03,      7.0667E+00,      7.0373E-01,      1.4140E+03,      4.7333E+01,      1.8673E+02,      1.9555E+03,      2.0647E+02       
2.0000E-01,      7.5000E-01,      2.8000E-03,      7.0667E+00,      7.9881E-01,      1.4207E+03,      4.9400E+01,      1.9380E+02,      1.9543E+03,      2.2013E+02       
2.0000E-01,      7.5000E-01,      2.9000E-03,      6.9333E+00,      9.6115E-01,      1.4056E+03,      5.8133E+01,      1.9747E+02,      1.9451E+03,      2.1507E+02       
2.0000E-01,      7.5000E-01,      3.0000E-03,      6.8667E+00,      9.1548E-01,      1.3780E+03,      6.0533E+01,      1.9333E+02,      1.8991E+03,      2.1347E+02       
2.0000E-01,      7.5000E-01,      3.1000E-03,      6.8000E+00,      5.6061E-01,      1.3849E+03,      6.3933E+01,      1.9427E+02,      1.9151E+03,      2.1200E+02       
2.0000E-01,      7.5000E-01,      3.2000E-03,      6.9333E+00,      7.9881E-01,      1.3708E+03,      6.3333E+01,      1.9633E+02,      1.8991E+03,      2.1107E+02       
2.0000E-01,      7.5000E-01,      3.3000E-03,      6.9333E+00,      4.5774E-01,      1.3283E+03,      6.4200E+01,      1.9087E+02,      1.8569E+03,      1.9687E+02       
2.0000E-01,      7.5000E-01,      3.4000E-03,      7.2000E+00,      7.7460E-01,      1.4162E+03,      6.4200E+01,      1.9653E+02,      1.9613E+03,      2.1420E+02       
2.0000E-01,      7.5000E-01,      3.5000E-03,      6.4000E+00,      1.2984E+00,      1.2651E+03,      6.8400E+01,      1.9213E+02,      1.7574E+03,      1.7940E+02       
2.0000E-01,      7.5000E-01,      3.6000E-03,      6.7333E+00,      7.9881E-01,      1.2886E+03,      6.7400E+01,      1.8987E+02,      1.8070E+03,      1.9067E+02       
2.0000E-01,      7.5000E-01,      3.7000E-03,      6.8000E+00,      1.0823E+00,      1.3489E+03,      6.2067E+01,      1.8840E+02,      1.8753E+03,      1.9873E+02       
2.0000E-01,      7.5000E-01,      3.8000E-03,      6.7333E+00,      8.8372E-01,      1.3395E+03,      6.4933E+01,      1.9887E+02,      1.8563E+03,      1.9880E+02       
2.0000E-01,      7.5000E-01,      3.9000E-03,      6.6667E+00,      8.9974E-01,      1.3155E+03,      6.4067E+01,      1.9533E+02,      1.8152E+03,      1.9693E+02       
2.0000E-01,      7.5000E-01,      4.0000E-03,      6.8667E+00,      9.9043E-01,      1.3739E+03,      6.7667E+01,      1.9360E+02,      1.8925E+03,      1.9893E+02       
2.0000E-01,      7.7500E-01,      2.0000E-03,      6.5333E+00,      9.1548E-01,      1.3201E+03,      3.6667E+01,      1.9440E+02,      1.7982E+03,      1.9533E+02       
2.0000E-01,      7.7500E-01,      2.1000E-03,      6.4000E+00,      5.0709E-01,      1.3410E+03,      3.7533E+01,      1.8800E+02,      1.8196E+03,      2.0080E+02       
2.0000E-01,      7.7500E-01,      2.2000E-03,      6.0000E+00,      8.4515E-01,      1.3253E+03,      3.4467E+01,      1.8453E+02,      1.7741E+03,      1.9620E+02       
2.0000E-01,      7.7500E-01,      2.3000E-03,      6.4667E+00,      8.3381E-01,      1.3120E+03,      3.6067E+01,      1.9180E+02,      1.7885E+03,      1.9727E+02       
2.0000E-01,      7.7500E-01,      2.4000E-03,      6.6667E+00,      7.2375E-01,      1.3644E+03,      3.6000E+01,      1.9527E+02,      1.8701E+03,      1.9773E+02       
2.0000E-01,      7.7500E-01,      2.5000E-03,      6.2000E+00,      6.7612E-01,      1.2934E+03,      3.7200E+01,      1.8867E+02,      1.7602E+03,      1.8420E+02       
2.0000E-01,      7.7500E-01,      2.6000E-03,      6.4000E+00,      6.3246E-01,      1.3381E+03,      4.6800E+01,      1.9233E+02,      1.8152E+03,      1.9347E+02       
2.0000E-01,      7.7500E-01,      2.7000E-03,      6.2000E+00,      7.7460E-01,      1.2893E+03,      4.9733E+01,      1.9500E+02,      1.7615E+03,      1.8360E+02       
2.0000E-01,      7.7500E-01,      2.8000E-03,      6.4667E+00,      8.3381E-01,      1.3191E+03,      5.2667E+01,      1.9007E+02,      1.8106E+03,      1.9220E+02       
2.0000E-01,      7.7500E-01,      2.9000E-03,      6.3333E+00,      9.7590E-01,      1.2884E+03,      6.2800E+01,      1.9800E+02,      1.7788E+03,      1.9480E+02       
2.0000E-01,      7.7500E-01,      3.0000E-03,      6.0667E+00,      8.8372E-01,      1.2567E+03,      6.6200E+01,      1.9387E+02,      1.7284E+03,      1.7620E+02       
2.0000E-01,      7.7500E-01,      3.1000E-03,      6.4000E+00,      1.0556E+00,      1.2821E+03,      6.8600E+01,      1.9100E+02,      1.7806E+03,      1.9400E+02       
2.0000E-01,      7.7500E-01,      3.2000E-03,      5.9333E+00,      7.0373E-01,      1.2537E+03,      7.0867E+01,      1.8933E+02,      1.7181E+03,      1.7347E+02       
2.0000E-01,      7.7500E-01,      3.3000E-03,      6.1333E+00,      7.4322E-01,      1.2360E+03,      6.8267E+01,      1.9340E+02,      1.7025E+03,      1.7380E+02       
2.0000E-01,      7.7500E-01,      3.4000E-03,      5.9333E+00,      9.6115E-01,      1.2331E+03,      7.2067E+01,      1.9440E+02,      1.6920E+03,      1.7547E+02       
2.0000E-01,      7.7500E-01,      3.5000E-03,      5.6000E+00,      8.2808E-01,      1.1465E+03,      7.2067E+01,      1.9127E+02,      1.5880E+03,      1.5493E+02       
2.0000E-01,      7.7500E-01,      3.6000E-03,      5.8667E+00,      5.1640E-01,      1.2655E+03,      6.9600E+01,      1.9647E+02,      1.7249E+03,      1.8093E+02       
2.0000E-01,      7.7500E-01,      3.7000E-03,      6.0000E+00,      8.4515E-01,      1.2393E+03,      6.6333E+01,      1.9740E+02,      1.6853E+03,      1.7293E+02       
2.0000E-01,      7.7500E-01,      3.8000E-03,      5.8667E+00,      9.1548E-01,      1.2040E+03,      7.1067E+01,      1.9247E+02,      1.6590E+03,      1.7347E+02       
2.0000E-01,      7.7500E-01,      3.9000E-03,      6.0667E+00,      4.5774E-01,      1.2502E+03,      6.6800E+01,      1.9520E+02,      1.7173E+03,      1.7580E+02       
2.0000E-01,      7.7500E-01,      4.0000E-03,      6.1333E+00,      9.1548E-01,      1.2275E+03,      6.9667E+01,      1.9873E+02,      1.6926E+03,      1.7380E+02       
2.0000E-01,      8.0000E-01,      2.0000E-03,      5.6667E+00,      7.2375E-01,      1.2509E+03,      4.0333E+01,      1.9207E+02,      1.6707E+03,      1.7813E+02       
2.0000E-01,      8.0000E-01,      2.1000E-03,      5.8667E+00,      9.9043E-01,      1.2431E+03,      3.6133E+01,      1.9580E+02,      1.6418E+03,      1.6520E+02       
2.0000E-01,      8.0000E-01,      2.2000E-03,      5.8000E+00,      6.7612E-01,      1.2507E+03,      3.6533E+01,      1.9333E+02,      1.6667E+03,      1.8080E+02       
2.0000E-01,      8.0000E-01,      2.3000E-03,      6.0000E+00,      6.5465E-01,      1.2639E+03,      3.6933E+01,      1.9640E+02,      1.7051E+03,      1.7920E+02       
2.0000E-01,      8.0000E-01,      2.4000E-03,      5.5333E+00,      9.1548E-01,      1.1841E+03,      3.6667E+01,      1.8600E+02,      1.5935E+03,      1.6400E+02       
2.0000E-01,      8.0000E-01,      2.5000E-03,      5.9333E+00,      5.9362E-01,      1.2829E+03,      3.9600E+01,      1.9867E+02,      1.7123E+03,      1.8093E+02       
2.0000E-01,      8.0000E-01,      2.6000E-03,      5.5333E+00,      9.9043E-01,      1.1627E+03,      4.8000E+01,      1.9420E+02,      1.5649E+03,      1.5507E+02       
2.0000E-01,      8.0000E-01,      2.7000E-03,      5.5333E+00,      5.1640E-01,      1.1623E+03,      4.9933E+01,      1.9360E+02,      1.5739E+03,      1.6140E+02       
2.0000E-01,      8.0000E-01,      2.8000E-03,      5.7333E+00,      7.9881E-01,      1.1737E+03,      5.4533E+01,      1.9500E+02,      1.5985E+03,      1.6173E+02       
2.0000E-01,      8.0000E-01,      2.9000E-03,      5.4000E+00,      6.3246E-01,      1.1339E+03,      6.7000E+01,      1.8207E+02,      1.5386E+03,      1.4180E+02       
2.0000E-01,      8.0000E-01,      3.0000E-03,      5.5333E+00,      7.4322E-01,      1.1217E+03,      6.8267E+01,      1.9140E+02,      1.5397E+03,      1.5007E+02       
2.0000E-01,      8.0000E-01,      3.1000E-03,      5.1333E+00,      8.3381E-01,      1.1503E+03,      7.3600E+01,      1.9313E+02,      1.5537E+03,      1.5280E+02       
2.0000E-01,      8.0000E-01,      3.2000E-03,      5.1333E+00,      9.1548E-01,      1.0825E+03,      7.1800E+01,      1.9133E+02,      1.4801E+03,      1.4627E+02       
2.0000E-01,      8.0000E-01,      3.3000E-03,      5.2667E+00,      1.1629E+00,      1.0863E+03,      7.4467E+01,      1.8953E+02,      1.4829E+03,      1.4607E+02       
2.0000E-01,      8.0000E-01,      3.4000E-03,      5.0000E+00,      8.4515E-01,      1.0705E+03,      7.4333E+01,      1.8907E+02,      1.4495E+03,      1.2993E+02       
2.0000E-01,      8.0000E-01,      3.5000E-03,      5.2000E+00,      6.7612E-01,      1.1165E+03,      7.4200E+01,      1.8733E+02,      1.5132E+03,      1.4600E+02       
2.0000E-01,      8.0000E-01,      3.6000E-03,      5.2667E+00,      8.8372E-01,      1.1631E+03,      7.5200E+01,      1.9313E+02,      1.5840E+03,      1.5913E+02       
2.0000E-01,      8.0000E-01,      3.7000E-03,      5.5333E+00,      1.1255E+00,      1.1660E+03,      7.0800E+01,      1.9413E+02,      1.5845E+03,      1.6473E+02       
2.0000E-01,      8.0000E-01,      3.8000E-03,      5.1333E+00,      7.4322E-01,      1.1117E+03,      7.4200E+01,      1.9407E+02,      1.5121E+03,      1.5100E+02       
2.0000E-01,      8.0000E-01,      3.9000E-03,      5.1333E+00,      6.3994E-01,      1.0559E+03,      7.3400E+01,      1.8960E+02,      1.4311E+03,      1.3027E+02       
2.0000E-01,      8.0000E-01,      4.0000E-03,      5.0667E+00,      7.9881E-01,      1.0373E+03,      7.6933E+01,      1.8827E+02,      1.4334E+03,      1.3953E+02       
2.0000E-01,      8.2500E-01,      2.0000E-03,      5.1333E+00,      8.3381E-01,      1.1605E+03,      4.0933E+01,      1.9380E+02,      1.5396E+03,      1.5607E+02       
2.0000E-01,      8.2500E-01,      2.1000E-03,      5.2667E+00,      7.0373E-01,      1.1044E+03,      3.7600E+01,      1.8793E+02,      1.4761E+03,      1.4780E+02       
2.0000E-01,      8.2500E-01,      2.2000E-03,      4.8667E+00,      7.4322E-01,      1.0652E+03,      3.8867E+01,      1.8900E+02,      1.3955E+03,      1.3180E+02       
2.0000E-01,      8.2500E-01,      2.3000E-03,      5.4667E+00,      7.4322E-01,      1.1812E+03,      3.8867E+01,      1.8900E+02,      1.5714E+03,      1.6100E+02       
2.0000E-01,      8.2500E-01,      2.4000E-03,      4.8000E+00,      8.6189E-01,      1.0509E+03,      3.9133E+01,      1.8680E+02,      1.3821E+03,      1.3167E+02       
2.0000E-01,      8.2500E-01,      2.5000E-03,      5.0000E+00,      9.2582E-01,      1.1146E+03,      4.3733E+01,      1.9133E+02,      1.4713E+03,      1.5247E+02       
2.0000E-01,      8.2500E-01,      2.6000E-03,      4.7333E+00,      7.0373E-01,      1.0685E+03,      4.8600E+01,      1.9527E+02,      1.4013E+03,      1.2713E+02       
2.0000E-01,      8.2500E-01,      2.7000E-03,      4.7333E+00,      7.0373E-01,      1.0729E+03,      5.2667E+01,      1.8887E+02,      1.4212E+03,      1.3813E+02       
2.0000E-01,      8.2500E-01,      2.8000E-03,      4.5333E+00,      9.1548E-01,      1.0135E+03,      5.9133E+01,      1.9340E+02,      1.3361E+03,      1.2773E+02       
2.0000E-01,      8.2500E-01,      2.9000E-03,      4.7333E+00,      8.8372E-01,      1.0113E+03,      6.7933E+01,      1.9033E+02,      1.3553E+03,      1.2567E+02       
2.0000E-01,      8.2500E-01,      3.0000E-03,      4.2667E+00,      8.8372E-01,      9.3020E+02,      7.5867E+01,      1.9153E+02,      1.2509E+03,      1.1227E+02       
2.0000E-01,      8.2500E-01,      3.1000E-03,      4.5333E+00,      1.0601E+00,      9.5873E+02,      7.3933E+01,      1.9687E+02,      1.2975E+03,      1.1167E+02       
2.0000E-01,      8.2500E-01,      3.2000E-03,      4.2667E+00,      7.0373E-01,      9.5547E+02,      7.8667E+01,      1.9160E+02,      1.2828E+03,      1.0893E+02       
2.0000E-01,      8.2500E-01,      3.3000E-03,      4.4667E+00,      8.3381E-01,      9.9587E+02,      7.9600E+01,      1.9207E+02,      1.3424E+03,      1.2700E+02       
2.0000E-01,      8.2500E-01,      3.4000E-03,      4.4667E+00,      9.9043E-01,      9.5567E+02,      8.0800E+01,      1.9227E+02,      1.2957E+03,      1.0967E+02       
2.0000E-01,      8.2500E-01,      3.5000E-03,      4.4000E+00,      6.3246E-01,      1.0249E+03,      7.9867E+01,      1.8847E+02,      1.3895E+03,      1.2467E+02       
2.0000E-01,      8.2500E-01,      3.6000E-03,      4.4000E+00,      9.1026E-01,      9.7913E+02,      8.0133E+01,      1.9340E+02,      1.3193E+03,      1.2060E+02       
2.0000E-01,      8.2500E-01,      3.7000E-03,      4.4667E+00,      9.9043E-01,      1.0384E+03,      7.5933E+01,      1.9320E+02,      1.3817E+03,      1.2927E+02       
2.0000E-01,      8.2500E-01,      3.8000E-03,      4.3333E+00,      8.9974E-01,      1.0018E+03,      7.9200E+01,      1.9680E+02,      1.3335E+03,      1.2067E+02       
2.0000E-01,      8.2500E-01,      3.9000E-03,      4.4000E+00,      8.2808E-01,      9.8247E+02,      8.0333E+01,      1.9287E+02,      1.3237E+03,      1.2520E+02       
2.0000E-01,      8.2500E-01,      4.0000E-03,      4.2667E+00,      1.1629E+00,      9.6960E+02,      8.0667E+01,      1.9493E+02,      1.2879E+03,      1.1313E+02       
2.0000E-01,      8.5000E-01,      2.0000E-03,      4.6000E+00,      9.1026E-01,      1.0342E+03,      4.1600E+01,      1.9113E+02,      1.3525E+03,      1.3293E+02       
2.0000E-01,      8.5000E-01,      2.1000E-03,      4.1333E+00,      7.4322E-01,      9.6720E+02,      4.3133E+01,      1.9420E+02,      1.2479E+03,      1.1373E+02       
2.0000E-01,      8.5000E-01,      2.2000E-03,      4.0667E+00,      1.0328E+00,      1.0246E+03,      4.0400E+01,      1.9373E+02,      1.3096E+03,      1.1547E+02       
2.0000E-01,      8.5000E-01,      2.3000E-03,      4.2667E+00,      1.1629E+00,      9.9160E+02,      4.3267E+01,      2.0073E+02,      1.2774E+03,      1.2127E+02       
2.0000E-01,      8.5000E-01,      2.4000E-03,      3.8667E+00,      1.3020E+00,      9.4767E+02,      4.0933E+01,      1.8440E+02,      1.2199E+03,      1.0560E+02       
2.0000E-01,      8.5000E-01,      2.5000E-03,      3.9333E+00,      7.9881E-01,      1.0021E+03,      4.6533E+01,      1.9993E+02,      1.2755E+03,      1.1313E+02       
2.0000E-01,      8.5000E-01,      2.6000E-03,      3.4000E+00,      7.3679E-01,      8.3553E+02,      5.4067E+01,      1.8720E+02,      1.0675E+03,      8.4400E+01       
2.0000E-01,      8.5000E-01,      2.7000E-03,      3.4667E+00,      6.3994E-01,      8.5687E+02,      6.0067E+01,      1.9487E+02,      1.0954E+03,      8.4733E+01       
2.0000E-01,      8.5000E-01,      2.8000E-03,      3.9333E+00,      7.0373E-01,      9.4513E+02,      6.0933E+01,      1.9340E+02,      1.2243E+03,      1.0973E+02       
2.0000E-01,      8.5000E-01,      2.9000E-03,      3.4667E+00,      9.1548E-01,      8.2720E+02,      7.3933E+01,      1.9240E+02,      1.0704E+03,      8.2067E+01       
2.0000E-01,      8.5000E-01,      3.0000E-03,      3.6667E+00,      1.3452E+00,      8.4467E+02,      7.5933E+01,      1.9260E+02,      1.1004E+03,      8.8000E+01       
2.0000E-01,      8.5000E-01,      3.1000E-03,      3.3333E+00,      1.0465E+00,      8.4093E+02,      8.0800E+01,      1.8847E+02,      1.0979E+03,      8.5467E+01       
2.0000E-01,      8.5000E-01,      3.2000E-03,      3.4667E+00,      7.4322E-01,      8.5353E+02,      7.6933E+01,      1.9280E+02,      1.1132E+03,      9.0200E+01       
2.0000E-01,      8.5000E-01,      3.3000E-03,      3.4667E+00,      9.1548E-01,      9.1000E+02,      8.1267E+01,      1.9340E+02,      1.1872E+03,      9.9400E+01       
2.0000E-01,      8.5000E-01,      3.4000E-03,      3.2000E+00,      1.0823E+00,      7.7487E+02,      8.1000E+01,      1.9300E+02,      1.0197E+03,      7.3800E+01       
2.0000E-01,      8.5000E-01,      3.5000E-03,      3.8000E+00,      8.6189E-01,      9.1473E+02,      8.0333E+01,      1.9433E+02,      1.1923E+03,      9.9733E+01       
2.0000E-01,      8.5000E-01,      3.6000E-03,      3.0667E+00,      8.8372E-01,      7.6847E+02,      8.4333E+01,      1.9687E+02,      9.9613E+02,      7.2600E+01       
2.0000E-01,      8.5000E-01,      3.7000E-03,      3.4000E+00,      9.1026E-01,      8.4173E+02,      8.5400E+01,      1.9207E+02,      1.1092E+03,      8.7533E+01       
2.0000E-01,      8.5000E-01,      3.8000E-03,      3.4667E+00,      1.1255E+00,      8.2400E+02,      8.0667E+01,      1.8993E+02,      1.0957E+03,      9.1267E+01       
2.0000E-01,      8.5000E-01,      3.9000E-03,      3.9333E+00,      9.6115E-01,      9.2273E+02,      7.7267E+01,      1.9780E+02,      1.2142E+03,      1.0120E+02       
2.0000E-01,      8.5000E-01,      4.0000E-03,      4.1333E+00,      9.9043E-01,      9.2313E+02,      7.9400E+01,      1.9233E+02,      1.2347E+03,      1.0940E+02       
2.0000E-01,      8.7500E-01,      2.0000E-03,      3.2667E+00,      9.6115E-01,      8.3207E+02,      4.1733E+01,      1.9093E+02,      1.0369E+03,      8.2467E+01       
2.0000E-01,      8.7500E-01,      2.1000E-03,      2.9333E+00,      1.0328E+00,      7.8167E+02,      4.2000E+01,      1.9347E+02,      9.6340E+02,      7.2133E+01       
2.0000E-01,      8.7500E-01,      2.2000E-03,      3.1333E+00,      1.0601E+00,      8.0547E+02,      4.4000E+01,      1.8840E+02,      1.0078E+03,      7.6267E+01       
2.0000E-01,      8.7500E-01,      2.3000E-03,      3.2667E+00,      8.8372E-01,      8.4933E+02,      4.4000E+01,      1.8740E+02,      1.0582E+03,      8.6267E+01       
2.0000E-01,      8.7500E-01,      2.4000E-03,      2.8667E+00,      1.1872E+00,      8.1000E+02,      4.4467E+01,      1.9347E+02,      9.9433E+02,      8.1267E+01       
2.0000E-01,      8.7500E-01,      2.5000E-03,      2.6000E+00,      1.0556E+00,      7.4460E+02,      4.4800E+01,      1.9020E+02,      9.0567E+02,      6.8133E+01       
2.0000E-01,      8.7500E-01,      2.6000E-03,      3.0667E+00,      5.9362E-01,      7.7653E+02,      5.3733E+01,      1.9320E+02,      9.7273E+02,      7.2467E+01       
2.0000E-01,      8.7500E-01,      2.7000E-03,      2.7333E+00,      7.9881E-01,      7.6433E+02,      6.3733E+01,      1.9427E+02,      9.6673E+02,      7.5067E+01       
2.0000E-01,      8.7500E-01,      2.8000E-03,      2.8000E+00,      9.4112E-01,      7.8913E+02,      6.7533E+01,      1.8980E+02,      9.9600E+02,      7.6467E+01       
2.0000E-01,      8.7500E-01,      2.9000E-03,      2.4000E+00,      9.8561E-01,      6.9513E+02,      7.5667E+01,      1.8973E+02,      8.6847E+02,      5.9200E+01       
2.0000E-01,      8.7500E-01,      3.0000E-03,      2.4000E+00,      1.2984E+00,      7.3587E+02,      8.0933E+01,      1.9287E+02,      9.1960E+02,      6.8933E+01       
2.0000E-01,      8.7500E-01,      3.1000E-03,      2.3333E+00,      8.9974E-01,      6.7360E+02,      8.5600E+01,      1.9873E+02,      8.5220E+02,      5.7133E+01       
2.0000E-01,      8.7500E-01,      3.2000E-03,      1.8667E+00,      1.2459E+00,      6.2033E+02,      9.0800E+01,      1.8767E+02,      7.7107E+02,      5.1733E+01       
2.0000E-01,      8.7500E-01,      3.3000E-03,      2.4000E+00,      1.1212E+00,      6.9147E+02,      8.8133E+01,      1.9113E+02,      8.7040E+02,      6.1267E+01       
2.0000E-01,      8.7500E-01,      3.4000E-03,      2.0667E+00,      1.3870E+00,      6.3920E+02,      8.8267E+01,      1.9400E+02,      7.9300E+02,      5.3467E+01       
2.0000E-01,      8.7500E-01,      3.5000E-03,      2.2000E+00,      8.6189E-01,      6.9120E+02,      8.9800E+01,      1.9373E+02,      8.5100E+02,      5.3667E+01       
2.0000E-01,      8.7500E-01,      3.6000E-03,      2.1333E+00,      1.1872E+00,      6.0947E+02,      9.1600E+01,      1.8940E+02,      7.7360E+02,      4.9533E+01       
2.0000E-01,      8.7500E-01,      3.7000E-03,      2.4000E+00,      1.0556E+00,      6.6013E+02,      8.8133E+01,      1.9420E+02,      8.3033E+02,      5.2533E+01       
2.0000E-01,      8.7500E-01,      3.8000E-03,      2.0000E+00,      9.2582E-01,      5.9087E+02,      8.8000E+01,      1.9333E+02,      7.4293E+02,      4.5800E+01       
2.0000E-01,      8.7500E-01,      3.9000E-03,      2.4667E+00,      8.3381E-01,      6.6147E+02,      8.2400E+01,      1.8827E+02,      8.4393E+02,      5.7133E+01       
2.0000E-01,      8.7500E-01,      4.0000E-03,      2.0000E+00,      1.0000E+00,      6.4060E+02,      9.1467E+01,      1.9253E+02,      7.9780E+02,      4.5867E+01       