#tau,            K*,              det_rate,        thickness,       thick_stDev,     n_deaths,        n_detachments,   n_immigrations,  n_replications,  n_tau_halves     
5.0000E-02,      4.0000E-01,      2.0000E-03,      9.0000E+00,      0.0000E+00,      6.4960E+02,      2.2133E+01,      9.7333E+01,      1.2715E+03,      2.6267E+01       
5.0000E-02,      4.0000E-01,      2.1000E-03,      9.0000E+00,      0.0000E+00,      6.2760E+02,      2.1667E+01,      9.6533E+01,      1.2411E+03,      2.4600E+01       
5.0000E-02,      4.0000E-01,      2.2000E-03,      9.0000E+00,      0.0000E+00,      6.6980E+02,      2.1533E+01,      1.0160E+02,      1.2852E+03,      2.6067E+01       
5.0000E-02,      4.0000E-01,      2.3000E-03,      9.0000E+00,      0.0000E+00,      6.2667E+02,      2.9667E+01,      9.6800E+01,      1.2531E+03,      2.6933E+01       
5.0000E-02,      4.0000E-01,      2.4000E-03,      9.0000E+00,      0.0000E+00,      6.4727E+02,      3.0133E+01,      1.0313E+02,      1.2747E+03,      2.4200E+01       
5.0000E-02,      4.0000E-01,      2.5000E-03,      9.0000E+00,      0.0000E+00,      6.8280E+02,      3.5400E+01,      1.0613E+02,      1.3205E+03,      2.8267E+01       
5.0000E-02,      4.0000E-01,      2.6000E-03,      9.0000E+00,      0.0000E+00,      6.4107E+02,      3.1600E+01,      1.0147E+02,      1.2629E+03,      2.3667E+01       
5.0000E-02,      4.0000E-01,      2.7000E-03,      9.0000E+00,      0.0000E+00,      6.5513E+02,      3.0467E+01,      1.0160E+02,      1.2738E+03,      2.7067E+01       
5.0000E-02,      4.0000E-01,      2.8000E-03,      9.0000E+00,      0.0000E+00,      6.5073E+02,      3.3000E+01,      1.0513E+02,      1.2717E+03,      2.5000E+01       
5.0000E-02,      4.0000E-01,      2.9000E-03,      9.0000E+00,      0.0000E+00,      6.3760E+02,      3.1133E+01,      9.8600E+01,      1.2697E+03,      2.9600E+01       
5.0000E-02,      4.0000E-01,      3.0000E-03,      9.0000E+00,      0.0000E+00,      6.4720E+02,      3.3333E+01,      9.4467E+01,      1.2833E+03,      2.5600E+01       
5.0000E-02,      4.0000E-01,      3.1000E-03,      9.0000E+00,      0.0000E+00,      6.1840E+02,      3.0333E+01,      9.8200E+01,      1.2418E+03,      2.6333E+01       
5.0000E-02,      4.0000E-01,      3.2000E-03,      9.0000E+00,      0.0000E+00,      6.6387E+02,      2.9600E+01,      9.9933E+01,      1.2930E+03,      2.6667E+01       
5.0000E-02,      4.0000E-01,      3.3000E-03,      9.0000E+00,      0.0000E+00,      6.3420E+02,      2.8733E+01,      9.7200E+01,      1.2729E+03,      2.7667E+01       
5.0000E-02,      4.0000E-01,      3.4000E-03,      9.0000E+00,      0.0000E+00,      6.2853E+02,      2.9067E+01,      9.9133E+01,      1.2600E+03,      2.5133E+01       
5.0000E-02,      4.0000E-01,      3.5000E-03,      9.0000E+00,      0.0000E+00,      6.2093E+02,      3.2067E+01,      1.0087E+02,      1.2521E+03,      2.5067E+01       
5.0000E-02,      4.0000E-01,      3.6000E-03,      9.0000E+00,      0.0000E+00,      6.3453E+02,      3.1067E+01,      9.9933E+01,      1.2679E+03,      2.5333E+01       
5.0000E-02,      4.0000E-01,      3.7000E-03,      9.0000E+00,      0.0000E+00,      6.2600E+02,      3.2667E+01,      9.9667E+01,      1.2467E+03,      2.4467E+01       
5.0000E-02,      4.0000E-01,      3.8000E-03,      9.0000E+00,      0.0000E+00,      6.7273E+02,      3.2200E+01,      9.9400E+01,      1.3114E+03,      2.7200E+01       
5.0000E-02,      4.0000E-01,      3.9000E-03,      9.0000E+00,      0.0000E+00,      6.5253E+02,      2.9600E+01,      1.0213E+02,      1.2816E+03,      2.6533E+01       
5.0000E-02,      4.0000E-01,      4.0000E-03,      9.0000E+00,      0.0000E+00,      6.2367E+02,      2.9600E+01,      1.0433E+02,      1.2421E+03,      2.7667E+01       
5.0000E-02,      4.2500E-01,      2.0000E-03,      9.0000E+00,      0.0000E+00,      6.9180E+02,      2.5600E+01,      1.0507E+02,      1.3161E+03,      3.1867E+01       
5.0000E-02,      4.2500E-01,      2.1000E-03,      9.0000E+00,      0.0000E+00,      6.9200E+02,      2.5133E+01,      1.0600E+02,      1.3224E+03,      3.1467E+01       
5.0000E-02,      4.2500E-01,      2.2000E-03,      9.0000E+00,      0.0000E+00,      7.3100E+02,      2.7067E+01,      1.0687E+02,      1.3693E+03,      2.8733E+01       
5.0000E-02,      4.2500E-01,      2.3000E-03,      9.0000E+00,      0.0000E+00,      6.8287E+02,      2.9533E+01,      1.0587E+02,      1.3269E+03,      2.9467E+01       
5.0000E-02,      4.2500E-01,      2.4000E-03,      9.0000E+00,      0.0000E+00,      7.3367E+02,      3.4867E+01,      1.1353E+02,      1.3717E+03,      2.8133E+01       
5.0000E-02,      4.2500E-01,      2.5000E-03,      9.0000E+00,      0.0000E+00,      6.9500E+02,      3.4667E+01,      1.0533E+02,      1.3375E+03,      3.0533E+01       
5.0000E-02,      4.2500E-01,      2.6000E-03,      9.0000E+00,      0.0000E+00,      7.1400E+02,      3.5200E+01,      1.0753E+02,      1.3541E+03,      2.9800E+01       
5.0000E-02,      4.2500E-01,      2.7000E-03,      9.0000E+00,      0.0000E+00,      6.9840E+02,      3.5200E+01,      1.0553E+02,      1.3371E+03,      3.1000E+01       
5.0000E-02,      4.2500E-01,      2.8000E-03,      9.0000E+00,      0.0000E+00,      7.1593E+02,      3.3733E+01,      1.0673E+02,      1.3519E+03,      2.8800E+01       
5.0000E-02,      4.2500E-01,      2.9000E-03,      9.0000E+00,      0.0000E+00,      7.0313E+02,      3.3200E+01,      1.0540E+02,      1.3395E+03,      2.8000E+01       
5.0000E-02,      4.2500E-01,      3.0000E-03,      9.0000E+00,      0.0000E+00,      7.6047E+02,      3.5733E+01,      1.0713E+02,      1.4019E+03,      2.8533E+01       
5.0000E-02,      4.2500E-01,      3.1000E-03,      9.0000E+00,      0.0000E+00,      7.3020E+02,      3.5533E+01,      1.0713E+02,      1.3659E+03,      3.1400E+01       
5.0000E-02,      4.2500E-01,      3.2000E-03,      9.0000E+00,      0.0000E+00,      7.0647E+02,      3.6000E+01,      1.0867E+02,      1.3493E+03,      2.9200E+01       
5.0000E-02,      4.2500E-01,      3.3000E-03,      9.0000E+00,      0.0000E+00,      7.2087E+02,      3.5400E+01,      1.0567E+02,      1.3553E+03,      3.1467E+01       
5.0000E-02,      4.2500E-01,      3.4000E-03,      9.0000E+00,      0.0000E+00,      7.0867E+02,      3.3467E+01,      1.0527E+02,      1.3549E+03,      2.9867E+01       
5.0000E-02,      4.2500E-01,      3.5000E-03,      9.0000E+00,      0.0000E+00,      7.1200E+02,      3.7800E+01,      1.0607E+02,      1.3527E+03,      2.9800E+01       
5.0000E-02,      4.2500E-01,      3.6000E-03,      9.0000E+00,      0.0000E+00,      6.9540E+02,      3.3667E+01,      1.0980E+02,      1.3355E+03,      2.9867E+01       
5.0000E-02,      4.2500E-01,      3.7000E-03,      9.0000E+00,      0.0000E+00,      7.2720E+02,      3.4067E+01,      1.0760E+02,      1.3703E+03,      2.9600E+01       
5.0000E-02,      4.2500E-01,      3.8000E-03,      9.0000E+00,      0.0000E+00,      7.3127E+02,      3.6600E+01,      1.0447E+02,      1.3815E+03,      3.1067E+01       
5.0000E-02,      4.2500E-01,      3.9000E-03,      9.0000E+00,      0.0000E+00,      7.0927E+02,      3.5333E+01,      1.0567E+02,      1.3528E+03,      2.9600E+01       
5.0000E-02,      4.2500E-01,      4.0000E-03,      9.0000E+00,      0.0000E+00,      7.1287E+02,      3.4333E+01,      1.0740E+02,      1.3491E+03,      2.8133E+01       
5.0000E-02,      4.5000E-01,      2.0000E-03,      9.0000E+00,      0.0000E+00,      7.6553E+02,      2.5733E+01,      1.1647E+02,      1.4071E+03,      2.8533E+01       
5.0000E-02,      4.5000E-01,      2.1000E-03,      9.0000E+00,      0.0000E+00,      7.5607E+02,      3.2533E+01,      1.0640E+02,      1.4037E+03,      3.0267E+01       
5.0000E-02,      4.5000E-01,      2.2000E-03,      9.0000E+00,      0.0000E+00,      7.5913E+02,      2.8533E+01,      1.1120E+02,      1.3951E+03,      3.4400E+01       
5.0000E-02,      4.5000E-01,      2.3000E-03,      9.0000E+00,      0.0000E+00,      7.7687E+02,      3.5067E+01,      1.0907E+02,      1.4266E+03,      2.7733E+01       
5.0000E-02,      4.5000E-01,      2.4000E-03,      9.0000E+00,      0.0000E+00,      7.5873E+02,      3.7467E+01,      1.1193E+02,      1.4009E+03,      3.1267E+01       
5.0000E-02,      4.5000E-01,      2.5000E-03,      9.0000E+00,      0.0000E+00,      7.6720E+02,      3.9800E+01,      1.0373E+02,      1.4208E+03,      3.1067E+01       
5.0000E-02,      4.5000E-01,      2.6000E-03,      9.0000E+00,      0.0000E+00,      8.0193E+02,      4.3667E+01,      1.1240E+02,      1.4647E+03,      3.4800E+01       
5.0000E-02,      4.5000E-01,      2.7000E-03,      9.0000E+00,      0.0000E+00,      7.8133E+02,      3.9533E+01,      1.1280E+02,      1.4355E+03,      3.1467E+01       
5.0000E-02,      4.5000E-01,      2.8000E-03,      9.0000E+00,      0.0000E+00,      7.4973E+02,      3.8333E+01,      1.1073E+02,      1.3969E+03,      3.1467E+01       
5.0000E-02,      4.5000E-01,      2.9000E-03,      9.0000E+00,      0.0000E+00,      8.1167E+02,      4.0133E+01,      1.1293E+02,      1.4600E+03,      3.2933E+01       
5.0000E-02,      4.5000E-01,      3.0000E-03,      9.0000E+00,      0.0000E+00,      7.8547E+02,      4.1333E+01,      1.1520E+02,      1.4409E+03,      3.1200E+01       
5.0000E-02,      4.5000E-01,      3.1000E-03,      9.0000E+00,      0.0000E+00,      7.5933E+02,      3.9267E+01,      1.1207E+02,      1.4083E+03,      2.9667E+01       
5.0000E-02,      4.5000E-01,      3.2000E-03,      9.0000E+00,      0.0000E+00,      7.7053E+02,      3.9933E+01,      1.1313E+02,      1.4171E+03,      3.0800E+01       
5.0000E-02,      4.5000E-01,      3.3000E-03,      9.0000E+00,      0.0000E+00,      7.1993E+02,      3.9733E+01,      1.1027E+02,      1.3696E+03,      2.7933E+01       
5.0000E-02,      4.5000E-01,      3.4000E-03,      9.0000E+00,      0.0000E+00,      7.4267E+02,      3.7667E+01,      1.1313E+02,      1.3857E+03,      2.8000E+01       
5.0000E-02,      4.5000E-01,      3.5000E-03,      9.0000E+00,      0.0000E+00,      7.5973E+02,      4.2600E+01,      1.0953E+02,      1.4208E+03,      2.9667E+01       
5.0000E-02,      4.5000E-01,      3.6000E-03,      9.0000E+00,      0.0000E+00,      7.7013E+02,      4.2133E+01,      1.1513E+02,      1.4266E+03,      3.0800E+01       
5.0000E-02,      4.5000E-01,      3.7000E-03,      9.0000E+00,      0.0000E+00,      7.9667E+02,      4.2600E+01,      1.1000E+02,      1.4656E+03,      3.2533E+01       
5.0000E-02,      4.5000E-01,      3.8000E-03,      9.0000E+00,      0.0000E+00,      7.7140E+02,      4.1200E+01,      1.0940E+02,      1.4274E+03,      2.8067E+01       
5.0000E-02,      4.5000E-01,      3.9000E-03,      9.0000E+00,      0.0000E+00,      7.9960E+02,      3.9067E+01,      1.1167E+02,      1.4512E+03,      2.9933E+01       
5.0000E-02,      4.5000E-01,      4.0000E-03,      9.0000E+00,      0.0000E+00,      7.6660E+02,      4.1733E+01,      1.1240E+02,      1.4095E+03,      3.0733E+01       
5.0000E-02,      4.7500E-01,      2.0000E-03,      9.0000E+00,      0.0000E+00,      7.9173E+02,      3.0133E+01,      1.1427E+02,      1.4395E+03,      3.0667E+01       
5.0000E-02,      4.7500E-01,      2.1000E-03,      9.0000E+00,      0.0000E+00,      7.8773E+02,      3.0600E+01,      1.1580E+02,      1.4374E+03,      3.1933E+01       
5.0000E-02,      4.7500E-01,      2.2000E-03,      9.0000E+00,      0.0000E+00,      8.1813E+02,      3.2800E+01,      1.1680E+02,      1.4733E+03,      3.4600E+01       
5.0000E-02,      4.7500E-01,      2.3000E-03,      9.0000E+00,      0.0000E+00,      7.8867E+02,      4.1533E+01,      1.1900E+02,      1.4516E+03,      3.1533E+01       
5.0000E-02,      4.7500E-01,      2.4000E-03,      9.0000E+00,      0.0000E+00,      8.1727E+02,      4.3000E+01,      1.1553E+02,      1.4767E+03,      3.3000E+01       
5.0000E-02,      4.7500E-01,      2.5000E-03,      9.0000E+00,      0.0000E+00,      8.0493E+02,      4.0933E+01,      1.1233E+02,      1.4703E+03,      3.1733E+01       
5.0000E-02,      4.7500E-01,      2.6000E-03,      9.0000E+00,      0.0000E+00,      8.0627E+02,      4.3133E+01,      1.1660E+02,      1.4679E+03,      3.1733E+01       
5.0000E-02,      4.7500E-01,      2.7000E-03,      9.0000E+00,      0.0000E+00,      8.1953E+02,      4.4267E+01,      1.1807E+02,      1.4758E+03,      3.4600E+01       
5.0000E-02,      4.7500E-01,      2.8000E-03,      9.0000E+00,      0.0000E+00,      8.1947E+02,      4.3133E+01,      1.1567E+02,      1.4822E+03,      3.2533E+01       
5.0000E-02,      4.7500E-01,      2.9000E-03,      9.0000E+00,      0.0000E+00,      8.0953E+02,      4.3400E+01,      1.1860E+02,      1.4674E+03,      3.1533E+01       
5.0000E-02,      4.7500E-01,      3.0000E-03,      9.0000E+00,      0.0000E+00,      8.0947E+02,      4.1267E+01,      1.1847E+02,      1.4625E+03,      3.3867E+01       
5.0000E-02,      4.7500E-01,      3.1000E-03,      9.0000E+00,      0.0000E+00,      8.3347E+02,      4.7733E+01,      1.1433E+02,      1.5037E+03,      3.3467E+01       
5.0000E-02,      4.7500E-01,      3.2000E-03,      9.0000E+00,      0.0000E+00,      8.5400E+02,      4.4200E+01,      1.1993E+02,      1.5264E+03,      3.4867E+01       
5.0000E-02,      4.7500E-01,      3.3000E-03,      9.0000E+00,      0.0000E+00,      8.2100E+02,      4.7133E+01,      1.1913E+02,      1.4761E+03,      3.5267E+01       
5.0000E-02,      4.7500E-01,      3.4000E-03,      9.0000E+00,      0.0000E+00,      8.6013E+02,      4.6467E+01,      1.2267E+02,      1.5251E+03,      3.2933E+01       
5.0000E-02,      4.7500E-01,      3.5000E-03,      9.0000E+00,      0.0000E+00,      8.5453E+02,      4.8467E+01,      1.1807E+02,      1.5269E+03,      3.3333E+01       
5.0000E-02,      4.7500E-01,      3.6000E-03,      9.0000E+00,      0.0000E+00,      8.1287E+02,      4.5133E+01,      1.1353E+02,      1.4780E+03,      3.1933E+01       
5.0000E-02,      4.7500E-01,      3.7000E-03,      9.0000E+00,      0.0000E+00,      8.2380E+02,      4.8667E+01,      1.1720E+02,      1.4934E+03,      3.3000E+01       
5.0000E-02,      4.7500E-01,      3.8000E-03,      9.0000E+00,      0.0000E+00,      8.1407E+02,      4.5533E+01,      1.2253E+02,      1.4770E+03,      3.0867E+01       
5.0000E-02,      4.7500E-01,      3.9000E-03,      9.0000E+00,      0.0000E+00,      8.4453E+02,      4.6067E+01,      1.1880E+02,      1.5119E+03,      3.1867E+01       
5.0000E-02,      4.7500E-01,      4.0000E-03,      9.0000E+00,      0.0000E+00,      7.8247E+02,      3.8933E+01,      1.1280E+02,      1.4286E+03,      2.9933E+01       
5.0000E-02,      5.0000E-01,      2.0000E-03,      9.0000E+00,      0.0000E+00,      8.5727E+02,      3.7400E+01,      1.1453E+02,      1.5199E+03,      3.3333E+01       
5.0000E-02,      5.0000E-01,      2.1000E-03,      9.0000E+00,      0.0000E+00,      8.9093E+02,      3.8333E+01,      1.2360E+02,      1.5558E+03,      3.6733E+01       
5.0000E-02,      5.0000E-01,      2.2000E-03,      9.0000E+00,      0.0000E+00,      8.4667E+02,      3.5067E+01,      1.2140E+02,      1.5045E+03,      3.2133E+01       
5.0000E-02,      5.0000E-01,      2.3000E-03,      9.0000E+00,      0.0000E+00,      8.4367E+02,      3.9200E+01,      1.2040E+02,      1.5001E+03,      3.5733E+01       
5.0000E-02,      5.0000E-01,      2.4000E-03,      9.0000E+00,      0.0000E+00,      9.1847E+02,      5.0533E+01,      1.1980E+02,      1.5913E+03,      3.7267E+01       
5.0000E-02,      5.0000E-01,      2.5000E-03,      9.0000E+00,      0.0000E+00,      8.9653E+02,      4.8867E+01,      1.2513E+02,      1.5689E+03,      3.4600E+01       
5.0000E-02,      5.0000E-01,      2.6000E-03,      9.0000E+00,      0.0000E+00,      8.6993E+02,      5.0667E+01,      1.3027E+02,      1.5258E+03,      3.1067E+01       
5.0000E-02,      5.0000E-01,      2.7000E-03,      9.0000E+00,      0.0000E+00,      8.7613E+02,      4.8733E+01,      1.2527E+02,      1.5423E+03,      3.6067E+01       
5.0000E-02,      5.0000E-01,      2.8000E-03,      9.0000E+00,      0.0000E+00,      8.7673E+02,      4.5600E+01,      1.2327E+02,      1.5476E+03,      3.4333E+01       
5.0000E-02,      5.0000E-01,      2.9000E-03,      9.0000E+00,      0.0000E+00,      8.7880E+02,      5.0733E+01,      1.1873E+02,      1.5529E+03,      3.5467E+01       
5.0000E-02,      5.0000E-01,      3.0000E-03,      9.0000E+00,      0.0000E+00,      9.2080E+02,      5.2067E+01,      1.2453E+02,      1.6004E+03,      3.8867E+01       
5.0000E-02,      5.0000E-01,      3.1000E-03,      9.0000E+00,      0.0000E+00,      8.9647E+02,      5.1333E+01,      1.2287E+02,      1.5764E+03,      3.6467E+01       
5.0000E-02,      5.0000E-01,      3.2000E-03,      9.0000E+00,      0.0000E+00,      8.8807E+02,      4.8467E+01,      1.2467E+02,      1.5588E+03,      3.6133E+01       
5.0000E-02,      5.0000E-01,      3.3000E-03,      9.0000E+00,      0.0000E+00,      8.9960E+02,      5.1467E+01,      1.2393E+02,      1.5725E+03,      3.4333E+01       
5.0000E-02,      5.0000E-01,      3.4000E-03,      9.0000E+00,      0.0000E+00,      8.4987E+02,      4.4533E+01,      1.2240E+02,      1.5192E+03,      3.4267E+01       
5.0000E-02,      5.0000E-01,      3.5000E-03,      9.0000E+00,      0.0000E+00,      9.0960E+02,      5.2000E+01,      1.2793E+02,      1.5800E+03,      3.6133E+01       
5.0000E-02,      5.0000E-01,      3.6000E-03,      9.0000E+00,      0.0000E+00,      8.7213E+02,      4.8800E+01,      1.2287E+02,      1.5369E+03,      3.6333E+01       
5.0000E-02,      5.0000E-01,      3.7000E-03,      9.0000E+00,      0.0000E+00,      8.5267E+02,      4.9067E+01,      1.2027E+02,      1.5254E+03,      3.3133E+01       
5.0000E-02,      5.0000E-01,      3.8000E-03,      9.0000E+00,      0.0000E+00,      8.1653E+02,      4.8467E+01,      1.2240E+02,      1.4858E+03,      3.4133E+01       
5.0000E-02,      5.0000E-01,      3.9000E-03,      9.0000E+00,      0.0000E+00,      9.0253E+02,      5.2933E+01,      1.2453E+02,      1.5798E+03,      3.7533E+01       
5.0000E-02,      5.0000E-01,      4.0000E-03,      9.0000E+00,      0.0000E+00,      8.6747E+02,      4.9733E+01,      1.1873E+02,      1.5529E+03,      4.0267E+01       
5.0000E-02,      5.2500E-01,      2.0000E-03,      9.0000E+00,      0.0000E+00,      9.3107E+02,      4.0267E+01,      1.2613E+02,      1.6023E+03,      3.7200E+01       
5.0000E-02,      5.2500E-01,      2.1000E-03,      9.0000E+00,      0.0000E+00,      9.0253E+02,      4.1200E+01,      1.3200E+02,      1.5720E+03,      4.0067E+01       
5.0000E-02,      5.2500E-01,      2.2000E-03,      9.0000E+00,      0.0000E+00,      9.3993E+02,      4.2067E+01,      1.2640E+02,      1.6154E+03,      3.5000E+01       
5.0000E-02,      5.2500E-01,      2.3000E-03,      9.0000E+00,      0.0000E+00,      9.4340E+02,      4.6067E+01,      1.2653E+02,      1.6224E+03,      3.5933E+01       
5.0000E-02,      5.2500E-01,      2.4000E-03,      9.0000E+00,      0.0000E+00,      9.7513E+02,      5.8400E+01,      1.3400E+02,      1.6548E+03,      4.0267E+01       
5.0000E-02,      5.2500E-01,      2.5000E-03,      9.0000E+00,      0.0000E+00,      9.3373E+02,      5.5400E+01,      1.2687E+02,      1.6201E+03,      3.6733E+01       
5.0000E-02,      5.2500E-01,      2.6000E-03,      9.0000E+00,      0.0000E+00,      9.1867E+02,      5.5000E+01,      1.2380E+02,      1.6034E+03,      3.8800E+01       
5.0000E-02,      5.2500E-01,      2.7000E-03,      9.0000E+00,      0.0000E+00,      9.9513E+02,      5.7533E+01,      1.2907E+02,      1.6859E+03,      4.0267E+01       
5.0000E-02,      5.2500E-01,      2.8000E-03,      9.0000E+00,      0.0000E+00,      9.2333E+02,      5.1333E+01,      1.2507E+02,      1.6000E+03,      3.7000E+01       
5.0000E-02,      5.2500E-01,      2.9000E-03,      9.0000E+00,      0.0000E+00,      9.9340E+02,      5.3533E+01,      1.2667E+02,      1.6791E+03,      3.8467E+01       
5.0000E-02,      5.2500E-01,      3.0000E-03,      9.0000E+00,      0.0000E+00,      9.7360E+02,      5.9533E+01,      1.3260E+02,      1.6589E+03,      4.0667E+01       
5.0000E-02,      5.2500E-01,      3.1000E-03,      9.0000E+00,      0.0000E+00,      9.8027E+02,      5.6600E+01,      1.3127E+02,      1.6587E+03,      3.8200E+01       
5.0000E-02,      5.2500E-01,      3.2000E-03,      9.0000E+00,      0.0000E+00,      9.9347E+02,      6.0267E+01,      1.3353E+02,      1.6719E+03,      3.9000E+01       
5.0000E-02,      5.2500E-01,      3.3000E-03,      9.0000E+00,      0.0000E+00,      9.6420E+02,      5.2667E+01,      1.2640E+02,      1.6334E+03,      3.7267E+01       
5.0000E-02,      5.2500E-01,      3.4000E-03,      9.0000E+00,      0.0000E+00,      9.5320E+02,      5.4800E+01,      1.3213E+02,      1.6309E+03,      3.5667E+01       
5.0000E-02,      5.2500E-01,      3.5000E-03,      9.0000E+00,      0.0000E+00,      8.9333E+02,      5.3600E+01,      1.2907E+02,      1.5739E+03,      3.6467E+01       
5.0000E-02,      5.2500E-01,      3.6000E-03,      9.0000E+00,      0.0000E+00,      9.8467E+02,      5.5267E+01,      1.2847E+02,      1.6732E+03,      4.1000E+01       
5.0000E-02,      5.2500E-01,      3.7000E-03,      9.0000E+00,      0.0000E+00,      9.4387E+02,      5.4800E+01,      1.2793E+02,      1.6307E+03,      3.8600E+01       
5.0000E-02,      5.2500E-01,      3.8000E-03,      9.0000E+00,      0.0000E+00,      9.4840E+02,      5.5733E+01,      1.3053E+02,      1.6220E+03,      3.4800E+01       
5.0000E-02,      5.2500E-01,      3.9000E-03,      9.0000E+00,      0.0000E+00,      9.3060E+02,      5.6667E+01,      1.2793E+02,      1.6189E+03,      3.7467E+01       
5.0000E-02,      5.2500E-01,      4.0000E-03,      9.0000E+00,      0.0000E+00,      9.5653E+02,      5.6000E+01,      1.3100E+02,      1.6333E+03,      3.8267E+01       
5.0000E-02,      5.5000E-01,      2.0000E-03,      9.0000E+00,      0.0000E+00,      9.4473E+02,      4.4800E+01,      1.3053E+02,      1.6193E+03,      3.9400E+01       
5.0000E-02,      5.5000E-01,      2.1000E-03,      9.0000E+00,      0.0000E+00,      9.8847E+02,      4.1600E+01,      1.3213E+02,      1.6629E+03,      3.6200E+01       
5.0000E-02,      5.5000E-01,      2.2000E-03,      9.0000E+00,      0.0000E+00,      1.0061E+03,      4.6733E+01,      1.3853E+02,      1.6795E+03,      3.8800E+01       
5.0000E-02,      5.5000E-01,      2.3000E-03,      9.0000E+00,      0.0000E+00,      1.0424E+03,      5.3400E+01,      1.3320E+02,      1.7303E+03,      4.0000E+01       
5.0000E-02,      5.5000E-01,      2.4000E-03,      9.0000E+00,      0.0000E+00,      1.0017E+03,      5.7267E+01,      1.3473E+02,      1.6937E+03,      4.2333E+01       
5.0000E-02,      5.5000E-01,      2.5000E-03,      9.0000E+00,      0.0000E+00,      9.9580E+02,      5.9533E+01,      1.3453E+02,      1.6859E+03,      4.1600E+01       
5.0000E-02,      5.5000E-01,      2.6000E-03,      9.0000E+00,      0.0000E+00,      1.0372E+03,      6.1200E+01,      1.3753E+02,      1.7329E+03,      4.1133E+01       
5.0000E-02,      5.5000E-01,      2.7000E-03,      9.0000E+00,      0.0000E+00,      1.0171E+03,      6.2400E+01,      1.3660E+02,      1.7028E+03,      3.8867E+01       
5.0000E-02,      5.5000E-01,      2.8000E-03,      9.0000E+00,      0.0000E+00,      1.0297E+03,      6.2333E+01,      1.3867E+02,      1.7209E+03,      4.1800E+01       
5.0000E-02,      5.5000E-01,      2.9000E-03,      9.0000E+00,      0.0000E+00,      1.0310E+03,      6.6333E+01,      1.3673E+02,      1.7287E+03,      4.1533E+01       
5.0000E-02,      5.5000E-01,      3.0000E-03,      9.0000E+00,      0.0000E+00,      1.0305E+03,      6.0333E+01,      1.3880E+02,      1.7249E+03,      3.9733E+01       
5.0000E-02,      5.5000E-01,      3.1000E-03,      9.0000E+00,      0.0000E+00,      1.0439E+03,      6.1733E+01,      1.3893E+02,      1.7416E+03,      4.1067E+01       
5.0000E-02,      5.5000E-01,      3.2000E-03,      9.0000E+00,      0.0000E+00,      1.0119E+03,      5.9400E+01,      1.3913E+02,      1.6986E+03,      4.2400E+01       
5.0000E-02,      5.5000E-01,      3.3000E-03,      9.0000E+00,      0.0000E+00,      1.0017E+03,      5.8333E+01,      1.3673E+02,      1.6931E+03,      3.9333E+01       
5.0000E-02,      5.5000E-01,      3.4000E-03,      9.0000E+00,      0.0000E+00,      9.8480E+02,      6.2600E+01,      1.3107E+02,      1.6808E+03,      4.0200E+01       
5.0000E-02,      5.5000E-01,      3.5000E-03,      9.0000E+00,      0.0000E+00,      1.0295E+03,      6.0600E+01,      1.3173E+02,      1.7179E+03,      4.0133E+01       
5.0000E-02,      5.5000E-01,      3.6000E-03,      9.0000E+00,      0.0000E+00,      1.0171E+03,      6.0200E+01,      1.3153E+02,      1.7163E+03,      4.2933E+01       
5.0000E-02,      5.5000E-01,      3.7000E-03,      9.0000E+00,      0.0000E+00,      1.0247E+03,      6.4267E+01,      1.3907E+02,      1.7150E+03,      4.2533E+01       
5.0000E-02,      5.5000E-01,      3.8000E-03,      9.0000E+00,      0.0000E+00,      1.0265E+03,      6.0333E+01,      1.3573E+02,      1.7080E+03,      3.9533E+01       
5.0000E-02,      5.5000E-01,      3.9000E-03,      9.0000E+00,      0.0000E+00,      1.0113E+03,      6.1000E+01,      1.3433E+02,      1.7011E+03,      4.0067E+01       
5.0000E-02,      5.5000E-01,      4.0000E-03,      9.0000E+00,      0.0000E+00,      1.0098E+03,      5.9467E+01,      1.3847E+02,      1.6919E+03,      4.0800E+01       
5.0000E-02,      5.7500E-01,      2.0000E-03,      9.0000E+00,      0.0000E+00,      1.1129E+03,      5.1400E+01,      1.4527E+02,      1.8012E+03,      4.2133E+01       
5.0000E-02,      5.7500E-01,      2.1000E-03,      9.0000E+00,      0.0000E+00,      1.0609E+03,      5.0533E+01,      1.3973E+02,      1.7422E+03,      4.4400E+01       
5.0000E-02,      5.7500E-01,      2.2000E-03,      9.0000E+00,      0.0000E+00,      1.0853E+03,      4.6533E+01,      1.3793E+02,      1.7658E+03,      4.0267E+01       
5.0000E-02,      5.7500E-01,      2.3000E-03,      9.0000E+00,      0.0000E+00,      1.1029E+03,      6.2267E+01,      1.4200E+02,      1.8043E+03,      4.4933E+01       
5.0000E-02,      5.7500E-01,      2.4000E-03,      9.0000E+00,      0.0000E+00,      1.0817E+03,      6.7400E+01,      1.4107E+02,      1.7821E+03,      4.2800E+01       
5.0000E-02,      5.7500E-01,      2.5000E-03,      9.0000E+00,      0.0000E+00,      1.0994E+03,      6.6933E+01,      1.4507E+02,      1.8037E+03,      4.3000E+01       
5.0000E-02,      5.7500E-01,      2.6000E-03,      9.0000E+00,      0.0000E+00,      1.1061E+03,      7.2600E+01,      1.4347E+02,      1.8091E+03,      4.6067E+01       
5.0000E-02,      5.7500E-01,      2.7000E-03,      9.0000E+00,      0.0000E+00,      1.0860E+03,      7.1000E+01,      1.4393E+02,      1.7888E+03,      4.4467E+01       
5.0000E-02,      5.7500E-01,      2.8000E-03,      9.0000E+00,      0.0000E+00,      1.0653E+03,      6.5267E+01,      1.4420E+02,      1.7553E+03,      4.1733E+01       
5.0000E-02,      5.7500E-01,      2.9000E-03,      9.0000E+00,      0.0000E+00,      1.0796E+03,      6.6667E+01,      1.3800E+02,      1.7803E+03,      4.0200E+01       
5.0000E-02,      5.7500E-01,      3.0000E-03,      9.0000E+00,      0.0000E+00,      1.1197E+03,      6.8867E+01,      1.4560E+02,      1.8182E+03,      4.5000E+01       
5.0000E-02,      5.7500E-01,      3.1000E-03,      9.0000E+00,      0.0000E+00,      1.0928E+03,      6.5867E+01,      1.4447E+02,      1.7850E+03,      4.4600E+01       
5.0000E-02,      5.7500E-01,      3.2000E-03,      9.0000E+00,      0.0000E+00,      1.1013E+03,      7.2000E+01,      1.4033E+02,      1.8085E+03,      4.5467E+01       
5.0000E-02,      5.7500E-01,      3.3000E-03,      9.0000E+00,      0.0000E+00,      1.1011E+03,      7.0600E+01,      1.4533E+02,      1.8031E+03,      4.4733E+01       
5.0000E-02,      5.7500E-01,      3.4000E-03,      9.0000E+00,      0.0000E+00,      1.1281E+03,      6.6867E+01,      1.4367E+02,      1.8318E+03,      4.6733E+01       
5.0000E-02,      5.7500E-01,      3.5000E-03,      9.0000E+00,      0.0000E+00,      1.0794E+03,      6.5400E+01,      1.4133E+02,      1.7801E+03,      4.5067E+01       
5.0000E-02,      5.7500E-01,      3.6000E-03,      9.0000E+00,      0.0000E+00,      1.1267E+03,      7.2867E+01,      1.4440E+02,      1.8293E+03,      4.7933E+01       
5.0000E-02,      5.7500E-01,      3.7000E-03,      9.0000E+00,      0.0000E+00,      1.0747E+03,      6.3667E+01,      1.4267E+02,      1.7657E+03,      4.2800E+01       
5.0000E-02,      5.7500E-01,      3.8000E-03,      9.0000E+00,      0.0000E+00,      1.1263E+03,      6.7667E+01,      1.4420E+02,      1.8362E+03,      4.6067E+01       
5.0000E-02,      5.7500E-01,      3.9000E-03,      9.0000E+00,      0.0000E+00,      1.0973E+03,      6.6800E+01,      1.4793E+02,      1.7935E+03,      4.1667E+01       
5.0000E-02,      5.7500E-01,      4.0000E-03,      9.0000E+00,      0.0000E+00,      1.1287E+03,      6.5333E+01,      1.4020E+02,      1.8293E+03,      4.5733E+01       
5.0000E-02,      6.0000E-01,      2.0000E-03,      9.0000E+00,      0.0000E+00,      1.1278E+03,      5.1733E+01,      1.4067E+02,      1.8189E+03,      4.4267E+01       
5.0000E-02,      6.0000E-01,      2.1000E-03,      9.0000E+00,      0.0000E+00,      1.2151E+03,      5.6400E+01,      1.4893E+02,      1.9130E+03,      4.8200E+01       
5.0000E-02,      6.0000E-01,      2.2000E-03,      9.0000E+00,      0.0000E+00,      1.1448E+03,      5.4533E+01,      1.5193E+02,      1.8458E+03,      4.4733E+01       
5.0000E-02,      6.0000E-01,      2.3000E-03,      9.0000E+00,      0.0000E+00,      1.1642E+03,      6.2733E+01,      1.5033E+02,      1.8659E+03,      5.0667E+01       
5.0000E-02,      6.0000E-01,      2.4000E-03,      9.0000E+00,      0.0000E+00,      1.2158E+03,      7.4000E+01,      1.5500E+02,      1.9115E+03,      4.6867E+01       
5.0000E-02,      6.0000E-01,      2.5000E-03,      9.0000E+00,      0.0000E+00,      1.1301E+03,      7.9067E+01,      1.4860E+02,      1.8353E+03,      4.5733E+01       
5.0000E-02,      6.0000E-01,      2.6000E-03,      9.0000E+00,      0.0000E+00,      1.2246E+03,      8.2400E+01,      1.5547E+02,      1.9346E+03,      5.1467E+01       
5.0000E-02,      6.0000E-01,      2.7000E-03,      9.0000E+00,      0.0000E+00,      1.1745E+03,      7.6400E+01,      1.5120E+02,      1.8786E+03,      4.6933E+01       
5.0000E-02,      6.0000E-01,      2.8000E-03,      9.0000E+00,      0.0000E+00,      1.1750E+03,      8.2600E+01,      1.5247E+02,      1.9014E+03,      4.8000E+01       
5.0000E-02,      6.0000E-01,      2.9000E-03,      9.0000E+00,      0.0000E+00,      1.2159E+03,      7.8733E+01,      1.5420E+02,      1.9364E+03,      4.8800E+01       
5.0000E-02,      6.0000E-01,      3.0000E-03,      9.0000E+00,      0.0000E+00,      1.1622E+03,      7.1733E+01,      1.4693E+02,      1.8670E+03,      4.2333E+01       
5.0000E-02,      6.0000E-01,      3.1000E-03,      9.0000E+00,      0.0000E+00,      1.1429E+03,      7.5400E+01,      1.4867E+02,      1.8546E+03,      4.7000E+01       
5.0000E-02,      6.0000E-01,      3.2000E-03,      9.0000E+00,      0.0000E+00,      1.2238E+03,      7.9067E+01,      1.5360E+02,      1.9416E+03,      4.8933E+01       
5.0000E-02,      6.0000E-01,      3.3000E-03,      9.0000E+00,      0.0000E+00,      1.1443E+03,      7.2467E+01,      1.4727E+02,      1.8535E+03,      4.5733E+01       
5.0000E-02,      6.0000E-01,      3.4000E-03,      9.0000E+00,      0.0000E+00,      1.2314E+03,      7.5867E+01,      1.5220E+02,      1.9428E+03,      4.6867E+01       
5.0000E-02,      6.0000E-01,      3.5000E-03,      9.0000E+00,      0.0000E+00,      1.1337E+03,      7.2200E+01,      1.4813E+02,      1.8353E+03,      4.5200E+01       
5.0000E-02,      6.0000E-01,      3.6000E-03,      9.0000E+00,      0.0000E+00,      1.1793E+03,      7.9333E+01,      1.5573E+02,      1.8868E+03,      4.8867E+01       
5.0000E-02,      6.0000E-01,      3.7000E-03,      9.0000E+00,      0.0000E+00,      1.2533E+03,      8.2733E+01,      1.5087E+02,      1.9757E+03,      4.3867E+01       
5.0000E-02,      6.0000E-01,      3.8000E-03,      9.0000E+00,      0.0000E+00,      1.1904E+03,      7.6133E+01,      1.5807E+02,      1.8905E+03,      4.6533E+01       
5.0000E-02,      6.0000E-01,      3.9000E-03,      9.0000E+00,      0.0000E+00,      1.1357E+03,      7.5267E+01,      1.4827E+02,      1.8518E+03,      4.7400E+01       
5.0000E-02,      6.0000E-01,      4.0000E-03,      9.0000E+00,      0.0000E+00,      1.1901E+03,      7.2400E+01,      1.5020E+02,      1.9002E+03,      4.5600E+01       
5.0000E-02,      6.2500E-01,      2.0000E-03,      9.0000E+00,      0.0000E+00,      1.2469E+03,      5.8333E+01,      1.6000E+02,      1.9331E+03,      4.9933E+01       
5.0000E-02,      6.2500E-01,      2.1000E-03,      9.0000E+00,      0.0000E+00,      1.2433E+03,      5.9200E+01,      1.4947E+02,      1.9493E+03,      4.6733E+01       
5.0000E-02,      6.2500E-01,      2.2000E-03,      9.0000E+00,      0.0000E+00,      1.2889E+03,      5.7333E+01,      1.5227E+02,      1.9923E+03,      5.3400E+01       
5.0000E-02,      6.2500E-01,      2.3000E-03,      9.0000E+00,      0.0000E+00,      1.2338E+03,      6.9600E+01,      1.5593E+02,      1.9472E+03,      5.0000E+01       
5.0000E-02,      6.2500E-01,      2.4000E-03,      9.0000E+00,      0.0000E+00,      1.2773E+03,      8.5667E+01,      1.5520E+02,      2.0014E+03,      5.2333E+01       
5.0000E-02,      6.2500E-01,      2.5000E-03,      9.0000E+00,      0.0000E+00,      1.2563E+03,      8.5800E+01,      1.5920E+02,      1.9712E+03,      5.0000E+01       
5.0000E-02,      6.2500E-01,      2.6000E-03,      9.0000E+00,      0.0000E+00,      1.3347E+03,      8.9600E+01,      1.6160E+02,      2.0693E+03,      5.5867E+01       
5.0000E-02,      6.2500E-01,      2.7000E-03,      9.0000E+00,      0.0000E+00,      1.3259E+03,      8.5733E+01,      1.6567E+02,      2.0392E+03,      4.9467E+01       
5.0000E-02,      6.2500E-01,      2.8000E-03,      9.0000E+00,      0.0000E+00,      1.2893E+03,      8.5800E+01,      1.5940E+02,      2.0059E+03,      5.0733E+01       
5.0000E-02,      6.2500E-01,      2.9000E-03,      9.0000E+00,      0.0000E+00,      1.3213E+03,      8.9133E+01,      1.6373E+02,      2.0262E+03,      5.0400E+01       
5.0000E-02,      6.2500E-01,      3.0000E-03,      9.0000E+00,      0.0000E+00,      1.2792E+03,      8.4867E+01,      1.6147E+02,      1.9947E+03,      5.3000E+01       
5.0000E-02,      6.2500E-01,      3.1000E-03,      9.0000E+00,      0.0000E+00,      1.2611E+03,      8.6333E+01,      1.5693E+02,      1.9796E+03,      4.7933E+01       
5.0000E-02,      6.2500E-01,      3.2000E-03,      9.0000E+00,      0.0000E+00,      1.2653E+03,      8.1400E+01,      1.5747E+02,      1.9766E+03,      5.2133E+01       
5.0000E-02,      6.2500E-01,      3.3000E-03,      8.8667E+00,      3.5187E-01,      1.3177E+03,      9.2200E+01,      1.6267E+02,      2.0399E+03,      5.2733E+01       
5.0000E-02,      6.2500E-01,      3.4000E-03,      9.0000E+00,      0.0000E+00,      1.2797E+03,      8.7400E+01,      1.5813E+02,      1.9973E+03,      4.9333E+01       
5.0000E-02,      6.2500E-01,      3.5000E-03,      9.0000E+00,      0.0000E+00,      1.2707E+03,      9.1000E+01,      1.6360E+02,      1.9925E+03,      5.0400E+01       
5.0000E-02,      6.2500E-01,      3.6000E-03,      9.0000E+00,      0.0000E+00,      1.2514E+03,      8.4067E+01,      1.6273E+02,      1.9633E+03,      4.7333E+01       
5.0000E-02,      6.2500E-01,      3.7000E-03,      9.0000E+00,      0.0000E+00,      1.3018E+03,      8.5600E+01,      1.6007E+02,      2.0250E+03,      4.9733E+01       
5.0000E-02,      6.2500E-01,      3.8000E-03,      9.0000E+00,      0.0000E+00,      1.3043E+03,      9.3200E+01,      1.6307E+02,      2.0235E+03,      5.0867E+01       
5.0000E-02,      6.2500E-01,      3.9000E-03,      9.0000E+00,      0.0000E+00,      1.2503E+03,      8.0733E+01,      1.5260E+02,      1.9654E+03,      5.1667E+01       
5.0000E-02,      6.2500E-01,      4.0000E-03,      9.0000E+00,      0.0000E+00,      1.2545E+03,      7.9400E+01,      1.5840E+02,      1.9609E+03,      4.9267E+01       
5.0000E-02,      6.5000E-01,      2.0000E-03,      9.0000E+00,      0.0000E+00,      1.3590E+03,      6.6867E+01,      1.6440E+02,      2.0599E+03,      5.3000E+01       
5.0000E-02,      6.5000E-01,      2.1000E-03,      9.0000E+00,      0.0000E+00,      1.2668E+03,      6.5000E+01,      1.5687E+02,      1.9722E+03,      5.0600E+01       
5.0000E-02,      6.5000E-01,      2.2000E-03,      9.0000E+00,      0.0000E+00,      1.3247E+03,      6.6267E+01,      1.6207E+02,      2.0199E+03,      5.2467E+01       
5.0000E-02,      6.5000E-01,      2.3000E-03,      9.0000E+00,      0.0000E+00,      1.3619E+03,      7.9800E+01,      1.6653E+02,      2.0770E+03,      5.7867E+01       
5.0000E-02,      6.5000E-01,      2.4000E-03,      8.8667E+00,      5.1640E-01,      1.4025E+03,      9.6400E+01,      1.7220E+02,      2.1220E+03,      5.6667E+01       
5.0000E-02,      6.5000E-01,      2.5000E-03,      9.0000E+00,      0.0000E+00,      1.3819E+03,      9.7933E+01,      1.7133E+02,      2.1101E+03,      5.3200E+01       
5.0000E-02,      6.5000E-01,      2.6000E-03,      8.9333E+00,      2.5820E-01,      1.3610E+03,      8.6200E+01,      1.6467E+02,      2.0710E+03,      4.9800E+01       
5.0000E-02,      6.5000E-01,      2.7000E-03,      9.0000E+00,      0.0000E+00,      1.4271E+03,      9.3733E+01,      1.7760E+02,      2.1429E+03,      5.5200E+01       
5.0000E-02,      6.5000E-01,      2.8000E-03,      9.0000E+00,      0.0000E+00,      1.4149E+03,      9.4400E+01,      1.6647E+02,      2.1450E+03,      5.6667E+01       
5.0000E-02,      6.5000E-01,      2.9000E-03,      9.0000E+00,      0.0000E+00,      1.3117E+03,      8.6400E+01,      1.6413E+02,      2.0335E+03,      5.2467E+01       
5.0000E-02,      6.5000E-01,      3.0000E-03,      9.0000E+00,      0.0000E+00,      1.4538E+03,      9.8800E+01,      1.7560E+02,      2.1765E+03,      5.7400E+01       
5.0000E-02,      6.5000E-01,      3.1000E-03,      9.0000E+00,      0.0000E+00,      1.3727E+03,      9.0333E+01,      1.6700E+02,      2.0915E+03,      5.5800E+01       
5.0000E-02,      6.5000E-01,      3.2000E-03,      9.0000E+00,      0.0000E+00,      1.3759E+03,      9.5533E+01,      1.7160E+02,      2.0947E+03,      5.2600E+01       
5.0000E-02,      6.5000E-01,      3.3000E-03,      9.0000E+00,      0.0000E+00,      1.4143E+03,      9.7267E+01,      1.6927E+02,      2.1397E+03,      5.3533E+01       
5.0000E-02,      6.5000E-01,      3.4000E-03,      8.9333E+00,      2.5820E-01,      1.4011E+03,      9.5867E+01,      1.7147E+02,      2.1195E+03,      5.6733E+01       
5.0000E-02,      6.5000E-01,      3.5000E-03,      8.8000E+00,      4.1404E-01,      1.3648E+03,      9.5400E+01,      1.6507E+02,      2.0969E+03,      5.4667E+01       
5.0000E-02,      6.5000E-01,      3.6000E-03,      9.0000E+00,      0.0000E+00,      1.4137E+03,      9.8133E+01,      1.6920E+02,      2.1407E+03,      5.4333E+01       
5.0000E-02,      6.5000E-01,      3.7000E-03,      9.0000E+00,      0.0000E+00,      1.3538E+03,      9.5467E+01,      1.6707E+02,      2.0781E+03,      5.4467E+01       
5.0000E-02,      6.5000E-01,      3.8000E-03,      9.0000E+00,      0.0000E+00,      1.3422E+03,      9.8000E+01,      1.6800E+02,      2.0759E+03,      5.4067E+01       
5.0000E-02,      6.5000E-01,      3.9000E-03,      8.9333E+00,      2.5820E-01,      1.4006E+03,      9.4800E+01,      1.6953E+02,      2.1289E+03,      5.7933E+01       
5.0000E-02,      6.5000E-01,      4.0000E-03,      8.9333E+00,      2.5820E-01,      1.4013E+03,      9.7667E+01,      1.7227E+02,      2.1271E+03,      5.7600E+01       
5.0000E-02,      6.7500E-01,      2.0000E-03,      8.8000E+00,      5.6061E-01,      1.4819E+03,      7.9200E+01,      1.7487E+02,      2.1951E+03,      5.8267E+01       
5.0000E-02,      6.7500E-01,      2.1000E-03,      8.9333E+00,      2.5820E-01,      1.4580E+03,      8.2400E+01,      1.7753E+02,      2.1789E+03,      5.6600E+01       
5.0000E-02,      6.7500E-01,      2.2000E-03,      8.9333E+00,      2.5820E-01,      1.4115E+03,      7.9867E+01,      1.7120E+02,      2.1283E+03,      5.7000E+01       
5.0000E-02,      6.7500E-01,      2.3000E-03,      8.7333E+00,      7.9881E-01,      1.3989E+03,      9.0000E+01,      1.6827E+02,      2.1099E+03,      5.7067E+01       
5.0000E-02,      6.7500E-01,      2.4000E-03,      8.8000E+00,      4.1404E-01,      1.5273E+03,      1.0400E+02,      1.7787E+02,      2.2571E+03,      6.1000E+01       
5.0000E-02,      6.7500E-01,      2.5000E-03,      8.8000E+00,      4.1404E-01,      1.4171E+03,      1.0833E+02,      1.7793E+02,      2.1478E+03,      5.6733E+01       
5.0000E-02,      6.7500E-01,      2.6000E-03,      8.8000E+00,      4.1404E-01,      1.4797E+03,      1.0433E+02,      1.7667E+02,      2.2165E+03,      5.8933E+01       
5.0000E-02,      6.7500E-01,      2.7000E-03,      8.9333E+00,      2.5820E-01,      1.4873E+03,      1.0547E+02,      1.7753E+02,      2.2129E+03,      6.1200E+01       
5.0000E-02,      6.7500E-01,      2.8000E-03,      8.9333E+00,      2.5820E-01,      1.5480E+03,      1.1313E+02,      1.8600E+02,      2.2817E+03,      6.3600E+01       
5.0000E-02,      6.7500E-01,      2.9000E-03,      8.6667E+00,      4.8795E-01,      1.4908E+03,      1.0653E+02,      1.8173E+02,      2.2111E+03,      5.9600E+01       
5.0000E-02,      6.7500E-01,      3.0000E-03,      8.8000E+00,      4.1404E-01,      1.4545E+03,      1.0747E+02,      1.8607E+02,      2.1623E+03,      5.5467E+01       
5.0000E-02,      6.7500E-01,      3.1000E-03,      8.8667E+00,      3.5187E-01,      1.4809E+03,      1.0447E+02,      1.7607E+02,      2.2129E+03,      6.0600E+01       
5.0000E-02,      6.7500E-01,      3.2000E-03,      8.8000E+00,      4.1404E-01,      1.5137E+03,      1.0773E+02,      1.7793E+02,      2.2452E+03,      6.1000E+01       
5.0000E-02,      6.7500E-01,      3.3000E-03,      8.8000E+00,      4.1404E-01,      1.4767E+03,      1.0633E+02,      1.7947E+02,      2.2103E+03,      6.0533E+01       
5.0000E-02,      6.7500E-01,      3.4000E-03,      8.4667E+00,      7.4322E-01,      1.4902E+03,      1.1393E+02,      1.8760E+02,      2.2067E+03,      5.6400E+01       
5.0000E-02,      6.7500E-01,      3.5000E-03,      8.6667E+00,      6.1721E-01,      1.4657E+03,      1.0553E+02,      1.7680E+02,      2.1881E+03,      5.7867E+01       
5.0000E-02,      6.7500E-01,      3.6000E-03,      8.7333E+00,      7.9881E-01,      1.4647E+03,      1.1107E+02,      1.7553E+02,      2.1975E+03,      6.1667E+01       
5.0000E-02,      6.7500E-01,      3.7000E-03,      8.6667E+00,      4.8795E-01,      1.4823E+03,      1.0933E+02,      1.7693E+02,      2.2161E+03,      5.7200E+01       
5.0000E-02,      6.7500E-01,      3.8000E-03,      8.6667E+00,      6.1721E-01,      1.4822E+03,      1.1827E+02,      1.8320E+02,      2.2055E+03,      5.5267E+01       
5.0000E-02,      6.7500E-01,      3.9000E-03,      8.7333E+00,      4.5774E-01,      1.5367E+03,      1.0927E+02,      1.8273E+02,      2.2653E+03,      6.1733E+01       
5.0000E-02,      6.7500E-01,      4.0000E-03,      8.8000E+00,      4.1404E-01,      1.4889E+03,      1.0553E+02,      1.7940E+02,      2.2206E+03,      5.9133E+01       
5.0000E-02,      7.0000E-01,      2.0000E-03,      8.9333E+00,      2.5820E-01,      1.5176E+03,      8.2600E+01,      1.8020E+02,      2.2275E+03,      6.1400E+01       
5.0000E-02,      7.0000E-01,      2.1000E-03,      8.8667E+00,      3.5187E-01,      1.5643E+03,      8.6533E+01,      1.8353E+02,      2.2730E+03,      6.1533E+01       
5.0000E-02,      7.0000E-01,      2.2000E-03,      8.6000E+00,      5.0709E-01,      1.5904E+03,      9.1333E+01,      1.9033E+02,      2.3059E+03,      6.1467E+01       
5.0000E-02,      7.0000E-01,      2.3000E-03,      8.6000E+00,      5.0709E-01,      1.5661E+03,      1.0087E+02,      1.9000E+02,      2.2685E+03,      6.1733E+01       
5.0000E-02,      7.0000E-01,      2.4000E-03,      8.6667E+00,      6.1721E-01,      1.5665E+03,      1.1613E+02,      1.8860E+02,      2.2919E+03,      6.3933E+01       
5.0000E-02,      7.0000E-01,      2.5000E-03,      8.2000E+00,      6.7612E-01,      1.4745E+03,      1.1693E+02,      1.9560E+02,      2.1665E+03,      5.2133E+01       
5.0000E-02,      7.0000E-01,      2.6000E-03,      8.1333E+00,      7.4322E-01,      1.4963E+03,      1.2433E+02,      1.8873E+02,      2.2082E+03,      5.9133E+01       
5.0000E-02,      7.0000E-01,      2.7000E-03,      8.0667E+00,      7.0373E-01,      1.4840E+03,      1.1500E+02,      1.8560E+02,      2.1775E+03,      5.7133E+01       
5.0000E-02,      7.0000E-01,      2.8000E-03,      8.3333E+00,      7.2375E-01,      1.4589E+03,      1.0807E+02,      1.8627E+02,      2.1551E+03,      5.0000E+01       
5.0000E-02,      7.0000E-01,      2.9000E-03,      8.2667E+00,      7.9881E-01,      1.5096E+03,      1.1960E+02,      1.8787E+02,      2.2126E+03,      6.3133E+01       
5.0000E-02,      7.0000E-01,      3.0000E-03,      8.3333E+00,      7.2375E-01,      1.5837E+03,      1.1993E+02,      1.9167E+02,      2.2983E+03,      5.6467E+01       
5.0000E-02,      7.0000E-01,      3.1000E-03,      8.0000E+00,      7.5593E-01,      1.5009E+03,      1.1640E+02,      1.9060E+02,      2.1993E+03,      5.8733E+01       
5.0000E-02,      7.0000E-01,      3.2000E-03,      8.6667E+00,      6.1721E-01,      1.4981E+03,      1.1687E+02,      1.8087E+02,      2.2392E+03,      5.8400E+01       
5.0000E-02,      7.0000E-01,      3.3000E-03,      8.0667E+00,      7.9881E-01,      1.5156E+03,      1.1967E+02,      1.8867E+02,      2.2041E+03,      5.9533E+01       
5.0000E-02,      7.0000E-01,      3.4000E-03,      8.1333E+00,      8.3381E-01,      1.5371E+03,      1.2160E+02,      1.8953E+02,      2.2417E+03,      5.5933E+01       
5.0000E-02,      7.0000E-01,      3.5000E-03,      8.0667E+00,      8.8372E-01,      1.5315E+03,      1.1553E+02,      1.8620E+02,      2.2355E+03,      6.2267E+01       
5.0000E-02,      7.0000E-01,      3.6000E-03,      8.0667E+00,      1.0328E+00,      1.4659E+03,      1.1687E+02,      1.8807E+02,      2.1512E+03,      5.8400E+01       
5.0000E-02,      7.0000E-01,      3.7000E-03,      8.5333E+00,      6.3994E-01,      1.5628E+03,      1.1773E+02,      1.8460E+02,      2.2947E+03,      6.2267E+01       
5.0000E-02,      7.0000E-01,      3.8000E-03,      8.3333E+00,      8.1650E-01,      1.5301E+03,      1.1987E+02,      1.9320E+02,      2.2421E+03,      6.0533E+01       
5.0000E-02,      7.0000E-01,      3.9000E-03,      8.0000E+00,      1.0000E+00,      1.4365E+03,      1.2273E+02,      1.8733E+02,      2.1295E+03,      5.1467E+01       
5.0000E-02,      7.0000E-01,      4.0000E-03,      7.8667E+00,      1.0601E+00,      1.4911E+03,      1.1700E+02,      1.8667E+02,      2.1723E+03,      5.5133E+01       
5.0000E-02,      7.2500E-01,      2.0000E-03,      8.2000E+00,      6.7612E-01,      1.5629E+03,      9.6267E+01,      1.8727E+02,      2.2433E+03,      6.1933E+01       
5.0000E-02,      7.2500E-01,      2.1000E-03,      8.1333E+00,      6.3994E-01,      1.5504E+03,      8.9200E+01,      1.8667E+02,      2.2263E+03,      6.3200E+01       
5.0000E-02,      7.2500E-01,      2.2000E-03,      8.1333E+00,      7.4322E-01,      1.5935E+03,      9.1133E+01,      1.9260E+02,      2.2805E+03,      6.4667E+01       
5.0000E-02,      7.2500E-01,      2.3000E-03,      8.2667E+00,      5.9362E-01,      1.6001E+03,      1.0613E+02,      1.8900E+02,      2.3019E+03,      6.7067E+01       
5.0000E-02,      7.2500E-01,      2.4000E-03,      7.6000E+00,      8.2808E-01,      1.4003E+03,      1.2413E+02,      1.8693E+02,      2.0698E+03,      5.2400E+01       
5.0000E-02,      7.2500E-01,      2.5000E-03,      7.4667E+00,      9.1548E-01,      1.3968E+03,      1.2687E+02,      1.9540E+02,      2.0345E+03,      4.9733E+01       
5.0000E-02,      7.2500E-01,      2.6000E-03,      7.8667E+00,      8.3381E-01,      1.5124E+03,      1.1887E+02,      1.9187E+02,      2.1949E+03,      5.5533E+01       
5.0000E-02,      7.2500E-01,      2.7000E-03,      7.9333E+00,      8.8372E-01,      1.4296E+03,      1.1107E+02,      1.7980E+02,      2.1191E+03,      5.2133E+01       
5.0000E-02,      7.2500E-01,      2.8000E-03,      7.3333E+00,      6.1721E-01,      1.4442E+03,      1.3020E+02,      1.9593E+02,      2.1065E+03,      5.5533E+01       
5.0000E-02,      7.2500E-01,      2.9000E-03,      7.4667E+00,      8.3381E-01,      1.4795E+03,      1.2567E+02,      1.8827E+02,      2.1500E+03,      5.5000E+01       
5.0000E-02,      7.2500E-01,      3.0000E-03,      7.2000E+00,      7.7460E-01,      1.4044E+03,      1.2393E+02,      1.8967E+02,      2.0403E+03,      5.2867E+01       
5.0000E-02,      7.2500E-01,      3.1000E-03,      7.8667E+00,      9.1548E-01,      1.4915E+03,      1.2420E+02,      1.8907E+02,      2.1799E+03,      5.8867E+01       
5.0000E-02,      7.2500E-01,      3.2000E-03,      7.6000E+00,      1.0556E+00,      1.4719E+03,      1.2313E+02,      1.9007E+02,      2.1385E+03,      5.5333E+01       
5.0000E-02,      7.2500E-01,      3.3000E-03,      8.0000E+00,      8.4515E-01,      1.5293E+03,      1.2173E+02,      1.9600E+02,      2.2154E+03,      5.9133E+01       
5.0000E-02,      7.2500E-01,      3.4000E-03,      7.6667E+00,      1.1751E+00,      1.4783E+03,      1.2567E+02,      1.9173E+02,      2.1465E+03,      5.6200E+01       
5.0000E-02,      7.2500E-01,      3.5000E-03,      7.9333E+00,      1.0998E+00,      1.5074E+03,      1.2240E+02,      2.0053E+02,      2.1776E+03,      5.7333E+01       
5.0000E-02,      7.2500E-01,      3.6000E-03,      8.0667E+00,      8.8372E-01,      1.4855E+03,      1.2133E+02,      1.9580E+02,      2.1769E+03,      5.7533E+01       
5.0000E-02,      7.2500E-01,      3.7000E-03,      8.0667E+00,      8.8372E-01,      1.5555E+03,      1.2033E+02,      1.9133E+02,      2.2531E+03,      5.8867E+01       
5.0000E-02,      7.2500E-01,      3.8000E-03,      7.4667E+00,      8.3381E-01,      1.4572E+03,      1.2520E+02,      1.9413E+02,      2.1119E+03,      5.3333E+01       
5.0000E-02,      7.2500E-01,      3.9000E-03,      7.6667E+00,      7.2375E-01,      1.4590E+03,      1.3013E+02,      1.9593E+02,      2.1348E+03,      5.5600E+01       
5.0000E-02,      7.2500E-01,      4.0000E-03,      7.6667E+00,      8.9974E-01,      1.5075E+03,      1.2413E+02,      1.9227E+02,      2.1821E+03,      5.6333E+01       
5.0000E-02,      7.5000E-01,      2.0000E-03,      7.2667E+00,      7.0373E-01,      1.4878E+03,      9.4133E+01,      1.8993E+02,      2.1145E+03,      5.7000E+01       
5.0000E-02,      7.5000E-01,      2.1000E-03,      7.4667E+00,      9.9043E-01,      1.4655E+03,      9.6000E+01,      1.9360E+02,      2.0937E+03,      5.7467E+01       
5.0000E-02,      7.5000E-01,      2.2000E-03,      7.2000E+00,      1.0142E+00,      1.4433E+03,      1.0300E+02,      1.9087E+02,      2.0487E+03,      5.1667E+01       
5.0000E-02,      7.5000E-01,      2.3000E-03,      7.4000E+00,      8.2808E-01,      1.5023E+03,      1.1373E+02,      1.9047E+02,      2.1420E+03,      5.4000E+01       
5.0000E-02,      7.5000E-01,      2.4000E-03,      7.0667E+00,      1.2799E+00,      1.3793E+03,      1.2940E+02,      1.9180E+02,      1.9926E+03,      5.2333E+01       
5.0000E-02,      7.5000E-01,      2.5000E-03,      7.0000E+00,      8.4515E-01,      1.4229E+03,      1.3840E+02,      2.0193E+02,      2.0483E+03,      5.3000E+01       
5.0000E-02,      7.5000E-01,      2.6000E-03,      6.8667E+00,      7.4322E-01,      1.3788E+03,      1.3227E+02,      1.9420E+02,      1.9976E+03,      5.0867E+01       
5.0000E-02,      7.5000E-01,      2.7000E-03,      6.9333E+00,      7.0373E-01,      1.4125E+03,      1.3167E+02,      1.9320E+02,      2.0381E+03,      4.9267E+01       
5.0000E-02,      7.5000E-01,      2.8000E-03,      6.7333E+00,      8.8372E-01,      1.3648E+03,      1.4093E+02,      1.9613E+02,      1.9848E+03,      5.4600E+01       
5.0000E-02,      7.5000E-01,      2.9000E-03,      7.0667E+00,      1.2799E+00,      1.4249E+03,      1.3200E+02,      1.9300E+02,      2.0620E+03,      5.5400E+01       
5.0000E-02,      7.5000E-01,      3.0000E-03,      7.4000E+00,      1.0556E+00,      1.4775E+03,      1.3200E+02,      1.9887E+02,      2.1348E+03,      5.4467E+01       
5.0000E-02,      7.5000E-01,      3.1000E-03,      6.8667E+00,      9.9043E-01,      1.3565E+03,      1.3100E+02,      1.9307E+02,      1.9622E+03,      4.7333E+01       
5.0000E-02,      7.5000E-01,      3.2000E-03,      6.5333E+00,      9.9043E-01,      1.3320E+03,      1.3307E+02,      2.0247E+02,      1.9263E+03,      4.8600E+01       
5.0000E-02,      7.5000E-01,      3.3000E-03,      6.7333E+00,      7.9881E-01,      1.3319E+03,      1.3380E+02,      1.9380E+02,      1.9348E+03,      4.6067E+01       
5.0000E-02,      7.5000E-01,      3.4000E-03,      7.1333E+00,      6.3994E-01,      1.4025E+03,      1.3173E+02,      1.9933E+02,      2.0385E+03,      5.3667E+01       
5.0000E-02,      7.5000E-01,      3.5000E-03,      7.0000E+00,      9.2582E-01,      1.4152E+03,      1.3373E+02,      2.0080E+02,      2.0444E+03,      5.3067E+01       
5.0000E-02,      7.5000E-01,      3.6000E-03,      7.0000E+00,      7.5593E-01,      1.4031E+03,      1.2960E+02,      1.8947E+02,      2.0326E+03,      4.9200E+01       
5.0000E-02,      7.5000E-01,      3.7000E-03,      7.0000E+00,      1.1339E+00,      1.4077E+03,      1.3187E+02,      1.9593E+02,      2.0346E+03,      5.5267E+01       
5.0000E-02,      7.5000E-01,      3.8000E-03,      6.4667E+00,      5.1640E-01,      1.2826E+03,      1.3740E+02,      1.9227E+02,      1.8617E+03,      4.3200E+01       
5.0000E-02,      7.5000E-01,      3.9000E-03,      7.0000E+00,      1.0000E+00,      1.3815E+03,      1.2820E+02,      1.8793E+02,      2.0082E+03,      5.1000E+01       
5.0000E-02,      7.5000E-01,      4.0000E-03,      6.7333E+00,      8.8372E-01,      1.3163E+03,      1.2860E+02,      1.9047E+02,      1.9123E+03,      4.7200E+01       
5.0000E-02,      7.7500E-01,      2.0000E-03,      6.8667E+00,      9.9043E-01,      1.4409E+03,      1.0227E+02,      1.9987E+02,      2.0327E+03,      4.9200E+01       
5.0000E-02,      7.7500E-01,      2.1000E-03,      6.4667E+00,      8.3381E-01,      1.3596E+03,      1.0847E+02,      1.9620E+02,      1.9243E+03,      4.8533E+01       
5.0000E-02,      7.7500E-01,      2.2000E-03,      6.6667E+00,      1.1127E+00,      1.3535E+03,      1.0220E+02,      1.9967E+02,      1.9175E+03,      4.5867E+01       
5.0000E-02,      7.7500E-01,      2.3000E-03,      6.4000E+00,      8.2808E-01,      1.2990E+03,      1.1947E+02,      1.9620E+02,      1.8632E+03,      4.9600E+01       
5.0000E-02,      7.7500E-01,      2.4000E-03,      6.4667E+00,      9.1548E-01,      1.2954E+03,      1.3507E+02,      1.9280E+02,      1.8859E+03,      4.9800E+01       
5.0000E-02,      7.7500E-01,      2.5000E-03,      6.0667E+00,      9.6115E-01,      1.2437E+03,      1.3827E+02,      1.9407E+02,      1.8108E+03,      4.3800E+01       
5.0000E-02,      7.7500E-01,      2.6000E-03,      6.1333E+00,      7.4322E-01,      1.2453E+03,      1.4060E+02,      1.9773E+02,      1.8136E+03,      4.3467E+01       
5.0000E-02,      7.7500E-01,      2.7000E-03,      6.0000E+00,      1.1339E+00,      1.2431E+03,      1.4133E+02,      1.8820E+02,      1.8109E+03,      4.0867E+01       
5.0000E-02,      7.7500E-01,      2.8000E-03,      5.7333E+00,      7.0373E-01,      1.1397E+03,      1.4207E+02,      1.8640E+02,      1.6613E+03,      3.6200E+01       
5.0000E-02,      7.7500E-01,      2.9000E-03,      6.4667E+00,      9.1548E-01,      1.2925E+03,      1.3593E+02,      1.9127E+02,      1.8719E+03,      4.7600E+01       
5.0000E-02,      7.7500E-01,      3.0000E-03,      6.1333E+00,      9.1548E-01,      1.2634E+03,      1.3640E+02,      1.9607E+02,      1.8135E+03,      4.5733E+01       
5.0000E-02,      7.7500E-01,      3.1000E-03,      6.0667E+00,      7.0373E-01,      1.2237E+03,      1.3907E+02,      1.9140E+02,      1.7841E+03,      4.2733E+01       
5.0000E-02,      7.7500E-01,      3.2000E-03,      6.0667E+00,      7.9881E-01,      1.2509E+03,      1.3780E+02,      1.9307E+02,      1.8082E+03,      4.1333E+01       
5.0000E-02,      7.7500E-01,      3.3000E-03,      6.7333E+00,      5.9362E-01,      1.4071E+03,      1.3247E+02,      1.9793E+02,      2.0112E+03,      5.0000E+01       
5.0000E-02,      7.7500E-01,      3.4000E-03,      5.9333E+00,      5.9362E-01,      1.2177E+03,      1.3540E+02,      1.9133E+02,      1.7583E+03,      3.8533E+01       
5.0000E-02,      7.7500E-01,      3.5000E-03,      6.2000E+00,      8.6189E-01,      1.2595E+03,      1.3493E+02,      1.9487E+02,      1.8275E+03,      4.2067E+01       
5.0000E-02,      7.7500E-01,      3.6000E-03,      6.0667E+00,      7.0373E-01,      1.2694E+03,      1.3727E+02,      1.9013E+02,      1.8245E+03,      4.3400E+01       
5.0000E-02,      7.7500E-01,      3.7000E-03,      6.1333E+00,      9.9043E-01,      1.2387E+03,      1.3613E+02,      1.9213E+02,      1.7780E+03,      4.1867E+01       
5.0000E-02,      7.7500E-01,      3.8000E-03,      5.8000E+00,      1.2071E+00,      1.1713E+03,      1.4127E+02,      1.9233E+02,      1.7045E+03,      3.7133E+01       
5.0000E-02,      7.7500E-01,      3.9000E-03,      6.3333E+00,      7.2375E-01,      1.2499E+03,      1.3813E+02,      1.9747E+02,      1.8148E+03,      4.3267E+01       
5.0000E-02,      7.7500E-01,      4.0000E-03,      6.2667E+00,      5.9362E-01,      1.3301E+03,      1.3913E+02,      1.9433E+02,      1.9219E+03,      4.7533E+01       
5.0000E-02,      8.0000E-01,      2.0000E-03,      5.5333E+00,      1.1872E+00,      1.2059E+03,      1.1327E+02,      1.9600E+02,      1.6935E+03,      3.8867E+01       
5.0000E-02,      8.0000E-01,      2.1000E-03,      6.1333E+00,      7.4322E-01,      1.3017E+03,      1.0473E+02,      1.9847E+02,      1.8332E+03,      4.1933E+01       
5.0000E-02,      8.0000E-01,      2.2000E-03,      6.0667E+00,      1.0328E+00,      1.2502E+03,      1.0813E+02,      1.8827E+02,      1.7820E+03,      4.4867E+01       
5.0000E-02,      8.0000E-01,      2.3000E-03,      6.0000E+00,      6.5465E-01,      1.2786E+03,      1.2700E+02,      1.9320E+02,      1.8242E+03,      4.6600E+01       
5.0000E-02,      8.0000E-01,      2.4000E-03,      4.9333E+00,      1.3345E+00,      9.8340E+02,      1.4893E+02,      1.9020E+02,      1.4391E+03,      2.9933E+01       
5.0000E-02,      8.0000E-01,      2.5000E-03,      5.0000E+00,      1.0690E+00,      9.9193E+02,      1.4667E+02,      1.9067E+02,      1.4495E+03,      3.1733E+01       
5.0000E-02,      8.0000E-01,      2.6000E-03,      5.0667E+00,      1.2799E+00,      1.1071E+03,      1.4600E+02,      1.9140E+02,      1.5913E+03,      3.6733E+01       
5.0000E-02,      8.0000E-01,      2.7000E-03,      4.8667E+00,      1.1255E+00,      1.0663E+03,      1.5080E+02,      1.9880E+02,      1.5286E+03,      3.4533E+01       
5.0000E-02,      8.0000E-01,      2.8000E-03,      4.9333E+00,      1.0328E+00,      1.0498E+03,      1.5540E+02,      1.9180E+02,      1.5067E+03,      3.3267E+01       
5.0000E-02,      8.0000E-01,      2.9000E-03,      5.1333E+00,      1.0601E+00,      1.1263E+03,      1.4033E+02,      1.9627E+02,      1.6133E+03,      3.5533E+01       
5.0000E-02,      8.0000E-01,      3.0000E-03,      5.0667E+00,      8.8372E-01,      1.0633E+03,      1.4527E+02,      1.9313E+02,      1.5411E+03,      3.5000E+01       
5.0000E-02,      8.0000E-01,      3.1000E-03,      5.0667E+00,      7.9881E-01,      1.0549E+03,      1.4840E+02,      1.9580E+02,      1.5244E+03,      3.2400E+01       
5.0000E-02,      8.0000E-01,      3.2000E-03,      4.8000E+00,      1.4736E+00,      1.0639E+03,      1.5180E+02,      1.9473E+02,      1.5267E+03,      3.3667E+01       
5.0000E-02,      8.0000E-01,      3.3000E-03,      5.6000E+00,      7.3679E-01,      1.1625E+03,      1.4567E+02,      1.9533E+02,      1.6795E+03,      3.8867E+01       
5.0000E-02,      8.0000E-01,      3.4000E-03,      5.0667E+00,      9.6115E-01,      1.1256E+03,      1.4320E+02,      1.9047E+02,      1.6068E+03,      3.6000E+01       
5.0000E-02,      8.0000E-01,      3.5000E-03,      5.2667E+00,      1.2799E+00,      1.0765E+03,      1.4647E+02,      1.9287E+02,      1.5703E+03,      3.7067E+01       
5.0000E-02,      8.0000E-01,      3.6000E-03,      5.0667E+00,      1.0328E+00,      1.0392E+03,      1.5240E+02,      1.9980E+02,      1.5187E+03,      3.2667E+01       
5.0000E-02,      8.0000E-01,      3.7000E-03,      5.6000E+00,      9.8561E-01,      1.1463E+03,      1.4373E+02,      1.9680E+02,      1.6620E+03,      3.8133E+01       
5.0000E-02,      8.0000E-01,      3.8000E-03,      5.2667E+00,      7.0373E-01,      1.1669E+03,      1.4507E+02,      1.9760E+02,      1.6528E+03,      3.9733E+01       
5.0000E-02,      8.0000E-01,      3.9000E-03,      4.9333E+00,      8.8372E-01,      1.0513E+03,      1.4840E+02,      1.9840E+02,      1.5163E+03,      3.3000E+01       
5.0000E-02,      8.0000E-01,      4.0000E-03,      4.8667E+00,      9.1548E-01,      1.0068E+03,      1.5087E+02,      1.9560E+02,      1.4520E+03,      3.3267E+01       
5.0000E-02,      8.2500E-01,      2.0000E-03,      4.9333E+00,      7.9881E-01,      1.1223E+03,      1.1793E+02,      2.0520E+02,      1.5592E+03,      3.4267E+01       
5.0000E-02,      8.2500E-01,      2.1000E-03,      4.2000E+00,      1.0142E+00,      9.6767E+02,      1.2087E+02,      1.9207E+02,      1.3616E+03,      2.7733E+01       
5.0000E-02,      8.2500E-01,      2.2000E-03,      5.0667E+00,      7.9881E-01,      1.1589E+03,      1.1380E+02,      1.9113E+02,      1.5990E+03,      3.7000E+01       
5.0000E-02,      8.2500E-01,      2.3000E-03,      4.4000E+00,      8.2808E-01,      9.7067E+02,      1.3120E+02,      1.9367E+02,      1.3711E+03,      2.6733E+01       
5.0000E-02,      8.2500E-01,      2.4000E-03,      4.4000E+00,      8.2808E-01,      9.6407E+02,      1.5013E+02,      1.9633E+02,      1.3818E+03,      2.9067E+01       
5.0000E-02,      8.2500E-01,      2.5000E-03,      3.8667E+00,      1.1872E+00,      8.3507E+02,      1.5840E+02,      1.9720E+02,      1.2008E+03,      2.2067E+01       
5.0000E-02,      8.2500E-01,      2.6000E-03,      3.6000E+00,      1.4041E+00,      8.4300E+02,      1.6200E+02,      1.9320E+02,      1.2165E+03,      2.4000E+01       
5.0000E-02,      8.2500E-01,      2.7000E-03,      4.0667E+00,      1.2799E+00,      9.3467E+02,      1.5287E+02,      1.9207E+02,      1.3439E+03,      2.7333E+01       
5.0000E-02,      8.2500E-01,      2.8000E-03,      3.9333E+00,      1.1629E+00,      8.8080E+02,      1.6127E+02,      1.9660E+02,      1.2575E+03,      2.5600E+01       
5.0000E-02,      8.2500E-01,      2.9000E-03,      4.2667E+00,      1.0328E+00,      9.7073E+02,      1.5127E+02,      1.8960E+02,      1.3784E+03,      2.9533E+01       
5.0000E-02,      8.2500E-01,      3.0000E-03,      4.4000E+00,      1.0556E+00,      9.7747E+02,      1.5540E+02,      1.9587E+02,      1.4045E+03,      3.0467E+01       
5.0000E-02,      8.2500E-01,      3.1000E-03,      4.0667E+00,      1.0998E+00,      8.8020E+02,      1.5853E+02,      2.0033E+02,      1.2708E+03,      2.6000E+01       
5.0000E-02,      8.2500E-01,      3.2000E-03,      4.2667E+00,      9.6115E-01,      9.3627E+02,      1.5040E+02,      1.9567E+02,      1.3342E+03,      2.7067E+01       
5.0000E-02,      8.2500E-01,      3.3000E-03,      3.4000E+00,      1.4041E+00,      8.5680E+02,      1.6293E+02,      1.9493E+02,      1.2126E+03,      2.4933E+01       
5.0000E-02,      8.2500E-01,      3.4000E-03,      4.0667E+00,      8.8372E-01,      8.8127E+02,      1.5507E+02,      1.9807E+02,      1.2587E+03,      2.5800E+01       
5.0000E-02,      8.2500E-01,      3.5000E-03,      4.1333E+00,      1.1872E+00,      8.9153E+02,      1.6480E+02,      1.9527E+02,      1.3011E+03,      2.3933E+01       
5.0000E-02,      8.2500E-01,      3.6000E-03,      4.2667E+00,      8.8372E-01,      9.6620E+02,      1.5507E+02,      1.9407E+02,      1.3723E+03,      2.7267E+01       
5.0000E-02,      8.2500E-01,      3.7000E-03,      4.4667E+00,      1.4075E+00,      1.0199E+03,      1.5660E+02,      1.9673E+02,      1.4432E+03,      3.3533E+01       
5.0000E-02,      8.2500E-01,      3.8000E-03,      4.2000E+00,      1.0823E+00,      9.1073E+02,      1.5560E+02,      1.9153E+02,      1.3249E+03,      2.6733E+01       
5.0000E-02,      8.2500E-01,      3.9000E-03,      4.1333E+00,      1.3020E+00,      9.4107E+02,      1.5407E+02,      1.9647E+02,      1.3350E+03,      2.8667E+01       
5.0000E-02,      8.2500E-01,      4.0000E-03,      3.5333E+00,      1.1872E+00,      8.2833E+02,      1.6053E+02,      1.9193E+02,      1.1842E+03,      2.0933E+01       
5.0000E-02,      8.5000E-01,      2.0000E-03,      3.9333E+00,      8.8372E-01,      9.2233E+02,      1.2573E+02,      1.9640E+02,      1.2873E+03,      2.6467E+01       
5.0000E-02,      8.5000E-01,      2.1000E-03,      4.0667E+00,      8.8372E-01,      9.7020E+02,      1.2373E+02,      1.9033E+02,      1.3571E+03,      2.7267E+01       
5.0000E-02,      8.5000E-01,      2.2000E-03,      3.4667E+00,      1.0601E+00,      8.7427E+02,      1.2647E+02,      1.9787E+02,      1.1969E+03,      2.4400E+01       
5.0000E-02,      8.5000E-01,      2.3000E-03,      3.8667E+00,      5.1640E-01,      8.8167E+02,      1.4413E+02,      1.9673E+02,      1.2444E+03,      2.2867E+01       
5.0000E-02,      8.5000E-01,      2.4000E-03,      2.9333E+00,      1.3345E+00,      7.3113E+02,      1.6220E+02,      1.9387E+02,      1.0354E+03,      1.7867E+01       
5.0000E-02,      8.5000E-01,      2.5000E-03,      2.9333E+00,      1.1629E+00,      6.9907E+02,      1.6393E+02,      1.9093E+02,      1.0036E+03,      1.6533E+01       
5.0000E-02,      8.5000E-01,      2.6000E-03,      3.3333E+00,      1.1127E+00,      8.2087E+02,      1.6567E+02,      1.9467E+02,      1.1531E+03,      2.1467E+01       
5.0000E-02,      8.5000E-01,      2.7000E-03,      2.9333E+00,      1.4864E+00,      7.3233E+02,      1.6027E+02,      1.9587E+02,      1.0344E+03,      1.7200E+01       
5.0000E-02,      8.5000E-01,      2.8000E-03,      3.2000E+00,      1.0142E+00,      7.5893E+02,      1.6040E+02,      1.9513E+02,      1.0868E+03,      2.0067E+01       
5.0000E-02,      8.5000E-01,      2.9000E-03,      2.7333E+00,      1.2228E+00,      6.9740E+02,      1.6627E+02,      1.9467E+02,      9.8853E+02,      1.6867E+01       
5.0000E-02,      8.5000E-01,      3.0000E-03,      2.9333E+00,      1.2799E+00,      7.5600E+02,      1.6513E+02,      1.9807E+02,      1.0563E+03,      1.6733E+01       
5.0000E-02,      8.5000E-01,      3.1000E-03,      3.2667E+00,      1.4376E+00,      7.7147E+02,      1.6413E+02,      1.8827E+02,      1.1003E+03,      1.9467E+01       
5.0000E-02,      8.5000E-01,      3.2000E-03,      2.5333E+00,      1.1872E+00,      6.3580E+02,      1.7460E+02,      1.9187E+02,      8.9793E+02,      1.3733E+01       
5.0000E-02,      8.5000E-01,      3.3000E-03,      2.5333E+00,      1.1872E+00,      6.7307E+02,      1.7147E+02,      1.9727E+02,      9.4487E+02,      1.6200E+01       
5.0000E-02,      8.5000E-01,      3.4000E-03,      3.0000E+00,      1.3628E+00,      7.2080E+02,      1.6500E+02,      1.9307E+02,      1.0377E+03,      1.7733E+01       
5.0000E-02,      8.5000E-01,      3.5000E-03,      3.0000E+00,      1.2536E+00,      8.0587E+02,      1.6693E+02,      1.9200E+02,      1.1303E+03,      2.3800E+01       
5.0000E-02,      8.5000E-01,      3.6000E-03,      2.8667E+00,      1.3558E+00,      7.5633E+02,      1.6347E+02,      2.0027E+02,      1.0588E+03,      1.9133E+01       
5.0000E-02,      8.5000E-01,      3.7000E-03,      3.0667E+00,      1.3345E+00,      7.3447E+02,      1.6320E+02,      1.9160E+02,      1.0339E+03,      1.9133E+01       
5.0000E-02,      8.5000E-01,      3.8000E-03,      3.5333E+00,      1.2459E+00,      7.8833E+02,      1.6247E+02,      1.9333E+02,      1.1324E+03,      2.0467E+01       
5.0000E-02,      8.5000E-01,      3.9000E-03,      2.8667E+00,      9.1548E-01,      7.3113E+02,      1.6860E+02,      1.8820E+02,      1.0480E+03,      1.7400E+01       
5.0000E-02,      8.5000E-01,      4.0000E-03,      2.9333E+00,      1.4864E+00,      7.5167E+02,      1.6440E+02,      1.9560E+02,      1.0507E+03,      1.6867E+01       
5.0000E-02,      8.7500E-01,      2.0000E-03,      3.2667E+00,      7.9881E-01,      8.3420E+02,      1.2767E+02,      1.9613E+02,      1.1438E+03,      2.1467E+01       
5.0000E-02,      8.7500E-01,      2.1000E-03,      2.9333E+00,      1.3345E+00,      7.6493E+02,      1.3347E+02,      1.9940E+02,      1.0395E+03,      1.7933E+01       
5.0000E-02,      8.7500E-01,      2.2000E-03,      2.6667E+00,      1.3973E+00,      7.4347E+02,      1.3033E+02,      1.9893E+02,      9.9780E+02,      1.9133E+01       
5.0000E-02,      8.7500E-01,      2.3000E-03,      2.5333E+00,      9.9043E-01,      6.6120E+02,      1.5140E+02,      1.9107E+02,      9.1613E+02,      1.4133E+01       
5.0000E-02,      8.7500E-01,      2.4000E-03,      1.7333E+00,      1.2228E+00,      6.1073E+02,      1.7513E+02,      1.8767E+02,      8.2953E+02,      1.2867E+01       
5.0000E-02,      8.7500E-01,      2.5000E-03,      2.2000E+00,      1.2071E+00,      6.5787E+02,      1.7887E+02,      1.9360E+02,      9.1187E+02,      1.6333E+01       
5.0000E-02,      8.7500E-01,      2.6000E-03,      1.8000E+00,      1.2071E+00,      6.2760E+02,      1.7300E+02,      1.9567E+02,      8.5147E+02,      1.2800E+01       
5.0000E-02,      8.7500E-01,      2.7000E-03,      1.9333E+00,      1.2799E+00,      6.0427E+02,      1.7060E+02,      1.9340E+02,      8.3080E+02,      1.1600E+01       
5.0000E-02,      8.7500E-01,      2.8000E-03,      2.0667E+00,      1.0328E+00,      6.1840E+02,      1.6980E+02,      1.8700E+02,      8.5773E+02,      1.2867E+01       
5.0000E-02,      8.7500E-01,      2.9000E-03,      2.0000E+00,      1.3093E+00,      6.2493E+02,      1.7447E+02,      1.9280E+02,      8.5740E+02,      1.2000E+01       
5.0000E-02,      8.7500E-01,      3.0000E-03,      1.9333E+00,      1.1629E+00,      6.0940E+02,      1.7087E+02,      1.8907E+02,      8.3607E+02,      1.2533E+01       
5.0000E-02,      8.7500E-01,      3.1000E-03,      2.1333E+00,      1.4075E+00,      6.3147E+02,      1.7440E+02,      2.0093E+02,      8.6720E+02,      1.3200E+01       
5.0000E-02,      8.7500E-01,      3.2000E-03,      1.8667E+00,      9.1548E-01,      6.0447E+02,      1.6733E+02,      1.9260E+02,      8.2327E+02,      1.0800E+01       
5.0000E-02,      8.7500E-01,      3.3000E-03,      1.5333E+00,      1.0601E+00,      5.4587E+02,      1.7380E+02,      1.8847E+02,      7.5073E+02,      1.0400E+01       
5.0000E-02,      8.7500E-01,      3.4000E-03,      2.5333E+00,      9.9043E-01,      6.9787E+02,      1.6673E+02,      1.9047E+02,      9.7500E+02,      1.5667E+01       
5.0000E-02,      8.7500E-01,      3.5000E-03,      2.0667E+00,      1.5337E+00,      6.0467E+02,      1.7813E+02,      1.9293E+02,      8.4233E+02,      1.2733E+01       
5.0000E-02,      8.7500E-01,      3.6000E-03,      1.9333E+00,      1.2799E+00,      5.8987E+02,      1.7947E+02,      1.9627E+02,      8.2653E+02,      1.2000E+01       
5.0000E-02,      8.7500E-01,      3.7000E-03,      2.4000E+00,      1.2421E+00,      6.2947E+02,      1.6920E+02,      1.9580E+02,      8.9060E+02,      1.3467E+01       
5.0000E-02,      8.7500E-01,      3.8000E-03,      2.0000E+00,      1.3628E+00,      6.5020E+02,      1.7020E+02,      1.9640E+02,      8.9047E+02,      1.3267E+01       
5.0000E-02,      8.7500E-01,      3.9000E-03,      2.2000E+00,      1.4736E+00,      6.5553E+02,      1.7940E+02,      2.0287E+02,      8.9040E+02,      1.1467E+01       
5.0000E-02,      8.7500E-01,      4.0000E-03,      2.1333E+00,      1.3020E+00,      6.6660E+02,      1.7913E+02,      1.9540E+02,      9.2553E+02,      1.3933E+01       