#t = 0.000E+00
1.03860E+00,5.76550E+00,1.43903E+00,7.31796E-01,4.93042E+00 
#t = 4.200E+01
3.71440E+01,3.71440E+01,1.38722E+01,1.38722E+01,3.71440E+01,3.71440E+01,4.02666E+00,3.71440E+01,3.62938E+00,3.71440E+01 
#t = 8.400E+01
1.32473E+01,3.71440E+01,3.71440E+01,3.71440E+01,1.32473E+01,3.71440E+01,3.71440E+01,3.71440E+01,3.71440E+01,1.32473E+01,3.71440E+01,3.71440E+01,3.71440E+01,3.71440E+01,6.96880E+00,3.71440E+01,2.34983E+00,3.71440E+01,1.32473E+01,1.25451E+00,1.32473E+01,4.17923E+00,3.71440E+01,1.55240E+00 
#t = 1.260E+02
3.71440E+01,3.71440E+01,1.32473E+01,3.71440E+01,3.71440E+01,3.71440E+01,3.71440E+01,3.71440E+01,4.89150E+00,3.71440E+01,1.32473E+01,3.71440E+01,1.32473E+01,3.71440E+01,3.71440E+01,3.71440E+01,3.71440E+01,3.71440E+01,1.32473E+01,3.71440E+01,7.23684E+00,3.71440E+01,3.71440E+01,1.32473E+01,3.71440E+01,3.71440E+01,3.71440E+01,3.71440E+01,3.71440E+01,3.71440E+01,3.71440E+01,3.71440E+01,3.71440E+01,1.32473E+01 
#t = 1.680E+02
3.71440E+01,3.71440E+01,3.71440E+01,1.32473E+01,3.71440E+01,3.71440E+01,3.71440E+01,3.71440E+01,3.71440E+01,1.01835E+01,3.71440E+01,3.71440E+01,3.71440E+01,3.71440E+01,3.71440E+01,3.71440E+01,3.71440E+01,3.71440E+01,3.71440E+01,3.71440E+01,3.71440E+01,3.71440E+01,3.71440E+01,3.71440E+01,3.71440E+01,3.71440E+01,3.71440E+01,3.71440E+01,3.71440E+01,1.32473E+01,3.71440E+01,3.71440E+01,2.07713E-01,4.88210E+00,3.71440E+01,3.71440E+01 
#t = 2.100E+02
3.71440E+01,3.71440E+01,1.32473E+01,3.71440E+01,3.71440E+01,3.71440E+01,3.71440E+01,9.98048E+00,3.71440E+01,3.71440E+01,3.71440E+01,1.32473E+01,3.71440E+01,8.29255E+00,3.71440E+01,4.10847E+00,3.71440E+01,1.32473E+01,3.71440E+01,9.94904E+00,3.71440E+01,3.71440E+01,3.71440E+01,3.71440E+01,3.71440E+01,3.71440E+01,3.59831E+00,3.71440E+01,3.71440E+01,3.71440E+01,4.65974E+00,3.71440E+01,8.50412E-01,3.71440E+01,3.71440E+01 
#t = 2.520E+02
9.98048E+00,3.71440E+01,3.71440E+01,3.71440E+01,3.71440E+01,3.71440E+01,1.32473E+01,3.71440E+01,3.71440E+01,3.71440E+01,3.71440E+01,3.71440E+01,3.71440E+01,1.32473E+01,3.71440E+01,9.84983E+00,6.58919E+00,3.71440E+01,3.71440E+01,3.71440E+01,3.71440E+01,3.71440E+01,1.45338E+01,3.71440E+01,3.71440E+01,3.71440E+01,3.71440E+01,3.71440E+01,1.45338E+01,3.71440E+01,3.71440E+01,3.71440E+01,3.28771E+00,3.71440E+01,3.71440E+01,3.71440E+01,1.45338E+01 
#t = 2.940E+02
3.71440E+01,3.71440E+01,3.71440E+01,3.71440E+01,3.71440E+01,1.45338E+01,3.71440E+01,1.45338E+01,3.71440E+01,1.32473E+01,3.71440E+01,3.71440E+01,1.32473E+01,1.32473E+01,1.45338E+01,3.71440E+01,1.45338E+01,1.45338E+01,3.71440E+01,3.71440E+01,1.45338E+01,1.45338E+01,5.11555E+00,3.71440E+01,3.71440E+01,1.22872E+01,3.71440E+01,1.32473E+01,2.80349E+00,3.71440E+01 
#t = 3.360E+02
3.71440E+01,1.45338E+01,3.71440E+01,3.71440E+01,1.45338E+01,3.71440E+01,1.45338E+01,1.45338E+01,3.71440E+01,3.71440E+01,3.71440E+01,1.37380E+01,1.45338E+01,1.37380E+01,1.12888E+01,1.06245E+01,3.71440E+01,3.71440E+01,3.71440E+01,3.71440E+01,6.81879E+00,1.45338E+01,1.45338E+01,1.45338E+01,3.71440E+01,1.37380E+01,3.71440E+01,3.71440E+01,3.71440E+01,3.71440E+01,3.71440E+01,3.71440E+01,1.12888E+01,1.45338E+01,6.00380E+00,2.64393E+00,3.71440E+01,1.45338E+01,3.71440E+01,3.71440E+01,3.71440E+01,3.71440E+01,3.71440E+01,3.71440E+01,3.71440E+01,3.71440E+01,3.71440E+01,9.87831E+00,3.71440E+01 
#t = 3.780E+02
3.71440E+01,1.45338E+01,1.45338E+01,3.71440E+01,3.71440E+01,3.71440E+01,3.71440E+01,3.71440E+01,3.71440E+01,3.71440E+01,3.71440E+01,3.71440E+01,1.45338E+01,3.71440E+01,3.71440E+01,1.45338E+01,1.45338E+01,3.71440E+01,3.71440E+01,3.71440E+01,3.71440E+01,3.71440E+01,3.71440E+01,5.64247E-01,3.71440E+01,1.45338E+01,3.71440E+01,1.94429E+00,3.71440E+01,3.71440E+01,3.71440E+01,3.71440E+01,3.71440E+01,1.66083E+00,3.71440E+01,1.24535E+00,1.45338E+01,3.71440E+01,3.71440E+01 
#t = 4.200E+02
3.71440E+01,1.45338E+01,3.71440E+01,3.71440E+01,1.45338E+01,3.71440E+01,1.45338E+01,1.45338E+01,1.45338E+01,3.71440E+01,3.71440E+01,3.71440E+01,3.71440E+01,3.71440E+01,3.71440E+01,1.45338E+01,3.71440E+01,3.71440E+01,1.45338E+01,1.36251E+01,3.71440E+01,3.71440E+01,3.71440E+01,6.63418E+00,3.71440E+01,3.71440E+01,3.71440E+01,3.71440E+01,3.71440E+01,1.45338E+01,3.71440E+01,3.71440E+01,7.17855E+00,3.71440E+01,3.71440E+01,3.71440E+01,3.71440E+01,3.71440E+01,3.71440E+01,3.71440E+01,1.45338E+01,3.71440E+01 
#t = 4.620E+02
1.45338E+01,3.71440E+01,3.71440E+01,1.45338E+01,1.45338E+01,3.71440E+01,3.71440E+01,3.71440E+01,3.71440E+01,3.71440E+01,3.71440E+01,3.71440E+01,3.71440E+01,1.36251E+01,3.71440E+01,1.19300E+01,3.71440E+01,3.71440E+01,1.36251E+01,1.36251E+01,3.71440E+01,3.71440E+01,1.36251E+01,3.71440E+01,1.36251E+01,3.71440E+01,3.71440E+01,3.71440E+01,5.35558E+00,2.32027E+00,3.71440E+01,3.71440E+01,3.71440E+01,3.71440E+01,1.05591E+00,3.71440E+01,9.71631E+00,6.53091E-01 
#t = 5.040E+02
3.71440E+01,1.36251E+01,3.71440E+01,3.71440E+01,3.71440E+01,3.71440E+01,3.71440E+01,3.71440E+01,3.71440E+01,3.71440E+01,3.71440E+01,3.71440E+01,3.71440E+01,1.36251E+01,3.71440E+01,3.71440E+01,3.71440E+01,3.71440E+01,3.71440E+01,3.71440E+01,3.71440E+01,9.03297E+00,3.71440E+01,3.71440E+01,3.71440E+01,3.71440E+01,3.71440E+01,3.71440E+01,3.71440E+01,3.71440E+01,3.71440E+01,3.71440E+01,3.71440E+01,3.71440E+01,2.39410E+00,3.71440E+01,3.71440E+01,3.71440E+01,1.09800E+01,3.71440E+01,3.71440E+01,1.36251E+01,3.71440E+01,3.71440E+01,3.71440E+01,3.71440E+01,2.95895E+00 
#t = 5.460E+02
3.71440E+01,3.71440E+01,3.71440E+01,3.71440E+01,3.71440E+01,3.71440E+01,3.71440E+01,3.71440E+01,3.71440E+01,3.71440E+01,3.71440E+01,3.71440E+01,3.71440E+01,3.71440E+01,3.71440E+01,1.09800E+01,3.71440E+01,3.71440E+01,3.71440E+01,3.71440E+01,3.71440E+01,3.71440E+01,1.11560E+01,3.71440E+01,3.71440E+01,3.71440E+01,3.71440E+01,3.71440E+01,1.11560E+01,3.71440E+01,3.71440E+01,3.71440E+01,3.71440E+01,2.89998E+00,3.71440E+01,3.71440E+01,3.71440E+01,1.24180E+00,3.71440E+01,3.71440E+01,3.71440E+01,8.12302E-01,3.71440E+01,3.71440E+01,3.71440E+01,3.71440E+01,3.71440E+01,3.71440E+01,3.71440E+01,3.71440E+01,3.71440E+01,7.01280E+00,3.71440E+01 
#t = 5.880E+02
3.71440E+01,3.71440E+01,3.71440E+01,3.71440E+01,3.71440E+01,3.71440E+01,3.71440E+01,3.71440E+01,3.71440E+01,3.71440E+01,9.08948E+00,3.71440E+01,3.71440E+01,3.71440E+01,3.71440E+01,3.71440E+01,3.71440E+01,3.71440E+01,3.71440E+01,3.71440E+01,3.71440E+01,3.71440E+01,3.71440E+01,3.71440E+01,2.05624E+00,3.71440E+01,3.71440E+01,3.71440E+01,9.83704E+00,3.71440E+01,3.71440E+01,5.59284E-01,8.53933E-01,3.71440E+01,3.71440E+01,1.16525E+00 
#t = 6.300E+02
3.71440E+01,3.71440E+01,3.71440E+01,9.83704E+00,3.71440E+01,3.71440E+01,3.71440E+01,3.71440E+01,3.71440E+01,3.71440E+01,1.15502E+01,3.71440E+01,3.71440E+01,3.71440E+01,3.71440E+01,3.71440E+01,3.71440E+01,3.71440E+01,3.71440E+01,3.71440E+01,3.71440E+01,3.71440E+01,3.71440E+01,3.71440E+01,3.71440E+01,3.71440E+01,3.71440E+01,3.71440E+01,3.71440E+01,3.71440E+01,3.71440E+01,3.71440E+01,3.71440E+01,3.71440E+01,3.71440E+01,3.71440E+01,6.56224E-01,3.71440E+01,3.71440E+01,3.71440E+01,3.71440E+01,3.71440E+01,3.71440E+01,3.71440E+01,3.71440E+01,3.71440E+01,3.71440E+01,3.71440E+01,3.22541E+00,3.38961E+00,3.71440E+01,3.71440E+01,3.71440E+01,3.71440E+01,3.71440E+01,3.71440E+01,6.90485E+00,3.71440E+01 
#t = 6.720E+02
3.71440E+01,3.71440E+01,3.71440E+01,3.71440E+01,3.71440E+01,3.71440E+01,3.71440E+01,3.71440E+01,3.71440E+01,3.33696E+01,3.71440E+01,3.71440E+01,3.71440E+01,3.71440E+01,7.86307E+00,3.71440E+01,3.71440E+01,3.71440E+01,3.71440E+01,3.71440E+01,3.71440E+01,3.71440E+01,3.71440E+01,3.71440E+01,3.71440E+01,3.71440E+01,3.71440E+01,3.71440E+01,3.71440E+01,3.71440E+01,3.71440E+01,3.71440E+01,3.71440E+01,3.71440E+01,3.71440E+01,3.71440E+01,3.71440E+01,3.71440E+01,3.71440E+01,3.71440E+01,3.71440E+01,2.28014E+00 
#t = 7.140E+02
3.71440E+01,3.71440E+01,3.71440E+01,3.71440E+01,3.71440E+01,3.71440E+01,3.71440E+01,3.71440E+01,3.71440E+01,3.71440E+01,3.71440E+01,3.71440E+01,3.71440E+01,3.71440E+01,3.71440E+01,3.71440E+01,3.71440E+01,3.71440E+01,3.71440E+01,3.71440E+01,1.41635E+01,3.71440E+01,3.71440E+01,3.71440E+01,3.71440E+01,1.16368E+01,3.71440E+01,3.71440E+01,3.71440E+01,3.71440E+01,3.71440E+01,3.71440E+01,3.71440E+01,1.16368E+01,3.71440E+01,3.71440E+01,3.71440E+01,3.71440E+01 
#t = 7.560E+02
3.71440E+01,3.71440E+01,3.71440E+01,3.71440E+01,3.71440E+01,1.01123E+01,3.71440E+01,5.43830E+00,3.71440E+01,3.71440E+01,3.71440E+01,3.71440E+01,3.71440E+01,3.71440E+01,1.23105E+01,3.71440E+01,3.71440E+01,3.71440E+01,3.71440E+01,3.71440E+01,3.71440E+01,6.98797E+00,3.71440E+01,3.71440E+01,5.60407E+00,3.71440E+01,4.91093E+00,3.71440E+01,3.71440E+01,6.89548E+00,3.71392E+00,3.71440E+01,3.71440E+01,1.40736E+00,3.71440E+01,3.71440E+01,1.15323E+00,3.71440E+01,3.71440E+01,3.71440E+01,3.71440E+01,3.71440E+01,3.71440E+01,3.27533E+00 
#t = 7.980E+02
3.71440E+01,3.71440E+01,3.71440E+01,3.71440E+01,3.71440E+01,3.71440E+01,3.71440E+01,3.71440E+01,3.71440E+01,9.16918E+00,3.71440E+01,3.71440E+01,3.71440E+01,3.71440E+01,3.71440E+01,3.71440E+01,3.71440E+01,3.71440E+01,3.71440E+01,3.71440E+01,3.71440E+01,3.71440E+01,3.71440E+01,3.71440E+01,3.71440E+01,3.71440E+01,3.71440E+01,3.71440E+01,3.71440E+01,3.71440E+01,3.71440E+01,6.52914E+00,3.71440E+01,3.71440E+01,3.71440E+01,3.71440E+01,2.03686E+00,3.71440E+01,1.13157E+01,3.71440E+01,3.71440E+01,3.71440E+01,2.33515E+00,3.71440E+01 
#t = 8.400E+02
3.71440E+01,3.71440E+01,3.71440E+01,3.71440E+01,3.71440E+01,3.71440E+01,3.71440E+01,3.71440E+01,3.71440E+01,3.71440E+01,3.71440E+01,3.71440E+01,3.71440E+01,3.71440E+01,3.71440E+01,3.71440E+01,3.71440E+01,3.71440E+01,3.71440E+01,3.71440E+01,3.71440E+01,3.71440E+01,3.71440E+01,3.71440E+01,3.71440E+01,3.71440E+01,3.71440E+01,3.71440E+01,3.17040E-01,3.71440E+01,3.71440E+01,3.71440E+01,3.71440E+01,3.71440E+01,3.71440E+01,3.71440E+01,4.97193E+00,3.71440E+01 
#t = 8.820E+02
3.71440E+01,3.71440E+01,3.71440E+01,3.71440E+01,3.71440E+01,3.71440E+01,6.98097E+00,3.71440E+01,3.71440E+01,3.71440E+01,3.71440E+01,3.71440E+01,3.71440E+01,1.00060E+01,3.71440E+01,3.71440E+01,3.71440E+01,3.71440E+01,3.71440E+01,3.71440E+01,3.71440E+01,3.71440E+01,3.71440E+01,3.71440E+01,3.71440E+01,3.71440E+01,3.71440E+01,3.71440E+01,3.71440E+01,3.71440E+01,3.71440E+01,3.10714E+00,1.76093E-01,9.04203E-01,3.71440E+01 
#t = 9.240E+02
3.71440E+01,3.71440E+01,3.71440E+01,3.71440E+01,3.71440E+01,3.71440E+01,3.71440E+01,3.71440E+01,3.71440E+01,3.71440E+01,3.71440E+01,3.71440E+01,3.71440E+01,3.71440E+01,3.71440E+01,3.71440E+01,3.71440E+01,1.02110E+01,3.71440E+01,3.71440E+01,3.71440E+01,3.71440E+01,3.71440E+01,1.33139E+01,3.71440E+01,3.71440E+01,3.71440E+01,3.71440E+01,3.71440E+01,3.71440E+01,3.71440E+01,3.71440E+01,3.71440E+01,3.71440E+01,3.71440E+01,3.71440E+01,3.71440E+01,3.71440E+01,3.71440E+01,3.71440E+01,3.71440E+01,3.74676E+00,3.71440E+01,4.33607E+00,3.71440E+01,3.71440E+01,3.71440E+01,3.71440E+01,5.22970E-01,3.71440E+01 
#t = 9.660E+02
3.71440E+01,3.71440E+01,3.71440E+01,3.71440E+01,3.71440E+01,3.71440E+01,3.71440E+01,3.71440E+01,3.71440E+01,3.71440E+01,3.71440E+01,3.71440E+01,3.71440E+01,3.71440E+01,3.71440E+01,3.71440E+01,3.71440E+01,3.71440E+01,3.71440E+01,3.71440E+01,3.71440E+01,3.71440E+01,3.71440E+01,3.71440E+01,3.71440E+01,3.71440E+01,3.71440E+01,3.71440E+01,3.71440E+01,3.71440E+01,1.02423E+01,3.71440E+01,3.71440E+01,3.71440E+01,3.71440E+01,3.71440E+01,3.71440E+01,1.10529E+00,3.71440E+01,8.63147E+00,4.64642E+00,3.71440E+01,3.71440E+01,3.71440E+01,3.71440E+01,3.71440E+01,3.71440E+01,3.71440E+01 
#t = 1.008E+03
3.71440E+01,3.71440E+01,3.71440E+01,3.71440E+01,8.63147E+00,3.71440E+01,3.71440E+01,3.71440E+01,3.71440E+01,3.71440E+01,3.71440E+01,3.71440E+01,3.71440E+01,1.13217E+01,3.71440E+01,3.71440E+01,3.71440E+01,3.71440E+01,3.71440E+01,3.71440E+01,3.71440E+01,1.01632E+01,3.71440E+01,3.71440E+01,3.71440E+01,3.71440E+01,3.71440E+01,3.71440E+01,3.71440E+01,3.71440E+01,3.71440E+01,5.82867E+00,1.03710E+01,1.22383E+01,3.71440E+01,2.56163E+00,3.71440E+01,3.71440E+01,3.71440E+01,1.88015E+00,3.71440E+01,1.71575E+00,3.71440E+01,3.71440E+01,3.71440E+01,3.71440E+01,3.71440E+01,3.71440E+01,1.22383E+01,1.75211E-01,9.16705E-01,3.71440E+01 
#t = 1.050E+03
3.71440E+01,3.71440E+01,1.22383E+01,3.71440E+01,3.71440E+01,3.71440E+01,1.62151E+01,3.71440E+01,3.71440E+01,3.71440E+01,3.71440E+01,3.71440E+01,3.71440E+01,3.71440E+01,3.71440E+01,3.71440E+01,3.71440E+01,3.71440E+01,3.71440E+01,3.71440E+01,5.98528E+00,3.71440E+01,3.71440E+01,3.71440E+01,1.81601E+00,3.71440E+01,3.71440E+01,3.71440E+01,3.71440E+01,2.38037E+01,3.71440E+01,3.71440E+01,1.22383E+01,3.71440E+01,1.22383E+01,3.71440E+01,3.71440E+01 
#t = 1.092E+03
3.71440E+01,3.71440E+01,3.71440E+01,3.71440E+01,3.71440E+01,3.71440E+01,3.71440E+01,3.71440E+01,3.71440E+01,3.71440E+01,3.71440E+01,3.71440E+01,3.71440E+01,3.71440E+01,3.71440E+01,3.71440E+01,3.71440E+01,3.71440E+01,1.22383E+01,3.71440E+01,3.71440E+01,3.71440E+01,1.22383E+01,3.71440E+01,3.71440E+01,3.71440E+01,3.71440E+01,1.22383E+01,3.71440E+01,1.22383E+01,3.71440E+01,1.22383E+01,3.71440E+01,3.71440E+01,3.71440E+01,3.71440E+01,3.71440E+01,1.22383E+01,3.71440E+01,3.71440E+01,3.71440E+01,3.71440E+01,1.50323E+00,3.71440E+01,3.71440E+01,2.42864E+00,3.71440E+01,3.71440E+01,3.71440E+01,3.71440E+01,3.71440E+01,3.71440E+01,3.71440E+01,1.81784E+00,1.53285E+00,3.71440E+01,1.22383E+01,1.83255E+00,3.71440E+01,3.71440E+01,1.36990E+00 
#t = 1.134E+03
3.71440E+01,3.71440E+01,3.71440E+01,3.71440E+01,3.71440E+01,3.71440E+01,1.12960E+01,3.71440E+01,3.71440E+01,1.12960E+01,3.71440E+01,3.71440E+01,3.71440E+01,3.71440E+01,3.71440E+01,1.22383E+01,3.71440E+01,1.22383E+01,3.71440E+01,3.71440E+01,1.12960E+01,3.71440E+01,3.71440E+01,9.36830E+00,3.71440E+01,3.71440E+01,3.71440E+01,3.71440E+01,9.67213E+00,3.71440E+01,1.12960E+01,3.71440E+01,3.71440E+01,1.12960E+01,3.71440E+01,3.71440E+01,3.71440E+01,3.71440E+01 
#t = 1.176E+03
3.71440E+01,1.22383E+01,3.71440E+01,3.71440E+01,3.71440E+01,3.71440E+01,3.71440E+01,3.71440E+01,3.71440E+01,3.71440E+01,3.71440E+01,3.71440E+01,3.71440E+01,3.71440E+01,3.71440E+01,3.71440E+01,1.12960E+01,3.71440E+01,3.71440E+01,3.71440E+01,3.71440E+01,3.71440E+01,3.71440E+01,3.71440E+01,3.71440E+01,3.71440E+01,3.71440E+01,3.71440E+01,3.71440E+01,3.71440E+01,3.71440E+01,1.22383E+01,3.71440E+01,3.71440E+01 
#t = 1.218E+03
3.71440E+01,3.71440E+01,3.71440E+01,3.71440E+01,3.71440E+01,3.71440E+01,3.71440E+01,3.71440E+01,3.71440E+01,3.71440E+01,3.71440E+01,1.24914E+01,3.71440E+01,3.71440E+01,3.71440E+01,3.71440E+01,3.71440E+01,3.71440E+01,3.71440E+01,3.71440E+01,3.71440E+01,3.71440E+01,3.71440E+01,7.91609E+00,3.71440E+01,3.71440E+01,3.71440E+01,3.71440E+01,3.71440E+01,3.71440E+01,3.71440E+01,1.57654E+00,3.71440E+01,3.71440E+01,3.71440E+01,3.71440E+01,3.71440E+01,3.71440E+01 
#t = 1.260E+03
3.71440E+01,3.71440E+01,3.71440E+01,3.71440E+01,3.71440E+01,3.71440E+01,3.71440E+01,3.71440E+01,3.71440E+01,3.71440E+01,3.71440E+01,3.71440E+01,3.71440E+01,3.71440E+01,3.71440E+01,3.71440E+01,3.71440E+01,3.71440E+01,3.71440E+01,3.71440E+01,3.88554E+00,3.71440E+01,3.69925E+00,3.71440E+01,3.71440E+01,3.71440E+01,3.71440E+01,9.27604E-01,3.71440E+01,3.71440E+01,3.71440E+01,3.71440E+01,3.71440E+01,3.71440E+01,3.71440E+01 
#t = 1.302E+03
3.71440E+01,3.71440E+01,3.71440E+01,3.71440E+01,3.71440E+01,3.71440E+01,3.71440E+01,3.71440E+01,3.71440E+01,3.71440E+01,3.71440E+01,3.71440E+01,3.71440E+01,3.71440E+01,3.71440E+01,3.71440E+01,3.71440E+01,3.71440E+01,3.71440E+01,3.71440E+01,3.71440E+01,3.71440E+01,3.71440E+01,3.71440E+01,3.71440E+01,3.71440E+01,3.71440E+01,3.71440E+01,2.43551E+00,3.71440E+01,2.55050E+00,3.71440E+01,2.20471E+00,9.98413E+00,7.22174E+00,3.71440E+01 
#t = 1.344E+03
3.71440E+01,3.71440E+01,3.71440E+01,3.71440E+01,3.71440E+01,3.71440E+01,3.71440E+01,3.71440E+01,3.71440E+01,3.71440E+01,3.71440E+01,3.71440E+01,3.71440E+01,3.71440E+01,3.71440E+01,3.71440E+01,3.71440E+01,3.71440E+01,3.71440E+01,3.71440E+01,3.71440E+01,3.71440E+01,3.71440E+01,3.71440E+01,3.71440E+01,3.71440E+01,3.71440E+01,3.71440E+01,3.71440E+01,3.71440E+01,3.71440E+01,3.71440E+01,3.71440E+01,3.71440E+01 
#t = 1.386E+03
3.71440E+01,1.86801E+01,3.71440E+01,8.45213E+00,3.71440E+01,3.71440E+01,3.71440E+01,8.82173E+00,1.85854E+01,3.71440E+01,3.71440E+01,3.71440E+01,3.71440E+01,3.71440E+01,9.60271E+00,3.71440E+01,3.71440E+01,1.86801E+01,3.71440E+01,7.08885E+00,3.71440E+01,3.71440E+01,3.71440E+01,3.71440E+01,3.71440E+01,3.71440E+01,3.71440E+01,3.71440E+01,3.71440E+01,3.71440E+01,3.71440E+01,3.71440E+01,3.71440E+01,3.71440E+01,3.71440E+01,1.85854E+01,3.71440E+01,3.71440E+01,3.71440E+01,3.71440E+01,1.86801E+01,3.23298E+00,3.71440E+01,3.71440E+01 
#t = 1.428E+03
3.71440E+01,3.71440E+01,3.71440E+01,7.19878E+00,3.71440E+01,3.71440E+01,3.71440E+01,3.71440E+01,3.71440E+01,3.71440E+01,3.71440E+01,3.71440E+01,1.85854E+01,3.71440E+01,3.71440E+01,3.71440E+01,3.71440E+01,3.71440E+01,1.86801E+01,3.71440E+01,3.71440E+01,3.71440E+01,3.71440E+01,3.71440E+01,3.71440E+01,3.71440E+01,3.71440E+01,3.71440E+01,1.86801E+01,1.85854E+01,3.71440E+01,3.71440E+01,3.71440E+01,2.51409E+00,3.71440E+01,3.71440E+01,5.80890E+00,3.71440E+01,1.85854E+01,3.71440E+01,3.71440E+01,3.71440E+01,1.86801E+01,3.71440E+01,3.71440E+01,3.71440E+01,3.71440E+01,3.71440E+01,1.85854E+01,8.73992E+00,3.71440E+01,2.07107E+00,6.83154E+00,3.71440E+01,1.86801E+01,3.71440E+01 
#t = 1.470E+03
3.71440E+01,3.71440E+01,3.71440E+01,3.71440E+01,3.71440E+01,3.71440E+01,8.73992E+00,3.71440E+01,3.71440E+01,3.71440E+01,3.71440E+01,1.86801E+01,1.86801E+01,3.71440E+01,3.71440E+01,1.29980E+01,3.71440E+01,3.71440E+01,3.71440E+01,1.86801E+01,3.71440E+01,3.71440E+01,3.71440E+01,3.71440E+01,3.71440E+01,3.71440E+01,3.71440E+01,3.71440E+01,3.71440E+01,3.71440E+01,3.71440E+01,3.71440E+01,3.71440E+01,1.86801E+01,3.71440E+01,6.00649E+00,1.83171E+00,3.71440E+01,3.71440E+01,3.71440E+01,3.71440E+01,1.86801E+01,2.88586E+00,3.71440E+01 
#t = 1.512E+03
3.71440E+01,3.71440E+01,3.71440E+01,3.71440E+01,1.86801E+01,3.71440E+01,3.71440E+01,1.72493E+01,3.71440E+01,3.71440E+01,1.72493E+01,3.71440E+01,1.29980E+01,3.71440E+01,1.86801E+01,3.71440E+01,3.71440E+01,1.72493E+01,3.71440E+01,3.71440E+01,3.71440E+01,1.29980E+01,3.71440E+01,1.45719E+01,3.71440E+01,1.45719E+01,3.71440E+01,1.86801E+01,3.71440E+01,1.86801E+01,1.86801E+01,1.72493E+01,3.71440E+01,3.59923E+00,3.71440E+01,3.71440E+01,1.72493E+01,3.71440E+01,3.71440E+01,3.71440E+01,3.71440E+01,3.71440E+01,1.29980E+01,1.72493E+01,1.86801E+01,2.57798E+00 
#t = 1.554E+03
3.71440E+01,3.71440E+01,3.71440E+01,1.72493E+01,3.71440E+01,3.71440E+01,3.71440E+01,3.71440E+01,3.71440E+01,3.71440E+01,1.72493E+01,3.71440E+01,3.71440E+01,3.71440E+01,3.71440E+01,3.71440E+01,1.72493E+01,3.71440E+01,3.71440E+01,3.71440E+01,3.71440E+01,3.71440E+01,3.71440E+01,3.71440E+01,3.71440E+01,1.20587E+00,6.35084E+00 
#t = 1.596E+03
3.71440E+01,3.71440E+01,3.71440E+01,3.71440E+01,3.71440E+01,3.71440E+01,1.72493E+01,3.66275E+01,1.72493E+01,3.71440E+01,3.71440E+01,3.71440E+01,3.71440E+01,3.71440E+01,1.72493E+01,3.71440E+01,3.71440E+01,1.72493E+01,3.71440E+01,3.71440E+01,7.10591E+00,3.71440E+01,3.71440E+01,3.71440E+01,3.71440E+01,3.48740E+00,3.71440E+01,3.71440E+01,3.71440E+01,3.71440E+01,1.72493E+01,1.72493E+01,5.74387E+00 
#t = 1.638E+03
3.71440E+01,3.71440E+01,3.71440E+01,2.73492E+01,3.71440E+01,2.73492E+01,3.71440E+01,3.71440E+01,3.71440E+01,3.71440E+01,3.71440E+01,3.71440E+01,3.71440E+01,3.71440E+01,3.71440E+01,2.73492E+01,3.71440E+01,3.71440E+01,3.71440E+01,3.71440E+01,3.71440E+01,3.71440E+01,3.71440E+01,3.71440E+01,3.71440E+01,1.81474E+01,3.71440E+01,3.71440E+01,3.37211E+00,3.71440E+01,1.55332E+00,7.81214E-01,3.71440E+01,2.73492E+01 
#t = 1.680E+03
3.71440E+01,3.71440E+01,2.73492E+01,3.71440E+01,2.73492E+01,2.73492E+01,3.71440E+01,2.73492E+01,3.71440E+01,2.73492E+01,2.73492E+01,2.73492E+01,2.73492E+01,2.73492E+01,3.71440E+01,3.71440E+01,2.73492E+01,3.71440E+01,3.71440E+01,1.10996E+01,3.71440E+01,2.73492E+01,2.73492E+01,3.71440E+01,2.73492E+01,2.73492E+01,7.96902E+00,2.73492E+01,3.71440E+01,1.08800E+00,2.73492E+01,3.71440E+01,4.06272E+00,2.73492E+01,3.71440E+01,3.71440E+01,2.73492E+01,2.73492E+01 
#t = 1.722E+03
3.71440E+01,2.73492E+01,3.71440E+01,2.73492E+01,2.73492E+01,3.71440E+01,2.73492E+01,3.71440E+01,3.71440E+01,2.73492E+01,2.73492E+01,3.71440E+01,3.71440E+01,3.71440E+01,2.73492E+01,2.73492E+01,3.71440E+01,3.71440E+01,3.71440E+01,3.71440E+01,2.73492E+01,3.71440E+01,3.71440E+01,3.71440E+01,9.05465E+00,3.71440E+01,3.71440E+01,2.73492E+01,2.73492E+01,2.73492E+01,2.73492E+01,3.71440E+01,3.71440E+01,2.73492E+01,3.71440E+01,3.66214E+00,3.71440E+01,3.71440E+01,3.71440E+01,3.71440E+01,1.61203E+00,1.10442E+01,2.73492E+01,2.73492E+01,2.73492E+01,3.71440E+01,2.73492E+01,3.23573E+00,3.71440E+01,8.69435E-01,3.71440E+01 
#t = 1.764E+03
3.71440E+01,2.73492E+01,2.73492E+01,3.71440E+01,3.71440E+01,2.73492E+01,3.71440E+01,2.11713E+01,2.73492E+01,3.71440E+01,3.71440E+01,2.73492E+01,2.73492E+01,3.71243E+01,3.71440E+01,3.71243E+01,3.71440E+01,3.71440E+01,1.12374E+01,3.71440E+01,3.71440E+01,2.73492E+01,3.71440E+01,2.73492E+01,3.71243E+01,3.71440E+01,3.71440E+01,2.73492E+01,3.71243E+01,3.71440E+01,3.71440E+01,3.71440E+01,2.73492E+01,1.12374E+01,2.53892E+00,3.71440E+01,2.58951E+00 
#t = 1.806E+03
2.73492E+01,3.71440E+01,3.71440E+01,3.71440E+01,3.71243E+01,3.71243E+01,3.71440E+01,1.12374E+01,3.71243E+01,3.71243E+01,3.71243E+01,3.71243E+01,3.71243E+01,3.71243E+01,3.71440E+01,3.71243E+01,3.71440E+01,3.71440E+01,1.12374E+01,3.71243E+01,1.04782E+01,3.71243E+01,3.71440E+01,3.71243E+01,3.71243E+01,3.71243E+01,3.71243E+01,2.94659E+01,3.71440E+01,3.71243E+01,6.62517E-01,3.71243E+01,3.71440E+01,2.47329E+00,5.45829E-01,1.24116E+00,3.71243E+01,2.59568E+00,3.71243E+01,3.71243E+01,2.58375E-01,3.71243E+01 
#t = 1.848E+03
3.71440E+01,3.71243E+01,3.71440E+01,3.71243E+01,1.12374E+01,2.94659E+01,3.71440E+01,3.71440E+01,3.71243E+01,3.71440E+01,3.71243E+01,3.71243E+01,3.71243E+01,3.71243E+01,1.12374E+01,3.71440E+01,3.71243E+01,3.71243E+01,3.71243E+01,3.71243E+01,3.71440E+01,3.71243E+01,3.71243E+01,3.71243E+01,3.71243E+01,3.71243E+01,3.71243E+01,3.71243E+01,3.71243E+01,3.71440E+01,3.71440E+01,3.71243E+01,3.71243E+01,3.71440E+01,3.71243E+01,3.71243E+01,3.71243E+01,3.71243E+01,3.71243E+01,3.69160E+00,3.71243E+01 
#t = 1.890E+03
3.71440E+01,3.71243E+01,3.71440E+01,3.71440E+01,3.71243E+01,3.71243E+01,3.71440E+01,3.71243E+01,1.12374E+01,3.71243E+01,3.71440E+01,3.71243E+01,3.71243E+01,3.71243E+01,1.12374E+01,3.71440E+01,3.71243E+01,3.71243E+01,3.71243E+01,3.71243E+01,1.12374E+01,3.71243E+01,3.71440E+01,3.71243E+01,3.71243E+01,8.69750E+00,3.71440E+01,3.71243E+01,3.71243E+01,3.71243E+01,3.71243E+01,3.71440E+01,3.71243E+01,6.62150E-01,3.71243E+01,3.71243E+01,3.71440E+01,3.71243E+01,3.71243E+01,3.71243E+01,4.28896E-01,3.71243E+01,1.12374E+01,3.71243E+01,1.37380E+00 
#t = 1.932E+03
3.71440E+01,3.71243E+01,3.71243E+01,3.71243E+01,3.71243E+01,3.71243E+01,3.71243E+01,1.12374E+01,3.71243E+01,3.71243E+01,3.71243E+01,3.71243E+01,3.71440E+01,3.71243E+01,3.71243E+01,3.71243E+01,3.71243E+01,3.71243E+01,3.71243E+01,1.12374E+01,3.71243E+01,3.71440E+01,3.71440E+01,3.71243E+01,4.88078E+00,3.71243E+01,3.71440E+01,3.71243E+01,3.71440E+01,3.71243E+01,3.71243E+01,3.71440E+01,3.71440E+01,3.71440E+01,3.71243E+01,3.71243E+01,3.71243E+01,3.71243E+01,3.71440E+01,3.36626E+00 
#t = 1.974E+03
3.71243E+01,3.71243E+01,3.71243E+01,3.71243E+01,3.71243E+01,3.71243E+01,3.71243E+01,3.71243E+01,3.71243E+01,3.71440E+01,3.71243E+01,8.96819E+00,3.71243E+01,3.71243E+01,3.71243E+01,3.71243E+01,3.71243E+01,3.93480E+00,3.71243E+01,9.13904E+00,3.71243E+01,8.85065E+00,3.71243E+01,3.71243E+01,3.71243E+01,3.71243E+01,3.71243E+01,3.71243E+01,3.71243E+01,3.71243E+01,9.91963E-01,3.71243E+01,3.71243E+01,3.71243E+01 
#t = 2.016E+03
3.71243E+01,3.71243E+01,3.71440E+01,3.71243E+01,3.71243E+01,3.71243E+01,3.71243E+01,3.71243E+01,3.71243E+01,3.71243E+01,3.71243E+01,3.71440E+01,3.71243E+01,3.71243E+01,3.71243E+01,3.71243E+01,3.71440E+01,3.71243E+01,3.71243E+01,3.71243E+01,3.71243E+01,3.71243E+01,3.71243E+01,3.71243E+01,3.71243E+01,3.71243E+01,3.71243E+01,3.71243E+01,3.71243E+01,1.04623E+01,3.71243E+01,3.71243E+01,3.71243E+01,6.40854E-01,7.12622E-01,3.71440E+01,3.71243E+01,3.71243E+01,3.71243E+01,3.71243E+01,3.71243E+01,3.71243E+01 
#t = 2.058E+03
3.71243E+01,3.71440E+01,3.71243E+01,3.71243E+01,3.71243E+01,1.04623E+01,3.71243E+01,3.71243E+01,3.71243E+01,3.71243E+01,3.71243E+01,1.91397E+01,3.71243E+01,3.71440E+01,3.71440E+01,3.71243E+01,3.71243E+01,3.71243E+01,3.71440E+01,3.71243E+01,3.71243E+01,7.44430E+00,3.71243E+01,3.71243E+01,3.71243E+01,3.71243E+01,3.71243E+01,3.71243E+01,3.71243E+01,3.71243E+01,3.71440E+01,3.71243E+01,3.71243E+01,3.71243E+01,3.71243E+01,3.71243E+01,3.71243E+01 
#t = 2.100E+03
3.71243E+01,1.91397E+01,3.71243E+01,3.71243E+01,3.71243E+01,3.71243E+01,3.71243E+01,3.71243E+01,1.91397E+01,1.91397E+01,3.71243E+01,3.71243E+01,3.71243E+01,3.71243E+01,3.71243E+01,3.71243E+01,3.71243E+01,3.71243E+01,3.71243E+01,3.71243E+01,1.91397E+01,3.71243E+01,3.71243E+01,3.71243E+01,3.71243E+01,3.71243E+01,3.71243E+01,3.71243E+01,3.71243E+01,3.71243E+01,3.71243E+01,8.98511E+00,3.71243E+01,3.71243E+01,3.71243E+01 
#t = 2.142E+03
3.71243E+01,3.71243E+01,3.71243E+01,3.71243E+01,3.71243E+01,3.71243E+01,3.71243E+01,1.05380E+01,1.91397E+01,3.71243E+01,3.71243E+01,3.71243E+01,3.71243E+01,1.91397E+01,3.71243E+01,3.71243E+01,3.71243E+01,3.71243E+01,3.71243E+01,3.71243E+01,1.91397E+01,5.69788E+00,3.71243E+01,5.27510E+00,3.71243E+01,3.71243E+01,3.71243E+01,3.59215E+00,3.71243E+01,3.71243E+01,3.71243E+01,3.71243E+01,3.71243E+01,3.71243E+01,1.45539E-01,3.71243E+01,3.71243E+01,6.55508E-01,1.91397E+01,3.71243E+01 
#t = 2.184E+03
3.71243E+01,3.71243E+01,3.71243E+01,3.71243E+01,1.91397E+01,3.71243E+01,3.71243E+01,3.71243E+01,3.71243E+01,1.91397E+01,1.91397E+01,3.71243E+01,3.71243E+01,1.91397E+01,3.71243E+01,3.71243E+01,3.71243E+01,1.91397E+01,1.91397E+01,3.71243E+01,3.71243E+01,3.71243E+01,1.91397E+01,3.71243E+01,3.71243E+01,3.71243E+01,3.71243E+01,3.71243E+01,3.71243E+01,3.71243E+01,3.71243E+01,4.30551E+00,1.91397E+01,3.71243E+01,3.71243E+01,3.71243E+01,1.63177E+00 
#t = 2.226E+03
3.71243E+01,3.71243E+01,3.71243E+01,3.71243E+01,1.91397E+01,1.91397E+01,3.71243E+01,3.71243E+01,1.91397E+01,3.71243E+01,3.71243E+01,1.18735E+01,3.71243E+01,3.71243E+01,3.71243E+01,1.91397E+01,3.71243E+01,3.71243E+01,3.71243E+01,3.71243E+01,3.71243E+01,3.71243E+01,3.71243E+01,3.71243E+01,1.18735E+01,3.71243E+01,3.71243E+01,3.71243E+01,1.91397E+01,3.71243E+01,1.91397E+01,3.71243E+01,3.71243E+01,3.71243E+01,4.50240E-01,2.82386E+00 
#t = 2.268E+03
1.91397E+01,3.71243E+01,3.71243E+01,3.71243E+01,3.71243E+01,3.71243E+01,3.71243E+01,3.71243E+01,1.95387E+01,9.09973E+00,1.91397E+01,3.71243E+01,1.55444E+01,3.71243E+01,1.91397E+01,1.95387E+01,3.71243E+01,3.71243E+01,3.71243E+01,1.55444E+01,3.71243E+01,1.55444E+01,3.71243E+01,1.55444E+01,3.71243E+01,3.71243E+01,1.91397E+01,6.94637E+00,3.71243E+01,3.03672E+00,3.71243E+01,3.71243E+01,1.91397E+01,3.71243E+01,3.71243E+01,1.91397E+01,3.71243E+01,5.00358E+00 
#t = 2.310E+03
1.91397E+01,1.55444E+01,1.55444E+01,1.55444E+01,1.95387E+01,3.71243E+01,3.71243E+01,3.71243E+01,3.71243E+01,1.55444E+01,1.55444E+01,3.71243E+01,3.71243E+01,3.71243E+01,1.55444E+01,1.55444E+01,3.71243E+01,3.71243E+01,3.71243E+01,1.95387E+01,3.71243E+01,1.95387E+01,3.71243E+01,3.71243E+01,7.60933E+00,3.71243E+01,3.71243E+01,1.91397E+01,3.71243E+01,1.55444E+01,1.54731E+00,1.55444E+01,3.71243E+01,1.55444E+01,1.55444E+01,2.07093E+00,7.72572E-01 
#t = 2.352E+03
3.71243E+01,1.91397E+01,3.71243E+01,1.55444E+01,3.71243E+01,3.71243E+01,3.71243E+01,3.71243E+01,3.71243E+01,3.71243E+01,1.55444E+01,3.71243E+01,1.55444E+01,3.71243E+01,3.71243E+01,3.71243E+01,3.71243E+01,3.71243E+01,3.71243E+01,3.71243E+01,3.71243E+01,3.71243E+01,3.71243E+01,3.71243E+01,3.71243E+01,3.71243E+01,3.71243E+01,3.71243E+01,3.04552E+01,8.81206E+00,5.61613E+00,1.50491E+00,8.83511E+00,1.55444E+01 
#t = 2.394E+03
1.55444E+01,3.71243E+01,3.71243E+01,3.71243E+01,3.04552E+01,8.83511E+00,3.71243E+01,3.71243E+01,1.55444E+01,3.71243E+01,1.55444E+01,3.71243E+01,3.71243E+01,3.71243E+01,3.71243E+01,3.71243E+01,3.71243E+01,3.71243E+01,3.71243E+01,3.71243E+01,1.55444E+01,3.71243E+01,3.71243E+01,1.55444E+01,3.71243E+01,3.71243E+01,3.71243E+01,3.71243E+01,3.71243E+01,3.71243E+01,3.71243E+01,3.71243E+01,1.12966E+01,1.55444E+01,1.55444E+01,1.55444E+01,1.55444E+01,3.71243E+01,3.71243E+01,3.71243E+01,3.71243E+01,3.71243E+01,3.71243E+01,3.71243E+01,3.71243E+01,3.71243E+01,3.71243E+01,1.55444E+01,3.81475E-01,2.86218E-01,4.40975E+00,1.55444E+01,3.71243E+01,3.71243E+01 
#t = 2.436E+03
3.04552E+01,1.55444E+01,3.71243E+01,1.55444E+01,3.71243E+01,3.71243E+01,3.71243E+01,1.55444E+01,3.71243E+01,3.71243E+01,3.04552E+01,3.71243E+01,3.71243E+01,3.71243E+01,1.55444E+01,3.71243E+01,3.71243E+01,3.71243E+01,3.71243E+01,4.95877E+00,3.71243E+01,9.10310E+00,3.04552E+01,1.55444E+01,3.71243E+01,3.71243E+01,3.71243E+01,3.71243E+01,1.55444E+01,3.71243E+01,3.71243E+01,3.71243E+01,3.71243E+01,3.71243E+01,8.23817E-01,3.71243E+01,3.04552E+01,3.71243E+01,3.71243E+01,3.71243E+01,1.55444E+01 
#t = 2.478E+03
3.71243E+01,1.55444E+01,3.71243E+01,3.71243E+01,3.71243E+01,3.71243E+01,3.71243E+01,3.71243E+01,3.71243E+01,3.71243E+01,3.71243E+01,3.71243E+01,3.71243E+01,1.55444E+01,3.71243E+01,3.71243E+01,3.71243E+01,3.71243E+01,3.71243E+01,3.71243E+01,3.71243E+01,1.35564E+01,3.71243E+01,3.71243E+01,1.55444E+01,3.71243E+01,3.04552E+01,3.71243E+01,3.71243E+01,3.71243E+01,3.71243E+01,3.71243E+01,3.71243E+01,3.71243E+01,1.35564E+01,3.71243E+01,3.71243E+01,1.39729E+00,3.71243E+01,3.71243E+01,3.71243E+01,3.71243E+01,5.09169E+00,3.71243E+01,3.71243E+01,2.89639E+00,3.71243E+01,3.71243E+01,3.62336E+01,5.45962E-01,3.71243E+01 
#t = 2.520E+03
3.71243E+01,3.71243E+01,3.62336E+01,3.71243E+01,3.71243E+01,3.71243E+01,3.71243E+01,1.35564E+01,3.71243E+01,1.35564E+01,3.71243E+01,3.71243E+01,3.71243E+01,3.71243E+01,1.35564E+01,3.71243E+01,3.71243E+01,3.71243E+01,3.71243E+01,3.62336E+01,3.71243E+01,3.71243E+01,3.71243E+01,3.71243E+01,3.71243E+01,5.11080E+00,1.34105E+00,3.71243E+01,3.71243E+01,3.71243E+01,8.05038E+00,4.72716E+00,3.71243E+01,7.69047E-01,3.71243E+01,3.71243E+01,3.71243E+01 
#t = 2.562E+03
3.71243E+01,3.71243E+01,3.62336E+01,3.71243E+01,3.71243E+01,3.62336E+01,3.71243E+01,3.71243E+01,3.71243E+01,3.71243E+01,3.71243E+01,3.71243E+01,3.71243E+01,3.71243E+01,3.71243E+01,3.71243E+01,3.71243E+01,3.71243E+01,3.71243E+01,3.71243E+01,3.71243E+01,3.71243E+01,3.71243E+01,3.71243E+01,1.35564E+01,3.62336E+01,8.91517E+00,3.71243E+01,3.71243E+01,3.71243E+01,3.71243E+01,3.71243E+01,3.71243E+01,3.71243E+01,3.62336E+01,3.71243E+01,1.73833E+00,5.12694E-01 
#t = 2.604E+03
3.71243E+01,3.71243E+01,3.71243E+01,3.71243E+01,3.71243E+01,1.35564E+01,3.71243E+01,3.71243E+01,3.71243E+01,3.71243E+01,3.71243E+01,3.71243E+01,3.71243E+01,3.71243E+01,3.71243E+01,3.71243E+01,1.11648E+01,3.71243E+01,3.71243E+01,3.71243E+01,3.71243E+01,3.71243E+01,3.71243E+01,3.71243E+01,3.71243E+01,3.71243E+01,3.71243E+01,3.71243E+01,3.71243E+01,3.71243E+01,6.66593E+00,3.71243E+01,3.71243E+01,3.71243E+01,3.71243E+01,3.71243E+01 
#t = 2.646E+03
3.71243E+01,3.71243E+01,3.71243E+01,3.71243E+01,3.71243E+01,3.71243E+01,3.71243E+01,3.71243E+01,3.71243E+01,3.71243E+01,1.06010E+01,3.71243E+01,3.71243E+01,3.71243E+01,7.73700E+00,3.71243E+01,3.71243E+01,3.71243E+01,3.71243E+01,3.71243E+01,3.71243E+01,3.71243E+01,3.71243E+01,3.71243E+01,1.53670E+01,3.71243E+01,3.71243E+01,3.71243E+01,3.71243E+01,3.71243E+01,3.71243E+01,3.71243E+01,3.71243E+01,3.71243E+01,3.71243E+01,3.71243E+01,1.53670E+01,3.71243E+01,7.84136E-01 
#t = 2.688E+03
3.71243E+01,3.71243E+01,3.71243E+01,3.71243E+01,3.71243E+01,3.71243E+01,3.71243E+01,1.53670E+01,3.71243E+01,3.71243E+01,3.71243E+01,3.71243E+01,3.71243E+01,1.53670E+01,1.53670E+01,1.53670E+01,3.71243E+01,3.71243E+01,3.71243E+01,1.53670E+01,3.71243E+01,1.53670E+01,3.71243E+01,3.71243E+01,3.71243E+01,3.71243E+01,3.71243E+01,3.71243E+01,3.71243E+01,3.71243E+01,3.71243E+01,3.71243E+01,3.71243E+01,3.71243E+01,3.71243E+01,3.71243E+01,1.30139E+00,3.71243E+01,8.91787E-01,3.71243E+01,1.11312E+00,3.71243E+01,3.71243E+01,3.71243E+01,3.71243E+01,3.71243E+01,2.19061E+00,3.71243E+01,1.98196E+00,3.71243E+01,4.94189E+00,3.71243E+01,3.71243E+01,3.71243E+01,3.71243E+01 
#t = 2.730E+03
3.71243E+01,3.71243E+01,3.71243E+01,3.71243E+01,3.71243E+01,1.53670E+01,1.53670E+01,3.71243E+01,3.71243E+01,3.71243E+01,3.71243E+01,1.53670E+01,1.01446E+01,9.69407E+00,1.53670E+01,3.71243E+01,3.71243E+01,3.71243E+01,3.71243E+01,3.71243E+01,1.53670E+01,1.53670E+01,3.71243E+01,3.71243E+01,3.20404E+00,3.71243E+01,3.71243E+01,6.19755E-01,3.71243E+01,3.71243E+01,3.71243E+01,3.71243E+01,3.71243E+01,3.71243E+01,8.89021E+00,3.71243E+01 
#t = 2.772E+03
1.53670E+01,3.71243E+01,1.53670E+01,3.71243E+01,3.71243E+01,3.71243E+01,3.71243E+01,3.71243E+01,3.71243E+01,3.71243E+01,3.71243E+01,3.71243E+01,3.71243E+01,1.91306E+01,3.71243E+01,1.53670E+01,3.71243E+01,3.71243E+01,3.71243E+01,7.20958E+00,3.71243E+01,1.53670E+01,1.20654E+01,3.71243E+01,1.53670E+01,3.71243E+01,1.53670E+01,3.71243E+01,1.53670E+01,3.71243E+01,3.71243E+01,3.71243E+01,3.71243E+01,3.71243E+01,3.71243E+01,3.71243E+01,5.11839E+00,3.71243E+01,3.71243E+01,1.53670E+01,3.71243E+01,1.91306E+01,3.71243E+01,3.71243E+01,1.20654E+01,3.71243E+01,2.37670E+00,1.53670E+01,3.71243E+01,3.71243E+01 
#t = 2.814E+03
3.71243E+01,3.71243E+01,3.71243E+01,3.71243E+01,3.71243E+01,3.71243E+01,1.53670E+01,3.71243E+01,1.91306E+01,3.71243E+01,3.71243E+01,3.71243E+01,3.71243E+01,1.91306E+01,3.71243E+01,1.53670E+01,3.71243E+01,3.71243E+01,3.71243E+01,3.71243E+01,3.71243E+01,3.71243E+01,3.71243E+01,3.71243E+01,3.71243E+01,3.71243E+01,3.71243E+01,3.71243E+01,3.71243E+01,3.71243E+01,7.55550E+00,3.71243E+01,3.71243E+01,3.71243E+01,3.71243E+01,3.71243E+01,3.71243E+01,3.71243E+01,3.71243E+01,3.71243E+01,3.71243E+01,1.74030E+01,3.71243E+01,1.33525E+00,1.91306E+01,3.71243E+01,3.71243E+01,1.68008E+00 
#t = 2.856E+03
3.71243E+01,3.71243E+01,1.74030E+01,3.71243E+01,3.71243E+01,1.74030E+01,3.71243E+01,3.71243E+01,3.71243E+01,3.71243E+01,3.71243E+01,1.66728E+01,2.52779E+01,3.71243E+01,3.71243E+01,1.74030E+01,1.08486E+01,3.71243E+01,1.74030E+01,3.71243E+01,1.74030E+01,3.71243E+01,3.71243E+01,1.74030E+01,3.71243E+01,1.74030E+01,3.71243E+01,1.74030E+01,1.74030E+01,3.71243E+01,1.74030E+01,1.74030E+01,1.74030E+01,1.16392E+01,3.71243E+01,1.04602E+00,3.71243E+01,3.71243E+01,1.74030E+01,3.71243E+01,3.71243E+01,3.71243E+01,1.74030E+01 
#t = 2.898E+03
3.71243E+01,3.71243E+01,3.71243E+01,3.71243E+01,2.52779E+01,3.71243E+01,3.71243E+01,3.71243E+01,3.71243E+01,3.71243E+01,2.52779E+01,3.71243E+01,3.71243E+01,3.71243E+01,3.71243E+01,3.71243E+01,3.71243E+01,3.71243E+01,3.71243E+01,3.71243E+01,8.61788E+00,3.71243E+01,2.52779E+01,2.52779E+01,3.71243E+01,3.71243E+01,3.71243E+01,8.58692E-01,3.71243E+01,3.71243E+01,3.71243E+01,3.71243E+01,3.71243E+01,3.71243E+01,1.96310E+00,3.71243E+01,3.71243E+01,3.71243E+01 
#t = 2.940E+03
3.71243E+01,3.71243E+01,3.71243E+01,8.37138E+00,3.71243E+01,3.71243E+01,3.71243E+01,2.52779E+01,1.91175E+01,2.52779E+01,3.71243E+01,9.45469E+00,2.52779E+01,3.71243E+01,3.71243E+01,3.71243E+01,3.71243E+01,3.71243E+01,3.71243E+01,2.52779E+01,2.52779E+01,2.52779E+01,3.71243E+01,3.71243E+01,2.52779E+01,3.71243E+01,2.52779E+01,2.52779E+01,3.71243E+01,3.71243E+01,3.71243E+01,3.71243E+01,6.50181E+00,3.71243E+01,3.71243E+01,3.71243E+01,2.52779E+01,2.52779E+01,3.71243E+01,3.71243E+01,3.71243E+01,2.52779E+01,3.71243E+01,3.71243E+01 
#t = 2.982E+03
2.52779E+01,3.71243E+01,3.71243E+01,3.71243E+01,3.71243E+01,2.52779E+01,3.71243E+01,2.52779E+01,3.71243E+01,2.52779E+01,8.33065E+00,2.52779E+01,3.71243E+01,3.71243E+01,3.71243E+01,3.71243E+01,7.52935E+00,2.52779E+01,3.71243E+01,2.52779E+01,3.71243E+01,3.71243E+01,3.71243E+01,3.71243E+01,2.52779E+01,3.71243E+01,9.89827E-01,2.52779E+01,3.71243E+01,3.71243E+01,3.71243E+01,3.71243E+01,3.71243E+01,3.35237E+00,3.71243E+01,3.71243E+01,1.25699E+00,1.60716E+00,2.52779E+01,3.71243E+01,6.39980E+00 
#t = 3.024E+03
3.71243E+01,3.71243E+01,2.52779E+01,2.52779E+01,3.71243E+01,3.71243E+01,3.71243E+01,3.71243E+01,3.71243E+01,3.71243E+01,2.52779E+01,3.71243E+01,3.71243E+01,3.71243E+01,3.71243E+01,3.71243E+01,3.71243E+01,2.52779E+01,3.71243E+01,3.71243E+01,3.71243E+01,2.52779E+01,3.71243E+01,2.52779E+01,5.95241E+00,2.68592E+00,3.71243E+01,3.71243E+01,2.52779E+01,3.71243E+01,2.08055E+00,1.15806E+00,3.71243E+01,3.71243E+01,3.71243E+01 
#t = 3.066E+03
3.71243E+01,3.71243E+01,3.71243E+01,3.71243E+01,2.52779E+01,3.71243E+01,3.71243E+01,3.71243E+01,3.71243E+01,1.47092E+01,3.71243E+01,3.71243E+01,2.52779E+01,3.71243E+01,3.71243E+01,3.71243E+01,3.71243E+01,2.52779E+01,3.71243E+01,2.52779E+01,2.52779E+01,3.71243E+01,3.71243E+01,3.71243E+01,3.71243E+01,3.71243E+01,2.52779E+01,2.52779E+01,3.71243E+01,2.52779E+01,3.71243E+01,3.71243E+01,3.71243E+01,3.71243E+01,2.52779E+01,2.52779E+01,1.62136E+00,3.71243E+01,3.71243E+01,3.71243E+01,3.71243E+01,8.02883E-01,3.71243E+01,3.71243E+01 
#t = 3.108E+03
2.52779E+01,3.71243E+01,3.71243E+01,2.52779E+01,2.52779E+01,1.47092E+01,8.82451E+00,3.71243E+01,2.52779E+01,3.71243E+01,3.71243E+01,3.71243E+01,3.71243E+01,3.71243E+01,3.71243E+01,3.71243E+01,3.71243E+01,2.52779E+01,3.71243E+01,3.71243E+01,3.71243E+01,3.71243E+01,3.71243E+01,3.71243E+01,2.52779E+01,3.71243E+01,3.71243E+01,3.71243E+01,2.52779E+01,3.71243E+01,2.52779E+01,3.71243E+01,1.37943E+01,1.47092E+01,2.52779E+01,3.71243E+01,3.71243E+01,3.71243E+01,7.31365E+00,1.93844E+00,1.70800E+00,6.92074E-01,3.71243E+01,3.71243E+01 
#t = 3.150E+03
3.71243E+01,3.71243E+01,3.71243E+01,2.52779E+01,3.71243E+01,3.71243E+01,3.71243E+01,3.71243E+01,3.71243E+01,7.11826E+00,3.71243E+01,1.08280E+01,1.37943E+01,2.52779E+01,3.71243E+01,2.52779E+01,3.71243E+01,3.71243E+01,3.71243E+01,3.71243E+01,3.71243E+01,2.35323E+00,5.74046E+00,3.71243E+01,3.71243E+01,3.71243E+01,3.71243E+01,1.37943E+01,3.71243E+01,3.71243E+01,1.08280E+01,3.71243E+01,3.71243E+01,1.37943E+01,2.52779E+01,1.08280E+01,3.71243E+01,3.71243E+01,3.71243E+01,5.98398E-01,3.71243E+01,1.37943E+01,4.52805E+00,3.71243E+01 
#t = 3.192E+03
3.71243E+01,1.08280E+01,3.71243E+01,3.71243E+01,3.71243E+01,2.52779E+01,3.71243E+01,9.48213E+00,1.37943E+01,3.71243E+01,3.71243E+01,3.71243E+01,3.71243E+01,3.71243E+01,3.71243E+01,3.71243E+01,3.71243E+01,3.71243E+01,2.52779E+01,3.71243E+01,3.71243E+01,2.52779E+01,3.71243E+01,3.71243E+01,3.71243E+01,3.71243E+01,3.71243E+01,3.71243E+01,3.71243E+01,2.52779E+01,3.71243E+01,3.71243E+01,2.97350E+00,2.52779E+01,2.95299E+00,1.37943E+01,3.06463E+00,1.70192E-01,3.71243E+01,1.31038E+01 
#t = 3.234E+03
3.71243E+01,3.71243E+01,3.71243E+01,3.71243E+01,3.71243E+01,3.71243E+01,3.71243E+01,3.71243E+01,3.71243E+01,3.71243E+01,3.71243E+01,3.71243E+01,3.71243E+01,1.37943E+01,3.71243E+01,3.71243E+01,3.71243E+01,1.19286E+01,3.71243E+01,3.71243E+01,3.71243E+01,3.71243E+01,3.71243E+01,3.71243E+01,1.18001E+00,3.71243E+01,3.71243E+01,2.85380E+00,1.03996E+01,3.71243E+01,3.71243E+01,3.40721E+00,1.13113E+00,3.71243E+01,3.71243E+01,3.71243E+01,2.07178E+00,3.71243E+01,3.71243E+01 
#t = 3.276E+03
3.71243E+01,3.71243E+01,3.71243E+01,3.71243E+01,3.71243E+01,3.71243E+01,3.71243E+01,3.71243E+01,3.71243E+01,3.71243E+01,3.71243E+01,3.71243E+01,3.71243E+01,3.71243E+01,3.71243E+01,3.71243E+01,3.71243E+01,3.71243E+01,3.71243E+01,3.71243E+01,3.71243E+01,3.71243E+01,3.71243E+01,3.71243E+01,3.71243E+01,3.71243E+01,3.71243E+01,3.71243E+01,3.71243E+01,3.71243E+01,3.71243E+01,3.71243E+01,3.71243E+01,3.71243E+01,3.71243E+01,3.71243E+01,3.71243E+01,3.71243E+01,3.71243E+01,3.71243E+01,3.71243E+01,3.71243E+01,3.71243E+01,3.71243E+01,8.21462E-01,3.71243E+01,3.71243E+01,3.71243E+01,2.52949E+00 
#t = 3.318E+03
3.71243E+01,3.71243E+01,3.71243E+01,3.71243E+01,3.71243E+01,3.71243E+01,3.71243E+01,3.71243E+01,3.71243E+01,3.71243E+01,3.71243E+01,3.71243E+01,7.60970E+00,3.71243E+01,3.71243E+01,3.71243E+01,3.71243E+01,3.71243E+01,3.71243E+01,3.71243E+01,3.71243E+01,3.71243E+01,1.02517E+01,3.71243E+01,3.71243E+01,3.71243E+01,3.71243E+01,3.71243E+01,3.71243E+01,3.71243E+01,3.71243E+01,3.71243E+01,1.62813E+00,1.55537E+00,3.71243E+01,1.95923E+01,2.09654E+00 
#t = 3.360E+03
3.71243E+01,3.71243E+01,3.71243E+01,3.71243E+01,3.71243E+01,3.71243E+01,3.71243E+01,3.71243E+01,3.71243E+01,3.71243E+01,3.71243E+01,3.71243E+01,3.71243E+01,3.71243E+01,3.71243E+01,3.71243E+01,3.71243E+01,3.71243E+01,6.52135E+00,3.71243E+01,3.71243E+01,3.71243E+01,3.71243E+01,3.71243E+01,3.71243E+01,3.71243E+01,3.71243E+01,3.71243E+01,3.71243E+01,3.71243E+01,3.71243E+01,3.71243E+01,3.71243E+01,3.71243E+01,3.71243E+01,3.71243E+01,3.71243E+01,3.71243E+01,3.71243E+01,3.71243E+01,1.18823E+00,3.71243E+01 
#t = 3.402E+03
3.71243E+01,3.71243E+01,3.71243E+01,3.71243E+01,3.71243E+01,3.71243E+01,3.71243E+01,3.71243E+01,3.71243E+01,3.71243E+01,3.71243E+01,3.71243E+01,3.71243E+01,3.71243E+01,3.71243E+01,3.71243E+01,3.71243E+01,3.71243E+01,3.71243E+01,3.71243E+01,3.71243E+01,3.71243E+01,3.71243E+01,3.71243E+01,3.71243E+01,3.71243E+01,3.71243E+01,3.71243E+01,3.71243E+01,3.71243E+01,3.71243E+01,3.71243E+01,3.71243E+01,3.71243E+01,3.71243E+01,3.71243E+01,3.71243E+01,3.71243E+01,3.71243E+01 
3.71243E+01,3.71243E+01,3.71243E+01,3.71243E+01,2.01016E+01,2.01016E+01,3.71243E+01,3.71243E+01,3.71243E+01,3.71243E+01,3.71243E+01,3.71243E+01,3.71243E+01,3.71243E+01,3.71243E+01,3.71243E+01,3.71243E+01,3.71243E+01,3.71243E+01,3.71243E+01,3.71243E+01,3.71243E+01,3.71243E+01,3.71243E+01,3.71243E+01,3.71243E+01,3.71243E+01,3.71243E+01,3.71243E+01,3.71243E+01 
#t = 3.444E+03
3.71243E+01,3.71243E+01,3.71243E+01,3.71243E+01,3.71243E+01,3.71243E+01,3.71243E+01,3.71243E+01,3.71243E+01,3.71243E+01,3.71243E+01,3.71243E+01,3.71243E+01,3.71243E+01,3.71243E+01,3.71243E+01,3.71243E+01,3.71243E+01,3.71243E+01,3.71243E+01,3.71243E+01,3.71243E+01,3.71243E+01,3.71243E+01,3.71243E+01,3.71243E+01,3.71243E+01,3.71243E+01,3.71243E+01,3.71243E+01,3.71243E+01,3.71243E+01,3.71243E+01,3.71243E+01 
3.71243E+01,3.71243E+01,3.71243E+01,3.71243E+01,3.71243E+01,2.01016E+01,3.71243E+01,3.71243E+01,3.71243E+01,3.71243E+01,3.71243E+01,3.71243E+01,3.71243E+01,3.71243E+01,3.71243E+01,3.71243E+01,3.71243E+01,3.71243E+01,3.71243E+01,3.71243E+01,3.71243E+01,3.71243E+01,3.71243E+01,3.71243E+01,3.71243E+01,3.71243E+01,3.71243E+01,3.71243E+01,3.71243E+01,3.71243E+01,3.71243E+01,3.71243E+01,3.71243E+01,3.71243E+01,3.71243E+01,3.71243E+01,3.71243E+01,3.71243E+01,3.71243E+01,3.71243E+01,3.39639E+00,3.71243E+01,3.71243E+01,3.71243E+01,3.71243E+01,3.71243E+01,3.71243E+01,3.71243E+01,3.71243E+01,3.71243E+01,3.71243E+01 
#t = 3.486E+03
3.71243E+01,3.71243E+01,3.71243E+01,3.71243E+01,3.71243E+01,3.71243E+01,3.71243E+01,3.71243E+01,3.71243E+01,3.71243E+01,3.71243E+01,3.71243E+01,3.71243E+01,3.71243E+01,3.71243E+01,3.71243E+01,3.71243E+01,3.71243E+01,3.71243E+01,3.71243E+01,3.71243E+01,3.71243E+01,3.71243E+01,3.71243E+01,3.71243E+01,3.71243E+01,3.71243E+01,3.71243E+01,3.71243E+01,3.71243E+01,3.71243E+01,3.71243E+01,3.71243E+01,3.71243E+01,3.71243E+01,3.71243E+01,3.71243E+01,3.71243E+01,3.71243E+01,3.71243E+01,3.71243E+01,7.61189E-01,3.71243E+01,3.71243E+01,3.71243E+01,3.71243E+01 
3.71243E+01,3.71243E+01,1.26887E+01,3.71243E+01,3.71243E+01,3.71243E+01,3.71243E+01,3.71243E+01,3.71243E+01,3.71243E+01,3.71243E+01,3.71243E+01,3.71243E+01,3.71243E+01,3.71243E+01,8.33925E+00,3.71243E+01,1.32481E+00,3.71243E+01,3.71243E+01,3.71243E+01,3.71243E+01,3.71243E+01,3.71243E+01,3.71243E+01,3.71243E+01,3.71243E+01,3.71243E+01,3.71243E+01,3.71243E+01,4.31772E+00,3.71243E+01,3.71243E+01,3.71243E+01,3.71243E+01,1.26887E+01,4.49452E+00,3.71243E+01,3.71243E+01,3.71243E+01,3.71243E+01,3.71243E+01,3.71243E+01,3.71243E+01 
#t = 3.528E+03
3.71243E+01,3.71243E+01,3.71243E+01,3.71243E+01,3.71243E+01,3.71243E+01,3.71243E+01,3.71243E+01,3.71243E+01,3.71243E+01,3.71243E+01,3.71243E+01,3.71243E+01,3.71243E+01,3.71243E+01,3.71243E+01,3.71243E+01,3.71243E+01,3.71243E+01,3.71243E+01,3.71243E+01,3.71243E+01,3.71243E+01,3.71243E+01,3.71243E+01,3.71243E+01,3.71243E+01,3.71243E+01,3.71243E+01,3.71243E+01,3.71243E+01,3.71243E+01,3.71243E+01,3.71243E+01,3.71243E+01,3.71243E+01,3.71243E+01,3.71243E+01,3.71243E+01,7.49208E+00,3.71243E+01,3.71243E+01 
3.71243E+01,3.71243E+01,3.71243E+01,3.71243E+01,3.71243E+01,3.71243E+01,3.71243E+01,3.71243E+01,3.71243E+01,3.71243E+01,3.71243E+01,3.71243E+01,3.71243E+01,3.71243E+01,3.71243E+01,3.71243E+01,3.71243E+01,3.71243E+01,3.71243E+01,3.71243E+01,3.71243E+01,3.71243E+01,3.71243E+01,3.71243E+01,3.71243E+01,3.71243E+01,3.71243E+01,3.71243E+01,3.71243E+01,3.71243E+01,3.71243E+01,3.71243E+01,3.71243E+01,3.71243E+01,3.71243E+01,3.71243E+01,3.71243E+01,3.71243E+01,3.71243E+01,3.71243E+01,3.71243E+01,3.71243E+01,3.71243E+01,3.71243E+01,3.71243E+01,3.71243E+01,3.71243E+01,3.71243E+01,3.71243E+01,3.71243E+01,3.71243E+01,3.71243E+01,3.71243E+01,3.10451E+00,3.71243E+01 
#t = 3.570E+03
3.71243E+01,3.71243E+01,3.71243E+01,3.71243E+01,3.71243E+01,3.71243E+01,3.71243E+01,3.71243E+01,3.71243E+01,3.71243E+01,3.71243E+01,3.71243E+01,3.71243E+01,3.71243E+01,3.71243E+01,3.71243E+01,3.71243E+01,3.13245E+00,3.71243E+01,3.71243E+01,3.71243E+01,3.71243E+01,3.71243E+01,3.71243E+01,3.71243E+01,3.71243E+01,3.71243E+01,3.71243E+01,3.71243E+01,3.71243E+01,3.71243E+01,3.71243E+01,3.71243E+01 
3.71243E+01,3.71243E+01,3.71243E+01,3.71243E+01,3.71243E+01,3.71243E+01,3.71243E+01,3.71243E+01,3.71243E+01,3.71243E+01,3.71243E+01,3.71243E+01,3.71243E+01,3.71243E+01,3.71243E+01,3.71243E+01,3.71243E+01,3.71243E+01,3.71243E+01,3.71243E+01,3.71243E+01,3.71243E+01,3.71243E+01,3.71243E+01,3.71243E+01,3.71243E+01,3.71243E+01,3.71243E+01,3.71243E+01,3.71243E+01,3.71243E+01,3.71243E+01,1.51479E+00,3.71243E+01,3.71243E+01,3.71243E+01,3.71243E+01,3.71243E+01,4.50067E+00,3.71243E+01,3.71243E+01,3.71243E+01,3.71243E+01,3.71243E+01,3.71243E+01,3.71243E+01,3.71243E+01,3.71243E+01,8.01902E-01,3.71243E+01,5.75348E+00,3.71243E+01,3.71243E+01,3.71243E+01 
#t = 3.612E+03
3.71243E+01,3.71243E+01,3.71243E+01,3.71243E+01,3.71243E+01,3.71243E+01,3.71243E+01,3.71243E+01,3.71243E+01,3.71243E+01,3.71243E+01,3.71243E+01,3.71243E+01,3.71243E+01,3.71243E+01,3.71243E+01,3.71243E+01,3.71243E+01,3.71243E+01,3.71243E+01,3.71243E+01,3.71243E+01,3.71243E+01,3.71243E+01,3.71243E+01,3.71243E+01,3.71243E+01,3.71243E+01,3.71243E+01,3.71243E+01,3.71243E+01,3.71243E+01,3.71243E+01,3.71243E+01,3.71243E+01,3.71243E+01,3.71243E+01,3.71243E+01,3.71243E+01,3.71243E+01 
3.71243E+01,3.71243E+01,3.71243E+01,3.71243E+01,3.71243E+01,3.71243E+01,3.71243E+01,3.71243E+01,3.71243E+01,3.71243E+01,3.71243E+01,3.71243E+01,3.71243E+01,3.71243E+01,3.71243E+01,3.71243E+01,3.71243E+01,3.71243E+01,3.71243E+01,3.71243E+01,3.71243E+01,3.71243E+01,3.71243E+01,3.71243E+01,3.71243E+01,3.71243E+01,3.71243E+01,3.71243E+01,3.71243E+01,3.71243E+01,3.71243E+01,3.71243E+01,3.71243E+01,3.71243E+01,3.71243E+01,3.71243E+01,3.71243E+01,3.71243E+01,3.71243E+01,3.71243E+01,3.71243E+01,3.71243E+01,4.61295E+00,3.71243E+01,3.71243E+01,3.71243E+01 
#t = 3.654E+03
3.71243E+01,3.71243E+01,3.71243E+01,3.71243E+01,3.71243E+01,3.71243E+01,3.71243E+01,3.71243E+01,3.71243E+01,3.71243E+01,3.71243E+01,3.71243E+01,3.71243E+01,3.71243E+01,3.71243E+01,2.40668E+01,3.71243E+01,3.71243E+01,3.71243E+01,3.71243E+01,3.71243E+01,3.71243E+01,3.71243E+01,3.71243E+01,3.71243E+01,3.71243E+01,2.40668E+01,3.71243E+01,3.71243E+01,3.71243E+01,3.71243E+01,3.71243E+01,3.71243E+01,3.71243E+01,3.71243E+01,3.71243E+01,3.71243E+01,3.71243E+01,3.71243E+01,3.71243E+01,3.71243E+01,3.71243E+01,3.71243E+01,3.71243E+01,3.71243E+01,3.71243E+01,3.71243E+01 
3.71243E+01,3.71243E+01,3.71243E+01,3.71243E+01,3.71243E+01,3.71243E+01,3.71243E+01,3.71243E+01,3.71243E+01,3.71243E+01,3.71243E+01,3.71243E+01,3.71243E+01,3.71243E+01,3.71243E+01,3.71243E+01,3.71243E+01,3.71243E+01,3.71243E+01,3.71243E+01,3.71243E+01,3.71243E+01,8.58322E+00,3.71243E+01,3.71243E+01,3.71243E+01,3.71243E+01,3.71243E+01,3.71243E+01,3.71243E+01,8.33450E+00,3.71243E+01,3.71243E+01,4.27082E+00,3.71243E+01,3.71243E+01,3.71243E+01,3.71243E+01,3.71243E+01,3.71243E+01,3.71243E+01,3.71243E+01,3.71243E+01,3.71243E+01,3.71243E+01,3.71243E+01,3.71243E+01,3.71243E+01,1.06128E+01,3.71243E+01,3.71243E+01,3.71243E+01,3.71243E+01,3.71243E+01,3.71243E+01,3.71243E+01,3.71243E+01,3.71243E+01,3.71243E+01,3.71243E+01,3.71243E+01,3.71243E+01,3.71243E+01,3.71243E+01,3.71243E+01,3.71243E+01,3.71243E+01,3.71243E+01,3.71243E+01,3.71243E+01,3.71243E+01 
3.71243E+01,3.71243E+01,3.71243E+01,3.71243E+01,3.71243E+01,3.71243E+01,3.71243E+01,3.71243E+01,3.71243E+01,3.71243E+01 
#t = 3.696E+03
3.71243E+01,3.71243E+01,3.71243E+01,3.71243E+01,3.71243E+01,3.71243E+01,3.71243E+01,3.71243E+01,3.71243E+01,3.71243E+01,3.71243E+01,3.71243E+01,3.71243E+01,3.71243E+01,3.71243E+01,3.71243E+01,3.71243E+01,3.71243E+01,3.71243E+01,3.71243E+01,3.71243E+01,3.71243E+01,3.71243E+01,3.71243E+01,3.71243E+01,3.71243E+01,3.71243E+01,3.71243E+01,3.71243E+01,3.71243E+01,3.71243E+01,3.71243E+01,3.71243E+01,3.71243E+01,3.71243E+01,3.71243E+01,3.71243E+01,3.71243E+01,3.71243E+01,3.71243E+01,3.71243E+01,3.71243E+01,3.71243E+01,3.71243E+01,3.71243E+01,3.71243E+01,3.71243E+01,3.71243E+01,3.71243E+01,3.71243E+01,3.71243E+01,3.71243E+01,3.71243E+01,3.71243E+01,3.71243E+01,3.71243E+01,3.71243E+01,3.71243E+01 
3.71243E+01,3.71243E+01,3.71243E+01,3.71243E+01,3.71243E+01,3.71243E+01,3.71243E+01,3.71243E+01,3.71243E+01,3.71243E+01,3.71243E+01,3.71243E+01,3.71243E+01,3.71243E+01,3.71243E+01,3.71243E+01,3.71243E+01,3.71243E+01,3.71243E+01,3.71243E+01,3.71243E+01,3.71243E+01,3.71243E+01,3.71243E+01,3.71243E+01,3.71243E+01,3.71243E+01,3.71243E+01,3.71243E+01,3.71243E+01,3.71243E+01,3.71243E+01,3.71243E+01,3.71243E+01,3.71243E+01,3.71243E+01,3.71243E+01,3.71243E+01,3.71243E+01,3.71243E+01,3.71243E+01,3.71243E+01 
3.71243E+01,3.71243E+01,3.71243E+01,3.71243E+01,3.71243E+01,3.71243E+01,3.71243E+01,3.71243E+01,3.71243E+01,3.71243E+01,3.71243E+01,3.71243E+01,3.71243E+01,3.71243E+01,3.71243E+01,3.71243E+01,3.71243E+01,3.71243E+01,3.71243E+01,3.71243E+01,3.71243E+01,3.71243E+01,3.71243E+01,3.71243E+01,3.71243E+01,3.71243E+01,3.71243E+01,3.71243E+01,1.50063E+00,3.71243E+01,3.71243E+01,3.71243E+01,2.63157E+00,3.71243E+01,3.71243E+01,3.71243E+01,3.71243E+01,3.71243E+01,2.53119E+01,3.71243E+01,3.71243E+01,3.71243E+01,2.16860E+00,3.71243E+01,3.71243E+01,3.71243E+01,3.71243E+01,3.71243E+01,3.71243E+01 
#t = 3.738E+03
3.71243E+01,3.71243E+01,3.71243E+01,3.71243E+01,3.71243E+01,3.71243E+01,3.71243E+01,3.71243E+01,3.71243E+01,3.71243E+01,3.71243E+01,3.71243E+01,3.71243E+01,3.71243E+01,3.71243E+01,3.71243E+01,3.71243E+01,3.71243E+01,3.71243E+01,3.71243E+01,2.53119E+01,3.71243E+01,3.71243E+01,3.71243E+01,3.71243E+01,3.71243E+01,3.71243E+01,3.71243E+01,3.71243E+01,3.71243E+01,3.71243E+01,3.71243E+01,3.71243E+01,3.71243E+01,3.71243E+01,3.71243E+01,3.71243E+01 
3.71243E+01,3.71243E+01,3.71243E+01,3.71243E+01,3.71243E+01,3.71243E+01,3.71243E+01,3.71243E+01,3.71243E+01,3.71243E+01,3.71243E+01,3.71243E+01,3.71243E+01,3.71243E+01,3.71243E+01,3.71243E+01,3.71243E+01,2.53119E+01,3.71243E+01,3.71243E+01,3.71243E+01,3.71243E+01,3.71243E+01,3.71243E+01,3.71243E+01,3.71243E+01,3.71243E+01,3.71243E+01,3.71243E+01,3.71243E+01,3.71243E+01,3.71243E+01,3.71243E+01,3.71243E+01,3.71243E+01,3.71243E+01,3.71243E+01,3.71243E+01,3.71243E+01 
3.71243E+01,3.71243E+01,3.71243E+01,3.71243E+01,2.53119E+01,3.71243E+01,3.71243E+01,3.71243E+01,3.71243E+01,3.71243E+01,3.71243E+01,3.71243E+01,3.71243E+01,3.71243E+01,3.71243E+01,3.71243E+01,3.71243E+01,3.71243E+01,3.71243E+01,3.71243E+01,3.71243E+01,3.71243E+01,3.71243E+01,3.71243E+01,3.71243E+01,3.71243E+01,3.71243E+01,3.71243E+01,3.71243E+01,3.71243E+01,3.71243E+01,3.71243E+01,3.71243E+01,3.71243E+01,7.84835E+00,3.71243E+01,3.71243E+01,3.71243E+01,3.71243E+01,3.71243E+01,2.53119E+01,3.71243E+01,3.71243E+01,3.71243E+01,3.71243E+01,3.71243E+01,3.71243E+01 
#t = 3.780E+03
3.71243E+01,3.71243E+01,3.71243E+01,3.71243E+01,3.71243E+01,3.71243E+01,3.71243E+01,3.71243E+01,3.71243E+01,3.71243E+01,3.71243E+01,3.71243E+01,3.71243E+01,3.71243E+01,3.71243E+01,3.71243E+01,3.71243E+01,3.71243E+01,3.71243E+01,3.71243E+01,3.71243E+01,3.71243E+01,3.71243E+01,3.71243E+01,3.71243E+01,3.71243E+01,3.71243E+01,3.71243E+01,3.71243E+01,3.71243E+01,3.71243E+01,3.71243E+01,3.71243E+01,3.71243E+01,3.71243E+01,3.71243E+01,3.71243E+01,3.71243E+01,3.71243E+01,3.71243E+01,3.67598E+00,3.71243E+01,3.71243E+01,3.71243E+01,3.71243E+01,3.71243E+01,3.71243E+01,3.71243E+01,3.71243E+01,3.71243E+01,3.71243E+01 
2.53119E+01,3.71243E+01,3.71243E+01,3.71243E+01,3.71243E+01,3.71243E+01,3.71243E+01,3.71243E+01,3.71243E+01,3.71243E+01,3.71243E+01,3.71243E+01,3.71243E+01,3.71243E+01,3.71243E+01,3.71243E+01,3.71243E+01,3.71243E+01,3.71243E+01,3.71243E+01,3.71243E+01,3.71243E+01,3.71243E+01,3.71243E+01,3.71243E+01,3.71243E+01,3.71243E+01,3.71243E+01,3.71243E+01,3.71243E+01,3.71243E+01,3.71243E+01,3.71243E+01 
3.71243E+01,3.71243E+01,3.71243E+01,3.71243E+01,3.71243E+01,2.53119E+01,2.53119E+01,3.71243E+01,3.71243E+01,3.71243E+01,3.71243E+01,3.71243E+01,3.71243E+01,3.71243E+01,3.71243E+01,3.71243E+01,1.19550E+01,3.71243E+01,3.71243E+01,2.53119E+01,3.71243E+01,3.71243E+01,3.71243E+01,5.06280E+00,3.71243E+01,3.71243E+01,3.71243E+01,3.71243E+01,5.49487E+00,3.71243E+01,3.71243E+01,3.71243E+01,3.71243E+01,3.71243E+01,3.71243E+01,3.71243E+01,3.71243E+01,3.71243E+01,3.71243E+01,1.19550E+01,3.71243E+01,3.67013E-01,3.71243E+01 
#t = 3.822E+03
3.71243E+01,3.71243E+01,3.71243E+01,1.52623E+01,3.71243E+01,3.71243E+01,1.19550E+01,3.71243E+01,3.71243E+01,3.71243E+01,3.71243E+01,3.71243E+01,3.71243E+01,3.71243E+01,3.71243E+01,3.71243E+01,3.71243E+01,3.71243E+01,3.71243E+01,3.71243E+01,3.71243E+01,3.71243E+01,3.71243E+01,3.71243E+01,3.71243E+01,3.71243E+01,3.71243E+01,3.71243E+01,3.71243E+01,3.71243E+01,3.71243E+01,3.71243E+01,3.71243E+01,3.71243E+01,3.71243E+01,3.71243E+01,3.71243E+01,3.71243E+01,3.71243E+01,3.71243E+01,3.71243E+01,3.71243E+01,3.71243E+01,3.71243E+01,3.71243E+01,3.71243E+01,3.71243E+01,3.71243E+01,3.71243E+01 
3.71243E+01,3.71243E+01,3.71243E+01,3.71243E+01,3.71243E+01,3.71243E+01,1.19550E+01,3.71243E+01,3.71243E+01,3.71243E+01,3.71243E+01,3.71243E+01,3.71243E+01,3.71243E+01,3.71243E+01,3.71243E+01,3.71243E+01,3.71243E+01,3.71243E+01,3.71243E+01,3.71243E+01,3.71243E+01,3.71243E+01,3.71243E+01,3.71243E+01,1.19550E+01,3.71243E+01,3.71243E+01,3.71243E+01,3.71243E+01,3.71243E+01,3.71243E+01,3.71243E+01,3.71243E+01,3.71243E+01,3.71243E+01,3.71243E+01,3.71243E+01,3.71243E+01,3.71243E+01,3.71243E+01,3.71243E+01,3.71243E+01,3.71243E+01 
3.71243E+01,3.71243E+01,3.71243E+01,3.71243E+01,2.53119E+01,3.71243E+01,3.71243E+01,3.71243E+01,2.53119E+01,3.71243E+01,3.71243E+01,1.52623E+01,3.71243E+01,3.71243E+01,3.71243E+01,3.71243E+01,3.23550E+00,3.71243E+01,3.71243E+01,3.71243E+01,3.71243E+01,3.71243E+01,3.71243E+01,3.71243E+01,3.71243E+01,3.71243E+01,3.71243E+01,3.71243E+01,3.71243E+01,3.71243E+01,3.71243E+01,3.71243E+01,3.71243E+01,3.71243E+01,3.71243E+01,3.71243E+01,1.52623E+01,3.71243E+01,3.71243E+01,3.71243E+01,3.71243E+01,3.71243E+01,3.71243E+01,3.71243E+01,3.71243E+01,3.71243E+01,3.71243E+01,3.71243E+01,3.71243E+01 
#t = 3.864E+03
3.71243E+01,3.71243E+01,3.71243E+01,3.71243E+01,3.71243E+01,3.71243E+01,3.71243E+01,3.71243E+01,3.71243E+01,2.53119E+01,3.71243E+01,3.71243E+01,3.71243E+01,3.71243E+01,3.71243E+01,8.89118E+00,3.71243E+01,3.71243E+01,3.71243E+01,3.71243E+01,3.71243E+01,3.71243E+01,3.71243E+01,3.71243E+01,3.71243E+01,3.71243E+01,3.71243E+01,3.71243E+01,3.71243E+01,3.71243E+01,2.53119E+01,3.71243E+01,3.71243E+01,3.71243E+01,3.71243E+01,3.71243E+01,3.71243E+01,3.71243E+01,3.71243E+01,3.71243E+01,3.71243E+01 
3.71243E+01,3.71243E+01,3.71243E+01,3.71243E+01,3.71243E+01,3.71243E+01,3.71243E+01,3.71243E+01,3.71243E+01,3.71243E+01,3.71243E+01,2.53119E+01,3.71243E+01,3.71243E+01,3.71243E+01,3.71243E+01,3.71243E+01,3.71243E+01,3.71243E+01,2.53119E+01,3.71243E+01,3.71243E+01,3.71243E+01,3.71243E+01,3.71243E+01,3.71243E+01,3.71243E+01,3.71243E+01,3.71243E+01,3.71243E+01,3.71243E+01,3.71243E+01,3.71243E+01,3.71243E+01,3.71243E+01,3.71243E+01,3.71243E+01,3.71243E+01,3.71243E+01,3.71243E+01,3.71243E+01,3.71243E+01 
6.20093E+00,3.71243E+01,3.71243E+01,3.71243E+01,3.71243E+01,3.71243E+01,3.71243E+01,3.71243E+01,3.71243E+01,3.71243E+01,3.71243E+01,3.71243E+01,3.71243E+01,3.71243E+01,3.71243E+01,3.71243E+01,3.71243E+01,3.71243E+01,3.71243E+01,3.71243E+01,3.71243E+01,3.71243E+01,3.71243E+01,3.71243E+01,3.71243E+01,2.53119E+01,3.71243E+01,3.71243E+01,3.71243E+01,1.19550E+01,3.71243E+01,3.71243E+01,3.71243E+01,3.05163E+00,3.71243E+01,3.71243E+01,3.71243E+01 
#t = 3.906E+03
3.71243E+01,3.71243E+01,3.71243E+01,3.71243E+01,3.71243E+01,3.71243E+01,3.71243E+01,3.71243E+01,3.71243E+01,3.71243E+01,3.71243E+01,3.71243E+01,3.71243E+01,3.71243E+01,3.71243E+01,3.71243E+01,3.71243E+01,3.71243E+01,3.71243E+01,3.71243E+01,2.93557E+01,3.71243E+01,3.71243E+01,3.71243E+01,3.71243E+01,3.71243E+01,3.71243E+01,3.71243E+01,1.95852E+01,3.71243E+01,3.71243E+01,3.71243E+01,3.71243E+01,1.95852E+01,3.71243E+01,3.71243E+01,3.71243E+01,3.71243E+01,3.71243E+01,3.71243E+01,1.95852E+01,3.71243E+01,3.71243E+01,3.71243E+01,3.71243E+01,3.71243E+01,3.71243E+01,3.71243E+01,3.71243E+01,3.71243E+01,3.71243E+01,3.71243E+01,3.71243E+01,3.71243E+01,3.71243E+01,3.71243E+01 
3.71243E+01,3.71243E+01,3.71243E+01,3.71243E+01,3.71243E+01,3.71243E+01,3.71243E+01,3.71243E+01,3.71243E+01,8.23748E+00,3.71243E+01,3.71243E+01,1.95852E+01,3.71243E+01,3.71243E+01,3.71243E+01,3.71243E+01,3.71243E+01,1.95852E+01,3.71243E+01,3.71243E+01,3.71243E+01,3.71243E+01,3.71243E+01,3.71243E+01,3.71243E+01,3.71243E+01,3.71243E+01,3.71243E+01,3.71243E+01,3.71243E+01,3.71243E+01,3.71243E+01,2.06453E+00,3.71243E+01,3.71243E+01,3.71243E+01,3.71243E+01,3.71243E+01,3.71243E+01,3.71243E+01,3.71243E+01,3.71243E+01,3.71243E+01,3.71243E+01,3.45484E+00,3.71243E+01,3.71243E+01,3.71243E+01,3.71243E+01,3.71243E+01,3.71243E+01,3.71243E+01 
3.71243E+01,3.71243E+01,3.71243E+01,3.71243E+01,3.71243E+01,3.71243E+01,3.71243E+01,9.73329E+00,3.71243E+01,3.71243E+01,3.71243E+01,3.71243E+01,3.71243E+01,3.71243E+01,3.71243E+01,3.71243E+01,5.39308E+00,3.71243E+01,3.71243E+01,3.71243E+01,3.71243E+01,3.71243E+01,3.71243E+01,3.29640E+00,3.71243E+01,3.71243E+01,1.95852E+01,3.71243E+01,3.71243E+01,3.71243E+01,3.71243E+01,3.71243E+01,3.71243E+01,3.71243E+01,3.71243E+01 
#t = 3.948E+03
3.71243E+01,3.71243E+01,3.71243E+01,3.71243E+01,3.71243E+01,3.71243E+01,3.71243E+01,3.71243E+01,3.71243E+01,3.71243E+01,3.71243E+01,3.71243E+01,2.39080E+01,3.71243E+01,3.71243E+01,3.71243E+01,3.71243E+01,3.71243E+01,3.71243E+01,3.71243E+01,3.71243E+01,3.71243E+01,3.71243E+01,3.71243E+01,3.71243E+01,3.71243E+01,2.39080E+01,3.71243E+01,3.71243E+01,3.71243E+01,3.71243E+01,3.71243E+01,3.71243E+01,3.71243E+01,3.71243E+01 
3.71243E+01,3.71243E+01,3.71243E+01,3.71243E+01,3.71243E+01,3.71243E+01,3.71243E+01,1.95852E+01,3.71243E+01,3.71243E+01,3.71243E+01,3.71243E+01,3.71243E+01,3.71243E+01,3.71243E+01,3.71243E+01,3.71243E+01,3.71243E+01,3.71243E+01,2.39080E+01,3.71243E+01,3.71243E+01,3.71243E+01,3.71243E+01,3.71243E+01,3.71243E+01,3.71243E+01,3.71243E+01,3.71243E+01,3.71243E+01,3.71243E+01,3.71243E+01,3.71243E+01,3.71243E+01,3.71243E+01 
3.71243E+01,3.71243E+01,3.71243E+01,3.71243E+01,3.71243E+01,3.71243E+01,3.71243E+01,3.71243E+01,3.71243E+01,3.71243E+01,3.71243E+01,3.71243E+01,3.71243E+01,3.71243E+01,3.71243E+01,3.71243E+01,3.71243E+01,3.71243E+01,3.71243E+01,3.71243E+01,3.71243E+01,3.71243E+01,3.71243E+01,3.71243E+01,3.71243E+01,3.71243E+01,3.71243E+01,3.71243E+01,3.63939E+00,3.71243E+01,3.71243E+01,2.42366E+00,3.71243E+01,3.71243E+01,3.71243E+01,3.71243E+01,3.71243E+01,3.71243E+01,3.71243E+01,3.71243E+01,3.71243E+01,3.71243E+01,3.71243E+01,1.35029E+00,3.71243E+01,3.71243E+01 
#t = 3.990E+03
3.71243E+01,3.71243E+01,3.71243E+01,3.71243E+01,3.71243E+01,3.71243E+01,3.71243E+01,3.71243E+01,3.71243E+01,3.71243E+01,3.71243E+01,3.71243E+01,3.71243E+01,3.71243E+01,3.71243E+01,3.71243E+01,3.71243E+01,3.71243E+01,3.71243E+01,3.71243E+01,3.71243E+01,2.39080E+01,3.71243E+01,3.71243E+01,3.71243E+01,3.71243E+01,3.71243E+01,3.71243E+01,3.71243E+01,3.71243E+01,3.71243E+01,3.71243E+01,3.71243E+01,3.71243E+01,2.39080E+01,3.71243E+01,3.71243E+01,3.71243E+01,3.71243E+01,3.71243E+01,3.71243E+01 
2.39080E+01,3.71243E+01,3.71243E+01,3.71243E+01,3.71243E+01,3.71243E+01,3.71243E+01,3.71243E+01,3.71243E+01,3.71243E+01,2.39080E+01,3.71243E+01,3.71243E+01,3.71243E+01,3.71243E+01,3.71243E+01,3.71243E+01,3.71243E+01,3.71243E+01,3.71243E+01,3.71243E+01,3.71243E+01,3.71243E+01,3.71243E+01,4.44501E+00,3.71243E+01,3.71243E+01,3.71243E+01,3.71243E+01,2.39080E+01,3.71243E+01,3.71243E+01,3.71243E+01,3.71243E+01,3.71243E+01,3.71243E+01,5.19630E+00,3.71243E+01 
3.71243E+01,3.71243E+01,3.71243E+01,3.71243E+01,3.71243E+01,3.71243E+01,3.71243E+01,3.71243E+01,3.71243E+01,3.71243E+01,3.71243E+01,1.10583E+01,3.71243E+01,3.71243E+01,3.71243E+01,3.71243E+01,3.71243E+01,3.71243E+01,3.71243E+01,3.71243E+01,3.71243E+01,3.71243E+01,3.71243E+01,3.71243E+01,2.39080E+01,3.71243E+01,3.71243E+01,3.71243E+01,3.71243E+01,3.71243E+01,3.71243E+01,3.71243E+01,3.71243E+01,3.71243E+01,3.71243E+01,3.71243E+01,2.41913E+00,3.71243E+01,3.71243E+01,3.71243E+01,2.39080E+01,3.71243E+01,3.71243E+01,3.71243E+01,3.71243E+01,3.71243E+01,3.71243E+01 
#t = 4.032E+03
3.71243E+01,3.71243E+01,3.71243E+01,3.71243E+01,3.71243E+01,3.71243E+01,3.71243E+01,3.71243E+01,3.71243E+01,3.71243E+01,3.71243E+01,3.71243E+01,3.71243E+01,3.71243E+01,3.71243E+01,3.71243E+01,3.71243E+01,2.39080E+01,3.71243E+01,3.71243E+01,3.71243E+01,3.71243E+01,3.71243E+01,3.71243E+01,3.71243E+01,3.71243E+01,3.71243E+01,3.71243E+01,3.71243E+01,3.71243E+01,3.71243E+01,3.71243E+01,3.71243E+01,3.71243E+01,3.71243E+01,3.71243E+01,3.71243E+01,3.71243E+01,3.71243E+01,3.71243E+01,3.71243E+01,3.71243E+01,3.71243E+01,3.71243E+01,3.71243E+01,3.71243E+01,3.71243E+01,3.71243E+01,3.71243E+01,3.71243E+01,2.39080E+01 
3.71243E+01,3.71243E+01,3.71243E+01,3.71243E+01,3.71243E+01,3.71243E+01,3.71243E+01,3.71243E+01,2.39080E+01,2.39080E+01,2.39080E+01,3.71243E+01,3.71243E+01,3.71243E+01,2.39080E+01,3.71243E+01,3.71243E+01,3.71243E+01,3.71243E+01,3.71243E+01,3.71243E+01,7.92872E+00,3.71243E+01,3.71243E+01,3.71243E+01,3.71243E+01,3.71243E+01,3.71243E+01,3.71243E+01,3.71243E+01,3.71243E+01,3.71243E+01,3.71243E+01,2.39080E+01,3.71243E+01,3.71243E+01,3.71243E+01,3.71243E+01,3.71243E+01,3.71243E+01,3.71243E+01,3.71243E+01,3.71243E+01,3.71243E+01,3.71243E+01,3.71243E+01,3.71243E+01,3.71243E+01,3.71243E+01,3.71243E+01,3.71243E+01,3.71243E+01,3.71243E+01,3.71243E+01,3.71243E+01 
3.71243E+01,2.39080E+01,3.71243E+01,3.71243E+01,3.71243E+01,2.39080E+01,1.15716E+01,3.71243E+01,3.71243E+01,3.71243E+01,3.71243E+01,3.71243E+01,2.39080E+01,2.39080E+01,2.39080E+01,3.71243E+01,2.39080E+01,3.71243E+01,8.98663E+00,2.39080E+01,3.71243E+01,3.71243E+01,2.39080E+01,3.71243E+01,3.71243E+01,3.71243E+01,3.71243E+01,3.71243E+01,3.71243E+01,3.71243E+01,3.71243E+01,3.71243E+01,3.71243E+01,3.71243E+01,2.39080E+01,3.71243E+01,3.71243E+01,3.71243E+01,3.71243E+01,3.71243E+01,3.71243E+01,3.71243E+01,2.39080E+01,3.71243E+01,3.71243E+01,3.71243E+01 
#t = 4.074E+03
3.71243E+01,3.71243E+01,3.71243E+01,3.71243E+01,3.71243E+01,3.71243E+01,3.71243E+01,3.71243E+01,3.71243E+01,3.71243E+01,3.71243E+01,2.39080E+01,3.71243E+01,3.71243E+01,3.71243E+01,3.71243E+01,3.71243E+01,3.71243E+01,3.71243E+01,3.71243E+01,3.71243E+01,3.71243E+01,3.71243E+01,3.71243E+01,3.71243E+01,3.71243E+01,3.71243E+01,3.71243E+01,3.71243E+01,3.71243E+01,2.39080E+01,3.71243E+01,2.39080E+01,2.39080E+01,3.71243E+01,3.71243E+01,3.71243E+01,2.39080E+01,3.71243E+01,2.39080E+01,3.71243E+01,3.71243E+01,3.71243E+01,3.71243E+01,3.71243E+01,3.71243E+01,3.71243E+01,2.39080E+01,3.71243E+01,3.71243E+01,3.71243E+01,3.71243E+01,3.71243E+01 
3.71243E+01,3.71243E+01,2.39080E+01,3.71243E+01,3.71243E+01,3.71243E+01,2.39080E+01,3.71243E+01,3.71243E+01,3.71243E+01,3.71243E+01,3.71243E+01,3.71243E+01,3.71243E+01,3.71243E+01,3.71243E+01,3.71243E+01,3.71243E+01,3.71243E+01,3.71243E+01,2.39080E+01,3.71243E+01,3.71243E+01,2.39080E+01,3.71243E+01,3.71243E+01,3.71243E+01,3.71243E+01,2.39080E+01,3.71243E+01,3.71243E+01,3.71243E+01,2.39080E+01,3.71243E+01,3.71243E+01,3.71243E+01,3.71243E+01,3.71243E+01,2.39080E+01,3.71243E+01,3.71243E+01,3.71243E+01,3.71243E+01,3.71243E+01,2.39080E+01,4.78775E-01,2.39080E+01,3.71243E+01,3.71243E+01 
3.71243E+01,2.39080E+01,3.71243E+01,3.71243E+01,1.41371E+01,3.71243E+01,3.71243E+01,3.71243E+01,3.71243E+01,3.71243E+01,3.71243E+01,3.71243E+01,3.71243E+01,3.71243E+01,2.39080E+01,3.71243E+01,3.71243E+01,2.39080E+01,3.71243E+01,3.71243E+01,3.71243E+01,2.39080E+01,3.71243E+01,3.71243E+01,3.71243E+01,2.39080E+01,3.71243E+01,3.71243E+01,3.71243E+01,3.71243E+01,1.60450E+00,3.71243E+01,3.71243E+01,3.71243E+01,3.71243E+01,3.71243E+01,3.71243E+01,2.39080E+01,3.71243E+01,3.71243E+01,3.71243E+01,3.71243E+01,3.71243E+01,3.71243E+01,2.39080E+01,3.73204E+00,3.71243E+01,9.87291E+00,3.71243E+01,9.12656E+00,1.10711E+01 
#t = 4.116E+03
2.39080E+01,2.39080E+01,2.39080E+01,3.71243E+01,2.39080E+01,2.39080E+01,3.71243E+01,3.71243E+01,3.71243E+01,3.71243E+01,3.71243E+01,3.71243E+01,3.71243E+01,3.71243E+01,3.71243E+01,3.71243E+01,3.71243E+01,3.71243E+01,3.71243E+01,3.71243E+01,3.71243E+01,3.71243E+01,3.71243E+01,3.71243E+01,3.71243E+01,3.71243E+01,1.41371E+01,3.71243E+01,3.71243E+01,3.71243E+01,3.71243E+01,3.71243E+01,3.71243E+01,2.39080E+01,3.71243E+01,2.39080E+01,3.71243E+01,3.71243E+01,3.71243E+01,3.71243E+01,3.71243E+01,3.71243E+01,3.71243E+01,2.39080E+01,3.71243E+01,2.39080E+01,3.71243E+01,3.71243E+01 
3.71243E+01,2.39080E+01,3.71243E+01,3.71243E+01,3.71243E+01,3.71243E+01,3.71243E+01,3.71243E+01,3.71243E+01,3.71243E+01,3.71243E+01,3.71243E+01,3.71243E+01,3.71243E+01,3.71243E+01,3.71243E+01,3.71243E+01,3.71243E+01,3.71243E+01,3.71243E+01,1.41371E+01,1.41371E+01,3.71243E+01,3.71243E+01,3.71243E+01,3.71243E+01,1.41371E+01,3.71243E+01,2.39080E+01,3.71243E+01,3.71243E+01,3.71243E+01,3.71243E+01,1.41371E+01,3.71243E+01,3.71243E+01,3.71243E+01,3.71243E+01,3.71243E+01,3.71243E+01,1.41371E+01,3.71243E+01,3.71243E+01,3.71243E+01,3.71243E+01,3.71243E+01,3.71243E+01,3.71243E+01 
3.71243E+01,3.71243E+01,3.71243E+01,3.71243E+01,3.71243E+01,3.71243E+01,1.41371E+01,3.71243E+01,2.39080E+01,3.71243E+01,3.71243E+01,2.39080E+01,3.71243E+01,3.71243E+01,3.71243E+01,3.71243E+01,3.71243E+01,3.71243E+01,3.71243E+01,1.41371E+01,3.71243E+01,1.41371E+01,3.71243E+01,3.71243E+01,3.71243E+01,3.71243E+01,1.17746E+01,3.71243E+01,3.71243E+01,3.71243E+01,3.71243E+01,3.71243E+01,3.71243E+01,3.71243E+01,3.71243E+01,3.71243E+01,3.71243E+01,3.71243E+01,3.71243E+01,3.71243E+01,3.71243E+01,3.71243E+01,3.71243E+01,3.71243E+01,1.10711E+01,1.10711E+01,1.41371E+01,1.10711E+01,3.71243E+01,2.39080E+01,1.41371E+01,3.71243E+01,3.71243E+01 
#t = 4.158E+03
1.41371E+01,3.71243E+01,3.71243E+01,3.71243E+01,3.71243E+01,1.41371E+01,3.71243E+01,2.39080E+01,3.71243E+01,3.71243E+01,2.39080E+01,2.39080E+01,1.10711E+01,3.71243E+01,3.71243E+01,3.71243E+01,3.71243E+01,3.71243E+01,3.71243E+01,3.71243E+01,2.39080E+01,3.71243E+01,3.71243E+01,3.71243E+01,3.71243E+01,3.71243E+01,3.71243E+01,2.39080E+01,2.39080E+01,3.71243E+01,3.71243E+01,3.71243E+01,3.71243E+01,1.41371E+01,3.71243E+01,2.39080E+01,3.71243E+01,3.71243E+01,2.39080E+01,1.41371E+01,2.39080E+01,3.71243E+01,3.71243E+01,3.71243E+01,2.39080E+01 
3.71243E+01,3.71243E+01,3.71243E+01,2.39080E+01,3.71243E+01,3.71243E+01,3.71243E+01,2.39080E+01,3.71243E+01,2.39080E+01,3.71243E+01,2.39080E+01,3.71243E+01,2.39080E+01,1.41371E+01,3.71243E+01,3.71243E+01,3.71243E+01,1.41371E+01,3.71243E+01,1.41371E+01,3.71243E+01,3.71243E+01,3.71243E+01,3.71243E+01,2.39080E+01,2.39080E+01,3.71243E+01,3.71243E+01,5.18576E+00,3.71243E+01,1.41371E+01,3.71243E+01,3.71243E+01,2.39080E+01,3.71243E+01,2.39080E+01,3.71243E+01,1.41371E+01,2.39080E+01,2.39080E+01,1.10711E+01,5.14116E+00,1.10711E+01,3.71243E+01,3.71243E+01,3.71243E+01,2.39080E+01 
3.71243E+01,2.39080E+01,3.71243E+01,1.41371E+01,1.41371E+01,3.71243E+01,2.39080E+01,3.71243E+01,3.71243E+01,3.71243E+01,3.71243E+01,3.71243E+01,1.41371E+01,1.41371E+01,2.39080E+01,3.71243E+01,1.41371E+01,3.71243E+01,3.71243E+01,3.71243E+01,1.41371E+01,3.71243E+01,3.71243E+01,3.71243E+01,3.71243E+01,3.71243E+01,3.71243E+01,3.71243E+01,1.41371E+01,3.71243E+01,3.71243E+01,1.41371E+01,2.39080E+01,2.39080E+01,3.71243E+01,3.71243E+01,1.41371E+01,3.71243E+01,2.39080E+01,3.71243E+01,1.41371E+01,2.39080E+01,3.71243E+01,2.39080E+01,2.39080E+01,3.71243E+01,3.71243E+01,3.71243E+01,3.71243E+01,2.39080E+01,4.88556E-01,1.41371E+01,2.39080E+01,2.39080E+01,2.39080E+01,3.71243E+01 
#t = 4.200E+03
3.71243E+01,3.71243E+01,3.71243E+01,2.39080E+01,3.71243E+01,3.71243E+01,3.71243E+01,2.39080E+01,2.39080E+01,1.10711E+01,3.71243E+01,3.71243E+01,2.39080E+01,3.71243E+01,3.71243E+01,3.71243E+01,3.71243E+01,3.71243E+01,2.39080E+01,1.41371E+01,3.71243E+01,3.71243E+01,3.71243E+01,3.71243E+01,1.10711E+01,3.71243E+01,3.71243E+01,2.39080E+01,3.71243E+01,3.71243E+01,3.71243E+01,3.71243E+01,3.71243E+01,2.39080E+01,2.39080E+01,3.71243E+01,3.71243E+01,2.39080E+01,2.39080E+01,3.71243E+01,3.71243E+01,3.71243E+01,2.39080E+01,3.71243E+01,2.39080E+01,3.71243E+01 
3.71243E+01,3.71243E+01,3.71243E+01,2.39080E+01,1.10711E+01,1.10711E+01,2.39080E+01,3.71243E+01,3.71243E+01,3.71243E+01,1.41371E+01,3.71243E+01,1.41371E+01,2.39080E+01,2.39080E+01,2.39080E+01,2.39080E+01,2.39080E+01,1.41371E+01,3.71243E+01,2.39080E+01,3.71243E+01,3.71243E+01,3.71243E+01,2.39080E+01,3.71243E+01,1.41371E+01,3.71243E+01,1.41371E+01,3.71243E+01,2.39080E+01,3.71243E+01,3.71243E+01,2.39080E+01,2.39080E+01,3.71243E+01,3.71243E+01,1.02759E+01,1.41371E+01,8.44768E-01,3.71243E+01,3.71243E+01 
1.41371E+01,3.71243E+01,1.10711E+01,2.39080E+01,3.71243E+01,3.71243E+01,2.39080E+01,3.71243E+01,3.71243E+01,3.71243E+01,3.71243E+01,3.71243E+01,1.10711E+01,2.39080E+01,3.71243E+01,2.39080E+01,1.41371E+01,3.71243E+01,3.71243E+01,3.71243E+01,3.71243E+01,2.39080E+01,3.71243E+01,3.71243E+01,2.39080E+01,1.41371E+01,3.71243E+01,1.41371E+01,2.39080E+01,2.39080E+01,3.71243E+01,3.71243E+01 
