#t = 0.000E+00
1.41511E+00,1.88899E+00,1.25065E+00,4.15952E+00,5.25387E+00 
#t = 4.200E+01
8.58549E+00,7.67073E-01,2.18478E+00,2.56462E-01,1.98897E+00 
#t = 8.400E+01
1.25370E+01,8.94745E+00,8.89637E+00,2.43116E+00 
#t = 1.260E+02
7.75583E+00,8.82462E+00,1.09162E+00 
#t = 1.680E+02
1.00181E+00,1.21691E+01,3.37817E+00,1.21691E+01,2.47902E+00,7.67763E+00,5.44508E+00,1.21691E+01 
#t = 2.100E+02
1.08431E+01,1.08431E+01 
#t = 2.520E+02
1.22730E+01,1.22730E+01,1.22730E+01,4.18004E+00,1.22730E+01,5.10798E+00,1.40795E+00 
#t = 2.940E+02
9.73639E+00,1.13557E+01,8.56086E-01,4.84816E-01 
#t = 3.360E+02
1.70894E+01,1.16796E+01,1.38365E+01,1.70894E+01,2.16175E-01,3.07080E+00 
#t = 3.780E+02
1.38365E+01,1.38365E+01,4.57912E+00,4.71169E-01 
#t = 4.200E+02
2.61483E+01,2.58100E+00 
#t = 4.620E+02
1.81076E+01,1.24278E+01,1.29945E+00 
#t = 5.040E+02
1.30697E+01,1.81076E+01,1.81076E+01,1.30697E+01,1.30697E+01,1.81076E+01,1.30697E+01,1.30697E+01,6.60844E+00,1.80190E+00,1.30697E+01,1.81076E+01 
#t = 5.460E+02
1.30697E+01,7.99559E+00,3.77810E+00,2.48835E+00 
#t = 5.880E+02
1.30697E+01,2.29738E+00,9.03260E-01 
#t = 6.300E+02
2.29114E+00 
#t = 6.720E+02
1.08331E+01,2.70014E+00,1.08331E+01,1.67675E+00 
#t = 7.140E+02
5.79377E+00,1.17097E+01,1.17097E+01,1.51033E+01,7.34430E+00,5.59496E+00,6.12962E-01 
#t = 7.560E+02
1.51033E+01,1.51033E+01,1.51033E+01,1.51033E+01,1.36265E+00,1.51033E+01,8.62164E+00,2.33313E+00 
#t = 7.980E+02
1.51033E+01,1.51033E+01,8.62164E+00,1.51033E+01,1.20253E+01,1.51033E+01,2.01272E+00,1.51033E+01 
#t = 8.400E+02
1.51033E+01,1.51033E+01 
#t = 8.820E+02
1.51033E+01,1.51033E+01,1.51033E+01,1.51033E+01,1.51033E+01,1.51033E+01,8.44742E+00,3.78041E+00,9.69742E+00,1.15625E+00,7.91757E-01,6.26500E+00 
#t = 9.240E+02
6.26500E+00,1.19871E+01,1.19871E+01,5.34911E+00,1.51033E+01,1.51033E+01,5.33124E-01,9.57034E+00,1.51033E+01 
#t = 9.660E+02
1.51033E+01,1.51033E+01,8.83094E+00,2.15708E+01,2.15708E+01,3.08303E+00,4.30721E+00,3.92134E+00,2.15708E+01 
#t = 1.008E+03
2.15708E+01,2.15708E+01,2.15708E+01,2.23840E+00,2.02993E+01,2.15708E+01,2.15708E+01,5.29786E-01 
#t = 1.050E+03
1.15738E+01,1.15738E+01,4.21682E+00,2.15708E+01,2.61829E+01,2.15708E+01,2.76543E+00,1.15738E+01,2.15708E+01,8.64791E+00,2.20493E+00,1.76206E+00 
#t = 1.092E+03
2.61829E+01,2.61829E+01,1.15738E+01,2.61829E+01,1.15738E+01,2.61829E+01,2.61829E+01,2.15708E+01,1.15738E+01,2.61829E+01,2.61829E+01,2.15708E+01,2.15708E+01,2.15708E+01,2.61829E+01,2.61829E+01,2.15708E+01,2.61829E+01,2.15708E+01,2.61829E+01,2.61829E+01,1.15738E+01,2.15708E+01,2.61829E+01,2.15708E+01,2.15708E+01,2.61829E+01,1.15091E+01,2.15708E+01,2.61829E+01,4.76318E+00,2.61829E+01,2.61829E+01,2.61829E+01,2.61829E+01,1.15738E+01,2.15708E+01,2.61829E+01,2.15708E+01,2.61829E+01,2.61829E+01,2.61829E+01,2.61829E+01 
#t = 1.134E+03
2.61829E+01,2.61829E+01,2.61829E+01,2.61829E+01,2.61829E+01,2.15708E+01,2.61829E+01,2.15708E+01,2.61829E+01,2.15708E+01,2.61829E+01,2.61829E+01,2.61829E+01,1.15738E+01,2.15708E+01,2.61829E+01,2.61829E+01,2.61829E+01,2.61829E+01,2.15708E+01,1.15738E+01,2.15708E+01,2.15708E+01,2.61829E+01,2.61829E+01,9.13012E+00,2.15708E+01,2.61829E+01,2.61829E+01,2.61829E+01,4.89027E+00 
#t = 1.176E+03
2.15708E+01,1.15738E+01,1.15738E+01,2.15708E+01,2.61829E+01,2.61829E+01,2.15708E+01,2.61829E+01,2.15708E+01,2.15708E+01,2.61829E+01,2.61829E+01,2.61829E+01,2.61829E+01,1.15738E+01,2.61829E+01,2.61829E+01,2.61829E+01,2.15708E+01,2.61829E+01,2.61829E+01,2.61829E+01,2.61829E+01,2.15708E+01,2.61829E+01,2.61829E+01,2.15708E+01,7.83810E+00,2.15708E+01,2.15708E+01,1.15738E+01,2.15708E+01,2.15708E+01,9.85563E+00,2.61829E+01,2.15708E+01,2.15708E+01,2.15708E+01,8.47041E+00,1.15738E+01,4.40064E+00 
#t = 1.218E+03
2.61829E+01,2.15708E+01,1.15738E+01,2.15708E+01,2.15708E+01,2.15708E+01,2.15708E+01,2.61829E+01,1.15738E+01,2.15708E+01,4.34517E+01,2.61829E+01,2.15708E+01,2.61829E+01,1.30419E+00,2.29782E+00,2.15708E+01,2.61829E+01,2.61829E+01,8.79208E-01,2.15708E+01,2.85732E+00,2.15708E+01 
#t = 1.260E+03
2.15708E+01,2.15708E+01,1.31408E+01,2.61829E+01,2.61829E+01,2.15708E+01,2.15708E+01,2.15708E+01,2.61829E+01,2.61829E+01,2.15708E+01,2.15708E+01,2.61829E+01,2.15708E+01,2.61829E+01,2.15708E+01,2.15708E+01,2.61829E+01,2.61829E+01,2.61829E+01,2.87210E+00,1.31408E+01,1.01524E+00,2.15708E+01,2.24528E+01,2.24528E+01,2.61829E+01,2.61829E+01,2.61829E+01,5.33713E-02,4.42745E+00,2.61829E+01,2.15708E+01,1.03230E+00 
#t = 1.302E+03
2.61829E+01,2.61829E+01,2.61829E+01,2.15708E+01,2.15708E+01,2.15708E+01,2.15708E+01,9.85330E+00,2.15708E+01,2.61829E+01,2.15708E+01,2.61829E+01,2.15708E+01,2.61829E+01,6.18853E+00,2.24528E+01,2.61829E+01,2.15708E+01,2.61829E+01,1.50873E+00,2.61829E+01,1.41970E+00,2.24528E+01,2.30496E+00 
#t = 1.344E+03
2.15708E+01,2.15708E+01,2.61829E+01,2.15708E+01,2.15708E+01,2.15708E+01,2.15708E+01,2.15708E+01,2.15708E+01,2.15708E+01,2.15708E+01,2.15708E+01,2.61829E+01,3.83749E+00,2.61829E+01,2.61829E+01,2.15708E+01,2.15708E+01,8.07385E+00,5.68925E+00,2.61829E+01,2.15708E+01,2.15708E+01 
#t = 1.386E+03
2.15708E+01,2.61829E+01,2.15708E+01,2.15708E+01,2.61829E+01,2.61829E+01,2.61829E+01,2.15708E+01,2.61829E+01,2.61829E+01,2.15708E+01,2.15708E+01,2.61829E+01,2.61829E+01,2.15708E+01,2.15708E+01,2.15708E+01,2.61829E+01,2.61829E+01,2.15708E+01,2.15708E+01,2.15708E+01,2.15708E+01,2.15708E+01,9.72949E+00,2.15708E+01,5.76387E+00,1.46748E+01,2.15708E+01,2.15708E+01,2.15708E+01,2.15708E+01,1.24301E+01,2.15708E+01,2.15708E+01 
#t = 1.428E+03
2.15708E+01,2.61829E+01,2.61829E+01,2.61829E+01,2.61829E+01,2.15708E+01,2.15708E+01,2.15708E+01,2.15708E+01,2.15708E+01,2.15708E+01,2.15708E+01,2.15708E+01,2.15708E+01,2.61829E+01,2.61829E+01,8.87411E+00,2.15708E+01,2.15708E+01,2.61829E+01,2.61829E+01,2.15708E+01,2.61829E+01,2.61829E+01,2.15708E+01,3.93700E+00,2.15708E+01,2.61829E+01,7.90292E-01,2.15708E+01,2.61829E+01,2.61829E+01,7.35836E+00,2.15708E+01 
#t = 1.470E+03
2.61829E+01,2.15708E+01,2.61829E+01,2.15708E+01,9.44904E+00,2.61829E+01,2.61829E+01,2.61829E+01,2.61829E+01,2.61829E+01,2.15708E+01,2.15708E+01,2.61829E+01,2.61829E+01,2.15708E+01,2.61829E+01,2.15708E+01,2.15708E+01,2.61829E+01,1.08866E+00,2.61829E+01,2.61829E+01,2.15708E+01,2.61829E+01,2.61829E+01,2.61829E+01,5.62733E-01,2.15708E+01,2.61829E+01,2.61829E+01,2.61829E+01 
#t = 1.512E+03
2.61829E+01,2.61829E+01,2.61829E+01,2.61829E+01,9.18492E+00,2.61829E+01,2.61829E+01,2.61829E+01,2.61829E+01,2.61829E+01,2.61829E+01,2.61829E+01,2.61829E+01,2.61829E+01,2.15708E+01,2.61829E+01,3.82570E+00,2.12456E+00 
#t = 1.554E+03
2.61829E+01,2.61829E+01,2.61829E+01,2.61829E+01,2.61829E+01,2.61829E+01,2.61829E+01,2.61829E+01,2.61829E+01,2.61829E+01,2.61829E+01,2.61829E+01,2.61829E+01,2.61829E+01,2.61829E+01,2.61829E+01,2.61829E+01,2.61829E+01,2.61829E+01,2.61829E+01,2.61829E+01,2.61829E+01,2.61829E+01,2.61829E+01 
#t = 1.596E+03
2.61829E+01,2.61829E+01,2.61829E+01,2.61829E+01,2.61829E+01,2.61829E+01,2.61829E+01,2.61829E+01,2.61829E+01,2.61829E+01,2.61829E+01,1.14057E+01,2.61829E+01,2.61829E+01,2.61829E+01,1.14057E+01,2.61829E+01,1.97536E+01,2.61829E+01,2.61829E+01,3.32824E+00,1.97536E+01,1.14057E+01,2.61829E+01,2.61829E+01,2.61829E+01 
#t = 1.638E+03
1.14057E+01,2.61829E+01,1.14057E+01,2.61829E+01,1.65701E+01,2.61829E+01,2.61829E+01,2.61829E+01,2.61829E+01,2.61829E+01,2.61829E+01,2.61829E+01,4.98282E+00,2.27797E+00,2.61829E+01,2.61829E+01,2.61829E+01,2.61829E+01,1.14057E+01,2.20785E+00,1.14057E+01,1.87666E+00 
#t = 1.680E+03
2.61829E+01,2.61829E+01,2.61829E+01,2.61829E+01,2.61829E+01,2.61829E+01,2.61829E+01,2.61829E+01,2.61829E+01,2.61829E+01,2.61829E+01,2.61829E+01,2.61829E+01,2.61829E+01,2.61829E+01,2.61829E+01,2.61829E+01,2.61829E+01,2.61829E+01,2.61829E+01,2.61829E+01,2.61829E+01,2.61829E+01,2.61829E+01,2.61829E+01,2.61829E+01,2.61829E+01,2.61829E+01,2.61829E+01,5.41378E-01,2.61829E+01,1.39588E+00 
#t = 1.722E+03
2.61829E+01,2.61829E+01,2.61829E+01,2.61829E+01,2.61829E+01,2.61829E+01,2.61829E+01,2.61829E+01,2.61829E+01,2.61829E+01,2.61829E+01,2.61829E+01,2.61829E+01,2.61829E+01,2.61829E+01,2.61829E+01,2.61829E+01,2.61829E+01,2.61829E+01,2.61829E+01,2.61829E+01,2.61829E+01,2.61829E+01,2.61829E+01,2.61829E+01,2.61829E+01,2.61829E+01,2.61829E+01,2.61829E+01,2.61829E+01,2.61829E+01,2.61829E+01,2.61829E+01,2.61829E+01,2.61829E+01,2.61829E+01,2.61829E+01,2.61829E+01,2.61829E+01,2.61829E+01,2.61829E+01 
#t = 1.764E+03
2.61829E+01,2.61829E+01,2.61829E+01,2.61829E+01,2.61829E+01,2.61829E+01,1.19682E+01,2.61829E+01,2.61829E+01,2.61829E+01,2.61829E+01,2.61829E+01,2.61829E+01,2.61829E+01,2.61829E+01,2.61829E+01,2.61829E+01,2.61829E+01,6.54928E+00,2.61829E+01,2.61829E+01,2.61829E+01,2.61829E+01,2.61829E+01,2.61829E+01,2.61829E+01,2.61829E+01,5.16900E+00,2.61829E+01 
#t = 1.806E+03
2.61829E+01,2.61829E+01,2.61829E+01,2.61829E+01,2.61829E+01,2.61829E+01,2.61829E+01,2.61829E+01,2.61829E+01,2.61829E+01,2.61829E+01,2.61829E+01,2.61829E+01,2.61829E+01,2.61829E+01,2.61829E+01,2.61829E+01,2.61829E+01,2.61829E+01,2.61829E+01,2.61829E+01,2.61829E+01,2.61829E+01,5.27231E+00,2.61829E+01,2.61829E+01,2.61829E+01,2.61829E+01,2.61829E+01,5.98295E+00,2.61829E+01,1.09702E+01,2.61829E+01,2.14571E+00,2.61829E+01,1.81056E+00,6.05088E-01 
#t = 1.848E+03
2.61829E+01,2.61829E+01,2.61829E+01,2.61829E+01,2.61829E+01,2.61829E+01,2.61829E+01,1.45546E+01,2.61829E+01,6.01147E+00,2.61829E+01,2.61829E+01,2.61829E+01,2.61829E+01,2.61829E+01,2.61829E+01,2.61829E+01,2.61829E+01,2.61829E+01,2.61829E+01,2.61829E+01,2.61829E+01,1.39226E+00,2.61829E+01,1.12996E+00,2.61829E+01,2.61829E+01,4.57397E+00,2.61829E+01,4.68028E-01 
#t = 1.890E+03
2.61829E+01,2.61829E+01,2.61829E+01,2.61829E+01,2.61829E+01,2.61829E+01,2.61829E+01,5.76548E+00,2.61829E+01,2.61829E+01,2.61829E+01,2.61829E+01,6.86753E+00,2.61829E+01,1.42543E+01,1.70510E+00,2.61829E+01,2.61829E+01,5.02935E+00,2.61829E+01,3.30034E+00,2.61829E+01,2.61829E+01,2.61829E+01 
#t = 1.932E+03
2.61829E+01,2.61829E+01,1.34780E+01,2.61829E+01,2.61829E+01,2.61829E+01,2.61829E+01,2.61829E+01,1.34780E+01,2.61829E+01,2.61829E+01,7.86461E+00,1.22322E+00,1.34780E+01,2.61829E+01,2.61829E+01,2.61829E+01,2.61829E+01,2.61829E+01,4.05861E-01,2.00432E+00 
#t = 1.974E+03
2.61829E+01,2.61829E+01,2.61829E+01,2.61829E+01,2.61829E+01,2.61829E+01,2.61829E+01,2.61829E+01,2.61829E+01,2.61829E+01,2.61829E+01,2.61829E+01,2.61829E+01,2.61829E+01,2.61829E+01,2.61829E+01,2.61829E+01,2.61829E+01,2.61829E+01,2.61829E+01,2.61829E+01,6.81648E+00,2.61829E+01,2.61829E+01,2.61829E+01,2.61829E+01,2.61829E+01,2.61829E+01,2.61829E+01,2.61829E+01,2.61829E+01,7.88673E+00,2.61829E+01,9.59504E+00,2.61829E+01,2.61829E+01,2.61829E+01,2.61829E+01,2.61829E+01,2.61829E+01,2.61829E+01,2.61829E+01,2.61829E+01,2.61829E+01,2.61829E+01,2.61829E+01,2.61829E+01 
#t = 2.016E+03
2.61829E+01,2.61829E+01,2.61829E+01,2.61829E+01,2.61829E+01,2.61829E+01,2.61829E+01,2.61829E+01,1.14275E+01,2.61829E+01,2.61829E+01,1.14275E+01,2.43909E+01,2.61829E+01,2.61829E+01,1.14275E+01,2.61829E+01,2.43909E+01,2.61829E+01,2.61829E+01,1.14275E+01,2.61829E+01,2.43909E+01,2.43909E+01,1.14275E+01,2.61829E+01,2.61829E+01,2.61829E+01,2.61829E+01,2.43909E+01,2.61829E+01,2.61829E+01,3.34001E+00,1.27429E+00,2.43909E+01,1.34170E+00,2.61829E+01,4.03003E+00,2.43909E+01,2.61829E+01,2.61829E+01,2.61829E+01 
#t = 2.058E+03
2.61829E+01,2.61829E+01,2.61829E+01,2.61829E+01,1.14275E+01,2.43909E+01,2.43909E+01,2.61829E+01,2.43909E+01,2.61829E+01,2.61829E+01,2.61829E+01,2.43909E+01,2.61829E+01,2.61829E+01,2.43909E+01,2.61829E+01,4.35249E+00,2.61829E+01,2.61829E+01,2.61829E+01,2.61829E+01,9.95213E+00,2.61829E+01,2.61829E+01,2.61829E+01,3.36048E+00,1.31995E+01,2.61829E+01,2.61829E+01,1.31995E+01,9.13593E-01,2.61829E+01,2.61829E+01,7.39025E+00,2.61829E+01,1.54743E+00,4.39544E+00,3.02092E+00,2.46140E+00,1.31995E+01,2.61829E+01 
#t = 2.100E+03
2.61829E+01,2.61829E+01,2.61829E+01,2.61829E+01,2.61829E+01,2.61829E+01,2.61829E+01,2.43909E+01,2.61829E+01,1.31995E+01,2.61829E+01,2.43909E+01,2.61829E+01,2.61829E+01,2.61829E+01,1.31995E+01,1.31995E+01,2.61829E+01,2.43909E+01,2.43909E+01,2.61829E+01,2.61829E+01,2.43909E+01,2.61829E+01,2.43909E+01,2.61829E+01,2.43909E+01,2.43909E+01,2.43909E+01,1.31995E+01,2.61829E+01,2.61829E+01,1.46037E+00,2.61829E+01,2.43909E+01,2.61829E+01,1.31995E+01,2.61829E+01,1.49775E+00,2.61829E+01,2.43909E+01,2.61829E+01,2.61829E+01,1.31995E+01 
#t = 2.142E+03
2.43909E+01,1.31995E+01,2.61829E+01,2.61829E+01,2.61829E+01,2.61829E+01,2.61829E+01,2.61829E+01,1.68469E+01,2.61829E+01,2.61829E+01,2.61829E+01,2.17615E+01,2.61829E+01,2.61829E+01,2.61829E+01,2.61829E+01,2.61829E+01,2.61829E+01,2.61829E+01,1.68469E+01,2.61829E+01,2.61829E+01,1.23975E+01,1.31995E+01,2.99390E+00,2.43909E+01,2.61829E+01,2.61829E+01 
#t = 2.184E+03
2.61829E+01,2.61829E+01,2.61829E+01,2.43909E+01,2.61829E+01,2.61829E+01,2.61829E+01,1.31995E+01,1.31995E+01,1.31995E+01,2.61829E+01,1.31995E+01,2.61829E+01,1.31995E+01,2.61829E+01,2.61829E+01,1.31995E+01,2.61829E+01,8.14617E+00,1.31995E+01,2.61829E+01,2.61829E+01,2.61829E+01,2.61829E+01,1.31995E+01,2.61829E+01,2.61829E+01,2.49159E+00,7.87199E+00,2.61829E+01,2.61829E+01,1.31995E+01,2.61829E+01,2.61829E+01,2.61829E+01,1.50128E+00,2.61829E+01,1.31995E+01,2.61829E+01,2.61829E+01,2.61829E+01 
#t = 2.226E+03
1.31995E+01,1.31995E+01,8.14617E+00,2.61829E+01,1.31995E+01,2.61829E+01,1.31995E+01,2.61829E+01,1.31995E+01,1.31995E+01,2.61829E+01,2.61829E+01,2.61829E+01,2.61829E+01,2.61829E+01,2.61829E+01,1.09364E+01,1.55237E+01,2.61829E+01,2.61829E+01,2.61829E+01,1.31995E+01,1.09364E+01,1.31995E+01,2.61829E+01,2.61829E+01,1.31995E+01,2.61829E+01,2.61829E+01,2.61829E+01,2.61829E+01,2.61829E+01,2.61829E+01 
#t = 2.268E+03
1.09364E+01,2.61829E+01,2.61829E+01,2.61829E+01,2.61829E+01,2.61829E+01,2.61829E+01,2.61829E+01,2.61829E+01,2.61829E+01,2.61829E+01,2.61829E+01,2.61829E+01,2.61829E+01,2.61829E+01,2.61829E+01,2.61829E+01,6.13229E-01,2.61829E+01,2.61829E+01,2.61829E+01,2.61829E+01,5.23251E+00,2.61829E+01,2.61829E+01,2.61829E+01,2.61829E+01 
#t = 2.310E+03
2.61829E+01,2.61829E+01,2.61829E+01,1.57005E+01,2.61829E+01,2.61829E+01,2.61829E+01,2.61829E+01,2.61829E+01,2.61829E+01,2.61829E+01,9.11568E+00,2.61829E+01,2.61829E+01,2.61829E+01,2.79564E+00,2.61829E+01,2.61829E+01,1.02689E+01,2.61829E+01,2.61829E+01,2.61829E+01,2.61829E+01,2.61829E+01,3.35482E+00,2.61829E+01,1.77512E+00 
#t = 2.352E+03
2.61829E+01,2.61829E+01,2.61829E+01,2.61829E+01,2.61829E+01,1.09187E+02,2.61829E+01,2.61829E+01,2.61829E+01,2.61829E+01,2.61829E+01,2.61829E+01,2.61829E+01,2.61829E+01,2.61829E+01,2.61829E+01,2.61829E+01,1.09187E+02,2.61829E+01,2.61829E+01,2.61829E+01,1.09187E+02,2.61829E+01,1.09187E+02,2.61829E+01,2.61829E+01,2.61829E+01,5.37344E-01 
#t = 2.394E+03
2.61829E+01,2.61829E+01,2.61829E+01,2.61829E+01,2.61829E+01,1.09187E+02,1.09187E+02,1.09187E+02,1.07930E+01,1.09187E+02,1.09187E+02,2.61829E+01,2.61829E+01,1.09187E+02,1.09187E+02,1.09187E+02,1.66728E+01,1.09187E+02,2.61829E+01,1.07930E+01,1.09187E+02,1.07930E+01,2.61829E+01,1.09187E+02,1.09187E+02,2.61829E+01,1.09187E+02,1.09187E+02,1.09187E+02,2.61829E+01,8.91678E+00,1.74246E-01,2.61829E+01,1.07930E+01,2.86553E+00,1.09187E+02,2.55047E-01 
#t = 2.436E+03
1.07930E+01,1.09187E+02,1.09187E+02,1.09187E+02,1.09187E+02,1.09187E+02,1.09187E+02,1.09187E+02,1.09187E+02,2.61829E+01,1.09187E+02,1.09187E+02,1.09187E+02,2.61829E+01,1.09187E+02,1.09187E+02,2.61829E+01,1.09187E+02,1.09187E+02,1.09187E+02,1.09187E+02,1.09187E+02,1.09187E+02,1.09187E+02,1.09187E+02,1.09187E+02,1.09187E+02,1.09187E+02,1.09187E+02,1.09187E+02,1.09187E+02,1.09187E+02,1.09187E+02,1.16236E+01,2.82687E+01,1.09187E+02,1.29742E+00,1.09187E+02,1.16236E+01,4.07849E+00,1.09187E+02,1.09187E+02,2.61712E+00 
#t = 2.478E+03
1.09187E+02,2.82687E+01,1.09187E+02,1.09187E+02,1.09187E+02,1.09187E+02,1.09187E+02,2.61829E+01,1.09187E+02,1.09187E+02,1.09187E+02,1.09187E+02,1.09187E+02,1.09187E+02,1.09187E+02,1.09187E+02,1.09187E+02,5.39298E+00,1.31985E+01,1.09187E+02,1.09187E+02,1.09187E+02,1.09187E+02,2.61829E+01,1.09187E+02,1.31985E+01,1.09187E+02,1.09187E+02,1.09187E+02,1.09187E+02,1.09187E+02,1.09187E+02,1.09187E+02,1.09187E+02,1.09187E+02,1.09187E+02,1.09187E+02,1.09187E+02,1.09187E+02,2.94760E+00,1.31985E+01 
#t = 2.520E+03
2.82687E+01,1.09187E+02,1.09187E+02,1.09187E+02,1.09187E+02,1.09187E+02,1.09187E+02,1.09187E+02,1.09187E+02,1.09187E+02,1.09187E+02,1.09187E+02,1.09187E+02,1.09187E+02,2.82687E+01,1.09187E+02,1.09187E+02,1.09187E+02,1.09187E+02,1.09187E+02,1.09187E+02,2.82687E+01,1.09187E+02,1.09187E+02,2.82687E+01,2.82687E+01,1.33566E+01,2.82687E+01,1.09187E+02,2.82687E+01,1.31985E+01,1.09187E+02,1.09187E+02,1.09187E+02,1.31985E+01,1.09187E+02,1.09187E+02,1.09187E+02,1.09187E+02,2.82687E+01,1.09187E+02,1.09187E+02,1.09187E+02,1.09187E+02,2.82687E+01,1.09187E+02,1.09187E+02,1.09187E+02,1.09187E+02,3.51901E+00,1.09187E+02,2.43422E+00,2.82687E+01,2.66786E+00,2.82687E+01,2.82687E+01,1.93581E+01 
#t = 2.562E+03
2.82687E+01,2.82687E+01,1.09187E+02,2.82687E+01,1.09187E+02,2.82687E+01,2.82687E+01,1.09187E+02,1.09187E+02,1.09187E+02,1.09187E+02,1.09187E+02,1.09187E+02,1.09187E+02,1.09187E+02,1.09187E+02,2.82687E+01,8.10409E+00,2.82687E+01,1.92944E+01,1.09187E+02,1.09187E+02,8.96564E+00,1.09187E+02,1.09187E+02,2.82687E+01,1.09187E+02,1.09187E+02,1.09187E+02,1.09187E+02,2.82687E+01,1.00085E+00,1.09187E+02,1.09187E+02,1.09187E+02,2.82687E+01 
#t = 2.604E+03
1.09187E+02,1.09187E+02,1.09187E+02,2.82687E+01,1.09187E+02,2.82687E+01,2.82687E+01,2.82687E+01,1.09187E+02,1.09187E+02,2.82687E+01,1.09187E+02,1.09187E+02,1.09187E+02,1.09187E+02,1.09187E+02,1.09187E+02,1.09187E+02,1.09187E+02,1.09187E+02,1.09187E+02,1.09187E+02,1.09187E+02,1.09187E+02,2.82687E+01,1.02966E+01,2.82687E+01,1.09187E+02,1.09187E+02,1.09187E+02,2.82687E+01,1.09187E+02,1.09187E+02,4.71422E+01,1.09187E+02,1.09187E+02,1.09187E+02,2.82687E+01,1.09187E+02,1.09187E+02,3.88367E+00,2.82687E+01,1.09187E+02,1.09187E+02,1.03440E+01,2.82687E+01,1.09187E+02,2.82687E+01,1.09187E+02,1.09187E+02,1.09187E+02,1.09187E+02,1.09187E+02,1.09187E+02,1.09187E+02,1.09187E+02,1.09187E+02,1.09187E+02,1.09187E+02,1.09187E+02,9.03237E-01,2.82687E+01,1.09187E+02 
#t = 2.646E+03
1.09187E+02,1.09187E+02,1.09187E+02,1.09187E+02,1.03440E+01,1.09187E+02,2.82687E+01,1.09187E+02,1.09187E+02,1.09187E+02,1.09187E+02,1.09187E+02,2.82687E+01,1.09187E+02,1.09187E+02,1.09187E+02,2.82687E+01,1.09187E+02,1.09187E+02,1.09187E+02,2.82687E+01,2.82687E+01,1.09187E+02,1.09187E+02,2.82687E+01,1.09187E+02,1.09187E+02,2.82687E+01,2.82687E+01,1.09187E+02,1.09187E+02,2.82687E+01,1.09187E+02,1.09187E+02,1.09187E+02,1.09187E+02,1.64067E+00,1.09187E+02,2.82687E+01,1.09187E+02,1.09187E+02,1.09187E+02,2.82687E+01,2.82687E+01,1.09187E+02,2.82687E+01,1.09187E+02,2.82687E+01,5.68204E-01 
#t = 2.688E+03
1.09187E+02,2.82687E+01,1.09187E+02,1.09187E+02,2.82687E+01,1.09187E+02,2.82687E+01,1.09187E+02,1.09187E+02,2.82687E+01,2.82687E+01,1.09187E+02,1.09187E+02,1.27748E+01,2.82687E+01,2.82687E+01,1.09187E+02,1.27748E+01,1.09187E+02,1.09187E+02,1.27748E+01,1.09187E+02,1.09187E+02,1.27748E+01,2.82687E+01,1.09187E+02,1.09187E+02,1.09187E+02,1.09187E+02,1.09187E+02,1.09187E+02,1.09187E+02,2.82687E+01,1.09187E+02 
#t = 2.730E+03
2.82687E+01,1.09187E+02,1.09187E+02,1.09187E+02,1.09187E+02,1.09187E+02,1.09187E+02,1.09187E+02,1.09187E+02,1.09187E+02,1.09187E+02,1.09187E+02,1.09187E+02,1.09187E+02,1.27748E+01,1.09187E+02,1.09187E+02,1.09187E+02,2.82687E+01,2.82687E+01,1.09187E+02,1.09187E+02,1.27748E+01,1.09187E+02,1.09187E+02,2.82687E+01,1.09187E+02,2.82687E+01,1.09187E+02,1.09187E+02,1.09187E+02,1.09187E+02,1.09187E+02,1.09187E+02,1.09187E+02,1.09187E+02,1.09187E+02,1.09187E+02,1.09187E+02,1.09187E+02,7.10746E-01,1.09187E+02 
#t = 2.772E+03
1.09187E+02,1.09187E+02,1.27748E+01,2.82687E+01,2.82687E+01,1.09187E+02,1.09187E+02,1.09187E+02,1.09187E+02,1.09187E+02,1.09187E+02,1.09187E+02,1.09187E+02,2.82687E+01,1.09187E+02,1.09187E+02,2.82687E+01,1.09187E+02,1.09187E+02,1.09187E+02,1.09187E+02,1.07858E+01,1.09187E+02,1.09187E+02,1.09187E+02,1.09187E+02,1.07858E+01,1.09187E+02,1.09187E+02,1.09187E+02,1.09187E+02,1.09187E+02,1.09187E+02,1.09187E+02,1.07858E+01,1.09187E+02,1.09187E+02,1.09187E+02,1.09187E+02 
#t = 2.814E+03
1.09187E+02,1.09187E+02,1.09187E+02,6.50239E+00,1.09187E+02,1.09187E+02,1.09187E+02,1.09187E+02,1.09187E+02,1.09187E+02,1.09187E+02,1.09187E+02,1.09187E+02,1.09187E+02,1.09187E+02,1.09187E+02,1.09187E+02,1.09187E+02,1.09187E+02,1.09187E+02,1.09187E+02,1.09187E+02,6.66189E+00,1.09187E+02,1.09187E+02,1.09187E+02,1.09187E+02,1.09187E+02,1.09187E+02,1.09187E+02,1.09187E+02,6.71810E+00,1.09187E+02,1.09187E+02 
#t = 2.856E+03
1.09187E+02,1.09187E+02,1.09187E+02,1.09187E+02,1.09187E+02,1.09187E+02,1.09187E+02,1.09187E+02,1.09187E+02,1.09187E+02,1.09187E+02,1.09187E+02,1.09187E+02,1.09187E+02,1.09187E+02,1.09187E+02,1.09187E+02,1.09187E+02,1.09187E+02,1.09187E+02,1.09187E+02,1.09187E+02,1.09187E+02,1.15147E+01,1.09187E+02,1.09187E+02,1.09187E+02,1.09187E+02,1.09187E+02,1.09187E+02,1.09187E+02,1.09187E+02,1.15147E+01,1.09187E+02,1.09187E+02,1.49104E+00,1.09187E+02,1.09187E+02,8.78562E+00 
#t = 2.898E+03
1.09187E+02,1.09187E+02,1.09187E+02,1.09187E+02,1.09187E+02,1.09187E+02,1.09187E+02,1.09187E+02,1.09187E+02,1.09187E+02,1.09187E+02,1.09187E+02,1.09187E+02,1.09187E+02,1.24749E+01,1.09187E+02,1.09187E+02,1.09187E+02,1.09187E+02,1.09187E+02,1.09187E+02,1.09187E+02,1.09187E+02,8.42491E+00,1.15147E+01,1.09187E+02,1.09187E+02,1.09187E+02,1.09187E+02,1.09187E+02,1.09187E+02,1.09187E+02,1.09187E+02,1.09187E+02,1.09187E+02,1.27700E+01,1.09187E+02,1.09187E+02,1.09187E+02,1.09187E+02,1.15147E+01,1.09187E+02,1.94330E+01,4.64803E+00,1.09187E+02,1.09187E+02,1.94330E+01,1.09187E+02,1.94330E+01,1.94330E+01,9.06708E-01,1.09187E+02,2.40559E+00,1.94330E+01,1.09187E+02,1.27700E+01,2.53055E+00,1.09187E+02,1.09187E+02,1.09187E+02,1.09187E+02,1.09187E+02,1.09187E+02 
#t = 2.940E+03
1.09187E+02,1.09187E+02,1.15147E+01,1.27700E+01,1.09187E+02,1.94330E+01,2.14479E+01,1.09187E+02,1.09187E+02,1.94330E+01,1.09187E+02,1.09187E+02,1.09187E+02,1.09187E+02,1.94330E+01,1.09187E+02,1.09187E+02,1.09187E+02,1.09187E+02,1.09187E+02,1.09187E+02,1.09187E+02,1.94330E+01,1.09187E+02,1.48665E+01,1.09187E+02,1.09187E+02,1.09187E+02,1.09187E+02,1.09187E+02,5.17681E+00,1.27700E+01,1.09187E+02,1.09187E+02,1.27700E+01,6.76760E+00,2.14479E+01,1.09187E+02,1.09187E+02,7.93783E+00,1.27700E+01,1.09187E+02,1.09187E+02,1.09187E+02,1.09187E+02,1.09187E+02,1.09187E+02,1.09187E+02,1.09187E+02,1.09187E+02,1.09187E+02,1.09187E+02,9.74166E-01,1.94330E+01,1.09187E+02,1.09187E+02,6.56473E+00,1.09187E+02,1.09187E+02,1.09187E+02 
#t = 2.982E+03
1.15147E+01,2.14479E+01,1.09187E+02,1.09187E+02,1.09187E+02,1.15147E+01,1.09187E+02,1.27700E+01,1.09187E+02,1.09187E+02,1.09187E+02,1.27700E+01,1.09187E+02,1.27700E+01,1.10465E+01,1.09187E+02,1.09187E+02,1.09187E+02,1.09187E+02,1.09187E+02,1.94330E+01,1.09187E+02,1.09187E+02,1.21528E+01,1.09187E+02,1.09187E+02,1.09187E+02,1.09187E+02,1.09187E+02,7.28520E+00,1.09187E+02,1.09187E+02,1.09187E+02,1.09187E+02,1.09187E+02,1.09187E+02,1.09187E+02,1.09187E+02,2.14479E+01,1.09187E+02,1.09187E+02,1.15147E+01,1.09187E+02,1.09187E+02,1.09187E+02,7.94227E+00 
#t = 3.024E+03
1.09187E+02,1.94330E+01,1.09187E+02,1.15147E+01,2.14479E+01,1.21528E+01,1.09187E+02,1.09187E+02,1.09187E+02,1.09187E+02,1.09187E+02,1.09187E+02,1.09187E+02,1.09187E+02,1.09187E+02,1.09187E+02,1.09187E+02,1.09187E+02,1.15147E+01,1.09187E+02,1.15147E+01,1.15147E+01,1.09187E+02,1.09187E+02,1.15147E+01,1.15147E+01,2.14479E+01,1.09187E+02,2.14479E+01,1.57168E+01,1.09187E+02,1.09187E+02,1.09187E+02,2.14479E+01,1.09187E+02,1.09187E+02,1.09187E+02,1.15147E+01,1.09187E+02,1.09187E+02,1.09187E+02,1.09187E+02,1.15147E+01,3.65887E+00,1.09187E+02 
#t = 3.066E+03
1.09187E+02,1.09187E+02,1.09187E+02,1.09187E+02,1.94330E+01,1.09187E+02,1.94330E+01,9.36630E+00,1.02005E+01,1.09187E+02,1.09187E+02,1.09187E+02,1.09187E+02,1.09187E+02,1.09187E+02,1.09187E+02,1.09187E+02,1.09187E+02,1.09187E+02,1.09187E+02,1.09187E+02,1.09187E+02,1.09187E+02,1.09187E+02,1.09187E+02,1.09187E+02,1.09187E+02,1.09187E+02,1.09187E+02,1.09187E+02,1.09187E+02,1.09187E+02,1.09187E+02,1.09187E+02,1.09187E+02,1.09187E+02 
#t = 3.108E+03
1.09187E+02,1.09187E+02,1.09187E+02,1.09187E+02,1.09187E+02,1.09187E+02,1.09187E+02,1.09187E+02,1.09187E+02,1.09187E+02,1.09187E+02,1.09187E+02,1.09187E+02,1.09187E+02,1.09187E+02,1.09187E+02,1.09187E+02,1.09187E+02,1.09187E+02,1.09187E+02,1.09187E+02,1.09187E+02,1.09187E+02,1.09187E+02,1.09187E+02,1.09187E+02,1.09187E+02,1.09187E+02,1.09187E+02,1.09187E+02,1.09187E+02,1.09187E+02,1.09187E+02,1.09187E+02,1.09187E+02,1.09187E+02,1.09187E+02,1.09187E+02,1.09187E+02,1.09187E+02,1.09187E+02,1.09187E+02,1.09187E+02,1.09187E+02,2.36829E-01,1.09187E+02,1.09187E+02,1.09187E+02,1.09187E+02,1.04465E+00,1.09187E+02,7.52587E+00,9.00235E+00,1.09187E+02,1.09187E+02,1.09187E+02,1.09187E+02,1.09187E+02,1.09187E+02,1.09187E+02,1.09187E+02,1.09187E+02,2.17726E+00 
#t = 3.150E+03
1.09187E+02,1.09187E+02,1.09187E+02,1.09187E+02,1.09187E+02,1.09187E+02,1.09187E+02,1.09187E+02,1.09187E+02,1.09187E+02,1.09187E+02,1.09187E+02,1.09187E+02,1.09187E+02,1.09187E+02,1.09187E+02,1.09187E+02,1.09187E+02,1.09187E+02,1.09187E+02,1.09187E+02,1.09187E+02,1.09187E+02,1.09187E+02,1.09187E+02,1.09187E+02,1.09187E+02,1.09187E+02,1.09187E+02,1.09187E+02,1.09187E+02,1.09187E+02,1.09187E+02,1.09187E+02,1.09187E+02,1.09187E+02,1.09187E+02,1.09187E+02,1.09187E+02,1.09187E+02,1.09187E+02,3.46065E+00,1.09187E+02,1.09187E+02,1.09187E+02,1.09187E+02 
#t = 3.192E+03
1.09187E+02,1.09187E+02,1.09187E+02,1.09187E+02,1.09187E+02,1.09187E+02,1.09187E+02,1.09187E+02,1.09187E+02,1.09187E+02,1.09187E+02,1.09187E+02,1.09187E+02,1.11517E+01,1.09187E+02,1.09187E+02,1.09187E+02,1.09187E+02,1.09187E+02,1.09187E+02,1.09187E+02,1.09187E+02,1.09187E+02,1.09187E+02,1.09187E+02,1.09187E+02,1.09187E+02,1.09187E+02,1.09187E+02,1.09187E+02,1.09187E+02,1.09187E+02,1.09187E+02,1.09187E+02,1.09187E+02,2.49417E+00,1.09187E+02,1.09187E+02,1.09187E+02,2.16416E+00,1.09187E+02,1.09187E+02,1.09187E+02,1.99229E+00,1.09187E+02,1.09187E+02 
#t = 3.234E+03
1.09187E+02,1.09187E+02,1.09187E+02,1.09187E+02,1.09187E+02,1.09187E+02,1.09187E+02,1.09187E+02,1.09187E+02,1.09187E+02,1.09187E+02,1.09187E+02,1.09187E+02,1.09187E+02,1.09187E+02,1.09187E+02,1.09187E+02,1.09187E+02,1.09187E+02,1.09187E+02,1.09187E+02,1.09187E+02,1.09187E+02,1.09187E+02,1.09187E+02,1.09187E+02,1.09187E+02,1.09187E+02,1.42630E+00,1.09187E+02,1.09187E+02,1.09187E+02,1.09187E+02,1.09187E+02,1.09187E+02,1.09187E+02,1.09187E+02,1.09187E+02,1.09187E+02,1.09187E+02,1.09187E+02,7.51245E-01,1.09187E+02 
#t = 3.276E+03
1.09187E+02,1.09187E+02,1.09187E+02,1.09187E+02,1.09187E+02,1.09187E+02,1.09187E+02,1.09187E+02,1.09187E+02,1.09187E+02,1.09187E+02,1.09187E+02,1.09187E+02,1.09187E+02,1.09187E+02,1.09187E+02,1.09187E+02,1.09187E+02,1.09187E+02,1.09187E+02,1.09187E+02,1.27285E+01,1.09187E+02,1.09187E+02,1.09187E+02,1.09187E+02,1.09187E+02,1.09187E+02,1.09187E+02,1.09187E+02,1.09187E+02,1.09187E+02,1.09187E+02,4.34049E-01,1.09187E+02,1.09187E+02,1.09187E+02,1.09187E+02,1.09187E+02,1.09187E+02,1.09187E+02 
#t = 3.318E+03
1.09187E+02,1.09187E+02,1.09187E+02,1.09187E+02,1.09187E+02,1.09187E+02,1.09187E+02,1.09187E+02,1.09187E+02,1.27285E+01,1.09187E+02,1.27285E+01,1.09187E+02,1.09187E+02,1.09187E+02,1.09187E+02,1.09187E+02,1.09187E+02,1.09187E+02,1.09187E+02,1.09187E+02,1.09187E+02,1.09187E+02,1.09187E+02,1.27285E+01,1.09187E+02,1.09187E+02,1.09187E+02,1.09187E+02,1.09187E+02,1.09187E+02,1.09187E+02,1.09187E+02,1.09187E+02,1.09187E+02,3.17103E+00,1.09187E+02,1.09187E+02,1.09187E+02,1.09187E+02,1.09187E+02,9.82590E-01,1.62389E+00 
#t = 3.360E+03
1.27285E+01,1.09187E+02,1.09187E+02,1.09187E+02,1.09187E+02,1.09187E+02,1.09187E+02,1.09187E+02,1.09187E+02,1.09187E+02,1.09187E+02,1.09187E+02,1.09187E+02,1.09187E+02,1.49885E+01,1.09187E+02,1.09187E+02,1.09187E+02,8.27433E+00,1.09187E+02,1.09187E+02,1.09187E+02,1.09187E+02,1.09187E+02,1.09187E+02,1.09187E+02,1.09187E+02,1.09187E+02,1.09187E+02,1.09187E+02,1.09187E+02,1.09187E+02,1.09187E+02,1.09187E+02,1.09187E+02,1.09187E+02,1.09187E+02,1.09187E+02,1.09187E+02,1.09187E+02,1.09187E+02,1.09187E+02,1.09187E+02,8.20631E-01,3.09043E+00 
#t = 3.402E+03
1.27285E+01,1.09187E+02,1.09187E+02,1.09187E+02,1.09187E+02,1.09187E+02,1.09187E+02,1.09187E+02,1.09187E+02,1.09187E+02,1.09187E+02,5.68685E+00,1.09187E+02,1.09187E+02,1.09187E+02,1.09187E+02,1.09187E+02,1.09187E+02,1.09187E+02,1.09187E+02,1.09187E+02,1.09187E+02,1.09187E+02,1.09187E+02,1.09187E+02,1.09187E+02,1.09187E+02,1.18500E+01,1.09187E+02,1.09187E+02,5.65357E+00,1.09187E+02,1.09187E+02,1.16682E+01,1.09187E+02,1.09187E+02,1.09187E+02,1.09187E+02,1.09187E+02,1.09187E+02,1.09187E+02,1.09187E+02,5.40066E+00,1.09187E+02,1.09187E+02,1.09187E+02,1.09187E+02,1.09187E+02,1.32443E+00,9.81057E-01 
#t = 3.444E+03
1.09187E+02,1.09187E+02,1.18500E+01,1.09187E+02,1.09187E+02,1.09187E+02,1.21052E+01,1.09187E+02,1.09187E+02,1.09187E+02,1.09187E+02,1.09187E+02,1.16682E+01,1.09187E+02,1.21052E+01,1.09187E+02,1.09187E+02,1.09187E+02,1.09187E+02,1.09187E+02,1.09187E+02,1.09187E+02,1.09187E+02,1.09187E+02,1.09187E+02,1.09187E+02,1.18500E+01,1.09187E+02,1.09187E+02,1.09187E+02,1.16682E+01,1.09187E+02,1.21052E+01,1.09187E+02,1.02946E+00,1.09187E+02,1.09187E+02,5.89991E+00,1.09187E+02,1.09187E+02 
#t = 3.486E+03
1.09187E+02,1.09187E+02,1.09187E+02,1.09187E+02,1.09187E+02,1.16682E+01,1.09187E+02,1.09187E+02,1.09187E+02,1.09187E+02,1.09187E+02,1.09187E+02,1.09187E+02,1.14052E+01,1.09187E+02,1.29077E+01,1.09187E+02,1.09187E+02,1.09187E+02,1.09187E+02,4.79984E+00,1.09187E+02,1.09187E+02,1.09187E+02,1.09187E+02,1.09187E+02,1.09187E+02,1.16682E+01,1.09187E+02,1.09187E+02,1.09187E+02,1.09187E+02,1.09187E+02,1.09187E+02,1.09187E+02,1.09187E+02,1.09187E+02,8.98739E+00,1.09187E+02,1.33496E+00,1.09187E+02,1.09187E+02,1.09187E+02,5.11365E+00,1.09187E+02 
#t = 3.528E+03
1.09187E+02,1.09187E+02,1.09187E+02,1.09187E+02,8.98739E+00,1.09187E+02,1.16682E+01,3.25930E+01,1.09187E+02,1.09187E+02,1.09187E+02,1.09187E+02,1.09187E+02,1.09187E+02,1.09187E+02,1.09187E+02,1.09187E+02,3.25930E+01,1.09187E+02,1.09187E+02,1.09187E+02,3.25930E+01,1.09187E+02,1.09187E+02,1.16682E+01,1.09187E+02,8.86524E+00,3.25930E+01,1.09187E+02,3.25930E+01,1.09187E+02,1.09187E+02,7.23561E-01,1.09187E+02,1.09187E+02,1.65750E+00,2.89815E+00,1.09187E+02,1.09187E+02,1.09187E+02 
#t = 3.570E+03
8.98739E+00,1.09187E+02,1.16682E+01,3.25930E+01,1.09187E+02,1.09187E+02,1.09187E+02,1.09187E+02,1.09187E+02,1.09187E+02,1.09187E+02,1.09187E+02,1.09187E+02,1.09187E+02,3.25930E+01,1.09187E+02,1.09187E+02,1.09187E+02,1.09187E+02,1.09187E+02,1.09187E+02,1.09187E+02,1.09187E+02,1.59126E+01,1.09187E+02,1.09187E+02,1.09187E+02,1.09187E+02,1.09187E+02,1.09187E+02,1.09187E+02,1.39093E+01,8.83706E+00,1.09187E+02,1.09187E+02,1.09187E+02,4.81677E+00,1.09187E+02,1.09187E+02,1.09187E+02,1.09187E+02,1.31207E-01,1.09187E+02,1.09187E+02 
#t = 3.612E+03
1.09187E+02,1.09187E+02,1.59126E+01,1.09187E+02,1.09187E+02,3.25930E+01,2.74768E+01,1.09187E+02,1.09187E+02,3.25930E+01,1.09187E+02,1.79614E+01,1.09187E+02,1.79614E+01,3.25930E+01,1.09187E+02,1.09187E+02,2.74768E+01,1.09187E+02,1.09187E+02,1.09187E+02,1.09187E+02,1.59126E+01,1.09187E+02,1.59126E+01,1.09187E+02,3.25930E+01,1.09187E+02,3.25930E+01,1.09187E+02,2.74768E+01,1.79614E+01,1.09187E+02,1.18003E+00,1.09187E+02,4.28488E+00,1.09187E+02,1.22066E+00,1.09187E+02,1.79614E+01 
#t = 3.654E+03
2.74768E+01,1.09187E+02,1.59126E+01,3.25930E+01,1.09187E+02,1.09187E+02,1.09187E+02,1.09187E+02,1.09187E+02,1.09187E+02,1.09187E+02,1.09187E+02,1.09187E+02,1.09187E+02,1.09187E+02,1.09187E+02,1.09187E+02,1.09187E+02,1.09187E+02,6.25291E+00,1.09187E+02,1.09187E+02,1.09187E+02,1.09187E+02,1.09187E+02,1.09187E+02,1.09187E+02,1.09187E+02,1.09187E+02,1.09187E+02,1.09187E+02,1.09187E+02,1.09187E+02,1.09187E+02,1.09187E+02,1.09187E+02,1.09187E+02,1.09187E+02,1.09187E+02,1.09187E+02,1.09187E+02,1.09187E+02,2.82761E+00,5.02358E-01,1.09187E+02,1.09187E+02,2.48505E+00 
#t = 3.696E+03
1.09187E+02,1.09187E+02,1.09187E+02,1.09187E+02,1.09187E+02,1.09187E+02,1.09187E+02,1.09187E+02,1.09187E+02,1.09187E+02,1.09187E+02,1.09187E+02,1.09187E+02,1.09187E+02,1.09187E+02,1.09187E+02,1.09187E+02,1.09187E+02,1.09187E+02,1.09187E+02,1.09187E+02,1.09187E+02,1.09187E+02,1.09187E+02,1.09187E+02,1.09187E+02,1.09187E+02,1.09187E+02,7.39824E+00,1.09187E+02,1.09187E+02,1.09187E+02,1.09187E+02,1.09187E+02,1.09187E+02,1.56775E+00,1.09187E+02,1.09187E+02,1.09187E+02,1.09187E+02,8.60574E+00,1.09187E+02,1.09187E+02,1.09187E+02 
#t = 3.738E+03
1.09187E+02,1.09187E+02,1.09187E+02,1.09187E+02,1.09187E+02,1.09187E+02,1.09187E+02,1.09187E+02,1.09187E+02,1.09187E+02,1.09187E+02,1.09187E+02,1.09187E+02,1.09187E+02,1.09187E+02,1.09187E+02,1.09187E+02,1.09187E+02,1.09187E+02,1.09187E+02,1.09187E+02,1.09187E+02,1.09187E+02,1.09187E+02,1.09187E+02,1.09187E+02,1.09187E+02,1.09187E+02,1.09187E+02,1.09187E+02,7.60768E+00,1.09187E+02,6.04245E+00,1.09187E+02,1.09187E+02,1.09187E+02,1.09187E+02,1.09187E+02,1.09187E+02,1.09187E+02,1.09187E+02,1.09187E+02,1.09187E+02,1.09187E+02,1.09187E+02,1.27406E+00,1.09187E+02,1.09187E+02,1.09187E+02,1.09187E+02,1.09187E+02 
#t = 3.780E+03
1.09187E+02,1.09187E+02,1.09187E+02,1.09187E+02,1.09187E+02,1.09187E+02,1.09187E+02,1.09187E+02,1.09187E+02,1.09187E+02,1.09187E+02,1.09187E+02,1.09187E+02,1.09187E+02,1.09187E+02,1.09187E+02,1.09187E+02,1.38267E+01,1.09187E+02,1.09187E+02,1.09187E+02,1.85195E+01,1.09187E+02,1.09187E+02,1.09187E+02,1.09187E+02,1.09187E+02,1.09187E+02,1.09187E+02,1.09187E+02,1.09187E+02,1.09187E+02,1.09187E+02,1.09187E+02,1.09187E+02,1.09187E+02,1.09187E+02,1.09187E+02,1.09187E+02,1.09187E+02,1.09187E+02,1.09187E+02,2.19001E+00,1.09187E+02,3.86539E-01,1.09187E+02,1.09187E+02,1.09187E+02 
#t = 3.822E+03
1.09187E+02,1.09187E+02,1.09187E+02,1.09187E+02,1.09187E+02,1.09187E+02,1.09187E+02,1.09187E+02,1.09187E+02,1.09187E+02,1.09187E+02,1.09187E+02,1.09187E+02,1.09187E+02,1.09187E+02,1.09187E+02,1.09187E+02,1.09187E+02,1.09187E+02,1.09187E+02,1.09187E+02,1.09187E+02,1.09187E+02,1.09187E+02,1.09187E+02,1.09187E+02,1.09187E+02,1.09187E+02,1.09187E+02,1.09187E+02,1.09187E+02,1.09187E+02,1.09187E+02,1.09187E+02,1.09187E+02,1.09187E+02,1.09187E+02,1.09187E+02,1.09187E+02,1.09187E+02,1.09187E+02,1.09187E+02,1.09187E+02,1.09187E+02,1.09187E+02,1.09187E+02,8.00335E-01,1.09187E+02,7.71049E+00 
#t = 3.864E+03
1.09187E+02,1.09187E+02,1.09187E+02,1.09187E+02,1.09187E+02,1.09187E+02,1.09187E+02,1.09187E+02,1.16082E+01,1.09187E+02,1.09187E+02,1.09187E+02,1.09187E+02,1.09187E+02,1.09187E+02,1.09187E+02,1.09187E+02,1.09187E+02,1.09187E+02,1.09187E+02,1.09187E+02,1.09187E+02,1.09187E+02,1.09187E+02,1.09187E+02,1.09187E+02,1.09187E+02,6.87927E+00,1.09187E+02,1.09187E+02,1.09187E+02,1.09187E+02,1.09187E+02,1.09187E+02,1.09187E+02,1.09187E+02,1.09187E+02,1.09187E+02,4.61331E+00,2.15502E+00,1.09187E+02,1.09187E+02,1.09187E+02,1.09187E+02,2.89758E+00,1.09187E+02,1.09187E+02,1.09187E+02,1.09187E+02,1.09187E+02 
#t = 3.906E+03
1.09187E+02,1.09187E+02,1.09187E+02,1.09187E+02,1.09187E+02,1.09187E+02,1.09187E+02,1.09187E+02,1.09187E+02,1.09187E+02,1.09187E+02,1.09187E+02,1.09187E+02,1.09187E+02,1.09187E+02,1.29500E+01,1.09187E+02,1.09187E+02,1.09187E+02,1.09187E+02,1.09187E+02,1.09187E+02,1.09187E+02,1.09187E+02,1.09187E+02,1.09187E+02,1.09187E+02,1.09187E+02,1.09187E+02,1.09187E+02,1.09187E+02,1.09187E+02,1.09187E+02,1.09187E+02,1.09187E+02,1.09187E+02,1.09187E+02,1.09187E+02,1.09187E+02,1.09187E+02,1.09187E+02,1.09187E+02,1.09187E+02,1.09187E+02,1.09187E+02,1.09187E+02 
#t = 3.948E+03
1.09187E+02,1.09187E+02,1.09187E+02,1.09187E+02,1.09187E+02,1.09187E+02,1.09187E+02,1.09187E+02,1.09187E+02,1.09187E+02,1.09187E+02,1.09187E+02,1.09187E+02,1.09187E+02,1.09187E+02,1.09187E+02,1.09187E+02,1.09187E+02,1.09187E+02,1.09187E+02,1.09187E+02,1.09187E+02,1.09187E+02,1.09187E+02,1.09187E+02,1.09187E+02,1.09187E+02,1.09187E+02,2.86194E+00,1.09187E+02,1.09187E+02,1.09187E+02,1.09187E+02,1.09187E+02,1.09187E+02,1.09187E+02,1.09187E+02,1.09187E+02,1.09187E+02,9.98292E-01,1.09187E+02,4.49953E+00,1.09187E+02,1.80948E+00,1.09187E+02,3.22601E+00,1.09187E+02,1.09187E+02,1.09187E+02,6.73290E-01 
#t = 3.990E+03
1.09187E+02,1.09187E+02,1.09187E+02,1.09187E+02,1.09187E+02,1.09187E+02,1.09187E+02,1.09187E+02,1.09187E+02,1.09187E+02,1.09187E+02,1.09187E+02,1.09187E+02,1.09187E+02,3.17489E+01,1.09187E+02,1.09187E+02,1.09187E+02,1.09187E+02,1.09187E+02,1.47550E+01,1.09187E+02,1.09187E+02,1.09187E+02,1.09187E+02,1.09187E+02,1.09187E+02,1.09187E+02,1.09187E+02,1.09187E+02,1.09187E+02,1.09187E+02,1.09187E+02,1.09187E+02,1.09187E+02,1.09187E+02,1.09187E+02,1.09187E+02,1.09187E+02,1.09187E+02,2.15034E+00,1.09187E+02 
#t = 4.032E+03
1.09187E+02,1.09187E+02,1.09187E+02,1.09187E+02,1.09187E+02,1.09187E+02,1.09187E+02,1.09187E+02,3.17489E+01,1.09187E+02,1.09187E+02,1.09187E+02,1.09187E+02,1.09187E+02,1.09187E+02,3.17489E+01,3.17489E+01,1.09187E+02,7.10703E+00,1.09187E+02,1.09187E+02,1.09187E+02,1.09187E+02,1.09187E+02,1.09187E+02,1.09187E+02,1.01273E+01,1.09187E+02,1.09187E+02,1.09187E+02,1.09187E+02,1.09187E+02,1.09187E+02,1.09187E+02,3.33473E+00 
#t = 4.074E+03
1.09187E+02,1.09187E+02,1.09187E+02,1.09187E+02,1.09187E+02,1.09187E+02,1.09187E+02,1.09187E+02,3.17489E+01,3.17489E+01,1.09187E+02,1.09187E+02,1.09187E+02,1.09187E+02,1.09187E+02,1.09187E+02,1.09187E+02,1.09187E+02,1.09187E+02,1.09187E+02,1.09187E+02,1.09187E+02,1.09187E+02,1.09187E+02,1.09187E+02,1.09187E+02,1.09187E+02,1.09187E+02,3.17489E+01,1.09187E+02,1.09187E+02,1.09187E+02,1.09187E+02,1.09187E+02,1.09187E+02,1.09187E+02,3.17489E+01,1.09187E+02,1.09187E+02,1.09187E+02,1.09187E+02,1.09187E+02,3.17489E+01,1.09187E+02,1.09187E+02,1.09187E+02,1.09187E+02 
#t = 4.116E+03
3.17489E+01,1.09187E+02,1.09187E+02,1.09187E+02,1.09187E+02,1.09187E+02,1.09187E+02,1.09187E+02,1.09187E+02,1.09187E+02,1.09187E+02,1.09187E+02,1.09187E+02,1.09187E+02,1.09187E+02,1.09187E+02,1.09187E+02,1.09187E+02,1.09187E+02,1.09187E+02,6.99220E+00,1.09187E+02,1.09187E+02,1.09187E+02,1.09187E+02,1.09187E+02,1.09187E+02,1.09187E+02,6.03177E-01,1.09187E+02,1.09187E+02,1.09187E+02,1.09187E+02,1.09187E+02,1.09187E+02,3.09164E+00,1.09187E+02 
#t = 4.158E+03
1.09187E+02,1.09187E+02,1.09187E+02,1.09187E+02,1.09187E+02,1.09187E+02,1.09187E+02,1.09187E+02,2.00891E+01,1.09187E+02,1.09187E+02,1.09187E+02,1.09187E+02,1.09187E+02,1.09187E+02,1.09187E+02,1.09187E+02,1.09187E+02,1.09187E+02,1.09187E+02,1.09187E+02,1.09187E+02,1.09187E+02,1.09187E+02,1.09187E+02,1.09187E+02,1.09187E+02,1.09187E+02,1.09187E+02,1.09187E+02,2.00891E+01,1.09187E+02,1.09187E+02,1.09187E+02,7.15853E+00,1.09187E+02,5.10166E+00,1.09187E+02,1.09187E+02,1.09187E+02,1.09187E+02,1.09187E+02 
#t = 4.200E+03
1.09187E+02,1.09187E+02,1.09187E+02,1.09187E+02,1.09187E+02,1.09187E+02,1.09187E+02,1.09187E+02,1.09187E+02,1.09187E+02,1.09187E+02,1.09187E+02,1.09187E+02,1.09187E+02,1.09187E+02,1.09187E+02,1.09187E+02,1.18862E+01,1.09187E+02,1.09187E+02,1.09187E+02,1.09187E+02,1.09187E+02,1.09187E+02,1.09187E+02,1.09187E+02,1.09187E+02,1.09187E+02,1.09187E+02,1.09187E+02,1.09187E+02,1.09187E+02,1.09187E+02,1.09187E+02,1.09187E+02,1.09187E+02,1.09187E+02,1.09187E+02,1.09187E+02 
