#t = 0.000E+00
1.49776E+00,5.90571E-01,5.51177E+00,4.21179E+00,2.25245E+00 
#t = 4.200E+01
1.18262E+01,1.18262E+01,1.18262E+01,2.18487E+01,2.18487E+01,1.18262E+01,1.18262E+01,1.18262E+01,2.40229E+00 
#t = 8.400E+01
1.18262E+01,1.18262E+01,1.18262E+01,2.18487E+01,2.95200E+01,1.18262E+01,1.18262E+01,2.18487E+01,2.95200E+01,2.95200E+01,1.43856E+00,2.95200E+01,1.18262E+01,2.95200E+01,5.35877E+00,2.95200E+01,1.18262E+01,2.95200E+01,1.18262E+01,2.95200E+01,2.18487E+01,2.95200E+01,1.18262E+01,2.95200E+01,3.62276E-01,1.18262E+01 
#t = 1.260E+02
2.95200E+01,2.95200E+01,2.95200E+01,1.18262E+01,1.18262E+01,1.18262E+01,1.18262E+01,1.18262E+01,2.95200E+01,1.18262E+01,2.95200E+01,1.18262E+01,2.95200E+01,1.18262E+01,2.95200E+01,1.18262E+01,1.18262E+01,1.18262E+01,1.18262E+01,2.95200E+01,1.18262E+01,1.18262E+01,1.18262E+01,2.95200E+01,5.49194E+00,4.88232E+00,2.95200E+01,2.95200E+01,1.18262E+01,5.20690E+00,2.95200E+01,2.95200E+01,1.18262E+01,1.18262E+01 
#t = 1.680E+02
1.18262E+01,1.18262E+01,1.18262E+01,2.95200E+01,1.18262E+01,2.95200E+01,2.95200E+01,7.15281E+00,2.95200E+01,2.95200E+01,1.18262E+01,1.18262E+01,2.95200E+01,1.18262E+01,2.95200E+01,1.18262E+01,2.95200E+01,2.95200E+01,2.95200E+01,1.18262E+01,1.18262E+01,2.95200E+01,2.95200E+01,2.95200E+01,1.18262E+01,1.16379E+01,2.95200E+01,2.95200E+01,2.95200E+01,3.41141E+00,1.18262E+01,1.18262E+01,1.18262E+01,1.18262E+01,2.95200E+01 
#t = 2.100E+02
2.95200E+01,2.95200E+01,2.95200E+01,1.18262E+01,2.95200E+01,1.18262E+01,1.18262E+01,1.18262E+01,1.18262E+01,1.18262E+01,2.95200E+01,2.95200E+01,1.18262E+01,2.95200E+01,2.95200E+01,1.18262E+01,2.95200E+01,1.18262E+01,1.18262E+01,1.18262E+01,2.95200E+01,1.18262E+01,3.63986E+00,1.18262E+01,2.65799E+00,1.18262E+01,2.95200E+01,8.94906E+00,1.18262E+01,2.95200E+01,5.66578E-01,1.18262E+01,3.84443E+00,2.95200E+01,1.91100E+00 
#t = 2.520E+02
1.18262E+01,1.18262E+01,1.49470E+01,1.18262E+01,2.95200E+01,1.18262E+01,2.95200E+01,1.18262E+01,2.95200E+01,2.95200E+01,1.18262E+01,2.95200E+01,2.95200E+01,2.95200E+01,1.18262E+01,1.18262E+01,2.95200E+01,1.18262E+01,1.18262E+01,2.95200E+01,1.18262E+01,1.18262E+01,1.84680E+00,1.49470E+01,1.18262E+01,3.90944E+00,4.11978E+00,9.48452E-01,1.66039E+00,1.18262E+01,8.09362E-01 
#t = 2.940E+02
1.18262E+01,2.95200E+01,1.18262E+01,2.95200E+01,1.18262E+01,2.95200E+01,1.18262E+01,1.18262E+01,2.95200E+01,2.95200E+01,1.18262E+01,1.49470E+01,1.59119E+01,2.95200E+01,1.18262E+01,1.18262E+01,1.32526E+01,1.49470E+01,1.18262E+01,2.95200E+01,2.95200E+01,5.84158E+00,2.95200E+01,1.18262E+01,1.18262E+01,6.41797E+00,1.49470E+01,2.95200E+01,2.95200E+01,2.84740E+00,2.95200E+01,8.16824E+00,1.18262E+01 
#t = 3.360E+02
1.18262E+01,1.59119E+01,1.32526E+01,2.95200E+01,1.18262E+01,2.95200E+01,2.95200E+01,1.18262E+01,1.18262E+01,2.95200E+01,2.95200E+01,2.95200E+01,2.95200E+01,1.59119E+01,2.95200E+01,2.95200E+01,2.95200E+01,1.59119E+01,2.95200E+01,2.95200E+01,2.95200E+01,2.95200E+01,1.59119E+01,2.95200E+01,2.95200E+01,2.95200E+01,1.60319E+01,2.95200E+01,2.95200E+01,3.56705E+00,2.95200E+01,2.95200E+01,2.95200E+01,2.95200E+01,2.95200E+01,2.95200E+01,2.95200E+01 
#t = 3.780E+02
1.18262E+01,1.18262E+01,2.95200E+01,2.95200E+01,2.95200E+01,1.60319E+01,2.95200E+01,8.91585E+00,2.95200E+01,2.95200E+01,2.95200E+01,2.95200E+01,2.95200E+01,1.32526E+01,2.95200E+01,2.95200E+01,2.95200E+01,2.95200E+01,2.95200E+01,2.95200E+01,1.32526E+01,2.95200E+01,2.95200E+01,2.95200E+01,2.95200E+01,2.95200E+01,2.95200E+01,2.95200E+01,2.95200E+01,2.95200E+01,2.95200E+01,2.95200E+01,1.18262E+01,2.95200E+01,2.95200E+01,2.95200E+01,1.32526E+01,2.95200E+01,4.96692E-01,2.95200E+01,2.95200E+01,2.95200E+01,2.95200E+01,2.95200E+01,5.90561E+00,2.95200E+01,2.95200E+01,4.22192E+00,1.32526E+01,1.60319E+01,2.95200E+01,8.78352E+00,2.95200E+01,1.64953E+00,2.95200E+01,2.95200E+01,2.95200E+01,2.95200E+01,2.95200E+01 
#t = 4.200E+02
2.95200E+01,2.95200E+01,1.18262E+01,2.95200E+01,2.95200E+01,2.95200E+01,2.95200E+01,2.95200E+01,2.95200E+01,2.95200E+01,2.95200E+01,2.95200E+01,2.95200E+01,2.95200E+01,2.95200E+01,2.95200E+01,2.95200E+01,1.18262E+01,2.95200E+01,3.99753E+00,2.95200E+01,2.95200E+01,2.95200E+01,2.95200E+01,2.95200E+01,2.95200E+01,2.95200E+01,2.95200E+01,2.95200E+01,2.95200E+01,2.95200E+01,1.18262E+01,8.06972E+00,2.95200E+01,3.17535E+00,2.95200E+01,5.84281E-01,2.95200E+01 
#t = 4.620E+02
2.95200E+01,2.95200E+01,2.95200E+01,2.95200E+01,1.18262E+01,1.18262E+01,1.18262E+01,2.95200E+01,2.95200E+01,2.95200E+01,2.95200E+01,2.95200E+01,2.95200E+01,2.95200E+01,2.95200E+01,1.12006E+01,2.95200E+01,5.55559E+00,2.95200E+01,2.95200E+01,2.95200E+01,2.95200E+01,2.95200E+01,2.95200E+01,2.95200E+01,2.95200E+01,2.95200E+01,3.47133E+00,8.61977E+00,2.95200E+01,2.95200E+01,2.95200E+01,7.54843E+00,7.63182E-01,2.95200E+01,2.95200E+01,1.18262E+01 
#t = 5.040E+02
2.95200E+01,2.95200E+01,2.95200E+01,2.95200E+01,2.95200E+01,2.95200E+01,1.50255E+01,1.18262E+01,9.26796E+00,2.95200E+01,2.95200E+01,2.95200E+01,2.95200E+01,2.95200E+01,2.95200E+01,2.95200E+01,2.95200E+01,2.95200E+01,2.95200E+01,2.95200E+01,2.95200E+01,2.95200E+01,2.95200E+01,3.38908E+01,5.40674E+00,3.38908E+01,2.95200E+01,2.95200E+01,2.95200E+01,2.95200E+01,2.95200E+01,1.18262E+01,2.95200E+01,9.22723E-01,3.38908E+01,2.95200E+01,2.95200E+01,1.29238E+01,2.95200E+01,3.38908E+01,3.60219E+00,2.95200E+01,2.95200E+01,2.95200E+01 
#t = 5.460E+02
1.18262E+01,2.95200E+01,2.95200E+01,2.95200E+01,2.95200E+01,2.95200E+01,1.18262E+01,2.95200E+01,2.95200E+01,2.95200E+01,1.18262E+01,1.18262E+01,2.95200E+01,2.95200E+01,2.95200E+01,1.18262E+01,2.95200E+01,2.95200E+01,1.18262E+01,1.18262E+01,1.18262E+01,2.95200E+01,1.18262E+01,2.95200E+01,2.95200E+01,2.95200E+01,2.95200E+01,1.18262E+01,2.72484E+00,2.95200E+01,2.95200E+01,5.75560E-01,1.18262E+01,1.18262E+01,3.09535E+00 
#t = 5.880E+02
2.95200E+01,1.18262E+01,2.95200E+01,2.95200E+01,1.71517E+01,2.95200E+01,2.95200E+01,2.95200E+01,2.95200E+01,2.95200E+01,2.95200E+01,2.95200E+01,2.95200E+01,1.71517E+01,1.71517E+01,9.27704E-01,1.71517E+01,3.31476E+00,2.95200E+01,2.95200E+01,2.95200E+01,2.95200E+01 
#t = 6.300E+02
2.95200E+01,2.95200E+01,2.95200E+01,2.95200E+01,2.95200E+01,2.95200E+01,2.95200E+01,2.95200E+01,2.95200E+01,2.95200E+01,2.95200E+01,2.95200E+01,2.95200E+01,8.36237E+00,2.95200E+01,2.95200E+01,2.95200E+01,1.47029E+00,2.29802E+00,1.25423E+00,6.34548E+00,2.95200E+01 
#t = 6.720E+02
9.05242E+00,2.95200E+01,2.95200E+01,2.95200E+01,2.95200E+01,2.95200E+01,2.95200E+01,2.95200E+01,2.95200E+01,2.95200E+01,2.95200E+01,2.95200E+01,2.95200E+01,2.95200E+01,2.95200E+01,2.95200E+01,2.95200E+01,2.95200E+01,2.95200E+01,2.95200E+01,2.95200E+01,2.95200E+01,2.95200E+01,3.04149E+00,7.59064E+00,2.95200E+01,2.95200E+01,2.95200E+01,2.95200E+01 
#t = 7.140E+02
2.95200E+01,2.95200E+01,2.95200E+01,2.95200E+01,2.95200E+01,2.95200E+01,2.95200E+01,2.95200E+01,2.95200E+01,1.48905E+01,2.95200E+01,2.95200E+01,2.95200E+01,2.95200E+01,2.95200E+01,2.95200E+01,2.95200E+01,2.95200E+01,2.95200E+01,2.95200E+01,2.95200E+01,7.56622E+00,2.95200E+01,2.95200E+01,2.95200E+01,2.95200E+01,2.95200E+01,2.95200E+01,2.44386E+01,2.95200E+01,2.95200E+01,2.95200E+01,2.95200E+01,6.09099E+00,2.95200E+01,2.65643E+00,2.90623E+01,2.95200E+01,2.95200E+01,2.95200E+01 
#t = 7.560E+02
2.95200E+01,2.95200E+01,2.95200E+01,2.95200E+01,2.95200E+01,2.95200E+01,2.95200E+01,2.95200E+01,1.01587E+01,2.95200E+01,2.95200E+01,2.95200E+01,2.95200E+01,2.95200E+01,2.95200E+01,4.90295E+00,2.95200E+01,2.95200E+01,2.95200E+01,9.40564E-01,2.95200E+01,2.95200E+01,2.95200E+01,2.95200E+01,2.95200E+01,5.76902E-01,2.95200E+01 
#t = 7.980E+02
2.95200E+01,2.95200E+01,2.95200E+01,2.95200E+01,2.95200E+01,2.95200E+01,2.95200E+01,2.95200E+01,2.95200E+01,2.95200E+01,2.95200E+01,2.95200E+01,2.95200E+01,2.95200E+01,2.95200E+01,2.95200E+01,2.95200E+01,2.95200E+01,2.95200E+01,2.95200E+01,9.15989E+00,2.95200E+01,2.95200E+01,9.19604E+00,2.95200E+01,2.95200E+01,2.95200E+01,2.95200E+01,2.95200E+01,2.95200E+01,2.95200E+01,2.95200E+01,2.95200E+01,2.95200E+01,2.95200E+01,2.95200E+01,2.95200E+01,2.95200E+01,2.95200E+01,2.95200E+01,5.84034E+00,2.95200E+01,2.95200E+01 
#t = 8.400E+02
2.95200E+01,2.95200E+01,2.95200E+01,2.95200E+01,2.95200E+01,2.95200E+01,2.95200E+01,2.95200E+01,2.95200E+01,2.95200E+01,2.95200E+01,2.95200E+01,2.95200E+01,2.95200E+01,2.95200E+01,2.95200E+01,2.95200E+01,2.95200E+01,2.95200E+01,2.95200E+01,2.95200E+01,2.95200E+01,2.95200E+01,2.95200E+01,2.95200E+01,2.95200E+01,2.95200E+01,2.95200E+01,2.95200E+01,2.95200E+01,1.02448E+01,2.95200E+01,7.69764E+00,2.87745E+00,1.42428E+00,9.59667E-01,2.95200E+01 
#t = 8.820E+02
2.95200E+01,2.95200E+01,2.95200E+01,2.95200E+01,2.95200E+01,2.95200E+01,2.95200E+01,2.95200E+01,2.95200E+01,2.95200E+01,2.95200E+01,2.95200E+01,2.95200E+01,2.95200E+01,2.95200E+01,2.95200E+01,2.95200E+01,2.95200E+01,2.95200E+01,2.95200E+01,2.95200E+01,2.95200E+01,8.05903E+00,2.95200E+01,2.95200E+01,2.95200E+01,2.95200E+01,2.95200E+01,2.95200E+01,2.95200E+01,2.95200E+01,2.95200E+01,2.95200E+01,2.95200E+01,2.95200E+01,2.95200E+01,2.95200E+01,2.95200E+01,2.95200E+01,2.95200E+01,2.95200E+01,2.95200E+01,2.95200E+01,2.95200E+01,2.95200E+01,2.95200E+01,2.95200E+01,2.95200E+01,2.95200E+01,2.95200E+01,2.95200E+01 
#t = 9.240E+02
2.95200E+01,2.95200E+01,2.95200E+01,2.95200E+01,2.95200E+01,2.95200E+01,2.95200E+01,2.95200E+01,2.95200E+01,2.95200E+01,2.95200E+01,2.95200E+01,2.95200E+01,2.95200E+01,2.95200E+01,2.95200E+01,2.95200E+01,2.95200E+01,7.18678E+00,2.95200E+01,2.95200E+01,2.95200E+01,2.95200E+01,2.95200E+01,2.95200E+01,2.95200E+01,2.95200E+01,2.95200E+01,2.95200E+01,2.61894E+00,2.95200E+01,2.95200E+01,2.95200E+01,8.76459E+00,2.32408E+00,2.95200E+01,2.95200E+01,2.95200E+01,9.97592E+00,2.95200E+01,2.95200E+01 
#t = 9.660E+02
2.95200E+01,2.95200E+01,2.95200E+01,2.95200E+01,9.56375E+00,2.95200E+01,2.95200E+01,2.95200E+01,2.95200E+01,2.95200E+01,2.95200E+01,2.95200E+01,2.95200E+01,8.20152E+00,2.95200E+01,2.95200E+01,2.95200E+01,2.95200E+01,2.95200E+01,2.95200E+01,2.95200E+01,2.95200E+01,2.95200E+01,2.95200E+01,2.95200E+01,2.95200E+01,2.95200E+01,8.29644E+00,2.95200E+01,2.95200E+01,2.95200E+01,2.95200E+01,2.95200E+01,2.95200E+01,2.95200E+01,2.95200E+01,2.95200E+01,2.95200E+01,2.95200E+01,2.95200E+01 
#t = 1.008E+03
2.95200E+01,2.95200E+01,2.95200E+01,2.95200E+01,8.20152E+00,2.95200E+01,2.95200E+01,2.95200E+01,2.95200E+01,2.77902E+01,2.95200E+01,2.95200E+01,2.95200E+01,2.95200E+01,2.95200E+01,2.95200E+01,2.95200E+01,2.95200E+01,2.75397E+01,2.95200E+01,2.95200E+01,2.95200E+01,2.95200E+01,2.95200E+01,3.90503E+00,2.95200E+01,2.95200E+01,2.95200E+01,2.77902E+01,2.53865E+00 
#t = 1.050E+03
2.95200E+01,2.95200E+01,2.95200E+01,2.95200E+01,2.77902E+01,2.95200E+01,1.06693E+01,2.95200E+01,2.95200E+01,2.95200E+01,2.95200E+01,2.95200E+01,6.33821E+00,2.77902E+01,2.95200E+01,2.95200E+01,1.04038E+01,2.95200E+01,2.95200E+01,2.77902E+01,8.38445E+00,2.77902E+01,2.95200E+01,1.19634E+01,2.95200E+01,8.69666E-01,2.77902E+01,2.95200E+01,5.96632E+00,2.83904E+00 
#t = 1.092E+03
2.77902E+01,2.37187E+01,2.95200E+01,2.95200E+01,2.95200E+01,9.03307E+00,2.95200E+01,1.04038E+01,2.95200E+01,2.95200E+01,2.95200E+01,2.95200E+01,2.77902E+01,2.95200E+01,2.95200E+01,2.95200E+01,2.95200E+01,2.95200E+01,2.95200E+01,2.95200E+01,2.95200E+01,2.95200E+01,2.95200E+01,2.95200E+01,1.68874E+00,2.95200E+01,2.96411E-01,1.16783E+01,2.95200E+01 
#t = 1.134E+03
2.95200E+01,2.95200E+01,2.95200E+01,2.95200E+01,2.95200E+01,2.95200E+01,2.95200E+01,2.95200E+01,2.95200E+01,2.36041E+00,2.95200E+01,2.95200E+01,2.95200E+01,2.95200E+01,2.95200E+01,1.29241E+01,2.95200E+01,2.95200E+01,2.95200E+01,2.95200E+01,2.95200E+01,2.95200E+01,2.95200E+01,1.21015E+00,2.95200E+01,2.95200E+01,1.29241E+01,2.95200E+01,2.95200E+01,1.61311E+00 
#t = 1.176E+03
2.95200E+01,2.95200E+01,1.29241E+01,1.29241E+01,9.11021E+00,2.95200E+01,2.95200E+01,2.95200E+01,1.85109E+01,2.95200E+01,2.95200E+01,2.95200E+01,2.95200E+01,2.95200E+01,2.95200E+01,2.95200E+01,1.85109E+01,1.85109E+01,1.29241E+01,2.95200E+01,1.22538E+00,1.29241E+01,2.95200E+01,1.24944E+01,1.24944E+01,2.95200E+01,2.95200E+01,2.37533E+00,2.95200E+01,2.95200E+01 
#t = 1.218E+03
1.29241E+01,2.95200E+01,1.85109E+01,2.95200E+01,2.95200E+01,2.95200E+01,1.29241E+01,1.29241E+01,2.95200E+01,2.95200E+01,2.95200E+01,2.95200E+01,2.95200E+01,2.95200E+01,2.95200E+01,2.95200E+01,2.95200E+01,1.10440E+01,2.95200E+01,2.95200E+01,5.93695E+00,1.04911E+01,1.21459E+01,1.21459E+01,2.57946E+00,2.95200E+01,1.85109E+01,1.21459E+01,2.95200E+01,2.95200E+01 
#t = 1.260E+03
1.29241E+01,1.85109E+01,2.95200E+01,2.95200E+01,1.85109E+01,1.21459E+01,1.15342E+01,2.95200E+01,2.95200E+01,2.95200E+01,2.95200E+01,2.95200E+01,2.95200E+01,2.95200E+01,2.95200E+01,2.95200E+01,1.15342E+01,2.95200E+01,1.15342E+01,2.95200E+01,2.95200E+01,1.85109E+01,2.95200E+01,2.95200E+01,4.39866E+00,2.95200E+01,1.15342E+01 
#t = 1.302E+03
1.85109E+01,2.95200E+01,2.95200E+01,2.95200E+01,2.95200E+01,2.95200E+01,1.29241E+01,1.15342E+01,2.95200E+01,2.95200E+01,2.95200E+01,2.95200E+01,2.29002E+01,2.95200E+01,2.29002E+01,2.95200E+01,2.95200E+01,2.95200E+01,1.15342E+01,2.95200E+01,1.15342E+01,2.95200E+01,2.95200E+01,2.95200E+01,2.95200E+01,2.95200E+01,2.95200E+01,2.95200E+01,2.95200E+01,1.85109E+01,2.29002E+01,2.95200E+01,2.29002E+01,1.15342E+01,2.95200E+01,2.95200E+01,2.95200E+01,2.95200E+01,2.95200E+01 
#t = 1.344E+03
2.95200E+01,2.29002E+01,2.95200E+01,2.95200E+01,2.95200E+01,2.29002E+01,2.29002E+01,2.95200E+01,1.15342E+01,2.95200E+01,2.95200E+01,2.95200E+01,1.45751E+01,2.95200E+01,1.85109E+01,2.07348E+01,2.95200E+01,2.29002E+01,2.95200E+01,2.95200E+01,2.29002E+01,2.95200E+01,2.95200E+01,2.95200E+01,8.12460E-01,2.95200E+01,9.88905E-02,2.95200E+01,1.85109E+01,2.13397E+00,2.95200E+01,2.95200E+01,3.43408E-01,4.55853E+00,2.95200E+01 
#t = 1.386E+03
2.95200E+01,2.95200E+01,2.95200E+01,2.95200E+01,2.95200E+01,2.95200E+01,2.95200E+01,2.95200E+01,2.95200E+01,2.29002E+01,2.95200E+01,2.95200E+01,2.95200E+01,2.95200E+01,6.50903E+00,2.95200E+01,3.11433E+01,2.95200E+01,2.95200E+01,2.95200E+01,2.95200E+01,9.06292E+00,3.11433E+01,2.95200E+01,3.11433E+01,2.95200E+01,2.95200E+01,2.95200E+01,2.95200E+01,3.11433E+01,2.95200E+01,2.95200E+01,1.96553E+00,2.95200E+01 
#t = 1.428E+03
2.95200E+01,2.95200E+01,3.11433E+01,2.95200E+01,3.11433E+01,2.95200E+01,2.95200E+01,2.95200E+01,2.95200E+01,2.95200E+01,3.11433E+01,2.95200E+01,3.11433E+01,2.95200E+01,2.95200E+01,3.11433E+01,2.95200E+01,2.95200E+01,2.95200E+01,2.95200E+01,1.48661E+00,3.11433E+01,3.11433E+01,3.11433E+01,2.95200E+01,5.00810E+00,2.95200E+01,2.95200E+01,2.95200E+01,3.11433E+01,2.95200E+01,2.95200E+01,3.11433E+01,2.95200E+01,3.11433E+01,3.11433E+01,2.95200E+01,2.95200E+01 
#t = 1.470E+03
3.11433E+01,2.95200E+01,2.95200E+01,2.95200E+01,2.95200E+01,2.95200E+01,2.24912E+01,2.95200E+01,2.95200E+01,2.95200E+01,2.95200E+01,3.11433E+01,2.24912E+01,2.95200E+01,2.95200E+01,2.95200E+01,3.11433E+01,3.11433E+01,2.95200E+01,2.95200E+01,2.95200E+01,2.24912E+01,2.95200E+01,2.95200E+01,2.95200E+01,2.95200E+01,2.95200E+01,2.95200E+01,3.11433E+01,8.35207E-01,9.29144E+00,6.31027E+00,2.95200E+01,7.67361E-01 
#t = 1.512E+03
2.95200E+01,2.95200E+01,2.24912E+01,2.95200E+01,2.95200E+01,2.24912E+01,2.95200E+01,2.95200E+01,3.11433E+01,2.95200E+01,3.11433E+01,2.24912E+01,2.95200E+01,3.11433E+01,2.95200E+01,3.11433E+01,2.95200E+01,2.95200E+01,2.95200E+01,3.11433E+01,2.95200E+01,3.11433E+01,2.95200E+01,2.95200E+01,2.95200E+01,2.95200E+01,3.37906E+00,3.11433E+01,2.95200E+01,2.95200E+01,3.11433E+01,3.11433E+01,2.95200E+01,8.26050E+00,2.95200E+01,2.95200E+01,2.95200E+01,2.94686E+00,2.95200E+01,2.95200E+01 
#t = 1.554E+03
2.95200E+01,2.95200E+01,2.95200E+01,8.26050E+00,2.95200E+01,2.24912E+01,2.95200E+01,1.34801E+01,2.95200E+01,2.95200E+01,3.11433E+01,2.95200E+01,1.34801E+01,2.95200E+01,2.95200E+01,3.11433E+01,2.95200E+01,2.95200E+01,2.95200E+01,2.95200E+01,3.11433E+01,2.95200E+01,2.95200E+01,2.95200E+01,2.95200E+01,2.95200E+01,2.95200E+01,2.95200E+01,2.95200E+01,2.95200E+01,2.95200E+01,2.95200E+01,2.95200E+01,6.94880E-01,5.38622E+00,2.95200E+01,3.11433E+01 
#t = 1.596E+03
2.95200E+01,3.11433E+01,2.95200E+01,2.95200E+01,2.95200E+01,3.11433E+01,3.11433E+01,2.95200E+01,2.24912E+01,3.11433E+01,2.95200E+01,2.95200E+01,2.95200E+01,3.11433E+01,2.24912E+01,2.95200E+01,3.11433E+01,2.95200E+01,2.95200E+01,1.34801E+01,2.95200E+01,2.95200E+01,3.11433E+01,2.95200E+01,3.11433E+01,2.95200E+01,3.11433E+01,2.95200E+01,3.11433E+01,2.95200E+01,3.11433E+01,2.95200E+01,2.95200E+01,2.95200E+01,9.85290E+00,2.95200E+01,3.11433E+01,2.95200E+01,2.95200E+01,2.95200E+01,2.95200E+01,2.95200E+01,2.95200E+01,2.95200E+01,9.74571E-01,2.95200E+01,3.11433E+01,1.34801E+01,9.89793E-01,2.95200E+01,3.11433E+01,2.95200E+01 
#t = 1.638E+03
2.95200E+01,2.95200E+01,2.95200E+01,3.11433E+01,9.85290E+00,2.95200E+01,1.03816E+01,2.95200E+01,3.11433E+01,2.95200E+01,3.11433E+01,2.95200E+01,2.95200E+01,2.95200E+01,2.95200E+01,2.95200E+01,2.02594E+01,2.95200E+01,3.11433E+01,2.95200E+01,9.86134E-01,2.95200E+01,2.95200E+01,4.99579E+00,2.95200E+01,2.95200E+01,3.11433E+01,2.95200E+01,2.95200E+01,2.95200E+01,3.11433E+01,2.95200E+01,2.95200E+01,3.11433E+01,2.95200E+01 
#t = 1.680E+03
2.95200E+01,2.95200E+01,2.95200E+01,3.11433E+01,3.11433E+01,2.95200E+01,2.95200E+01,2.02594E+01,3.11433E+01,2.95200E+01,2.02594E+01,3.11433E+01,2.95200E+01,2.95200E+01,1.43417E+01,2.02594E+01,2.95200E+01,2.69484E+00,2.95200E+01,2.95200E+01,2.02594E+01,2.95200E+01,3.11433E+01,2.95200E+01,2.02594E+01,2.02594E+01,1.73098E+00,1.70081E+00 
#t = 1.722E+03
2.95200E+01,2.95200E+01,3.11433E+01,2.95200E+01,2.95200E+01,3.11433E+01,2.95200E+01,3.11433E+01,3.11433E+01,2.95200E+01,2.95200E+01,2.95200E+01,2.09951E+01,2.95200E+01,2.95200E+01,2.95200E+01,2.95200E+01,1.08131E+01,3.11433E+01,2.95200E+01,3.11433E+01,2.95200E+01,2.95200E+01,3.11433E+01,5.24706E+00,3.11433E+01,2.95200E+01,2.95200E+01,2.95200E+01,2.95200E+01,2.95200E+01,2.95200E+01,2.95200E+01,2.95200E+01,2.95200E+01,2.95200E+01,9.75221E+00,2.95200E+01,2.95200E+01 
#t = 1.764E+03
3.11433E+01,3.11433E+01,2.95200E+01,3.11433E+01,2.95200E+01,2.95200E+01,2.95200E+01,2.95200E+01,2.95200E+01,2.95200E+01,2.95200E+01,2.95200E+01,2.95200E+01,2.95200E+01,2.95200E+01,2.95200E+01,3.11433E+01,2.95200E+01,2.95200E+01,2.95200E+01,2.95200E+01,2.95200E+01,2.95200E+01,2.95200E+01,2.95200E+01,3.11433E+01,2.95200E+01,7.18328E+00,3.11433E+01,2.95200E+01,3.11433E+01,2.95200E+01,2.95200E+01,2.95200E+01,2.95200E+01,3.18267E+00 
#t = 1.806E+03
2.95200E+01,2.95200E+01,2.95200E+01,2.95200E+01,3.11433E+01,2.95200E+01,2.95200E+01,2.95200E+01,2.95200E+01,3.29621E+01,2.95200E+01,2.95200E+01,2.95200E+01,1.40986E+01,1.40986E+01,2.95200E+01,1.40986E+01,2.95200E+01,2.95200E+01,2.95200E+01,2.95200E+01,2.95200E+01,2.95200E+01,2.95200E+01,2.95200E+01,2.95200E+01,3.29621E+01,2.95200E+01,2.95200E+01,2.95200E+01,6.77763E+00,3.29621E+01,3.29621E+01,2.95200E+01,2.95200E+01 
#t = 1.848E+03
2.95200E+01,2.95200E+01,2.95200E+01,2.95200E+01,3.11433E+01,2.95200E+01,2.95200E+01,2.95200E+01,2.95200E+01,2.95200E+01,2.95200E+01,2.95200E+01,2.95200E+01,1.08008E+01,2.95200E+01,2.95200E+01,2.95200E+01,2.95200E+01,2.95200E+01,2.95200E+01,2.95200E+01,2.95200E+01,2.95200E+01,2.95200E+01,2.95200E+01,2.95200E+01,2.95200E+01,2.95200E+01,2.95200E+01,2.95200E+01,2.95200E+01,2.95200E+01,2.95200E+01,2.95200E+01,2.95200E+01,2.95200E+01,7.89365E+00,2.95200E+01,3.11433E+01,2.95200E+01,2.95200E+01,2.95200E+01,2.95200E+01 
#t = 1.890E+03
2.95200E+01,2.95200E+01,2.95200E+01,2.95200E+01,2.95200E+01,2.95200E+01,2.95200E+01,2.95200E+01,2.95200E+01,2.95200E+01,2.95200E+01,2.95200E+01,2.95200E+01,2.95200E+01,2.95200E+01,2.95200E+01,2.95200E+01,2.95200E+01,2.95200E+01,2.95200E+01,8.59535E+00,2.95200E+01,2.95200E+01,2.95200E+01,2.95200E+01,2.95200E+01,2.95200E+01,2.95200E+01,2.95200E+01,2.95200E+01,2.95200E+01,2.95200E+01,2.95200E+01,2.95200E+01,3.98019E+00,2.95200E+01,2.95200E+01,2.95200E+01,2.95200E+01,2.95200E+01,2.95200E+01,5.56227E+00,2.95200E+01,1.18286E+01 
#t = 1.932E+03
2.95200E+01,2.95200E+01,2.95200E+01,2.95200E+01,1.18286E+01,1.18286E+01,1.18286E+01,2.95200E+01,2.95200E+01,2.95200E+01,2.95200E+01,2.95200E+01,2.95200E+01,2.95200E+01,2.95200E+01,2.95200E+01,2.95200E+01,7.13747E+00,2.95200E+01,9.46210E+00,2.95200E+01,2.95200E+01,2.95200E+01,2.95200E+01,2.95200E+01,2.95200E+01,2.95200E+01,2.95200E+01,2.95200E+01,2.95200E+01,2.95200E+01,5.75251E+00,2.95200E+01,2.95200E+01,2.95200E+01,2.95200E+01,3.06190E+01,2.95200E+01,2.95200E+01,2.95200E+01 
#t = 1.974E+03
2.95200E+01,2.95200E+01,2.95200E+01,2.95200E+01,2.95200E+01,2.95200E+01,2.95200E+01,2.95200E+01,2.95200E+01,2.95200E+01,2.95200E+01,2.95200E+01,2.95200E+01,2.95200E+01,2.95200E+01,2.95200E+01,2.95200E+01,2.95200E+01,2.95200E+01,2.95200E+01,2.95200E+01,2.95200E+01,2.95200E+01,2.95200E+01,3.04278E+00,2.95200E+01,2.95200E+01,2.95200E+01,2.95200E+01,2.69194E+00,2.95200E+01,2.95200E+01,2.95200E+01,2.95200E+01,2.95200E+01,2.95200E+01,2.95200E+01,2.95200E+01,2.95200E+01 
#t = 2.016E+03
2.95200E+01,2.95200E+01,2.95200E+01,2.95200E+01,2.95200E+01,2.95200E+01,2.95200E+01,2.95200E+01,2.95200E+01,2.95200E+01,2.95200E+01,2.95200E+01,2.95200E+01,2.95200E+01,2.95200E+01,2.95200E+01,2.95200E+01,2.95200E+01,2.95200E+01,7.38332E-01,2.95200E+01,2.95200E+01,2.95200E+01,2.95200E+01,2.95200E+01,2.95200E+01,2.95200E+01,2.95200E+01,2.95200E+01,2.95200E+01,2.95200E+01,2.95200E+01 
#t = 2.058E+03
2.95200E+01,2.95200E+01,2.95200E+01,9.88460E+00,2.95200E+01,2.95200E+01,7.46059E+00,2.95200E+01,2.95200E+01,2.95200E+01,2.95200E+01,2.95200E+01,2.95200E+01,2.95200E+01,2.95200E+01,2.95200E+01,2.95200E+01,2.95200E+01,2.95200E+01,2.95200E+01,2.95200E+01,5.42405E-01,2.95200E+01,2.95200E+01,2.95200E+01,4.66853E+00,2.95200E+01,2.95200E+01,1.31788E+00,8.18677E-01 
#t = 2.100E+03
2.95200E+01,2.95200E+01,2.95200E+01,2.95200E+01,2.95200E+01,2.95200E+01,2.95200E+01,2.95200E+01,2.95200E+01,2.95200E+01,2.95200E+01,2.95200E+01,2.95200E+01,2.95200E+01,2.95200E+01,2.95200E+01,2.95200E+01,2.95200E+01,2.95200E+01,1.93220E+01,2.95200E+01,2.95200E+01,2.95200E+01,2.95200E+01,2.95200E+01,2.95200E+01,2.95200E+01,2.95200E+01,3.41287E+00,2.95200E+01,2.95200E+01,2.95200E+01,2.95200E+01,2.95200E+01,2.95200E+01,5.84638E+00,2.95200E+01,2.95200E+01,7.36320E+00,2.95200E+01 
#t = 2.142E+03
2.95200E+01,2.95200E+01,2.95200E+01,2.95200E+01,2.95200E+01,2.95200E+01,2.95200E+01,2.95200E+01,2.95200E+01,2.95200E+01,2.95200E+01,2.95200E+01,2.95200E+01,2.95200E+01,2.95200E+01,2.95200E+01,2.95200E+01,2.95200E+01,2.95200E+01,1.07690E+01,2.95200E+01,7.30558E-01,2.95200E+01,2.95200E+01,2.95200E+01,2.95200E+01,2.14030E+00,2.95200E+01,2.95200E+01,2.95200E+01,2.95200E+01 
#t = 2.184E+03
2.95200E+01,2.95200E+01,2.95200E+01,2.95200E+01,2.95200E+01,2.95200E+01,2.95200E+01,2.95200E+01,2.95200E+01,2.95200E+01,2.95200E+01,2.95200E+01,2.95200E+01,2.95200E+01,2.95200E+01,2.95200E+01,2.95200E+01,2.95200E+01,2.95200E+01,2.95200E+01,2.95200E+01,2.95200E+01,2.95200E+01,2.95200E+01,2.95200E+01,2.95200E+01,2.95200E+01,1.92702E+00,2.95200E+01,2.95200E+01,3.00033E+00,2.95200E+01,2.95200E+01,2.95200E+01,2.95200E+01,2.95200E+01,2.95200E+01,5.35238E+00 
#t = 2.226E+03
2.95200E+01,2.95200E+01,2.95200E+01,2.95200E+01,2.95200E+01,2.95200E+01,2.95200E+01,2.95200E+01,2.95200E+01,2.95200E+01,2.95200E+01,2.95200E+01,1.19115E+01,2.95200E+01,2.95200E+01,2.95200E+01,2.95200E+01,2.95200E+01,2.95200E+01,2.19439E+01,2.95200E+01,2.95200E+01,2.95200E+01,2.95200E+01,2.95200E+01,2.95200E+01,2.95200E+01,1.26555E+01,2.95200E+01,3.92459E+00,2.95200E+01,2.95200E+01,2.95200E+01,2.95200E+01,2.95200E+01,2.95200E+01,2.95200E+01 
#t = 2.268E+03
2.95200E+01,2.95200E+01,1.19115E+01,2.95200E+01,2.95200E+01,2.95200E+01,2.95200E+01,2.95200E+01,2.95200E+01,2.95200E+01,2.95200E+01,2.95200E+01,2.95200E+01,2.95200E+01,2.95200E+01,2.95200E+01,2.95200E+01,2.95200E+01,2.95200E+01,1.69030E+01,2.95200E+01,2.95200E+01,2.95200E+01,2.95200E+01,2.95200E+01,2.95200E+01,2.95200E+01,2.95200E+01,2.95200E+01,2.95200E+01,2.95200E+01 
#t = 2.310E+03
2.95200E+01,2.95200E+01,2.95200E+01,2.95200E+01,2.95200E+01,2.95200E+01,2.95200E+01,2.95200E+01,2.95200E+01,2.95200E+01,2.95200E+01,2.95200E+01,2.95200E+01,1.49206E+01,2.95200E+01,1.49206E+01,2.95200E+01,2.95200E+01,2.95200E+01,2.95200E+01,2.95200E+01,2.95200E+01,2.95200E+01,2.95200E+01,2.95200E+01,2.95200E+01,2.95200E+01,2.95200E+01,1.54324E+00,2.95200E+01,2.95200E+01,2.95200E+01 
#t = 2.352E+03
2.95200E+01,2.95200E+01,2.95200E+01,2.95200E+01,2.95200E+01,2.95200E+01,1.49206E+01,2.95200E+01,2.95200E+01,2.95200E+01,2.95200E+01,2.95200E+01,2.95200E+01,2.95200E+01,2.95200E+01,2.95200E+01,2.95200E+01,2.95200E+01,2.95200E+01,2.95200E+01,2.95200E+01,2.95200E+01,2.95200E+01,2.95200E+01,2.95200E+01,2.95200E+01,2.95200E+01,2.95200E+01,1.20068E+01,2.95200E+01,2.95200E+01,2.95200E+01,2.95200E+01,2.95200E+01,2.95200E+01,2.95200E+01,2.95200E+01 
#t = 2.394E+03
1.49206E+01,2.95200E+01,2.95200E+01,2.95200E+01,2.95200E+01,2.95200E+01,2.95200E+01,2.95200E+01,2.95200E+01,2.95200E+01,2.95200E+01,2.95200E+01,2.95200E+01,2.95200E+01,2.95200E+01,2.95200E+01,2.95200E+01,2.95200E+01,2.95200E+01,1.49206E+01,2.95200E+01,2.95200E+01,2.95200E+01,2.95200E+01,2.95200E+01,2.95200E+01,1.00163E+00,2.95200E+01,2.95200E+01,2.95200E+01,2.95200E+01,5.10385E+00,2.95200E+01,1.06300E+01,2.95200E+01 
#t = 2.436E+03
2.95200E+01,2.95200E+01,2.95200E+01,2.95200E+01,2.95200E+01,2.95200E+01,2.95200E+01,1.49206E+01,2.95200E+01,9.18278E+00,2.95200E+01,2.95200E+01,2.95200E+01,2.95200E+01,2.95200E+01,2.95200E+01,2.95200E+01,2.95200E+01,2.95200E+01,2.95200E+01,2.95200E+01,2.95200E+01,2.95200E+01,2.95200E+01,2.95200E+01,2.95200E+01,6.11648E+00,2.95200E+01,2.95200E+01,2.95200E+01,2.95200E+01,2.95200E+01,2.95200E+01,2.95200E+01,2.95200E+01,2.95200E+01,2.95200E+01 
#t = 2.478E+03
2.95200E+01,2.95200E+01,2.95200E+01,2.95200E+01,2.95200E+01,2.95200E+01,1.17514E+01,2.95200E+01,2.95200E+01,2.95200E+01,2.95200E+01,2.95200E+01,2.95200E+01,2.95200E+01,2.95200E+01,2.95200E+01,2.95200E+01,2.95200E+01,2.95200E+01,2.95200E+01,2.95200E+01,2.95200E+01,2.95200E+01,2.95200E+01,2.95200E+01,1.17514E+01,2.95200E+01,2.95200E+01,3.06678E+00,1.66580E+00,1.75839E+00,2.95200E+01,4.78307E+00,5.44790E+00,1.21121E+00,1.17514E+01,1.13511E+01,2.95200E+01,3.72360E+00 
#t = 2.520E+03
2.95200E+01,2.95200E+01,2.95200E+01,2.95200E+01,2.95200E+01,2.95200E+01,2.95200E+01,2.95200E+01,1.13511E+01,2.95200E+01,2.95200E+01,2.95200E+01,2.95200E+01,2.95200E+01,2.95200E+01,2.95200E+01,1.06010E+01,2.95200E+01,1.13511E+01,2.95200E+01,1.12796E+01,2.95200E+01,2.95200E+01,2.95200E+01,1.13511E+01 
#t = 2.562E+03
2.95200E+01,2.95200E+01,2.95200E+01,1.83241E+01,1.83241E+01,2.95200E+01,2.95200E+01,2.95200E+01,2.95200E+01,1.13511E+01,1.13410E+01,1.12796E+01,2.95200E+01,2.95200E+01,1.12796E+01,2.95200E+01,2.95200E+01,2.95200E+01,2.95200E+01,1.83241E+01,2.95200E+01,3.39296E+01,2.95200E+01,2.95200E+01,2.95200E+01,2.95200E+01,2.95200E+01,2.95200E+01,5.67304E+00,2.95200E+01,2.95200E+01,4.77850E+00,4.36784E+00,3.39296E+01,2.95200E+01,1.86808E+00,2.95200E+01,2.95200E+01,1.12796E+01,5.40891E-01 
#t = 2.604E+03
1.83241E+01,2.95200E+01,2.95200E+01,2.95200E+01,1.46325E+01,2.95200E+01,3.39296E+01,1.24646E+01,2.95200E+01,2.95200E+01,3.39296E+01,4.60993E+00,3.39296E+01,2.95200E+01,3.39296E+01,1.83241E+01,2.95200E+01,1.83241E+01,2.95200E+01,2.95200E+01,2.95200E+01,3.39296E+01,2.95200E+01,3.39296E+01,4.25475E+00,1.46325E+01,1.46325E+01,2.95200E+01,2.95200E+01,9.08962E+00 
#t = 2.646E+03
3.39296E+01,2.95200E+01,3.39296E+01,2.95200E+01,2.95200E+01,1.83241E+01,8.09066E+00,3.39296E+01,8.23778E+00,2.95200E+01,3.39296E+01,2.95200E+01,2.95200E+01,2.95200E+01,2.95200E+01,3.39296E+01,2.95200E+01,2.95200E+01,2.95200E+01,2.95200E+01,2.95200E+01,1.48148E+00,3.39296E+01,3.39296E+01,2.95200E+01,3.39296E+01,5.80497E+00,2.95200E+01,2.95200E+01,2.95200E+01,2.95200E+01,3.39296E+01,2.95200E+01 
#t = 2.688E+03
3.39296E+01,3.39296E+01,2.95200E+01,2.95200E+01,3.39296E+01,3.39296E+01,3.39296E+01,3.39296E+01,3.39296E+01,2.95200E+01,2.95200E+01,1.29858E+01,2.95200E+01,3.39296E+01,2.95200E+01,2.95200E+01,2.95200E+01,2.95200E+01,3.39296E+01,2.95200E+01,8.27852E+00,2.95200E+01,2.95200E+01,3.39296E+01,2.95200E+01,3.39296E+01,2.95200E+01,2.95200E+01,2.95200E+01,2.95200E+01,3.39296E+01,4.93897E+00,3.39296E+01,2.95200E+01,2.95200E+01,2.95200E+01,2.95200E+01 
#t = 2.730E+03
3.39296E+01,3.39296E+01,2.95200E+01,2.95200E+01,3.39296E+01,3.39296E+01,1.59812E+01,3.39296E+01,1.12847E+01,2.95200E+01,3.39296E+01,3.39296E+01,3.39296E+01,8.53196E+00,2.95200E+01,3.39296E+01,3.39296E+01,2.95200E+01,2.95200E+01,3.39296E+01,2.95200E+01,3.39296E+01,3.39296E+01,1.12847E+01,3.39296E+01,3.39296E+01,2.95200E+01,3.39296E+01,3.39296E+01,3.39296E+01,1.59812E+01,3.39296E+01,5.88014E-01,3.39296E+01,1.59812E+01,8.15446E+00,3.39296E+01 
#t = 2.772E+03
1.12847E+01,3.39296E+01,3.39296E+01,1.59812E+01,8.15446E+00,1.12847E+01,3.39296E+01,3.39296E+01,3.39296E+01,3.39296E+01,3.39296E+01,3.39296E+01,3.39296E+01,2.95200E+01,3.39296E+01,3.39296E+01,3.39296E+01,3.39296E+01,3.39296E+01,3.39296E+01,3.39296E+01,3.39296E+01,3.39296E+01,3.39296E+01,1.59812E+01,3.39296E+01,2.38794E+00,2.58803E+00,3.39296E+01,1.59812E+01,3.39296E+01,1.59812E+01,3.39296E+01,1.59812E+01,3.39296E+01,3.39296E+01,3.39296E+01,3.39296E+01,3.39296E+01,1.59812E+01,3.39296E+01,3.39296E+01,3.39296E+01,3.39296E+01 
#t = 2.814E+03
3.39296E+01,3.39296E+01,3.39296E+01,3.39296E+01,3.39296E+01,3.39296E+01,3.39296E+01,1.59812E+01,3.39296E+01,3.39296E+01,3.39296E+01,1.59812E+01,3.39296E+01,1.59812E+01,3.39296E+01,6.39301E+00,3.39296E+01,3.39296E+01,3.39296E+01,3.39296E+01,3.39296E+01,3.39296E+01,3.39296E+01,3.39296E+01,3.39296E+01,3.39296E+01,3.39296E+01,1.74250E+00,1.59812E+01,3.39296E+01,3.39296E+01,1.59812E+01,9.77594E-01,2.14267E+00,3.39296E+01,3.39296E+01 
#t = 2.856E+03
3.39296E+01,3.39296E+01,3.39296E+01,2.09918E+01,1.59812E+01,1.59812E+01,3.39296E+01,1.59812E+01,6.23884E+00,3.39296E+01,3.39296E+01,3.39296E+01,3.39296E+01,3.39296E+01,1.59812E+01,3.39296E+01,3.39296E+01,2.09918E+01,3.39296E+01,3.39296E+01,3.39296E+01,3.39296E+01,3.39296E+01,3.39296E+01,1.76878E+00,3.39296E+01,3.39296E+01,1.59812E+01,3.39296E+01,3.39296E+01,3.39296E+01,1.59812E+01,4.33524E-01,3.39296E+01,8.37420E+00,1.59812E+01,5.95899E-01,1.59812E+01,1.20321E+00 
#t = 2.898E+03
3.39296E+01,3.39296E+01,1.59812E+01,3.39296E+01,3.39296E+01,1.59812E+01,3.39296E+01,3.39296E+01,1.59812E+01,3.39296E+01,3.39296E+01,1.59812E+01,2.09918E+01,1.59812E+01,3.39296E+01,5.85256E+00,3.39296E+01,3.39296E+01,3.39296E+01,3.39296E+01,3.39296E+01,3.39296E+01,3.39296E+01,3.39296E+01,3.39296E+01,3.39296E+01,1.59812E+01,3.39296E+01,6.29954E+00,8.30547E+00,3.39296E+01,1.59812E+01,1.59812E+01,3.39296E+01,3.39296E+01,1.59812E+01,1.59812E+01,3.39296E+01 
#t = 2.940E+03
2.09918E+01,3.39296E+01,1.59812E+01,3.39296E+01,3.39296E+01,3.39296E+01,3.39296E+01,3.39296E+01,3.39296E+01,3.39296E+01,3.39296E+01,3.39296E+01,3.39296E+01,2.94458E+01,3.39296E+01,3.39296E+01,3.39296E+01,3.39296E+01,3.39296E+01,3.39296E+01,3.39296E+01,3.39296E+01,5.44658E+00,3.39296E+01,3.39296E+01,3.39296E+01,3.39296E+01,2.20995E-01,3.39296E+01,3.39296E+01,3.39296E+01,3.39296E+01,1.99711E+00,6.34221E+00 
#t = 2.982E+03
3.39296E+01,3.39296E+01,3.39296E+01,3.39296E+01,3.39296E+01,3.39296E+01,3.39296E+01,3.39296E+01,3.39296E+01,3.39296E+01,3.39296E+01,3.39296E+01,3.39296E+01,3.39296E+01,3.39296E+01,3.39296E+01,3.39296E+01,3.39296E+01,3.39296E+01,3.39296E+01,3.39296E+01,3.39296E+01,3.39296E+01,3.39296E+01,3.39296E+01,3.39296E+01,3.39296E+01,3.39296E+01,1.57933E+01,3.39296E+01,3.39296E+01,3.39296E+01,4.19071E+00,4.48580E+00,3.48992E+00,3.39296E+01,3.39296E+01,3.39296E+01,3.39296E+01 
#t = 3.024E+03
3.39296E+01,3.39296E+01,3.39296E+01,3.39296E+01,3.39296E+01,1.57933E+01,3.39296E+01,3.39296E+01,1.81820E+01,3.39296E+01,3.39296E+01,3.39296E+01,3.39296E+01,3.39296E+01,3.39296E+01,3.39296E+01,1.81820E+01,3.39296E+01,3.39296E+01,3.39296E+01,3.39296E+01,3.39296E+01,3.39296E+01,3.12121E+00,1.81820E+01,3.39296E+01,3.39296E+01,3.18919E+00,1.51479E+00,3.39296E+01,3.39296E+01,3.39296E+01 
#t = 3.066E+03
3.39296E+01,3.39296E+01,3.39296E+01,3.39296E+01,1.57933E+01,3.39296E+01,3.39296E+01,3.39296E+01,3.39296E+01,3.39296E+01,1.81820E+01,3.39296E+01,3.39296E+01,3.39296E+01,3.39296E+01,3.39296E+01,3.39296E+01,3.39296E+01,1.57933E+01,3.39296E+01,3.39296E+01,3.39296E+01,9.05615E+00,3.39296E+01,3.39296E+01,3.39296E+01,3.39296E+01,3.39296E+01,3.39296E+01,3.39296E+01,3.39296E+01,1.80509E+00,3.39296E+01,3.39296E+01,3.39296E+01,3.39296E+01,3.39296E+01,3.39296E+01,3.39296E+01,3.39296E+01,3.39296E+01,1.57933E+01 
#t = 3.108E+03
3.39296E+01,1.57933E+01,3.39296E+01,1.57933E+01,3.39296E+01,3.39296E+01,3.39296E+01,3.39296E+01,3.39296E+01,3.39296E+01,3.39296E+01,3.39296E+01,3.39296E+01,3.39296E+01,3.39296E+01,3.39296E+01,3.39296E+01,3.39296E+01,3.39296E+01,3.39296E+01,3.39296E+01,3.39296E+01,1.81820E+01,3.39296E+01,3.39296E+01,3.39296E+01,3.39296E+01,3.39296E+01,3.39296E+01,3.39296E+01,3.39296E+01,3.39296E+01,3.39296E+01,1.81820E+01,1.57933E+01,5.60530E+00,3.39296E+01,3.39296E+01,1.57933E+01,6.10807E-01,3.39296E+01,3.39296E+01,3.09017E+00,3.39296E+01 
#t = 3.150E+03
1.57933E+01,3.39296E+01,3.39296E+01,3.39296E+01,3.39296E+01,3.39296E+01,3.39296E+01,3.39296E+01,1.57933E+01,1.57933E+01,3.39296E+01,1.57933E+01,1.57933E+01,3.39296E+01,3.39296E+01,3.39296E+01,3.39296E+01,3.39296E+01,1.57933E+01,3.39296E+01,3.39296E+01,3.39296E+01,3.39296E+01,3.39296E+01,3.39296E+01,3.39296E+01,3.39296E+01,3.39296E+01,6.90840E+00,1.57933E+01,3.39296E+01,3.39296E+01,3.39296E+01,3.39296E+01,3.39296E+01,1.57933E+01,4.85354E+00,1.05265E+01 
#t = 3.192E+03
3.39296E+01,3.39296E+01,1.57933E+01,3.39296E+01,3.39296E+01,1.05265E+01,3.39296E+01,3.39296E+01,3.39296E+01,3.39296E+01,3.39296E+01,3.39296E+01,3.39296E+01,3.39296E+01,3.39296E+01,3.39296E+01,3.39296E+01,1.57933E+01,3.39296E+01,1.57933E+01,3.39296E+01,1.57933E+01,3.39296E+01,4.74468E+00,3.39296E+01,1.57933E+01,1.76217E+00,3.39296E+01,3.39296E+01,3.39296E+01,1.02425E+00,1.57933E+01,3.39296E+01,3.39296E+01,3.39296E+01,3.39296E+01,2.01721E+00,1.96315E+00,3.39296E+01 
#t = 3.234E+03
3.39296E+01,3.39296E+01,3.39296E+01,3.39296E+01,3.39296E+01,1.57933E+01,1.57933E+01,3.39296E+01,3.39296E+01,3.39296E+01,1.57933E+01,3.39296E+01,1.57933E+01,1.57933E+01,3.39296E+01,3.39296E+01,3.39296E+01,3.39296E+01,1.57933E+01,1.22458E+01,3.39296E+01,3.39296E+01,3.39296E+01,1.57933E+01,3.39296E+01,3.39296E+01,3.39296E+01,3.39296E+01,3.39296E+01,3.39296E+01,3.39296E+01,1.57933E+01,1.22458E+01,1.57933E+01,1.57933E+01,3.39296E+01,3.39296E+01,1.57933E+01 
#t = 3.276E+03
1.57933E+01,1.57933E+01,3.39296E+01,1.57933E+01,3.39296E+01,3.39296E+01,3.39296E+01,3.39296E+01,1.57933E+01,3.39296E+01,1.57933E+01,5.22178E+00,3.39296E+01,1.57933E+01,3.39296E+01,3.39296E+01,1.57933E+01,5.77332E+00,1.57933E+01,1.57933E+01,3.39296E+01,3.39296E+01,3.10468E+01,3.39296E+01,3.39296E+01,3.39296E+01,1.57933E+01,1.57933E+01,3.39296E+01,1.57933E+01,1.57933E+01,3.39296E+01,3.39296E+01,3.39296E+01,3.39296E+01,1.57933E+01,1.16405E+01,3.39296E+01,3.39296E+01,3.11481E+00,1.57933E+01,3.39296E+01,3.39296E+01,1.57933E+01,3.39296E+01,3.39296E+01,3.39296E+01 
#t = 3.318E+03
3.39296E+01,1.57933E+01,3.39296E+01,3.39296E+01,1.16405E+01,3.39296E+01,1.57933E+01,3.39296E+01,1.57933E+01,1.57933E+01,1.57933E+01,3.39296E+01,3.39296E+01,3.39296E+01,1.57933E+01,3.39296E+01,1.57933E+01,1.57933E+01,3.39296E+01,3.39296E+01,1.57933E+01,3.39296E+01,3.39296E+01,1.57933E+01,3.39296E+01,1.57933E+01,1.21227E+01,3.39296E+01,1.21227E+01,3.39296E+01,3.39296E+01,3.39296E+01,3.39296E+01,3.39296E+01,1.57933E+01,3.39296E+01,1.57933E+01,3.39296E+01,3.39296E+01,3.39296E+01,3.39296E+01,3.39019E+00,3.39296E+01,3.39296E+01 
#t = 3.360E+03
3.39296E+01,3.39296E+01,1.21227E+01,1.21227E+01,3.39296E+01,3.39296E+01,3.39296E+01,3.39296E+01,8.94820E+00,3.39296E+01,3.39296E+01,3.39296E+01,1.21227E+01,3.39296E+01,3.39296E+01,3.39296E+01,1.57933E+01,3.39296E+01,1.57933E+01,5.39687E+00,3.39296E+01,1.18813E+01,3.39296E+01,3.39296E+01,3.39296E+01,3.39296E+01,3.39296E+01,3.39296E+01,3.39296E+01,3.39296E+01,3.39296E+01,4.39152E+00,3.39296E+01,3.39296E+01 
#t = 3.402E+03
3.39296E+01,1.18813E+01,1.57933E+01,3.39296E+01,3.39296E+01,3.39296E+01,3.39296E+01,3.39296E+01,3.39296E+01,1.57933E+01,3.39296E+01,3.39296E+01,3.39296E+01,3.39296E+01,3.39296E+01,3.39296E+01,3.39296E+01,1.21227E+01,3.39296E+01,1.18813E+01,3.39296E+01,3.39296E+01,3.39296E+01,3.39296E+01,3.39296E+01,1.06246E+00,3.39296E+01,6.48407E-01 
#t = 3.444E+03
3.39296E+01,3.39296E+01,3.39296E+01,3.39296E+01,3.39296E+01,3.39296E+01,3.39296E+01,3.39296E+01,3.39296E+01,3.39296E+01,3.39296E+01,3.39296E+01,3.39296E+01,3.39296E+01,3.39296E+01,3.39296E+01,3.39296E+01,8.58764E+00,1.57933E+01,3.39296E+01,3.39296E+01,3.39296E+01,9.28514E+00,3.39296E+01,3.39296E+01,3.39296E+01,3.39296E+01,3.39296E+01,3.39296E+01,3.39296E+01,1.57933E+01,3.39296E+01,5.22176E+00,3.39296E+01,3.39296E+01,3.39296E+01,3.39296E+01 
#t = 3.486E+03
3.39296E+01,3.39296E+01,8.58764E+00,3.39296E+01,1.57933E+01,3.39296E+01,3.39296E+01,1.45793E+01,1.45793E+01,3.39296E+01,3.39296E+01,3.39296E+01,1.25665E+01,3.39296E+01,3.39296E+01,3.39296E+01,3.39296E+01,3.39296E+01,1.25665E+01,6.18728E+00,3.39296E+01,3.39296E+01,1.57933E+01,3.39296E+01,3.39296E+01,3.39296E+01,3.39296E+01,9.41863E+00,3.39296E+01,3.39296E+01,3.39296E+01,3.39296E+01,3.39296E+01,1.57933E+01,3.39296E+01,3.39296E+01,3.39296E+01,1.57933E+01,3.39296E+01,1.57933E+01,3.39296E+01,1.25665E+01,1.57933E+01,3.39296E+01,3.39296E+01,4.92538E+00,3.39296E+01,1.98309E+01,3.39296E+01,7.56054E+00,3.39296E+01,1.41570E+00 
#t = 3.528E+03
3.39296E+01,3.39296E+01,3.39296E+01,3.39296E+01,3.39296E+01,1.57933E+01,3.39296E+01,1.02752E+01,3.39296E+01,3.39296E+01,3.39296E+01,3.39296E+01,3.39296E+01,3.39296E+01,3.39296E+01,1.47459E+01,1.25665E+01,3.39296E+01,3.39296E+01,3.39296E+01,3.39296E+01,3.39296E+01,3.39296E+01,3.39296E+01,3.39296E+01,1.57933E+01,3.39296E+01,1.57933E+01,3.39296E+01,3.39296E+01,3.39296E+01,1.57933E+01,3.39296E+01,3.39296E+01,3.39296E+01,1.47459E+01,1.57933E+01,3.39296E+01,3.39296E+01,3.39296E+01,3.39296E+01,3.39296E+01,3.39296E+01,3.39296E+01,3.39296E+01,6.24615E-01,3.39296E+01,3.39296E+01 
#t = 3.570E+03
3.39296E+01,3.39296E+01,3.39296E+01,3.39296E+01,3.39296E+01,3.39296E+01,3.39296E+01,3.39296E+01,3.39296E+01,3.39296E+01,3.39296E+01,1.07746E+01,3.39296E+01,3.39296E+01,3.39296E+01,1.21006E+01,3.39296E+01,3.36645E+00,3.39296E+01,3.39296E+01,3.39296E+01,3.33059E+00,3.39296E+01,1.45100E+00 
#t = 3.612E+03
3.39296E+01,1.21006E+01,3.39296E+01,3.39296E+01,3.39296E+01,3.39296E+01,3.39296E+01,3.39296E+01,3.39296E+01,1.21006E+01,1.21006E+01,3.39296E+01,3.39296E+01,7.42434E+00,3.39296E+01,3.39296E+01,3.39296E+01,3.39296E+01,3.39296E+01,3.39296E+01,5.35101E+00,3.39296E+01,3.39296E+01,3.39296E+01,3.39296E+01,1.21006E+01 
#t = 3.654E+03
3.39296E+01,3.39296E+01,3.39296E+01,3.39296E+01,3.39296E+01,9.06724E+00,3.39296E+01,3.39296E+01,3.39296E+01,3.39296E+01,3.39296E+01,3.39296E+01,3.39296E+01,3.39296E+01,3.39296E+01,3.39296E+01,3.39296E+01,1.65743E+01,3.39296E+01,1.65743E+01,3.39296E+01,3.39296E+01,3.39296E+01,1.70152E+00,3.39296E+01,3.39296E+01,2.57420E+00,3.39296E+01,3.39296E+01,3.39296E+01,1.87726E+00,3.39296E+01,3.39296E+01 
#t = 3.696E+03
3.39296E+01,3.39296E+01,3.39296E+01,3.39296E+01,3.39296E+01,3.39296E+01,3.39296E+01,3.39296E+01,3.39296E+01,3.39296E+01,3.39296E+01,3.39296E+01,3.39296E+01,3.39296E+01,3.39296E+01,3.39296E+01,3.39296E+01,3.39296E+01,3.39296E+01,3.39296E+01,3.39296E+01,3.39296E+01,3.39296E+01,3.39296E+01,3.39296E+01,2.30762E+00,3.39296E+01,3.39296E+01,3.39296E+01 
#t = 3.738E+03
3.39296E+01,3.39296E+01,3.39296E+01,3.39296E+01,3.39296E+01,2.26568E+01,1.07157E+01,8.16218E+00,3.39296E+01,3.39296E+01,3.39296E+01,3.39296E+01,5.51083E+00,3.39296E+01,3.39296E+01,2.26568E+01,2.26568E+01,3.39296E+01,2.26568E+01,3.39296E+01,3.39296E+01,3.39296E+01,1.07157E+01,6.64103E+00,3.39296E+01,2.48115E-01,2.26568E+01,3.39296E+01,3.39296E+01,2.26568E+01,4.68098E-01,7.77145E-01,3.39296E+01 
#t = 3.780E+03
3.39296E+01,3.39296E+01,3.39296E+01,2.26568E+01,3.39296E+01,2.26568E+01,3.39296E+01,3.39296E+01,2.26568E+01,3.39296E+01,3.39296E+01,3.39296E+01,2.26568E+01,2.26568E+01,3.39296E+01,3.39296E+01,3.39296E+01,2.26568E+01,3.39296E+01,3.39296E+01,3.39296E+01,3.39296E+01,2.80353E+00,3.39296E+01,3.39296E+01,3.39296E+01,3.39296E+01,3.39296E+01,3.39296E+01,1.14458E+00 
#t = 3.822E+03
3.39296E+01,3.39296E+01,3.39296E+01,3.39296E+01,3.39296E+01,3.39296E+01,3.39296E+01,3.39296E+01,3.39296E+01,2.26568E+01,2.26568E+01,3.39296E+01,3.39296E+01,3.39296E+01,3.39296E+01,3.39296E+01,3.39296E+01,2.26568E+01,3.39296E+01,2.26568E+01,2.26568E+01,3.39296E+01,3.39296E+01,2.26568E+01,3.39296E+01,3.39296E+01,1.72149E+01,1.72149E+01,9.58261E-01,3.39296E+01,3.39296E+01,3.39296E+01,3.39296E+01,3.39296E+01,6.76141E-01,3.39296E+01,3.39296E+01,2.87155E+00,2.26568E+01,3.39296E+01 
#t = 3.864E+03
3.39296E+01,3.39296E+01,3.39296E+01,2.26568E+01,3.39296E+01,3.39296E+01,3.39296E+01,3.39296E+01,3.39296E+01,2.26568E+01,9.02767E+00,3.39296E+01,2.26568E+01,3.39296E+01,3.39296E+01,3.39296E+01,2.26568E+01,3.39296E+01,3.39296E+01,3.39296E+01,3.39296E+01,3.39296E+01,3.39296E+01,3.39296E+01,2.26568E+01,3.39296E+01,3.39296E+01,3.39296E+01,3.39296E+01,3.39296E+01,3.39296E+01,3.39296E+01,3.39296E+01,3.39296E+01,3.39296E+01,2.48812E+00,3.39296E+01,2.26568E+01,3.39296E+01,3.39296E+01,3.39296E+01 
#t = 3.906E+03
3.39296E+01,3.39296E+01,3.39296E+01,2.26568E+01,3.39296E+01,3.39296E+01,3.39296E+01,3.39296E+01,3.39296E+01,3.39296E+01,3.39296E+01,3.39296E+01,3.39296E+01,3.39296E+01,3.39296E+01,3.39296E+01,3.39296E+01,3.39296E+01,3.39296E+01,3.39296E+01,3.39296E+01,3.39296E+01,3.39296E+01,8.15190E+00,3.39296E+01,3.39296E+01,2.26568E+01,3.39296E+01,3.39296E+01,3.39296E+01,3.39296E+01,2.26568E+01,3.39296E+01,2.26568E+01,5.40874E+00,3.55126E+00,2.98152E+00,3.39296E+01,1.29685E+00 
#t = 3.948E+03
3.39296E+01,2.26568E+01,2.26568E+01,3.39296E+01,2.26568E+01,3.39296E+01,3.39296E+01,3.39296E+01,2.26568E+01,3.39296E+01,2.26568E+01,3.39296E+01,3.39296E+01,3.39296E+01,3.39296E+01,3.39296E+01,3.39296E+01,3.39296E+01,3.39296E+01,3.39296E+01,3.39296E+01,3.39296E+01,3.39296E+01,2.26568E+01,3.39296E+01,2.26568E+01,3.39296E+01,2.26568E+01,2.26568E+01,3.39296E+01,8.49704E-01,2.37274E+00,2.73666E+00,3.39296E+01,2.26568E+01,2.26568E+01,3.39296E+01,1.72877E+00,2.63841E+00 
#t = 3.990E+03
3.39296E+01,3.39296E+01,3.39296E+01,2.26568E+01,3.39296E+01,3.39296E+01,3.39296E+01,3.39296E+01,3.39296E+01,3.39296E+01,3.39296E+01,3.39296E+01,1.01688E+01,3.39296E+01,3.39296E+01,2.26568E+01,3.39296E+01,3.39296E+01,3.39296E+01,3.39296E+01,3.39296E+01,3.39296E+01,3.39296E+01,3.39296E+01,3.39296E+01,3.39296E+01,3.39296E+01,3.39296E+01,3.39296E+01,3.39296E+01,3.39296E+01,3.39296E+01,3.39296E+01,3.39296E+01,3.39296E+01,3.39296E+01,3.39296E+01,3.39296E+01 
#t = 4.032E+03
3.39296E+01,3.39296E+01,3.39296E+01,3.39296E+01,3.39296E+01,3.39296E+01,3.39296E+01,3.39296E+01,3.39296E+01,3.39296E+01,3.39296E+01,3.39296E+01,3.39296E+01,3.39296E+01,3.39296E+01,3.39296E+01,3.39296E+01,3.39296E+01,3.39296E+01,3.39296E+01,3.39296E+01,3.39296E+01,3.39296E+01,3.39296E+01,3.39296E+01,3.39296E+01,3.39296E+01,3.39296E+01,3.39296E+01,3.39296E+01,3.39296E+01,6.86630E+00,3.39296E+01,1.01370E+00,3.00396E+00,3.39296E+01,1.14540E+00,3.39296E+01 
#t = 4.074E+03
3.39296E+01,3.39296E+01,3.39296E+01,3.39296E+01,3.39296E+01,3.39296E+01,3.39296E+01,3.39296E+01,3.39296E+01,3.39296E+01,3.39296E+01,3.39296E+01,3.39296E+01,3.39296E+01,3.39296E+01,3.39296E+01,3.39296E+01,3.39296E+01,3.39296E+01,3.39296E+01,3.39296E+01,3.39296E+01,3.39296E+01,3.39296E+01,4.72037E+00,1.35033E+01,3.39296E+01,3.39296E+01,3.39296E+01,3.39296E+01,3.39296E+01,2.38842E+00,3.39296E+01,3.39296E+01,3.39296E+01,3.39296E+01,3.39296E+01,3.39296E+01,3.39296E+01,3.39296E+01,3.39296E+01,3.39296E+01,3.39296E+01,3.39296E+01,3.39296E+01,3.39296E+01,3.39296E+01,3.39296E+01 
#t = 4.116E+03
3.39296E+01,3.39296E+01,3.39296E+01,3.39296E+01,3.39296E+01,3.39296E+01,3.39296E+01,3.39296E+01,3.39296E+01,3.39296E+01,3.39296E+01,3.39296E+01,3.39296E+01,6.52459E+00,3.39296E+01,3.39296E+01,3.39296E+01,3.39296E+01,3.39296E+01,3.39296E+01,3.39296E+01,3.39296E+01,3.39296E+01,1.74476E+00,3.39296E+01,3.39296E+01,3.39296E+01,3.37961E+00,3.39296E+01,3.39296E+01,3.39296E+01,3.39296E+01,3.39296E+01,3.39296E+01,3.39296E+01,3.39296E+01,3.39296E+01,3.39296E+01,3.39296E+01,1.42429E+00,3.39296E+01,3.39296E+01,3.39296E+01,3.39296E+01,3.39296E+01,1.14677E+00 
#t = 4.158E+03
3.39296E+01,3.39296E+01,3.39296E+01,3.39296E+01,3.39296E+01,3.39296E+01,3.39296E+01,3.39296E+01,3.39296E+01,3.39296E+01,3.39296E+01,3.39296E+01,3.39296E+01,3.39296E+01,3.39296E+01,3.39296E+01,3.39296E+01,3.39296E+01,3.39296E+01,3.39296E+01,3.39296E+01,3.39296E+01,3.39296E+01,3.39296E+01,3.39296E+01,3.39296E+01,3.39296E+01,3.39296E+01,3.39296E+01,3.39296E+01,3.39296E+01,5.81557E+00,3.39296E+01,3.39296E+01,3.39296E+01,3.39296E+01,3.39296E+01,3.39296E+01,3.39296E+01,3.39296E+01,3.39296E+01,3.39296E+01,3.39296E+01,6.35209E-01,3.39296E+01,3.39296E+01,1.14826E+00,3.39296E+01,3.39296E+01,3.39296E+01 
#t = 4.200E+03
3.39296E+01,3.39296E+01,3.39296E+01,3.39296E+01,3.39296E+01,3.39296E+01,3.39296E+01,3.39296E+01,3.39296E+01,3.39296E+01,3.39296E+01,3.39296E+01,3.39296E+01,3.39296E+01,3.39296E+01,3.39296E+01,3.39296E+01,3.39296E+01,3.39296E+01,3.39296E+01,3.39296E+01,3.39296E+01,3.39296E+01,3.39296E+01,3.39296E+01,3.39296E+01,3.39296E+01,3.39296E+01,3.39296E+01,3.39296E+01,3.39296E+01,1.63170E+01,3.39296E+01,3.47487E+00,3.39296E+01,3.39296E+01,3.39296E+01,3.39296E+01,3.39296E+01,3.39296E+01,3.39296E+01,4.32151E-01,3.39296E+01,2.33923E-01 
