#t = 0.000E+00
1.70659E+00,2.37159E+00,2.36146E+00,1.76087E+00,5.81554E+00 
#t = 4.200E+01
2.98232E+00 
#t = 8.400E+01
6.59416E+00,3.04309E+00,3.49281E+00 
#t = 1.260E+02
1.03904E+01,4.52444E+00,4.92323E+00,4.17094E+00,2.58025E+00 
#t = 1.680E+02
5.95103E+00,8.55329E+00,1.52514E+00,5.73035E+00,2.26372E+00,1.55614E+00,2.88754E+00 
#t = 2.100E+02
8.71104E+00,1.89129E+00,1.44060E+00 
#t = 2.520E+02
1.01114E+01,7.69732E+00,9.80297E-01,2.81670E+00,2.47413E+00,1.73449E+00 
#t = 2.940E+02
2.04037E+00,1.08292E+01,2.83295E+00 
#t = 3.360E+02
1.08292E+01,5.68156E+00,1.28802E+01,1.95707E+00,1.08292E+01 
#t = 3.780E+02
6.28996E+00,3.47783E+00,7.11733E+00 
#t = 4.200E+02
1.12087E+01,2.39722E+00,1.72366E+00 
#t = 4.620E+02
1.61877E+00,5.92435E+00 
#t = 5.040E+02
8.72005E+00,3.35949E+00,3.39927E+00 
#t = 5.460E+02
2.02854E+00,6.86269E+00,5.34020E+00,2.92383E+00,3.36860E+00 
#t = 5.880E+02
4.16453E+00,5.56658E+00 
#t = 6.300E+02
1.10195E+00,4.26031E+00,2.31728E+00 
#t = 6.720E+02
4.46558E+00,4.33609E+00 
#t = 7.140E+02
9.30468E+00,5.94220E+00,1.20527E+00 
#t = 7.560E+02
3.47339E+00,1.95452E+00,2.84240E+00 
#t = 7.980E+02
8.18749E+00,4.87827E+00,2.21309E+00,9.56967E-01 
#t = 8.400E+02
5.40880E+00,1.47427E+00,4.21181E+00,6.11197E+00,1.41900E+00,1.33377E+00,5.02451E+00 
#t = 8.820E+02
8.70410E+00,1.46256E+00,4.76523E+00,2.80903E+00,1.09461E+00 
#t = 9.240E+02
1.20718E+01,1.88987E+00 
#t = 9.660E+02
1.20718E+01,1.20718E+01,7.36061E+00,3.57478E+00,3.68267E+00,1.20718E+01,1.74130E+00,1.73010E+00 
#t = 1.008E+03
1.62072E+00,4.07132E+00,4.45459E+00 
#t = 1.050E+03
3.25481E+00,3.66268E+00,3.44905E+00 
#t = 1.092E+03
3.90193E+00 
#t = 1.134E+03
2.69603E+00,2.59323E+00,3.14567E+00 
#t = 1.176E+03
4.35891E+00,3.76768E+00,2.79228E+00 
#t = 1.218E+03
-9.99900E+03
#t = 1.260E+03
6.25641E+00,2.98999E+00,1.60851E+00 
#t = 1.302E+03
1.03837E+01,1.03837E+01,5.93714E+00,4.86842E+00,1.50934E+00,4.10652E+00 
#t = 1.344E+03
6.32363E+00,2.79641E+00,6.36562E+00,2.51329E+00,1.25830E+00,3.67013E+00 
#t = 1.386E+03
2.86272E+00,1.91411E+00 
#t = 1.428E+03
1.37721E+01,2.95193E+00,1.43213E+00,1.57668E+00,3.29748E+00 
#t = 1.470E+03
1.37721E+01,1.10135E+01,1.37721E+01,3.95803E+00 
#t = 1.512E+03
4.33581E+00,2.38967E+00,3.69564E+00,3.12588E+00,3.32409E+00 
#t = 1.554E+03
4.11012E+00,2.52235E+00,7.97906E-01,4.08714E+00,2.87938E+00 
#t = 1.596E+03
2.08260E+01,5.74856E+00,1.50144E+00 
#t = 1.638E+03
2.73577E+00,2.97921E+00,5.03824E+00,4.83703E+00 
#t = 1.680E+03
6.56072E+00,7.49541E-01,2.84488E+00 
#t = 1.722E+03
2.06457E+00,4.52892E+00,2.20731E+00 
#t = 1.764E+03
9.82076E+00,2.10817E+00 
#t = 1.806E+03
4.86093E+00 
#t = 1.848E+03
3.78855E+00 
#t = 1.890E+03
1.03377E+01,5.11332E+00,5.83810E+00 
#t = 1.932E+03
4.88261E+00,2.22326E+00 
#t = 1.974E+03
-9.99900E+03
#t = 2.016E+03
7.91565E+00,2.72409E+00,3.42540E+00,1.56802E+00,1.73135E+00 
#t = 2.058E+03
3.90997E+00,2.75790E+00,2.93698E+00,5.69925E+00,6.41633E+00 
#t = 2.100E+03
4.72174E+00,5.17146E+00,1.74795E+00 
#t = 2.142E+03
1.39826E+01,5.18615E+00,1.75672E+00 
#t = 2.184E+03
1.39826E+01,1.39826E+01,5.35207E+00,3.01316E+00,1.39826E+01,1.39826E+01,1.39826E+01,2.27745E+00 
#t = 2.226E+03
1.39826E+01,1.39826E+01,1.39826E+01,1.39826E+01,3.06107E+00,1.39826E+01,4.29577E+00,1.39826E+01 
#t = 2.268E+03
1.39826E+01,1.39826E+01,6.53860E+00,1.39826E+01,1.39826E+01,1.39826E+01,3.92602E+00,4.01132E+00,7.69617E+00 
#t = 2.310E+03
6.53860E+00 
#t = 2.352E+03
2.64739E+00,2.35204E+00,6.96216E+00,2.62353E+00 
#t = 2.394E+03
3.03826E+00,3.83329E+00,2.56798E+00,1.69320E+00 
#t = 2.436E+03
8.18780E+00,7.12954E+00,2.00407E+00,1.99989E+00,1.79983E+00 
#t = 2.478E+03
8.18780E+00,2.97506E+00,2.87249E+00,1.97594E+00,5.84880E+00 
#t = 2.520E+03
1.75216E+00 
#t = 2.562E+03
2.21756E+00,1.19015E+00,1.84743E+00,5.46597E+00,3.32074E+00,9.93744E-01 
#t = 2.604E+03
3.80506E+00,4.45516E+00,9.33801E+00,8.47858E-01,1.08946E+00,1.13985E+00,1.48816E+00 
#t = 2.646E+03
5.82133E+00,1.18153E+01,8.03816E+00,1.82596E+00,4.08617E+00 
#t = 2.688E+03
7.86633E+00,2.33888E+00,2.42754E+00,5.72537E-01,1.86376E+00,4.51221E+00,1.68670E+00 
#t = 2.730E+03
-9.99900E+03
#t = 2.772E+03
4.91966E+00,1.24921E+01,3.58913E+00,3.82044E+00,3.21693E+00 
#t = 2.814E+03
1.24921E+01,9.98390E+00,3.24941E+00,3.18307E+00,3.78216E+00,2.03993E+00 
#t = 2.856E+03
4.49055E+00,2.59119E+00,2.52514E+00,5.34739E+00,3.72032E+00,3.99282E+00 
#t = 2.898E+03
6.36838E+00,6.28219E+00,4.99384E+00,1.84842E+00,4.03942E+00 
#t = 2.940E+03
2.53216E+00 
#t = 2.982E+03
8.39976E+00,2.16931E+00,2.54414E+00,1.60829E+00 
#t = 3.024E+03
2.12260E+00,7.66374E+00,3.93237E+00,1.85088E+00,4.09225E+00 
#t = 3.066E+03
7.44142E+00,3.81831E+00,1.77806E+00 
#t = 3.108E+03
4.58909E+00,1.45018E+00 
#t = 3.150E+03
-9.99900E+03
#t = 3.192E+03
5.66189E+00,9.02920E+00,2.91993E+00,1.83458E+00 
#t = 3.234E+03
2.19267E+00,6.69410E+00,3.36363E+00 
#t = 3.276E+03
4.34676E+00,3.19777E+00,2.91961E+00,1.31540E+00 
#t = 3.318E+03
9.84941E+00,5.24713E+00,1.76661E+00,4.06489E+00,5.04617E+00 
#t = 3.360E+03
3.36319E+00,3.72810E+00 
#t = 3.402E+03
4.46193E+00,4.63038E+00,3.47147E+00,2.61519E+00,3.49141E+00 
#t = 3.444E+03
1.00300E+01,5.18316E+00,3.67027E+00 
#t = 3.486E+03
7.38778E+00,5.02239E+00,2.23089E+00,2.83086E+00 
#t = 3.528E+03
7.26232E+00,4.33840E+00,5.35720E+00,3.01487E+00,4.55240E+00,3.62967E+00,1.53459E+00,3.37921E+00,3.83853E+00 
#t = 3.570E+03
-9.99900E+03
#t = 3.612E+03
6.19683E+00 
#t = 3.654E+03
3.48709E+00,3.82874E+00 
#t = 3.696E+03
8.54166E+00,8.18217E+00,4.84905E+00 
#t = 3.738E+03
8.54166E+00,6.49876E+00,2.48968E+00,2.47483E+00 
#t = 3.780E+03
3.36257E+00,2.65293E+00,3.38810E+00,1.25771E+00 
#t = 3.822E+03
2.98478E+00,2.15625E+00,1.55061E+00,4.26690E+00 
#t = 3.864E+03
6.82410E+00,2.85437E+00,2.23290E+00,8.37765E+00,5.96947E+00 
#t = 3.906E+03
8.37765E+00,1.08989E+01,2.18154E+00,1.65333E+00,2.20169E+00 
#t = 3.948E+03
8.37765E+00,8.93226E+00,3.23831E+00,2.02578E+00,1.78424E+00 
#t = 3.990E+03
2.14303E+00,7.09549E+00,2.10402E+00 
#t = 4.032E+03
4.68976E+00,4.64336E+00,3.50407E+00 
#t = 4.074E+03
3.03298E+00,4.09328E+00,3.38477E+00,7.03148E+00,4.75371E+00,1.75518E+00 
#t = 4.116E+03
1.01654E+01,3.77736E+00,5.96420E+00,6.08445E+00,2.34161E+00 
#t = 4.158E+03
6.99834E+00,2.51942E+00,3.07165E+00,3.05432E+00,7.62535E+00,3.34101E+00 
#t = 4.200E+03
2.57356E+00,1.09325E+00,7.08546E+00,1.07628E+00 
