#t = 0.000E+00
5.03660E+00,6.79061E+00,3.55860E+00,2.53939E+00,2.28736E+00 
#t = 4.200E+01
4.79058E+00,2.16328E+00,2.39694E+00 
#t = 8.400E+01
7.51881E+00 
#t = 1.260E+02
9.30428E+00,1.38014E+00,4.33373E+00 
#t = 1.680E+02
3.07880E+00,4.55682E+00,2.25320E+00 
#t = 2.100E+02
2.62875E+00,2.91248E+00,2.38898E+00,1.72006E+00 
#t = 2.520E+02
3.13451E+00 
#t = 2.940E+02
6.84557E+00,6.30464E+00 
#t = 3.360E+02
7.02028E+00,3.51526E+00,2.18209E+00,2.49859E+00,9.07001E+00,4.92236E+00,3.13874E+00 
#t = 3.780E+02
2.63101E+00,1.41525E+00,3.44181E+00,2.82187E+00,1.18260E+00,6.42820E+00 
#t = 4.200E+02
1.22126E+01,7.39146E+00,5.88513E+00,7.07242E+00,1.84457E+00,1.44938E+00 
#t = 4.620E+02
7.07242E+00,4.04495E+00,1.49520E+00 
#t = 5.040E+02
3.50807E+00,4.41461E+00,4.13909E+00,2.20237E+00,6.04331E+00,5.82861E+00,1.70299E+00,3.68898E+00,7.82938E-01 
#t = 5.460E+02
1.71268E+01,1.71268E+01 
#t = 5.880E+02
1.27992E+00,1.95142E+00 
#t = 6.300E+02
7.74821E+00,4.98948E+00,4.32593E+00,1.16236E+00 
#t = 6.720E+02
4.85731E+00,2.67097E+00,4.27882E+00,1.33811E+00 
#t = 7.140E+02
8.57610E+00 
#t = 7.560E+02
8.57610E+00,8.71856E+00,2.66729E+00,2.15304E+00 
#t = 7.980E+02
1.49829E+01,6.39404E+00,5.15068E+00,4.41116E+00 
#t = 8.400E+02
8.14166E+00,7.82154E+00,7.67381E+00,7.04021E+00,8.28304E+00 
#t = 8.820E+02
8.14166E+00,3.45387E+00,6.48094E+00,5.33627E+00,8.34511E+00,7.57602E-01,2.61795E+00,3.71234E+00 
#t = 9.240E+02
1.00186E+01,9.42858E+00,3.03234E+00 
#t = 9.660E+02
8.21799E+00,3.53176E+00,3.09490E+00,1.60467E+00 
#t = 1.008E+03
-9.99900E+03
#t = 1.050E+03
2.85479E+00,2.95860E+00,4.60354E+00,2.50974E+00 
#t = 1.092E+03
2.15503E+00 
#t = 1.134E+03
4.89512E+00,3.71029E+00,2.31353E+00 
#t = 1.176E+03
2.97957E+00,2.73839E+00,4.65220E+00,6.45747E+00,7.84087E-01 
#t = 1.218E+03
4.00425E+00,1.17742E+00 
#t = 1.260E+03
7.74409E+00,2.34379E+00,3.87808E+00,5.34143E+00,1.79097E+00 
#t = 1.302E+03
1.85780E+00,3.51138E+00,1.28741E+00,1.45769E+00,1.77239E+00,1.79296E+00 
#t = 1.344E+03
3.21735E+00,2.58304E+00,4.01586E+00,7.60365E+00 
#t = 1.386E+03
4.47383E+00,3.59114E+00 
#t = 1.428E+03
2.70543E+00,3.43862E+00 
#t = 1.470E+03
4.48890E+00,6.06326E+00,2.30946E+00,3.47838E+00 
#t = 1.512E+03
3.91658E+00,5.22708E+00,3.68121E+00,2.93735E+00 
#t = 1.554E+03
5.07274E+00,4.68760E+00,2.11193E+00,5.55014E+00,4.48069E+00,4.39326E+00 
#t = 1.596E+03
6.58017E+00,3.41762E+00 
#t = 1.638E+03
5.40346E+00,5.29594E+00,4.33806E+00,3.64718E+00,9.02719E-01 
#t = 1.680E+03
7.21250E+00,4.18435E+00,8.53061E-01,1.46894E+00 
#t = 1.722E+03
4.01520E+00,4.22860E+00,3.95237E+00,3.61445E+00 
#t = 1.764E+03
1.41179E+01,1.90737E+00,1.63351E+00,3.24250E+00,2.14171E+00 
#t = 1.806E+03
1.41179E+01,1.41179E+01,1.41179E+01,6.01374E+00,1.98665E+01,1.98665E+01,1.98665E+01,1.86280E+00,6.15729E+00,6.24832E+00,2.74708E+00 
#t = 1.848E+03
1.98665E+01,1.98665E+01,1.98665E+01,1.98665E+01,1.98665E+01,1.98665E+01,1.98665E+01,1.98665E+01,5.66166E+00 
#t = 1.890E+03
1.98665E+01,1.98665E+01,8.99174E+00 
#t = 1.932E+03
4.00181E+00,5.80942E+00,4.20764E+00 
#t = 1.974E+03
4.36215E+00,2.54578E+00,6.17929E+00,1.85419E+00,2.82854E+00 
#t = 2.016E+03
9.02847E+00,5.69478E+00,1.09357E+00 
#t = 2.058E+03
5.58089E+00,3.43521E+00 
#t = 2.100E+03
2.65724E+00,8.32222E+00,5.21816E+00 
#t = 2.142E+03
1.29338E+00,2.72528E+00,5.94617E+00,3.24629E+00,2.12792E+00,2.38522E+00,8.58001E+00,1.69731E+00,3.05329E+00 
#t = 2.184E+03
9.43599E+00,1.70970E+00,1.41690E+00,3.18182E+00,3.13815E+00,2.68600E+00,1.37585E+00 
#t = 2.226E+03
8.23737E+00,9.50606E+00,2.39105E+00,3.50125E+00,3.84469E+00,2.43269E+00,2.02496E+00 
#t = 2.268E+03
1.41226E+00,4.90809E+00,2.83628E+00,3.44424E+00 
#t = 2.310E+03
2.57658E+00,1.99593E+00 
#t = 2.352E+03
1.32773E+00,3.15906E+00,4.94181E+00,1.38953E+00,6.67078E-01,8.23611E-01,1.94690E+00,2.66528E+00 
#t = 2.394E+03
3.33925E+00,9.23220E-01 
#t = 2.436E+03
6.95656E+00,9.10975E+00,5.83338E+00,4.09690E+00,3.40035E+00 
#t = 2.478E+03
6.45161E+00,1.35559E+00,4.76305E+00,1.61210E+00 
#t = 2.520E+03
3.73742E+00,7.42918E+00,1.18028E+00 
#t = 2.562E+03
8.49493E+00,3.83929E+00,2.96010E+00,1.40376E+00 
#t = 2.604E+03
6.96392E+00,6.39725E+00,4.99621E+00,4.28999E+00 
#t = 2.646E+03
2.42191E+00,2.28414E+00 
#t = 2.688E+03
8.39573E+00,4.12239E+00,1.95750E+00,5.04402E+00,1.46200E+00,3.18067E+00 
#t = 2.730E+03
6.11309E+00,4.85240E+00,1.74413E+00,1.89658E+00 
#t = 2.772E+03
3.72607E+00,7.54090E+00,5.64881E+00,2.89365E+00 
#t = 2.814E+03
8.94651E+00,5.02930E+00,4.34926E+00,5.77894E+00,1.07651E+01,1.24414E+01,2.33373E+00 
#t = 2.856E+03
1.24414E+01,1.24414E+01,6.46510E+00,4.17910E+00,1.24414E+01,4.66636E+00,1.24414E+01,2.06911E+00,2.95289E+00 
#t = 2.898E+03
9.76582E+00,1.77079E+00 
#t = 2.940E+03
1.37406E+01,1.37406E+01,3.98124E+00,2.64990E+00 
#t = 2.982E+03
1.37406E+01,1.61183E+01,1.61183E+01,7.97678E+00,4.96301E+00,2.33163E+00,6.05621E+00,4.68434E+00,3.73306E+00 
#t = 3.024E+03
1.61183E+01,2.35687E+00,1.61183E+01,5.92479E+00,1.61183E+01,3.17737E+00 
#t = 3.066E+03
6.99826E+00,1.73267E+00 
#t = 3.108E+03
6.09614E+00,1.55784E+00,6.18991E+00,1.55290E+00,6.42754E+00 
#t = 3.150E+03
3.38688E+00,2.65224E+00 
#t = 3.192E+03
1.10934E+01,5.46574E+00,3.85816E+00,2.63573E+00,4.58934E+00,5.97392E+00,1.62799E+00,2.51641E+00 
#t = 3.234E+03
4.09519E+00,5.12619E+00,3.46646E+00 
#t = 3.276E+03
4.48750E+00,8.03891E+00,4.30408E+00 
#t = 3.318E+03
6.50392E+00,7.06978E+00,5.38340E+00,6.24383E+00,2.95848E+00,3.98895E+00 
#t = 3.360E+03
4.75311E+00,5.00528E+00,1.04343E+01,2.10498E+00 
#t = 3.402E+03
3.24970E+00,8.81388E+00,1.72243E+00 
#t = 3.444E+03
8.81388E+00,2.90808E+00,1.60718E+00 
#t = 3.486E+03
6.38574E+00,4.67142E+00,2.54200E+00 
#t = 3.528E+03
4.01306E+00,1.30031E+00,2.64628E+00 
#t = 3.570E+03
6.42658E+00,6.90003E+00,1.15529E+00,4.00746E+00,7.47585E+00 
#t = 3.612E+03
1.96716E+00,1.28199E+00,7.46503E+00,1.27054E+00 
#t = 3.654E+03
3.63022E+00,1.07514E+01,3.26083E+00,5.71644E+00 
#t = 3.696E+03
3.27938E+00,5.09451E+00,2.40629E+00 
#t = 3.738E+03
6.38663E+00,3.32417E+00 
#t = 3.780E+03
1.07715E+01,3.97400E+00,6.57546E+00,8.55156E+00,1.30569E+01,2.30312E+00 
#t = 3.822E+03
1.06169E+01,4.09706E+00 
#t = 3.864E+03
4.90345E+00,5.01028E+00,7.66547E+00,1.73299E+00 
#t = 3.906E+03
1.53191E+00,3.89254E+00,3.50577E+00 
#t = 3.948E+03
1.34828E+01,4.13972E+00,7.05806E+00,1.85999E+00 
#t = 3.990E+03
5.21509E+00,1.34828E+01,1.34828E+01,1.34828E+01,1.34828E+01,1.34828E+01,3.30007E+00,1.34828E+01,1.34828E+01,1.34828E+01,1.34828E+01,2.77098E+00 
#t = 4.032E+03
1.34828E+01,1.34828E+01,1.34828E+01,1.34828E+01,1.34828E+01,1.34828E+01,1.34828E+01,1.34828E+01,1.34828E+01,1.34828E+01,2.42776E+00,5.38028E+00,1.34828E+01 
#t = 4.074E+03
1.34828E+01,1.34828E+01,1.34828E+01,1.34828E+01,1.34828E+01,5.65456E+00,1.34828E+01,3.37086E+00,1.82924E+00,1.34828E+01,3.88086E+00,3.25639E+00 
#t = 4.116E+03
1.34828E+01,1.34828E+01,1.34828E+01,1.06100E+01,1.34828E+01,9.57090E+00,6.52788E+00,7.97568E+00,1.06100E+01,2.61349E+00 
#t = 4.158E+03
1.34828E+01,9.57090E+00,1.06100E+01,1.06100E+01,1.34828E+01,1.05574E+01,1.34828E+01,1.05574E+01,2.73614E+00,1.34828E+01,1.34828E+01,1.05574E+01,1.34828E+01,1.05574E+01 
#t = 4.200E+03
1.34828E+01,1.34828E+01,1.06100E+01,3.61300E+00,4.10391E+00,1.91259E+00 
