#t = 0.000E+00
1.02383E+01,1.65951E+00,3.16397E+00,1.32676E+00,1.98583E+00 
#t = 4.200E+01
2.51674E+00,4.74599E+00 
#t = 8.400E+01
7.90798E+00,1.58070E+00,3.34065E+00 
#t = 1.260E+02
2.30754E+00,4.18177E+00,4.84702E+00 
#t = 1.680E+02
8.59018E+00,2.10839E+00,3.71517E+00,1.43673E+00 
#t = 2.100E+02
2.12541E+00,5.20404E+00 
#t = 2.520E+02
2.43602E+00,1.03937E+00,4.72609E+00,2.38650E+00,3.27057E+00,9.45866E-01 
#t = 2.940E+02
1.12210E+01,1.12210E+01,3.83884E+00 
#t = 3.360E+02
1.12210E+01,7.43666E+00,1.12210E+01,1.67564E+00 
#t = 3.780E+02
7.01170E+00,1.12657E+01,1.12657E+01,1.12657E+01,2.02609E+00,3.24976E+00 
#t = 4.200E+02
1.12657E+01,5.48939E+00,7.56034E-01 
#t = 4.620E+02
5.50880E+00 
#t = 5.040E+02
4.80278E+00,2.11475E+00,8.12577E+00,3.56797E+00 
#t = 5.460E+02
5.13863E+00,2.93301E+00,2.50939E+00,3.14321E+00,3.27752E+00,8.03064E+00 
#t = 5.880E+02
3.78613E+00,2.70060E+00,5.43830E+00,1.05492E+00,3.57396E+00,1.41575E+00 
#t = 6.300E+02
4.07153E+00,2.17340E+00,1.73101E+00,4.57840E+00 
#t = 6.720E+02
5.19147E+00,3.86729E+00,2.74975E+00 
#t = 7.140E+02
4.78370E+00 
#t = 7.560E+02
6.07575E+00,1.06268E+00,4.73100E+00,2.96293E+00,8.05442E+00,3.98523E+00,1.32218E+00 
#t = 7.980E+02
6.54665E+00,1.48517E+00,3.84224E+00,2.14325E+00,2.76956E+00 
#t = 8.400E+02
1.12861E+01,1.12861E+01,2.06461E+00 
#t = 8.820E+02
5.18725E+00,6.75389E+00,4.08255E+00 
#t = 9.240E+02
5.05526E+00 
#t = 9.660E+02
3.42533E+00,4.17891E+00 
#t = 1.008E+03
2.46370E+00,5.48756E+00,1.49707E+00,3.64576E+00,3.05864E+00,3.19448E+00,2.87083E+00 
#t = 1.050E+03
5.59579E+00 
#t = 1.092E+03
4.36563E+00,5.46010E+00,1.04597E+01 
#t = 1.134E+03
-9.99900E+03
#t = 1.176E+03
5.17635E+00,1.61157E+00,4.00703E+00,4.72487E+00,1.33922E+00 
#t = 1.218E+03
6.90786E+00,3.11833E+00,3.68209E+00 
#t = 1.260E+03
4.56517E+00,3.84564E+00,4.96618E+00 
#t = 1.302E+03
4.55089E+00,6.86136E+00,1.13553E+00,2.16066E+00,6.82036E+00,2.45716E+00,4.70606E+00 
#t = 1.344E+03
4.00645E+00,9.70172E+00,4.77998E+00,5.34792E+00,3.52899E+00 
#t = 1.386E+03
8.99825E+00,4.94726E+00,3.08569E+00,7.94141E+00,3.00920E+00,1.56709E+00,8.60776E+00,1.28930E+00,1.58574E+00 
#t = 1.428E+03
6.35485E+00,5.36168E+00,4.78023E+00,6.90496E+00,2.47414E+00 
#t = 1.470E+03
2.94169E+00,2.33577E+00 
#t = 1.512E+03
6.86259E+00,2.74022E+00,3.51714E+00,6.55374E+00,2.86418E+00 
#t = 1.554E+03
2.36774E+00,1.18084E+00,4.66075E+00 
#t = 1.596E+03
9.54036E+00,2.60068E+00,6.48245E+00,4.47761E+00 
#t = 1.638E+03
8.35072E+00,7.61637E+00,8.25858E-01,1.72630E+00,5.42976E+00,3.56670E+00 
#t = 1.680E+03
1.99189E+00,2.51339E+00,1.47965E+00,2.93669E+00 
#t = 1.722E+03
6.30401E+00,9.65873E+00,3.90028E+00,2.38889E+00,1.26495E+00 
#t = 1.764E+03
4.48368E+00,5.27027E+00,4.34599E+00,9.45114E+00,2.23359E+00,4.11270E+00 
#t = 1.806E+03
6.09328E+00 
#t = 1.848E+03
1.85669E+00 
#t = 1.890E+03
1.00104E+01,2.89145E+00,5.94530E+00,1.67546E+00,1.01802E+00 
#t = 1.932E+03
3.79950E+00 
#t = 1.974E+03
8.01530E+00,2.12809E+00,4.89112E+00,1.37585E+00,5.89093E+00 
#t = 2.016E+03
4.38115E+00,2.29245E+00 
#t = 2.058E+03
8.81809E+00,4.55871E+00,1.62602E+00 
#t = 2.100E+03
1.12400E+01,4.09324E+00,9.50456E+00,1.12400E+01,2.59153E+00 
#t = 2.142E+03
5.27298E+00,7.81772E+00,1.47309E+00 
#t = 2.184E+03
6.19850E+00,1.28598E+00 
#t = 2.226E+03
8.93039E+00,4.13936E+00,6.54031E+00,3.13229E+00,5.73391E+00,9.32463E+00,3.77354E+00,2.17738E+00 
#t = 2.268E+03
5.61104E+00,1.43162E+00 
#t = 2.310E+03
1.97040E+00,4.57808E+00,1.59484E+00,4.16746E+00 
#t = 2.352E+03
2.53974E+00,2.86782E+00 
#t = 2.394E+03
1.28890E+01,4.81472E+00,1.28890E+01,8.53265E+00,1.02988E+00,2.85517E+00,5.13495E+00,3.11254E+00,2.97089E+00,5.05945E+00,1.60848E+00 
#t = 2.436E+03
-9.99900E+03
#t = 2.478E+03
5.20054E+00,1.04779E+01,6.40728E+00,4.39396E+00,1.22840E+00 
#t = 2.520E+03
3.15904E+00,1.76505E+00 
#t = 2.562E+03
6.36946E+00,2.55598E+00,1.94123E+00 
#t = 2.604E+03
7.67290E+00 
#t = 2.646E+03
8.97595E-01,2.83229E+00,2.10236E+00 
#t = 2.688E+03
1.31620E+00,2.59286E+00 
#t = 2.730E+03
6.63171E+00,5.75925E+00,5.83884E+00,3.37029E+00,2.55853E+00,3.09816E+00,3.81334E+00 
#t = 2.772E+03
8.19595E+00,8.85062E+00,7.12893E+00,9.69083E-01,2.02380E+00 
#t = 2.814E+03
6.46977E+00,2.55809E+00,1.04002E+01,1.80950E+00 
#t = 2.856E+03
1.04002E+01,4.08916E+00 
#t = 2.898E+03
1.04002E+01,5.09067E+00,1.00781E+01,4.28986E+00,7.09726E+00,2.90207E+00 
#t = 2.940E+03
7.95396E+00,9.83211E+00,2.30065E+00,6.67163E+00,1.83369E+00,3.13500E+00 
#t = 2.982E+03
1.41423E+00,9.52572E-01 
#t = 3.024E+03
8.77741E+00,1.32401E+00,2.38615E+00,2.69514E+00 
#t = 3.066E+03
6.43700E+00,1.64766E+00,2.46560E+00,3.04599E+00,5.01396E+00,1.73595E+00 
#t = 3.108E+03
1.48328E+00,6.66101E+00 
#t = 3.150E+03
-9.99900E+03
#t = 3.192E+03
5.84225E+00,7.33486E+00,2.90947E+00 
#t = 3.234E+03
2.18158E+01,2.18158E+01,2.18158E+01,2.18158E+01,1.51639E+00,7.48783E+00,2.18158E+01,8.77900E+00 
#t = 3.276E+03
2.18158E+01,2.18158E+01,2.18158E+01,2.18158E+01,2.18158E+01,6.33843E+00,5.70646E+00,2.18158E+01,2.18158E+01,4.56316E+00,1.88932E+00,1.26392E+00,2.18158E+01,3.01339E+00 
#t = 3.318E+03
2.18158E+01,2.18158E+01,2.18158E+01,2.18158E+01,2.18158E+01,2.18158E+01,2.18158E+01,3.47951E+00 
#t = 3.360E+03
2.18158E+01,2.18158E+01,2.18158E+01,2.18158E+01,2.18158E+01,2.18158E+01,2.18158E+01,2.18158E+01,2.18158E+01,2.18158E+01,2.18158E+01,2.18158E+01,2.18158E+01,2.18158E+01,2.18158E+01,2.18158E+01,3.43914E+00,2.18158E+01,2.18158E+01,2.18158E+01 
#t = 3.402E+03
2.18158E+01,2.18158E+01,2.18158E+01,2.18158E+01,8.44691E+00,2.18158E+01,2.18158E+01,2.18158E+01,1.36586E+01,1.36586E+01,2.18158E+01,2.18158E+01,2.18158E+01,7.02957E+00,2.18158E+01,2.18158E+01,2.18158E+01,2.18158E+01,2.18158E+01,5.08517E+00,2.18158E+01,2.18158E+01,1.36586E+01,2.18158E+01,6.86063E+00,2.18158E+01,2.18158E+01 
#t = 3.444E+03
2.18158E+01,2.18158E+01,1.36586E+01,2.18158E+01,2.18158E+01,2.18158E+01,1.36586E+01,1.36586E+01,2.18158E+01,1.36586E+01,2.18158E+01,2.18158E+01,5.30592E+00,4.14090E+00,2.18158E+01,2.18158E+01,5.55229E+00,2.18158E+01,2.38312E+00,2.18158E+01,1.36586E+01,2.18158E+01,2.18158E+01,1.30287E+00,2.18158E+01,1.36586E+01 
#t = 3.486E+03
1.36586E+01,2.18158E+01,2.18158E+01,2.18158E+01,2.18158E+01,2.18158E+01,7.26143E+00,1.36586E+01,1.36586E+01,2.18158E+01,2.18158E+01,2.18158E+01,2.18158E+01,2.18158E+01,2.18158E+01,2.18158E+01,2.88014E+00,2.18158E+01,2.18158E+01,2.18158E+01,1.36586E+01,2.18158E+01,2.18158E+01,6.72351E+00 
#t = 3.528E+03
2.18158E+01,2.18158E+01,2.18158E+01,2.18158E+01,6.62201E+00,2.18158E+01,2.18158E+01,1.50447E+01,2.18158E+01,2.18158E+01,2.18158E+01,2.18158E+01,1.05110E+00,1.32312E+00,2.79441E+00 
#t = 3.570E+03
2.18158E+01,2.18158E+01,2.18158E+01,2.18158E+01,2.18158E+01,2.18158E+01,2.18158E+01,2.18158E+01,2.18158E+01,2.18158E+01,2.18158E+01,2.18158E+01,3.88463E+00,2.18158E+01,2.18158E+01,2.80074E+00,2.18158E+01,2.18158E+01,2.18158E+01,3.85128E+00,1.29715E+00,2.18158E+01,2.18158E+01 
#t = 3.612E+03
2.18158E+01,2.18158E+01,1.17397E+01,2.18158E+01,2.18158E+01,2.18158E+01,2.65392E+00,2.18158E+01,4.32369E+00,2.18158E+01,4.83944E+00,7.55823E+00,1.36017E+00 
#t = 3.654E+03
2.18158E+01,1.17397E+01,2.18158E+01,2.18158E+01,1.12587E+00,4.90909E-01,5.14846E+00,5.98987E+00,2.18158E+01,2.18158E+01,5.53053E+00,2.41583E+00,2.18158E+01,2.19667E+00,2.67522E+00,6.39922E+00,2.18158E+01 
#t = 3.696E+03
2.18158E+01,2.18158E+01,1.17397E+01,2.18158E+01,1.06061E+01,2.18158E+01,2.18158E+01,4.14156E+00,1.06061E+01,2.18158E+01,1.35260E+01,3.65671E+00 
#t = 3.738E+03
1.17397E+01,1.06061E+01,2.18158E+01,1.62444E+00 
#t = 3.780E+03
8.35177E+00,9.22045E+00,1.25252E+00 
#t = 3.822E+03
1.01778E+01,1.74595E+00,3.22253E+00 
#t = 3.864E+03
1.07463E+01,2.56030E+00,7.99077E+00,2.34672E+00 
#t = 3.906E+03
3.48042E+00,1.57386E+00,3.03427E+00 
#t = 3.948E+03
7.27482E+00,2.97009E+00 
#t = 3.990E+03
5.12462E+00,1.12111E+01,4.16350E+00,1.48613E+00,3.65192E+00,1.04111E+00 
#t = 4.032E+03
2.35982E+00,3.65188E+00 
#t = 4.074E+03
4.33465E+00 
#t = 4.116E+03
2.88241E+00,2.69804E+00 
#t = 4.158E+03
8.89601E-01,1.02292E+00,9.58801E-01,2.88497E+00 
#t = 4.200E+03
8.39306E+00,8.83308E+00,5.81385E+00,1.31582E+00 
