#t = 0.000E+00
3.42393E+00,6.07112E+00,2.67531E+00,4.30327E+00,5.43666E+00 
#t = 4.201E+01
3.96516E+00,2.26814E+00,3.62235E+00 
#t = 8.401E+01
2.16794E+00,3.28860E+00,6.62298E+00 
#t = 1.260E+02
5.27977E+00 
#t = 1.680E+02
3.95416E+00,9.46365E-01,1.55468E+00 
#t = 2.100E+02
9.66245E+00,1.08066E+01,3.71652E+00,8.37804E+00,6.42633E+00,1.08066E+01,2.12514E+00,1.81582E+00 
#t = 2.520E+02
2.10760E+00 
#t = 2.940E+02
3.37760E+00,3.19149E+00,3.51876E+00 
#t = 3.360E+02
3.88739E+00,2.80516E+00 
#t = 3.780E+02
2.67406E+00 
#t = 4.200E+02
5.56945E+00,3.55849E+00,5.01171E+00,5.31357E+00,3.32376E+00 
#t = 4.620E+02
9.50989E+00,5.48955E+00,4.05624E+00 
#t = 5.040E+02
1.30024E+00,5.15516E+00 
#t = 5.460E+02
7.01565E+00,2.28316E+00 
#t = 5.880E+02
4.35197E+00,3.64469E+00,2.39726E+00,2.01707E+00 
#t = 6.300E+02
4.40782E+00,4.33587E+00,4.24221E+00,3.77235E+00 
#t = 6.720E+02
9.93110E+00,2.62883E+00 
#t = 7.140E+02
5.65149E+00,9.41693E+00,1.87947E+00,2.17922E+00 
#t = 7.560E+02
9.41693E+00,1.10597E+01,2.68994E+00,5.98059E+00,1.10597E+01,4.85106E+00,8.16365E+00 
#t = 7.980E+02
5.01529E+00,8.76730E-01,2.20983E+00,2.01280E+00 
#t = 8.400E+02
6.15014E+00,6.57397E+00,6.15295E+00,2.08544E+00,2.62321E+00 
#t = 8.820E+02
2.75974E+00,2.45808E+00 
#t = 9.240E+02
2.67142E+00 
#t = 9.660E+02
2.37360E+00,4.71113E+00,1.83609E+00 
#t = 1.008E+03
5.38044E+00 
#t = 1.050E+03
1.13261E+00,6.01546E+00,2.31944E+00,4.83178E+00,2.74731E+00 
#t = 1.092E+03
1.39569E+01,6.13313E+00,1.39569E+01,3.85373E+00,2.35761E+00,5.89742E+00,3.38978E+00 
#t = 1.134E+03
1.39569E+01,1.87760E+00,4.01530E+00 
#t = 1.176E+03
6.88108E+00,4.29752E+00,7.78888E+00 
#t = 1.218E+03
5.36210E+00,2.85054E+00 
#t = 1.260E+03
9.08556E+00,5.03869E+00,2.41169E+00 
#t = 1.302E+03
3.99521E+00,1.81505E+00,2.33970E+00 
#t = 1.344E+03
3.97311E+00,5.48261E+00 
#t = 1.386E+03
1.75139E+01,6.28503E+00,1.75139E+01 
#t = 1.428E+03
1.75139E+01,1.75139E+01,1.75139E+01,1.75139E+01,4.22222E+00,1.75139E+01,4.08087E+00,1.75139E+01,2.49916E+00,2.83568E+00,1.75139E+01 
#t = 1.470E+03
1.75139E+01,4.21638E+00,4.10915E+00,1.75139E+01,1.75139E+01 
#t = 1.512E+03
1.39015E+00,4.56123E+00,5.26427E+00 
#t = 1.554E+03
1.28536E+01,3.36286E+00 
#t = 1.596E+03
1.28536E+01,2.86539E+00 
#t = 1.638E+03
8.57940E+00,8.89813E+00,5.08665E+00 
#t = 1.680E+03
4.40745E+00,3.34772E+00,7.29495E-01,1.77142E+00 
#t = 1.722E+03
3.16413E+00,2.62262E+00,4.71664E+00 
#t = 1.764E+03
2.31090E+00,2.57685E+00,5.30254E+00,3.17243E+00,1.99283E+00 
#t = 1.806E+03
2.02423E+00,3.42680E+00,2.98138E+00 
#t = 1.848E+03
6.65081E+00,3.19905E+00 
#t = 1.890E+03
-9.99900E+03
#t = 1.932E+03
6.61680E+00,1.31331E+00 
#t = 1.974E+03
3.79071E+00,1.73284E+00,2.78897E+00,1.99131E+00,3.17382E+00,5.77666E+00 
#t = 2.016E+03
5.94365E+00,3.92210E+00,2.72790E+00 
#t = 2.058E+03
7.73719E+00,6.76075E+00,5.95091E+00 
#t = 2.100E+03
6.69165E+00,2.98507E+00 
#t = 2.142E+03
6.19038E+00,6.52324E+00,5.17041E+00,1.35348E+01,2.77590E+00,1.39520E+01,1.32172E+00,1.39520E+01,4.93315E+00,7.33716E+00 
#t = 2.184E+03
1.39520E+01,1.39520E+01,1.39520E+01,9.91119E+00,1.35348E+01,1.39520E+01,1.39520E+01,1.39520E+01,1.35348E+01,9.29071E+00,5.95792E+00,1.39520E+01,1.39520E+01,6.34830E-01,3.09617E+00 
#t = 2.226E+03
1.39520E+01,1.39520E+01,8.95967E+00,1.39520E+01,1.39520E+01,1.39520E+01,1.39520E+01,1.39520E+01,7.41294E+00,1.39520E+01,5.16969E+00,1.39520E+01 
#t = 2.268E+03
1.39520E+01,1.39520E+01,1.39520E+01,1.39520E+01,8.38834E+00,1.39520E+01,1.39520E+01,1.63530E+00,7.49394E+00,2.63992E+00,2.49814E+00,1.39520E+01 
#t = 2.310E+03
1.39520E+01,1.39520E+01,1.39520E+01,1.39520E+01,1.39520E+01,1.39520E+01,5.09371E+00,2.61873E+00 
#t = 2.352E+03
1.39520E+01,1.39520E+01,1.39520E+01,1.39520E+01,1.92225E+00,8.37361E-01 
#t = 2.394E+03
-9.99900E+03
#t = 2.436E+03
9.58663E+00,1.53915E+00,3.62409E+00,1.18210E+00 
#t = 2.478E+03
8.22240E+00,1.17092E+01,8.48744E+00 
#t = 2.520E+03
1.09478E+00,2.71971E+00,2.20995E+00,1.89743E+00,1.11139E+00 
#t = 2.562E+03
9.33590E+00,1.59383E+00 
#t = 2.604E+03
3.15113E+00,6.11774E+00 
#t = 2.646E+03
8.03841E+00,1.78909E+00,4.30429E+00 
#t = 2.688E+03
6.64473E+00,1.32753E+00 
#t = 2.730E+03
9.95301E+00,9.42916E+00,4.60553E+00 
#t = 2.772E+03
9.95301E+00,6.50820E+00,4.16073E+00 
#t = 2.814E+03
2.92297E+00 
#t = 2.856E+03
4.71773E+00,7.14704E-01,3.97062E+00 
#t = 2.898E+03
3.55836E+00,1.59237E+00,6.91389E+00,8.24456E+00,3.25129E+00 
#t = 2.940E+03
8.24456E+00,3.02281E+00 
#t = 2.982E+03
2.52985E+00,6.43417E+00,2.66676E+00,1.17103E+00 
#t = 3.024E+03
2.42342E+00,3.15144E+00,2.46501E+00 
#t = 3.066E+03
1.22818E+00,7.67916E+00,2.37646E+00 
#t = 3.108E+03
4.61150E+00,1.53015E+00,9.36942E-01,2.47542E+00,3.58529E+00 
#t = 3.150E+03
3.19206E+00,1.52595E+00,5.27910E+00,4.76037E+00,1.98987E+00 
#t = 3.192E+03
4.26966E+00,6.68007E+00,8.83151E+00,2.08255E+00 
#t = 3.234E+03
8.83151E+00,8.33345E+00,5.09010E+00 
#t = 3.276E+03
8.19288E+00,5.04476E+00,2.44490E+00,9.09856E-01,1.67083E+00 
#t = 3.318E+03
8.14334E+00,3.48699E+00,5.20548E+00 
#t = 3.360E+03
1.10422E+01,3.51940E+00 
#t = 3.402E+03
2.33666E+00,3.42533E+00 
#t = 3.444E+03
6.55351E+00,3.33555E+00,2.19383E+00 
#t = 3.486E+03
8.57185E+00,2.57901E+00,8.52544E+00,1.95774E+00,3.81875E+00 
#t = 3.528E+03
5.07585E+00,2.11096E+00,1.53899E+00,6.67188E+00 
#t = 3.570E+03
9.64368E+00 
#t = 3.612E+03
3.12773E+00,6.61096E+00,4.80633E+00,3.76747E+00,4.42229E+00,1.81034E+00,6.07072E+00 
#t = 3.654E+03
2.76177E+00,4.48570E+00 
#t = 3.696E+03
1.21433E+00 
#t = 3.738E+03
1.22733E+01,2.23048E+00,1.22733E+01,2.79653E+00 
#t = 3.780E+03
1.22733E+01,1.22733E+01,1.22733E+01,1.22733E+01,2.68513E+00,1.22733E+01,1.22733E+01,1.22733E+01,3.35064E+00,1.22733E+01,1.22733E+01,1.22733E+01 
#t = 3.822E+03
1.22733E+01,4.77097E+00,4.84050E+00,4.57460E+00 
#t = 3.864E+03
1.22733E+01,2.00288E+00,1.78583E+00 
#t = 3.906E+03
1.22733E+01,7.62405E+00,2.76589E+00,1.22733E+01,4.51063E+00,1.22733E+01 
#t = 3.948E+03
1.22733E+01,1.22733E+01,7.14236E+00,1.09131E+00,2.91823E+00,8.13423E+00,5.21325E+00 
#t = 3.990E+03
9.85719E+00,2.38459E+00 
#t = 4.032E+03
3.08037E+00,6.79202E+00,2.60954E+00,3.80722E+00 
#t = 4.074E+03
3.67372E+00 
#t = 4.116E+03
6.42484E+00,1.73632E+00 
#t = 4.158E+03
9.67945E+00,2.39987E+00,1.26764E+00,2.94884E+00 
#t = 4.200E+03
9.67945E+00,4.68008E+00,7.29021E+00,3.66375E+00,1.41737E+00 
