#t = 0.000E+00
1.49717E+00,1.42005E+00,4.44481E+00,7.28586E+00,3.10422E+00 
#t = 4.200E+01
3.83252E+00,3.85599E+00,3.93123E+00,9.21598E+00,1.72201E+01,2.42569E+00 
#t = 8.400E+01
4.41149E+00,4.87306E+00,4.03643E+00,6.35217E+00,4.61700E+00,2.24691E+00,2.45291E+00 
#t = 1.260E+02
3.26826E+00,5.48510E+00 
#t = 1.680E+02
9.24576E+00,1.22680E+01,1.18927E+01,1.22680E+01,1.18927E+01,1.22680E+01,1.18927E+01,5.55576E+00,3.48526E+00,2.03263E+00 
#t = 2.100E+02
6.54977E+00,2.71832E+00,4.98127E+00,3.62003E+00,7.77321E+00,1.45031E+00 
#t = 2.520E+02
4.24892E+00,8.46228E+00,4.46872E+00,6.68290E+00,4.85679E+00 
#t = 2.940E+02
1.15394E+00,6.76234E+00,3.90244E+00,3.10928E+00 
#t = 3.360E+02
7.67634E+00,2.77916E+00 
#t = 3.780E+02
5.19822E+00,3.74702E+00,1.95059E+00,3.24111E+00,1.28383E+00,5.71530E+00,4.91900E+00 
#t = 4.200E+02
4.63833E+00,3.92020E+00,5.36239E+00,9.00163E-01,1.28335E+00,4.59980E+00,2.28469E+00,3.38314E+00,2.62422E+00 
#t = 4.620E+02
3.49317E+00,2.44050E+00,2.41782E+00 
#t = 5.040E+02
3.28445E+00,5.98256E+00,4.36087E+00,9.52333E+00,4.92213E+00 
#t = 5.460E+02
1.44977E+01,2.38009E+00,3.30976E+00 
#t = 5.880E+02
4.63180E+00,5.73206E+00,2.22865E+00,2.11759E+00,2.15629E+00 
#t = 6.300E+02
3.10400E+00,5.10744E+00,1.82036E+00,1.53287E+01 
#t = 6.720E+02
3.42943E+00,1.16901E+01,3.87884E+00 
#t = 7.140E+02
-9.99900E+03
#t = 7.560E+02
4.87772E+00,2.48748E+00,3.54424E+00,9.53386E+00,3.45990E+00,1.97396E+00 
#t = 7.980E+02
4.34949E+00,3.15005E+00,5.14681E+00,2.70217E+00,2.57189E+00 
#t = 8.400E+02
7.45112E+00,6.60416E+00,8.73721E+00 
#t = 8.820E+02
2.15526E+00,1.25712E+00,8.87875E+00,7.31055E+00 
#t = 9.240E+02
4.96294E+00,1.10650E+01,2.66899E+00,3.05186E+00,2.87621E+00 
#t = 9.660E+02
2.80780E+00,6.31749E-01 
#t = 1.008E+03
2.57505E+00,2.00725E+00,1.19049E+00,1.99539E+00 
#t = 1.050E+03
2.40933E+00,1.22724E+00,1.16189E+00 
#t = 1.092E+03
2.99834E+00,1.33598E+00,9.74513E+00 
#t = 1.134E+03
9.74513E+00,7.97858E+00,6.95872E+00,5.76033E+00,2.38822E+00,2.05405E+00 
#t = 1.176E+03
9.74513E+00,1.58496E+01,1.58496E+01,1.58496E+01,1.58496E+01,9.08214E+00,1.58496E+01,1.58496E+01,1.09995E+00,1.58496E+01,1.58496E+01,1.58496E+01,1.58496E+01,1.58496E+01,1.58496E+01,5.13550E+00,1.58496E+01,1.58496E+01,1.58496E+01 
#t = 1.218E+03
1.58496E+01,1.58496E+01,1.58496E+01,6.20014E+00,1.58496E+01,1.58496E+01,3.16067E+00,4.64339E+00,1.58496E+01,5.10960E+00,3.29262E+00 
#t = 1.260E+03
1.58496E+01,1.58496E+01,1.58496E+01,1.23616E+01,1.58496E+01,1.58496E+01,1.58496E+01,1.58496E+01,1.58496E+01,1.04440E+01,1.58496E+01,1.58496E+01,1.58496E+01,1.58496E+01,4.00460E+00,1.58496E+01,1.58496E+01,1.70668E+00,4.71529E+00,2.10748E+00,1.62659E+00,1.58496E+01 
#t = 1.302E+03
1.04440E+01,1.58496E+01,1.58496E+01,1.58496E+01,1.58496E+01,1.58496E+01,1.58496E+01,1.58496E+01,1.58496E+01,1.04440E+01,1.58496E+01,9.67712E+00,1.58496E+01,1.58496E+01,1.58496E+01,1.58496E+01,1.58496E+01,1.39090E+00,1.58496E+01,5.20464E+00,1.58496E+01,1.58496E+01 
#t = 1.344E+03
1.58496E+01,1.58496E+01,1.58496E+01,1.58496E+01,1.58496E+01,1.58496E+01,1.58496E+01,1.58496E+01,1.58496E+01,1.66867E+00,1.58496E+01,6.01069E+00,4.62392E+00,9.27046E-01 
#t = 1.386E+03
1.58496E+01,1.58496E+01,1.58496E+01,1.58496E+01,1.58496E+01,1.58496E+01,8.43639E+00,1.58496E+01,1.58496E+01 
#t = 1.428E+03
1.58496E+01,1.58496E+01,8.43639E+00,1.58496E+01,1.58496E+01,1.58496E+01,1.58496E+01,1.58496E+01,1.58496E+01,1.11035E+00,1.58496E+01,4.94112E+00,1.58496E+01,2.25748E+00,2.03411E+00 
#t = 1.470E+03
1.58496E+01,1.58496E+01,1.58496E+01,1.58496E+01,1.58496E+01,1.58496E+01,1.58496E+01,3.00263E+00,1.58496E+01,2.92424E+00,2.82536E+00 
#t = 1.512E+03
1.58496E+01,1.58496E+01,1.58496E+01,1.58496E+01,2.11979E+00,1.09706E+00,6.44912E+00,2.17378E+00,3.76159E+00 
#t = 1.554E+03
1.58496E+01,1.58496E+01,1.58496E+01,1.58496E+01,1.58496E+01,3.93575E+00,2.13237E+00,4.40517E+00,5.85080E+00,9.60929E-01 
#t = 1.596E+03
1.58496E+01,1.58496E+01,1.58496E+01,3.53066E+00,1.58496E+01,1.58496E+01,1.58496E+01,1.58496E+01,1.58496E+01,1.89839E+00,1.89576E+00,1.99105E+00,2.49363E+00,1.58496E+01,1.58496E+01,1.58496E+01,2.71315E+00,1.58496E+01 
#t = 1.638E+03
1.58496E+01,1.58496E+01,1.58496E+01,1.58496E+01,9.31818E+00,1.58496E+01,4.77825E+00,1.81934E+00,4.66406E+00,4.50559E+00 
#t = 1.680E+03
1.58496E+01,1.05765E+01,6.90013E+00,1.58496E+01,1.58496E+01,1.05765E+01,1.58496E+01,1.05765E+01,1.05765E+01,1.05765E+01,1.85491E+00,1.36287E+00,1.05765E+01,1.58496E+01,1.58496E+01,1.44548E+00,3.07829E+00,4.78448E+00 
#t = 1.722E+03
1.58496E+01,7.99024E+00,1.58496E+01,1.58496E+01,1.58496E+01,1.00248E+01,1.58496E+01,2.20517E+00 
#t = 1.764E+03
1.00248E+01,1.58496E+01,6.24225E+00,1.58496E+01 
#t = 1.806E+03
4.70886E+00,3.56138E+00,8.11129E+00,1.77714E+00,2.33636E+00,3.77738E+00 
#t = 1.848E+03
8.54763E+00,1.05723E+01,3.11904E+00,3.93697E+00,2.30994E+00,2.41600E+00 
#t = 1.890E+03
5.22246E+00,2.72263E+00,2.00277E+00 
#t = 1.932E+03
8.64736E+00 
#t = 1.974E+03
1.19214E+01,5.71712E+00,3.69915E+00 
#t = 2.016E+03
2.54364E+00,9.25376E+00,1.05969E+00 
#t = 2.058E+03
1.20458E+01,9.00890E+00,6.66190E+00,4.09891E+00 
#t = 2.100E+03
9.00890E+00,2.37427E+00,3.43052E+00,4.04142E+00,1.22304E+00,5.99885E+00,1.78674E+00 
#t = 2.142E+03
3.08600E+00,2.19565E+00,2.09471E+00,3.78013E+00,4.18095E+00,2.71544E+00 
#t = 2.184E+03
1.39779E+00 
#t = 2.226E+03
6.66213E+00,4.07031E+00,4.81862E+00,3.86419E+00,1.50383E+00 
#t = 2.268E+03
6.19082E+00,4.97321E+00,3.03588E+00,8.48079E+00 
#t = 2.310E+03
2.82299E+00 
#t = 2.352E+03
6.56640E+00,6.47521E+00,1.49873E+00,9.48543E-01 
#t = 2.394E+03
6.47521E+00,3.80492E+00,8.98897E+00,6.05866E+00,1.76497E+00,2.84480E+00 
#t = 2.436E+03
2.99521E+00 
#t = 2.478E+03
2.70720E+00,2.54924E+00,3.26428E+00,7.24245E-01,2.98643E+00 
#t = 2.520E+03
1.07811E+01,1.07811E+01,6.76015E+00,5.57206E+00,2.02088E+00,9.58605E-01 
#t = 2.562E+03
1.10537E+01,1.10537E+01,1.91232E+00 
#t = 2.604E+03
1.10537E+01,2.99073E+00,1.10537E+01,3.78218E+00 
#t = 2.646E+03
1.91823E+00,3.32823E+00 
#t = 2.688E+03
3.23524E+00,6.19306E+00,5.27548E+00,5.32209E+00,3.08348E+00,3.48547E+00 
#t = 2.730E+03
4.74645E+00 
#t = 2.772E+03
2.58078E+00,2.13046E+00 
#t = 2.814E+03
8.28161E+00,4.92842E+00,4.08219E+00,2.65282E+00 
#t = 2.856E+03
5.10964E+00,3.34187E+00,4.46614E+00,1.08753E+01,8.02498E+00,1.76594E+00 
#t = 2.898E+03
-9.99900E+03
#t = 2.940E+03
8.76471E+00,1.55352E+00,4.06525E+00,4.96905E+00 
#t = 2.982E+03
2.98976E+00,2.71355E+00,1.56479E+01 
#t = 3.024E+03
8.26328E+00,9.40507E+00,4.34035E+00,2.43103E+01 
#t = 3.066E+03
2.43103E+01,2.43103E+01,2.43103E+01,1.37229E+00,2.15492E+00,2.37858E+00 
#t = 3.108E+03
2.43103E+01,2.43103E+01,2.43103E+01,2.43103E+01,2.43103E+01,9.02942E+00,2.43103E+01,2.43103E+01,2.43103E+01,2.43103E+01,2.43103E+01,2.43103E+01,2.43103E+01,2.43103E+01,2.43103E+01,2.43103E+01,2.43103E+01,2.43103E+01,2.43103E+01,2.43103E+01,4.60314E+00,2.43103E+01,2.47654E+00,2.43103E+01,1.76733E+00 
#t = 3.150E+03
2.43103E+01,2.43103E+01,2.43103E+01,2.43103E+01,2.43103E+01,2.43103E+01,2.43103E+01,2.43103E+01,2.43103E+01,2.43103E+01,2.43103E+01,2.43103E+01,2.43103E+01,2.43103E+01,2.43103E+01,2.43103E+01,2.43103E+01,2.43103E+01,2.43103E+01,2.43103E+01,2.43103E+01,2.43103E+01,6.22203E+00,2.43103E+01,2.43103E+01,2.43103E+01,2.17860E+00,2.43103E+01,2.43103E+01,2.43103E+01,7.99613E+00 
#t = 3.192E+03
2.43103E+01,2.43103E+01,2.43103E+01,2.43103E+01,2.43103E+01,2.43103E+01,2.43103E+01,2.43103E+01,2.43103E+01,2.43103E+01,2.43103E+01,2.43103E+01,2.43103E+01,2.43103E+01,2.43103E+01,2.43103E+01,2.43103E+01,2.43103E+01,2.43103E+01,2.43103E+01,2.43103E+01,2.43103E+01,2.43103E+01,2.43103E+01,2.43103E+01,2.43103E+01,3.46310E+00,2.43103E+01,2.43103E+01,3.20486E+00,1.88848E+00,5.03562E+00,2.43103E+01,6.33579E-01 
#t = 3.234E+03
2.43103E+01,2.43103E+01,2.43103E+01,2.43103E+01,2.43103E+01,2.43103E+01,2.43103E+01,2.43103E+01,2.43103E+01,2.43103E+01,2.43103E+01,2.43103E+01,2.43103E+01,2.43103E+01,2.43103E+01,2.43103E+01,2.43103E+01,2.43103E+01,2.43103E+01,2.43103E+01,2.52798E+00,2.43103E+01,2.43103E+01,2.43103E+01,3.45038E+00,2.43103E+01,2.43103E+01,2.43103E+01 
#t = 3.276E+03
2.43103E+01,2.43103E+01,2.43103E+01,2.43103E+01,2.43103E+01,2.43103E+01,2.43103E+01,2.43103E+01,2.43103E+01,2.43103E+01,2.43103E+01,2.43103E+01,2.43103E+01,2.43103E+01,2.43103E+01,2.43103E+01,2.43103E+01,2.26690E+00,2.43103E+01,2.43103E+01,2.43103E+01,2.43103E+01,2.43103E+01,2.43103E+01,2.43103E+01,2.43103E+01,2.43103E+01,2.43103E+01 
#t = 3.318E+03
2.43103E+01,2.43103E+01,2.43103E+01,2.43103E+01,2.43103E+01,2.43103E+01,2.43103E+01,2.43103E+01,2.43103E+01,2.43103E+01,2.43103E+01,2.43103E+01,2.43103E+01,2.43103E+01,2.43103E+01,2.43103E+01,2.43103E+01,2.43103E+01,2.43103E+01,2.43103E+01,2.43103E+01,2.43103E+01,2.43103E+01,2.43103E+01,4.40956E+00,2.43103E+01,2.43103E+01,2.43979E+00 
#t = 3.360E+03
2.43103E+01,2.43103E+01,2.43103E+01,2.43103E+01,2.43103E+01,2.43103E+01,2.43103E+01,2.43103E+01,2.43103E+01,2.43103E+01,2.43103E+01,2.43103E+01,2.43103E+01,2.43103E+01,2.43103E+01,2.43103E+01,2.43103E+01,2.43103E+01,2.43103E+01,1.08737E+01,7.50443E+00,2.43103E+01,2.43103E+01,5.87174E+00,2.43103E+01,2.43103E+01,2.43103E+01,2.43103E+01,1.08737E+01,2.43103E+01,6.32429E+00,1.87162E+00,2.43103E+01,2.00501E+00,2.30149E+00,1.47416E+00,2.43103E+01 
#t = 3.402E+03
2.43103E+01,2.43103E+01,2.43103E+01,2.43103E+01,1.08737E+01,2.43103E+01,2.43103E+01,2.43103E+01,2.43103E+01,2.43103E+01,2.43103E+01,2.43103E+01,1.08737E+01,2.43103E+01,2.43103E+01,2.43103E+01,2.43103E+01,2.43103E+01,2.43103E+01,7.68039E+00,2.43103E+01,2.43103E+01,2.43103E+01,2.43103E+01,2.43103E+01,2.43103E+01,2.43103E+01,2.43103E+01,2.43103E+01,2.43103E+01,2.43103E+01,2.43103E+01,2.57079E+00,2.43103E+01,2.43103E+01,2.43103E+01,2.43103E+01,2.43103E+01,2.43103E+01,2.43103E+01,2.43103E+01,2.43103E+01 
#t = 3.444E+03
2.43103E+01,2.43103E+01,2.43103E+01,2.43103E+01,2.43103E+01,2.43103E+01,2.43103E+01,7.33149E+00,2.43103E+01,2.43103E+01,2.43103E+01,2.43103E+01,2.43103E+01,2.43103E+01,2.43103E+01,2.43103E+01,2.43103E+01,2.43103E+01,2.43103E+01,2.43103E+01,2.43103E+01,2.43103E+01,2.43103E+01,2.43103E+01,2.01890E+00,1.81890E+00,2.43103E+01,5.18801E+00,2.43103E+01,1.43326E+00 
#t = 3.486E+03
2.43103E+01,2.43103E+01,2.43103E+01,2.43103E+01,2.43103E+01,2.43103E+01,2.43103E+01,2.43103E+01,2.43103E+01,2.43103E+01,2.43103E+01,2.43103E+01,2.43103E+01,2.43103E+01,2.43103E+01,2.43103E+01,1.62361E+00,2.43103E+01,2.43103E+01,1.69076E+00,2.43103E+01,2.43103E+01,2.43103E+01,2.02521E+00 
#t = 3.528E+03
2.43103E+01,2.43103E+01,2.43103E+01,2.43103E+01,2.43103E+01,2.43103E+01,2.43103E+01,2.43103E+01,2.43103E+01,2.43103E+01,2.43103E+01,2.43103E+01,2.43103E+01,2.43103E+01,2.43103E+01,2.43103E+01,2.43103E+01,2.43103E+01,2.43103E+01,2.43103E+01,2.43103E+01,2.43103E+01,7.30254E+00,2.43103E+01,2.43103E+01,2.43103E+01,7.33717E+00,2.43103E+01,2.43103E+01,2.43103E+01,3.71760E+00,4.15395E+00,2.43103E+01 
#t = 3.570E+03
2.43103E+01,2.43103E+01,2.43103E+01,2.43103E+01,2.43103E+01,2.43103E+01,2.43103E+01,2.43103E+01,2.43103E+01,2.43103E+01,2.43103E+01,2.43103E+01,2.43103E+01,2.43103E+01,2.43103E+01,2.43103E+01,2.43103E+01,6.10451E+00,2.43103E+01,2.06798E+00,4.58408E+00,2.43103E+01,2.43103E+01,2.43103E+01,5.55125E+00,2.43103E+01,2.43103E+01,2.50251E+00 
#t = 3.612E+03
2.43103E+01,2.43103E+01,2.43103E+01,2.43103E+01,2.43103E+01,2.43103E+01,2.43103E+01,2.43103E+01,2.43103E+01,2.43103E+01,2.43103E+01,2.43103E+01,2.43103E+01,2.43103E+01,2.43103E+01,2.43103E+01,2.43103E+01,2.43103E+01,2.43103E+01,2.43103E+01,2.43103E+01,5.20834E+00,2.43103E+01,2.43103E+01,2.43103E+01,2.43103E+01,2.43103E+01,3.28053E+00,2.43103E+01,2.43103E+01,2.43103E+01,2.43103E+01,2.43103E+01,2.43103E+01,2.43103E+01,2.43103E+01 
#t = 3.654E+03
2.43103E+01,2.43103E+01,2.43103E+01,2.43103E+01,2.43103E+01,2.43103E+01,2.43103E+01,2.43103E+01,2.43103E+01,2.43103E+01,2.43103E+01,2.43103E+01,2.43103E+01,2.43103E+01,2.43103E+01,2.43103E+01,2.43103E+01,2.43103E+01,2.43103E+01,2.43103E+01,2.43103E+01,2.43103E+01,4.78963E+00,2.43103E+01,2.43103E+01,2.43103E+01,2.43103E+01,2.43103E+01,2.43103E+01,6.75181E-01 
#t = 3.696E+03
2.43103E+01,2.43103E+01,2.43103E+01,2.43103E+01,2.43103E+01,2.43103E+01,2.43103E+01,2.43103E+01,2.43103E+01,2.43103E+01,2.43103E+01,2.43103E+01,2.43103E+01,2.43103E+01,2.43103E+01,2.43103E+01,2.43103E+01,2.43103E+01,2.43103E+01,2.43103E+01,2.43103E+01,2.92137E+00,2.43103E+01,2.43103E+01,2.43103E+01,2.43103E+01,2.43103E+01,2.43103E+01,2.43103E+01,2.31569E+00 
#t = 3.738E+03
2.43103E+01,2.43103E+01,2.43103E+01,2.43103E+01,2.43103E+01,2.43103E+01,2.43103E+01,2.43103E+01,2.43103E+01,2.43103E+01,2.43103E+01,2.43103E+01,2.43103E+01,2.43103E+01,2.43103E+01,2.43103E+01,2.43103E+01,2.43103E+01,2.43103E+01,2.43103E+01,2.43103E+01,2.43103E+01,6.00186E+00,2.43103E+01,2.43103E+01 
#t = 3.780E+03
2.43103E+01,2.43103E+01,2.43103E+01,2.43103E+01,2.43103E+01,2.43103E+01,2.43103E+01,2.43103E+01,2.43103E+01,2.43103E+01,2.43103E+01,2.43103E+01,2.43103E+01,2.43103E+01,2.43103E+01,2.43103E+01,2.43103E+01,5.04758E+00,3.60656E+00,2.43103E+01,2.43103E+01,3.98355E+00,2.43103E+01,2.43103E+01,2.43103E+01,2.43103E+01,2.43103E+01 
#t = 3.822E+03
2.43103E+01,2.43103E+01,2.43103E+01,2.43103E+01,2.43103E+01,2.43103E+01,2.43103E+01,2.43103E+01,2.43103E+01,2.43103E+01,2.43103E+01,2.43103E+01,2.43103E+01,2.43103E+01,2.43103E+01,2.43103E+01,2.43103E+01,2.43103E+01,2.43103E+01,2.43103E+01,2.43103E+01,2.43103E+01,2.43103E+01,2.43103E+01,2.43103E+01,2.43103E+01,2.43103E+01,2.43103E+01,2.43103E+01,2.43103E+01,2.43103E+01,2.75476E+00,2.43103E+01,2.43103E+01,4.71540E+00 
#t = 3.864E+03
2.43103E+01,2.43103E+01,2.43103E+01,2.43103E+01,2.43103E+01,2.43103E+01,2.43103E+01,2.43103E+01,2.43103E+01,2.43103E+01,2.43103E+01,2.43103E+01,2.43103E+01,2.43103E+01,2.43103E+01,2.43103E+01,2.43103E+01,2.43103E+01,2.43103E+01,2.43103E+01,2.43103E+01,2.43103E+01,2.43103E+01,2.43103E+01,2.43103E+01,2.43103E+01,2.43103E+01,1.39987E+00,2.43103E+01,2.32722E+00,2.43103E+01,2.43103E+01,2.43103E+01,2.43103E+01,2.43103E+01,2.47340E+00,2.43103E+01,2.43103E+01,2.43103E+01 
#t = 3.906E+03
2.43103E+01,2.43103E+01,2.43103E+01,2.43103E+01,2.43103E+01,2.43103E+01,2.43103E+01,2.43103E+01,2.43103E+01,2.43103E+01,2.43103E+01,2.43103E+01,1.54640E+01,2.43103E+01,2.43103E+01,2.43103E+01,2.43103E+01,2.43103E+01,2.43103E+01,4.74073E+00,2.43103E+01,2.43103E+01,5.51217E+00,2.43103E+01,2.43103E+01,2.43103E+01,4.50518E+00,2.43103E+01,2.43103E+01,2.43103E+01,1.87618E+00 
#t = 3.948E+03
2.43103E+01,2.43103E+01,2.43103E+01,2.43103E+01,2.43103E+01,2.43103E+01,2.43103E+01,2.43103E+01,2.43103E+01,2.43103E+01,2.43103E+01,2.43103E+01,2.43103E+01,2.43103E+01,7.70922E+00,2.43103E+01,2.43103E+01,2.43103E+01,2.43103E+01,2.43103E+01,2.43103E+01,2.43103E+01,2.43103E+01,2.43103E+01,2.43103E+01,2.43103E+01,2.43103E+01,2.43103E+01,2.43103E+01,2.43103E+01,2.43103E+01,2.43103E+01,2.43103E+01,2.43103E+01,2.43103E+01 
#t = 3.990E+03
2.43103E+01,2.43103E+01,2.43103E+01,2.43103E+01,2.43103E+01,2.43103E+01,2.43103E+01,2.43103E+01,2.43103E+01,2.43103E+01,2.43103E+01,2.43103E+01,2.43103E+01,2.43103E+01,2.43103E+01,2.43103E+01,2.43103E+01,2.43103E+01,2.43103E+01,2.43103E+01,2.43103E+01,2.43103E+01,2.43103E+01,2.43103E+01,2.43103E+01,2.43103E+01,2.43103E+01,2.43103E+01,2.43103E+01,2.43103E+01,2.43103E+01,2.43103E+01,2.43103E+01 
#t = 4.032E+03
2.43103E+01,2.43103E+01,2.43103E+01,2.43103E+01,2.43103E+01,2.43103E+01,2.43103E+01,2.43103E+01,2.43103E+01,2.43103E+01,2.43103E+01,2.43103E+01,2.43103E+01,2.43103E+01,2.43103E+01,2.43103E+01,2.43103E+01,2.43103E+01,2.43103E+01,2.43103E+01,2.43103E+01,2.43103E+01,2.43103E+01,2.43103E+01,2.43103E+01,2.43103E+01,2.43103E+01,2.43103E+01,2.43103E+01,2.43103E+01,1.85635E+00,2.43103E+01,2.43103E+01,2.43103E+01,2.43103E+01,5.32960E+00,2.43103E+01,2.43103E+01,2.16563E+00,2.43103E+01,2.43103E+01 
#t = 4.074E+03
2.43103E+01,2.43103E+01,2.43103E+01,2.43103E+01,2.43103E+01,2.43103E+01,2.43103E+01,2.43103E+01,2.43103E+01,2.43103E+01,2.43103E+01,2.43103E+01,2.43103E+01,2.43103E+01,2.43103E+01,2.43103E+01,2.43103E+01,3.91055E+00,2.43103E+01,2.43103E+01,2.43103E+01,7.36289E+00,2.43103E+01,2.43103E+01,3.33097E+00,2.43103E+01,2.66490E+00,2.43103E+01,2.43103E+01,1.85224E+00,2.43103E+01,2.43103E+01,4.09388E+00 
#t = 4.116E+03
2.43103E+01,2.43103E+01,2.43103E+01,2.43103E+01,2.43103E+01,2.43103E+01,2.43103E+01,2.43103E+01,2.43103E+01,2.43103E+01,2.43103E+01,2.43103E+01,2.43103E+01,2.43103E+01,2.43103E+01,2.43103E+01,2.43103E+01,2.43103E+01,3.57352E+00,2.43103E+01,2.43103E+01,2.43103E+01,4.53572E+00 
#t = 4.158E+03
2.43103E+01,2.43103E+01,2.43103E+01,2.43103E+01,2.43103E+01,2.43103E+01,2.43103E+01,5.25454E+00,2.43103E+01,2.43103E+01,2.43103E+01,2.43103E+01,2.43103E+01,2.43103E+01,2.43103E+01,2.43103E+01,2.43103E+01,2.43103E+01,2.43103E+01,2.43103E+01,2.43103E+01,2.43103E+01,2.43103E+01,4.26582E+00,2.43103E+01,2.43103E+01,2.43103E+01,2.43103E+01,2.60555E+00,1.72727E+00,1.23865E+00,2.43103E+01 
#t = 4.200E+03
2.43103E+01,2.43103E+01,2.43103E+01,2.43103E+01,2.43103E+01,2.43103E+01,2.43103E+01,2.43103E+01,2.43103E+01,2.43103E+01,2.43103E+01,2.43103E+01,2.43103E+01,2.43103E+01,2.43103E+01,2.43103E+01,2.43103E+01,2.43103E+01,2.43103E+01,2.43103E+01,2.43103E+01,2.43103E+01,8.24596E+00,2.43103E+01,2.43103E+01,2.43103E+01,2.43103E+01,2.43103E+01,2.43103E+01,2.43103E+01,2.43103E+01,2.43103E+01,2.43103E+01,2.43103E+01,2.43103E+01,2.43103E+01,2.43103E+01 
