#t = 0.000E+00
1.50817E+00,8.53036E+00,3.78588E+00,3.02177E+00,2.80597E+00 
#t = 4.200E+01
1.04321E+01,4.10783E+00,9.90518E+00,3.68730E+00 
#t = 8.400E+01
6.50063E+00,1.62403E+00,1.96118E+00,1.18726E+00,8.60256E+00 
#t = 1.260E+02
8.60256E+00,1.06104E+01,1.74898E+00,3.12668E+00,3.63887E+00,4.41615E+00,5.98342E+00 
#t = 1.680E+02
2.72416E+00,6.81301E+00,3.43331E+00,1.82977E+00,2.24143E+00,2.94484E+00 
#t = 2.100E+02
1.25159E+00,1.16225E+00 
#t = 2.520E+02
2.73817E+00,9.10600E+00,1.78277E+00 
#t = 2.940E+02
4.94264E+00 
#t = 3.360E+02
7.15281E+00,1.11466E+01,9.29038E+00,3.40669E+00,3.67602E+00 
#t = 3.780E+02
9.45686E+00,8.22239E+00,3.45414E+00,3.59948E+00,3.22626E+00,7.96627E-01 
#t = 4.200E+02
3.19526E+00,3.16201E+00 
#t = 4.620E+02
1.93137E+00 
#t = 5.040E+02
4.71867E+00,4.94175E+00,2.49974E+00,1.01123E+00,1.96590E+00 
#t = 5.460E+02
6.55261E+00,2.23480E+00 
#t = 5.880E+02
7.81603E+00,5.34916E+00,4.72057E+00 
#t = 6.300E+02
4.69869E+00 
#t = 6.720E+02
8.94379E+00,2.04335E+00,2.81662E+00,3.00671E+00,3.47553E+00 
#t = 7.140E+02
5.65789E+00,1.07366E+01,4.64854E+00,7.80077E+00,2.56607E+00 
#t = 7.560E+02
1.17271E+01,1.17271E+01,1.66099E+00,3.59336E+00,1.17271E+01,1.10340E+00,1.17271E+01,1.17271E+01,2.03867E+00,1.17271E+01 
#t = 7.980E+02
1.17271E+01,1.17271E+01,1.17271E+01,1.17271E+01,1.17271E+01,1.12611E+01,8.47896E+00,1.17271E+01,5.85698E+00,1.17271E+01,1.17271E+01,1.17271E+01,2.37971E+00,1.26058E+00,2.36484E+00,2.58066E+00,1.61827E+00,1.17271E+01 
#t = 8.400E+02
1.17271E+01,1.17271E+01,1.17271E+01,1.17271E+01,1.17271E+01,1.17271E+01,1.17271E+01,1.12611E+01,1.12611E+01,1.17271E+01,7.92721E+00,1.17271E+01,1.12611E+01,1.17271E+01,1.17271E+01,1.17271E+01,1.12611E+01,1.17271E+01,1.17271E+01,1.17271E+01,1.17271E+01,1.17271E+01,1.12611E+01,1.12611E+01,2.49764E+00,3.64404E+00 
#t = 8.820E+02
1.17271E+01,1.17271E+01,1.17271E+01,1.17271E+01,1.17271E+01,1.17271E+01,1.17271E+01,1.17271E+01,1.17271E+01,1.17271E+01,1.17271E+01,1.17271E+01,1.17271E+01,1.17271E+01,1.17271E+01,5.31249E+00,1.17271E+01,1.17271E+01,1.17271E+01,1.17271E+01,1.17271E+01,1.17271E+01,3.58011E+00,1.17271E+01,1.17271E+01,1.17271E+01,1.17271E+01,1.17271E+01,5.31933E+00,1.17271E+01 
#t = 9.240E+02
1.17271E+01,1.17271E+01,1.17271E+01,1.17271E+01,1.17271E+01,1.17271E+01,1.17271E+01,1.17271E+01,1.17271E+01,1.17271E+01,1.17271E+01,1.17271E+01,1.17271E+01,1.17271E+01,1.17271E+01,1.17271E+01,1.17271E+01,1.17271E+01,1.17271E+01,1.17271E+01,1.17271E+01,1.17271E+01,1.17271E+01,1.17271E+01,1.17271E+01,1.17271E+01,1.17271E+01,1.17271E+01,1.17271E+01,1.17271E+01,5.34269E+00,1.17271E+01,1.17271E+01,1.17271E+01,1.17271E+01,1.17271E+01,1.17271E+01,4.23818E+00,1.17271E+01,1.17271E+01,1.17271E+01 
#t = 9.660E+02
1.17271E+01,1.17271E+01,1.17271E+01,1.17271E+01,1.17271E+01,1.17271E+01,1.17271E+01,1.17271E+01,1.17271E+01,1.17271E+01,1.17271E+01,1.17271E+01,1.17271E+01,1.17271E+01,1.17271E+01,1.17271E+01,1.17271E+01,1.17271E+01,1.17271E+01,1.17271E+01,1.17271E+01,1.17271E+01,1.17271E+01,1.17271E+01,1.17271E+01,1.17271E+01,1.17271E+01,4.61455E+00,2.82744E+00,1.17271E+01 
#t = 1.008E+03
1.17271E+01,1.17271E+01,1.17271E+01,1.17271E+01,1.17271E+01,1.17271E+01,1.17271E+01,1.17271E+01,1.17271E+01,1.17271E+01,1.17271E+01,6.54629E+00,1.17271E+01,1.17271E+01,1.17271E+01,1.17271E+01,1.17271E+01,1.17271E+01,1.17271E+01,4.59761E+00,1.17271E+01,1.17271E+01,1.17271E+01,1.17271E+01,1.17271E+01,7.89889E+00,1.17271E+01,5.40534E+00,2.44323E+00,1.17271E+01,1.17271E+01,1.17271E+01,1.17271E+01,3.27149E+00,1.17271E+01,1.17271E+01,1.17271E+01,3.74760E+00,1.17271E+01,1.17271E+01,1.17271E+01,1.17271E+01,1.32658E+00,1.17271E+01,1.17271E+01,5.83275E+00,3.02311E+00,1.17271E+01 
#t = 1.050E+03
1.17271E+01,1.17271E+01,1.17271E+01,1.17271E+01,1.17271E+01,1.17271E+01,1.17271E+01,1.17271E+01,1.17271E+01,1.17271E+01,1.17271E+01,1.17271E+01,1.17271E+01,1.17271E+01,1.17271E+01,1.17271E+01,1.17271E+01,1.17271E+01,1.17271E+01,1.17271E+01,1.17271E+01,1.17271E+01,1.17271E+01,1.17271E+01,1.17271E+01,1.17271E+01,4.77908E+00,1.17271E+01,1.17271E+01,1.17271E+01,9.98165E+00 
#t = 1.092E+03
1.17271E+01,1.17271E+01,1.17271E+01,1.17271E+01,1.17271E+01,1.17271E+01,1.17271E+01,1.17271E+01,1.17271E+01,1.17271E+01,1.17271E+01,1.17271E+01,1.17271E+01,3.57604E+00,1.17271E+01,1.17271E+01,1.17271E+01,1.17271E+01,1.17276E+00 
#t = 1.134E+03
1.17271E+01,1.17271E+01,1.17271E+01,1.17271E+01,1.17271E+01,1.17271E+01,1.17271E+01,1.17271E+01,1.17271E+01,1.17271E+01,1.17271E+01,1.17271E+01,6.24894E+00,1.17271E+01,4.88700E+00,1.17271E+01,1.17271E+01,2.29569E+00 
#t = 1.176E+03
1.17271E+01,1.17271E+01,1.17271E+01,1.17271E+01,1.17271E+01,1.17271E+01,1.17271E+01,1.17271E+01,1.17271E+01,1.17271E+01,1.17271E+01,1.17271E+01,1.17271E+01,4.83664E+00,1.17271E+01,1.17271E+01,1.17271E+01,1.17271E+01,1.17271E+01,1.17271E+01,4.89633E+00,2.84520E+00,1.17271E+01,3.14573E+00,3.83570E+00 
#t = 1.218E+03
1.17271E+01,1.17271E+01,1.17271E+01,1.17271E+01,1.17271E+01,1.17271E+01,1.17271E+01,1.17271E+01,1.17271E+01,1.17271E+01,1.17271E+01,1.17271E+01,1.17271E+01,1.17271E+01,1.17271E+01,1.17271E+01,1.17271E+01,9.93355E+00,1.17271E+01,1.17271E+01,1.17271E+01,1.17271E+01,1.17271E+01,1.17271E+01,3.37260E+00 
#t = 1.260E+03
1.17271E+01,1.17271E+01,1.17271E+01,1.17271E+01,1.17271E+01,1.17271E+01,1.17271E+01,1.17271E+01,1.17271E+01,1.17271E+01,1.17271E+01,1.17271E+01,1.25687E+00,1.17271E+01,1.17271E+01,1.17271E+01,1.17271E+01,1.17271E+01,1.15343E+00,1.17271E+01 
#t = 1.302E+03
1.17271E+01,8.35574E+00,1.17271E+01,1.17271E+01,1.17271E+01,1.17271E+01,1.17271E+01,1.17271E+01,1.17271E+01,5.75744E+00,4.18826E+00,7.20363E+00 
#t = 1.344E+03
1.17271E+01,1.17271E+01,1.17271E+01,1.17271E+01,1.17271E+01,1.17271E+01,1.17271E+01,1.17271E+01,1.76360E+00,3.05119E+00 
#t = 1.386E+03
1.17271E+01,1.17271E+01,1.17271E+01,1.17271E+01,1.17271E+01,1.17271E+01,1.17271E+01,1.17271E+01,1.17271E+01,1.17271E+01,5.10400E+00,1.17271E+01,6.08596E+00,1.17271E+01,1.17271E+01,1.17271E+01,1.17271E+01,1.17271E+01,1.17271E+01,1.17271E+01,2.19762E+00,1.17271E+01,1.17271E+01,2.11394E+00 
#t = 1.428E+03
1.17271E+01,1.17271E+01,1.17271E+01,1.17271E+01,1.17271E+01,1.53710E+01,1.17271E+01,3.63979E+00,1.17271E+01,2.31042E+00,1.17271E+01 
#t = 1.470E+03
1.17271E+01,1.17271E+01,1.17271E+01,1.17271E+01,1.17271E+01,6.12136E+00,1.17271E+01,1.17271E+01,6.96231E+00,2.47796E+00,1.17271E+01,1.17271E+01,2.95640E+00,1.14623E+00,2.98303E+00,3.50957E+00,1.17271E+01,1.17271E+01 
#t = 1.512E+03
1.17271E+01,1.17271E+01,1.17271E+01,1.17271E+01,1.17271E+01,1.17271E+01,1.17271E+01,8.52014E+00,1.17271E+01,2.53613E+00,1.17271E+01,4.39973E+00 
#t = 1.554E+03
1.17271E+01,1.17271E+01,1.77773E+00 
#t = 1.596E+03
1.17271E+01,1.17271E+01,1.17271E+01,1.17271E+01,1.17271E+01,1.52195E+01,1.17271E+01,1.17271E+01,1.17271E+01,1.17271E+01,5.57567E+00,3.82653E+00,1.17271E+01,6.72855E+00 
#t = 1.638E+03
1.17271E+01,1.52195E+01,1.52195E+01,1.52195E+01,6.94266E+00,3.07562E+00,1.52195E+01,7.33773E+00,9.25050E-01 
#t = 1.680E+03
1.52195E+01,1.01962E+01,1.52195E+01,3.69615E+00 
#t = 1.722E+03
1.52195E+01,3.93696E+00,1.05420E+00 
#t = 1.764E+03
3.60340E+00,4.23247E+00,4.98375E+00,4.39095E+00,1.90053E+00 
#t = 1.806E+03
4.98526E+00,2.00797E+00,4.18626E+00 
#t = 1.848E+03
8.60483E+00,2.94831E+00 
#t = 1.890E+03
-9.99900E+03
#t = 1.932E+03
8.60901E+00,1.92540E+00,5.24273E+00 
#t = 1.974E+03
5.75583E+00,3.21619E+00 
#t = 2.016E+03
1.87921E+00,7.53250E-01,4.45569E+00 
#t = 2.058E+03
5.92317E+00,3.17101E+00 
#t = 2.100E+03
1.07921E+00 
#t = 2.142E+03
3.60814E+00,1.08853E+00,3.60631E+00,4.58338E+00,1.80757E+00 
#t = 2.184E+03
2.57709E+00,2.13042E+00,8.44581E-01 
#t = 2.226E+03
6.84205E+00,3.09327E+00 
#t = 2.268E+03
8.58756E+00,5.41533E+00,4.53556E+00,3.26126E+00,2.15801E+00,1.53106E+00,1.97436E+00 
#t = 2.310E+03
6.19889E+00,4.41032E+00,2.10798E+00,2.40390E+00,1.80382E+00,2.14443E+00,1.55157E+00 
#t = 2.352E+03
4.83353E+00,6.77716E+00,2.79241E+00,1.75262E+00,2.32672E+00 
#t = 2.394E+03
6.79401E+00 
#t = 2.436E+03
8.15159E+00,7.79375E-01,2.51668E+00,5.10780E+00 
#t = 2.478E+03
3.08023E+00,1.77484E+00,3.76213E+00,1.35926E+00,3.90415E+00 
#t = 2.520E+03
4.49394E+00,2.81654E+00,1.39317E+00,2.56659E+01,1.58282E+00 
#t = 2.562E+03
1.12645E+01,1.12645E+01,1.12645E+01,1.12645E+01,6.04043E+00,1.12645E+01,1.12645E+01,2.86403E+00,1.12645E+01,1.12645E+01,4.19793E+00 
#t = 2.604E+03
1.12645E+01,1.12645E+01,1.12645E+01,1.12645E+01,1.12645E+01,1.12645E+01,1.12645E+01,1.12645E+01,1.12645E+01,1.12645E+01,1.12645E+01,3.12199E+00,1.12645E+01,2.53204E+00,1.12645E+01 
#t = 2.646E+03
1.12645E+01,1.12645E+01,1.12645E+01,1.12645E+01,1.12645E+01,1.12645E+01,1.12645E+01,1.12645E+01,1.12645E+01,1.12645E+01,1.05821E+01,2.22240E+00 
#t = 2.688E+03
1.12645E+01,1.12645E+01,1.12645E+01,1.12645E+01,8.40897E+00,1.12645E+01,1.12645E+01,2.39539E+00,1.12645E+01,1.12645E+01,1.12645E+01,2.49728E+00,1.12645E+01 
#t = 2.730E+03
1.12645E+01,1.12645E+01,1.02308E+01,1.12645E+01,7.95641E+00,5.03641E+00,1.12645E+01,1.12645E+01,8.83319E+00,2.39023E+00,1.12645E+01,1.61888E+00 
#t = 2.772E+03
8.83319E+00,9.22045E+00,1.12645E+01,4.42141E+00,3.11731E+00,8.37446E+00,3.56623E+00 
#t = 2.814E+03
9.93448E+00,3.28800E+00,3.25020E+00,4.79226E+00 
#t = 2.856E+03
8.95340E+00,5.84263E+00,6.03178E+00,7.83815E+00 
#t = 2.898E+03
6.30783E-01 
#t = 2.940E+03
6.02671E+00,1.90639E+00,2.45121E+00,3.19274E+00,5.94027E+00,3.16456E+00 
#t = 2.982E+03
6.87807E+00,2.94036E+00 
#t = 3.024E+03
4.20938E+00,3.55300E+00 
#t = 3.066E+03
5.22636E+00,7.20494E+00,1.18533E+01,1.56446E+00,8.67412E+00,1.40689E+00,3.10971E+00,1.18533E+01 
#t = 3.108E+03
1.18533E+01,2.35057E+00,6.41961E+00,1.46800E+00,1.18422E+00,2.18245E+00,1.30865E+00 
#t = 3.150E+03
2.80006E+00 
#t = 3.192E+03
2.04554E+00,2.51225E+00,2.25414E+00 
#t = 3.234E+03
-9.99900E+03
#t = 3.276E+03
8.41021E+00,9.46327E+00,9.86773E+00,6.92621E+00,1.28886E+00 
#t = 3.318E+03
6.73720E+00,8.70130E+00,5.10323E+00,6.31505E+00,4.78692E+00,2.15401E+00 
#t = 3.360E+03
5.83795E+00,1.69724E+00,5.76832E+00 
#t = 3.402E+03
-9.99900E+03
#t = 3.444E+03
4.70169E+00,4.61118E+00,2.28994E+00,6.46111E+00,2.91170E+00,2.16527E+00,1.46945E+00 
#t = 3.486E+03
4.83260E+00,4.56948E+00,2.07502E+00,1.89643E+00,3.38400E+00,1.08685E+00,4.19802E+00 
#t = 3.528E+03
7.29482E+00,5.68666E+00,4.19109E+00,2.32117E+00 
#t = 3.570E+03
1.23892E+01,9.08033E-01,3.88201E+00,3.99610E+00,2.72376E+00 
#t = 3.612E+03
1.23892E+01,1.23892E+01,1.23892E+01,1.88849E+00,2.52197E+00,1.49392E+00,6.10790E+00,1.67152E+00,5.29546E+00,1.23892E+01 
#t = 3.654E+03
1.01207E+01,3.86464E+00,4.55101E+00,3.32388E+00,1.45249E+00 
#t = 3.696E+03
6.68514E+00,1.44173E+00,2.21516E+00,1.94909E+00,1.57138E+00 
#t = 3.738E+03
4.23688E+00,1.53219E+00 
#t = 3.780E+03
7.89878E+00,1.86696E+00,6.48493E+00 
#t = 3.822E+03
6.52016E+00,1.24653E+00,4.83943E+00,1.95389E+00 
#t = 3.864E+03
4.40785E+00,2.80456E+00,4.19299E+00 
#t = 3.906E+03
2.78432E+00,4.51872E+00 
#t = 3.948E+03
1.85789E+00,2.66677E+00,1.47275E+00 
#t = 3.990E+03
1.70952E+00 
#t = 4.032E+03
1.05707E+01,4.56593E-01,2.87340E+00,7.73309E+00,1.37333E+00,1.89197E+00,1.87640E+00,1.20774E+00 
#t = 4.074E+03
1.05707E+01,3.15487E+00,2.59493E+00 
#t = 4.116E+03
5.09012E+00,5.35721E+00,1.13915E+01,3.20225E+00,2.41091E+00,3.01018E+00,1.97074E+00 
#t = 4.158E+03
4.17371E+00,9.73054E+00,9.37632E-01,3.88525E+00 
#t = 4.200E+03
4.14890E+00,2.14571E+00,4.30466E+00 
