#t = 0.000E+00
3.28576E+00,1.94348E+00,1.32426E+00,2.87733E+00,8.79192E-01 
#t = 4.200E+01
5.38338E+00 
#t = 8.400E+01
9.87493E+00,4.05133E+00,4.46756E+00 
#t = 1.260E+02
1.97496E+00,2.18900E+00,1.85822E+00,2.76587E+00,1.57576E+00 
#t = 1.680E+02
1.02658E+00 
#t = 2.100E+02
2.97491E+00,5.66928E+00,2.86396E+00,2.79215E+00,2.27583E+00 
#t = 2.520E+02
6.23546E+00,4.10731E+00,2.26291E+00,1.82904E+00,4.27063E+00,2.94396E+00 
#t = 2.940E+02
3.15834E+00,3.09785E+00 
#t = 3.360E+02
7.32887E+00,2.61942E+00,3.30172E+00,1.52779E+00,3.64934E+00,1.99362E+00,3.59972E+00 
#t = 3.780E+02
3.56647E+00,1.79812E+00,1.99084E+00,6.55135E+00,4.95436E+00 
#t = 4.200E+02
2.93907E+00,6.92941E+00,6.72031E-01 
#t = 4.620E+02
9.28213E+00,2.39138E+00,5.30924E+00 
#t = 5.040E+02
7.07531E+00,1.84376E+00,4.63236E+00,2.35680E+00,2.01674E+00,1.91908E+00,8.66837E-01 
#t = 5.460E+02
6.67578E+00,4.15548E+00,5.30881E+00 
#t = 5.880E+02
6.59310E+00,1.85201E+00,2.85208E+00,5.74752E+00 
#t = 6.300E+02
1.59791E+00 
#t = 6.720E+02
2.80320E+00,1.48683E+01,2.60608E+00,5.26320E+00,4.76065E+00 
#t = 7.140E+02
1.48683E+01,1.48683E+01,1.48683E+01,8.23762E+00,1.48683E+01,1.48683E+01,1.48683E+01,2.57903E+00,1.48683E+01,1.48683E+01,4.03030E+00,1.48683E+01,7.96407E+00,1.48683E+01,2.19675E+00,2.72561E+00 
#t = 7.560E+02
1.48683E+01,1.48683E+01,1.48683E+01,1.48683E+01,1.48683E+01,1.48683E+01,1.48683E+01,1.10586E+01,1.48683E+01,1.48683E+01,6.05214E+00,3.14527E+00 
#t = 7.980E+02
1.48683E+01,1.48683E+01,1.48683E+01,1.48683E+01,1.48683E+01,1.48683E+01,1.48683E+01,1.48683E+01,1.48683E+01,3.03052E+00,1.75185E+00,1.48683E+01,2.37896E+00 
#t = 8.400E+02
1.48683E+01,1.48683E+01,1.48683E+01,1.48683E+01,1.48683E+01,1.48683E+01,1.48683E+01,2.92410E+00,6.63758E+00,1.48683E+01,8.50789E+00,1.48683E+01,1.48683E+01,1.48683E+01,2.50755E+00 
#t = 8.820E+02
1.48683E+01,1.48683E+01,8.50789E+00,1.48683E+01,1.48683E+01,1.48683E+01,1.48683E+01,1.48683E+01,1.48683E+01,1.48683E+01,1.48683E+01,1.48683E+01,1.48683E+01,1.48683E+01 
#t = 9.240E+02
1.48683E+01,1.48683E+01,1.48683E+01,1.48683E+01,1.15922E+01,1.48683E+01,1.48683E+01,1.48683E+01,1.48683E+01,1.15922E+01,1.48683E+01,1.48683E+01,1.48683E+01,1.48683E+01,1.48683E+01,1.48683E+01,1.48683E+01,1.48683E+01,1.48683E+01,1.48683E+01,1.48683E+01,1.48683E+01,1.48683E+01,1.48683E+01,1.48683E+01 
#t = 9.660E+02
1.48683E+01,1.48683E+01,1.48683E+01,1.48683E+01,1.48683E+01,1.48683E+01,1.48683E+01,1.15922E+01,1.15922E+01,1.48683E+01,1.48683E+01,1.48683E+01,1.48683E+01,4.41049E+00,1.48683E+01,8.40977E+00,1.48683E+01,1.48683E+01,1.48683E+01,1.48683E+01,1.14819E+00 
#t = 1.008E+03
1.48683E+01,1.48683E+01,1.48683E+01,1.48683E+01,3.64882E+00,1.48683E+01,1.48683E+01,1.46909E+00,9.04369E-01 
#t = 1.050E+03
1.48683E+01,5.19903E+00,1.48683E+01,2.10753E+00,9.90687E-01 
#t = 1.092E+03
1.48683E+01,1.48683E+01,8.77222E+00,1.48683E+01,1.48683E+01,1.48683E+01,2.49292E+00,3.68851E+00 
#t = 1.134E+03
-9.99900E+03
#t = 1.176E+03
4.31918E+00,4.55745E+00,6.33892E+00,2.54901E+00,1.94160E+00 
#t = 1.218E+03
5.36990E+00 
#t = 1.260E+03
7.80582E+00,3.85343E+00,6.07889E+00 
#t = 1.302E+03
9.37471E+00,9.23340E+00,5.55493E+00,1.94757E+00,2.24333E+00,2.67384E+00,1.28409E+00,3.20265E+00 
#t = 1.344E+03
7.14885E+00,1.18081E+01,2.25396E+00,3.27983E+00 
#t = 1.386E+03
6.81704E+00,1.16969E+01,1.17076E+00,3.39454E+00,2.02924E+00 
#t = 1.428E+03
3.55161E+00,2.18208E+00 
#t = 1.470E+03
8.07404E+00,5.81898E+00,3.21284E+00 
#t = 1.512E+03
3.82172E+00,1.21448E+01,4.48568E+00 
#t = 1.554E+03
1.21448E+01,1.21448E+01,2.68557E+00,2.80588E+00 
#t = 1.596E+03
1.21448E+01,2.89297E+00,5.63533E+00 
#t = 1.638E+03
1.21448E+01,1.21448E+01,6.86787E+00 
#t = 1.680E+03
1.21448E+01,2.77595E+00 
#t = 1.722E+03
1.49988E+01,1.49988E+01,1.34401E+00,3.50274E+00 
#t = 1.764E+03
8.60911E+00,3.10629E+00,3.16861E+00,3.34875E+00,8.51198E+00 
#t = 1.806E+03
1.82915E+00,4.14169E+00,1.94607E+00 
#t = 1.848E+03
6.10861E+00,4.10349E+00,3.30665E+00 
#t = 1.890E+03
1.01377E+01,6.56177E+00,5.23618E+00,1.97039E+00,6.06245E+00,1.02399E+00,2.81712E+00 
#t = 1.932E+03
3.34368E+00,1.72775E+00,3.36621E+00 
#t = 1.974E+03
8.50581E+00,4.28823E+00,2.24330E+00,2.58674E+00,7.85227E+00 
#t = 2.016E+03
2.88773E+00,1.73372E+00 
#t = 2.058E+03
8.28557E+00,1.88831E+00,1.71919E+00 
#t = 2.100E+03
3.66252E+00,9.65083E+00,3.57151E+00,2.99574E+00,3.33655E+00,5.05935E+00,3.21268E+00 
#t = 2.142E+03
3.75295E+00,1.29111E+00,2.30420E+00,1.14966E+00 
#t = 2.184E+03
5.39703E+00,2.67963E+00,4.62687E+00 
#t = 2.226E+03
2.15541E+00,4.13691E+00,2.21155E+00,2.62900E+00,1.30255E+00,1.01528E+00 
#t = 2.268E+03
5.46667E+00,3.41256E+00,3.22180E+00 
#t = 2.310E+03
5.66471E+00,3.77064E+00,3.49248E+00 
#t = 2.352E+03
9.09028E+00,2.92629E+00,3.27937E+00,1.40231E+00,7.10897E+00 
#t = 2.394E+03
7.36692E+00 
#t = 2.436E+03
5.07858E+00,2.77716E+00 
#t = 2.478E+03
4.34598E+00,5.81179E+00,4.72291E+00,4.86985E+00 
#t = 2.520E+03
1.71850E+00,2.54598E+00,4.05745E+00,1.51987E+00,1.81457E+00 
#t = 2.562E+03
1.78723E+00,4.47113E+00,4.48667E+00,2.62281E+00 
#t = 2.604E+03
3.28522E+00,2.76101E+00 
#t = 2.646E+03
5.21426E+00,2.02748E+00 
#t = 2.688E+03
5.00747E+00,1.04096E+00,9.31724E+00 
#t = 2.730E+03
6.39978E+00,9.07870E+00,2.43887E+00,2.61551E+00 
#t = 2.772E+03
8.49634E+00,7.26709E+00,2.99840E+00 
#t = 2.814E+03
8.49634E+00,9.29721E+00,5.55158E+00,5.12389E+00 
#t = 2.856E+03
1.51597E+00,2.82100E+00 
#t = 2.898E+03
4.49361E+00,1.24913E+00,2.89877E+00 
#t = 2.940E+03
3.19240E+00,3.75120E+00,3.92928E+00 
#t = 2.982E+03
4.92818E+00,4.68667E+00,5.59073E+00 
#t = 3.024E+03
4.19135E+00,5.15565E+00,6.37156E+00,7.52345E+00,6.14114E+00 
#t = 3.066E+03
8.40548E+00,3.23089E+00,1.20227E+00,2.06389E+00,7.67226E+00 
#t = 3.108E+03
2.10270E+00,3.90892E+00,4.19748E+00,9.69703E+00 
#t = 3.150E+03
9.69703E+00,1.66192E+00 
#t = 3.192E+03
2.36636E+00,3.39500E+00,3.28651E+00 
#t = 3.234E+03
8.15570E+00,2.46433E+00,2.16654E+00,1.45213E+01,4.87319E+00,1.87482E+00,2.05600E+00,4.45661E+00 
#t = 3.276E+03
1.45213E+01,2.65673E+00,2.05864E+00,1.05259E+00 
#t = 3.318E+03
1.45213E+01,8.89137E+00,6.75035E+00,2.19743E+00,3.08895E+00,2.65504E+00 
#t = 3.360E+03
7.10331E+00,3.47337E+00,6.35895E+00 
#t = 3.402E+03
4.35945E+00,4.82097E+00,4.86603E+00,5.53188E+00,2.68775E+00,4.73565E+00,2.10752E+00,1.47406E+00,2.60866E+00 
#t = 3.444E+03
2.40969E+00,2.23467E+00,1.97402E+00,2.86175E+00 
#t = 3.486E+03
9.31388E+00,3.62170E+00 
#t = 3.528E+03
8.98607E+00,8.24780E+00,1.55589E+00,2.12558E+00 
#t = 3.570E+03
8.98607E+00,3.59682E+00,3.22443E+00,3.62359E+00,2.07642E+00 
#t = 3.612E+03
8.13838E+00,4.69704E+00,6.46758E+00,5.55076E+00,1.66461E+00 
#t = 3.654E+03
6.22945E+00,6.02095E+00,4.28600E+00,4.85115E-01,5.01246E+00 
#t = 3.696E+03
7.97781E+00,4.73574E+00,5.73253E+00,3.08828E+00,1.47392E+00,4.68468E+00,4.44201E+00 
#t = 3.738E+03
1.44818E+00 
#t = 3.780E+03
5.24819E+00,2.27071E+00,3.80008E+00,3.07500E+00 
#t = 3.822E+03
1.06952E+01,2.03281E+00,1.62874E+00,2.01737E+00 
#t = 3.864E+03
9.51585E-01,2.99770E+00,2.63930E+00 
#t = 3.906E+03
2.12000E+00 
#t = 3.948E+03
6.32062E+00,2.83547E+00,1.97781E+00 
#t = 3.990E+03
2.95515E+00,7.39731E+00,4.80588E+00 
#t = 4.032E+03
1.29256E+01,1.74810E+00,8.03128E+00 
#t = 4.074E+03
1.29256E+01,1.29256E+01,2.22028E+00,2.96832E+00,1.50743E+00,4.04837E+00 
#t = 4.116E+03
1.29256E+01,1.29256E+01,1.29256E+01,8.11318E+00,1.29256E+01,4.57980E+00,1.84209E+00,1.29256E+01,2.65904E+00,1.66295E+00 
#t = 4.158E+03
1.29256E+01,1.29256E+01,1.29256E+01,1.68643E+00,1.29256E+01,1.29256E+01,1.32465E+00,1.29256E+01,1.39979E+00 
#t = 4.200E+03
1.29256E+01,1.29256E+01,1.29256E+01,4.45498E+00,2.03661E+00,6.80363E+00 
