#t = 0.000E+00
3.54215E+00,1.95063E+00,1.61001E+00,1.77063E+00,2.48465E+00 
#t = 4.200E+01
6.30842E+00,6.58787E+00,6.18550E+00,4.44207E+00 
#t = 8.400E+01
-9.99900E+03
#t = 1.260E+02
1.01655E+01,1.09340E+00,3.25031E+00 
#t = 1.680E+02
9.13872E+00,4.33740E+00,2.25499E+00 
#t = 2.100E+02
5.51264E+00,8.22813E+00,5.88114E+00 
#t = 2.520E+02
1.92691E+00,3.80131E+00,5.78170E+00,2.56726E+00,4.73814E+00 
#t = 2.940E+02
2.74250E+00 
#t = 3.360E+02
3.38699E+00,3.02997E+00 
#t = 3.780E+02
1.01428E+01,3.25954E+00,4.67701E+00,2.55196E+00 
#t = 4.200E+02
1.01428E+01,2.65166E+00,1.72393E+00 
#t = 4.620E+02
3.75792E+00 
#t = 5.040E+02
9.66323E+00,2.64006E+00,8.21752E+00 
#t = 5.460E+02
9.58688E+00,3.44488E+00,1.64445E+00,1.07263E+01 
#t = 5.880E+02
9.58688E+00,1.07263E+01,1.07263E+01,3.18230E+00,1.30517E+00 
#t = 6.300E+02
9.58688E+00,1.07263E+01,8.15542E+00,7.62392E+00,6.55864E+00,7.34100E+00 
#t = 6.720E+02
9.58688E+00,5.75746E+00 
#t = 7.140E+02
6.35049E+00,4.56122E+00,5.11046E+00,3.53106E+00 
#t = 7.560E+02
9.25586E+00,2.43425E+00,1.00675E+01,2.25500E+00,5.77198E+00 
#t = 7.980E+02
4.29763E+00,6.59757E+00,3.27341E+00 
#t = 8.400E+02
-9.99900E+03
#t = 8.820E+02
4.88010E+00,3.82428E+00,4.88929E+00,2.81305E+00,4.49083E+00 
#t = 9.240E+02
1.95503E+00,2.29703E+00,4.33247E+00,1.44515E+00,1.79777E+00,2.37960E+00 
#t = 9.660E+02
4.16842E+00 
#t = 1.008E+03
3.54279E+00,5.12883E+00,4.01048E+00,2.31678E+00,3.16957E+00,1.20833E+00 
#t = 1.050E+03
4.12363E+00,1.45153E+00,1.12542E+00 
#t = 1.092E+03
2.39322E+00,6.04066E+00,7.02944E+00,4.44112E+00,4.29569E+00 
#t = 1.134E+03
5.36931E+00,2.60425E+00 
#t = 1.176E+03
6.50859E+00,5.15337E+00,3.75158E+00,4.13337E+00 
#t = 1.218E+03
8.92114E+00,3.88497E+00,1.70103E+00,1.33848E+00 
#t = 1.260E+03
-9.99900E+03
#t = 1.302E+03
1.63292E+00,1.01090E+00,2.39624E+00,3.74973E+00 
#t = 1.344E+03
4.36473E+00,4.14039E+00 
#t = 1.386E+03
2.36906E+00,4.90088E+00,2.53286E+00,1.76016E+00,5.11519E+00 
#t = 1.428E+03
9.55850E+00,7.78124E+00,2.36315E+00,4.92124E+00,9.94886E-01,2.15215E+00 
#t = 1.470E+03
3.57707E+00,6.31142E+00,3.39301E+00,3.20128E+00,3.94145E+00,3.43884E+00 
#t = 1.512E+03
6.97438E+00,4.18540E+00,3.08742E+00,6.03752E+00,4.49129E+00,2.79796E+00,1.42652E+00 
#t = 1.554E+03
3.64043E+00,4.59973E+00,1.22983E+01 
#t = 1.596E+03
8.38045E+00,1.22983E+01,4.73863E+00,3.68696E+00,2.95110E+00 
#t = 1.638E+03
1.22983E+01,3.21951E+00,5.01443E+00,4.03796E+00,4.74110E+00,4.93039E+00,1.06828E+00 
#t = 1.680E+03
6.70352E+00,4.77855E+00,4.77804E+00,2.95736E+00,3.44268E+00,2.06851E+00 
#t = 1.722E+03
5.62407E+00,1.40182E+00,7.78411E-01,3.58354E+00 
#t = 1.764E+03
1.07659E+01,8.97491E+00,5.37954E+00,2.18925E+00,9.52155E+00 
#t = 1.806E+03
8.97491E+00,9.52155E+00,6.09291E+00,2.99937E+00,2.67152E+00,3.32665E+00,1.15073E+00,5.04672E+00,8.86540E+00 
#t = 1.848E+03
2.65782E+00,3.76614E+00,1.26413E+00,1.96550E+00 
#t = 1.890E+03
5.29851E+00,2.61056E+00,5.23427E+00,6.04094E+00,3.28529E+00,3.99472E+00,8.02909E+00,2.67905E+00 
#t = 1.932E+03
5.75879E+00,2.45238E+00,2.34750E+00,3.82122E+00 
#t = 1.974E+03
4.08007E+00 
#t = 2.016E+03
6.51599E+00,2.42480E+00,2.79615E+00,3.62831E+00,2.95115E+00 
#t = 2.058E+03
3.77657E+00,7.93086E+00,2.74527E+00,2.08444E+00 
#t = 2.100E+03
6.02642E+00,9.18256E+00,4.42529E+00,3.33386E+00 
#t = 2.142E+03
2.67244E+00,2.08625E+00,1.51320E+00,2.01201E+00 
#t = 2.184E+03
5.55160E+00,4.04813E+00,1.70372E+00,5.18693E+00,1.79889E+00,5.03830E+00,1.98699E+00 
#t = 2.226E+03
2.89845E+00,2.41718E+00,6.55207E+00,3.38936E+00,3.93641E+00,3.31148E+00 
#t = 2.268E+03
7.96996E+00,6.43562E+00,9.90831E+00 
#t = 2.310E+03
9.90831E+00,7.07103E+00,1.29214E+01,1.29214E+01,3.09586E+00 
#t = 2.352E+03
2.54439E+00 
#t = 2.394E+03
1.35593E+01,3.95291E+00,2.02320E+00,1.88021E+00 
#t = 2.436E+03
4.05469E+00,6.56982E+00,4.66896E+00,1.15774E+01,3.29069E+00,1.41541E+01 
#t = 2.478E+03
1.41541E+01,1.41541E+01,1.41541E+01,1.41541E+01,1.15774E+01,1.15774E+01,2.13485E+00 
#t = 2.520E+03
1.41541E+01,1.34939E+00,2.28109E+00,1.32091E+00 
#t = 2.562E+03
-9.99900E+03
#t = 2.604E+03
5.07224E+00,4.98836E+00 
#t = 2.646E+03
9.94286E+00,5.34035E+00 
#t = 2.688E+03
8.63175E+00,1.05008E+00,2.05358E+00,2.90795E+00,4.97423E+00 
#t = 2.730E+03
6.42803E+00,5.10698E+00,1.93141E+00 
#t = 2.772E+03
7.84045E+00,5.47686E+00,4.86263E+00,2.72008E+00,4.99819E+00,4.09943E+00 
#t = 2.814E+03
3.64883E+00,4.22956E+00,3.97171E+00,4.41852E+00 
#t = 2.856E+03
5.84432E+00,2.74942E+00,8.85776E+00,7.98224E+00,1.74136E+00 
#t = 2.898E+03
1.14506E+01,7.14420E+00,5.83728E+00,4.02774E+00,3.52843E+00,3.87027E+00 
#t = 2.940E+03
1.15870E+01,1.14506E+01,1.14506E+01,1.06525E+01,7.67550E+00,1.14506E+01,4.27731E+00,3.03628E+00,3.81811E+00,3.81565E+00,4.40640E+00,1.14506E+01,2.78431E+00 
#t = 2.982E+03
6.58609E+00,5.94693E+00,3.10111E+00 
#t = 3.024E+03
2.17138E+00 
#t = 3.066E+03
1.86895E+00,1.76873E+00,1.87724E+00 
#t = 3.108E+03
6.02536E+00,7.72414E+00,3.69247E+00 
#t = 3.150E+03
3.71007E+00,3.16685E+00 
#t = 3.192E+03
8.11937E+00,1.30534E+00,2.95283E+00 
#t = 3.234E+03
1.18258E+01,1.18258E+01,1.18258E+01,1.18258E+01,1.18258E+01,1.18258E+01,6.00579E+00,2.00400E+00 
#t = 3.276E+03
1.18258E+01,1.18258E+01,1.18258E+01,2.99217E+00,1.51510E+00,1.18258E+01,2.10176E+00,2.22609E+00 
#t = 3.318E+03
1.02444E+01,6.43840E+00,6.09646E+00,2.08836E+00,2.07858E+00,3.83829E+00,1.89061E+00,2.04837E+00 
#t = 3.360E+03
3.63800E+00,2.57622E+00,1.29745E+00 
#t = 3.402E+03
1.34603E+00 
#t = 3.444E+03
5.15008E+00,3.16239E+00,3.53039E+00,1.36256E+00,3.39189E+00 
#t = 3.486E+03
2.14698E+00,1.53666E+00,2.07771E+00,1.86347E+00 
#t = 3.528E+03
3.31597E+00,2.98559E+00,7.47737E+00,4.59841E+00,4.50639E+00,7.83038E+00 
#t = 3.570E+03
5.05022E+00,6.37505E+00 
#t = 3.612E+03
1.63402E+00,5.57765E+00,2.83386E+00,1.71526E+00,1.02568E+01,2.04693E+00,2.17774E+00 
#t = 3.654E+03
1.02568E+01,5.78404E+00,3.10015E+00 
#t = 3.696E+03
6.21514E+00,1.87073E+00,2.40256E+00 
#t = 3.738E+03
1.73057E+00 
#t = 3.780E+03
2.21295E+00,4.26543E+00,6.26270E+00,4.64063E+00 
#t = 3.822E+03
8.14680E+00,3.35772E+00,3.53073E+00,1.68639E+00,2.36317E+00 
#t = 3.864E+03
2.42267E+00,3.67134E+00,2.37072E+00 
#t = 3.906E+03
4.76772E+00,2.73435E+00 
#t = 3.948E+03
2.57293E+00,1.28280E+00,1.27411E+00,1.01321E+01,9.54620E-01 
#t = 3.990E+03
1.00044E+01,1.56156E+00 
#t = 4.032E+03
-9.99900E+03
#t = 4.074E+03
3.69257E+00,2.99606E+00,1.45821E+00 
#t = 4.116E+03
1.67697E+00,2.17804E+00 
#t = 4.158E+03
5.73946E+00,1.81969E+00,1.26629E+00,2.07519E+00,3.68094E+00 
#t = 4.200E+03
1.01536E+01,8.01524E+00,3.42115E+00,2.20461E+00,5.70293E+00,2.88965E+00,3.45451E+00,5.76915E+00,4.04194E+00 
