#t = 0.000E+00
2.22142E+00,1.45904E+00,1.81706E+00,1.24946E+00,3.39034E+00 
#t = 4.200E+01
-9.99900E+03
#t = 8.400E+01
1.83970E+00,1.87054E+00,2.95172E+00,2.07421E+00,3.99876E+00 
#t = 1.260E+02
5.02540E+00,1.18141E+01,5.77191E+00,8.51756E+00,8.12725E-01,3.31455E+00,1.71689E+00 
#t = 1.680E+02
1.18141E+01,1.18141E+01,1.18141E+01,3.96227E+00,1.59241E+00,5.34503E+00 
#t = 2.100E+02
6.35535E+00,9.92119E+00,3.98025E+00,2.98751E+00 
#t = 2.520E+02
3.09144E+00,1.64232E+00 
#t = 2.940E+02
3.57833E+00,2.90533E+00,3.69855E+00,3.01064E+00 
#t = 3.360E+02
1.89460E+00,3.45898E+00 
#t = 3.780E+02
1.23131E+00,2.62176E+00,7.85065E+00 
#t = 4.200E+02
4.91216E+00,7.13028E+00,1.83586E+00 
#t = 4.620E+02
1.21424E+01,5.08771E+00,6.58179E+00,1.21424E+01,3.16278E+00,2.00541E+00,1.17149E+00,3.75229E+00 
#t = 5.040E+02
1.21424E+01,4.30217E+00,9.95250E+00,1.59839E+00 
#t = 5.460E+02
3.02583E+00,1.11881E+00,3.41356E+00 
#t = 5.880E+02
5.97437E+00,2.65938E+00 
#t = 6.300E+02
-9.99900E+03
#t = 6.720E+02
3.46276E+00,8.17535E+00,2.16002E+00,4.03573E+00 
#t = 7.140E+02
8.17535E+00,5.90084E+00,3.94099E+00,6.53064E-01,5.67560E+00 
#t = 7.560E+02
1.05933E+01,1.84272E+01,5.02989E+00,2.48937E+00 
#t = 7.980E+02
6.27333E+00,6.29013E+00,4.41415E+00,1.48190E+00 
#t = 8.400E+02
2.44189E+00,1.16280E+00 
#t = 8.820E+02
6.53492E+00,3.25736E+00,4.79754E+00 
#t = 9.240E+02
1.37280E+00 
#t = 9.660E+02
1.29487E+01,1.29487E+01,1.77172E+01,1.29487E+01,1.77172E+01,1.29487E+01,5.84228E+00,9.06446E-01,1.29487E+01 
#t = 1.008E+03
1.29487E+01,1.29487E+01,1.29487E+01,1.29487E+01,1.29487E+01,7.89802E+00,5.29947E+00,3.49418E+00,1.29487E+01,3.85169E+00,4.90588E+00,2.02733E+00,2.51395E+00 
#t = 1.050E+03
1.29487E+01,9.23651E+00,1.29487E+01,1.29487E+01,1.29487E+01,1.29487E+01,1.29487E+01,9.63166E+00,1.29487E+01,4.15492E+00,1.29487E+01,1.85370E+00,2.64610E+00,1.29487E+01,1.29487E+01,1.29487E+01,4.11819E+00,4.29774E+00 
#t = 1.092E+03
1.29487E+01,1.29487E+01,1.29487E+01,1.29487E+01,1.29487E+01,1.29487E+01,1.29487E+01,1.29487E+01,1.29487E+01,1.29487E+01,7.53570E+00,1.29487E+01,1.29487E+01,1.29487E+01,9.63826E+00,1.29487E+01,1.29487E+01,4.50000E+00,1.29487E+01,4.31795E+00,1.29487E+01,3.83558E+00,4.04037E+00,1.58640E+00,1.55587E+01,1.84278E+00 
#t = 1.134E+03
1.29487E+01,1.29487E+01,1.29487E+01,1.29487E+01,1.29487E+01,1.55587E+01,1.29487E+01,1.29487E+01,1.55587E+01,6.99957E+00,1.29487E+01,1.77703E+00,1.29487E+01,1.29487E+01,5.32785E+00,1.29487E+01,1.29487E+01 
#t = 1.176E+03
1.29487E+01,1.29487E+01,1.29487E+01,1.55587E+01,1.55587E+01,1.29487E+01,1.29487E+01,1.55587E+01,1.29487E+01,3.95275E+00,1.55587E+01,3.51538E+00,8.19168E+00,4.36004E+00,6.90178E+00,1.29487E+01,3.10363E+00,1.61074E+00 
#t = 1.218E+03
1.29487E+01,1.29487E+01,1.29487E+01,1.29487E+01,1.29487E+01,1.29487E+01,1.29487E+01,1.29487E+01,3.57967E+00,1.29487E+01,1.29487E+01,1.29487E+01,3.72449E+00,1.29487E+01,7.65581E+00,1.29487E+01,1.29487E+01,1.29487E+01,1.29487E+01,1.29487E+01,2.05449E+00 
#t = 1.260E+03
1.29487E+01,1.13935E+01,1.13935E+01,1.29487E+01,1.29487E+01,1.13935E+01,1.13935E+01,1.29487E+01,3.64508E+00,7.76926E+00,1.29487E+01,1.29487E+01,1.13935E+01 
#t = 1.302E+03
1.29487E+01,1.13935E+01,1.29487E+01,1.13935E+01,1.13935E+01,1.13935E+01,1.13935E+01,1.13935E+01,1.13143E+00,1.13935E+01,1.13935E+01 
#t = 1.344E+03
1.13935E+01,4.62080E+00,4.43621E+00,1.13935E+01,1.13935E+01,3.87304E+00,1.13935E+01,3.32625E+00,1.43474E+00,8.92276E+00,2.23884E+00,8.64118E-01,4.88885E+00,2.94410E+00 
#t = 1.386E+03
1.13935E+01,1.13935E+01,3.09696E+00,4.09160E+00 
#t = 1.428E+03
1.13935E+01,3.26280E+00,3.80446E+00 
#t = 1.470E+03
1.13935E+01,1.13935E+01,5.47768E+00,5.87917E+00,1.51392E+00,3.00539E+00,1.13935E+01,2.98442E+00,2.13266E+00 
#t = 1.512E+03
4.92762E+00,1.12801E+01,3.83640E+00,5.58020E+00,2.39007E+00 
#t = 1.554E+03
4.61599E+00,2.14417E+00,4.47471E+00,2.28149E+00,1.71779E+00 
#t = 1.596E+03
1.61193E+01,1.61193E+01,2.85761E+00,1.37830E+00 
#t = 1.638E+03
1.61193E+01,1.61193E+01,1.61193E+01,1.61193E+01,4.33796E+00,1.61193E+01,1.61193E+01,1.61193E+01,2.57840E+00,1.94613E+00 
#t = 1.680E+03
1.61193E+01,1.61193E+01,1.61193E+01,1.61193E+01,1.61193E+01,1.61193E+01,1.61193E+01,1.61193E+01,1.61193E+01,1.61193E+01,7.19364E+00,4.10363E+00,1.04371E+00,1.61193E+01,9.52414E-01,2.59975E+00 
#t = 1.722E+03
1.61193E+01,1.61193E+01,1.61193E+01,1.61193E+01,1.61193E+01,1.61193E+01,1.61193E+01,6.53383E+00,1.61193E+01,1.61193E+01,1.61193E+01,2.07037E+00,1.19288E+00,1.61193E+01,2.91526E+00,1.91673E+00,2.29041E+00,1.61193E+01 
#t = 1.764E+03
1.61193E+01,1.61193E+01,1.61193E+01,1.61193E+01,7.06457E+00,1.61193E+01,1.61193E+01,1.61193E+01,1.61193E+01,1.97921E+00,1.42566E+00,3.50379E+00,3.31118E+00 
#t = 1.806E+03
1.61193E+01,1.61193E+01,1.61193E+01,1.61193E+01,1.61193E+01,1.61193E+01,1.61193E+01,1.61193E+01,1.61193E+01,1.61193E+01,1.61193E+01,1.79955E+00,1.61193E+01,1.61193E+01,1.61193E+01,3.50623E+00,1.61193E+01,1.61193E+01 
#t = 1.848E+03
1.61193E+01,1.61193E+01,1.61193E+01,1.61193E+01,4.98386E+00,1.49256E+00,1.61193E+01,1.61193E+01,1.74118E+00,1.06825E+00,1.61193E+01 
#t = 1.890E+03
1.61193E+01,5.91883E+00,2.37415E+00,5.97882E+00 
#t = 1.932E+03
1.61193E+01,8.25353E+00,1.61193E+01,3.53761E+00,1.61193E+01,3.41473E+00,1.61193E+01,1.61193E+01,3.68072E+00 
#t = 1.974E+03
8.25353E+00,1.61193E+01,4.77441E+00,1.00992E+01,1.61193E+01,3.48162E+00,6.98600E+00,1.45021E+00,4.32073E+00,3.38901E+00,1.61193E+01 
#t = 2.016E+03
8.25353E+00,1.61193E+01,1.76655E+00,1.61193E+01,6.90361E+00,1.02670E+00 
#t = 2.058E+03
6.90361E+00 
#t = 2.100E+03
4.76620E+00,4.46744E+00,3.66038E+00,4.34574E+00,1.52634E+00,7.19149E+00,1.21545E+00,5.13843E+00 
#t = 2.142E+03
4.12574E+00,4.58464E+00,2.17325E+00 
#t = 2.184E+03
3.35610E+00,4.38255E+00,5.13818E+00 
#t = 2.226E+03
3.82978E+00,4.03334E+00,2.65617E+00,1.67361E+00,3.96099E+00 
#t = 2.268E+03
6.78843E+00,4.62323E+00 
#t = 2.310E+03
4.30937E+00,5.09895E+00,2.72208E+00 
#t = 2.352E+03
3.17537E+00 
#t = 2.394E+03
3.26757E+00,1.41276E+01,5.34711E-01,2.11901E+00 
#t = 2.436E+03
3.41473E+00 
#t = 2.478E+03
2.27879E+00,6.01142E+00,2.31509E+00 
#t = 2.520E+03
1.01887E+01,2.06579E+00,1.07359E+01 
#t = 2.562E+03
7.82450E+00,5.18865E+00,5.27755E+00,1.65337E+00,8.74066E+00 
#t = 2.604E+03
6.72038E+00,6.46892E+00,5.11497E+00,3.90208E+00,1.74008E+00,2.56900E+00,2.55303E+00,2.54682E+00,2.89832E+00 
#t = 2.646E+03
2.98348E+00,2.56223E+00,3.59207E+00,1.90206E+00,6.73985E+00,2.06881E+00,2.32815E+00 
#t = 2.688E+03
3.40687E+00,5.05131E+00 
#t = 2.730E+03
8.36154E+00,6.30732E+00 
#t = 2.772E+03
5.28221E+00,2.11705E+00 
#t = 2.814E+03
3.19775E+00 
#t = 2.856E+03
2.27403E+00,5.54057E+00,1.68238E+00 
#t = 2.898E+03
4.78657E+00 
#t = 2.940E+03
1.99145E+00,7.91419E+00 
#t = 2.982E+03
6.12877E+00,3.23096E+00 
#t = 3.024E+03
4.81076E+00,2.24997E+00,3.21443E+00 
#t = 3.066E+03
8.83053E+00,2.90142E+00 
#t = 3.108E+03
5.29453E+00,5.31685E+00,1.98620E+00,6.02978E+00,2.63922E+00,2.84997E+00 
#t = 3.150E+03
3.61000E+00 
#t = 3.192E+03
1.11222E+01,7.74810E+00 
#t = 3.234E+03
1.11222E+01,1.11222E+01,6.43550E+00,5.50501E+00,5.35959E+00,3.21908E+00 
#t = 3.276E+03
5.64976E+00,9.84493E+00 
#t = 3.318E+03
9.84493E+00,8.27372E+00,2.35064E+00,1.94972E+00,1.22303E+00,4.19190E+00 
#t = 3.360E+03
8.46202E+00,4.25283E+00,2.61986E+00,1.61569E+00,2.58782E+00,2.95426E+00 
#t = 3.402E+03
1.13894E+01,1.30434E+00,2.76139E+00,1.13894E+01,1.13894E+01 
#t = 3.444E+03
1.13894E+01,1.13894E+01,1.13894E+01,3.12610E+00,1.13894E+01 
#t = 3.486E+03
1.13894E+01,9.07758E+00 
#t = 3.528E+03
4.28709E+00,3.94380E+00 
#t = 3.570E+03
-9.99900E+03
#t = 3.612E+03
5.19641E+00,1.99671E+00,2.55777E+00,1.63986E+00,2.33235E+00,3.58858E+00 
#t = 3.654E+03
8.75545E+00,6.52727E+00,4.45646E+00,4.56439E+00,1.27846E+00 
#t = 3.696E+03
6.76619E+00,2.76195E+00,2.46030E+00,2.01077E+00 
#t = 3.738E+03
7.42828E+00,3.02771E+00 
#t = 3.780E+03
6.43123E+00,6.31118E+00,2.81655E+00,4.07639E+00,1.68794E+00,3.26762E+00,2.69007E+00 
#t = 3.822E+03
4.21884E+00,3.03856E+00 
#t = 3.864E+03
6.05161E+00,8.44935E+00,1.84031E+00 
#t = 3.906E+03
8.44935E+00,6.42311E+00,8.29998E+00,1.25529E+00,2.86403E+00 
#t = 3.948E+03
9.02995E+00,7.58769E+00,2.98686E+00 
#t = 3.990E+03
2.12286E+00,4.20059E+00 
#t = 4.032E+03
2.74591E+00,6.65485E+00,3.73987E+00,8.05242E-01,3.09123E+00,8.88500E-01,2.48021E+00 
#t = 4.074E+03
9.16227E+00,6.57465E+00,3.72242E+00,1.13877E+00,5.11719E+00,3.46136E+00,1.61661E+00 
#t = 4.116E+03
7.28999E+00,2.22045E+00,6.55451E+00 
#t = 4.158E+03
1.05178E+01,3.28864E+00,2.97111E+00,3.61106E+00 
#t = 4.200E+03
1.05178E+01,1.05178E+01,5.60903E+00,5.97540E+00,4.04344E+00,3.36828E+00,2.99569E+00,1.07673E+00 
