#t = 0.000E+00
4.34834E+00,2.53022E+00,8.91437E-01,1.78230E+00,2.34322E+00 
#t = 4.200E+01
6.02534E+00,7.56374E-01,1.91357E+00 
#t = 8.400E+01
7.00167E+00,3.59321E+00,1.25066E+00 
#t = 1.260E+02
2.31555E+00,2.14906E+00,5.24056E+00,3.51998E+00,2.67942E+00,2.73085E+00 
#t = 1.680E+02
5.44231E+00,2.03554E+00,4.16635E+00,2.19878E+00,7.44819E+00 
#t = 2.100E+02
7.44819E+00,3.37399E+00,2.61332E+00,2.57118E+00 
#t = 2.520E+02
7.03917E+00,2.65033E+00,8.98124E+00,2.95827E+00 
#t = 2.940E+02
1.10555E+00 
#t = 3.360E+02
8.27010E+00,2.89493E+00,2.81050E+00,1.81855E+00,2.74117E+00 
#t = 3.780E+02
5.13704E+00,2.72136E+00 
#t = 4.200E+02
1.05691E+01,4.53397E+00,1.84839E+00,3.75238E+00 
#t = 4.620E+02
2.26868E+00,2.34465E+00,1.83662E+00,7.47410E+00 
#t = 5.040E+02
1.20485E+01,4.14030E+00,4.67563E+00,1.20485E+01 
#t = 5.460E+02
1.20485E+01,1.20485E+01,3.58112E+00,2.50141E+00,5.56846E+00,2.93947E+00,2.53147E+00 
#t = 5.880E+02
1.20485E+01 
#t = 6.300E+02
-9.99900E+03
#t = 6.720E+02
1.15114E+01,7.56726E+00,2.41684E+00,2.52946E+00,4.67831E+00,1.63294E+00,3.52138E+00 
#t = 7.140E+02
1.15114E+01,1.15114E+01,1.15114E+01,1.15114E+01,1.15114E+01,4.48333E+00,5.44985E+00,1.15114E+01,1.15114E+01,5.47529E+00 
#t = 7.560E+02
1.15114E+01,1.15114E+01,1.15114E+01,1.15114E+01,4.57128E+00,1.80771E+00,1.39070E+00,3.67445E+00,1.15114E+01 
#t = 7.980E+02
1.15114E+01,1.15114E+01,3.39431E+00,1.15114E+01,2.63084E+00,3.89024E+00,3.95592E+00,2.16582E+00,3.56482E+00 
#t = 8.400E+02
3.38340E+00,1.15114E+01,1.15114E+01,6.46168E+00,4.92473E+00,1.15114E+01 
#t = 8.820E+02
1.37789E+00,2.02729E+00,1.29298E+00,1.45841E+00,6.49098E+00 
#t = 9.240E+02
8.87848E+00,5.18690E+00,3.39163E+00,2.21172E+00 
#t = 9.660E+02
8.53934E+00,3.28513E+00,5.04508E+00,2.43476E+00,5.69255E+00,2.77070E+00,2.22145E+00 
#t = 1.008E+03
3.34749E+00,1.46025E+00,2.19847E+00 
#t = 1.050E+03
4.26373E+00,6.37652E-01 
#t = 1.092E+03
2.98337E+00,3.41381E+00,3.27785E+00,1.87895E+00 
#t = 1.134E+03
6.22764E+00,1.67106E+00,4.60260E+00,3.19079E+00,1.86030E+00 
#t = 1.176E+03
5.43197E+00,5.00746E+00,3.83993E+00,3.85722E+00 
#t = 1.218E+03
7.60390E+00,5.90272E+00,3.75774E+00,5.66022E+00 
#t = 1.260E+03
3.11305E+00,1.21728E+00 
#t = 1.302E+03
1.87413E+01,1.03889E+01,4.65139E+00,1.20487E+00,1.87413E+01,1.87413E+01 
#t = 1.344E+03
1.05415E+01,5.87999E+00,2.97610E+00,2.60501E+00 
#t = 1.386E+03
-9.99900E+03
#t = 1.428E+03
4.21000E+00,3.24748E+00,3.03078E+00 
#t = 1.470E+03
5.70239E+00,6.37880E+00,6.64075E+00,1.85695E+00,4.96175E+00 
#t = 1.512E+03
1.52537E+01,1.52537E+01,4.50023E+00,4.22325E+00,1.52537E+01,5.91708E+00,1.27259E+01,2.03586E+00,2.43331E+00 
#t = 1.554E+03
1.52537E+01,1.52537E+01,1.52537E+01,1.52537E+01,1.52537E+01,4.35633E+00,1.52537E+01,1.52537E+01,1.52537E+01,1.52537E+01,8.82242E-01 
#t = 1.596E+03
1.52537E+01,1.52537E+01,1.52537E+01,1.52537E+01,1.52537E+01,1.52537E+01,1.52537E+01,1.52537E+01,1.52537E+01,1.52537E+01,1.52537E+01,1.52537E+01,1.52537E+01,4.99814E+00,1.52537E+01,1.52537E+01,1.52537E+01,5.96549E+00,2.14494E+00 
#t = 1.638E+03
1.52537E+01,1.52537E+01,1.52537E+01,1.52537E+01,1.52537E+01,1.52537E+01,1.52537E+01,1.52537E+01,1.52537E+01,8.05663E+00,8.59821E-01,1.52537E+01,1.52537E+01,1.52537E+01,1.52537E+01,3.22148E+00,1.52537E+01,1.52537E+01,1.52537E+01,1.52537E+01,1.52537E+01,1.52537E+01 
#t = 1.680E+03
1.52537E+01,1.52537E+01,1.52537E+01,1.52537E+01,1.52537E+01,1.52537E+01,1.52537E+01,1.52537E+01,1.52537E+01,4.78997E+00,1.52537E+01,1.52537E+01,1.30542E+00,1.52537E+01,1.52537E+01,1.52537E+01,1.06608E+00,1.52537E+01,3.50909E+00,1.52537E+01,6.52898E+00,2.41603E+00,2.74059E+00,8.53030E+00 
#t = 1.722E+03
1.52537E+01,1.52537E+01,1.52537E+01,1.52537E+01,1.52537E+01,1.52537E+01,1.52537E+01,1.52537E+01,1.52537E+01,1.52537E+01,1.52537E+01,1.52537E+01,1.52537E+01,1.52537E+01,1.52537E+01,1.52537E+01,1.52537E+01,1.52537E+01,1.52537E+01,1.52537E+01,1.52537E+01,1.52537E+01,1.52537E+01,1.52537E+01,3.48274E+00,3.13490E+00,1.52537E+01,1.52537E+01,1.52537E+01,1.52537E+01,4.63575E+00,1.52537E+01,4.01575E+00,1.15457E+00 
#t = 1.764E+03
1.52537E+01,1.52537E+01,1.52537E+01,1.52537E+01,1.52537E+01,1.52537E+01,1.52537E+01,1.52537E+01,1.52537E+01,1.52537E+01,6.18227E+00,2.95720E+00,2.51336E+00,4.02476E+00,3.57499E+00,1.52537E+01,1.52537E+01,1.52537E+01,1.52537E+01,1.04400E+01,1.52537E+01,1.52537E+01 
#t = 1.806E+03
1.52537E+01,1.52537E+01,1.52537E+01,1.24178E+01,1.52537E+01,1.24178E+01,1.52537E+01,1.52537E+01,1.24178E+01,1.52537E+01,1.52537E+01,1.52537E+01,1.24178E+01,2.33782E+00,1.38821E+00,4.11945E+00,7.96469E-01,1.24178E+01,1.52537E+01 
#t = 1.848E+03
1.52537E+01,1.52537E+01,1.24178E+01,1.24178E+01,1.24178E+01,1.52537E+01,1.52537E+01,1.52537E+01,1.52537E+01,1.52537E+01,1.52537E+01,1.24178E+01,1.24178E+01,5.06754E+00,1.24178E+01,5.24257E+00,1.24178E+01,1.24178E+01,1.52537E+01,8.17816E-01,1.52537E+01,1.52537E+01,1.52537E+01 
#t = 1.890E+03
1.24178E+01,1.52537E+01,1.24178E+01,1.52537E+01,1.24178E+01,1.24178E+01,1.52537E+01,8.59611E+00,1.52537E+01,1.24178E+01,1.52537E+01,1.24178E+01,1.24178E+01,1.24178E+01,1.52537E+01,1.52537E+01,1.24178E+01,1.24178E+01,1.24178E+01,4.59074E+00,1.52537E+01,1.24178E+01,1.24572E+00,3.11608E+00 
#t = 1.932E+03
1.24178E+01,1.52537E+01,1.24178E+01,1.24178E+01,1.52537E+01,1.24178E+01,1.24178E+01,1.24178E+01,1.24178E+01,1.52537E+01,1.24178E+01,1.24178E+01,8.18818E+00,1.24178E+01,1.24178E+01,1.24178E+01,1.52537E+01,1.24178E+01,1.24178E+01,1.24178E+01,2.15234E+00,6.81553E+00,1.52537E+01,1.24178E+01,1.24178E+01,2.58296E+00,8.47451E+00 
#t = 1.974E+03
1.52537E+01,1.24178E+01,1.24178E+01,1.24178E+01,1.24178E+01,1.24178E+01,1.24178E+01,1.24178E+01,1.24178E+01,1.24178E+01,1.24178E+01,1.52537E+01,1.24178E+01,1.24178E+01,1.24178E+01,1.24178E+01,1.46310E+00,1.24178E+01,4.30217E+00,2.22770E+00,1.52537E+01 
#t = 2.016E+03
1.24178E+01,1.24178E+01,1.24178E+01,1.24178E+01,1.24178E+01,1.24178E+01,1.24178E+01,1.24178E+01,1.24178E+01,1.24178E+01,1.24178E+01 
#t = 2.058E+03
1.24178E+01,1.24178E+01,1.24178E+01,1.24178E+01,1.24178E+01,1.24178E+01,1.24178E+01,1.24178E+01,1.24178E+01,1.24178E+01,1.24178E+01,1.24178E+01,1.24178E+01,6.33552E+00,2.88071E+00,1.24178E+01,1.24178E+01,1.24178E+01,1.24178E+01,1.24178E+01,4.02621E+00,1.24178E+01,1.76217E+00,1.24178E+01 
#t = 2.100E+03
1.24178E+01,1.24178E+01,1.24178E+01,1.24178E+01,1.24178E+01,1.24178E+01,1.24178E+01,1.24178E+01,1.24178E+01,1.24178E+01,1.08242E+01,6.88695E+00,1.24178E+01,5.71023E+00,1.24178E+01,3.07808E+00,1.24178E+01,1.24178E+01,1.24178E+01,1.24178E+01 
#t = 2.142E+03
1.24178E+01,1.24178E+01,3.34784E+00,1.24178E+01 
#t = 2.184E+03
6.50474E+00,4.90282E+00,4.73540E+00,5.76875E+00,7.67366E+00,4.72498E+00,1.92143E+00,2.02161E+00 
#t = 2.226E+03
2.64922E+00 
#t = 2.268E+03
8.33808E+00,3.94515E+00,9.15793E-01 
#t = 2.310E+03
1.48674E+01,1.48674E+01,3.40901E+00,2.71081E+00,2.17411E+00 
#t = 2.352E+03
2.36078E+00,5.20968E+00 
#t = 2.394E+03
2.37804E+00,1.42108E+00 
#t = 2.436E+03
4.01173E+00,2.34804E+00 
#t = 2.478E+03
7.73556E+00,3.40383E+00,6.83677E+00 
#t = 2.520E+03
2.55230E+00,1.11216E+01,1.11216E+01,4.51610E+00 
#t = 2.562E+03
1.11216E+01,9.62448E+00,1.90404E+00 
#t = 2.604E+03
1.11216E+01,1.43833E+00,3.23878E+00,5.10754E+00 
#t = 2.646E+03
8.18623E+00,7.00689E+00,8.93196E+00 
#t = 2.688E+03
7.95301E+00,2.27256E+00,5.11048E+00 
#t = 2.730E+03
-9.99900E+03
#t = 2.772E+03
7.56708E+00,1.92907E+00 
#t = 2.814E+03
8.24355E+00,6.34806E+00,8.53353E+00,1.91000E+00,4.38944E+00,9.28328E+00,2.72007E+00 
#t = 2.856E+03
4.22517E+00,2.09072E+00 
#t = 2.898E+03
9.82994E-01,8.08812E+00 
#t = 2.940E+03
-9.99900E+03
#t = 2.982E+03
6.97256E+00,3.80221E+00,1.10933E+00,3.07140E+00,6.38020E+00,4.37064E+00 
#t = 3.024E+03
4.68143E+00,1.20827E+00,4.35237E+00,2.01507E+00,7.93882E+00,3.12345E+00,2.78029E+00 
#t = 3.066E+03
9.54385E+00,6.21363E+00,3.88367E+00 
#t = 3.108E+03
3.73601E+00,4.31286E+00 
#t = 3.150E+03
-9.99900E+03
#t = 3.192E+03
6.62121E+00,5.86678E+00,1.13721E+01 
#t = 3.234E+03
3.97298E+00,3.61687E+00 
#t = 3.276E+03
9.10366E+00,5.69374E+00,4.06605E+00,3.63150E+00 
#t = 3.318E+03
9.82437E+00,2.93055E+00,9.25498E+00,2.83734E+00,3.79115E+00,1.10346E+01,5.81452E+00 
#t = 3.360E+03
1.10346E+01,1.10346E+01,1.09996E+01,1.10346E+01,1.09996E+01,6.50397E+00,1.10346E+01,1.06084E+00 
#t = 3.402E+03
8.40561E+00,3.31588E+00,4.59803E+00,1.07372E+00 
#t = 3.444E+03
3.64851E+00,4.43392E+00 
#t = 3.486E+03
1.47218E+01,1.71260E+00,1.49800E+00,3.68869E+00 
#t = 3.528E+03
2.04866E+00,3.77670E+00 
#t = 3.570E+03
4.68141E+00,1.31286E+00 
#t = 3.612E+03
7.08639E+00,6.67781E+00,9.96652E+00,7.20277E+00,4.66691E+00 
#t = 3.654E+03
-9.99900E+03
#t = 3.696E+03
2.90233E+00,2.54425E+00 
#t = 3.738E+03
2.39437E+00,5.09233E+00,2.16571E+00,2.13775E+00 
#t = 3.780E+03
1.26634E+01,1.26634E+01,1.26634E+01,1.23594E+00,1.33135E+00 
#t = 3.822E+03
1.26634E+01,8.29570E+00,1.26634E+01,1.26634E+01,3.46064E+00,2.84895E+00,2.50230E+00,4.88411E+00 
#t = 3.864E+03
1.26634E+01,1.26634E+01,1.26634E+01,1.26634E+01,1.26634E+01,1.26634E+01,1.26634E+01,1.26634E+01,2.79113E+00,1.26634E+01,1.98180E+00,1.26634E+01,1.26634E+01 
#t = 3.906E+03
1.26634E+01,1.26634E+01,1.26634E+01,1.26634E+01,1.26634E+01,1.26634E+01,1.26634E+01,1.26634E+01,1.26634E+01,1.26634E+01,1.26634E+01,7.02262E+00,1.26634E+01,1.26634E+01,6.55907E+00,1.26634E+01,1.26634E+01,4.90271E+00,1.71160E+00,1.26634E+01,2.11881E+00,2.37179E+00,1.26634E+01,4.64340E+00 
#t = 3.948E+03
1.26634E+01,1.26634E+01,1.12473E+01,1.12473E+01,1.12473E+01,1.12473E+01,1.26634E+01,1.26634E+01,1.26634E+01,1.26634E+01 
#t = 3.990E+03
1.12473E+01,1.26634E+01,1.26634E+01,1.26634E+01,1.26634E+01,1.26634E+01,1.26634E+01,1.26634E+01,1.26634E+01,1.26634E+01,5.87936E+00,1.26634E+01,2.32951E+00,1.26634E+01,2.22556E+00 
#t = 4.032E+03
1.26634E+01,1.26634E+01,1.26634E+01,1.12473E+01,1.26634E+01,1.26634E+01,1.26634E+01,1.26634E+01,1.26634E+01,1.26634E+01,1.12473E+01,1.12473E+01,1.12473E+01,1.26634E+01,1.26634E+01,1.12473E+01,1.26634E+01,1.26634E+01,1.12473E+01,1.26634E+01,1.12473E+01,2.31306E+00 
#t = 4.074E+03
1.12473E+01,1.12473E+01,1.26634E+01,1.12473E+01,1.12473E+01,1.26634E+01,1.12473E+01,1.12473E+01,1.26634E+01,1.12473E+01,3.47039E+00,1.26634E+01 
#t = 4.116E+03
1.12473E+01,1.26634E+01,1.12473E+01,1.12473E+01,5.31879E+00,1.26634E+01,9.74689E+00,1.12473E+01,1.12473E+01,1.12473E+01,1.12473E+01,2.10948E+00,1.12473E+01,5.14673E+00,1.12473E+01,1.12473E+01,1.12473E+01 
#t = 4.158E+03
1.12473E+01,1.12473E+01,1.12473E+01,1.08458E+01,1.12473E+01,1.12473E+01,4.39093E+00,1.12473E+01,1.12473E+01 
#t = 4.200E+03
1.12473E+01,7.24605E+00,1.12473E+01,1.78708E+00,1.12473E+01,1.57207E+00,1.24737E+00 
