#t = 0.000E+00
4.76589E+00,6.84124E+00,7.64436E-01,4.62120E+00,8.70677E-01 
#t = 4.201E+01
2.61825E+00,4.53992E+00 
#t = 8.400E+01
1.46783E+01,3.83492E+00,3.12398E+00 
#t = 1.260E+02
1.03496E+00,2.13507E+00,3.46317E+00,1.37961E+00 
#t = 1.680E+02
8.06538E+00,3.62416E+00,4.02258E+00,1.94953E+00,2.70265E+00,2.87930E+00 
#t = 2.100E+02
3.92767E-01,3.64121E+00,9.17299E+00 
#t = 2.520E+02
2.66230E+00,2.23410E+00 
#t = 2.940E+02
3.74607E+00,1.57783E+00,3.76025E+00 
#t = 3.360E+02
-9.99900E+03
#t = 3.780E+02
4.64921E+00,7.07097E+00 
#t = 4.200E+02
4.74996E+00,1.47009E+00 
#t = 4.620E+02
7.30698E+00 
#t = 5.040E+02
5.76768E+00,2.25496E+00,4.51630E+00,3.14472E+00,1.40713E+00,1.47927E+00,5.68092E+00 
#t = 5.460E+02
-9.99900E+03
#t = 5.880E+02
8.42471E+00,1.34033E+00,2.98179E+00,6.11919E+00,3.81051E+00,1.12394E+00,2.64594E+00,2.02978E+00,9.37343E-01 
#t = 6.300E+02
6.71211E+00,6.41562E+00,3.12127E+00 
#t = 6.720E+02
8.49774E+00,2.20282E+00 
#t = 7.140E+02
9.12077E+00 
#t = 7.560E+02
5.69864E+00,2.18562E+00,2.60790E+00,1.76860E+00,1.36720E+00,1.04623E+01,1.73131E+00 
#t = 7.980E+02
7.77705E+00,3.84966E+00,2.86243E+00 
#t = 8.400E+02
6.65059E+00,4.01061E+00,1.94505E+00,5.01148E+00,8.58786E-01,1.49838E+00 
#t = 8.820E+02
2.09669E+00 
#t = 9.240E+02
8.86806E+00,1.47807E+00,4.09310E+00,1.40800E+00,1.56931E+00 
#t = 9.660E+02
1.10104E+01,1.13948E+00,8.63058E+00,2.09175E+00,4.87167E+00 
#t = 1.008E+03
7.42196E+00,4.34036E+00,1.56358E+00,6.17166E+00,2.78017E+00 
#t = 1.050E+03
1.08009E+01,4.91193E+00,1.08009E+01,1.23767E+00,3.18845E+00,1.38850E+00,3.37796E+00,4.72004E+00 
#t = 1.092E+03
1.08009E+01,1.59409E+00,1.08009E+01 
#t = 1.134E+03
1.08009E+01,6.59339E+00,4.13346E+00 
#t = 1.176E+03
6.51733E+00,5.68576E+00 
#t = 1.218E+03
9.21687E+00,4.71450E+00,1.16485E+00,8.66703E-01 
#t = 1.260E+03
7.10061E+00,4.22776E+00,2.01382E+00 
#t = 1.302E+03
1.09223E+01,3.01717E+00,3.17549E+00 
#t = 1.344E+03
1.09223E+01,1.09223E+01,2.24184E+00 
#t = 1.386E+03
1.09223E+01,5.19555E+00,7.63312E+00,7.06065E+00,2.54463E+00,1.09223E+01 
#t = 1.428E+03
8.22088E+00,5.84540E+00,3.19592E+00,3.05381E+00 
#t = 1.470E+03
1.02285E+01,1.02285E+01,1.64940E+00,6.18626E+00 
#t = 1.512E+03
1.02285E+01,6.50938E+00,3.55589E+00,6.76256E+00,2.14857E+00 
#t = 1.554E+03
6.90712E+00,1.20036E+01,6.38476E+00,4.21003E+00,3.63219E+00,1.20036E+01 
#t = 1.596E+03
1.20036E+01,1.20036E+01,4.83064E+00,2.25890E+00,1.20036E+01,1.41736E+00,2.90899E+00 
#t = 1.638E+03
1.20036E+01,1.20036E+01,1.20036E+01,9.39958E+00,2.65241E+00,2.46915E+00 
#t = 1.680E+03
1.20036E+01,1.48641E+01,6.69861E+00,2.13837E+00,1.48641E+01,1.20036E+01,1.48641E+01,1.48641E+01 
#t = 1.722E+03
1.48641E+01,1.48641E+01,1.48641E+01,1.48641E+01,1.48641E+01,2.12508E+00,1.48641E+01,9.58310E+00,1.48641E+01,1.48641E+01,2.26232E+00 
#t = 1.764E+03
1.48641E+01,1.48641E+01,1.48641E+01,1.48641E+01,1.48641E+01,1.48641E+01,1.48641E+01,2.64253E+00,1.48641E+01,5.76368E+00,5.74424E+00,1.29303E+00,3.05372E+00 
#t = 1.806E+03
1.48641E+01,1.48641E+01,9.31039E+00,1.48641E+01,1.48641E+01,5.24182E+00,1.25725E+00,1.48641E+01,1.48641E+01,1.48641E+01,1.48641E+01,1.40535E+00 
#t = 1.848E+03
1.48641E+01,1.48641E+01,1.48641E+01,1.48641E+01,2.88618E+00,6.93849E+00,1.48641E+01,1.83905E+00 
#t = 1.890E+03
1.48641E+01,1.48641E+01,1.48641E+01,1.48641E+01,1.48641E+01,1.48641E+01,1.48641E+01,1.48641E+01,1.48641E+01,6.77144E+00,3.06887E+00,1.48641E+01,1.27739E+00,1.00093E+00,3.11169E+00,1.31186E+00 
#t = 1.932E+03
1.48641E+01,1.48641E+01,1.48641E+01,1.48641E+01,1.48641E+01,1.48641E+01,1.48641E+01,1.48641E+01,6.54375E+00,1.48641E+01,1.48641E+01,1.48641E+01,1.48641E+01,1.48641E+01,1.86262E+00,5.40724E+00,1.48641E+01,1.48641E+01,1.48641E+01 
#t = 1.974E+03
1.48641E+01,1.48641E+01,1.48641E+01,1.48641E+01,1.48641E+01,1.48641E+01,6.89470E+00,1.48641E+01,1.48641E+01,1.48641E+01,1.48641E+01,1.48641E+01 
#t = 2.016E+03
1.48641E+01,7.27981E+00,1.48641E+01,1.48641E+01,5.31461E+00,1.48641E+01,1.53216E+00,2.70391E+00,5.58521E+00,1.48641E+01,1.48641E+01 
#t = 2.058E+03
1.48641E+01,1.48641E+01,1.48641E+01,1.48641E+01,1.48641E+01,3.08001E+00,1.48641E+01,2.57634E+00,1.10050E+01,1.48641E+01,1.48641E+01,5.56246E+00,1.48641E+01 
#t = 2.100E+03
1.48641E+01,1.10050E+01,1.48641E+01,1.48641E+01,2.91633E+00,1.83304E+00 
#t = 2.142E+03
7.22137E-01,3.44253E+00 
#t = 2.184E+03
1.99060E+00,5.67671E+00,2.10708E+00,7.48141E+00 
#t = 2.226E+03
3.71949E+00,1.46374E+00,1.64995E+00,4.38489E+00 
#t = 2.268E+03
1.57965E+01,5.91603E+00 
#t = 2.310E+03
1.01438E+00,6.43113E+00 
#t = 2.352E+03
5.52653E+00,2.28172E+00,3.58129E+00 
#t = 2.394E+03
1.96938E+00,2.59235E+00 
#t = 2.436E+03
1.36158E+01,1.36158E+01,1.36158E+01,1.33233E+00,5.94773E+00 
#t = 2.478E+03
1.36158E+01,1.36158E+01,1.36158E+01,7.89997E+00,1.36158E+01,1.36158E+01,1.36158E+01,1.36158E+01,1.36158E+01,2.45977E+00,1.36158E+01 
#t = 2.520E+03
1.36158E+01,1.36158E+01,1.36158E+01,2.11013E+00 
#t = 2.562E+03
1.36158E+01,1.36158E+01,2.44179E+01,1.10268E+01,1.10268E+01,2.44179E+01,1.41184E+00 
#t = 2.604E+03
1.10268E+01,1.10268E+01,2.17372E+00,3.07801E+00 
#t = 2.646E+03
5.72649E+00,3.61952E+00,3.70874E+00,3.12739E+00,3.48550E+00,3.37357E+00 
#t = 2.688E+03
1.08048E+01,1.08048E+01,6.39071E+00,1.08048E+01,2.37996E+00,2.26342E+00,5.52008E+00,2.68316E+00 
#t = 2.730E+03
1.08048E+01,1.08048E+01,6.93249E+00,1.08048E+01,1.08048E+01,1.08048E+01,7.64161E+00,2.48848E+00 
#t = 2.772E+03
1.08048E+01,6.89446E+00,9.21088E+00,1.25574E+00,6.88968E+00 
#t = 2.814E+03
2.65829E+00,1.91856E+00 
#t = 2.856E+03
5.29399E+00,3.21153E+00,2.61394E+00 
#t = 2.898E+03
2.07744E+00,1.34717E+00 
#t = 2.940E+03
3.94279E+00,1.40491E+00 
#t = 2.982E+03
3.99709E+00 
#t = 3.024E+03
4.96504E+00,3.80835E+00 
#t = 3.066E+03
7.81816E+00,5.07041E+00 
#t = 3.108E+03
8.28817E+00,6.22286E+00 
#t = 3.150E+03
2.30155E+00 
#t = 3.192E+03
6.25377E+00,3.23610E+00,2.25991E+00,1.18550E+00,2.37161E+00 
#t = 3.234E+03
4.38462E+00,2.09994E+00 
#t = 3.276E+03
1.16823E+01,1.04549E+01,2.69099E+00,2.88829E+00 
#t = 3.318E+03
1.16823E+01,5.80274E+00,3.35982E+00,2.06620E+00 
#t = 3.360E+03
2.08820E+00,5.22415E+00 
#t = 3.402E+03
-9.99900E+03
#t = 3.444E+03
5.34132E+00,7.33630E-01,2.56200E+00 
#t = 3.486E+03
2.56236E+00,6.49732E+00,1.14590E+00,3.30641E+00,2.31316E+00 
#t = 3.528E+03
3.73233E+00,2.13967E+00,2.64502E+00,2.11075E+00,2.30832E+00 
#t = 3.570E+03
3.05433E+00,4.43050E+00,1.17250E+00,3.12725E+00,4.59261E+00 
#t = 3.612E+03
4.88865E+00 
#t = 3.654E+03
3.98979E+00,4.92549E+00,9.86098E-01,7.10230E+00,8.95205E+00,7.45728E+00 
#t = 3.696E+03
6.04399E+00,2.67575E+00 
#t = 3.738E+03
5.63760E+00,2.49047E+01,2.49047E+01,2.49047E+01,2.49047E+01,2.49047E+01,9.78336E+00,2.49047E+01,2.49047E+01,2.49047E+01,3.30650E+00,2.19097E+00,2.49047E+01,2.49047E+01,9.94346E-01 
#t = 3.780E+03
2.49047E+01,2.49047E+01,2.49047E+01,2.49047E+01,2.49047E+01,2.49047E+01,2.49047E+01,3.18636E+00,2.49047E+01,2.49047E+01,2.49047E+01,4.59957E+00,2.49047E+01,3.14038E+00 
#t = 3.822E+03
2.49047E+01,2.49047E+01,2.49047E+01,2.49047E+01,2.49047E+01,8.73279E+00,2.49047E+01,2.49047E+01,2.49047E+01,2.49047E+01,2.49047E+01,2.49047E+01,2.49047E+01,2.49047E+01,2.49047E+01,2.49047E+01,2.49047E+01,2.49047E+01,2.49047E+01,2.49047E+01,2.49047E+01,2.49047E+01,2.49047E+01,2.49047E+01,1.91568E+00,2.49047E+01,2.49047E+01,2.49047E+01,2.49047E+01,2.49047E+01,2.49047E+01,2.49047E+01,2.49047E+01,2.49047E+01,2.49047E+01,2.49047E+01 
#t = 3.864E+03
2.49047E+01,2.49047E+01,2.49047E+01,2.49047E+01,2.49047E+01,2.49047E+01,2.49047E+01,2.49047E+01,2.49047E+01,2.49047E+01,2.49047E+01,2.49047E+01,2.49047E+01,2.49047E+01,2.49047E+01,2.49047E+01,2.49047E+01,2.76990E+00,2.49047E+01,2.49047E+01,2.49047E+01,2.49047E+01,2.49047E+01,6.85234E+00,2.49047E+01,2.49047E+01,2.49047E+01,2.49047E+01,1.56394E+00,2.49047E+01,8.95421E-01 
#t = 3.906E+03
2.49047E+01,2.49047E+01,2.49047E+01,2.49047E+01,2.49047E+01,2.49047E+01,2.49047E+01,2.49047E+01,2.49047E+01,2.49047E+01,2.49047E+01,2.49047E+01,2.49047E+01,5.88001E+00,2.49047E+01,2.49047E+01,2.49047E+01,2.49047E+01,2.49047E+01,2.49047E+01,2.49047E+01,2.49047E+01,2.49047E+01,2.49047E+01,2.49047E+01,2.49047E+01 
#t = 3.948E+03
2.49047E+01,2.49047E+01,2.49047E+01,2.49047E+01,2.49047E+01,2.49047E+01,2.49047E+01,2.49047E+01,2.49047E+01,2.49047E+01,2.49047E+01,2.49047E+01,2.49047E+01,2.49047E+01,2.49047E+01,1.49191E+00,2.49047E+01,2.49047E+01,2.49047E+01,2.49047E+01,2.49047E+01,2.49047E+01,2.49047E+01,2.49047E+01,2.49047E+01,2.49047E+01,2.49047E+01,3.10509E+00,2.49047E+01,1.86605E+00,1.36776E+00,2.49047E+01,2.49047E+01,2.49047E+01,2.49047E+01 
#t = 3.990E+03
2.49047E+01,2.49047E+01,2.49047E+01,2.49047E+01,2.49047E+01,2.49047E+01,2.49047E+01,2.49047E+01,2.49047E+01,2.49047E+01,2.49047E+01,2.49047E+01,2.49047E+01,2.49047E+01,2.49047E+01,2.49047E+01,2.49047E+01,2.49047E+01,2.49047E+01,2.49047E+01,2.49047E+01,2.49047E+01,2.49047E+01,2.49047E+01,2.49047E+01,2.49047E+01,2.49047E+01,3.48030E+00,2.49047E+01,2.20911E+00,2.49047E+01,2.49047E+01 
#t = 4.032E+03
2.49047E+01,2.49047E+01,2.49047E+01,2.49047E+01,2.49047E+01,2.49047E+01,2.49047E+01,2.49047E+01,2.49047E+01,2.49047E+01,2.49047E+01,2.49047E+01,2.49047E+01,6.39015E+00,2.49047E+01,2.49047E+01,2.49047E+01,2.49047E+01,2.49047E+01,2.49047E+01,2.49047E+01,2.49047E+01,2.49047E+01,2.49047E+01,3.30546E+00,2.49047E+01,2.49047E+01,2.86079E+00,2.49047E+01,2.49047E+01 
#t = 4.074E+03
2.49047E+01,2.49047E+01,2.49047E+01,2.49047E+01,6.99448E+00,2.49047E+01,2.49047E+01,2.49047E+01,2.49047E+01,2.49047E+01,2.49047E+01,2.49047E+01,2.49047E+01,2.49047E+01,2.49047E+01,2.49047E+01,2.49047E+01,2.49047E+01,2.49047E+01,2.49047E+01,2.49047E+01,2.49047E+01,2.49047E+01,4.23524E+00,3.98548E+00 
#t = 4.116E+03
2.49047E+01,2.49047E+01,2.49047E+01,2.49047E+01,2.49047E+01,2.49047E+01,2.49047E+01,2.49047E+01,2.49047E+01,2.49047E+01,2.49047E+01,2.49047E+01,2.49047E+01,2.49047E+01,2.49047E+01,2.49047E+01,2.49047E+01,2.49047E+01,2.49047E+01,2.49047E+01,2.49047E+01,2.49047E+01,2.81529E+00,2.53194E+00,2.49047E+01,2.49047E+01,2.49047E+01,2.49047E+01 
#t = 4.158E+03
2.49047E+01,2.49047E+01,2.49047E+01,2.49047E+01,2.49047E+01,2.49047E+01,2.49047E+01,2.49047E+01,2.49047E+01,2.49047E+01,2.49047E+01,2.49047E+01,2.49047E+01,2.49047E+01,2.49047E+01,2.49047E+01,2.49047E+01,2.49047E+01,2.49047E+01,2.49047E+01,2.49047E+01,2.49047E+01,2.49047E+01,2.49047E+01,2.49047E+01 
#t = 4.200E+03
2.49047E+01,2.49047E+01,2.49047E+01,2.49047E+01,2.49047E+01,2.49047E+01,2.49047E+01,2.49047E+01,2.49047E+01,2.49047E+01,2.49047E+01,2.49047E+01,2.49047E+01,2.49047E+01,2.49047E+01,2.49047E+01,2.49047E+01,2.49047E+01,2.49047E+01,2.49047E+01,2.49047E+01,2.49047E+01,2.49047E+01,4.75923E+00,2.49047E+01,1.45364E+01,2.49047E+01,2.49047E+01,2.49047E+01,2.49047E+01 
