#t = 0.000E+00
4.84216E+00,4.31343E+00,3.56066E+00,1.41733E+00,5.59039E+00 
#t = 4.200E+01
3.54990E+00,6.43200E+00,5.39823E+00,8.41624E+00,2.44029E+00,2.70090E+00,1.90867E+00 
#t = 8.400E+01
3.61063E+00,3.66216E+00,2.35817E+00 
#t = 1.260E+02
-9.99900E+03
#t = 1.680E+02
8.84493E+00,5.32551E+00,3.45875E+00,3.36630E+00,2.65530E+00 
#t = 2.100E+02
8.84493E+00,3.95018E+00,8.50401E+00,2.72826E+00,8.11058E+00 
#t = 2.520E+02
8.84493E+00,7.68395E+00,5.24246E+00 
#t = 2.940E+02
3.02375E+00,6.95806E+00,2.51480E+00,2.54268E+00,4.75436E+00 
#t = 3.360E+02
2.01298E+00,2.52179E+00,6.52767E+00,3.42118E+00 
#t = 3.780E+02
1.06082E+01,1.06082E+01,1.06082E+01,4.12887E+00 
#t = 4.200E+02
1.06082E+01,3.02431E+00,5.61811E+00 
#t = 4.620E+02
1.03691E+01,2.84146E+00,2.57241E+00,3.30781E+00,1.06082E+01 
#t = 5.040E+02
5.39041E+00,2.55997E+00,5.01333E+00,2.09375E+00 
#t = 5.460E+02
5.63330E+00,4.09625E+00 
#t = 5.880E+02
7.97381E+00,2.73060E+00,1.21408E+00,1.08483E+01,1.37123E+00,3.44544E+00,3.95905E+00 
#t = 6.300E+02
5.16123E+00,1.70800E+00,1.99332E+00 
#t = 6.720E+02
8.54555E+00,3.60232E+00,8.55840E+00,3.03836E+00 
#t = 7.140E+02
5.05277E+00,8.67856E+00,4.94792E+00,4.22163E+00,4.92064E+00 
#t = 7.560E+02
7.23727E+00,4.45178E+00,1.89844E+00,2.10076E+00 
#t = 7.980E+02
4.94497E+00,2.51583E+00 
#t = 8.400E+02
3.30082E+00,1.20289E+01,1.26798E+01,2.19116E+00,3.30856E+00,4.89743E+00,3.00011E+00 
#t = 8.820E+02
5.46608E+00,3.78479E+00,4.34743E+00,2.70055E+00,5.69175E+00,8.22515E+00,5.09069E+00 
#t = 9.240E+02
5.15447E+00 
#t = 9.660E+02
6.09457E+00,4.93182E+00,2.54162E+00 
#t = 1.008E+03
3.63603E+00 
#t = 1.050E+03
2.93822E+00,2.53737E+00,4.85396E+00 
#t = 1.092E+03
8.23736E+00,8.56695E+00,3.80856E+00,1.84230E+00,3.50637E+00,3.31574E+00,2.42620E+00 
#t = 1.134E+03
5.75765E+00,6.25028E+00,3.67642E+00,4.15012E+00 
#t = 1.176E+03
8.29621E+00,4.40925E+00,6.57726E+00,2.94749E+00 
#t = 1.218E+03
7.25466E+00,3.94153E+00,6.68546E+00 
#t = 1.260E+03
2.22465E+00,8.70423E-01 
#t = 1.302E+03
1.12292E+01,5.82246E+00,2.13943E+00,3.21244E+00 
#t = 1.344E+03
6.00392E+00,5.26943E+00 
#t = 1.386E+03
3.53215E+00,2.53777E+00,3.08335E+00,2.73557E+00 
#t = 1.428E+03
1.28258E+01,2.13084E+00,2.04753E+00 
#t = 1.470E+03
2.87991E+00 
#t = 1.512E+03
3.51245E+00,3.37296E+00,4.10246E+00,2.52968E+00 
#t = 1.554E+03
5.76217E+00,6.32202E+00,2.90008E+00,4.64795E+00,5.38604E+00,1.56524E+00,1.60780E+00,6.68138E+00,7.52875E+00 
#t = 1.596E+03
1.22591E+01,9.09950E+00,2.50876E+00,5.11376E+00 
#t = 1.638E+03
1.32915E+01,1.32915E+01,1.32915E+01,1.32915E+01,1.00833E+01,6.12227E+00,1.32915E+01,8.20913E+00,1.32915E+01,3.14840E+00,1.32915E+01,1.32915E+01,2.05972E+00,6.36431E+00,2.98079E+00 
#t = 1.680E+03
1.32915E+01,1.32915E+01,8.88615E+00,8.54549E+00,1.32915E+01,3.63280E+00,2.22218E+00 
#t = 1.722E+03
1.32915E+01,8.54549E+00,1.32915E+01,2.40218E+00,2.51785E+00,1.86053E+00,1.32915E+01,1.72575E+00,1.32915E+01,1.63307E+00 
#t = 1.764E+03
2.73986E+00,1.32915E+01,9.22938E+00,1.75057E+00,4.04535E+00,4.57371E+00 
#t = 1.806E+03
4.15075E+00,3.98698E+00,3.52236E+00,3.46502E+00 
#t = 1.848E+03
2.13716E+00,5.42308E+00,3.70889E+00,1.70963E+00,2.83034E+00 
#t = 1.890E+03
5.04090E+00,1.94027E+00,1.67472E+00,5.22634E+00,3.12682E+00,6.00798E+00 
#t = 1.932E+03
2.37887E+00,7.19236E+00,8.22092E+00,2.48455E+00 
#t = 1.974E+03
3.86735E+00,2.05818E+00,2.44075E+00,5.53476E+00,3.37213E+00,5.20425E+00,3.59329E+00 
#t = 2.016E+03
3.56253E+00,7.43838E+00,1.79480E+00,9.81256E+00,2.44664E+00,2.28056E+00,7.48398E+00,4.54441E+00 
#t = 2.058E+03
6.44461E+00,7.04964E+00,1.34060E+01,2.72629E+00,2.62700E+00,2.97058E+00,6.33820E+00 
#t = 2.100E+03
7.88194E+00,3.52367E+00,2.66474E+00 
#t = 2.142E+03
7.86759E+00,2.58856E+00 
#t = 2.184E+03
3.23783E+00,2.76881E+00 
#t = 2.226E+03
4.50717E+00 
#t = 2.268E+03
4.84198E+00,6.15640E+00,3.46432E+00 
#t = 2.310E+03
8.63890E+00 
#t = 2.352E+03
1.62738E+00 
#t = 2.394E+03
5.53145E+00,2.83000E+00,4.38995E+00 
#t = 2.436E+03
6.42883E+00,1.08290E+01 
#t = 2.478E+03
6.41751E+00,1.84416E+00 
#t = 2.520E+03
3.78748E+00 
#t = 2.562E+03
2.06953E+00,2.26656E+00,1.11048E+00,2.08093E+00 
#t = 2.604E+03
5.51623E+00,2.64461E+00,2.34629E+00 
#t = 2.646E+03
4.57323E+00,4.58183E+00,3.30982E+00,1.24412E+00 
#t = 2.688E+03
4.55503E+00,1.32475E+00,2.72426E+00,1.81741E+00 
#t = 2.730E+03
4.29531E+00,1.82851E+00,4.52975E+00,3.22879E+00 
#t = 2.772E+03
5.85985E+00,6.34697E+00,1.31521E+01,8.96052E+00,3.09497E+00 
#t = 2.814E+03
2.70891E+00,3.37086E+00,6.05689E+00 
#t = 2.856E+03
3.93344E+00 
#t = 2.898E+03
4.54900E+00,6.13767E+00 
#t = 2.940E+03
1.24207E+00,4.81384E+00,8.56032E-01 
#t = 2.982E+03
2.80363E+00,6.79404E+00 
#t = 3.024E+03
4.96366E+00,1.97694E+00,3.07336E+00,2.55105E+00,5.45526E+00 
#t = 3.066E+03
-9.99900E+03
#t = 3.108E+03
5.38751E+00,8.03257E+00,4.57233E+00,2.93819E+00,2.05564E+00,2.90333E+00,3.67915E+00,3.69417E+00,7.03276E+00 
#t = 3.150E+03
1.12769E+01,6.29821E+00,4.66041E+00 
#t = 3.192E+03
2.86477E+00,3.75646E+00,4.19352E+00,9.60362E-01,4.32875E+00 
#t = 3.234E+03
3.67829E+00,7.74748E-01 
#t = 3.276E+03
9.19400E+00,2.88364E+00,6.32805E+00,3.43455E+00,2.45015E+00,1.81838E+00,4.64752E+00 
#t = 3.318E+03
2.03555E+00,4.81676E+00,9.74738E+00 
#t = 3.360E+03
6.59563E+00,7.33053E+00,5.71612E+00,2.10997E+00 
#t = 3.402E+03
1.65301E+01,1.73051E+00,4.54117E+00,2.16955E+00,3.27276E+00 
#t = 3.444E+03
1.65301E+01,1.65301E+01,1.65301E+01,1.65301E+01,4.21270E+00,1.65301E+01,1.11442E+00 
#t = 3.486E+03
7.65325E+00,3.50278E+00,1.24028E+00 
#t = 3.528E+03
6.15083E+00,3.64395E+00,2.16889E+00,3.90164E+00,5.37447E+00,4.28101E+00,3.57158E+00 
#t = 3.570E+03
1.30243E+01,3.07870E+00,1.63292E+00,6.64847E+00,1.69462E+00,4.58302E+00 
#t = 3.612E+03
9.74757E+00 
#t = 3.654E+03
6.52919E+00,6.90431E+00,7.31852E+00,2.73375E+00,3.47095E+00,2.77282E+00 
#t = 3.696E+03
3.01172E+00 
#t = 3.738E+03
1.27587E+01,4.40127E+00,3.05790E+00,2.48306E+00 
#t = 3.780E+03
7.69884E+00,5.37079E+00 
#t = 3.822E+03
6.97158E+00,3.35206E+00,4.30575E+00,1.74564E+00,4.42115E+00,2.06931E+00 
#t = 3.864E+03
1.80347E+00,3.44839E+00,7.07830E+00,1.58777E+00,3.76624E+00,1.32282E+00 
#t = 3.906E+03
-9.99900E+03
#t = 3.948E+03
2.96834E+00,2.08612E+00,3.05279E+00 
#t = 3.990E+03
1.00777E+01,7.90208E+00,2.33619E+00,1.12467E+00,3.84879E+00,3.06893E+00 
#t = 4.032E+03
7.76190E+00,2.19339E+00,4.37647E+00 
#t = 4.074E+03
7.27978E+00,3.88762E+00 
#t = 4.116E+03
3.27800E+00 
#t = 4.158E+03
2.44849E+00,2.80783E+00,7.83406E+00,1.25360E+00 
#t = 4.200E+03
2.88813E+00,3.67840E+00 
