#t = 0.000E+00
2.60299E+00,4.08177E-01,2.27507E-01,4.34231E-01,3.57524E+00 
#t = 4.200E+01
3.83663E+00 
#t = 8.400E+01
1.54219E+01,5.68931E+00,3.12025E+00,2.17503E+00,5.84123E+01,5.09511E+00,5.84123E+01,5.93363E-01 
#t = 1.260E+02
5.84123E+01,5.84123E+01,5.84123E+01,5.84123E+01,1.25277E+01,5.84123E+01,5.84123E+01,5.84123E+01,5.84123E+01,5.84123E+01,5.84123E+01,5.84123E+01,5.84123E+01,5.84123E+01,5.84123E+01,5.84123E+01,1.83562E-01,5.84123E+01,5.84123E+01 
#t = 1.680E+02
2.81896E+01,2.81896E+01,5.84123E+01,2.81896E+01,1.25277E+01,2.81896E+01,5.84123E+01,5.84123E+01,5.84123E+01,5.84123E+01,2.81896E+01,2.81896E+01,2.81896E+01,5.84123E+01,5.84123E+01,4.63269E+00,5.84123E+01,3.69404E+00,2.81896E+01,2.81896E+01,5.84123E+01,5.84123E+01,5.84123E+01,6.91496E-01,5.84123E+01,2.81896E+01,2.81896E+01,3.84844E-01,5.84123E+01,2.81896E+01,2.81896E+01 
#t = 2.100E+02
2.81896E+01,2.81896E+01,2.81896E+01,2.81896E+01,2.81896E+01,5.84123E+01,5.84123E+01,5.84123E+01,5.84123E+01,5.84123E+01,5.84123E+01,2.81896E+01,5.84123E+01,5.84123E+01,5.84123E+01,5.84123E+01,5.84123E+01,5.84123E+01,5.84123E+01,2.81896E+01,5.15166E+00,2.81896E+01,2.81896E+01,5.84123E+01,5.84123E+01,5.84123E+01,5.84123E+01,5.84123E+01,5.84123E+01,2.81896E+01,5.84123E+01,1.97741E+01,5.84123E+01,5.92893E+00,2.81896E+01,5.84123E+01,5.84123E+01,3.61843E+00,2.81896E+01,5.84123E+01,5.84123E+01,2.81896E+01,5.84123E+01,5.84123E+01,5.84123E+01,2.81896E+01 
#t = 2.520E+02
2.81896E+01,2.81896E+01,5.84123E+01,5.84123E+01,5.84123E+01,5.84123E+01,5.84123E+01,5.84123E+01,5.84123E+01,2.81896E+01,5.84123E+01,5.84123E+01,5.84123E+01,5.84123E+01,5.84123E+01,5.84123E+01,5.84123E+01,5.84123E+01,5.84123E+01,5.84123E+01,5.84123E+01,5.84123E+01,5.84123E+01,5.84123E+01,2.81896E+01,5.84123E+01,5.84123E+01,5.84123E+01,5.84123E+01,5.84123E+01,2.81896E+01,5.84123E+01,2.32438E+00,5.84123E+01,5.84123E+01,5.84123E+01,2.81896E+01,5.84123E+01,5.84123E+01,8.53520E+00,2.81896E+01,1.33982E+00,5.84123E+01,5.84123E+01 
#t = 2.940E+02
5.84123E+01,2.81896E+01,5.84123E+01,2.81896E+01,2.81896E+01,5.84123E+01,5.84123E+01,5.84123E+01,5.84123E+01,5.58043E+00,5.84123E+01,5.84123E+01,5.84123E+01,1.06778E+01,5.84123E+01,5.84123E+01,5.84123E+01,1.47927E+01,5.84123E+01,5.84123E+01,2.81896E+01,5.84123E+01,5.84123E+01,5.84123E+01,2.11027E+01,5.84123E+01,1.06778E+01,5.84123E+01,5.84123E+01,9.98572E-01,5.84123E+01,5.84123E+01 
#t = 3.360E+02
2.81896E+01,5.84123E+01,5.84123E+01,5.84123E+01,4.61684E+01,5.84123E+01,5.84123E+01,5.84123E+01,4.61684E+01,5.84123E+01,5.84123E+01,8.74621E+00,2.81896E+01,5.84123E+01,2.81896E+01,5.84123E+01,5.84123E+01,4.61684E+01,5.84123E+01,5.84123E+01,5.84123E+01,8.87680E-01,5.84123E+01,5.84123E+01,5.84123E+01,5.84123E+01,4.61684E+01,4.61684E+01,7.42656E-01 
#t = 3.780E+02
4.61684E+01,5.84123E+01,5.84123E+01,5.84123E+01,5.84123E+01,5.84123E+01,5.84123E+01,5.84123E+01,5.84123E+01,4.61684E+01,5.84123E+01,5.84123E+01,5.84123E+01,5.84123E+01,5.84123E+01,5.84123E+01,5.84123E+01,5.84123E+01,5.84123E+01,5.84123E+01,5.84123E+01,5.84123E+01,5.84123E+01,5.84123E+01,5.84123E+01,5.84123E+01,4.61684E+01,5.84123E+01,5.84123E+01,5.84123E+01,7.37873E+00,1.76767E+01,5.84123E+01,5.84123E+01,5.84123E+01,5.84123E+01,4.17654E+00,5.84123E+01,8.48829E-01,5.84123E+01,5.84123E+01,5.84123E+01 
#t = 4.200E+02
4.61684E+01,5.84123E+01,5.84123E+01,5.84123E+01,5.84123E+01,5.84123E+01,5.84123E+01,5.84123E+01,5.84123E+01,5.84123E+01,4.61684E+01,7.52755E+00,4.61684E+01,4.61684E+01,5.84123E+01,5.84123E+01,5.84123E+01,5.84123E+01,5.84123E+01,5.84123E+01,4.61684E+01,5.84123E+01,5.84123E+01,5.84123E+01,5.84123E+01,5.84123E+01,4.61684E+01,5.84123E+01,5.84123E+01,5.84123E+01,5.84123E+01,5.84123E+01,4.61684E+01,5.84123E+01,5.84123E+01,5.84123E+01,5.84123E+01,5.84123E+01,5.84123E+01,4.61684E+01,5.84123E+01,5.84123E+01,5.84123E+01,5.84123E+01,4.61684E+01,4.90411E-01,4.61684E+01,5.84123E+01 
#t = 4.620E+02
5.84123E+01,4.61684E+01,5.84123E+01,5.84123E+01,5.84123E+01,1.78201E+01,4.61684E+01,5.84123E+01,5.84123E+01,5.84123E+01,5.84123E+01,5.84123E+01,4.61684E+01,5.84123E+01,1.14301E+01,5.84123E+01,5.84123E+01,5.84123E+01,5.84123E+01,5.84123E+01,4.61684E+01,5.84123E+01,1.78201E+01,4.61684E+01,5.84123E+01,5.84123E+01,5.84123E+01,4.61684E+01,5.84123E+01,5.84123E+01,4.61684E+01,1.14301E+01,1.00060E+01,5.84123E+01,5.84123E+01,5.84123E+01,5.84123E+01,5.84123E+01,1.87791E-01,5.84123E+01,5.84123E+01,4.61684E+01,5.84123E+01,1.40814E+00,5.84123E+01,5.84123E+01 
#t = 5.040E+02
5.84123E+01,5.84123E+01,1.14301E+01,5.84123E+01,5.84123E+01,5.84123E+01,5.84123E+01,5.84123E+01,5.84123E+01,5.84123E+01,4.61684E+01,5.84123E+01,4.61684E+01,4.61684E+01,5.84123E+01,5.84123E+01,5.84123E+01,5.84123E+01,5.84123E+01,5.84123E+01,5.84123E+01,5.84123E+01,2.32477E+00,1.14301E+01,3.04250E+01,5.84123E+01,5.84123E+01,5.84123E+01,4.61684E+01,4.61684E+01,5.84123E+01,5.84123E+01,5.84123E+01,5.84123E+01,1.16994E+01,5.84123E+01,1.07792E+00,5.65169E-01,5.84123E+01,5.84123E+01,5.84123E+01,5.84123E+01,5.84123E+01,5.84123E+01 
#t = 5.460E+02
5.84123E+01,1.14301E+01,5.84123E+01,5.84123E+01,5.84123E+01,5.84123E+01,5.84123E+01,5.84123E+01,1.00108E+01,5.84123E+01,5.84123E+01,5.84123E+01,1.60280E+01,5.84123E+01,5.84123E+01,5.84123E+01,5.84123E+01,5.84123E+01,5.84123E+01,5.84123E+01,5.84123E+01,5.84123E+01,5.84123E+01,5.84123E+01,5.84123E+01,5.84123E+01,5.84123E+01,5.84123E+01,5.84123E+01,5.84123E+01,5.84123E+01,5.84123E+01,5.84123E+01,5.84123E+01,1.14301E+01,5.84123E+01,5.84123E+01,5.84123E+01,1.07379E+00,5.84123E+01,5.84123E+01,5.84123E+01,5.37340E-01 
#t = 5.880E+02
5.84123E+01,5.84123E+01,2.55293E+01,5.84123E+01,5.84123E+01,2.55293E+01,5.84123E+01,2.55293E+01,5.84123E+01,5.84123E+01,1.60280E+01,2.55293E+01,5.84123E+01,5.84123E+01,5.84123E+01,5.84123E+01,1.60280E+01,5.84123E+01,5.84123E+01,5.84123E+01,5.84123E+01,5.84123E+01,2.55293E+01,5.84123E+01,5.84123E+01,5.84123E+01,2.55293E+01,5.84123E+01,2.55293E+01,5.84123E+01,5.84123E+01,5.84123E+01,5.84123E+01,1.60280E+01,5.84123E+01,5.84123E+01,1.57703E+01,5.84123E+01,5.84123E+01,5.84123E+01,5.84123E+01,5.84123E+01,8.82919E-01,2.01882E+00,5.84123E+01,1.57703E+01 
#t = 6.300E+02
5.84123E+01,5.84123E+01,5.84123E+01,5.84123E+01,5.84123E+01,5.84123E+01,5.84123E+01,5.84123E+01,5.84123E+01,5.84123E+01,5.84123E+01,5.84123E+01,5.84123E+01,5.84123E+01,5.84123E+01,5.84123E+01,5.84123E+01,5.84123E+01,5.84123E+01,5.84123E+01,5.84123E+01,5.84123E+01,5.84123E+01,5.84123E+01,5.84123E+01,5.84123E+01,5.84123E+01,5.84123E+01,5.84123E+01,5.84123E+01,5.84123E+01,5.84123E+01,5.84123E+01,5.84123E+01,5.84123E+01,2.34067E+00,5.84123E+01,5.84123E+01,2.43360E+00,5.84123E+01 
#t = 6.720E+02
5.84123E+01,5.84123E+01,5.84123E+01,5.84123E+01,5.84123E+01,7.79451E+00,5.84123E+01,5.84123E+01,5.84123E+01,5.84123E+01,5.84123E+01,5.84123E+01,5.84123E+01,5.84123E+01,2.52081E+00,5.84123E+01,5.84123E+01,5.84123E+01,5.84123E+01,5.84123E+01,5.84123E+01,5.84123E+01,5.84123E+01,5.84123E+01,5.84123E+01,5.84123E+01,5.84123E+01,5.84123E+01,5.84123E+01,5.84123E+01,5.84123E+01,5.84123E+01,5.84123E+01,5.84123E+01,5.84123E+01 
#t = 7.140E+02
5.84123E+01,5.84123E+01,5.84123E+01,5.84123E+01,5.84123E+01,5.84123E+01,5.84123E+01,5.84123E+01,5.84123E+01,5.84123E+01,5.84123E+01,5.84123E+01,5.84123E+01,5.84123E+01,5.84123E+01,5.84123E+01,5.84123E+01,5.84123E+01,5.84123E+01,5.84123E+01,1.92030E+00,5.84123E+01,1.50518E+01,5.84123E+01,5.84123E+01,5.84123E+01,5.84123E+01,5.17112E+00,5.84123E+01,5.84123E+01,5.84123E+01,5.84123E+01,1.56839E-01,3.12460E+00,5.84123E+01,5.84123E+01,5.84123E+01,5.84123E+01,5.84123E+01,5.84123E+01,5.84123E+01,5.84123E+01,5.84123E+01 
#t = 7.560E+02
5.84123E+01,5.84123E+01,5.84123E+01,1.15712E+01,5.84123E+01,5.84123E+01,5.84123E+01,5.84123E+01,5.84123E+01,5.84123E+01,5.84123E+01,1.15712E+01,5.84123E+01,5.84123E+01,5.84123E+01,5.84123E+01,5.84123E+01,5.84123E+01,5.84123E+01,5.84123E+01,5.84123E+01,5.84123E+01,5.84123E+01,5.84123E+01,5.84123E+01,5.84123E+01,5.84123E+01,5.84123E+01,5.84123E+01,5.84123E+01,5.84123E+01,5.84123E+01,5.84123E+01,5.84123E+01,5.84123E+01,1.15712E+01,5.84123E+01,5.84123E+01,5.84123E+01,5.84123E+01,1.15712E+01,5.84123E+01,1.15712E+01,9.57603E-01,5.84123E+01,5.84123E+01,5.84123E+01,1.15712E+01,5.84123E+01 
#t = 7.980E+02
5.84123E+01,5.84123E+01,5.84123E+01,5.84123E+01,1.15712E+01,1.26762E+01,5.84123E+01,5.84123E+01,5.84123E+01,5.84123E+01,5.84123E+01,1.26762E+01,5.84123E+01,1.15712E+01,5.84123E+01,1.15712E+01,5.84123E+01,5.84123E+01,5.84123E+01,1.26762E+01,5.84123E+01,5.84123E+01,5.84123E+01,5.84123E+01,1.15712E+01,5.84123E+01,5.84123E+01,1.22170E+01,5.84123E+01,5.84123E+01,5.84123E+01,5.84123E+01,5.84123E+01,1.26762E+01,5.84123E+01,1.26762E+01,5.84123E+01,1.15712E+01,5.84123E+01,5.84123E+01 
#t = 8.400E+02
5.84123E+01,1.26762E+01,5.84123E+01,5.84123E+01,5.84123E+01,5.84123E+01,1.26762E+01,5.84123E+01,5.84123E+01,1.26762E+01,5.84123E+01,5.84123E+01,5.84123E+01,5.84123E+01,1.15712E+01,5.84123E+01,5.84123E+01,5.84123E+01,5.84123E+01,5.84123E+01,1.26762E+01,5.84123E+01,5.84123E+01,5.84123E+01,5.84123E+01,5.84123E+01,5.84123E+01,5.84123E+01,5.84123E+01,5.84123E+01,5.84123E+01,5.84123E+01,5.84123E+01,2.02906E-01,5.84123E+01,1.26762E+01,2.07646E+00 
#t = 8.820E+02
5.84123E+01,1.15712E+01,5.84123E+01,5.84123E+01,5.84123E+01,5.84123E+01,5.84123E+01,1.15712E+01,5.84123E+01,5.84123E+01,5.84123E+01,1.15712E+01,1.15712E+01,1.15712E+01,5.84123E+01,5.84123E+01,5.84123E+01,5.84123E+01,5.84123E+01,5.84123E+01,5.84123E+01,5.84123E+01,5.84123E+01,5.84123E+01,5.84123E+01,1.15712E+01,5.84123E+01,5.84123E+01,5.84123E+01,1.38132E-01,5.84123E+01,5.84123E+01,5.84123E+01,5.84123E+01,5.84123E+01,5.84123E+01,1.15712E+01,5.84123E+01,5.84123E+01 
#t = 9.240E+02
5.84123E+01,5.84123E+01,5.84123E+01,5.84123E+01,5.84123E+01,5.84123E+01,5.84123E+01,5.84123E+01,5.84123E+01,5.84123E+01,1.15712E+01,5.84123E+01,1.15712E+01,5.84123E+01,5.84123E+01,1.15712E+01,5.84123E+01,1.15712E+01,5.84123E+01,1.15712E+01,1.15712E+01,5.84123E+01,5.84123E+01,2.09414E+00,1.15712E+01,5.84123E+01,5.84123E+01,5.84123E+01,5.84123E+01,5.84123E+01,5.84123E+01,5.84123E+01,5.84123E+01,5.84123E+01,1.15712E+01,5.84123E+01,5.84123E+01,5.84123E+01,5.84123E+01,1.05875E+01,5.84123E+01,5.84123E+01 
#t = 9.660E+02
5.84123E+01,5.84123E+01,5.84123E+01,1.15712E+01,5.84123E+01,5.84123E+01,5.84123E+01,5.84123E+01,5.84123E+01,5.84123E+01,5.84123E+01,5.84123E+01,5.84123E+01,5.84123E+01,5.84123E+01,5.84123E+01,5.84123E+01,5.84123E+01,1.15712E+01,5.84123E+01,5.84123E+01,5.84123E+01,5.84123E+01,5.84123E+01,5.84123E+01,5.84123E+01,5.84123E+01,5.84123E+01,5.84123E+01,5.84123E+01,5.84123E+01,5.84123E+01,5.84123E+01,5.84123E+01,5.84123E+01,5.84123E+01,5.84123E+01,5.84123E+01,5.84123E+01,3.35999E-01 
#t = 1.008E+03
5.84123E+01,5.84123E+01,5.84123E+01,5.84123E+01,5.84123E+01,5.84123E+01,5.84123E+01,5.84123E+01,5.84123E+01,5.84123E+01,5.84123E+01,5.84123E+01,5.84123E+01,1.48750E+01,5.84123E+01,5.84123E+01,5.84123E+01,5.84123E+01,5.84123E+01,5.84123E+01,5.84123E+01,5.84123E+01,5.84123E+01,5.84123E+01,2.14509E+00,5.84123E+01,5.84123E+01,1.92030E+01,5.84123E+01,5.84123E+01,5.84123E+01,5.84123E+01,5.84123E+01,5.84123E+01,5.84123E+01,5.84123E+01,5.84123E+01,5.84123E+01,5.84123E+01 
#t = 1.050E+03
5.84123E+01,5.84123E+01,1.48750E+01,5.84123E+01,5.84123E+01,1.92030E+01,5.84123E+01,5.84123E+01,5.84123E+01,5.84123E+01,5.84123E+01,5.84123E+01,5.84123E+01,5.84123E+01,5.84123E+01,5.84123E+01,5.84123E+01,5.84123E+01,5.84123E+01,1.48750E+01,1.48750E+01,5.84123E+01,5.84123E+01,5.84123E+01,5.84123E+01,5.84123E+01,5.84123E+01,5.84123E+01,5.84123E+01,5.84123E+01,1.48750E+01,5.84123E+01,2.70036E+00,5.84123E+01,5.84123E+01 
#t = 1.092E+03
5.84123E+01,5.84123E+01,5.84123E+01,5.84123E+01,5.84123E+01,5.84123E+01,5.84123E+01,5.84123E+01,5.84123E+01,5.84123E+01,5.84123E+01,5.84123E+01,5.84123E+01,5.84123E+01,5.84123E+01,5.84123E+01,5.84123E+01,5.84123E+01,5.84123E+01,2.81988E+01,5.84123E+01,5.84123E+01,5.84123E+01,5.84123E+01,5.84123E+01,5.84123E+01,5.84123E+01,5.84123E+01,5.84123E+01,5.84123E+01,3.64828E+01,5.84123E+01,2.81988E+01,5.84123E+01,5.84123E+01,5.84123E+01,1.05922E+01,5.84123E+01,5.84123E+01,2.81988E+01,2.81988E+01,1.53212E+02,5.84123E+01 
#t = 1.134E+03
5.84123E+01,3.64828E+01,5.84123E+01,5.84123E+01,5.84123E+01,5.84123E+01,5.84123E+01,5.84123E+01,5.84123E+01,5.84123E+01,2.03392E+01,5.84123E+01,5.84123E+01,3.64828E+01,5.84123E+01,5.84123E+01,5.84123E+01,5.84123E+01,5.84123E+01,5.84123E+01,5.84123E+01,5.84123E+01,3.64828E+01,5.84123E+01,5.84123E+01,1.49441E+01,5.84123E+01,5.84123E+01,5.84123E+01,5.84123E+01,2.03392E+01,5.84123E+01,5.84123E+01,5.84123E+01,5.84123E+01,5.84123E+01,5.84123E+01,5.84123E+01,5.84123E+01,3.64828E+01,5.84123E+01 
#t = 1.176E+03
5.84123E+01,2.48192E+01,5.84123E+01,2.03392E+01,5.84123E+01,5.84123E+01,9.69878E+00,5.84123E+01,5.84123E+01,5.84123E+01,5.84123E+01,5.84123E+01,5.84123E+01,2.03392E+01,5.84123E+01,5.84123E+01,2.48192E+01,2.48192E+01,5.84123E+01,2.18307E+00,5.84123E+01,5.84123E+01,5.84123E+01,5.84123E+01,5.84123E+01,2.58313E-01,5.84123E+01 
#t = 1.218E+03
5.84123E+01,5.84123E+01,5.84123E+01,5.84123E+01,5.84123E+01,2.03392E+01,5.84123E+01,5.84123E+01,5.84123E+01,3.72692E+01,5.84123E+01,5.84123E+01,5.84123E+01,5.84123E+01,5.84123E+01,2.03392E+01,5.84123E+01,5.84123E+01,5.84123E+01,5.84123E+01,5.84123E+01,5.84123E+01,5.84123E+01,5.84123E+01,2.69299E+01,5.84123E+01,5.84123E+01,5.84123E+01,5.84123E+01,5.84123E+01,5.84123E+01,5.84123E+01,5.84123E+01,1.08041E-01,5.84123E+01,5.84123E+01,5.84123E+01,2.03392E+01,2.03392E+01,5.84123E+01,5.80145E-01,5.84123E+01,5.84123E+01,3.93565E+00,5.84123E+01,5.84123E+01 
#t = 1.260E+03
5.84123E+01,5.84123E+01,5.84123E+01,2.03392E+01,5.84123E+01,5.84123E+01,5.84123E+01,5.84123E+01,5.84123E+01,5.84123E+01,5.84123E+01,2.69299E+01,5.84123E+01,5.84123E+01,1.23708E+01,1.23708E+01,5.84123E+01,2.69299E+01,2.69299E+01,8.05337E+00,5.84123E+01,5.84123E+01,5.84123E+01,5.84123E+01,2.03392E+01,5.84123E+01,5.84123E+01,1.36322E+01,5.84123E+01,5.84123E+01,2.69299E+01,5.84123E+01,5.84123E+01,5.84123E+01,5.19461E-01,1.42240E-01,5.84123E+01,5.84123E+01,5.84123E+01,5.84123E+01,5.84123E+01 
#t = 1.302E+03
5.84123E+01,5.84123E+01,1.23708E+01,5.84123E+01,5.84123E+01,5.84123E+01,5.84123E+01,5.84123E+01,1.23708E+01,5.84123E+01,5.84123E+01,5.84123E+01,1.74028E+01,5.84123E+01,5.84123E+01,5.84123E+01,5.84123E+01,5.84123E+01,1.23708E+01,5.84123E+01,1.74028E+01,5.84123E+01,5.84123E+01,5.84123E+01,1.74028E+01,1.23708E+01,5.84123E+01,5.84123E+01,5.84123E+01,5.84123E+01,5.84123E+01,5.84123E+01,5.84123E+01,5.84123E+01,5.84123E+01,5.84123E+01,5.84123E+01,5.84123E+01,5.84123E+01,1.74028E+01,5.84123E+01,5.84123E+01,1.74028E+01 
#t = 1.344E+03
5.84123E+01,1.74028E+01,1.23708E+01,1.74028E+01,5.84123E+01,5.84123E+01,5.84123E+01,5.84123E+01,5.84123E+01,1.23708E+01,5.84123E+01,5.84123E+01,5.84123E+01,5.84123E+01,5.84123E+01,5.84123E+01,5.84123E+01,5.84123E+01,3.83835E+01,5.84123E+01,5.84123E+01,5.84123E+01,5.84123E+01,5.84123E+01,5.84123E+01,5.84123E+01,5.84123E+01,1.74028E+01,5.84123E+01,5.84123E+01,5.84123E+01,5.84123E+01,5.84123E+01,5.84123E+01,1.74028E+01,5.84123E+01,1.80659E-01,5.84123E+01,5.84123E+01,1.74028E+01,5.84123E+01,5.84123E+01,5.84123E+01,5.84123E+01,5.84123E+01 
#t = 1.386E+03
5.84123E+01,5.84123E+01,1.74028E+01,5.84123E+01,5.84123E+01,5.84123E+01,5.84123E+01,1.84561E+01,8.44548E+00,5.84123E+01,5.84123E+01,1.74028E+01,5.84123E+01,5.84123E+01,5.84123E+01,5.84123E+01,1.18250E+01,1.84561E+01,5.84123E+01,5.84123E+01,1.39873E+01,5.84123E+01,5.84123E+01,5.84123E+01,5.84123E+01,1.84561E+01,1.18250E+01,5.84123E+01,5.84123E+01,5.84123E+01,5.84123E+01,5.84123E+01,5.84123E+01,5.84123E+01,5.84123E+01,5.84123E+01,1.84561E+01,2.82782E-01,1.18250E+01,5.84123E+01,5.84123E+01,1.31936E+00,9.86065E-01,5.84123E+01,1.18250E+01,1.10383E+01 
#t = 1.428E+03
5.84123E+01,5.84123E+01,5.84123E+01,1.84561E+01,5.84123E+01,1.84561E+01,1.18250E+01,5.84123E+01,1.74028E+01,5.84123E+01,5.84123E+01,5.84123E+01,5.84123E+01,5.84123E+01,1.18250E+01,5.84123E+01,5.84123E+01,5.84123E+01,2.90588E+01,5.84123E+01,5.84123E+01,5.84123E+01,5.84123E+01,5.84123E+01,5.84123E+01,2.95311E+01,5.84123E+01,5.84123E+01,5.84123E+01,5.84123E+01,5.84123E+01,1.84561E+01,5.84123E+01,5.84123E+01,2.95311E+01,2.90588E+01,8.27847E-01,5.84123E+01,5.84123E+01 
#t = 1.470E+03
5.84123E+01,1.84561E+01,2.90588E+01,5.84123E+01,1.84561E+01,5.84123E+01,4.96910E+00,5.84123E+01,2.90588E+01,5.84123E+01,5.84123E+01,2.90588E+01,1.91705E+01,2.90588E+01,2.90588E+01,5.84123E+01,5.84123E+01,8.76832E+00,5.84123E+01,5.84123E+01,2.90588E+01,5.84123E+01,5.84123E+01,2.90588E+01,5.84123E+01,5.84123E+01,2.90588E+01,5.84123E+01,2.90588E+01,5.84123E+01,8.40272E-01,5.84123E+01,5.84123E+01,5.84123E+01,2.90588E+01,5.84123E+01,2.90588E+01,2.90588E+01,6.69233E+00 
#t = 1.512E+03
1.84561E+01,5.84123E+01,5.84123E+01,5.84123E+01,5.84123E+01,5.84123E+01,5.84123E+01,5.84123E+01,5.84123E+01,5.84123E+01,2.90588E+01,5.84123E+01,5.84123E+01,5.84123E+01,5.84123E+01,5.84123E+01,1.84561E+01,5.84123E+01,5.84123E+01,5.84123E+01,5.84123E+01,1.84561E+01,5.84123E+01,5.84123E+01,5.84123E+01,5.84123E+01,5.84123E+01,1.84561E+01,2.90588E+01,5.84123E+01,5.84123E+01,5.84123E+01,5.84123E+01,4.73512E+00,5.84123E+01,2.90588E+01,5.84123E+01,2.90588E+01,5.84123E+01,5.84123E+01,5.84123E+01,1.84561E+01,8.10204E-02,1.84561E+01 
#t = 1.554E+03
5.84123E+01,1.84561E+01,5.84123E+01,5.84123E+01,5.84123E+01,5.84123E+01,5.84123E+01,5.84123E+01,5.84123E+01,5.84123E+01,1.84561E+01,8.03302E+00,5.84123E+01,5.84123E+01,5.84123E+01,5.84123E+01,5.84123E+01,5.84123E+01,5.84123E+01,2.40046E+01,5.84123E+01,5.84123E+01,5.84123E+01,5.84123E+01,5.84123E+01,5.84123E+01,5.84123E+01,2.40046E+01,2.40046E+01,5.84123E+01,1.84561E+01,9.19916E-01,5.84123E+01,3.52093E-01,5.84123E+01,1.84561E+01,5.84123E+01,5.84123E+01,5.84123E+01,8.66801E-01,1.92071E+00,5.84123E+01,5.84123E+01 
#t = 1.596E+03
5.84123E+01,5.84123E+01,5.84123E+01,5.84123E+01,5.84123E+01,5.84123E+01,5.84123E+01,5.84123E+01,5.84123E+01,5.84123E+01,5.84123E+01,5.84123E+01,5.84123E+01,5.84123E+01,5.84123E+01,5.84123E+01,5.84123E+01,5.84123E+01,5.84123E+01,5.84123E+01,5.84123E+01,5.84123E+01,5.84123E+01,5.84123E+01,5.84123E+01,5.84123E+01,5.84123E+01,5.84123E+01,5.84123E+01,5.84123E+01,4.89418E+00,5.84123E+01,5.84123E+01,5.84123E+01,5.84123E+01,5.84123E+01,5.84123E+01,5.84123E+01,5.84123E+01,5.84123E+01,5.84123E+01,5.84123E+01,5.84123E+01,3.88800E-01 
#t = 1.638E+03
5.84123E+01,5.84123E+01,5.84123E+01,5.84123E+01,5.84123E+01,5.84123E+01,5.84123E+01,5.84123E+01,5.84123E+01,5.84123E+01,5.84123E+01,5.84123E+01,5.84123E+01,5.84123E+01,2.27684E+01,5.84123E+01,5.84123E+01,5.84123E+01,5.84123E+01,5.84123E+01,5.84123E+01,5.84123E+01,5.84123E+01,5.84123E+01,5.84123E+01,5.84123E+01,5.84123E+01,5.84123E+01,5.84123E+01,5.84123E+01,7.82752E+00,5.84123E+01,5.84123E+01,5.58268E+00,5.84123E+01,5.84123E+01,5.84123E+01,5.84123E+01,5.84123E+01,5.84123E+01,5.84123E+01,5.84123E+01,1.20936E-01,5.84123E+01,5.84123E+01,5.84123E+01,1.36159E+00,5.84123E+01,5.84123E+01,5.84123E+01,5.84123E+01,5.84123E+01,5.84123E+01 
#t = 1.680E+03
5.84123E+01,5.84123E+01,5.84123E+01,5.84123E+01,5.84123E+01,5.84123E+01,5.84123E+01,5.84123E+01,5.84123E+01,5.84123E+01,5.84123E+01,1.98483E+01,5.84123E+01,5.84123E+01,5.84123E+01,5.84123E+01,5.84123E+01,5.84123E+01,5.84123E+01,5.84123E+01,5.84123E+01,5.84123E+01,5.84123E+01,5.84123E+01,5.84123E+01,1.98483E+01,5.84123E+01,5.84123E+01,5.84123E+01,5.84123E+01,5.84123E+01,5.84123E+01,5.84123E+01,1.76570E+01,5.84123E+01,5.84123E+01,5.84123E+01,5.84123E+01,1.98483E+01,5.84123E+01,5.84123E+01,5.84123E+01,1.98483E+01,1.98483E+01,5.84123E+01,5.84123E+01,5.84123E+01,1.69006E-01,5.84123E+01,7.27377E-02,5.84123E+01,5.84123E+01,1.45288E+01,5.84123E+01,5.84123E+01 
#t = 1.722E+03
5.84123E+01,5.84123E+01,5.84123E+01,5.84123E+01,5.84123E+01,3.07059E+01,1.98483E+01,1.98483E+01,5.84123E+01,2.71952E+01,5.84123E+01,5.84123E+01,1.76570E+01,1.98483E+01,5.84123E+01,1.98483E+01,5.84123E+01,5.84123E+01,5.84123E+01,1.98483E+01,5.84123E+01,5.84123E+01,1.76570E+01,1.98483E+01,5.84123E+01,2.71952E+01,5.84123E+01,1.98483E+01,1.42956E+01,5.84123E+01,5.84123E+01,2.71952E+01,5.84123E+01,5.84123E+01,5.84123E+01,5.84123E+01,1.98483E+01,2.71952E+01,5.84123E+01,5.84123E+01,4.57550E-01,5.84123E+01,5.84123E+01,1.76570E+01,2.32096E-01 
#t = 1.764E+03
5.84123E+01,5.84123E+01,5.84123E+01,2.71952E+01,5.84123E+01,5.84123E+01,5.84123E+01,5.84123E+01,5.84123E+01,2.71952E+01,1.19110E+01,2.71952E+01,5.84123E+01,1.98483E+01,5.84123E+01,5.84123E+01,2.71952E+01,5.84123E+01,5.84123E+01,5.84123E+01,2.71952E+01,5.84123E+01,5.84123E+01,5.84123E+01,5.84123E+01,5.84123E+01,5.84123E+01,5.84123E+01,5.84123E+01,1.19110E+01,1.76570E+01,5.84123E+01,5.84123E+01,5.84123E+01,5.84123E+01,5.84123E+01,5.84123E+01,5.84123E+01,5.84123E+01,5.84123E+01,5.84123E+01,5.84123E+01,5.84123E+01,5.84123E+01,2.71952E+01,5.84123E+01,5.84123E+01 
#t = 1.806E+03
5.84123E+01,2.71952E+01,5.84123E+01,5.84123E+01,1.19110E+01,2.71952E+01,5.84123E+01,2.71952E+01,5.84123E+01,1.29590E+01,2.71952E+01,1.94989E+01,5.84123E+01,5.84123E+01,5.84123E+01,5.84123E+01,2.71952E+01,5.84123E+01,5.84123E+01,5.84123E+01,9.44342E+00,5.84123E+01,5.84123E+01,5.84123E+01,5.84123E+01,1.29590E+01,5.84123E+01,2.12333E+00,5.84123E+01,5.84123E+01,5.84123E+01,5.84123E+01,5.84123E+01,5.84123E+01 
#t = 1.848E+03
1.19110E+01,5.84123E+01,2.71952E+01,5.84123E+01,5.84123E+01,5.84123E+01,5.73685E+01,5.73685E+01,2.71952E+01,5.84123E+01,5.84123E+01,5.84123E+01,5.84123E+01,5.84123E+01,1.19110E+01,5.84123E+01,2.71952E+01,5.84123E+01,1.19110E+01,2.71952E+01,5.84123E+01,5.84123E+01,5.84123E+01,1.19110E+01,5.84123E+01,2.71952E+01,5.84123E+01,5.84123E+01,5.84123E+01,5.84123E+01,5.73685E+01,5.84123E+01,5.84123E+01,5.84123E+01,5.84123E+01 
#t = 1.890E+03
5.84123E+01,1.19110E+01,5.84123E+01,1.41138E+01,5.84123E+01,5.84123E+01,1.41138E+01,1.19110E+01,1.06736E+01,5.84123E+01,1.19110E+01,5.84123E+01,5.84123E+01,5.84123E+01,5.84123E+01,5.84123E+01,1.41138E+01,1.19110E+01,5.84123E+01,8.21165E+01,8.21165E+01,5.84123E+01,5.84123E+01,8.21165E+01,5.84123E+01,8.21165E+01,8.21165E+01,5.84123E+01,5.84123E+01,5.84123E+01,5.84123E+01,5.84123E+01,1.29288E-01,5.84123E+01,5.84123E+01,5.84123E+01,5.84123E+01,8.21165E+01,2.46892E+00,1.06736E+01,5.84123E+01,5.84123E+01,8.21165E+01,5.84123E+01,9.29163E-01,1.64290E+00,5.86890E+00 
#t = 1.932E+03
1.41138E+01,5.84123E+01,5.84123E+01,5.84123E+01,5.84123E+01,5.84123E+01,8.21165E+01,5.84123E+01,5.84123E+01,5.84123E+01,5.84123E+01,5.84123E+01,5.84123E+01,3.47031E+01,1.43208E+01,5.84123E+01,5.84123E+01,5.84123E+01,5.84123E+01,5.84123E+01,1.19110E+01,5.84123E+01,5.84123E+01,1.43208E+01,5.84123E+01,5.84123E+01,5.84123E+01,5.84123E+01,5.84123E+01,1.57284E-01,8.21165E+01,8.21165E+01,1.67444E+01,5.84123E+01,5.84123E+01 
#t = 1.974E+03
5.84123E+01,1.19110E+01,5.84123E+01,5.84123E+01,5.84123E+01,5.84123E+01,5.84123E+01,5.84123E+01,5.84123E+01,5.84123E+01,8.21165E+01,5.84123E+01,5.84123E+01,5.84123E+01,5.84123E+01,8.21165E+01,5.94862E+00,5.84123E+01,5.84123E+01,5.84123E+01,5.84123E+01,5.84123E+01,5.84123E+01,5.84123E+01,5.84123E+01,5.84123E+01,5.84123E+01,5.84123E+01,8.21165E+01,5.84123E+01,5.84123E+01,5.18115E-01,5.84123E+01,5.84123E+01,5.84123E+01,5.84123E+01,5.84123E+01,5.84123E+01,5.84123E+01,5.84123E+01 
#t = 2.016E+03
5.84123E+01,5.84123E+01,5.84123E+01,5.84123E+01,5.84123E+01,5.84123E+01,5.84123E+01,5.84123E+01,5.84123E+01,5.84123E+01,8.21165E+01,5.84123E+01,8.21165E+01,8.21165E+01,5.84123E+01,5.84123E+01,5.84123E+01,5.84123E+01,5.84123E+01,5.84123E+01,8.21165E+01,5.84123E+01,8.21165E+01,5.84123E+01,5.84123E+01,5.84123E+01,5.84123E+01,5.84123E+01,5.84123E+01,8.21165E+01,5.84123E+01,5.84123E+01,5.84123E+01,5.84123E+01,5.84123E+01,5.84123E+01,5.84123E+01,5.84123E+01,5.84123E+01,8.21165E+01,8.21165E+01,5.84123E+01,5.84123E+01,8.21165E+01,5.84123E+01,5.84123E+01,5.84123E+01,5.84123E+01,5.84123E+01,8.21165E+01,5.84123E+01,5.84123E+01,5.84123E+01,5.84123E+01,4.76045E-01,5.84123E+01,5.84123E+01,5.84123E+01,2.52074E-01,5.84123E+01,5.84123E+01,5.84123E+01,8.21165E+01 
#t = 2.058E+03
5.84123E+01,5.84123E+01,5.84123E+01,5.84123E+01,5.84123E+01,5.84123E+01,5.84123E+01,5.84123E+01,8.21165E+01,5.84123E+01,5.84123E+01,8.21165E+01,5.84123E+01,5.84123E+01,5.84123E+01,5.84123E+01,5.84123E+01,5.84123E+01,8.21165E+01,8.21165E+01,8.21165E+01,5.84123E+01,5.84123E+01,8.21165E+01,5.84123E+01,5.84123E+01,5.84123E+01,5.84123E+01,3.23646E+00,8.21165E+01,5.84123E+01,5.84123E+01,5.84123E+01,8.21165E+01,2.51426E-01,8.21165E+01 
#t = 2.100E+03
5.84123E+01,5.84123E+01,5.84123E+01,5.84123E+01,5.84123E+01,5.84123E+01,5.84123E+01,5.84123E+01,5.84123E+01,5.84123E+01,5.84123E+01,5.84123E+01,5.84123E+01,5.84123E+01,5.84123E+01,5.84123E+01,5.84123E+01,5.84123E+01,5.84123E+01,5.84123E+01,5.84123E+01,5.84123E+01,5.84123E+01,5.84123E+01,5.84123E+01,5.84123E+01,5.84123E+01,5.84123E+01,5.84123E+01,5.84123E+01,2.38813E+01,5.84123E+01,8.21165E+01,5.84123E+01,5.84123E+01,5.84123E+01,5.84123E+01,5.84123E+01,5.84123E+01,5.84123E+01,1.33146E+00,1.83456E+00 
#t = 2.142E+03
8.21165E+01,5.84123E+01,5.84123E+01,5.84123E+01,5.84123E+01,5.84123E+01,5.84123E+01,5.84123E+01,5.84123E+01,5.84123E+01,5.84123E+01,5.84123E+01,5.84123E+01,5.84123E+01,5.84123E+01,5.84123E+01,5.84123E+01,5.84123E+01,5.84123E+01,5.84123E+01,5.84123E+01,5.84123E+01,5.84123E+01,5.84123E+01,1.34581E+01,5.84123E+01,5.84123E+01,5.84123E+01,5.84123E+01,5.84123E+01,5.84123E+01,5.84123E+01,2.58527E+00,5.84123E+01,5.84123E+01,5.84123E+01,5.84123E+01,1.03753E+00,5.84123E+01,5.84123E+01,5.84123E+01,5.84123E+01 
#t = 2.184E+03
5.84123E+01,5.84123E+01,5.84123E+01,5.84123E+01,5.84123E+01,5.84123E+01,5.84123E+01,5.84123E+01,1.21825E+01,5.84123E+01,1.34581E+01,5.84123E+01,5.84123E+01,5.84123E+01,5.84123E+01,5.84123E+01,1.21825E+01,5.84123E+01,5.84123E+01,5.84123E+01,5.84123E+01,5.84123E+01,5.84123E+01,5.84123E+01,5.84123E+01,5.84123E+01,5.84123E+01,5.84123E+01,5.84123E+01,5.84123E+01,5.84123E+01,5.84123E+01,5.84123E+01,5.84123E+01,2.23422E-01,5.84123E+01,5.84123E+01 
#t = 2.226E+03
5.84123E+01,5.84123E+01,5.84123E+01,5.84123E+01,5.84123E+01,5.84123E+01,5.84123E+01,5.84123E+01,5.84123E+01,5.84123E+01,5.84123E+01,1.21825E+01,5.84123E+01,5.84123E+01,5.84123E+01,5.84123E+01,5.84123E+01,5.84123E+01,5.84123E+01,1.21825E+01,5.84123E+01,3.33478E+00,5.84123E+01,5.84123E+01,1.21825E+01,5.84123E+01,5.84123E+01,5.84123E+01,5.84123E+01,5.84123E+01,1.21825E+01,4.94111E+00,5.84123E+01,5.84123E+01,5.84123E+01 
#t = 2.268E+03
1.21825E+01,5.84123E+01,5.84123E+01,5.84123E+01,1.21825E+01,5.84123E+01,5.84123E+01,5.84123E+01,5.84123E+01,5.84123E+01,1.21825E+01,1.21825E+01,5.84123E+01,5.84123E+01,1.21825E+01,5.84123E+01,5.84123E+01,5.84123E+01,5.84123E+01,1.21825E+01,5.84123E+01,8.61612E+00,5.84123E+01,5.84123E+01,1.21825E+01,5.84123E+01,5.84123E+01,5.84123E+01,1.21825E+01,5.84123E+01,5.84123E+01,8.24449E+00,5.84123E+01,5.84123E+01,3.45374E+00,6.33580E+01,5.84123E+01,5.84123E+01 
#t = 2.310E+03
1.21825E+01,1.21825E+01,1.21825E+01,6.33580E+01,5.84123E+01,5.84123E+01,6.33580E+01,5.84123E+01,5.84123E+01,1.19634E+01,5.84123E+01,5.84123E+01,5.84123E+01,5.84123E+01,1.19634E+01,1.19634E+01,5.84123E+01,5.84123E+01,1.19634E+01,6.33580E+01,6.33580E+01,5.84123E+01,5.84123E+01,1.19634E+01,5.84123E+01,5.84123E+01,5.84123E+01,6.33580E+01,5.84123E+01,5.84123E+01,4.92308E+00,5.84123E+01,6.33580E+01,5.84123E+01,5.84123E+01,1.21825E+01,5.84123E+01,6.91046E-01,5.84123E+01 
#t = 2.352E+03
5.84123E+01,5.84123E+01,6.33580E+01,1.32132E+01,5.84123E+01,5.84123E+01,1.21825E+01,1.21825E+01,1.19634E+01,5.84123E+01,5.84123E+01,5.84123E+01,5.84123E+01,5.84123E+01,5.84123E+01,5.84123E+01,5.84123E+01,5.84123E+01,5.84123E+01,5.84123E+01,5.84123E+01,5.84123E+01,5.84123E+01,5.84123E+01,5.84123E+01,5.84123E+01,4.26682E-02,1.19634E+01,5.84123E+01,5.84123E+01,4.58212E+00,8.39666E+00,5.84123E+01,5.84123E+01,6.33580E+01,6.33580E+01,1.19634E+01,5.99594E-01 
#t = 2.394E+03
5.84123E+01,1.32132E+01,1.56665E+01,1.32132E+01,5.84123E+01,5.84123E+01,1.32132E+01,5.84123E+01,5.84123E+01,1.79391E+01,5.84123E+01,1.32132E+01,5.84123E+01,5.84123E+01,6.33580E+01,5.84123E+01,1.32132E+01,5.84123E+01,6.33580E+01,1.32132E+01,5.84123E+01,6.33580E+01,5.84123E+01,5.84123E+01,5.84123E+01,5.84123E+01,5.84123E+01,6.33580E+01,5.84123E+01,5.84123E+01,5.84123E+01,5.84123E+01,5.84123E+01,1.32132E+01,6.28072E+00,5.84123E+01,5.84123E+01,1.32132E+01,5.84123E+01,5.84123E+01,7.80928E-01,1.32132E+01,5.84123E+01,5.84123E+01 
#t = 2.436E+03
1.32132E+01,1.79391E+01,5.84123E+01,5.84123E+01,1.32132E+01,1.32132E+01,5.84123E+01,5.84123E+01,5.84123E+01,5.84123E+01,5.84123E+01,5.84123E+01,5.84123E+01,5.84123E+01,5.84123E+01,5.84123E+01,5.84123E+01,5.84123E+01,1.95182E+02,5.84123E+01,5.84123E+01,5.84123E+01,1.32132E+01,1.32132E+01,1.32132E+01,5.84123E+01,5.84123E+01,5.84123E+01,1.32132E+01,5.84123E+01,5.84123E+01,1.32132E+01,1.32132E+01,1.32132E+01,1.32132E+01,5.84123E+01,5.84123E+01,1.32132E+01,1.13061E-01,7.88603E+00,1.32132E+01,5.84123E+01 
#t = 2.478E+03
5.84123E+01,1.32132E+01,1.32132E+01,5.84123E+01,1.32132E+01,5.84123E+01,5.84123E+01,5.84123E+01,5.84123E+01,1.95182E+02,5.84123E+01,5.84123E+01,5.84123E+01,5.84123E+01,5.84123E+01,1.95182E+02,5.84123E+01,5.84123E+01,5.84123E+01,5.84123E+01,5.84123E+01,5.84123E+01,5.84123E+01,5.84123E+01,5.84123E+01,1.09563E+01,1.32132E+01,5.84123E+01,5.84123E+01,5.84123E+01,1.32132E+01,4.81018E+00,5.84123E+01,7.59679E-01,5.84123E+01,4.98149E+01,5.84123E+01 
#t = 2.520E+03
5.84123E+01,5.84123E+01,1.09563E+01,1.95182E+02,5.84123E+01,5.84123E+01,5.84123E+01,5.84123E+01,5.84123E+01,5.84123E+01,5.84123E+01,5.84123E+01,5.84123E+01,1.32132E+01,5.84123E+01,1.32132E+01,5.84123E+01,5.84123E+01,5.84123E+01,5.84123E+01,5.84123E+01,5.84123E+01,5.84123E+01,5.84123E+01,1.95182E+02,5.84123E+01,6.86592E+00,5.84123E+01,5.84123E+01,1.32132E+01,1.97236E+00,5.84123E+01,5.84123E+01,5.84123E+01,5.84123E+01,1.32132E+01,5.84123E+01,5.84123E+01,5.84123E+01,2.77827E-01,5.84123E+01,5.84123E+01 
#t = 2.562E+03
1.95182E+02,5.84123E+01,1.09563E+01,5.84123E+01,5.84123E+01,5.84123E+01,5.84123E+01,1.95182E+02,5.84123E+01,5.84123E+01,1.07178E+01,1.95182E+02,5.84123E+01,5.84123E+01,5.84123E+01,5.84123E+01,1.95182E+02,8.09689E+00,5.84123E+01,1.95182E+02,1.09563E+01,5.84123E+01,5.84123E+01,5.84123E+01,1.95182E+02,5.84123E+01,1.95182E+02,5.84123E+01,1.95182E+02,1.95182E+02,5.09232E+00,5.84123E+01,5.84123E+01,6.71210E+00,1.95182E+02,1.66925E+00,5.84123E+01,5.84123E+01,5.64340E-01 
#t = 2.604E+03
1.09563E+01,5.84123E+01,5.84123E+01,5.84123E+01,1.09563E+01,1.95182E+02,5.84123E+01,1.00466E+01,5.84123E+01,5.84123E+01,5.84123E+01,1.95182E+02,1.95182E+02,1.95182E+02,5.84123E+01,1.95182E+02,5.84123E+01,1.95182E+02,1.95182E+02,1.95182E+02,1.95182E+02,5.84123E+01,5.84123E+01,1.95182E+02,1.87586E+01,5.84123E+01,5.84123E+01,5.84123E+01,1.95182E+02,5.84123E+01,6.27579E+00,1.87586E+01,1.95182E+02,3.60468E+00,5.84123E+01,1.09563E+01 
#t = 2.646E+03
5.84123E+01,1.95182E+02,5.84123E+01,5.84123E+01,1.95182E+02,4.91201E+00,5.84123E+01,5.84123E+01,5.84123E+01,5.84123E+01,2.40897E+01,5.84123E+01,5.84123E+01,5.84123E+01,5.84123E+01,5.84123E+01,5.84123E+01,2.40897E+01,1.17220E+01,5.84123E+01,5.84123E+01,5.84123E+01,5.84123E+01,5.84123E+01,5.84123E+01,5.84123E+01,5.84123E+01,5.84123E+01,1.95182E+02,5.84123E+01,5.84123E+01,5.84123E+01,5.84123E+01,1.95182E+02,1.95182E+02 
#t = 2.688E+03
5.84123E+01,1.17220E+01,5.84123E+01,5.84123E+01,5.84123E+01,5.84123E+01,5.84123E+01,1.95182E+02,5.84123E+01,1.63694E+01,5.84123E+01,5.84123E+01,5.84123E+01,5.84123E+01,5.84123E+01,5.84123E+01,5.84123E+01,5.84123E+01,1.63694E+01,5.84123E+01,5.84123E+01,7.10043E+01,5.84123E+01,5.84123E+01,5.84123E+01,5.84123E+01,1.95182E+02,5.84123E+01,5.84123E+01,1.95182E+02,3.65892E-01,5.84123E+01,5.84123E+01,1.95182E+02,5.84123E+01,1.79952E-01,3.61931E-01,5.84123E+01,5.84123E+01,1.33951E+00 
#t = 2.730E+03
1.63694E+01,5.84123E+01,5.84123E+01,5.84123E+01,1.95182E+02,5.84123E+01,5.84123E+01,5.84123E+01,1.95182E+02,5.84123E+01,5.84123E+01,5.84123E+01,5.84123E+01,5.84123E+01,5.84123E+01,5.84123E+01,5.84123E+01,5.84123E+01,5.84123E+01,1.95182E+02,5.84123E+01,1.17161E+01,5.84123E+01,5.84123E+01,1.95182E+02,5.84123E+01,5.84123E+01,5.84123E+01,1.95182E+02,5.84123E+01,5.84123E+01,5.84123E+01,5.84123E+01,5.84123E+01,1.17161E+01,5.84123E+01,5.84123E+01,5.84123E+01,1.63694E+01,5.84123E+01,5.84123E+01,2.70446E+00 
#t = 2.772E+03
5.84123E+01,5.84123E+01,5.84123E+01,5.84123E+01,5.84123E+01,5.84123E+01,1.95182E+02,5.84123E+01,5.84123E+01,5.84123E+01,1.83248E+01,5.84123E+01,1.95182E+02,5.84123E+01,5.84123E+01,5.84123E+01,5.84123E+01,5.84123E+01,5.84123E+01,5.84123E+01,5.84123E+01,5.84123E+01,1.95182E+02,1.83248E+01,1.95182E+02,1.83248E+01,5.84123E+01,5.84123E+01,5.84123E+01,1.95182E+02,5.84123E+01,5.84123E+01,5.84123E+01,5.84123E+01,5.84123E+01,1.95182E+02,5.84123E+01,5.84123E+01,4.91750E-01,1.83248E+01,6.81383E-02 
#t = 2.814E+03
1.95182E+02,5.84123E+01,5.84123E+01,5.84123E+01,1.95182E+02,1.95182E+02,5.84123E+01,5.84123E+01,5.84123E+01,1.95182E+02,1.95182E+02,1.95182E+02,5.84123E+01,5.84123E+01,5.84123E+01,5.84123E+01,5.84123E+01,1.95182E+02,9.96264E+00,1.95182E+02,5.84123E+01,1.95182E+02,5.84123E+01,1.95182E+02,1.28262E-01,5.84123E+01,5.84123E+01,5.84123E+01,5.84123E+01,5.84123E+01,1.95182E+02,5.84123E+01,5.84123E+01,5.84123E+01,1.95182E+02,5.84123E+01,5.84123E+01,5.84123E+01,5.84123E+01,6.94608E-01,5.84123E+01 
#t = 2.856E+03
5.84123E+01,1.95182E+02,5.84123E+01,5.84123E+01,5.84123E+01,5.84123E+01,5.84123E+01,1.95182E+02,1.95182E+02,5.84123E+01,1.95182E+02,5.84123E+01,5.84123E+01,1.95182E+02,5.84123E+01,1.95182E+02,5.84123E+01,1.95182E+02,5.84123E+01,5.84123E+01,5.84123E+01,5.84123E+01,5.84123E+01,1.95182E+02,5.84123E+01,5.84123E+01,5.81198E+00,5.84123E+01,1.95182E+02,5.84123E+01,5.84123E+01,1.95182E+02,5.84123E+01,1.95182E+02,5.84123E+01,2.36294E+00,6.40793E+00,5.84123E+01,5.84123E+01,3.06563E-01,1.95182E+02 
#t = 2.898E+03
5.84123E+01,1.95182E+02,1.95182E+02,5.84123E+01,1.95182E+02,5.84123E+01,5.84123E+01,1.95182E+02,1.32508E+01,5.84123E+01,1.95182E+02,1.95182E+02,5.84123E+01,1.95182E+02,1.95182E+02,5.84123E+01,1.95182E+02,1.95182E+02,5.84123E+01,5.84123E+01,5.84123E+01,5.84123E+01,1.95182E+02,5.84123E+01,2.00071E+01,1.95182E+02,1.95182E+02,5.84123E+01,2.00071E+01,5.84123E+01,1.95182E+02,1.95182E+02,1.95182E+02,1.95182E+02,1.51638E+00,7.95761E+00,5.84123E+01,3.14372E+00,5.03431E-01 
#t = 2.940E+03
1.95182E+02,1.95182E+02,1.95182E+02,1.32508E+01,1.95182E+02,1.95182E+02,5.84123E+01,5.84123E+01,1.95182E+02,1.95182E+02,1.95182E+02,1.95182E+02,1.95182E+02,5.84123E+01,5.84123E+01,5.84123E+01,1.95182E+02,1.95182E+02,1.95182E+02,1.95182E+02,1.95182E+02,1.95182E+02,1.95182E+02,1.95182E+02,5.84123E+01,1.53652E+01,1.95182E+02,1.95182E+02,1.95182E+02,1.95182E+02,5.84123E+01,1.95182E+02,1.95182E+02,5.84123E+01,1.95182E+02,1.95182E+02,5.84123E+01,1.95182E+02,1.95182E+02,1.95182E+02,5.84123E+01,1.95182E+02,5.84123E+01,6.50385E+00,1.20091E+00,1.95182E+02 
#t = 2.982E+03
1.95182E+02,1.95182E+02,5.84123E+01,1.95182E+02,1.95182E+02,1.95182E+02,1.95182E+02,1.95182E+02,1.95182E+02,1.95182E+02,1.95182E+02,5.84123E+01,1.95182E+02,1.09737E+01,5.84123E+01,1.95182E+02,5.84123E+01,1.95182E+02,5.84123E+01,1.95182E+02,1.95182E+02,1.95182E+02,5.84123E+01,1.95182E+02,1.95182E+02,1.95182E+02,1.95182E+02,1.95182E+02,5.84123E+01,1.95182E+02,1.95182E+02,1.95182E+02,1.95182E+02,1.95182E+02,1.95182E+02 
#t = 3.024E+03
1.09737E+01,1.95182E+02,1.95182E+02,1.95182E+02,5.84123E+01,1.95182E+02,1.95182E+02,1.95182E+02,1.95182E+02,1.95182E+02,1.95182E+02,1.95182E+02,1.95182E+02,1.95182E+02,1.95182E+02,1.95182E+02,1.95182E+02,1.95182E+02,1.95182E+02,1.95182E+02,1.95182E+02,1.95182E+02,1.95182E+02,1.95182E+02,1.95182E+02,1.09737E+01,1.95182E+02,1.95182E+02,1.95182E+02,1.04712E+01,5.48997E+00,1.04712E+01,1.95182E+02,1.95182E+02,3.69232E+00,1.95182E+02,1.13780E+01,1.95182E+02,2.23748E+00,1.95182E+02,1.09737E+01,1.95182E+02 
#t = 3.066E+03
1.95182E+02,1.95182E+02,1.04712E+01,1.55901E+01,1.95182E+02,1.95182E+02,1.95182E+02,1.95182E+02,1.95182E+02,1.95182E+02,1.95182E+02,1.95182E+02,1.95182E+02,1.95182E+02,1.95182E+02,1.95182E+02,1.95182E+02,1.04712E+01,1.95182E+02,1.95182E+02,1.95182E+02,1.95182E+02,1.95182E+02,1.95182E+02,1.95182E+02,1.95182E+02,1.95182E+02,1.95182E+02,1.95182E+02,1.95182E+02,1.95182E+02,1.95182E+02,1.95182E+02,1.95182E+02,1.95182E+02,1.95182E+02,1.95182E+02,1.95182E+02,1.95182E+02,6.25506E+00 
#t = 3.108E+03
1.95182E+02,1.95182E+02,1.95182E+02,1.95182E+02,1.95182E+02,1.95182E+02,1.95182E+02,1.95182E+02,1.95182E+02,1.95182E+02,1.95182E+02,1.95182E+02,1.95182E+02,1.95182E+02,1.95182E+02,1.95182E+02,1.95182E+02,1.95182E+02,1.95182E+02,1.95182E+02,1.95182E+02,1.95182E+02,1.95182E+02,1.95182E+02,1.95182E+02,1.95182E+02,1.95182E+02,1.95182E+02,1.95182E+02,1.95182E+02,6.73407E+01,1.95182E+02,1.95182E+02,1.95182E+02,1.95182E+02,1.95182E+02,1.95182E+02,1.95182E+02,1.95182E+02,2.54558E+01,1.95182E+02,1.95182E+02,1.95182E+02,1.95182E+02,1.95182E+02,1.95182E+02,1.95182E+02,1.95182E+02,2.12296E+01,1.95182E+02,1.95182E+02,1.95182E+02,1.95182E+02,1.95182E+02,1.95182E+02 
#t = 3.150E+03
1.95182E+02,6.73407E+01,1.95182E+02,1.95182E+02,1.95182E+02,1.95182E+02,1.95182E+02,1.95182E+02,1.95182E+02,1.95182E+02,1.95182E+02,1.95182E+02,1.95182E+02,1.95182E+02,1.95182E+02,1.95182E+02,1.95182E+02,1.95182E+02,1.95182E+02,1.95182E+02,1.95182E+02,1.95182E+02,1.95182E+02,1.95182E+02,1.95182E+02,1.95182E+02,1.95182E+02,1.95182E+02,8.73889E+00,1.95182E+02,5.32218E-01,1.95182E+02,4.97558E-01,1.95182E+02,5.40483E+00,1.95182E+02,1.95182E+02,1.95182E+02,1.95182E+02,1.95182E+02,1.95182E+02,1.15410E+01 
#t = 3.192E+03
1.95182E+02,1.95182E+02,1.95182E+02,1.95182E+02,1.95182E+02,1.95182E+02,1.95182E+02,1.95182E+02,1.95182E+02,1.95182E+02,1.95182E+02,1.95182E+02,1.95182E+02,1.95182E+02,1.95182E+02,1.95182E+02,1.95182E+02,1.95182E+02,1.95182E+02,1.95182E+02,1.95182E+02,1.95182E+02,1.95182E+02,1.95182E+02,1.95182E+02,1.95182E+02,1.95182E+02,1.95182E+02,1.95182E+02,1.95182E+02,1.95182E+02,1.95182E+02,1.95182E+02,1.01023E+01,6.15752E+00,1.66580E+00,1.95182E+02,1.95182E+02,1.95182E+02,1.95182E+02 
#t = 3.234E+03
1.95182E+02,1.95182E+02,1.95182E+02,1.95182E+02,1.95182E+02,1.95182E+02,1.95182E+02,1.95182E+02,1.95182E+02,1.95182E+02,1.95182E+02,1.95182E+02,1.95182E+02,1.95182E+02,1.95182E+02,1.95182E+02,1.95182E+02,1.95182E+02,1.95182E+02,1.95182E+02,1.95182E+02,1.95182E+02,1.95182E+02,1.95182E+02,1.95182E+02,1.95182E+02,1.95182E+02,1.95182E+02,1.95182E+02,1.95182E+02,1.95182E+02,1.95182E+02,1.95182E+02,6.34171E+00,1.95182E+02,1.95182E+02,1.95182E+02,1.95182E+02,1.95182E+02,1.95182E+02,1.95182E+02,2.42625E+00,1.95182E+02,1.95182E+02,1.95182E+02,1.95182E+02,5.91473E+00,8.84911E-02,1.95182E+02,1.95182E+02 
#t = 3.276E+03
1.95182E+02,1.95182E+02,1.95182E+02,1.95182E+02,4.96998E+01,1.95182E+02,1.95182E+02,1.95182E+02,1.95182E+02,1.95182E+02,1.95182E+02,1.95182E+02,1.95182E+02,1.95182E+02,1.95182E+02,1.95182E+02,1.95182E+02,1.95182E+02,1.95182E+02,1.95182E+02,1.95182E+02,4.96998E+01,1.95182E+02,1.95182E+02,1.95182E+02,1.95182E+02,1.95182E+02,1.95182E+02,1.95182E+02,1.95182E+02,1.95182E+02,1.95182E+02,1.95182E+02,1.95182E+02,1.95182E+02,1.95182E+02,1.95182E+02,1.95182E+02,1.95182E+02,2.03189E-01,1.95182E+02,1.95182E+02,5.36499E-01,1.95182E+02,1.95182E+02 
#t = 3.318E+03
1.95182E+02,1.95182E+02,1.95182E+02,1.95182E+02,1.95182E+02,1.95182E+02,1.95182E+02,1.95182E+02,1.95182E+02,1.47005E+01,1.95182E+02,1.95182E+02,1.95182E+02,1.95182E+02,1.95182E+02,1.95182E+02,1.95182E+02,1.95182E+02,1.95182E+02,1.95182E+02,1.95182E+02,1.95182E+02,1.95182E+02,1.95182E+02,1.95182E+02,3.05615E+02,1.95182E+02,1.95182E+02,1.95182E+02,1.95182E+02,1.95182E+02,1.95182E+02,1.95182E+02,1.95182E+02,1.95182E+02,1.95182E+02,1.95182E+02,1.50500E+01,1.95182E+02,7.18410E+00,1.95182E+02,1.95182E+02,1.95182E+02,1.32354E+00 
#t = 3.360E+03
1.95182E+02,1.95182E+02,1.95182E+02,1.95182E+02,1.95182E+02,1.95182E+02,1.50500E+01,1.95182E+02,1.95182E+02,1.95182E+02,1.95182E+02,1.54609E+01,1.95182E+02,1.95182E+02,1.95182E+02,1.95182E+02,1.95182E+02,1.95182E+02,1.95182E+02,1.95182E+02,1.95182E+02,1.95182E+02,1.95182E+02,1.95182E+02,1.95182E+02,1.50500E+01,1.95182E+02,1.95182E+02,1.50500E+01,1.95182E+02,1.95182E+02,1.69336E+00,1.95182E+02,1.95182E+02,1.95182E+02,1.95182E+02,1.95182E+02,1.95182E+02,1.95182E+02,1.95182E+02,1.95182E+02,1.95182E+02,1.42266E+00,1.95182E+02 
#t = 3.402E+03
1.95182E+02,1.95182E+02,1.95182E+02,1.95182E+02,1.95182E+02,1.95182E+02,1.95182E+02,1.95182E+02,1.95182E+02,1.95182E+02,1.95182E+02,1.95182E+02,1.95182E+02,1.95182E+02,1.95182E+02,1.95182E+02,1.95182E+02,1.95182E+02,1.95182E+02,1.95182E+02,1.95182E+02,1.01811E+01,1.95182E+02,1.95182E+02,1.95182E+02,1.95182E+02,1.95182E+02,1.95182E+02,1.95182E+02,1.00125E+01,1.95182E+02,6.91082E-01,1.95182E+02 
#t = 3.444E+03
1.95182E+02,1.95182E+02,1.95182E+02,1.95182E+02,1.95182E+02,1.95182E+02,1.95182E+02,1.95182E+02,1.95182E+02,1.95182E+02,1.95182E+02,1.95182E+02,1.95182E+02,1.95182E+02,1.95182E+02,1.95182E+02,1.95182E+02,1.34598E+01,1.95182E+02,1.95182E+02,1.95182E+02,1.95182E+02,1.95182E+02,1.34598E+01,1.95182E+02,1.95182E+02,1.95182E+02,1.95182E+02,2.20762E+01,1.95182E+02,1.95182E+02,1.95182E+02,1.95182E+02,1.34598E+01,1.95182E+02,1.73679E+00,1.95182E+02,2.20762E+01,1.95182E+02,5.78853E+00,1.95182E+02,1.95182E+02,1.95182E+02 
#t = 3.486E+03
1.95182E+02,2.20762E+01,1.95182E+02,1.95182E+02,1.95182E+02,1.95182E+02,1.05466E+01,1.95182E+02,1.95182E+02,1.95182E+02,1.95182E+02,1.95182E+02,1.95182E+02,1.95182E+02,1.95182E+02,6.87476E+00,1.95182E+02,1.95182E+02,1.95182E+02,1.18849E+01,1.95182E+02,1.95182E+02,1.95182E+02,1.95182E+02,1.95182E+02,1.95182E+02,1.95182E+02,1.95182E+02,1.95182E+02,1.01375E+00,1.95182E+02,6.33595E-02 
#t = 3.528E+03
1.95182E+02,1.95182E+02,1.95182E+02,1.95182E+02,1.95182E+02,1.95182E+02,1.95182E+02,1.95182E+02,1.95182E+02,1.95182E+02,1.95182E+02,1.95182E+02,1.95182E+02,1.95182E+02,1.95182E+02,1.95182E+02,1.95182E+02,1.95182E+02,1.95182E+02,1.95182E+02,1.95182E+02,1.95182E+02,1.95182E+02,1.95182E+02,1.95182E+02,1.95182E+02,1.95182E+02,1.95182E+02,1.95182E+02,1.95182E+02,1.95182E+02,1.95182E+02,1.95182E+02,1.95182E+02,1.95182E+02,1.95182E+02,1.95182E+02,1.95182E+02,1.95182E+02,1.95182E+02 
#t = 3.570E+03
1.95182E+02,1.95182E+02,1.95182E+02,1.95182E+02,1.95182E+02,1.95182E+02,1.95182E+02,1.95182E+02,1.95182E+02,1.95182E+02,1.95182E+02,1.95182E+02,1.95182E+02,1.95182E+02,1.95182E+02,1.95182E+02,8.45249E+00,1.95182E+02,1.95182E+02,1.95182E+02,1.95182E+02,4.34778E+00,1.95182E+02,1.95182E+02,1.95182E+02,1.95182E+02,1.95182E+02,1.95182E+02,1.95182E+02,1.95182E+02,1.95182E+02,1.95182E+02,1.95182E+02,1.95182E+02,1.95182E+02,1.95182E+02,1.95182E+02,1.95182E+02,4.38660E-01,1.95182E+02,1.95182E+02 
#t = 3.612E+03
1.95182E+02,1.95182E+02,1.95182E+02,1.95182E+02,1.95182E+02,1.95182E+02,1.95182E+02,1.95182E+02,1.95182E+02,1.95182E+02,1.95182E+02,1.95182E+02,1.95182E+02,1.95182E+02,1.95182E+02,1.95182E+02,1.95182E+02,1.95182E+02,1.95182E+02,1.95182E+02,1.95182E+02,1.95182E+02,1.95182E+02,1.95182E+02,1.95182E+02,1.95182E+02,1.95182E+02,1.95182E+02,1.95182E+02,1.95182E+02,1.95182E+02,1.95182E+02,1.95182E+02,1.95182E+02,1.95182E+02,1.95182E+02,1.95182E+02,1.95182E+02,1.95182E+02,1.95182E+02,1.95182E+02,2.95580E-01,1.95182E+02,1.95182E+02,1.95182E+02,1.95182E+02,1.95182E+02,1.95182E+02,1.95182E+02 
#t = 3.654E+03
1.95182E+02,1.95182E+02,1.95182E+02,1.95182E+02,1.95182E+02,1.95182E+02,1.95182E+02,1.95182E+02,1.95182E+02,1.95182E+02,1.95182E+02,1.95182E+02,1.95182E+02,1.95182E+02,1.95182E+02,1.95182E+02,1.95182E+02,1.95182E+02,1.95182E+02,1.95182E+02,1.43901E+01,1.95182E+02,1.95182E+02,1.95182E+02,5.07451E+00,1.95182E+02,1.95182E+02,1.95182E+02,1.95182E+02,1.95182E+02,1.95182E+02,1.95182E+02,1.95182E+02,1.95182E+02,1.95182E+02,1.95182E+02,1.95182E+02,1.95182E+02,1.95182E+02,1.95182E+02,1.95182E+02,2.68966E-01,1.95182E+02,4.85361E+00,1.95182E+02,1.95182E+02,1.95182E+02,1.95182E+02,1.95182E+02,1.95182E+02,3.98344E+00,6.28286E+00,1.95182E+02 
#t = 3.696E+03
1.95182E+02,1.95182E+02,1.95182E+02,1.95182E+02,1.95182E+02,1.95182E+02,1.95182E+02,1.95182E+02,1.95182E+02,1.95182E+02,1.95182E+02,1.95182E+02,1.95182E+02,1.95182E+02,1.95182E+02,1.95182E+02,1.95182E+02,1.95182E+02,1.95182E+02,1.95182E+02,1.95182E+02,8.76306E+00,1.95182E+02,1.95182E+02,1.95182E+02,1.95182E+02,1.95182E+02,1.95182E+02,1.16705E+01,1.95182E+02,1.95182E+02,1.95182E+02,1.95182E+02,1.95182E+02,1.95182E+02,1.95182E+02,1.95182E+02,1.95182E+02,1.95182E+02,4.38757E-02,1.95182E+02,1.95182E+02 
#t = 3.738E+03
1.95182E+02,1.95182E+02,1.95182E+02,1.95182E+02,1.95182E+02,1.95182E+02,1.95182E+02,1.95182E+02,1.95182E+02,1.95182E+02,1.95182E+02,1.95182E+02,1.95182E+02,1.95182E+02,1.95182E+02,1.95182E+02,1.95182E+02,1.95182E+02,1.95182E+02,1.95182E+02,1.95182E+02,1.95182E+02,1.95182E+02,1.95182E+02,1.95182E+02,1.95182E+02,1.95182E+02,1.95182E+02,1.95182E+02,1.95182E+02,1.95182E+02,1.95182E+02,1.95182E+02,1.95182E+02,1.95182E+02,1.95182E+02,1.95182E+02,1.95182E+02,1.95182E+02,1.95182E+02,1.95182E+02,2.40007E+00,1.95182E+02,1.95182E+02,1.95182E+02,1.95182E+02,1.95182E+02,1.95182E+02 
#t = 3.780E+03
1.95182E+02,1.95182E+02,1.95182E+02,1.95182E+02,1.95182E+02,1.95182E+02,1.95182E+02,2.57129E+01,1.95182E+02,1.95182E+02,1.95182E+02,1.95182E+02,1.95182E+02,1.95182E+02,1.95182E+02,1.95182E+02,1.95182E+02,1.95182E+02,1.95182E+02,1.95182E+02,1.95182E+02,1.95182E+02,1.95182E+02,1.95182E+02,1.95182E+02,1.95182E+02,1.95182E+02,1.95182E+02,1.95182E+02,1.95182E+02,1.95182E+02,1.95182E+02,1.95182E+02,1.95182E+02,1.95182E+02,1.95182E+02,1.95182E+02,4.36155E-01,1.95182E+02,1.95182E+02,1.95182E+02,1.95182E+02,1.95182E+02 
#t = 3.822E+03
1.95182E+02,1.95182E+02,1.95182E+02,1.95182E+02,1.95182E+02,1.95182E+02,1.95182E+02,1.95182E+02,1.95182E+02,1.95182E+02,1.95182E+02,1.95182E+02,1.95182E+02,1.95182E+02,1.95182E+02,1.95182E+02,1.95182E+02,1.95182E+02,1.95182E+02,1.95182E+02,1.95182E+02,1.95182E+02,1.95182E+02,1.95182E+02,1.95182E+02,1.95182E+02,1.95182E+02,1.95182E+02,1.95182E+02,1.95182E+02,1.95182E+02,1.95182E+02,1.95182E+02,1.95182E+02,1.95182E+02,1.95182E+02,1.95182E+02,1.95182E+02,1.95182E+02,1.95182E+02,1.95182E+02,1.95182E+02,1.95182E+02,1.95182E+02,1.95182E+02,1.95182E+02,1.95182E+02 
#t = 3.864E+03
1.95182E+02,1.95182E+02,1.95182E+02,1.95182E+02,1.95182E+02,1.95182E+02,1.95182E+02,1.95182E+02,1.95182E+02,1.95182E+02,1.95182E+02,1.95182E+02,1.95182E+02,1.95182E+02,1.95182E+02,1.71661E+01,1.95182E+02,1.95182E+02,1.95182E+02,4.16649E+00,1.95182E+02,1.95182E+02,1.95182E+02,1.95182E+02,1.95182E+02,1.95182E+02,1.71661E+01,1.95182E+02,1.95182E+02,1.58937E+00,1.95182E+02,1.95182E+02,1.95182E+02,1.95182E+02,1.36290E+00,1.95182E+02,1.95182E+02,1.95182E+02,1.95182E+02,1.95182E+02,1.95182E+02,1.95182E+02,1.95182E+02,1.95182E+02,1.95182E+02,1.95182E+02 
#t = 3.906E+03
1.95182E+02,1.95182E+02,1.95182E+02,1.95182E+02,1.95182E+02,1.95182E+02,1.95182E+02,1.95182E+02,1.95182E+02,1.95182E+02,1.95182E+02,1.95182E+02,1.95182E+02,1.95182E+02,1.71661E+01,1.95182E+02,1.95182E+02,1.95182E+02,1.95182E+02,1.95182E+02,1.95182E+02,1.95182E+02,1.95182E+02,1.95182E+02,1.95182E+02,1.95182E+02,1.95182E+02,1.95182E+02,1.71661E+01,1.95182E+02,1.95182E+02,1.95182E+02,1.95182E+02,1.71661E+01,1.95182E+02,1.95182E+02,1.95182E+02,1.95182E+02,1.95182E+02,1.71661E+01,1.95182E+02,1.95182E+02,1.95182E+02,1.95182E+02,1.95182E+02,1.95182E+02,1.95182E+02,3.42981E-02,1.74868E+01 
#t = 3.948E+03
1.95182E+02,1.95182E+02,1.95182E+02,1.95182E+02,1.95182E+02,1.95182E+02,1.95182E+02,1.95182E+02,1.95182E+02,1.95182E+02,1.95182E+02,1.95182E+02,1.56876E+01,1.95182E+02,1.95182E+02,3.16802E+01,1.56876E+01,1.95182E+02,1.95182E+02,1.95182E+02,1.95182E+02,1.95182E+02,4.77365E+00,1.95182E+02,1.32700E+01,1.95182E+02,1.95182E+02,1.95182E+02,1.95182E+02,1.95182E+02,1.95182E+02,1.95182E+02,1.56876E+01,1.95182E+02,1.95182E+02,1.95182E+02,2.23049E-01,1.95182E+02,1.95182E+02,1.95182E+02,1.95182E+02,1.95182E+02,1.95182E+02,1.95182E+02,1.95182E+02,1.72081E-01 
#t = 3.990E+03
1.95182E+02,3.16802E+01,1.95182E+02,1.95182E+02,1.95182E+02,1.95182E+02,1.95182E+02,1.95182E+02,1.95182E+02,1.95182E+02,1.95182E+02,7.04084E+00,1.95182E+02,1.95182E+02,1.95182E+02,1.95182E+02,1.95182E+02,1.95182E+02,3.16802E+01,1.95182E+02,1.95182E+02,1.95182E+02,3.16802E+01,1.95182E+02,1.95182E+02,1.95182E+02,1.95182E+02,1.95182E+02,1.95182E+02,1.95182E+02,1.95182E+02,3.16802E+01,1.95182E+02,1.95182E+02,1.95182E+02,1.95182E+02,1.95182E+02,1.95182E+02,1.95182E+02,1.95182E+02,3.16802E+01,3.16802E+01,4.14507E-01,1.95182E+02,1.95182E+02,4.01625E-01,1.95182E+02,1.95182E+02 
#t = 4.032E+03
1.95182E+02,1.95182E+02,1.95182E+02,1.95182E+02,1.95182E+02,1.95182E+02,1.95182E+02,1.95182E+02,1.95182E+02,1.95182E+02,1.95182E+02,3.16802E+01,1.95182E+02,1.95182E+02,1.95182E+02,1.95182E+02,1.95182E+02,1.95182E+02,1.95182E+02,1.95182E+02,1.95182E+02,1.95182E+02,1.95182E+02,1.95182E+02,1.95182E+02,1.95182E+02,1.95182E+02,1.95182E+02,1.95182E+02,1.95182E+02,1.95182E+02,1.95182E+02,1.95182E+02,1.95182E+02,1.95182E+02,1.95182E+02,1.95182E+02,1.95182E+02,1.95182E+02,3.79237E-01,1.95182E+02,1.95182E+02,1.23682E+01,3.16802E+01,1.95182E+02,1.95182E+02,1.95182E+02,1.95182E+02,1.95182E+02,1.95182E+02,2.22596E+00,1.95182E+02,1.95182E+02,1.95182E+02,3.86947E-01,1.23682E+01,1.95182E+02 
#t = 4.074E+03
1.95182E+02,1.95182E+02,1.95182E+02,1.95182E+02,1.95182E+02,1.95182E+02,1.95182E+02,1.95182E+02,1.95182E+02,1.95182E+02,1.95182E+02,1.95182E+02,1.95182E+02,1.95182E+02,1.95182E+02,1.23682E+01,1.95182E+02,1.95182E+02,1.95182E+02,1.95182E+02,1.95182E+02,1.95182E+02,1.95182E+02,1.95182E+02,1.95182E+02,1.95182E+02,1.95182E+02,1.23682E+01,5.43897E+00,1.95182E+02,1.95182E+02,1.95182E+02,1.95182E+02,1.95182E+02,1.95182E+02,1.95182E+02,1.95182E+02,1.95182E+02,1.95182E+02,1.95182E+02,1.95182E+02,1.95182E+02 
#t = 4.116E+03
1.95182E+02,1.95182E+02,1.95182E+02,1.95182E+02,1.95182E+02,1.95182E+02,1.95182E+02,8.15937E+00,1.95182E+02,1.95182E+02,1.95182E+02,9.56478E+00,1.95182E+02,1.95182E+02,1.95182E+02,1.95182E+02,1.95182E+02,1.95182E+02,1.95182E+02,1.95182E+02,1.95182E+02,1.95182E+02,1.95182E+02,1.95182E+02,1.95182E+02,1.95182E+02,1.95182E+02,1.95182E+02,1.95182E+02,1.95182E+02,1.95182E+02,1.95182E+02,1.95182E+02,1.95182E+02,1.95182E+02,1.95182E+02,7.18297E+00,1.95182E+02,1.95182E+02 
#t = 4.158E+03
1.95182E+02,1.95182E+02,1.95182E+02,1.95182E+02,1.95182E+02,1.95182E+02,1.95182E+02,1.95182E+02,1.95182E+02,1.95182E+02,1.95182E+02,1.95182E+02,1.95182E+02,1.95182E+02,1.95182E+02,1.95182E+02,1.95182E+02,1.95182E+02,1.95182E+02,1.95182E+02,1.95182E+02,1.95182E+02,1.95182E+02,1.95182E+02,1.95182E+02,1.95182E+02,1.95182E+02,2.73764E+00,1.95182E+02,1.95182E+02,1.95182E+02,1.95182E+02,1.95182E+02,8.97784E+00,1.95182E+02,1.95182E+02,1.95182E+02,1.95182E+02,1.95182E+02,1.95182E+02,1.95182E+02,1.95182E+02 
#t = 4.200E+03
1.95182E+02,1.95182E+02,1.95182E+02,1.95182E+02,1.95182E+02,1.95182E+02,1.95182E+02,1.95182E+02,1.95182E+02,1.95182E+02,1.95182E+02,1.95182E+02,1.95182E+02,1.95182E+02,1.95182E+02,1.95182E+02,1.95182E+02,1.95182E+02,1.95182E+02,1.95182E+02,1.95182E+02,1.95182E+02,1.95182E+02,1.95182E+02,1.56985E+00,1.95182E+02,1.95182E+02,1.95182E+02,1.95182E+02,1.95182E+02,1.95182E+02,1.95182E+02,1.95182E+02,1.49948E+01 
