#t = 0.000E+00
2.26927E-01,8.77288E-01,2.94274E+00,4.05771E+00,4.05388E-01 
#t = 4.200E+01
8.99357E+00,4.75752E-01 
#t = 8.400E+01
1.48351E+01,1.48351E+01,1.45526E+00 
#t = 1.260E+02
3.52843E+01,1.48351E+01,1.66400E+01,3.52843E+01,4.13664E+00,2.28391E-02,9.15511E+00,1.30194E+00 
#t = 1.680E+02
3.52843E+01,3.52843E+01,3.52843E+01,3.52843E+01,3.52843E+01,3.52843E+01,3.52843E+01,3.52843E+01,3.52843E+01 
#t = 2.100E+02
3.52843E+01,3.52843E+01,3.52843E+01,3.52843E+01,3.52843E+01,3.52843E+01,3.52843E+01,3.52843E+01,3.52843E+01,3.52843E+01,3.52843E+01,3.52843E+01,3.52843E+01,3.52843E+01,3.52843E+01,3.52843E+01,3.52843E+01,3.52843E+01,3.52843E+01,3.52843E+01,3.52843E+01,3.52843E+01,3.52843E+01,3.52843E+01,3.52843E+01,3.52843E+01,3.52843E+01,3.52843E+01,3.52843E+01,3.52843E+01,3.52843E+01,2.24510E+00,3.52843E+01,3.52843E+01,2.88167E+00 
#t = 2.520E+02
3.52843E+01,3.52843E+01,3.52843E+01,3.52843E+01,3.52843E+01,3.52843E+01,3.52843E+01,3.52843E+01,3.52843E+01,3.52843E+01,3.52843E+01,3.52843E+01,3.52843E+01,3.52843E+01,3.52843E+01,3.52843E+01,3.52843E+01,3.52843E+01,3.52843E+01,3.52843E+01,3.52843E+01,4.67973E-01,3.52843E+01,3.52843E+01,3.52123E+00,3.52843E+01,3.52843E+01 
#t = 2.940E+02
3.52843E+01,3.52843E+01,3.52843E+01,3.52843E+01,3.52843E+01,3.52843E+01,1.37300E+01,4.01020E+01,3.52843E+01,3.52843E+01,3.52843E+01,3.52843E+01,3.52843E+01,3.52843E+01,3.52843E+01,3.52843E+01,3.52843E+01,4.01020E+01,3.52843E+01,3.52843E+01,1.37300E+01,4.01020E+01,3.52843E+01,1.37300E+01,3.52843E+01,3.52843E+01,3.52843E+01,1.37300E+01,3.52843E+01,3.52843E+01,3.52843E+01,3.52843E+01,3.52843E+01,3.52843E+01,3.52843E+01,1.37300E+01,1.37300E+01,3.52843E+01,3.52843E+01,1.37300E+01 
#t = 3.360E+02
3.52843E+01,3.52843E+01,3.52843E+01,3.52843E+01,3.52843E+01,3.52843E+01,3.52843E+01,3.52843E+01,3.52843E+01,3.52843E+01,3.52843E+01,1.56194E+01,3.52843E+01,3.52843E+01,3.52843E+01,4.01020E+01,3.52843E+01,3.52843E+01,3.52843E+01,4.01020E+01,4.01020E+01,3.52843E+01,3.52843E+01,3.52843E+01,1.56194E+01,3.52843E+01,3.52843E+01,3.52843E+01,3.52843E+01,3.52843E+01,3.52843E+01,3.52843E+01,3.52843E+01,3.52843E+01,3.52843E+01,3.52843E+01,3.52843E+01,3.52843E+01,4.01020E+01,3.52843E+01,3.52843E+01,3.52843E+01,3.52843E+01,3.52843E+01,3.52843E+01,2.40090E+01,3.52843E+01,3.52843E+01,3.52843E+01,4.01020E+01 
#t = 3.780E+02
3.52843E+01,3.52843E+01,3.52843E+01,3.52843E+01,3.52843E+01,3.52843E+01,3.52843E+01,3.52843E+01,3.52843E+01,3.52843E+01,3.52843E+01,4.01020E+01,3.52843E+01,3.52843E+01,3.52843E+01,3.52843E+01,3.52843E+01,3.52843E+01,3.52843E+01,3.52843E+01,3.52843E+01,3.52843E+01,3.52843E+01,2.97323E+01,3.52843E+01,3.52843E+01,4.01020E+01,3.52843E+01,3.52843E+01,2.97323E+01,3.93870E+00,3.52843E+01,4.01020E+01,3.52843E+01,5.69445E-01,3.52843E+01,3.52843E+01,2.08091E-01,3.52843E+01,4.01020E+01,2.85120E-01 
#t = 4.200E+02
3.52843E+01,3.52843E+01,3.52843E+01,3.52843E+01,3.52843E+01,3.52843E+01,3.52843E+01,3.52843E+01,3.52843E+01,3.52843E+01,3.52843E+01,7.85789E+00,3.52843E+01,3.52843E+01,3.52843E+01,3.52843E+01,3.52843E+01,3.52843E+01,3.52843E+01,3.52843E+01,3.52843E+01,3.52843E+01,3.52843E+01,3.52843E+01,3.52843E+01,3.52843E+01,3.52843E+01,3.52843E+01,3.52843E+01,3.52843E+01,3.52843E+01,1.91134E-01,3.52843E+01,3.52843E+01,3.52843E+01,3.52843E+01,3.52843E+01,3.52843E+01,3.52843E+01,4.38924E+00,3.52843E+01,3.52843E+01,3.52843E+01,3.52843E+01,3.52843E+01,3.42253E-01,3.52843E+01,3.52843E+01,3.52843E+01,4.19557E-01 
#t = 4.620E+02
3.52843E+01,3.52843E+01,3.52843E+01,3.52843E+01,3.52843E+01,3.52843E+01,3.52843E+01,3.52843E+01,3.52843E+01,3.52843E+01,3.52843E+01,3.52843E+01,3.52843E+01,3.52843E+01,1.42136E+01,3.52843E+01,3.52843E+01,3.52843E+01,3.52843E+01,3.52843E+01,3.52843E+01,3.52843E+01,3.52843E+01,3.52843E+01,3.52843E+01,3.52843E+01,3.52843E+01,1.59384E+00,3.52843E+01,7.77756E-01,8.02577E-01 
#t = 5.040E+02
3.52843E+01,3.52843E+01,3.52843E+01,3.52843E+01,3.52843E+01,3.52843E+01,3.52843E+01,3.52843E+01,3.52843E+01,3.52843E+01,3.52843E+01,3.52843E+01,3.52843E+01,3.52843E+01,3.52843E+01,3.52843E+01,3.52843E+01,3.52843E+01,3.52843E+01,3.52843E+01,3.52843E+01,3.52843E+01,3.52843E+01,3.52843E+01,3.52843E+01,3.52843E+01,3.52843E+01,3.52843E+01,3.52843E+01,3.52843E+01,3.52843E+01,8.35534E-01,3.52843E+01,3.52843E+01,3.52843E+01,3.52843E+01,3.52843E+01,3.52843E+01,3.52843E+01 
#t = 5.460E+02
3.52843E+01,3.52843E+01,3.52843E+01,3.52843E+01,3.52843E+01,3.52843E+01,3.52843E+01,3.52843E+01,3.52843E+01,3.52843E+01,3.52843E+01,3.52843E+01,3.52843E+01,3.52843E+01,3.52843E+01,3.52843E+01,3.52843E+01,3.52843E+01,3.52843E+01,3.52843E+01,3.52843E+01,3.52843E+01,3.52843E+01,3.52843E+01,3.52843E+01,3.52843E+01,3.52843E+01,3.52843E+01,3.52843E+01,3.52843E+01,2.08956E-01,3.52843E+01,3.52843E+01,3.52843E+01,6.38634E-01,3.52843E+01,3.52843E+01,1.40333E+00,3.52843E+01 
#t = 5.880E+02
3.52843E+01,3.52843E+01,3.52843E+01,3.52843E+01,3.52843E+01,3.52843E+01,3.52843E+01,2.22505E+01,3.52843E+01,3.52843E+01,3.52843E+01,3.52843E+01,3.52843E+01,3.52843E+01,3.52843E+01,3.52843E+01,3.52843E+01,3.52843E+01,3.52843E+01,3.52843E+01,3.52843E+01,3.52843E+01,3.52843E+01,3.52843E+01,3.52843E+01,3.52843E+01,6.44083E+00,3.52843E+01,3.52843E+01,1.32069E+01,3.52843E+01,3.52843E+01,3.52843E+01,3.52843E+01,3.52843E+01,3.52843E+01,3.52843E+01 
#t = 6.300E+02
3.52843E+01,1.32069E+01,3.52843E+01,3.52843E+01,3.52843E+01,3.52843E+01,3.52843E+01,3.52843E+01,3.52843E+01,1.06470E+01,3.52843E+01,3.52843E+01,3.52843E+01,3.52843E+01,3.52843E+01,5.59575E+00,3.52843E+01,1.38791E+01,3.52843E+01,3.52843E+01,3.79895E+01,3.52843E+01 
#t = 6.720E+02
1.32069E+01,3.52843E+01,3.79895E+01,3.52843E+01,1.32069E+01,3.52843E+01,3.52843E+01,3.52843E+01,3.52843E+01,3.52843E+01,3.52843E+01,3.52843E+01,3.52843E+01,3.79895E+01,3.52843E+01,3.52843E+01,3.79895E+01,3.52843E+01,3.52843E+01,3.52843E+01,3.52843E+01,3.52843E+01,3.52843E+01,3.52843E+01,3.52843E+01,3.52843E+01,3.52843E+01,3.52843E+01,1.32069E+01,3.52843E+01,3.52843E+01,1.32069E+01,3.52843E+01,8.55963E-01,3.52843E+01,3.52843E+01,3.52843E+01,3.52843E+01,3.52843E+01,3.52843E+01,3.52843E+01,3.52843E+01,5.93054E+00,1.14219E+01,1.17487E+00,3.52843E+01,3.52843E+01 
#t = 7.140E+02
3.52843E+01,3.52843E+01,3.79895E+01,3.52843E+01,3.52843E+01,9.94037E+00,3.52843E+01,3.52843E+01,3.52843E+01,3.52843E+01,3.52843E+01,3.52843E+01,3.52843E+01,2.20037E+01,3.52843E+01,3.52843E+01,3.52843E+01,3.52843E+01,3.52843E+01,2.20037E+01,3.52843E+01,3.79895E+01,3.52843E+01,3.52843E+01,3.52843E+01,3.52843E+01,3.52843E+01,3.52843E+01,3.79895E+01,3.52843E+01,3.52843E+01,8.64100E+00,3.52843E+01,3.52843E+01,3.79895E+01,3.52843E+01,3.52843E+01,3.52843E+01,3.79895E+01,3.52843E+01,3.52843E+01,3.52843E+01,3.52843E+01,3.52843E+01 
#t = 7.560E+02
3.79895E+01,3.52843E+01,3.52843E+01,3.52843E+01,3.79895E+01,3.52843E+01,3.52843E+01,3.52843E+01,3.52843E+01,3.79895E+01,3.52843E+01,3.52843E+01,3.52843E+01,3.52843E+01,3.52843E+01,3.52843E+01,1.48344E+01,3.52843E+01,3.52843E+01,3.52843E+01,3.52843E+01,3.52843E+01,3.52843E+01,3.52843E+01,3.52843E+01,3.52843E+01,8.18478E+00,3.52843E+01,3.52843E+01,3.52843E+01,3.52843E+01,1.07287E+01,3.52843E+01,3.52843E+01,3.52843E+01,3.52843E+01,3.52843E+01 
#t = 7.980E+02
3.79895E+01,3.52843E+01,3.52843E+01,3.79895E+01,3.52843E+01,3.79895E+01,3.52843E+01,3.79895E+01,3.52843E+01,3.52843E+01,3.52843E+01,3.52843E+01,3.79895E+01,3.52843E+01,3.52843E+01,3.52843E+01,3.52843E+01,3.52843E+01,3.52843E+01,3.52843E+01,3.52843E+01,7.44433E+00,1.48344E+01,7.75188E-01,3.52843E+01,3.52843E+01,3.52843E+01,3.52843E+01,3.52843E+01,3.52843E+01,3.52843E+01,3.52843E+01,3.52843E+01,3.52843E+01 
#t = 8.400E+02
3.52843E+01,3.52843E+01,3.52843E+01,3.79895E+01,3.52843E+01,3.79895E+01,3.52843E+01,3.79895E+01,3.79895E+01,3.52843E+01,3.52843E+01,3.79895E+01,3.79895E+01,3.52843E+01,3.52843E+01,3.52843E+01,3.52843E+01,3.79895E+01,3.79895E+01,3.52843E+01,3.79895E+01,3.79895E+01,3.52843E+01,3.52843E+01,3.52843E+01,3.52843E+01,3.79895E+01,3.79895E+01,3.52843E+01,3.52843E+01,3.79895E+01,6.51216E+00,3.79895E+01,1.59936E+00,3.79895E+01,3.79895E+01,3.52843E+01,3.52843E+01,2.47895E+00,3.52843E+01,3.79895E+01,5.96393E-01 
#t = 8.820E+02
3.52843E+01,3.79895E+01,3.52843E+01,3.79895E+01,3.52843E+01,3.52843E+01,3.52843E+01,3.79895E+01,3.52843E+01,3.52843E+01,3.52843E+01,3.52843E+01,3.52843E+01,3.52843E+01,3.52843E+01,3.79895E+01,3.79895E+01,3.79895E+01,3.52843E+01,3.52843E+01,3.52843E+01,3.52843E+01,3.79895E+01,3.52843E+01,3.52843E+01,3.79895E+01,3.52843E+01,3.79895E+01,3.52843E+01,3.52843E+01,3.79895E+01,3.79895E+01,3.79895E+01,3.79895E+01,3.52843E+01,3.79895E+01,2.18517E+00,2.77669E-01,4.63571E+00 
#t = 9.240E+02
3.52843E+01,3.79895E+01,2.87865E+01,3.79895E+01,3.79895E+01,3.52843E+01,3.52843E+01,3.52843E+01,3.79895E+01,3.52843E+01,3.79895E+01,1.74633E+01,3.52843E+01,3.52843E+01,3.79895E+01,3.79895E+01,3.79895E+01,3.52843E+01,3.52843E+01,3.52843E+01,3.79895E+01,3.79895E+01,3.79895E+01,3.79895E+01,3.52843E+01,3.79895E+01,3.79895E+01,3.79895E+01,3.79895E+01,2.82684E-01,3.79895E+01,3.79895E+01 
#t = 9.660E+02
3.79895E+01,3.79895E+01,3.79895E+01,3.79895E+01,1.32340E+01,3.79895E+01,3.52843E+01,3.52843E+01,3.52843E+01,1.32340E+01,3.79895E+01,3.79895E+01,2.06643E+01,3.79895E+01,1.11540E+01,1.32340E+01,3.52843E+01,1.24369E+01,3.79895E+01,3.52843E+01,3.79895E+01,3.52843E+01,3.52843E+01,3.52843E+01,3.79895E+01,3.52843E+01,2.52110E-01,1.24369E+01,3.52843E+01,3.52843E+01,3.52843E+01,1.32340E+01,3.79895E+01,3.52843E+01,3.52843E+01,3.79895E+01,5.28802E+00,3.52843E+01,3.79895E+01,3.79895E+01,3.79895E+01 
#t = 1.008E+03
3.79895E+01,3.79895E+01,3.52843E+01,3.79895E+01,1.32340E+01,3.52843E+01,3.52843E+01,3.79895E+01,3.52843E+01,3.79895E+01,3.79895E+01,3.79895E+01,3.52843E+01,3.79895E+01,2.06643E+01,3.79895E+01,3.52843E+01,6.09596E+00,3.52843E+01,3.79895E+01,3.79895E+01,7.48274E+00,4.56413E+01,3.79895E+01,1.32340E+01,3.79895E+01,2.06643E+01,3.79895E+01,3.79895E+01,2.06643E+01,3.79895E+01,1.32340E+01,3.79895E+01,3.79895E+01,1.99171E-01,3.79895E+01,3.52843E+01,3.79895E+01,3.79895E+01 
#t = 1.050E+03
3.79895E+01,3.79895E+01,3.79895E+01,3.52843E+01,3.79895E+01,3.79895E+01,1.32340E+01,3.52843E+01,3.79895E+01,3.52843E+01,3.79895E+01,3.79895E+01,3.52843E+01,3.52843E+01,3.79895E+01,1.19328E+01,3.79895E+01,3.79895E+01,1.32340E+01,3.79895E+01,3.52843E+01,3.79895E+01,3.79895E+01,1.34504E+01,1.32340E+01,3.52843E+01,1.32340E+01,3.52843E+01,3.79895E+01,3.79895E+01,3.52843E+01,3.79895E+01,1.34504E+01,1.32340E+01,3.79895E+01,3.79895E+01,3.79895E+01,1.32340E+01,1.19328E+01,1.32340E+01,3.79895E+01,3.52843E+01,1.32340E+01,1.34504E+01,3.79895E+01,1.32340E+01,1.32340E+01,3.79895E+01,1.32340E+01,9.29332E+01 
#t = 1.092E+03
1.32340E+01,1.19328E+01,3.79895E+01,1.34504E+01,1.34504E+01,1.32340E+01,1.32340E+01,1.32340E+01,3.79895E+01,1.34504E+01,3.52843E+01,1.32340E+01,1.34504E+01,1.32340E+01,1.32340E+01,1.32340E+01,1.19328E+01,1.34504E+01,1.32340E+01,3.52843E+01,1.32340E+01,3.79895E+01,1.32340E+01,3.52843E+01,1.32340E+01,3.52843E+01,8.17254E+00,1.32340E+01,1.19328E+01,3.79895E+01,3.52843E+01,3.79895E+01,1.32340E+01,1.32340E+01,1.19328E+01,1.34504E+01,3.79895E+01,1.32340E+01,1.32340E+01,1.34504E+01,1.19328E+01,2.97629E+00 
#t = 1.134E+03
1.32340E+01,1.32340E+01,3.52843E+01,3.79895E+01,1.32340E+01,3.79895E+01,1.32340E+01,1.32340E+01,3.79895E+01,1.34054E+01,3.79895E+01,3.79895E+01,1.32340E+01,1.19328E+01,1.32340E+01,3.79895E+01,1.32340E+01,3.79895E+01,3.79895E+01,4.94280E+00,3.79895E+01,3.79895E+01,3.79895E+01,3.79895E+01,1.19328E+01,3.79895E+01,5.31737E-01,1.32340E+01,3.79895E+01,3.79895E+01,9.04465E-02 
#t = 1.176E+03
1.62132E+01,3.79895E+01,3.52843E+01,2.72546E+01,3.79895E+01,3.52843E+01,1.62132E+01,3.52843E+01,2.72546E+01,1.32340E+01,3.79895E+01,3.79895E+01,1.62132E+01,1.62132E+01,3.79895E+01,3.79895E+01,3.79895E+01,3.79895E+01,3.52843E+01,3.52843E+01,1.62132E+01,2.97105E+01,3.52843E+01,1.62132E+01,3.79895E+01,3.52843E+01,3.52843E+01,7.01498E-01,1.62132E+01,4.70274E-01,7.29756E+00,3.31674E+00,1.62132E+01 
#t = 1.218E+03
3.52843E+01,3.79895E+01,1.62132E+01,1.62132E+01,1.62132E+01,1.62132E+01,3.79895E+01,1.80597E+01,1.62132E+01,3.79895E+01,3.79895E+01,3.52843E+01,3.79895E+01,1.62132E+01,3.52843E+01,3.79895E+01,3.79895E+01,1.62132E+01,3.52843E+01,3.52843E+01,3.52843E+01,3.79895E+01,1.76424E-01,3.52843E+01,3.52843E+01,3.52843E+01,3.52843E+01,3.79895E+01,3.79895E+01,3.52843E+01,9.64057E+00,3.52843E+01,6.34490E+00,1.62132E+01,3.79895E+01 
#t = 1.260E+03
3.52843E+01,3.52843E+01,3.52843E+01,3.79895E+01,3.79895E+01,3.52843E+01,3.52843E+01,3.52843E+01,3.52843E+01,3.79895E+01,3.79895E+01,3.52843E+01,1.62132E+01,3.52843E+01,3.79895E+01,3.79895E+01,5.12063E+00,3.79895E+01,3.52843E+01,3.79895E+01,1.53950E+01,3.79895E+01,3.52843E+01,3.79895E+01,3.79895E+01,3.79895E+01,3.79895E+01,3.52843E+01,1.13251E+02,3.79895E+01,3.52843E+01,3.52843E+01,3.79895E+01,3.79895E+01,3.79895E+01,3.52843E+01,2.87412E-01,2.36643E+00,3.79895E+01,2.13629E+00 
#t = 1.302E+03
3.52843E+01,3.52843E+01,3.79895E+01,3.79895E+01,3.52843E+01,3.79895E+01,3.79895E+01,3.52843E+01,3.52843E+01,3.52843E+01,3.52843E+01,3.52843E+01,1.13251E+02,3.52843E+01,1.55245E+01,3.52843E+01,3.52843E+01,3.52843E+01,3.52843E+01,3.52843E+01,3.52843E+01,3.52843E+01,3.52843E+01,3.52843E+01,3.52843E+01,3.79895E+01,1.13251E+02,3.52843E+01,3.52843E+01,3.52843E+01,3.52843E+01,1.13251E+02,3.52843E+01,1.13251E+02,1.13251E+02,3.52843E+01,3.52843E+01,1.55245E+01,1.13251E+02,3.52843E+01,3.52843E+01,3.52843E+01,3.52843E+01 
#t = 1.344E+03
3.52843E+01,3.52843E+01,1.13251E+02,3.52843E+01,3.52843E+01,3.52843E+01,3.52843E+01,3.52843E+01,1.13251E+02,3.52843E+01,3.52843E+01,1.13251E+02,2.58476E+01,3.52843E+01,3.52843E+01,3.52843E+01,3.52843E+01,3.52843E+01,3.52843E+01,3.52843E+01,3.52843E+01,3.52843E+01,3.52843E+01,3.52843E+01,3.52843E+01,3.52843E+01,1.13251E+02,3.52843E+01,3.52843E+01,3.52843E+01,3.52843E+01,3.52843E+01,1.13251E+02,2.15924E+00,1.13251E+02,3.52843E+01,2.58476E+01,3.52843E+01,3.52843E+01,3.52843E+01,3.52843E+01,2.58476E+01,1.53338E-01 
#t = 1.386E+03
3.52843E+01,3.52843E+01,3.52843E+01,3.52843E+01,3.52843E+01,3.52843E+01,2.58476E+01,2.58476E+01,3.52843E+01,3.52843E+01,3.52843E+01,3.52843E+01,1.13251E+02,3.52843E+01,3.52843E+01,3.52843E+01,3.52843E+01,3.52843E+01,3.52843E+01,3.52843E+01,3.52843E+01,3.52843E+01,3.52843E+01,3.52843E+01,3.52843E+01,3.52843E+01,3.52843E+01,3.52843E+01,3.52843E+01,1.13251E+02,1.13251E+02,3.52843E+01,3.52843E+01,3.52843E+01,3.52843E+01,3.52843E+01,3.52843E+01,3.52843E+01,3.52843E+01,3.52843E+01,5.58063E-01,3.52843E+01,3.52843E+01,3.52843E+01,1.13251E+02,3.52843E+01,3.52843E+01 
#t = 1.428E+03
3.52843E+01,3.52843E+01,3.52843E+01,3.52843E+01,3.52843E+01,3.52843E+01,3.52843E+01,3.52843E+01,1.78106E+01,1.13251E+02,3.52843E+01,3.52843E+01,3.52843E+01,3.52843E+01,3.52843E+01,3.52843E+01,3.52843E+01,3.52843E+01,3.52843E+01,3.52843E+01,1.64459E+00,1.13251E+02,1.13251E+02,3.52843E+01,3.52843E+01,3.52843E+01,3.52843E+01,2.66414E-01,3.52843E+01,3.52843E+01,3.52843E+01,1.32834E+00 
#t = 1.470E+03
3.52843E+01,3.52843E+01,3.52843E+01,3.52843E+01,3.52843E+01,3.52843E+01,3.52843E+01,3.52843E+01,3.52843E+01,3.52843E+01,1.13251E+02,1.13251E+02,1.13251E+02,3.52843E+01,3.52843E+01,1.13251E+02,1.13251E+02,3.52843E+01,3.52843E+01,1.13251E+02,3.52843E+01,3.52843E+01,3.52843E+01,1.13251E+02,3.52843E+01,3.52843E+01,3.52843E+01,1.13251E+02,3.52843E+01,3.52843E+01,1.78106E+01,1.78106E+01,3.52843E+01,3.52843E+01,2.48925E+00,3.52843E+01,1.13251E+02,1.78106E+01,3.52843E+01,3.52843E+01,3.52843E+01,3.52843E+01,3.52843E+01,3.52843E+01,3.52843E+01,3.52843E+01,1.78106E+01,3.52843E+01,3.52843E+01,1.67110E-01,3.52843E+01,3.52843E+01,3.52843E+01,3.52843E+01 
#t = 1.512E+03
3.52843E+01,3.52843E+01,1.13251E+02,3.52843E+01,3.52843E+01,1.13251E+02,3.52843E+01,3.52843E+01,3.52843E+01,3.52843E+01,3.52843E+01,1.78106E+01,1.78106E+01,3.52843E+01,1.13251E+02,3.52843E+01,3.52843E+01,3.52843E+01,3.52843E+01,1.13251E+02,1.13251E+02,1.78106E+01,3.52843E+01,3.52843E+01,3.52843E+01,3.52843E+01,1.13251E+02,1.13251E+02,3.52843E+01,1.76444E-01,3.52843E+01,1.13251E+02 
#t = 1.554E+03
3.52843E+01,3.52843E+01,1.13251E+02,3.52843E+01,3.52843E+01,1.13251E+02,1.13251E+02,1.13251E+02,1.13251E+02,3.52843E+01,1.13251E+02,3.52843E+01,3.52843E+01,3.52843E+01,1.13251E+02,3.52843E+01,1.13251E+02,3.52843E+01,3.52843E+01,1.13251E+02,3.52843E+01,1.13251E+02,7.55511E+01,1.13251E+02,1.13251E+02,4.71614E+00,3.52843E+01,1.13251E+02,1.13251E+02,3.52843E+01,1.13251E+02,1.13251E+02,1.53847E+00,1.13251E+02,3.52843E+01,1.13251E+02,1.13251E+02,1.13251E+02,1.13251E+02,3.11921E+00,3.52843E+01 
#t = 1.596E+03
3.52843E+01,3.52843E+01,3.52843E+01,1.13251E+02,3.52843E+01,3.52843E+01,1.13251E+02,1.13251E+02,3.52843E+01,1.13251E+02,3.52843E+01,1.13251E+02,3.52843E+01,3.52843E+01,3.52843E+01,3.52843E+01,1.13251E+02,1.13251E+02,1.13251E+02,3.52843E+01,1.13251E+02,3.52843E+01,1.13251E+02,3.52843E+01,3.52843E+01,3.52843E+01,3.52843E+01,1.13251E+02,3.52843E+01,3.52843E+01,1.13251E+02,3.52843E+01,3.52843E+01,3.52843E+01,3.52843E+01,1.13251E+02,1.18185E+00,3.52843E+01,3.52843E+01,1.13251E+02,3.52843E+01,3.52843E+01 
#t = 1.638E+03
3.52843E+01,3.52843E+01,3.52843E+01,3.52843E+01,1.13251E+02,3.52843E+01,3.52843E+01,1.13251E+02,3.52843E+01,3.52843E+01,1.13251E+02,3.52843E+01,1.13251E+02,3.52843E+01,3.52843E+01,3.52843E+01,3.52843E+01,1.13251E+02,3.52843E+01,1.13251E+02,1.13251E+02,3.52843E+01,3.52843E+01,1.13251E+02,1.13251E+02,1.81250E+01,3.52843E+01,3.52843E+01,1.13251E+02,1.13251E+02,3.52843E+01,1.13251E+02,3.52843E+01,3.52843E+01,3.52843E+01,3.52843E+01 
#t = 1.680E+03
1.13251E+02,3.52843E+01,3.52843E+01,3.52843E+01,1.63892E+01,1.13251E+02,1.13251E+02,1.13251E+02,1.13251E+02,1.13251E+02,3.52843E+01,1.13251E+02,3.52843E+01,3.52843E+01,1.13251E+02,3.52843E+01,3.52843E+01,1.13251E+02,1.13251E+02,3.52843E+01,3.52843E+01,3.52843E+01,1.13251E+02,3.52843E+01,1.13251E+02,1.13251E+02,3.52843E+01,1.13251E+02,1.13251E+02,3.52843E+01,2.28819E-01,8.49905E+00,1.13251E+02,3.52843E+01,1.13251E+02,3.91984E-01,1.13251E+02,3.52843E+01,3.52843E+01,1.13251E+02,1.13251E+02,3.52843E+01,1.13251E+02,3.52843E+01 
#t = 1.722E+03
3.52843E+01,3.52843E+01,3.52843E+01,3.52843E+01,3.52843E+01,3.52843E+01,3.52843E+01,1.13251E+02,1.13251E+02,3.52843E+01,1.13251E+02,3.52843E+01,1.13251E+02,3.52843E+01,3.52843E+01,1.13251E+02,3.52843E+01,3.52843E+01,1.25404E+01,3.52843E+01,1.13251E+02,3.52843E+01,1.13251E+02,3.52843E+01,1.13251E+02,3.52843E+01,1.13251E+02,3.52843E+01,3.52843E+01,3.52843E+01,1.13251E+02,3.52843E+01,3.52843E+01,3.52843E+01,1.13251E+02,1.13251E+02,3.52843E+01,1.13251E+02,3.52843E+01 
#t = 1.764E+03
3.52843E+01,3.52843E+01,1.13251E+02,1.13251E+02,3.52843E+01,3.52843E+01,1.13251E+02,3.52843E+01,1.13251E+02,1.13251E+02,1.13251E+02,3.52843E+01,3.52843E+01,3.52843E+01,1.13251E+02,3.52843E+01,1.37764E+01,1.13251E+02,1.13251E+02,3.52843E+01,3.52843E+01,1.13251E+02,3.13664E-01,1.13251E+02,1.13251E+02,3.74987E-01,3.52843E+01,3.52843E+01,3.52843E+01,1.13251E+02 
#t = 1.806E+03
3.52843E+01,1.13251E+02,3.52843E+01,3.52843E+01,3.52843E+01,1.13251E+02,1.13251E+02,1.13251E+02,3.52843E+01,3.52843E+01,1.13251E+02,1.13251E+02,3.52843E+01,3.52843E+01,1.85579E+01,1.85579E+01,3.52843E+01,1.13251E+02,1.13251E+02,3.52843E+01,1.13251E+02,1.13251E+02,1.13251E+02,1.13251E+02,1.13251E+02,3.52843E+01,1.13251E+02,1.13251E+02,1.13251E+02,3.52843E+01,1.13251E+02,1.13251E+02,1.13251E+02,3.52843E+01,1.13251E+02,1.13251E+02,1.13251E+02,1.13251E+02,1.13251E+02,3.52843E+01,1.13251E+02,1.13251E+02 
#t = 1.848E+03
3.52843E+01,1.13251E+02,1.85579E+01,1.13251E+02,1.13251E+02,1.13251E+02,3.52843E+01,1.13251E+02,1.13251E+02,1.13251E+02,1.85579E+01,1.13251E+02,1.13251E+02,1.13251E+02,3.52843E+01,1.13251E+02,1.13251E+02,1.13251E+02,3.52843E+01,1.85579E+01,1.13251E+02,1.13251E+02,1.13251E+02,1.85579E+01,1.13251E+02,1.13251E+02,1.13251E+02,1.13251E+02,4.63462E+00,1.85579E+01,1.13251E+02,1.13251E+02,1.13251E+02,1.85579E+01 
#t = 1.890E+03
1.13251E+02,1.13251E+02,1.13251E+02,1.13251E+02,3.52843E+01,3.52843E+01,1.13251E+02,1.13251E+02,1.13251E+02,1.13251E+02,1.13251E+02,2.21643E+01,1.13251E+02,1.13251E+02,1.13251E+02,1.13251E+02,2.21643E+01,1.13251E+02,1.13251E+02,1.65979E+00,1.13251E+02,2.21643E+01,1.13251E+02,1.13251E+02,1.13251E+02,1.13251E+02,1.13251E+02,2.21643E+01,1.13251E+02,1.13251E+02,1.13251E+02,1.13251E+02,1.13251E+02,2.21643E+01,2.21643E+01,1.13251E+02,1.13251E+02,2.21643E+01 
#t = 1.932E+03
2.21643E+01,1.13251E+02,1.13251E+02,2.21643E+01,2.21643E+01,2.21643E+01,1.13251E+02,1.13251E+02,1.13251E+02,1.13251E+02,1.13251E+02,1.13251E+02,1.13251E+02,1.13251E+02,1.13251E+02,2.21643E+01,2.21643E+01,1.13251E+02,2.21643E+01,2.21643E+01,1.56873E+01,1.13251E+02,1.13251E+02,2.21643E+01,1.13251E+02,7.16481E+00,1.13251E+02,1.13251E+02,2.21643E+01,1.13251E+02,2.21643E+01,2.21643E+01,6.83071E+00,2.21643E+01,2.21643E+01,2.19157E-01,1.13251E+02,4.33971E-01,1.13251E+02 
#t = 1.974E+03
1.13251E+02,1.13251E+02,1.13251E+02,1.13251E+02,2.21643E+01,1.13251E+02,1.13251E+02,2.21643E+01,2.21643E+01,1.13251E+02,2.21643E+01,1.13251E+02,2.21643E+01,1.13251E+02,1.13251E+02,1.13251E+02,1.13251E+02,2.21643E+01,4.93969E+01,1.13251E+02,1.13251E+02,1.13251E+02,1.13251E+02,1.13251E+02,1.13251E+02,2.21643E+01,1.13251E+02,1.13251E+02,2.21643E+01,2.21643E+01,4.49857E+00,4.93969E+01,1.13251E+02,4.93969E+01,4.93969E+01,2.21643E+01,2.21643E+01 
#t = 2.016E+03
1.13251E+02,2.21643E+01,1.13251E+02,2.21643E+01,1.13251E+02,2.21643E+01,4.93969E+01,2.21643E+01,1.13251E+02,1.13251E+02,2.21643E+01,1.13251E+02,2.21643E+01,1.13251E+02,4.93969E+01,2.21643E+01,1.40702E+01,1.57353E+02,1.13251E+02,1.13251E+02,1.13251E+02,1.13251E+02,4.93969E+01,1.13251E+02,4.93969E+01,1.13251E+02,1.13251E+02,4.93969E+01,1.13251E+02,3.20787E+01,4.93969E+01,8.20603E-01,4.93969E+01,1.41283E+00,2.21643E+01,1.13251E+02,1.13251E+02,1.13251E+02,4.93969E+01 
#t = 2.058E+03
4.93969E+01,1.13251E+02,4.93969E+01,4.93969E+01,4.93969E+01,2.21643E+01,4.93969E+01,3.20787E+01,2.21643E+01,1.13251E+02,1.13251E+02,3.20787E+01,1.13251E+02,1.13251E+02,4.93969E+01,1.80612E+01,4.93969E+01,1.13251E+02,1.13251E+02,1.80612E+01,4.93969E+01,4.93969E+01,4.07895E+00,4.93969E+01,1.13251E+02,3.20787E+01,3.20787E+01,1.13251E+02,1.13251E+02,4.93969E+01,1.13251E+02,6.02099E-01,3.20787E+01,3.20787E+01,4.93969E+01,1.09233E+01 
#t = 2.100E+03
1.13251E+02,4.93969E+01,1.13251E+02,4.93969E+01,4.93969E+01,1.13251E+02,1.13251E+02,1.13251E+02,1.13251E+02,4.93969E+01,3.20787E+01,4.93969E+01,4.93969E+01,1.13251E+02,3.20787E+01,1.13251E+02,4.93969E+01,1.13251E+02,1.13251E+02,1.13251E+02,1.13251E+02,1.13251E+02,1.13251E+02,4.93969E+01,4.93969E+01,3.20787E+01,1.98854E+00,3.20787E+01,4.93969E+01,1.13251E+02,1.13251E+02,1.13251E+02,1.13251E+02,1.13251E+02,1.13251E+02,1.62930E+00,1.13251E+02,1.13251E+02,4.93969E+01,1.13251E+02,6.26231E+00,3.20787E+01,4.93969E+01,2.61400E-01 
#t = 2.142E+03
4.93969E+01,1.13251E+02,3.20787E+01,1.13251E+02,1.13251E+02,1.13251E+02,4.93969E+01,1.13251E+02,1.13251E+02,1.13251E+02,1.13251E+02,1.13251E+02,4.93969E+01,4.93969E+01,1.13251E+02,3.20787E+01,4.93969E+01,1.13251E+02,1.13251E+02,4.93969E+01,1.13251E+02,1.13251E+02,1.13251E+02,1.13251E+02,1.13251E+02,3.20787E+01,4.93969E+01,1.13251E+02,1.13251E+02,1.13251E+02,1.13251E+02,9.43740E-01,1.13251E+02,1.13251E+02,1.13251E+02,3.20787E+01,1.13251E+02,1.13251E+02,1.13251E+02,4.93969E+01,7.94246E-01 
#t = 2.184E+03
1.13251E+02,4.93969E+01,1.13251E+02,1.13251E+02,1.13251E+02,1.13251E+02,1.13251E+02,1.13251E+02,4.93969E+01,4.93969E+01,1.13251E+02,4.93969E+01,3.20787E+01,1.13251E+02,4.93969E+01,1.13251E+02,1.13251E+02,1.13251E+02,1.13251E+02,1.13251E+02,1.13251E+02,1.13251E+02,4.93969E+01,1.13251E+02,4.93969E+01,1.13251E+02,4.93969E+01,4.93969E+01,1.13251E+02,4.93969E+01,1.13251E+02,4.93969E+01,1.61228E+01,1.13251E+02,4.93969E+01,4.93969E+01,4.93969E+01,1.13251E+02,1.90516E+00,4.93969E+01,1.13251E+02,1.13251E+02,1.13251E+02,1.13251E+02,2.12420E+00,4.93969E+01 
#t = 2.226E+03
1.13251E+02,1.61228E+01,4.93969E+01,1.13251E+02,4.93969E+01,1.61228E+01,1.13251E+02,1.13251E+02,1.13251E+02,1.13251E+02,4.93969E+01,4.93969E+01,1.13251E+02,1.13251E+02,4.93969E+01,4.93969E+01,4.93969E+01,1.13251E+02,1.13251E+02,1.13251E+02,2.00581E+02,4.93969E+01,1.13251E+02,4.93969E+01,1.13251E+02,2.00581E+02,1.14138E+01,4.93969E+01,2.00581E+02,4.93969E+01,4.93969E+01,1.13251E+02,1.14138E+01,1.13251E+02,1.61228E+01,1.13251E+02,4.93969E+01,4.93969E+01,4.93969E+01,4.93969E+01,2.00581E+02 
#t = 2.268E+03
1.61228E+01,2.00581E+02,1.14138E+01,4.93969E+01,2.00581E+02,1.13251E+02,1.13251E+02,1.13251E+02,1.13251E+02,1.13251E+02,2.00581E+02,2.00581E+02,2.00581E+02,1.13251E+02,4.93969E+01,1.61228E+01,1.14138E+01,1.13251E+02,1.13251E+02,1.13251E+02,1.13251E+02,1.14138E+01,4.93969E+01,1.61228E+01,2.00581E+02,1.13251E+02,1.13251E+02,1.13251E+02,1.61228E+01,1.13251E+02,1.13251E+02,1.13251E+02,1.14138E+01,1.13251E+02,1.13251E+02,1.13251E+02,1.13251E+02,1.61228E+01,1.13251E+02,1.61228E+01,1.13251E+02,1.13251E+02,3.10821E-01,5.02505E-01,1.61228E+01,1.14138E+01,7.27056E-01 
#t = 2.310E+03
1.13251E+02,2.00581E+02,1.13251E+02,1.61228E+01,1.13251E+02,1.13251E+02,1.13251E+02,1.13251E+02,1.13251E+02,1.13251E+02,1.61228E+01,2.00581E+02,1.13251E+02,1.13251E+02,1.13251E+02,1.13251E+02,1.13251E+02,1.13251E+02,1.13251E+02,1.13251E+02,4.93969E+01,1.13251E+02,1.13251E+02,1.13251E+02,1.61228E+01,1.13251E+02,2.00581E+02,4.93969E+01,1.61228E+01,4.93969E+01,1.13251E+02,1.13251E+02,1.13251E+02,1.13251E+02,1.13251E+02,1.61228E+01,2.00581E+02,1.13251E+02,4.93969E+01,1.13251E+02,1.13251E+02,1.13251E+02,4.30798E+00,7.06047E+00 
#t = 2.352E+03
1.13251E+02,1.61228E+01,1.13251E+02,2.00581E+02,1.13251E+02,2.00581E+02,4.93969E+01,2.00581E+02,1.13251E+02,1.13251E+02,1.13251E+02,1.13251E+02,1.13251E+02,1.13251E+02,1.13251E+02,1.13251E+02,2.00581E+02,4.93969E+01,1.13251E+02,2.00581E+02,1.13251E+02,1.13251E+02,1.13251E+02,2.16226E-01,1.13251E+02,1.13251E+02,1.13251E+02,1.13251E+02,2.00581E+02,1.13251E+02,1.13251E+02,1.13251E+02,5.62065E+00,6.34010E-01,1.13251E+02,1.13251E+02,1.13251E+02,2.00581E+02,1.61228E+01,1.13251E+02,1.13251E+02,1.13251E+02,1.26883E+00,1.13251E+02,1.13251E+02,1.13251E+02,1.13251E+02 
#t = 2.394E+03
4.93969E+01,1.13251E+02,1.13251E+02,1.13251E+02,2.00581E+02,1.13251E+02,2.00581E+02,1.13251E+02,1.13251E+02,1.13251E+02,1.13251E+02,1.13251E+02,1.13251E+02,1.13251E+02,1.13251E+02,1.13251E+02,4.93969E+01,1.13203E+01,1.13251E+02,1.13251E+02,4.93969E+01,1.13251E+02,1.13251E+02,1.13251E+02,1.13251E+02,4.93969E+01,1.13251E+02,1.13251E+02,1.13251E+02,1.13251E+02,1.13251E+02,2.36663E+00,1.13251E+02,4.93969E+01,1.13251E+02,4.93969E+01,4.93969E+01,1.13251E+02,4.93969E+01,1.13251E+02,1.13251E+02,1.97627E-01,1.13251E+02,1.13251E+02 
#t = 2.436E+03
1.13251E+02,1.13251E+02,4.93969E+01,1.13251E+02,1.13251E+02,1.13251E+02,4.93969E+01,1.13251E+02,1.13251E+02,1.13251E+02,1.13251E+02,1.13251E+02,4.93969E+01,1.13251E+02,1.13251E+02,2.00581E+02,1.13251E+02,1.13251E+02,4.93969E+01,7.14577E+00,1.13251E+02,1.13251E+02,1.13251E+02,1.13251E+02,1.13251E+02,1.13251E+02,1.13251E+02,1.13251E+02,1.13251E+02,1.13251E+02,4.93969E+01,4.93969E+01,4.93969E+01,1.13251E+02,1.13251E+02,1.13251E+02,4.93969E+01,2.00581E+02,1.13251E+02,1.13251E+02,5.47622E-01,1.13251E+02,1.13251E+02 
#t = 2.478E+03
1.13251E+02,1.13251E+02,1.13251E+02,4.93969E+01,1.13251E+02,1.13251E+02,4.93969E+01,1.13251E+02,1.13251E+02,4.93969E+01,1.13251E+02,1.13251E+02,1.13251E+02,1.13251E+02,1.13251E+02,1.13251E+02,1.13251E+02,1.13251E+02,1.13251E+02,1.13251E+02,1.13251E+02,1.13251E+02,4.93969E+01,1.13251E+02,1.13251E+02,1.13251E+02,4.93969E+01,1.13251E+02,1.13251E+02,1.13251E+02,1.13251E+02,1.13251E+02,1.13251E+02,1.13251E+02,1.13251E+02,1.13251E+02,4.93969E+01,1.13251E+02,1.13251E+02,1.13251E+02,1.13251E+02,1.13251E+02,1.13251E+02,1.13251E+02,1.13251E+02,4.93969E+01,1.13251E+02,4.06876E-01,1.13251E+02,1.13251E+02,4.93969E+01,4.93969E+01 
#t = 2.520E+03
1.13251E+02,1.13251E+02,1.13251E+02,1.13251E+02,1.13251E+02,1.13251E+02,1.99142E+01,1.13251E+02,9.96877E+00,1.13251E+02,4.93969E+01,1.13251E+02,1.13251E+02,1.13251E+02,1.13251E+02,1.13251E+02,4.93969E+01,1.13251E+02,1.13251E+02,1.13251E+02,1.13251E+02,1.13251E+02,1.13251E+02,1.13251E+02,1.13251E+02,2.85729E+00,1.13251E+02,1.99142E+01,1.13251E+02,1.13251E+02,1.99142E+01,1.13251E+02,1.13251E+02,2.62401E+01,1.13251E+02,1.13251E+02,1.13251E+02 
#t = 2.562E+03
1.13251E+02,1.13251E+02,1.13251E+02,1.13251E+02,1.13251E+02,1.13251E+02,1.13251E+02,1.13251E+02,1.13251E+02,1.13251E+02,1.13251E+02,1.13251E+02,1.13251E+02,1.13251E+02,1.13251E+02,1.13251E+02,1.13251E+02,1.13251E+02,1.13251E+02,1.13251E+02,1.13251E+02,1.13251E+02,1.13251E+02,1.13251E+02,1.13251E+02,1.13251E+02,1.13251E+02,1.13251E+02,1.13251E+02,1.13251E+02,1.13251E+02,1.13251E+02,1.13251E+02,1.13251E+02,1.13251E+02,1.13251E+02,1.13251E+02,1.13251E+02,1.13251E+02,1.13251E+02,1.13251E+02,1.13251E+02,1.13251E+02,1.13251E+02,1.13251E+02,1.13251E+02,1.13251E+02,1.13251E+02,1.13251E+02,1.13251E+02,1.13251E+02 
#t = 2.604E+03
1.13251E+02,1.13251E+02,1.13251E+02,1.13251E+02,1.13251E+02,1.13251E+02,1.13251E+02,1.13251E+02,1.13251E+02,1.13251E+02,1.13251E+02,1.13251E+02,1.13251E+02,1.13251E+02,1.13251E+02,1.13251E+02,1.13251E+02,1.13251E+02,1.13251E+02,1.21734E+01,2.05326E+01,1.13251E+02,1.13251E+02,1.13251E+02,1.55359E+01,1.13251E+02,1.13251E+02,1.13251E+02,1.13251E+02,1.13251E+02,1.13251E+02,1.13251E+02,1.13251E+02,1.13251E+02,1.13251E+02,1.13251E+02,1.13251E+02,1.13251E+02,1.13251E+02,1.13251E+02,1.13251E+02,1.13251E+02,1.13251E+02,3.73300E+01,1.13251E+02,1.13251E+02,1.13251E+02,2.05326E+01,1.13251E+02,4.76743E-01,1.13251E+02,1.13251E+02 
#t = 2.646E+03
1.13251E+02,1.13251E+02,1.13251E+02,1.13251E+02,1.13251E+02,1.13251E+02,1.13251E+02,1.13251E+02,1.13251E+02,1.13251E+02,3.73300E+01,1.13251E+02,1.13251E+02,1.13251E+02,1.13251E+02,1.13251E+02,1.13251E+02,1.13251E+02,1.13251E+02,1.13251E+02,1.13251E+02,1.13251E+02,3.73300E+01,1.13251E+02,1.13251E+02,6.32744E+00,3.73300E+01,1.13251E+02,1.13251E+02,1.13251E+02,1.13251E+02,1.13251E+02,1.13251E+02,1.13251E+02,1.13251E+02,1.13251E+02,1.13251E+02,1.13251E+02,6.97382E+00,3.73300E+01,1.13251E+02,1.13251E+02,1.13251E+02,1.13251E+02,1.13251E+02,1.13251E+02,2.09064E+00,1.13251E+02 
#t = 2.688E+03
1.13251E+02,1.13251E+02,1.13251E+02,1.13251E+02,1.13251E+02,1.13251E+02,1.13251E+02,1.13251E+02,1.13251E+02,1.13251E+02,1.13251E+02,1.13251E+02,1.13251E+02,1.13251E+02,1.13251E+02,1.13251E+02,1.13251E+02,1.13251E+02,1.13251E+02,1.13251E+02,1.13251E+02,1.13251E+02,1.13251E+02,3.73300E+01,1.13251E+02,1.13251E+02,1.13251E+02,1.13251E+02,1.13251E+02,1.13251E+02,1.13251E+02,1.13251E+02,1.13251E+02,1.13251E+02,1.13251E+02,1.13251E+02,1.13251E+02,1.13251E+02,3.73300E+01,1.13251E+02,1.13251E+02,1.13251E+02,1.13251E+02,2.86697E+00,1.13251E+02,1.13251E+02,1.13251E+02,1.13251E+02,1.13251E+02,1.13251E+02,1.13251E+02,1.13251E+02 
#t = 2.730E+03
1.13251E+02,1.13251E+02,1.13251E+02,1.13251E+02,1.13251E+02,1.13251E+02,1.13251E+02,1.13251E+02,1.13251E+02,1.13251E+02,1.13251E+02,1.13251E+02,1.13251E+02,1.13251E+02,1.13251E+02,1.13251E+02,1.13251E+02,1.13251E+02,1.13251E+02,1.13251E+02,1.13251E+02,1.13251E+02,1.13251E+02,1.13251E+02,1.13251E+02,1.13251E+02,1.13251E+02,1.13251E+02,1.13251E+02,1.13251E+02,1.13251E+02,1.13251E+02,1.13251E+02,3.61653E-01,1.13251E+02,1.13251E+02,1.13251E+02,1.13251E+02,3.16258E+00,2.84862E-01,1.13251E+02,1.13251E+02 
#t = 2.772E+03
1.13251E+02,1.13251E+02,1.13251E+02,1.13251E+02,1.13251E+02,1.13251E+02,1.13251E+02,1.13251E+02,1.13251E+02,1.13251E+02,1.13251E+02,1.13251E+02,1.13251E+02,1.13251E+02,1.13251E+02,1.13251E+02,1.13251E+02,1.11755E+01,1.13251E+02,1.13251E+02,1.13251E+02,1.13251E+02,1.13251E+02,1.13251E+02,1.13251E+02,1.13251E+02,1.13251E+02,1.13251E+02,1.11755E+01,1.13251E+02,1.13251E+02,4.46565E+00,1.13251E+02,1.13251E+02,1.13251E+02,1.13251E+02,1.13251E+02,1.13251E+02,1.13251E+02,1.11755E+01,1.13251E+02 
#t = 2.814E+03
1.13251E+02,1.13251E+02,1.13251E+02,1.13251E+02,1.13251E+02,1.13251E+02,1.13251E+02,1.13251E+02,1.13251E+02,1.13251E+02,1.13251E+02,1.13251E+02,1.13251E+02,1.13251E+02,1.13251E+02,1.13251E+02,1.13251E+02,1.13251E+02,1.13251E+02,1.13251E+02,2.39353E+01,1.13251E+02,1.13251E+02,1.13251E+02,1.13251E+02,1.13251E+02,1.13251E+02,1.13251E+02,1.13251E+02,1.13251E+02,1.13251E+02,1.13251E+02,1.13251E+02,1.13251E+02,1.13251E+02,2.39353E+01,1.13251E+02,1.13251E+02,1.52009E-01,1.13251E+02,1.13251E+02,1.75776E+00,1.13251E+02,1.13251E+02 
#t = 2.856E+03
1.13251E+02,1.13251E+02,1.13251E+02,1.13251E+02,1.13251E+02,2.39353E+01,1.13251E+02,1.13251E+02,1.13251E+02,1.13251E+02,1.13251E+02,1.13251E+02,2.20808E+01,1.13251E+02,2.39353E+01,1.13251E+02,1.13251E+02,1.13251E+02,1.13251E+02,1.13251E+02,1.13251E+02,2.39353E+01,1.13251E+02,1.13251E+02,1.13251E+02,2.39353E+01,1.13251E+02,1.13251E+02,1.13251E+02,1.13251E+02,1.13251E+02,1.13251E+02,1.13251E+02,1.13251E+02,1.32868E+00,1.13251E+02,1.13251E+02,1.13251E+02,1.13251E+02,1.13251E+02,2.39353E+01,1.13251E+02,1.13251E+02,5.79831E-01,2.39353E+01,6.16697E-01,1.13251E+02,1.13251E+02 
#t = 2.898E+03
1.13251E+02,1.13251E+02,1.13251E+02,1.13251E+02,1.13251E+02,1.13251E+02,2.39353E+01,1.13251E+02,1.13251E+02,2.39353E+01,1.13251E+02,1.13251E+02,1.13251E+02,1.13251E+02,1.13251E+02,1.13251E+02,1.13251E+02,1.13251E+02,1.13251E+02,1.13251E+02,1.13251E+02,9.34424E+00,1.13251E+02,2.39353E+01,1.13251E+02,1.13251E+02,1.13251E+02,1.13251E+02,1.13251E+02,1.13251E+02,1.13251E+02,1.13251E+02,1.13251E+02,1.13251E+02,1.13251E+02,1.13251E+02,1.13251E+02,1.13251E+02,1.13251E+02,4.67302E+00 
#t = 2.940E+03
1.13251E+02,1.13251E+02,1.13251E+02,1.13251E+02,1.13251E+02,1.13251E+02,1.13251E+02,1.13251E+02,1.13251E+02,1.13251E+02,1.13251E+02,1.13251E+02,1.13251E+02,2.13649E+01,1.13251E+02,1.13251E+02,1.13251E+02,1.13251E+02,1.13251E+02,1.85775E+01,1.13251E+02,1.27464E+01,1.13251E+02,1.13251E+02,1.13251E+02,1.13251E+02,1.13251E+02,1.13251E+02,1.13251E+02,1.13251E+02,1.13251E+02,1.13251E+02,1.13251E+02,1.13251E+02,1.13251E+02,1.13251E+02,1.13251E+02,1.13251E+02,1.13251E+02,1.13251E+02,1.13251E+02,1.27464E+01,1.13251E+02 
#t = 2.982E+03
1.13251E+02,1.13251E+02,2.13649E+01,1.13251E+02,1.13251E+02,1.13251E+02,1.13251E+02,1.13251E+02,1.13251E+02,1.13251E+02,1.13251E+02,1.13251E+02,1.13251E+02,1.13251E+02,1.13251E+02,3.98460E+01,1.13251E+02,1.13251E+02,1.13251E+02,1.13251E+02,1.13251E+02,1.13251E+02,1.13251E+02,1.13251E+02,1.13251E+02,3.93006E-02,1.13251E+02,1.13251E+02,2.47361E+00,1.13251E+02,1.13251E+02,1.13251E+02,1.13251E+02,1.13251E+02,1.13251E+02 
#t = 3.024E+03
1.13251E+02,1.13251E+02,1.13251E+02,1.13251E+02,1.13251E+02,1.13251E+02,1.13251E+02,1.13251E+02,2.69221E+01,1.13251E+02,1.13251E+02,1.13251E+02,1.13251E+02,1.13251E+02,1.13251E+02,1.13251E+02,1.13251E+02,1.13251E+02,1.13251E+02,1.13251E+02,1.13251E+02,1.13251E+02,1.13251E+02,1.13251E+02,2.19976E+01,1.13251E+02,1.13251E+02,1.13251E+02,1.13251E+02,1.13251E+02,1.13251E+02,1.13251E+02,1.13251E+02,1.13251E+02,1.13251E+02,1.13251E+02,1.13251E+02,1.85356E-01,1.13251E+02 
#t = 3.066E+03
1.13251E+02,1.13251E+02,1.13251E+02,1.13251E+02,1.13251E+02,1.13251E+02,1.13251E+02,2.41945E+01,1.13251E+02,1.13251E+02,1.13251E+02,1.13251E+02,1.13251E+02,1.13251E+02,1.13251E+02,1.13251E+02,1.13251E+02,1.13251E+02,1.13251E+02,1.13251E+02,1.13251E+02,1.13251E+02,2.41945E+01,1.13251E+02,1.13251E+02,1.13251E+02,1.13251E+02,1.13251E+02,1.13251E+02,1.13251E+02,1.13251E+02,1.13251E+02,1.13251E+02,1.38525E+01,3.95778E-01,1.13251E+02,1.13251E+02,1.13251E+02,2.52336E-01,1.13251E+02 
#t = 3.108E+03
1.13251E+02,1.13251E+02,1.13251E+02,1.13251E+02,1.13251E+02,1.13251E+02,1.13251E+02,1.13251E+02,1.31442E+01,1.13251E+02,1.13251E+02,1.13251E+02,1.13251E+02,1.13251E+02,1.13251E+02,1.13251E+02,1.13251E+02,1.13251E+02,1.13251E+02,4.44741E+00,1.13251E+02,1.22954E+00,1.13251E+02,6.56305E+00,9.08642E+00,1.13251E+02,1.13251E+02,1.13251E+02,1.13251E+02,2.26855E-01,1.13251E+02,1.13251E+02,1.13251E+02,1.13251E+02,1.13251E+02,1.13251E+02 
#t = 3.150E+03
1.13251E+02,1.13251E+02,1.13251E+02,1.13251E+02,1.13251E+02,1.13251E+02,1.13251E+02,1.13251E+02,1.13251E+02,1.13251E+02,1.13251E+02,2.67688E+01,5.36533E+01,1.13251E+02,1.13251E+02,1.51386E+01,1.13251E+02,1.13251E+02,1.13251E+02,1.51386E+01,1.13251E+02,1.13251E+02,1.13251E+02,1.13251E+02,1.13251E+02,1.13251E+02,1.30973E+01,1.13251E+02,7.31003E-01,1.13251E+02,1.13251E+02,1.13251E+02,4.08344E+00,2.67688E+01,1.13251E+02,1.13251E+02,3.86699E-01,1.13251E+02,1.13251E+02,1.13251E+02,1.13251E+02,1.51386E+01,1.13251E+02,1.13251E+02 
#t = 3.192E+03
1.13251E+02,1.13251E+02,1.13251E+02,1.13251E+02,1.13251E+02,1.13251E+02,1.13251E+02,9.64959E+00,1.13251E+02,1.13251E+02,1.13251E+02,1.13251E+02,1.13251E+02,1.13251E+02,1.13251E+02,1.13251E+02,1.13251E+02,1.13251E+02,1.13251E+02,1.13251E+02,1.13251E+02,1.13251E+02,1.13251E+02,1.13251E+02,1.13251E+02,1.13251E+02,1.13251E+02,1.13251E+02,1.13251E+02,1.13251E+02,1.13251E+02,1.13251E+02,1.13251E+02,1.13251E+02,1.13251E+02,1.13251E+02,1.13251E+02,1.13251E+02,1.13251E+02,1.20751E+00,1.13251E+02,1.13251E+02,1.13251E+02 
#t = 3.234E+03
1.13251E+02,1.13251E+02,1.13251E+02,1.13251E+02,1.13251E+02,1.13251E+02,1.13251E+02,1.13251E+02,1.13251E+02,1.13251E+02,1.13251E+02,1.13251E+02,1.13251E+02,1.13251E+02,1.13251E+02,1.13251E+02,1.13251E+02,1.13251E+02,1.13251E+02,1.13251E+02,1.13251E+02,1.13251E+02,1.13251E+02,1.13251E+02,1.13251E+02,1.13251E+02,1.13251E+02,1.13251E+02,1.13251E+02,1.13251E+02,1.13251E+02,1.13251E+02,1.13251E+02,1.13251E+02,1.13251E+02,1.13251E+02,1.13251E+02,1.13251E+02,1.13251E+02,1.13251E+02,1.13251E+02,1.13251E+02,6.83562E-02,1.13251E+02,1.13251E+02 
#t = 3.276E+03
1.13251E+02,1.13251E+02,1.13251E+02,1.13251E+02,1.13251E+02,1.13251E+02,1.13251E+02,1.13251E+02,1.13251E+02,1.13251E+02,1.13251E+02,1.13251E+02,1.13251E+02,1.13251E+02,1.13251E+02,1.13251E+02,1.13251E+02,1.13251E+02,1.13251E+02,7.07977E+00,1.13251E+02,1.13251E+02,1.13251E+02,1.13251E+02,1.13251E+02,1.13251E+02,1.13251E+02,1.13251E+02,1.13251E+02,1.13251E+02,1.13251E+02,1.13251E+02,1.13251E+02,1.13251E+02,1.13251E+02,1.13251E+02,1.13251E+02,1.13251E+02,1.13251E+02,1.13251E+02,1.13251E+02,1.13251E+02,1.13251E+02,3.82689E+00,1.13251E+02,1.13251E+02,1.13251E+02,1.13251E+02,3.35833E+00,1.13251E+02,1.13251E+02,1.13251E+02 
#t = 3.318E+03
1.13251E+02,9.82682E+00,1.13251E+02,1.13251E+02,1.13251E+02,1.13251E+02,1.13251E+02,1.13251E+02,1.13251E+02,1.13251E+02,1.13251E+02,1.13251E+02,1.13251E+02,1.13251E+02,1.76962E+01,1.13481E+01,1.13251E+02,1.13251E+02,1.13251E+02,1.13251E+02,1.13251E+02,1.13251E+02,1.13251E+02,2.08842E-01,1.13251E+02,1.13251E+02,1.13251E+02,2.95139E+00,1.13251E+02 
#t = 3.360E+03
1.13251E+02,1.13251E+02,1.13251E+02,1.13251E+02,1.13251E+02,1.13251E+02,1.13251E+02,1.13251E+02,1.13251E+02,1.13251E+02,1.13251E+02,1.13251E+02,1.13251E+02,1.13251E+02,1.13251E+02,1.13251E+02,1.13251E+02,1.13251E+02,1.13251E+02,1.13251E+02,1.13251E+02,1.13251E+02,1.13251E+02,1.13251E+02,1.13251E+02,1.13251E+02,8.68785E-01,1.13251E+02,1.13251E+02,1.13251E+02,1.13251E+02,1.13251E+02,1.52435E+00,1.13251E+02,1.13251E+02,1.13251E+02 
#t = 3.402E+03
1.13251E+02,1.13251E+02,1.13251E+02,1.13251E+02,1.13251E+02,1.13251E+02,1.13251E+02,1.13251E+02,1.13251E+02,1.13251E+02,1.13251E+02,1.13251E+02,1.13251E+02,1.13251E+02,1.13251E+02,1.13251E+02,1.13251E+02,9.79607E+00,1.13251E+02,1.13251E+02,1.13251E+02,1.13251E+02,1.13251E+02,1.13251E+02,1.13251E+02,4.86614E-01,1.13251E+02,1.13251E+02,1.13251E+02,1.13251E+02,1.13251E+02,1.13251E+02,1.13251E+02,3.94200E+00,1.13251E+02,1.13251E+02 
#t = 3.444E+03
1.13251E+02,1.13251E+02,1.13251E+02,1.13251E+02,1.13251E+02,1.13251E+02,1.13251E+02,1.13251E+02,1.13251E+02,1.13251E+02,1.13251E+02,1.13251E+02,1.13251E+02,1.13251E+02,1.13251E+02,1.13251E+02,1.13251E+02,1.13251E+02,1.13251E+02,1.13251E+02,1.13251E+02,1.13251E+02,1.13251E+02,1.13251E+02,1.13251E+02,1.13251E+02,1.13251E+02,1.13251E+02,1.13251E+02,1.13251E+02,1.13251E+02,1.13251E+02,1.13251E+02,1.13251E+02,1.13251E+02,1.13251E+02,1.13251E+02,4.26929E+00,1.13251E+02,1.13251E+02,1.13251E+02,1.13251E+02,1.13251E+02,1.13251E+02,1.13251E+02,1.13251E+02,1.13251E+02,1.13251E+02 
#t = 3.486E+03
1.13251E+02,1.13251E+02,1.13251E+02,1.13251E+02,1.13251E+02,1.13251E+02,1.13251E+02,1.13251E+02,1.13251E+02,1.13251E+02,1.13251E+02,1.13251E+02,1.11405E+01,1.13251E+02,1.13251E+02,1.13251E+02,1.13251E+02,1.13251E+02,1.13251E+02,1.13251E+02,1.13251E+02,1.13251E+02,1.13251E+02,1.13251E+02,1.13251E+02,1.13251E+02,1.13251E+02,1.13251E+02,1.13251E+02,1.13251E+02,1.13251E+02,1.13251E+02,1.13251E+02,1.13251E+02,1.13251E+02,1.13251E+02,1.13251E+02,1.00880E+00,1.13251E+02,1.13251E+02,1.12385E+01,1.13251E+02 
#t = 3.528E+03
1.13251E+02,1.11405E+01,1.13251E+02,1.13251E+02,1.13251E+02,1.12385E+01,1.13251E+02,1.13251E+02,1.13251E+02,1.13251E+02,1.13251E+02,1.13251E+02,1.13251E+02,1.13251E+02,1.13251E+02,1.13251E+02,1.11405E+01,1.13251E+02,1.13251E+02,1.13251E+02,1.13251E+02,1.13251E+02,1.13251E+02,1.13251E+02,1.13251E+02,1.13251E+02,1.13251E+02,1.13251E+02,1.13251E+02,1.13251E+02,1.13251E+02,1.12385E+01,1.13251E+02,1.13251E+02,1.13251E+02,1.13251E+02,4.13549E+00,1.13251E+02,1.13251E+02,1.13251E+02,1.13251E+02 
#t = 3.570E+03
1.13251E+02,1.13251E+02,1.13251E+02,1.11405E+01,1.13251E+02,1.13251E+02,1.13251E+02,1.13251E+02,1.13251E+02,1.13251E+02,1.11405E+01,1.13251E+02,1.13251E+02,1.13251E+02,1.13251E+02,1.13251E+02,1.86629E+01,1.13251E+02,1.13251E+02,1.13251E+02,1.13251E+02,1.13251E+02,1.13251E+02,1.13251E+02,1.13251E+02,1.13251E+02,1.13251E+02,1.13251E+02,1.13251E+02,1.13251E+02,1.13251E+02,1.13251E+02,1.13251E+02,1.13251E+02,6.03774E-01,1.13251E+02,1.13251E+02 
#t = 3.612E+03
1.13251E+02,1.13251E+02,1.13251E+02,1.13251E+02,1.13251E+02,1.13251E+02,1.13251E+02,1.13251E+02,1.13251E+02,1.13251E+02,1.13251E+02,1.13251E+02,1.13251E+02,1.13251E+02,1.13251E+02,1.13251E+02,1.13251E+02,1.13251E+02,1.13251E+02,1.13251E+02,2.50274E+00,1.13251E+02,1.13251E+02,1.13251E+02,1.13251E+02,1.13251E+02,1.13251E+02,1.13251E+02,1.13251E+02,1.13251E+02,1.13251E+02,1.13251E+02,1.13251E+02,1.07107E+00,1.13251E+02,1.13251E+02 
#t = 3.654E+03
1.13251E+02,1.13251E+02,1.13251E+02,1.13251E+02,1.13251E+02,4.77192E+01,1.13251E+02,1.13251E+02,1.13251E+02,1.13251E+02,1.13251E+02,1.13251E+02,1.13251E+02,1.13251E+02,1.13251E+02,1.13251E+02,1.13251E+02,1.13251E+02,1.13251E+02,1.13251E+02,1.13251E+02,1.13251E+02,1.13251E+02,1.13251E+02,1.13251E+02,4.77192E+01,1.13251E+02,4.77192E+01,1.13251E+02,1.13251E+02,1.13251E+02,1.13251E+02,1.13251E+02,1.13251E+02,1.13251E+02,1.13251E+02,1.13251E+02,1.13251E+02,1.13251E+02,3.83168E+00,1.13251E+02,1.13251E+02,1.13251E+02,1.79099E+00,1.13251E+02,1.17455E-01 
#t = 3.696E+03
1.13251E+02,1.13251E+02,1.13251E+02,1.13251E+02,1.13251E+02,1.13251E+02,1.13251E+02,1.13251E+02,1.13251E+02,1.13251E+02,1.13251E+02,1.13251E+02,1.13251E+02,1.13251E+02,1.13251E+02,1.13251E+02,1.13251E+02,1.13251E+02,1.13251E+02,1.13251E+02,1.13251E+02,4.77192E+01,1.13251E+02,1.13251E+02,1.13251E+02,1.13251E+02,1.13251E+02,1.13251E+02,1.13251E+02,1.13251E+02,1.13251E+02,1.13251E+02,1.13251E+02,1.13251E+02,1.13251E+02,1.13251E+02,1.13251E+02,1.13251E+02,1.13251E+02,1.13251E+02,1.13251E+02,1.13251E+02,1.13251E+02,1.13251E+02,1.13251E+02,1.13251E+02,1.13251E+02,1.13251E+02,1.13251E+02,2.69016E-01 
#t = 3.738E+03
1.13251E+02,1.13251E+02,1.13251E+02,1.13251E+02,1.13251E+02,1.13251E+02,1.13251E+02,1.13251E+02,1.13251E+02,1.13251E+02,1.13251E+02,1.13251E+02,1.13251E+02,1.13251E+02,1.13251E+02,1.13251E+02,1.13251E+02,1.13251E+02,1.13251E+02,1.13251E+02,1.13251E+02,1.13251E+02,1.13251E+02,1.13251E+02,1.13251E+02,1.13251E+02,1.13251E+02,1.13251E+02,1.13251E+02,1.13251E+02,1.13251E+02,1.13251E+02,1.13251E+02,1.13251E+02,1.13251E+02,1.13251E+02,1.13251E+02,1.13251E+02,1.13251E+02,2.96099E+00,1.13251E+02,1.13251E+02,1.13251E+02 
#t = 3.780E+03
1.13251E+02,1.13251E+02,1.13251E+02,1.13251E+02,1.13251E+02,1.13251E+02,1.13251E+02,1.13251E+02,1.01471E+01,1.13251E+02,1.13251E+02,1.13251E+02,1.13251E+02,1.13251E+02,1.13251E+02,1.13251E+02,7.37092E+00,1.13251E+02,1.13251E+02,1.13251E+02,1.13251E+02,1.13251E+02,1.13251E+02,1.13251E+02,1.13251E+02,1.13251E+02,1.13251E+02,1.13251E+02,1.13251E+02,1.13251E+02,1.13251E+02,1.13251E+02,1.13251E+02,1.13251E+02,1.13251E+02,1.13251E+02,1.13251E+02,1.13251E+02,1.13251E+02,1.13251E+02,1.13251E+02,1.13251E+02 
#t = 3.822E+03
1.13251E+02,1.13251E+02,1.13251E+02,1.13251E+02,1.13251E+02,1.13251E+02,1.13251E+02,1.13251E+02,1.13251E+02,1.13251E+02,1.13251E+02,1.13251E+02,1.13251E+02,1.13251E+02,1.13251E+02,1.13251E+02,1.13251E+02,1.13251E+02,1.13251E+02,1.13251E+02,1.13251E+02,1.13251E+02,1.13251E+02,1.13251E+02,1.13251E+02,1.13251E+02,1.13251E+02,1.13251E+02,1.13251E+02,1.13251E+02,1.13251E+02,1.13251E+02,1.13251E+02,1.13251E+02,2.32055E+01,1.13251E+02,1.13251E+02,1.13251E+02,2.32055E+01,1.13251E+02,1.13251E+02,1.13251E+02,1.13251E+02,1.13251E+02,1.13251E+02,1.13251E+02,1.13251E+02,4.52334E-01,1.13251E+02,8.01419E-01 
#t = 3.864E+03
1.13251E+02,1.13251E+02,1.13251E+02,2.32055E+01,1.13251E+02,1.13251E+02,1.13251E+02,1.13251E+02,1.13251E+02,1.13251E+02,1.13251E+02,1.44379E+01,1.13251E+02,1.13251E+02,1.13251E+02,1.13251E+02,1.13251E+02,1.13251E+02,1.13251E+02,1.13251E+02,1.13251E+02,1.13251E+02,1.13251E+02,1.13251E+02,1.13251E+02,1.13251E+02,1.13251E+02,1.93125E+01,1.13251E+02,1.13251E+02,1.13251E+02,1.13251E+02,1.13251E+02,1.13251E+02,1.13251E+02,1.13251E+02,1.13251E+02,1.13251E+02,2.19884E+00,1.44379E+01,1.44379E+01,1.13251E+02,1.13251E+02 
#t = 3.906E+03
1.13251E+02,2.32055E+01,1.13251E+02,1.44379E+01,1.93125E+01,1.13251E+02,1.13251E+02,1.13251E+02,1.13251E+02,1.13251E+02,1.93125E+01,1.13251E+02,1.13251E+02,1.13251E+02,1.13251E+02,1.93125E+01,1.13251E+02,1.13251E+02,1.13251E+02,1.44379E+01,1.13251E+02,1.13251E+02,1.13251E+02,1.13251E+02,1.44379E+01,1.13251E+02,1.93125E+01,1.13251E+02,1.13251E+02,1.13251E+02,1.13251E+02,1.44379E+01,1.13251E+02,1.13251E+02,1.13251E+02,1.13251E+02,1.13251E+02,1.13251E+02,1.13251E+02,1.13251E+02,1.93125E+01,1.13251E+02,1.93125E+01,1.13251E+02,1.13251E+02,1.13251E+02,1.13251E+02,7.81948E-01,1.44379E+01,1.13251E+02 
#t = 3.948E+03
1.13251E+02,1.13251E+02,1.13251E+02,1.13251E+02,1.93125E+01,1.13251E+02,1.13251E+02,1.13251E+02,1.13251E+02,1.13251E+02,1.13251E+02,1.13251E+02,1.44379E+01,1.13251E+02,1.13251E+02,1.13251E+02,1.13251E+02,1.44379E+01,1.13251E+02,1.93125E+01,1.13251E+02,1.13251E+02,1.44379E+01,1.44379E+01,1.13251E+02,1.52201E+01,1.13251E+02,1.13251E+02,1.13251E+02,1.13251E+02,2.84396E+01,1.13251E+02,1.13251E+02,1.13251E+02,9.08721E-02,1.13251E+02,1.44379E+01,1.13251E+02,1.13251E+02,2.38382E-01,1.13251E+02,1.86775E+00 
#t = 3.990E+03
1.13251E+02,1.44379E+01,1.13251E+02,1.13251E+02,1.13251E+02,1.13251E+02,1.13251E+02,1.14661E+01,1.13251E+02,1.13251E+02,1.13251E+02,1.13251E+02,1.13251E+02,1.13251E+02,1.13251E+02,1.13251E+02,1.13251E+02,1.13251E+02,7.40803E+00,1.13251E+02,1.13251E+02,2.10030E+00,1.13251E+02,1.13251E+02,1.68255E+00,1.13251E+02,1.13251E+02,1.13251E+02,8.92574E-01,1.13251E+02 
#t = 4.032E+03
1.14661E+01,1.13251E+02,1.13251E+02,1.13251E+02,1.13251E+02,1.13251E+02,1.13251E+02,1.13251E+02,1.13251E+02,1.13251E+02,1.13251E+02,1.13251E+02,1.13251E+02,1.13251E+02,1.13251E+02,1.13251E+02,1.13251E+02,1.13251E+02,1.13251E+02,1.13251E+02,1.13251E+02,1.13251E+02,1.13251E+02,1.13251E+02,1.13251E+02,1.13251E+02,1.14661E+01,1.13251E+02,1.13251E+02,1.14661E+01,1.13251E+02,1.13251E+02,1.93756E+01,1.14661E+01,1.13251E+02,1.13251E+02,1.13251E+02,1.13251E+02,1.13251E+02,1.13251E+02,1.13251E+02,1.13251E+02,1.13251E+02 
#t = 4.074E+03
1.13251E+02,1.13251E+02,1.13251E+02,1.13251E+02,1.13251E+02,1.13251E+02,1.13251E+02,1.13251E+02,1.13251E+02,1.13251E+02,1.13251E+02,1.13251E+02,1.13251E+02,1.13251E+02,1.13251E+02,1.13251E+02,1.13251E+02,1.13251E+02,1.13251E+02,1.13251E+02,1.13251E+02,1.13251E+02,1.13251E+02,1.13251E+02,1.13251E+02,1.13251E+02,1.13251E+02,1.13251E+02,1.13251E+02,1.13251E+02,4.53614E-01,1.13251E+02,1.13251E+02,1.13251E+02,1.13251E+02,1.13251E+02,1.13251E+02,1.13251E+02,1.13251E+02,1.13251E+02,1.13251E+02,1.13251E+02,4.12016E+00,1.13251E+02 
#t = 4.116E+03
1.13251E+02,1.13251E+02,1.13251E+02,1.13251E+02,1.13251E+02,1.13251E+02,1.13251E+02,1.13251E+02,1.13251E+02,1.13251E+02,1.17371E+01,1.13251E+02,1.13251E+02,1.13251E+02,1.13251E+02,1.13251E+02,1.13251E+02,1.13251E+02,1.13251E+02,1.13251E+02,1.13251E+02,1.13251E+02,1.13251E+02,1.75585E+01,1.13251E+02,6.04351E-02,1.13251E+02,1.13251E+02,1.13251E+02,1.13251E+02,1.13251E+02,1.35600E-01,1.13251E+02,1.13251E+02,1.13251E+02 
#t = 4.158E+03
1.13251E+02,1.13251E+02,1.13251E+02,1.13251E+02,1.13251E+02,1.13251E+02,1.13251E+02,1.13251E+02,1.13251E+02,1.13251E+02,1.13251E+02,1.13251E+02,1.13251E+02,1.13251E+02,1.13251E+02,1.13251E+02,1.13251E+02,1.13251E+02,1.13251E+02,1.13251E+02,1.13251E+02,1.13251E+02,1.13251E+02,1.13251E+02,1.13251E+02,1.13251E+02,1.13251E+02,1.13251E+02,8.76985E-01,9.11166E-02,1.13251E+02,1.13251E+02,1.13251E+02 
#t = 4.200E+03
1.13251E+02,1.13251E+02,8.03361E+00,1.13251E+02,1.13251E+02,1.13251E+02,1.13251E+02,1.13251E+02,1.13251E+02,1.13251E+02,1.13251E+02,1.13251E+02,1.13251E+02,1.13251E+02,1.13251E+02,1.13251E+02,1.13251E+02,1.13251E+02,1.13251E+02,1.13251E+02,1.13251E+02,1.13251E+02,1.13251E+02,1.13251E+02,1.13251E+02,1.13251E+02,1.13251E+02,1.02433E-01,1.13251E+02,1.13251E+02,1.15380E+00 
