#t = 0.000E+00
5.77348E-01,1.72988E-01,3.57308E-01,9.43168E-01,3.55378E+00 
#t = 4.200E+01
1.11443E+01,7.87823E-01,6.03187E+00,1.03628E+00 
#t = 8.400E+01
3.98304E-01 
#t = 1.260E+02
7.44429E+01,7.44429E+01,2.58400E-01,5.34226E+00,2.79124E-01,5.47747E+00,7.44429E+01,1.94434E+01 
#t = 1.680E+02
7.44429E+01,7.44429E+01,7.44429E+01,7.44429E+01,1.08298E+01,7.44429E+01,2.07532E+00,5.47399E-01,7.44429E+01,7.57156E+00,7.44429E+01,2.92195E-01,7.44429E+01,2.71682E+00,7.44429E+01 
#t = 2.100E+02
7.44429E+01,7.44429E+01,7.44429E+01,7.44429E+01,7.44429E+01,7.19369E+00,7.44429E+01,7.44429E+01,7.44429E+01,7.44429E+01,7.44429E+01,7.32417E+00,7.44429E+01,7.44429E+01,1.27494E+01,7.44429E+01,7.44429E+01,7.44429E+01,7.44429E+01,7.44429E+01 
#t = 2.520E+02
7.44429E+01,7.44429E+01,7.44429E+01,6.05888E+00,7.44429E+01,7.44429E+01,7.44429E+01,7.44429E+01,7.44429E+01,7.44429E+01,7.44429E+01,7.44429E+01,7.44429E+01,7.44429E+01,7.44429E+01,7.44429E+01,7.44429E+01,7.44429E+01,7.44429E+01,7.44429E+01,7.44429E+01,7.44429E+01,7.44429E+01,7.44429E+01,7.44429E+01,7.44429E+01,7.44429E+01,7.44429E+01,7.44429E+01,7.44429E+01,7.44429E+01,7.44429E+01,7.44429E+01,7.44429E+01,7.44429E+01,7.44429E+01,7.44429E+01,7.44429E+01,7.44429E+01,5.29493E+00,7.44429E+01,7.44429E+01,7.44429E+01,7.44429E+01,7.44429E+01,7.44429E+01,7.44429E+01 
#t = 2.940E+02
7.44429E+01,7.44429E+01,7.44429E+01,7.44429E+01,7.44429E+01,7.44429E+01,7.44429E+01,7.44429E+01,7.44429E+01,7.44429E+01,7.44429E+01,7.44429E+01,7.44429E+01,7.44429E+01,7.44429E+01,7.44429E+01,7.44429E+01,7.44429E+01,7.44429E+01,7.44429E+01,7.44429E+01,7.44429E+01,7.44429E+01,7.44429E+01,7.44429E+01,9.72898E+00,7.44429E+01,7.44429E+01,7.44429E+01,7.44429E+01,7.44429E+01,7.44429E+01,7.44429E+01,7.44429E+01,7.44429E+01,7.44429E+01,7.44429E+01,7.44429E+01,7.44429E+01,7.44429E+01,7.44429E+01,3.99577E+00,7.44429E+01 
#t = 3.360E+02
7.44429E+01,7.44429E+01,7.44429E+01,7.44429E+01,7.44429E+01,7.44429E+01,7.44429E+01,7.44429E+01,7.44429E+01,7.44429E+01,7.44429E+01,7.44429E+01,7.44429E+01,7.44429E+01,7.44429E+01,7.44429E+01,7.44429E+01,7.44429E+01,7.44429E+01,9.66557E+00,7.44429E+01,7.44429E+01,7.44429E+01,7.44429E+01,7.44429E+01,7.44429E+01,7.44429E+01,7.44429E+01,7.44429E+01,7.44429E+01,2.93841E+01,7.44429E+01,9.92844E+00,7.44429E+01,7.44429E+01,7.44429E+01,7.44429E+01,7.44429E+01,7.44429E+01,7.44429E+01,7.44429E+01,7.44429E+01,7.44429E+01,7.44429E+01,8.72275E-02,7.44429E+01,7.44429E+01 
#t = 3.780E+02
7.44429E+01,7.44429E+01,7.44429E+01,7.44429E+01,7.44429E+01,7.44429E+01,7.44429E+01,7.44429E+01,7.44429E+01,7.44429E+01,7.44429E+01,7.44429E+01,7.44429E+01,7.44429E+01,7.44429E+01,7.44429E+01,7.44429E+01,7.44429E+01,7.44429E+01,7.44429E+01,7.44429E+01,7.44429E+01,7.44429E+01,7.44429E+01,7.44429E+01,7.44429E+01,7.44429E+01,9.79899E-01,7.44429E+01,7.44429E+01,4.99968E+00,7.44429E+01,7.44429E+01,7.44429E+01,7.44429E+01,7.44429E+01,4.11809E+00,3.39575E+00,7.44429E+01,7.44429E+01 
#t = 4.200E+02
7.44429E+01,7.44429E+01,7.44429E+01,7.44429E+01,7.44429E+01,7.44429E+01,7.44429E+01,7.44429E+01,7.44429E+01,7.44429E+01,7.44429E+01,7.44429E+01,7.44429E+01,7.44429E+01,7.44429E+01,7.44429E+01,7.44429E+01,1.39740E+01,7.44429E+01,7.44429E+01,7.44429E+01,7.44429E+01,7.44429E+01,7.44429E+01,7.44429E+01,7.44429E+01,7.44429E+01,7.44429E+01,7.44429E+01,7.44429E+01,7.44429E+01,7.44429E+01,7.44429E+01,7.44429E+01,5.90683E+00,7.44429E+01,7.44429E+01,7.44429E+01,7.44429E+01,7.44429E+01,7.44429E+01,1.29377E+00,3.34748E+00 
#t = 4.620E+02
7.44429E+01,7.44429E+01,7.44429E+01,7.44429E+01,7.44429E+01,7.44429E+01,7.44429E+01,7.44429E+01,7.44429E+01,7.44429E+01,7.44429E+01,7.44429E+01,7.44429E+01,7.44429E+01,7.44429E+01,7.44429E+01,7.44429E+01,7.44429E+01,7.44429E+01,7.44429E+01,7.44429E+01,7.44429E+01,4.82442E+00,7.44429E+01,7.44429E+01,7.44429E+01,7.44429E+01,7.44429E+01,7.44429E+01,7.44429E+01,7.44429E+01,7.44429E+01,7.44429E+01,7.44429E+01,7.44429E+01,7.44429E+01,7.44429E+01,7.44429E+01,7.44429E+01,7.44429E+01,7.44429E+01,7.44429E+01,7.44429E+01,7.44429E+01,2.18502E+01,7.44429E+01 
#t = 5.040E+02
7.44429E+01,7.44429E+01,7.44429E+01,7.44429E+01,7.44429E+01,7.44429E+01,7.44429E+01,2.42392E+01,7.44429E+01,2.04857E+01,7.44429E+01,7.44429E+01,7.44429E+01,7.44429E+01,7.44429E+01,7.44429E+01,7.44429E+01,7.44429E+01,7.44429E+01,7.44429E+01,7.44429E+01,7.44429E+01,7.44429E+01,1.25030E+01,7.44429E+01,7.44429E+01,7.44429E+01,7.44429E+01,7.44429E+01,7.44429E+01,7.44429E+01,7.44429E+01,7.44429E+01,7.50389E+00,7.44429E+01,7.44429E+01,7.44429E+01,7.44429E+01,7.44429E+01,1.88275E+00,3.78566E-01,7.44429E+01 
#t = 5.460E+02
7.44429E+01,7.44429E+01,7.44429E+01,2.42392E+01,7.44429E+01,7.44429E+01,7.44429E+01,7.44429E+01,7.44429E+01,7.44429E+01,7.44429E+01,2.42392E+01,7.44429E+01,7.44429E+01,7.44429E+01,7.44429E+01,1.01158E+01,7.44429E+01,7.44429E+01,7.44429E+01,7.44429E+01,7.44429E+01,7.44429E+01,7.44429E+01,7.44429E+01,7.44429E+01,7.44429E+01,2.42392E+01,7.44429E+01,7.44429E+01,7.44429E+01,7.44429E+01,4.83006E+00,1.01688E-01,7.44429E+01,5.68615E-01,1.08347E+00 
#t = 5.880E+02
7.44429E+01,7.44429E+01,7.44429E+01,7.44429E+01,7.44429E+01,7.44429E+01,7.44429E+01,7.44429E+01,7.44429E+01,7.44429E+01,2.42392E+01,7.44429E+01,7.44429E+01,2.42392E+01,7.44429E+01,7.44429E+01,7.44429E+01,7.44429E+01,2.42392E+01,7.44429E+01,7.44429E+01,2.42392E+01,7.44429E+01,7.44429E+01,7.44429E+01,7.44429E+01,7.44429E+01,7.44429E+01,7.44429E+01,2.42392E+01,7.44429E+01,7.44429E+01,7.44429E+01,7.44429E+01,7.44429E+01,7.44429E+01,7.44429E+01,2.42392E+01,2.42392E+01,3.95665E+00,7.44429E+01,1.44375E-02,7.44429E+01,7.44429E+01,7.44429E+01,7.44429E+01 
#t = 6.300E+02
7.44429E+01,7.44429E+01,7.44429E+01,7.44429E+01,7.44429E+01,7.44429E+01,7.44429E+01,2.42392E+01,1.46110E+01,7.44429E+01,7.44429E+01,7.59764E+00,1.40983E+01,7.44429E+01,7.44429E+01,7.44429E+01,7.44429E+01,7.44429E+01,7.44429E+01,7.44429E+01,7.44429E+01,7.44429E+01,7.44429E+01,7.44429E+01,7.44429E+01,7.44429E+01,2.35105E-01,7.44429E+01,7.44429E+01,7.44429E+01,7.44429E+01 
#t = 6.720E+02
7.44429E+01,7.44429E+01,7.44429E+01,7.44429E+01,7.44429E+01,7.44429E+01,7.44429E+01,1.75757E+01,7.44429E+01,7.44429E+01,7.44429E+01,7.44429E+01,7.44429E+01,7.44429E+01,7.44429E+01,7.44429E+01,7.44429E+01,7.44429E+01,7.44429E+01,7.44429E+01,7.44429E+01,7.44429E+01,7.44429E+01,7.44429E+01,7.44429E+01,1.81714E+00,7.44429E+01,7.44429E+01,7.44429E+01,7.44429E+01,7.44429E+01,7.44429E+01,7.44429E+01,7.44429E+01,7.44429E+01,7.44429E+01,7.44429E+01,7.44429E+01,7.44429E+01,7.44429E+01 
#t = 7.140E+02
7.44429E+01,7.44429E+01,7.44429E+01,7.44429E+01,7.44429E+01,7.44429E+01,7.44429E+01,7.44429E+01,7.44429E+01,7.44429E+01,7.44429E+01,7.44429E+01,7.44429E+01,2.28500E+01,7.44429E+01,7.44429E+01,7.44429E+01,7.44429E+01,7.44429E+01,7.44429E+01,7.44429E+01,7.44429E+01,7.44429E+01,7.44429E+01,7.44429E+01,7.44429E+01,7.44429E+01,7.44429E+01,2.28500E+01,7.44429E+01,7.44429E+01,7.44429E+01,7.44429E+01,7.44429E+01,7.44429E+01,7.44429E+01,7.44429E+01,7.44429E+01 
#t = 7.560E+02
7.44429E+01,7.44429E+01,7.44429E+01,7.44429E+01,7.44429E+01,7.44429E+01,7.44429E+01,7.44429E+01,7.44429E+01,7.44429E+01,7.44429E+01,7.44429E+01,7.44429E+01,7.44429E+01,7.44429E+01,7.44429E+01,7.44429E+01,7.44429E+01,7.44429E+01,7.44429E+01,7.44429E+01,7.44429E+01,7.44429E+01,7.44429E+01,7.44429E+01,7.44429E+01,7.44429E+01,7.44429E+01,7.44429E+01,7.44429E+01,7.44429E+01,7.44429E+01,7.44429E+01,3.41690E+00,7.44429E+01,7.44429E+01,7.44429E+01,7.44429E+01,7.44429E+01,7.44429E+01,5.08170E+00,7.44429E+01,2.16592E+01,7.44429E+01,7.44429E+01,7.44429E+01,7.44429E+01,2.16592E+01,7.44429E+01 
#t = 7.980E+02
7.44429E+01,7.44429E+01,7.44429E+01,7.44429E+01,7.44429E+01,7.44429E+01,7.44429E+01,7.44429E+01,7.44429E+01,1.48695E+01,7.44429E+01,7.44429E+01,1.10437E+01,7.44429E+01,7.44429E+01,7.44429E+01,7.44429E+01,7.44429E+01,7.44429E+01,7.44429E+01,7.44429E+01,7.44429E+01,6.96029E+00,7.44429E+01,7.44429E+01,7.44429E+01,7.44429E+01,7.44429E+01,7.44429E+01,7.44429E+01,7.44429E+01,7.44429E+01,5.10821E+01,4.81856E-01,7.44429E+01,7.44429E+01,4.88081E+00,7.44429E+01,2.09941E+00 
#t = 8.400E+02
1.48695E+01,7.44429E+01,7.44429E+01,7.44429E+01,6.86930E+00,1.10050E+02,1.48695E+01,7.44429E+01,5.10821E+01,7.44429E+01,7.44429E+01,7.44429E+01,7.44429E+01,1.48695E+01,7.44429E+01,7.44429E+01,1.48695E+01,7.44429E+01,7.44429E+01,1.48695E+01,7.44429E+01,7.44429E+01,7.44429E+01,1.20099E+01,7.44429E+01,7.44429E+01,1.48695E+01,7.44429E+01,1.48695E+01,7.44429E+01,7.44429E+01,7.44429E+01,7.44429E+01,3.36906E+00,7.44429E+01,7.44429E+01,7.44429E+01,7.44429E+01,7.44429E+01,7.44429E+01,1.29923E-01,7.44429E+01,1.48695E+01 
#t = 8.820E+02
7.44429E+01,7.44429E+01,7.44429E+01,9.29061E+00,7.44429E+01,1.48695E+01,7.44429E+01,7.44429E+01,7.44429E+01,7.44429E+01,7.44429E+01,7.44429E+01,7.44429E+01,1.48695E+01,7.44429E+01,1.48695E+01,7.44429E+01,7.44429E+01,7.44429E+01,1.48695E+01,7.44429E+01,7.44429E+01,7.44429E+01,7.44429E+01,7.44429E+01,6.04572E+00,7.44429E+01,7.44429E+01,7.44429E+01,7.44429E+01,7.44429E+01,1.48695E+01,7.44429E+01,7.44429E+01,7.44429E+01,7.44429E+01,7.44429E+01,7.44429E+01,7.44429E+01,7.29464E+00,7.44429E+01,1.10999E+00,7.44429E+01,3.74663E-01,2.45562E+01,2.45620E+00,4.63317E-01 
#t = 9.240E+02
7.44429E+01,7.44429E+01,7.44429E+01,7.44429E+01,7.44429E+01,7.44429E+01,7.44429E+01,7.44429E+01,7.44429E+01,7.44429E+01,7.44429E+01,7.44429E+01,7.44429E+01,7.44429E+01,7.44429E+01,7.44429E+01,7.44429E+01,7.44429E+01,7.44429E+01,7.44429E+01,7.44429E+01,3.17507E+00,7.44429E+01,7.44429E+01,1.48695E+01,7.44429E+01,7.44429E+01,2.89493E+01,7.44429E+01,1.48695E+01,7.44429E+01,7.44429E+01,7.44429E+01,7.44429E+01,7.44429E+01,2.89493E+01,7.44429E+01,3.02992E+00,7.44429E+01,7.44429E+01,7.44429E+01 
#t = 9.660E+02
2.89493E+01,7.44429E+01,7.44429E+01,7.44429E+01,7.44429E+01,7.44429E+01,7.44429E+01,6.00056E+00,7.44429E+01,1.08895E+01,1.20703E+01,7.44429E+01,7.44429E+01,7.44429E+01,7.44429E+01,7.44429E+01,7.44429E+01,7.44429E+01,7.44429E+01,7.44429E+01,7.44429E+01,7.44429E+01,2.89493E+01,7.44429E+01,7.44429E+01,7.44429E+01,7.44429E+01,7.44429E+01,7.44429E+01,7.44429E+01,7.44429E+01,7.44429E+01,7.44429E+01,2.89493E+01,7.44429E+01,4.36191E-01,3.85794E+00,7.44429E+01,7.44429E+01,7.44429E+01,7.44429E+01 
#t = 1.008E+03
7.44429E+01,7.44429E+01,2.89493E+01,7.44429E+01,7.44429E+01,7.44429E+01,7.44429E+01,7.44429E+01,7.44429E+01,7.44429E+01,7.44429E+01,7.44429E+01,2.89707E+01,7.44429E+01,7.44429E+01,7.44429E+01,7.44429E+01,7.44429E+01,7.44429E+01,7.44429E+01,2.89493E+01,7.44429E+01,7.44429E+01,7.44429E+01,7.44429E+01,7.44429E+01,7.44429E+01,7.44429E+01,7.44429E+01,7.44429E+01,7.44429E+01,7.44429E+01,1.12941E+01,7.44429E+01,7.44429E+01,7.44429E+01,7.44429E+01,2.89493E+01,2.89493E+01,7.44429E+01,7.44429E+01,7.44429E+01,7.44429E+01,7.44429E+01,2.89493E+01,1.03576E+01,9.95363E+00,7.44429E+01,2.12916E+00 
#t = 1.050E+03
7.44429E+01,7.44429E+01,7.44429E+01,2.61572E+01,2.89707E+01,7.44429E+01,7.44429E+01,7.44429E+01,7.44429E+01,2.89493E+01,7.44429E+01,2.89707E+01,7.44429E+01,7.44429E+01,7.44429E+01,7.44429E+01,7.44429E+01,7.44429E+01,7.44429E+01,7.44429E+01,2.89707E+01,2.89707E+01,2.89707E+01,2.89493E+01,2.89707E+01,7.44429E+01,2.89493E+01,7.44429E+01,7.44429E+01,7.44429E+01,2.89493E+01,7.44429E+01,2.89707E+01,2.89707E+01,2.89707E+01,2.89493E+01,2.89493E+01,2.61572E+01,7.44429E+01 
#t = 1.092E+03
7.44429E+01,7.44429E+01,2.89707E+01,7.44429E+01,7.44429E+01,2.89493E+01,7.44429E+01,2.89707E+01,7.44429E+01,1.71466E+01,7.44429E+01,7.44429E+01,7.44429E+01,7.44429E+01,7.44429E+01,2.89707E+01,7.44429E+01,7.44429E+01,7.44429E+01,2.89493E+01,7.44429E+01,7.44429E+01,2.89707E+01,7.44429E+01,1.66679E+01,2.89493E+01,7.44429E+01,2.89707E+01,7.44429E+01,7.44429E+01,7.44429E+01,1.53970E-01,7.44429E+01,2.89493E+01,2.89707E+01,7.44429E+01,2.89707E+01,7.44429E+01,1.20677E+01,1.66679E+01,2.89707E+01,7.44429E+01,2.78960E+00,7.44429E+01,7.44429E+01,1.66679E+01,7.44429E+01,7.44429E+01,7.44429E+01 
#t = 1.134E+03
7.44429E+01,2.89493E+01,1.20677E+01,1.66679E+01,7.44429E+01,7.44429E+01,2.89707E+01,7.44429E+01,1.66679E+01,7.44429E+01,7.44429E+01,1.20677E+01,7.44429E+01,1.66679E+01,1.66679E+01,7.44429E+01,7.44429E+01,7.44429E+01,3.00884E+01,2.89493E+01,2.89493E+01,7.44429E+01,1.20677E+01,1.20677E+01,1.20677E+01,2.89707E+01,2.89707E+01,1.20677E+01,7.44429E+01,1.15393E+01,7.44429E+01,7.44429E+01,1.20677E+01,7.44429E+01,1.15393E+01,1.20677E+01,1.09202E+01,8.15711E-01,7.44429E+01,7.44429E+01,7.44429E+01,1.20677E+01,7.44429E+01,7.44429E+01 
#t = 1.176E+03
1.20677E+01,7.44429E+01,7.44429E+01,1.66679E+01,7.44429E+01,1.20677E+01,2.89707E+01,7.44429E+01,7.44429E+01,7.44429E+01,7.44429E+01,7.44429E+01,2.89493E+01,2.89493E+01,7.44429E+01,2.89493E+01,1.20677E+01,2.89707E+01,2.89707E+01,1.10670E+01,2.89493E+01,1.66679E+01,2.89493E+01,2.89493E+01,7.44429E+01,1.66679E+01,2.89707E+01,1.10670E+01,7.44429E+01,1.66679E+01,7.44429E+01,2.89493E+01,1.66679E+01,7.44429E+01,7.44429E+01,2.20002E+01,4.20517E-01,2.89493E+01,1.20677E+01 
#t = 1.218E+03
2.89707E+01,7.44429E+01,1.66679E+01,7.44429E+01,1.12679E+01,7.44429E+01,7.44429E+01,1.20677E+01,7.44429E+01,1.00059E+01,7.44429E+01,7.44429E+01,7.44429E+01,2.89707E+01,1.66679E+01,1.20677E+01,2.89707E+01,7.44429E+01,7.44429E+01,7.44429E+01,7.44429E+01,7.44429E+01,7.44429E+01,1.66679E+01,2.89493E+01,7.44429E+01,2.89707E+01,7.44429E+01,7.44429E+01,1.20677E+01,7.44429E+01,2.89493E+01,8.41626E-01,1.66679E+01 
#t = 1.260E+03
1.20677E+01,7.44429E+01,7.44429E+01,1.66679E+01,1.66679E+01,7.44429E+01,1.66679E+01,7.44429E+01,1.20677E+01,7.44429E+01,7.44429E+01,7.44429E+01,7.44429E+01,7.44429E+01,7.44429E+01,1.20677E+01,1.20677E+01,7.44429E+01,7.44429E+01,1.20677E+01,1.66679E+01,1.66679E+01,1.20677E+01,1.66679E+01,2.84418E+00,7.44429E+01,1.66679E+01,7.44429E+01,7.44429E+01,7.44429E+01,4.91454E+00,7.44429E+01,7.44429E+01,7.44429E+01,7.44429E+01,7.44429E+01,7.44429E+01,1.66679E+01,7.44429E+01,7.56700E-02,7.44429E+01 
#t = 1.302E+03
1.66679E+01,7.44429E+01,1.20677E+01,7.44429E+01,7.44429E+01,1.66679E+01,1.66679E+01,7.44429E+01,1.66679E+01,7.44429E+01,7.44429E+01,7.44429E+01,1.20677E+01,7.44429E+01,1.66679E+01,1.66679E+01,7.44429E+01,1.66679E+01,1.66679E+01,7.44429E+01,1.20677E+01,1.66679E+01,1.66679E+01,7.44429E+01,7.44429E+01,1.66679E+01,1.20677E+01,7.44429E+01,1.66679E+01,7.44429E+01,7.44429E+01,4.72560E+00,7.44429E+01,2.03952E+00,7.44429E+01,3.39947E-01,7.44429E+01,1.66679E+01,7.44429E+01,7.44429E+01,1.66679E+01,1.20677E+01,2.60525E+00 
#t = 1.344E+03
1.66679E+01,7.44429E+01,7.44429E+01,7.44429E+01,1.66679E+01,7.44429E+01,7.44429E+01,1.66679E+01,1.66679E+01,1.20677E+01,7.44429E+01,1.20677E+01,7.44429E+01,7.44429E+01,7.44429E+01,7.44429E+01,1.66679E+01,7.44429E+01,7.44429E+01,7.44429E+01,7.44429E+01,7.44429E+01,7.44429E+01,1.20677E+01,2.03240E+01,1.66679E+01,7.44429E+01,7.44429E+01,7.44429E+01,7.44429E+01,7.44429E+01,1.20677E+01,2.84183E-01,7.44429E+01,1.66679E+01,1.20677E+01,7.44429E+01,1.66679E+01,7.44429E+01,1.66679E+01,7.44429E+01,7.44429E+01,7.44429E+01,1.66679E+01,7.44429E+01,7.44429E+01,1.66679E+01,7.44429E+01,1.20677E+01,1.66679E+01,7.44429E+01,5.11060E-02 
#t = 1.386E+03
7.44429E+01,1.20677E+01,7.44429E+01,7.44429E+01,7.44429E+01,7.44429E+01,1.66679E+01,7.44429E+01,1.66679E+01,7.44429E+01,7.44429E+01,1.45925E+01,7.44429E+01,7.44429E+01,7.44429E+01,7.44429E+01,7.44429E+01,7.44429E+01,7.44429E+01,7.44429E+01,1.45925E+01,7.44429E+01,7.44429E+01,7.44429E+01,7.44429E+01,7.44429E+01,7.44429E+01,1.45925E+01,1.45925E+01,7.44429E+01,7.44429E+01,2.56355E+00,1.66853E+00,7.44429E+01,7.44429E+01,1.45925E+01 
#t = 1.428E+03
7.44429E+01,7.44429E+01,7.44429E+01,7.44429E+01,1.14959E+01,7.44429E+01,7.44429E+01,7.44429E+01,7.44429E+01,7.44429E+01,7.44429E+01,7.44429E+01,7.44429E+01,7.44429E+01,7.44429E+01,7.44429E+01,7.44429E+01,7.44429E+01,1.22607E+00,7.44429E+01,7.44429E+01,7.44429E+01,7.44429E+01,7.44429E+01,7.44429E+01,7.44429E+01,7.44429E+01,7.44429E+01,7.44429E+01,7.44429E+01,7.44429E+01,7.44429E+01,7.44429E+01,7.44429E+01 
#t = 1.470E+03
7.44429E+01,7.44429E+01,7.44429E+01,7.44429E+01,7.44429E+01,7.44429E+01,7.44429E+01,7.44429E+01,7.44429E+01,7.44429E+01,7.44429E+01,7.44429E+01,3.00091E+01,8.75064E+00,7.44429E+01,7.44429E+01,7.44429E+01,7.44429E+01,7.44429E+01,7.44429E+01,7.44429E+01,7.44429E+01,7.44429E+01,7.44429E+01,7.44429E+01,7.44429E+01,9.04725E+00,7.44429E+01,7.44429E+01,7.44429E+01,3.00091E+01,7.44429E+01,7.44429E+01,7.44429E+01,7.44429E+01,3.00091E+01,1.20548E-02,7.44429E+01,7.44429E+01,7.44429E+01,5.16261E+00,7.44429E+01 
#t = 1.512E+03
7.44429E+01,7.44429E+01,7.44429E+01,7.44429E+01,7.44429E+01,7.44429E+01,7.44429E+01,7.44429E+01,7.44429E+01,7.44429E+01,7.44429E+01,7.44429E+01,7.44429E+01,7.44429E+01,7.44429E+01,7.44429E+01,7.44429E+01,7.44429E+01,7.44429E+01,7.44429E+01,7.44429E+01,7.44429E+01,7.44429E+01,7.44429E+01,7.44429E+01,7.44429E+01,7.44429E+01,7.44429E+01,7.44429E+01,7.44429E+01,7.44429E+01,7.44429E+01,7.44429E+01,7.44429E+01,7.44429E+01,7.44429E+01,2.13654E-01,7.44429E+01,7.44429E+01 
#t = 1.554E+03
7.44429E+01,7.44429E+01,7.44429E+01,7.44429E+01,7.44429E+01,7.44429E+01,7.44429E+01,7.44429E+01,7.44429E+01,7.44429E+01,7.44429E+01,7.44429E+01,7.44429E+01,7.44429E+01,7.44429E+01,7.44429E+01,7.44429E+01,7.44429E+01,7.44429E+01,7.44429E+01,7.44429E+01,1.09222E+01,7.44429E+01,7.44429E+01,7.44429E+01,7.44429E+01,7.44429E+01,7.44429E+01,7.44429E+01,7.44429E+01,7.44429E+01,1.38285E+01,7.44429E+01,7.44429E+01,7.44429E+01,7.44429E+01,7.44429E+01,7.44429E+01,7.44429E+01,8.66807E+00,7.44429E+01,7.44429E+01,7.44429E+01,7.44429E+01,7.44429E+01 
#t = 1.596E+03
7.44429E+01,1.38285E+01,7.44429E+01,7.44429E+01,7.44429E+01,7.44429E+01,7.44429E+01,7.44429E+01,7.44429E+01,7.44429E+01,7.44429E+01,1.20984E+01,7.44429E+01,8.30522E+00,7.44429E+01,7.44429E+01,7.44429E+01,7.44429E+01,7.44429E+01,7.44429E+01,7.44429E+01,7.44429E+01,7.44429E+01,7.44429E+01,7.44429E+01,1.82020E+01,7.44429E+01,7.44429E+01,7.44429E+01,7.44429E+01,7.44429E+01,7.44429E+01,7.44429E+01,7.44429E+01,7.44429E+01,4.58692E+00 
#t = 1.638E+03
7.44429E+01,7.44429E+01,7.44429E+01,7.44429E+01,7.44429E+01,7.44429E+01,7.44429E+01,7.44429E+01,7.44429E+01,7.44429E+01,7.44429E+01,7.44429E+01,7.44429E+01,7.44429E+01,7.44429E+01,7.44429E+01,7.44429E+01,7.44429E+01,7.44429E+01,7.44429E+01,7.44429E+01,8.66748E+00,7.44429E+01,7.44429E+01,1.35774E-01,7.44429E+01,1.38285E+01,6.75361E-01,7.44429E+01,1.06445E+00,7.44429E+01,7.44429E+01,7.44429E+01,7.35625E-01,7.44429E+01,5.81023E-02,7.44429E+01 
#t = 1.680E+03
7.44429E+01,7.44429E+01,7.44429E+01,1.38285E+01,1.38285E+01,7.44429E+01,7.44429E+01,7.44429E+01,7.44429E+01,2.02985E+01,7.44429E+01,7.44429E+01,7.44429E+01,7.44429E+01,7.44429E+01,7.44429E+01,7.44429E+01,7.44429E+01,7.44429E+01,7.44429E+01,7.44429E+01,7.44429E+01,7.15963E+00,1.38285E+01,7.44429E+01,7.44429E+01,7.44429E+01,7.44429E+01,7.44429E+01,7.44429E+01,7.44429E+01,7.44429E+01,7.44429E+01,7.44429E+01,5.01076E+00,1.38285E+01,7.44429E+01 
#t = 1.722E+03
7.44429E+01,7.44429E+01,7.44429E+01,7.44429E+01,7.44429E+01,7.44429E+01,7.44429E+01,7.44429E+01,7.44429E+01,7.44429E+01,7.44429E+01,1.49411E+01,7.44429E+01,7.44429E+01,7.44429E+01,1.38285E+01,7.44429E+01,7.44429E+01,7.44429E+01,7.44429E+01,7.44429E+01,7.44429E+01,7.44429E+01,7.44429E+01,7.44429E+01,7.44429E+01,7.44429E+01,7.44429E+01,7.44429E+01,7.44429E+01,7.44429E+01,7.44429E+01,7.44429E+01 
#t = 1.764E+03
7.44429E+01,7.44429E+01,7.44429E+01,7.44429E+01,7.44429E+01,7.44429E+01,7.44429E+01,7.44429E+01,7.44429E+01,7.44429E+01,7.44429E+01,7.44429E+01,7.44429E+01,7.44429E+01,3.67687E+01,7.44429E+01,7.44429E+01,7.44429E+01,7.44429E+01,7.44429E+01,7.44429E+01,7.44429E+01,7.44429E+01,7.44429E+01,7.44429E+01,7.44429E+01,7.44429E+01,7.44429E+01,8.06801E-01,7.44429E+01,7.44429E+01,7.44429E+01,7.44429E+01,7.44429E+01,7.44429E+01,7.44429E+01,7.44429E+01,7.44429E+01,7.44429E+01,1.11731E+00,2.38142E-01,7.44429E+01,7.44429E+01,7.44429E+01 
#t = 1.806E+03
7.44429E+01,7.44429E+01,7.44429E+01,7.44429E+01,7.44429E+01,7.44429E+01,7.44429E+01,7.44429E+01,7.44429E+01,7.44429E+01,7.44429E+01,7.44429E+01,7.44429E+01,7.44429E+01,7.44429E+01,7.44429E+01,7.44429E+01,7.44429E+01,7.44429E+01,7.44429E+01,7.44429E+01,7.44429E+01,7.44429E+01,7.44429E+01,7.44429E+01,7.44429E+01,7.44429E+01,7.44429E+01,7.44429E+01,7.44429E+01,7.44429E+01,7.44429E+01,7.44429E+01,7.44429E+01,7.44429E+01,7.44429E+01,7.44429E+01,7.44429E+01,7.44429E+01,1.64385E+00,7.44429E+01,7.44429E+01,7.44429E+01,4.74858E+00,8.06143E-01 
#t = 1.848E+03
7.44429E+01,7.44429E+01,7.44429E+01,7.44429E+01,7.44429E+01,7.44429E+01,7.44429E+01,7.44429E+01,7.44429E+01,7.44429E+01,7.44429E+01,7.44429E+01,7.44429E+01,7.44429E+01,7.44429E+01,7.44429E+01,7.44429E+01,7.44429E+01,1.19660E+01,7.44429E+01,7.44429E+01,7.44429E+01,7.44429E+01,7.44429E+01,7.44429E+01,1.19660E+01,7.44429E+01,3.45125E+01,7.44429E+01,7.44429E+01,3.45125E+01,1.19660E+01,7.44429E+01,7.44429E+01,7.44429E+01,7.44429E+01,7.44429E+01,7.44429E+01,7.44429E+01,7.44429E+01,3.45125E+01,7.44429E+01,2.86819E-01,7.44429E+01,3.45125E+01,7.44429E+01 
#t = 1.890E+03
7.44429E+01,7.44429E+01,7.44429E+01,7.44429E+01,3.45125E+01,7.44429E+01,7.44429E+01,7.44429E+01,7.44429E+01,1.19660E+01,7.44429E+01,7.44429E+01,8.43380E+00,3.45125E+01,7.44429E+01,7.44429E+01,7.44429E+01,7.44429E+01,7.44429E+01,7.44429E+01,3.45125E+01,7.44429E+01,1.19660E+01,3.45125E+01,7.44429E+01,7.44429E+01,3.45125E+01,7.44429E+01,7.44429E+01,7.44429E+01,3.45125E+01,7.44429E+01,7.44429E+01,7.44429E+01,3.45125E+01,7.44429E+01,7.44429E+01,1.19660E+01,7.44429E+01,7.44429E+01,7.44429E+01,7.44429E+01,7.44429E+01,7.44429E+01,3.45125E+01,7.44429E+01 
#t = 1.932E+03
7.44429E+01,7.44429E+01,7.44429E+01,7.44429E+01,7.44429E+01,1.19660E+01,7.44429E+01,7.44429E+01,7.44429E+01,7.44429E+01,7.44429E+01,1.19660E+01,7.44429E+01,7.44429E+01,7.44429E+01,7.44429E+01,7.44429E+01,7.44429E+01,2.84391E+01,7.44429E+01,7.44429E+01,7.44429E+01,7.44429E+01,7.44429E+01,7.44429E+01,7.44429E+01,1.20612E+01,7.44429E+01,1.19660E+01,7.44429E+01,7.44429E+01,7.44429E+01,7.44429E+01,7.44429E+01,7.44429E+01,7.44429E+01,7.44429E+01,7.44429E+01,7.44429E+01,7.44429E+01,2.84391E+01,7.44429E+01,7.44429E+01,7.44429E+01,7.44429E+01,7.44429E+01,7.44429E+01 
#t = 1.974E+03
2.84391E+01,7.44429E+01,7.44429E+01,7.44429E+01,7.44429E+01,7.44429E+01,1.19660E+01,7.44429E+01,2.84391E+01,7.44429E+01,1.19660E+01,7.44429E+01,7.44429E+01,7.44429E+01,7.44429E+01,7.44429E+01,7.44429E+01,7.44429E+01,7.44429E+01,7.44429E+01,7.44429E+01,7.44429E+01,7.44429E+01,7.44429E+01,7.44429E+01,7.44429E+01,7.18120E+00,7.44429E+01,7.44429E+01,7.44429E+01,2.84391E+01,7.44429E+01,6.73416E-01,7.44429E+01,2.84391E+01,7.44429E+01,2.47205E-01,7.44429E+01,7.44429E+01,7.44429E+01 
#t = 2.016E+03
7.44429E+01,7.44429E+01,7.44429E+01,7.44429E+01,7.44429E+01,8.92908E+00,2.84391E+01,1.19660E+01,7.44429E+01,7.44429E+01,7.44429E+01,7.44429E+01,7.44429E+01,7.44429E+01,7.44429E+01,7.44429E+01,7.44429E+01,7.44429E+01,7.44429E+01,7.44429E+01,7.44429E+01,7.44429E+01,7.44429E+01,7.44429E+01,7.44429E+01,1.19660E+01,7.44429E+01,7.44429E+01,7.44429E+01,7.44429E+01,7.44429E+01,7.44429E+01,7.44429E+01 
#t = 2.058E+03
7.44429E+01,2.84391E+01,7.44429E+01,7.44429E+01,7.44429E+01,7.44429E+01,7.44429E+01,7.44429E+01,7.44429E+01,1.33794E+01,7.44429E+01,1.19660E+01,7.44429E+01,7.44429E+01,7.44429E+01,7.44429E+01,7.44429E+01,7.44429E+01,7.44429E+01,7.44429E+01,7.44429E+01,7.44429E+01,6.47293E+01,7.44429E+01,7.44429E+01,2.84391E+01,2.84391E+01,7.44429E+01,2.84391E+01,7.44429E+01,7.44429E+01,1.05812E+00,7.44429E+01,7.44429E+01,7.44429E+01,7.44429E+01,2.84391E+01,7.44429E+01,7.44429E+01,7.44429E+01,7.44429E+01,1.80996E+00 
#t = 2.100E+03
7.44429E+01,7.44429E+01,7.44429E+01,7.44429E+01,7.44429E+01,7.44429E+01,7.44429E+01,7.44429E+01,7.44429E+01,7.44429E+01,7.44429E+01,7.44429E+01,7.44429E+01,7.44429E+01,7.44429E+01,7.44429E+01,7.44429E+01,7.44429E+01,7.44429E+01,7.44429E+01,7.44429E+01,7.44429E+01,7.44429E+01,7.44429E+01,7.44429E+01,7.44429E+01,7.44429E+01,7.44429E+01,7.44429E+01,4.69825E-01,7.44429E+01,2.58803E+00,7.44429E+01,7.44429E+01,5.79425E-01,7.44429E+01 
#t = 2.142E+03
7.44429E+01,7.44429E+01,7.44429E+01,7.44429E+01,7.44429E+01,7.44429E+01,7.44429E+01,7.44429E+01,7.44429E+01,7.44429E+01,7.44429E+01,7.44429E+01,7.44429E+01,3.83881E+01,7.44429E+01,7.64250E+00,7.44429E+01,7.44429E+01,7.44429E+01,7.44429E+01,7.44429E+01,7.44429E+01,7.85192E+00,7.44429E+01,7.44429E+01,7.42990E+00,7.44429E+01,7.44429E+01,3.83881E+01,7.44429E+01,7.44429E+01,7.44429E+01,7.44429E+01,7.44429E+01,7.44429E+01,6.54365E+00,7.44429E+01,7.44429E+01,7.44429E+01,7.44429E+01,7.44429E+01,7.44429E+01,7.31206E-01,7.44429E+01,7.44429E+01,3.83881E+01 
#t = 2.184E+03
7.44429E+01,7.44429E+01,7.44429E+01,7.44429E+01,7.44429E+01,7.44429E+01,7.44429E+01,7.44429E+01,7.44429E+01,7.44429E+01,7.44429E+01,7.44429E+01,7.44429E+01,3.83881E+01,7.44429E+01,7.44429E+01,7.44429E+01,7.44429E+01,7.44429E+01,7.44429E+01,7.44429E+01,7.44429E+01,7.44429E+01,7.44429E+01,2.05981E-01,7.79222E+00,7.44429E+01,7.44429E+01,1.99539E+01,7.44429E+01,7.44429E+01,7.44429E+01,7.44429E+01,3.49881E+00,7.44429E+01,5.31012E-01,1.07722E+00 
#t = 2.226E+03
7.44429E+01,7.44429E+01,7.44429E+01,7.44429E+01,7.44429E+01,7.44429E+01,7.44429E+01,7.44429E+01,1.32137E+01,7.44429E+01,7.44429E+01,7.44429E+01,7.44429E+01,7.44429E+01,7.44429E+01,7.44429E+01,7.44429E+01,7.44429E+01,7.44429E+01,7.44429E+01,7.44429E+01,7.44429E+01,7.44429E+01,7.44429E+01,7.44429E+01,7.44429E+01,7.44429E+01,1.05313E+01,7.44429E+01,7.44429E+01,7.44429E+01,7.44429E+01,7.44429E+01,7.44429E+01,7.44429E+01,7.44429E+01,7.44429E+01,7.44429E+01,7.44429E+01,7.44429E+01,7.44429E+01,7.44429E+01,8.09471E+00,7.44429E+01,3.27869E+01,7.44429E+01 
#t = 2.268E+03
7.44429E+01,7.44429E+01,1.05313E+01,7.44429E+01,7.44429E+01,7.44429E+01,7.44429E+01,7.44429E+01,7.44429E+01,7.44429E+01,7.44429E+01,7.44429E+01,7.44429E+01,7.44429E+01,7.44429E+01,7.44429E+01,7.44429E+01,7.44429E+01,7.44429E+01,7.44429E+01,7.44429E+01,7.44429E+01,7.44429E+01,7.44429E+01,7.44429E+01,7.44429E+01,7.44429E+01,7.44429E+01,4.84348E-01,7.44429E+01,7.44429E+01,7.44429E+01,7.44429E+01,7.44429E+01,7.44429E+01,8.65849E+00,7.44429E+01,7.44429E+01,7.44429E+01 
#t = 2.310E+03
7.44429E+01,7.44429E+01,7.44429E+01,7.44429E+01,7.44429E+01,7.44429E+01,7.44429E+01,7.44429E+01,7.44429E+01,7.44429E+01,7.44429E+01,7.44429E+01,7.44429E+01,7.44429E+01,8.51728E+00,7.44429E+01,7.44429E+01,7.44429E+01,7.44429E+01,7.44429E+01,3.70971E+01,7.44429E+01,7.44429E+01,7.44429E+01,7.44429E+01,7.44429E+01,7.44429E+01,7.44429E+01,7.44429E+01,7.44429E+01,7.44429E+01,7.44429E+01,1.89062E-01,7.44429E+01,7.44429E+01,7.44429E+01 
#t = 2.352E+03
7.44429E+01,7.44429E+01,7.44429E+01,7.44429E+01,7.44429E+01,7.44429E+01,7.44429E+01,7.44429E+01,7.44429E+01,7.44429E+01,7.44429E+01,7.44429E+01,7.44429E+01,7.44429E+01,7.44429E+01,7.44429E+01,7.44429E+01,7.44429E+01,7.44429E+01,7.44429E+01,7.44429E+01,8.69989E+00,7.44429E+01,7.44429E+01,7.44429E+01,7.44429E+01,7.44429E+01,7.44429E+01,7.44429E+01,7.44429E+01,7.44429E+01,7.44429E+01,7.44429E+01,7.44429E+01,7.44429E+01,7.44429E+01,7.44429E+01,7.44429E+01,7.44429E+01,7.44429E+01,7.44429E+01,7.44429E+01,7.55378E-02,1.70936E-01,7.44429E+01,7.44429E+01,1.42904E-01,7.44429E+01,7.44429E+01 
#t = 2.394E+03
7.44429E+01,7.44429E+01,7.44429E+01,7.44429E+01,7.44429E+01,7.44429E+01,7.44429E+01,7.44429E+01,7.44429E+01,7.44429E+01,7.44429E+01,7.44429E+01,7.44429E+01,7.44429E+01,7.44429E+01,7.44429E+01,7.44429E+01,7.44429E+01,7.44429E+01,7.44429E+01,7.44429E+01,7.44429E+01,7.44429E+01,7.44429E+01,7.44429E+01,7.44429E+01,7.44429E+01,1.45963E+01,1.45963E+01,7.44429E+01,7.44429E+01,7.44429E+01,7.44429E+01,7.44429E+01,7.44429E+01,7.44429E+01,7.44429E+01,7.44429E+01,7.44429E+01,7.44429E+01,4.21712E-01,7.44429E+01,7.44429E+01,7.44429E+01,3.07129E+00,2.26417E-01 
#t = 2.436E+03
7.44429E+01,7.44429E+01,7.44429E+01,7.44429E+01,7.44429E+01,7.44429E+01,7.44429E+01,7.44429E+01,7.44429E+01,7.44429E+01,7.44429E+01,7.44429E+01,7.44429E+01,7.44429E+01,7.44429E+01,7.44429E+01,7.44429E+01,7.44429E+01,1.45963E+01,7.44429E+01,1.45963E+01,7.44429E+01,7.44429E+01,7.44429E+01,7.44429E+01,7.44429E+01,7.44429E+01,2.64297E+01,7.44429E+01,7.44429E+01,7.44429E+01,1.69021E+01,7.44429E+01,7.44429E+01,7.47780E+00,7.44429E+01,7.44429E+01,7.44429E+01,1.45963E+01,7.44429E+01,7.44429E+01,7.44429E+01 
#t = 2.478E+03
7.44429E+01,1.45963E+01,7.44429E+01,7.44429E+01,7.44429E+01,7.44429E+01,7.44429E+01,7.44429E+01,7.44429E+01,7.44429E+01,7.44429E+01,7.44429E+01,7.44429E+01,7.44429E+01,7.44429E+01,7.44429E+01,7.44429E+01,7.44429E+01,7.44429E+01,7.44429E+01,7.44429E+01,7.44429E+01,7.44429E+01,7.44429E+01,7.44429E+01,7.44429E+01,7.44429E+01,7.44429E+01,7.44429E+01,7.44429E+01,7.44429E+01,7.44429E+01,7.87431E+00,7.44429E+01,7.44429E+01,7.44429E+01,7.44429E+01,7.44429E+01,1.94755E-01 
#t = 2.520E+03
7.44429E+01,7.44429E+01,7.44429E+01,7.44429E+01,7.44429E+01,7.44429E+01,7.44429E+01,7.44429E+01,7.44429E+01,7.44429E+01,7.44429E+01,7.44429E+01,7.44429E+01,1.40452E+01,7.91803E+00,7.44429E+01,7.44429E+01,7.44429E+01,7.44429E+01,7.44429E+01,8.54404E+00,7.44429E+01,7.44429E+01,7.44429E+01,1.40452E+01,7.44429E+01,7.44429E+01,7.44429E+01,7.44429E+01,9.14776E-01,7.44429E+01,7.44429E+01,7.44429E+01,7.44429E+01,7.44429E+01,7.44429E+01 
#t = 2.562E+03
7.44429E+01,7.44429E+01,7.44429E+01,7.44429E+01,7.44429E+01,7.44429E+01,7.44429E+01,7.44429E+01,7.44429E+01,7.44429E+01,7.44429E+01,7.44429E+01,1.80393E+01,7.44429E+01,7.44429E+01,7.44429E+01,7.44429E+01,7.44429E+01,7.44429E+01,7.44429E+01,7.44429E+01,7.44429E+01,7.44429E+01,7.44429E+01,7.44429E+01,7.44429E+01,7.44429E+01,7.44429E+01,7.44429E+01,7.44429E+01,1.45768E+00,7.44429E+01,1.86795E+00,6.44732E+00,7.44429E+01,1.43980E+01,7.44429E+01,7.44429E+01,5.22598E-01,7.44429E+01,7.44429E+01 
#t = 2.604E+03
7.44429E+01,7.44429E+01,7.44429E+01,7.44429E+01,7.44429E+01,7.44429E+01,7.44429E+01,7.44429E+01,7.44429E+01,7.44429E+01,7.44429E+01,7.44429E+01,7.44429E+01,7.44429E+01,7.44429E+01,7.44429E+01,7.44429E+01,7.44429E+01,7.44429E+01,7.44429E+01,7.44429E+01,7.44429E+01,7.44429E+01,7.44429E+01,1.43980E+01,7.44429E+01,7.44429E+01,7.44429E+01,7.44429E+01,7.44429E+01,7.44429E+01,7.44429E+01,7.44429E+01,7.44429E+01,7.44429E+01,1.43980E+01,7.44429E+01,7.44429E+01,7.44429E+01,7.44429E+01,7.44429E+01,7.44429E+01 
#t = 2.646E+03
7.44429E+01,7.44429E+01,7.44429E+01,7.44429E+01,7.44429E+01,7.44429E+01,7.44429E+01,7.44429E+01,7.44429E+01,1.29898E+01,7.44429E+01,1.29898E+01,7.44429E+01,7.44429E+01,7.44429E+01,7.44429E+01,7.44429E+01,1.07128E+01,1.29898E+01,7.44429E+01,7.44429E+01,7.44429E+01,1.29898E+01,7.44429E+01,7.44429E+01,7.44429E+01,7.44429E+01,7.44429E+01,1.64097E+01,7.44429E+01,7.44429E+01,7.44429E+01,1.64097E+01,7.44429E+01,7.44429E+01,7.44429E+01,7.44429E+01,1.67733E+00,7.44429E+01,7.44429E+01,7.44429E+01 
#t = 2.688E+03
7.44429E+01,7.44429E+01,7.44429E+01,7.44429E+01,7.44429E+01,7.44429E+01,1.07128E+01,7.44429E+01,7.44429E+01,7.44429E+01,7.44429E+01,7.44429E+01,7.44429E+01,7.44429E+01,7.44429E+01,7.44429E+01,7.44429E+01,7.44429E+01,7.44429E+01,7.44429E+01,7.44429E+01,7.44429E+01,7.44429E+01,7.44429E+01,7.44429E+01,7.44429E+01,7.44429E+01,7.44429E+01,7.44429E+01,1.33632E+01,7.44429E+01,2.51291E-01,7.44429E+01,1.95409E-01 
#t = 2.730E+03
7.44429E+01,7.44429E+01,7.44429E+01,7.44429E+01,7.44429E+01,7.44429E+01,7.44429E+01,7.44429E+01,7.44429E+01,7.44429E+01,7.44429E+01,7.44429E+01,7.44429E+01,7.44429E+01,7.44429E+01,3.32337E+01,3.32337E+01,7.44429E+01,7.44429E+01,7.44429E+01,7.44429E+01,3.32337E+01,7.44429E+01,7.44429E+01,7.44429E+01,3.32337E+01,7.44429E+01,7.44429E+01,7.44429E+01,7.44429E+01,7.44429E+01,7.44429E+01,3.32337E+01,6.11140E+00,7.44429E+01,1.23247E+01,7.44429E+01,3.32337E+01,7.44429E+01,7.44429E+01 
#t = 2.772E+03
7.44429E+01,7.44429E+01,3.32337E+01,7.44429E+01,7.44429E+01,7.44429E+01,7.44429E+01,7.44429E+01,7.44429E+01,7.44429E+01,6.73111E+00,7.44429E+01,7.44429E+01,7.44429E+01,7.44429E+01,7.44429E+01,7.44429E+01,8.24152E-01,7.44429E+01,7.44429E+01,3.32337E+01,3.32337E+01,7.44429E+01,3.32337E+01,3.32337E+01,7.44429E+01,7.44429E+01,3.73103E-01,7.44429E+01,7.44429E+01,3.32337E+01,5.78005E-01,7.44429E+01,7.44429E+01 
#t = 2.814E+03
7.44429E+01,3.32337E+01,7.44429E+01,7.44429E+01,3.32337E+01,7.44429E+01,7.44429E+01,7.44429E+01,7.44429E+01,7.44429E+01,7.44429E+01,7.44429E+01,7.44429E+01,7.44429E+01,7.44429E+01,7.44429E+01,7.44429E+01,7.44429E+01,1.20219E+01,7.44429E+01,3.32337E+01,7.44429E+01,7.44429E+01,7.44429E+01,7.44429E+01,7.44429E+01,7.44429E+01,7.44429E+01,7.44429E+01,7.44429E+01,7.44429E+01,7.44429E+01,3.32337E+01,7.44429E+01,7.44429E+01,7.44429E+01,7.44429E+01,7.44429E+01,4.99141E+01,7.44429E+01,4.08681E+00,1.03585E+01,8.43962E+00,7.44429E+01,7.44429E+01,7.44429E+01,7.44429E+01 
#t = 2.856E+03
7.44429E+01,3.32337E+01,7.44429E+01,7.44429E+01,7.44429E+01,7.44429E+01,7.44429E+01,7.44429E+01,7.44429E+01,7.44429E+01,7.44429E+01,7.44429E+01,7.44429E+01,7.44429E+01,7.44429E+01,7.44429E+01,7.44429E+01,9.76090E+00,7.44429E+01,7.44429E+01,7.44429E+01,7.44429E+01,7.44429E+01,7.44429E+01,7.44429E+01,7.44429E+01,7.44429E+01,7.44429E+01,7.44429E+01,7.44429E+01,3.54077E-02,1.23193E+01,2.77377E-01,7.44429E+01,7.44429E+01,7.44429E+01,1.75059E+00 
#t = 2.898E+03
7.44429E+01,7.44429E+01,1.11666E+01,7.44429E+01,7.44429E+01,7.44429E+01,7.44429E+01,7.44429E+01,7.44429E+01,7.44429E+01,7.44429E+01,7.44429E+01,7.44429E+01,7.44429E+01,7.44429E+01,7.44429E+01,7.44429E+01,7.44429E+01,7.44429E+01,7.44429E+01,7.44429E+01,7.44429E+01,7.44429E+01,7.44429E+01,7.44429E+01,7.44429E+01,7.44429E+01,7.44429E+01,7.44429E+01,7.44429E+01,1.11666E+01,7.44429E+01,7.44429E+01,7.44429E+01,7.44429E+01,7.44429E+01,7.44429E+01,7.44429E+01,7.44429E+01,7.44429E+01,7.44429E+01,7.44429E+01,1.48337E+00,7.44429E+01 
#t = 2.940E+03
7.44429E+01,7.44429E+01,7.44429E+01,7.44429E+01,7.44429E+01,7.44429E+01,7.44429E+01,7.44429E+01,7.44429E+01,7.44429E+01,7.44429E+01,7.44429E+01,7.44429E+01,7.44429E+01,7.44429E+01,7.44429E+01,7.44429E+01,7.44429E+01,7.44429E+01,7.44429E+01,7.44429E+01,7.44429E+01,7.44429E+01,7.44429E+01,7.44429E+01,7.44429E+01,1.02639E+01,7.44429E+01,7.44429E+01,7.44429E+01,7.44429E+01,7.44429E+01,7.44429E+01,3.01185E+00,3.92291E+00,7.44429E+01,7.44429E+01,7.44429E+01,7.44429E+01,7.44429E+01,7.44429E+01,7.44429E+01,7.44429E+01,7.44429E+01 
#t = 2.982E+03
7.44429E+01,7.44429E+01,7.44429E+01,7.44429E+01,7.44429E+01,7.44429E+01,7.44429E+01,7.44429E+01,7.44429E+01,7.44429E+01,7.44429E+01,5.72780E+00,7.44429E+01,7.44429E+01,7.44429E+01,7.44429E+01,7.44429E+01,7.44429E+01,7.44429E+01,7.44429E+01,7.44429E+01,7.44429E+01,7.44429E+01,7.44429E+01,7.44429E+01,7.44429E+01,7.44429E+01,7.44429E+01,7.44429E+01,7.44429E+01,7.44429E+01,7.44429E+01,7.44429E+01,7.44429E+01,9.84363E-01,7.44429E+01,7.44429E+01,7.44429E+01,7.44429E+01,9.75949E+00,7.44429E+01,7.44429E+01,7.44429E+01,7.44429E+01,7.44429E+01,7.44429E+01 
#t = 3.024E+03
7.44429E+01,7.44429E+01,7.44429E+01,7.44429E+01,7.44429E+01,7.44429E+01,7.44429E+01,7.44429E+01,7.44429E+01,7.44429E+01,7.44429E+01,7.44429E+01,7.44429E+01,7.44429E+01,7.44429E+01,7.44429E+01,7.44429E+01,7.44429E+01,7.44429E+01,7.44429E+01,7.44429E+01,7.44429E+01,7.44429E+01,7.44429E+01,7.44429E+01,7.44429E+01,7.44429E+01,7.44429E+01,7.44429E+01,7.44429E+01,7.44429E+01,7.44429E+01,7.44429E+01,7.44429E+01,7.44429E+01,7.44429E+01,1.07517E+01,7.44429E+01 
#t = 3.066E+03
7.44429E+01,7.44429E+01,7.44429E+01,7.44429E+01,7.44429E+01,7.44429E+01,7.44429E+01,7.44429E+01,7.44429E+01,7.55757E+00,7.44429E+01,7.44429E+01,7.44429E+01,7.44429E+01,7.44429E+01,7.44429E+01,7.44429E+01,7.44429E+01,7.44429E+01,7.44429E+01,7.44429E+01,7.44429E+01,7.44429E+01,7.44429E+01,6.07698E+01,7.44429E+01,7.44429E+01,7.44429E+01,7.44429E+01,7.44429E+01,7.44429E+01,7.44429E+01,7.44429E+01,7.44429E+01,7.44429E+01,7.44429E+01,6.44861E-01,5.95882E+00,7.44429E+01,7.44429E+01,7.44429E+01,4.52078E+00 
#t = 3.108E+03
7.44429E+01,7.44429E+01,7.44429E+01,7.44429E+01,7.44429E+01,7.44429E+01,7.44429E+01,7.44429E+01,7.44429E+01,7.44429E+01,7.44429E+01,7.44429E+01,7.44429E+01,7.44429E+01,7.44429E+01,7.44429E+01,7.44429E+01,7.44429E+01,7.44429E+01,7.44429E+01,7.44429E+01,7.44429E+01,7.44429E+01,7.44429E+01,7.44429E+01,7.44429E+01,7.44429E+01,7.44429E+01,7.44429E+01,1.36750E+00,7.44429E+01,7.44429E+01,7.44429E+01,7.44429E+01,7.44429E+01,7.44429E+01,7.44429E+01,7.44429E+01,7.44429E+01,7.44429E+01,7.44429E+01,7.44429E+01 
#t = 3.150E+03
7.44429E+01,7.44429E+01,7.44429E+01,7.44429E+01,7.44429E+01,7.44429E+01,7.44429E+01,7.44429E+01,7.44429E+01,7.44429E+01,1.40648E+01,1.40648E+01,7.44429E+01,7.44429E+01,7.44429E+01,1.40648E+01,7.44429E+01,7.44429E+01,7.44429E+01,7.44429E+01,7.44429E+01,7.44429E+01,1.40648E+01,7.44429E+01,7.44429E+01,7.44429E+01,7.44429E+01,7.44429E+01,7.44429E+01,7.44429E+01,7.44429E+01,7.44429E+01,7.44429E+01,4.34811E+00,7.44429E+01,7.44429E+01,3.36986E+00,3.19982E+00,7.44429E+01,7.44429E+01,7.44429E+01,1.06263E-01,7.44429E+01,1.40648E+01,4.81460E+00,6.58265E+00,4.72392E-02 
#t = 3.192E+03
7.44429E+01,7.44429E+01,7.44429E+01,7.44429E+01,7.44429E+01,7.44429E+01,7.44429E+01,7.44429E+01,7.44429E+01,7.44429E+01,7.44429E+01,7.44429E+01,7.44429E+01,7.44429E+01,7.44429E+01,7.44429E+01,1.40648E+01,7.44429E+01,1.98926E+01,7.44429E+01,7.44429E+01,7.44429E+01,7.44429E+01,7.44429E+01,1.40648E+01,7.44429E+01,7.44429E+01,7.44429E+01,7.44429E+01,7.44429E+01,7.44429E+01,7.44429E+01,7.44429E+01,7.44429E+01,1.40648E+01,7.44429E+01,1.40648E+01,7.44429E+01,3.28608E+00,7.44429E+01,7.44429E+01,7.44429E+01,7.44429E+01,7.44429E+01,7.44429E+01,7.44429E+01,7.44429E+01,7.44429E+01,7.44429E+01,7.44429E+01,7.44429E+01,7.44429E+01,7.44429E+01,7.44429E+01,1.11084E-01 
#t = 3.234E+03
7.44429E+01,7.44429E+01,7.44429E+01,7.44429E+01,7.44429E+01,7.44429E+01,7.44429E+01,7.44429E+01,7.44429E+01,7.44429E+01,7.44429E+01,7.44429E+01,7.44429E+01,7.44429E+01,7.44429E+01,7.44429E+01,7.44429E+01,7.44429E+01,7.44429E+01,7.44429E+01,7.44429E+01,7.44429E+01,4.82051E+00,7.44429E+01,7.44429E+01,7.44429E+01,7.44429E+01,2.47826E+01,7.44429E+01,7.44429E+01,7.44429E+01,7.44429E+01,7.44429E+01,7.44429E+01,7.44429E+01,7.44429E+01,7.44429E+01,7.44429E+01,7.44429E+01,7.44429E+01,7.44429E+01,7.44429E+01,7.44429E+01,7.44429E+01,1.88799E+01,7.44429E+01,7.44429E+01,2.60057E-01,7.44429E+01,7.44429E+01,7.44429E+01,7.44429E+01,6.90476E+00,7.44429E+01,1.88799E+01,7.44429E+01,5.38874E+00,7.44429E+01,7.44429E+01,7.44429E+01,7.44429E+01 
#t = 3.276E+03
7.44429E+01,7.44429E+01,7.44429E+01,7.44429E+01,7.44429E+01,7.44429E+01,7.44429E+01,2.30422E+01,7.44429E+01,7.44429E+01,7.44429E+01,7.44429E+01,7.44429E+01,7.44429E+01,7.44429E+01,7.44429E+01,7.44429E+01,2.89589E+01,7.44429E+01,7.44429E+01,7.44429E+01,7.44429E+01,2.89589E+01,2.89589E+01,7.44429E+01,7.44429E+01,7.44429E+01,7.44429E+01,7.44429E+01,7.44429E+01,7.44429E+01,2.89589E+01,7.44429E+01,7.44429E+01,7.44429E+01,3.69038E+00,2.89589E+01,7.44429E+01,2.89589E+01,7.44429E+01,7.44429E+01,7.44429E+01,7.44429E+01 
#t = 3.318E+03
7.44429E+01,7.44429E+01,7.44429E+01,2.89589E+01,7.44429E+01,7.44429E+01,7.44429E+01,7.44429E+01,7.44429E+01,7.44429E+01,1.68953E+01,7.44429E+01,7.44429E+01,7.44429E+01,7.44429E+01,7.44429E+01,7.44429E+01,7.44429E+01,7.44429E+01,7.44429E+01,7.44429E+01,7.44429E+01,7.44429E+01,7.44429E+01,4.27744E+00,7.44429E+01,7.44429E+01,7.44429E+01,7.44429E+01,1.68953E+01,7.44429E+01,7.44429E+01,7.44429E+01,1.99669E+00,7.44429E+01,7.44429E+01 
#t = 3.360E+03
7.44429E+01,7.44429E+01,7.44429E+01,7.44429E+01,7.44429E+01,7.44429E+01,7.44429E+01,7.44429E+01,7.44429E+01,7.44429E+01,7.44429E+01,7.44429E+01,7.44429E+01,7.44429E+01,7.44429E+01,7.44429E+01,7.44429E+01,7.44429E+01,7.44429E+01,7.44429E+01,7.44429E+01,7.44429E+01,7.44429E+01,7.44429E+01,7.44429E+01,7.44429E+01,7.44429E+01,7.44429E+01,7.44429E+01,7.44429E+01,7.44429E+01,7.44429E+01,7.44429E+01,7.44429E+01,7.44429E+01,7.44429E+01,7.44429E+01,7.44429E+01,7.44429E+01 
#t = 3.402E+03
7.44429E+01,7.44429E+01,7.44429E+01,7.44429E+01,7.44429E+01,7.44429E+01,7.44429E+01,7.44429E+01,7.44429E+01,7.44429E+01,7.44429E+01,7.44429E+01,1.30229E+01,7.44429E+01,7.44429E+01,7.44429E+01,1.30229E+01,7.44429E+01,7.44429E+01,7.44429E+01,7.44429E+01,7.44429E+01,7.44429E+01,9.59673E+00,7.44429E+01,7.44429E+01,7.44429E+01,7.44429E+01,7.44429E+01,7.44429E+01,7.44429E+01,7.44429E+01,7.44429E+01,7.44429E+01,7.44429E+01,7.44429E+01,7.44429E+01,7.44429E+01,4.91448E+00,7.44429E+01,7.44429E+01,7.44429E+01,7.44429E+01,7.44429E+01,7.44429E+01,7.44429E+01,7.44429E+01,7.44429E+01,7.44429E+01,7.44429E+01,1.30229E+01,7.44429E+01,2.08571E+01,3.38241E+00,7.44429E+01 
#t = 3.444E+03
7.44429E+01,7.44429E+01,7.44429E+01,7.44429E+01,7.44429E+01,2.39947E+01,7.44429E+01,7.44429E+01,7.44429E+01,7.44429E+01,7.44429E+01,7.44429E+01,7.44429E+01,7.44429E+01,7.44429E+01,7.44429E+01,7.44429E+01,7.44429E+01,7.44429E+01,7.44429E+01,7.44429E+01,7.44429E+01,1.42603E+01,7.02967E+00,7.44429E+01,8.03786E-01,2.10291E+01,7.44429E+01,7.44429E+01,6.44056E+00,4.01871E+00,7.44429E+01,7.44429E+01,7.44429E+01,7.44429E+01,7.44429E+01,1.11077E+01 
#t = 3.486E+03
7.44429E+01,7.44429E+01,1.19563E+01,7.44429E+01,7.44429E+01,7.44429E+01,7.44429E+01,7.44429E+01,7.44429E+01,7.44429E+01,7.44429E+01,7.44429E+01,7.44429E+01,7.44429E+01,7.44429E+01,7.44429E+01,7.44429E+01,7.44429E+01,7.44429E+01,7.44429E+01,7.44429E+01,1.19563E+01,7.44429E+01,7.44429E+01,7.44429E+01,7.44429E+01,1.30065E+01,7.44429E+01,1.54528E+00,7.44429E+01,7.44429E+01,7.44429E+01,7.44429E+01,7.44429E+01,7.44429E+01,7.44429E+01,7.44429E+01,7.44429E+01 
#t = 3.528E+03
7.44429E+01,7.44429E+01,7.44429E+01,1.30065E+01,7.44429E+01,7.44429E+01,7.44429E+01,7.44429E+01,7.44429E+01,1.30065E+01,1.30065E+01,7.44429E+01,7.44429E+01,7.44429E+01,7.44429E+01,7.44429E+01,7.44429E+01,7.44429E+01,1.19563E+01,7.44429E+01,7.44429E+01,1.19563E+01,7.44429E+01,1.19563E+01,4.15613E+01,1.30065E+01,7.44429E+01,7.44429E+01,1.30065E+01,7.44429E+01,7.44429E+01,7.44429E+01,1.19563E+01,1.19563E+01,7.44429E+01,4.15613E+01,1.30065E+01,1.65989E+00,1.30065E+01,7.44429E+01,1.30065E+01,7.44429E+01,4.15613E+01,7.44429E+01,1.30065E+01,7.44429E+01,1.19563E+01,1.30065E+01,4.15613E+01,1.18318E+00,1.19563E+01 
#t = 3.570E+03
7.44429E+01,7.44429E+01,1.19563E+01,7.44429E+01,7.44429E+01,1.30065E+01,7.44429E+01,1.19563E+01,7.44429E+01,4.15613E+01,7.44429E+01,1.30065E+01,7.44429E+01,7.44429E+01,7.44429E+01,1.30065E+01,1.30065E+01,7.44429E+01,7.44429E+01,1.37768E+01,7.44429E+01,7.44429E+01,7.44429E+01,7.44429E+01,7.44429E+01,7.44429E+01,4.15613E+01,7.44429E+01,7.44429E+01,7.44429E+01,1.71579E+00,7.44429E+01,7.44429E+01,4.31566E+00,7.44429E+01,1.79884E-02,7.44429E+01,6.23059E+00 
#t = 3.612E+03
7.44429E+01,4.15613E+01,1.19563E+01,7.44429E+01,7.44429E+01,7.44429E+01,7.44429E+01,7.44429E+01,7.44429E+01,7.44429E+01,7.44429E+01,7.44429E+01,7.44429E+01,7.44429E+01,7.44429E+01,7.44429E+01,7.44429E+01,7.44429E+01,7.44429E+01,7.44429E+01,7.44429E+01,7.44429E+01,7.44429E+01,7.44429E+01,7.44429E+01,7.44429E+01,7.44429E+01,7.44429E+01,7.44429E+01,7.44429E+01,7.44429E+01,7.44429E+01,7.44429E+01,7.44429E+01,7.44429E+01,7.44429E+01,7.44429E+01,7.44429E+01,7.44429E+01,3.63846E+00,7.44429E+01,7.44429E+01,4.04939E-01,7.44429E+01,7.44429E+01 
#t = 3.654E+03
7.44429E+01,7.44429E+01,7.44429E+01,7.44429E+01,7.44429E+01,7.44429E+01,7.44429E+01,7.44429E+01,7.44429E+01,7.44429E+01,7.44429E+01,7.44429E+01,7.44429E+01,7.44429E+01,7.44429E+01,7.44429E+01,7.44429E+01,7.44429E+01,7.44429E+01,7.44429E+01,7.44429E+01,7.44429E+01,7.44429E+01,7.44429E+01,7.44429E+01,7.44429E+01,7.44429E+01,3.45952E+00,7.44429E+01,7.44429E+01,7.44429E+01,7.44429E+01,7.44429E+01,1.38200E+01,7.44429E+01,7.44429E+01,7.44429E+01,6.00421E-01,7.44429E+01,3.51370E-01,7.44429E+01,7.44429E+01,1.38200E+01,7.44429E+01,7.44429E+01,7.44429E+01 
#t = 3.696E+03
7.44429E+01,7.44429E+01,7.44429E+01,7.44429E+01,7.44429E+01,7.44429E+01,7.44429E+01,7.44429E+01,7.44429E+01,7.44429E+01,7.44429E+01,7.44429E+01,7.44429E+01,7.44429E+01,7.44429E+01,7.44429E+01,7.44429E+01,7.44429E+01,7.44429E+01,7.44429E+01,7.44429E+01,7.44429E+01,7.44429E+01,7.44429E+01,7.44429E+01,7.44429E+01,7.44429E+01,7.44429E+01,7.44429E+01,7.44429E+01,7.44429E+01,7.44429E+01,7.44429E+01,7.44429E+01,7.44429E+01,7.44429E+01,7.44429E+01,7.44429E+01,7.44429E+01,7.44429E+01,7.44429E+01,7.44429E+01,7.44429E+01,7.44429E+01,3.58982E+00,7.44429E+01,7.44429E+01,7.44429E+01,3.87723E+01,7.44429E+01,7.44429E+01 
#t = 3.738E+03
7.44429E+01,7.44429E+01,7.44429E+01,7.44429E+01,7.44429E+01,7.44429E+01,7.44429E+01,3.87723E+01,7.44429E+01,7.44429E+01,7.44429E+01,7.44429E+01,7.44429E+01,7.44429E+01,7.44429E+01,7.44429E+01,7.44429E+01,7.44429E+01,7.44429E+01,7.44429E+01,7.44429E+01,7.44429E+01,7.44429E+01,3.87723E+01,2.22498E+00,7.44429E+01,7.44429E+01,7.44429E+01,7.44429E+01,7.44429E+01,7.44429E+01,7.44429E+01,7.44429E+01,7.44429E+01,1.53389E+00,7.44429E+01,7.44429E+01,7.44429E+01,7.44429E+01,7.44429E+01,1.60647E-01,7.44429E+01 
#t = 3.780E+03
7.44429E+01,7.44429E+01,7.44429E+01,7.44429E+01,7.44429E+01,7.44429E+01,7.44429E+01,7.44429E+01,4.26379E+01,7.44429E+01,7.44429E+01,7.44429E+01,7.44429E+01,7.44429E+01,7.44429E+01,7.44429E+01,7.44429E+01,7.44429E+01,7.44429E+01,7.44429E+01,7.44429E+01,7.44429E+01,7.44429E+01,7.44429E+01,7.44429E+01,7.44429E+01,7.44429E+01,7.44429E+01,7.44429E+01,7.44429E+01,7.44429E+01,7.44429E+01,3.96156E-01,7.44429E+01,7.44429E+01,7.44429E+01,7.44429E+01,7.44429E+01,7.44429E+01,7.44429E+01,7.44429E+01,2.55176E+01,7.44429E+01,2.80949E-01,7.44429E+01 
#t = 3.822E+03
7.44429E+01,7.44429E+01,4.26379E+01,7.44429E+01,7.44429E+01,7.44429E+01,7.44429E+01,7.44429E+01,7.44429E+01,7.44429E+01,7.44429E+01,7.44429E+01,7.44429E+01,7.44429E+01,7.44429E+01,7.44429E+01,7.44429E+01,7.44429E+01,7.44429E+01,7.44429E+01,7.44429E+01,4.26379E+01,7.44429E+01,7.44429E+01,7.44429E+01,7.44429E+01,7.44429E+01,7.44429E+01,7.44429E+01,7.44429E+01,7.44429E+01,7.44429E+01,7.44429E+01,7.44429E+01,7.44429E+01,7.44429E+01,7.44429E+01,7.44429E+01,7.44429E+01,7.44429E+01,7.44429E+01,7.44429E+01,7.44429E+01,7.44429E+01,5.51626E+00,7.44429E+01,2.30566E+00,3.19607E-01,7.44429E+01,7.44429E+01,7.44429E+01,7.44429E+01,5.54123E+00,7.44429E+01,4.26379E+01 
#t = 3.864E+03
7.44429E+01,7.44429E+01,7.44429E+01,7.44429E+01,7.44429E+01,7.44429E+01,7.44429E+01,7.44429E+01,7.44429E+01,7.44429E+01,7.44429E+01,7.44429E+01,7.44429E+01,7.44429E+01,7.44429E+01,7.44429E+01,7.44429E+01,7.44429E+01,7.44429E+01,7.68827E+00,7.44429E+01,7.44429E+01,7.44429E+01,1.08748E+01,7.44429E+01,7.44429E+01,7.44429E+01,1.17400E+01,7.44429E+01,7.44429E+01,7.44429E+01,7.44429E+01,7.44429E+01,7.44429E+01,7.44429E+01,7.44429E+01,7.44429E+01,7.44429E+01,5.96485E+00,2.54588E-01,7.44429E+01,7.44429E+01,7.44429E+01,7.44429E+01,1.17400E+01,7.44429E+01,7.44429E+01,7.44429E+01,7.44429E+01,7.44429E+01,3.38457E-01 
#t = 3.906E+03
7.44429E+01,7.44429E+01,7.44429E+01,7.44429E+01,3.08478E+01,7.44429E+01,7.44429E+01,7.44429E+01,7.44429E+01,7.44429E+01,7.44429E+01,7.44429E+01,1.28199E+01,7.44429E+01,7.44429E+01,7.44429E+01,7.44429E+01,7.44429E+01,7.44429E+01,7.44429E+01,7.44429E+01,1.28199E+01,3.08478E+01,3.08478E+01,1.28199E+01,7.44429E+01,7.44429E+01 
#t = 3.948E+03
7.44429E+01,7.44429E+01,7.44429E+01,3.08478E+01,3.08478E+01,7.44429E+01,7.44429E+01,7.44429E+01,3.08478E+01,7.44429E+01,3.08478E+01,7.44429E+01,1.28199E+01,7.44429E+01,7.44429E+01,7.44429E+01,7.44429E+01,7.44429E+01,3.08478E+01,7.44429E+01,1.28199E+01,7.44429E+01,7.44429E+01,7.44429E+01,7.44429E+01,7.44429E+01,7.44429E+01,7.44429E+01,7.44429E+01,7.44429E+01,7.44429E+01,7.44429E+01,7.44429E+01,7.44429E+01,7.44429E+01,7.44429E+01,7.44429E+01,7.44429E+01,7.44429E+01,3.08478E+01,7.44429E+01,7.44429E+01,1.28199E+01,7.44429E+01,7.44429E+01,7.44429E+01,3.08478E+01,1.09896E+00,7.44429E+01,7.44429E+01,7.44429E+01,7.44429E+01,1.05698E+01,3.08478E+01 
#t = 3.990E+03
7.44429E+01,3.08478E+01,3.08478E+01,7.44429E+01,7.44429E+01,7.44429E+01,7.44429E+01,3.08478E+01,7.44429E+01,7.44429E+01,3.08478E+01,7.44429E+01,7.44429E+01,7.44429E+01,7.44429E+01,7.44429E+01,3.08478E+01,7.44429E+01,6.28643E+00,7.44429E+01,7.44429E+01,7.44429E+01,7.44429E+01,3.08478E+01,7.44429E+01,3.08478E+01,7.44429E+01,3.08478E+01,7.44429E+01,7.44429E+01,7.44429E+01,3.08478E+01,7.44429E+01,3.08478E+01,7.44429E+01,1.14471E+00,3.08478E+01,7.44429E+01,3.08478E+01,7.44429E+01,7.44429E+01,6.02580E-01,3.08478E+01,2.99697E+00,7.44429E+01 
#t = 4.032E+03
7.44429E+01,7.44429E+01,3.08478E+01,3.08478E+01,3.08478E+01,3.08478E+01,3.08478E+01,3.08478E+01,7.44429E+01,7.44429E+01,7.44429E+01,4.31405E+01,7.44429E+01,7.44429E+01,3.08478E+01,3.08478E+01,7.44429E+01,3.08478E+01,7.44429E+01,7.44429E+01,3.08478E+01,7.44429E+01,3.08478E+01,3.08478E+01,3.08478E+01,7.44429E+01,7.44429E+01,1.50224E+00,7.44429E+01,7.44429E+01,3.08478E+01,1.32494E-01,7.44429E+01,3.08478E+01,3.08478E+01 
#t = 4.074E+03
7.44429E+01,3.08478E+01,3.08478E+01,3.08478E+01,7.44429E+01,4.31405E+01,7.44429E+01,3.08478E+01,7.44429E+01,7.44429E+01,3.08478E+01,7.44429E+01,3.08478E+01,7.44429E+01,3.08478E+01,3.08478E+01,7.44429E+01,3.08478E+01,3.08478E+01,7.44429E+01,4.31405E+01,7.44429E+01,3.08478E+01,7.44429E+01,7.44429E+01,7.44429E+01,3.08478E+01,7.44429E+01,3.08478E+01,3.08478E+01,3.08478E+01,7.44429E+01,7.44429E+01,3.08478E+01,3.08478E+01,7.44429E+01,7.44429E+01,4.31405E+01,3.08478E+01,7.44429E+01,3.08478E+01,4.46408E+00,3.08478E+01,3.08478E+01,3.08478E+01 
#t = 4.116E+03
3.08478E+01,7.44429E+01,7.44429E+01,7.44429E+01,3.08478E+01,3.08478E+01,4.31405E+01,7.44429E+01,7.44429E+01,3.08478E+01,7.44429E+01,4.31405E+01,3.08478E+01,3.08478E+01,7.44429E+01,3.08478E+01,3.08478E+01,3.08478E+01,3.08478E+01,3.08478E+01,3.08478E+01,3.08478E+01,3.08478E+01,3.08478E+01,3.08478E+01,7.44429E+01,7.44429E+01,2.12221E+01,3.08478E+01,7.44429E+01,7.44429E+01,4.54854E+00,3.08478E+01,7.44429E+01,7.44429E+01,7.44429E+01,7.44429E+01,3.08478E+01,7.44429E+01,5.03500E+00 
#t = 4.158E+03
7.44429E+01,3.08478E+01,2.12221E+01,7.44429E+01,7.44429E+01,7.44429E+01,7.44429E+01,3.08478E+01,7.44429E+01,3.08478E+01,3.08478E+01,3.08478E+01,7.44429E+01,7.44429E+01,7.44429E+01,1.67717E+01,3.08478E+01,3.08478E+01,3.08478E+01,7.02878E+00,3.08478E+01,7.44429E+01,7.44429E+01,7.44429E+01,7.44429E+01,7.44429E+01,6.98897E+00,7.44429E+01,3.08478E+01,7.44429E+01,7.44429E+01,7.44429E+01,7.44429E+01,7.44429E+01,7.44429E+01,7.44429E+01,7.44429E+01 
#t = 4.200E+03
7.44429E+01,7.44429E+01,7.44429E+01,7.44429E+01,7.44429E+01,7.44429E+01,7.44429E+01,7.44429E+01,7.44429E+01,7.44429E+01,7.44429E+01,7.44429E+01,7.44429E+01,7.44429E+01,7.44429E+01,7.44429E+01,7.29285E-01,7.44429E+01,7.44429E+01,7.44429E+01,7.44429E+01,7.44429E+01,7.44429E+01,7.44429E+01,7.44429E+01,7.44429E+01,7.44429E+01,7.44429E+01,2.03391E+00,7.44429E+01,7.44429E+01,7.44429E+01,7.44429E+01,7.44429E+01 
