#t = 0.000E+00
3.61419E+00,1.51223E+00,1.75838E-01,2.49462E+00,9.46974E-01 
#t = 4.200E+01
1.08359E+01,9.24583E+00,2.33428E+01,1.08359E+01,1.50727E+01,6.83413E+00,2.99305E-01,6.20785E-01 
#t = 8.400E+01
2.33428E+01,1.42221E+01,1.42221E+01,2.33428E+01,1.42221E+01,2.33428E+01,1.42221E+01,1.42221E+01,1.42221E+01,1.42221E+01,2.33428E+01,1.42221E+01,1.42221E+01,2.33428E+01,6.40800E-02,2.65285E+00,1.79020E+00 
#t = 1.260E+02
2.33428E+01,2.33428E+01,2.33428E+01,2.33428E+01,2.33428E+01,2.33428E+01,2.33428E+01,2.33428E+01,2.33428E+01,2.33428E+01,2.33428E+01,2.33428E+01,2.33428E+01,2.33428E+01,2.33428E+01,2.33428E+01,2.33428E+01,2.33428E+01,1.60197E+00 
#t = 1.680E+02
2.33428E+01,2.33428E+01,2.33428E+01,2.33428E+01,2.33428E+01,2.33428E+01,2.33428E+01,2.33428E+01,6.78541E+01,6.78541E+01,2.33428E+01,2.33428E+01,2.33428E+01,2.33428E+01,2.33428E+01,2.33428E+01,6.78541E+01,2.33428E+01,2.33428E+01,2.33428E+01,1.43581E+00,3.40889E-01,1.35657E+01 
#t = 2.100E+02
6.78541E+01,2.33428E+01,6.78541E+01,2.33428E+01,6.78541E+01,2.33428E+01,6.78541E+01,2.33428E+01,6.78541E+01,6.78541E+01,2.33428E+01,6.78541E+01,2.33428E+01,6.78541E+01,6.94748E+00,2.33428E+01,6.78541E+01,2.33428E+01,4.70278E-01,2.33428E+01,6.78541E+01,6.78541E+01,6.78541E+01,6.78541E+01,4.98094E+00,2.98992E+00,6.78541E+01,6.78541E+01,6.78541E+01,2.35714E-01,6.78541E+01,6.78541E+01,2.33428E+01 
#t = 2.520E+02
6.78541E+01,6.78541E+01,2.33428E+01,6.78541E+01,6.78541E+01,6.78541E+01,6.78541E+01,6.78541E+01,6.78541E+01,6.78541E+01,6.78541E+01,6.78541E+01,6.78541E+01,6.78541E+01,2.33428E+01,6.78541E+01,6.78541E+01,6.78541E+01,6.78541E+01,6.78541E+01,4.61604E+00,6.78541E+01,6.78541E+01,6.78541E+01,6.78541E+01,6.78541E+01,6.78541E+01,1.19262E+01,6.78541E+01,6.78541E+01,6.78541E+01,1.07683E+00,6.78541E+01,6.41295E+00,2.33428E+01,4.19610E+00 
#t = 2.940E+02
6.78541E+01,6.78541E+01,6.78541E+01,6.78541E+01,6.78541E+01,6.78541E+01,6.78541E+01,6.78541E+01,6.78541E+01,6.78541E+01,6.78541E+01,6.78541E+01,6.78541E+01,6.78541E+01,6.78541E+01,6.78541E+01,8.24066E-01,6.78541E+01,6.78541E+01,6.78541E+01,6.78541E+01,6.78541E+01,6.78541E+01,6.78541E+01,6.78541E+01,6.78541E+01,6.78541E+01,6.78541E+01,6.78541E+01,6.78541E+01,5.33885E-02,9.09300E-01 
#t = 3.360E+02
6.78541E+01,6.78541E+01,6.78541E+01,6.78541E+01,1.33234E+01,6.78541E+01,1.00440E+01,6.78541E+01,6.78541E+01,6.78541E+01,6.78541E+01,6.78541E+01,6.78541E+01,6.78541E+01,6.78541E+01,6.78541E+01,6.78541E+01,6.78541E+01,6.78541E+01,6.78541E+01,6.78541E+01,6.78541E+01,6.78541E+01,6.78541E+01,6.78541E+01,6.78541E+01,6.78541E+01,6.78541E+01,6.78541E+01,6.78541E+01,6.78541E+01,6.78541E+01,1.33234E+01,1.33234E+01,6.78541E+01,6.78541E+01,6.78541E+01,6.78541E+01,6.78541E+01,6.78541E+01,6.78541E+01,6.78541E+01,4.75278E-01,4.68481E-01,6.78541E+01 
#t = 3.780E+02
6.78541E+01,6.78541E+01,6.78541E+01,6.78541E+01,6.78541E+01,6.78541E+01,6.78541E+01,6.78541E+01,1.33234E+01,1.70514E+01,6.78541E+01,6.78541E+01,6.78541E+01,6.78541E+01,6.78541E+01,6.78541E+01,6.78541E+01,6.78541E+01,6.78541E+01,6.78541E+01,6.78541E+01,6.78541E+01,6.78541E+01,6.78541E+01,1.70514E+01,1.73537E-01,6.78541E+01,6.78541E+01,6.78541E+01,1.70514E+01,6.78541E+01,8.11398E+00 
#t = 4.200E+02
6.78541E+01,6.78541E+01,6.78541E+01,6.78541E+01,6.78541E+01,6.78541E+01,6.78541E+01,6.78541E+01,6.78541E+01,6.78541E+01,6.78541E+01,6.78541E+01,6.78541E+01,6.78541E+01,6.78541E+01,6.78541E+01,6.78541E+01,6.78541E+01,6.78541E+01,6.78541E+01,6.78541E+01,6.78541E+01,6.78541E+01,6.78541E+01,6.78541E+01,6.78541E+01,6.78541E+01,6.78541E+01,6.78541E+01,6.78541E+01,6.78541E+01,6.78541E+01,6.78541E+01,6.78541E+01,6.78541E+01,6.78541E+01,6.78541E+01,6.87481E-02,6.78541E+01,6.78541E+01,6.78541E+01,6.78541E+01,6.78541E+01,6.78541E+01,6.78541E+01,6.78541E+01,6.78541E+01,6.78541E+01,3.98217E+00 
#t = 4.620E+02
6.78541E+01,6.78541E+01,6.78541E+01,6.78541E+01,6.78541E+01,6.78541E+01,6.78541E+01,6.78541E+01,6.78541E+01,6.78541E+01,6.78541E+01,6.78541E+01,1.37855E+01,6.78541E+01,1.52760E+01,6.78541E+01,6.78541E+01,6.78541E+01,6.78541E+01,6.78541E+01,6.78541E+01,6.78541E+01,1.52760E+01,6.78541E+01,6.78541E+01,6.78541E+01,6.78541E+01,6.78541E+01,6.78541E+01,6.78541E+01,3.65012E+00,6.78541E+01,6.78541E+01,6.78541E+01,6.78541E+01,6.78541E+01,6.78541E+01,6.78541E+01 
#t = 5.040E+02
6.78541E+01,6.78541E+01,6.78541E+01,6.78541E+01,6.78541E+01,6.78541E+01,6.78541E+01,6.78541E+01,6.78541E+01,6.78541E+01,6.78541E+01,6.78541E+01,6.78541E+01,6.78541E+01,6.78541E+01,6.78541E+01,6.78541E+01,6.78541E+01,6.78541E+01,6.78541E+01,6.78541E+01,6.78541E+01,6.78541E+01,6.78541E+01,6.78541E+01,6.78541E+01,6.78541E+01,6.78541E+01,6.78541E+01,6.78541E+01,6.78541E+01,6.78541E+01,6.78541E+01,6.78541E+01,6.78541E+01,6.78541E+01,4.50812E-01,6.78541E+01,6.78541E+01,6.78541E+01,6.78541E+01,6.78541E+01,1.77504E+00,2.99892E+00,6.78541E+01,6.78541E+01,1.78668E+00 
#t = 5.460E+02
6.78541E+01,6.78541E+01,6.78541E+01,6.78541E+01,6.78541E+01,6.78541E+01,6.78541E+01,6.78541E+01,6.78541E+01,6.78541E+01,6.78541E+01,6.78541E+01,6.78541E+01,6.78541E+01,6.78541E+01,6.78541E+01,6.78541E+01,6.78541E+01,6.78541E+01,6.78541E+01,6.78541E+01,6.78541E+01,6.78541E+01,6.78541E+01,8.28555E-01,6.78541E+01,2.04938E+01,6.78541E+01,6.78541E+01,6.78541E+01,6.78541E+01,2.04938E+01,1.27311E+01,6.78541E+01,2.04938E+01,6.78541E+01,6.78541E+01,6.78541E+01,2.03109E+00,2.04938E+01,2.04938E+01,6.78541E+01,6.78541E+01,6.78541E+01,6.78541E+01,6.78541E+01,6.78541E+01,6.78541E+01,6.78541E+01,6.78541E+01,6.78541E+01 
#t = 5.880E+02
6.78541E+01,2.04938E+01,6.78541E+01,6.78541E+01,1.27311E+01,6.78541E+01,6.78541E+01,6.78541E+01,6.78541E+01,6.78541E+01,6.78541E+01,6.78541E+01,6.78541E+01,6.78541E+01,6.78541E+01,6.78541E+01,6.78541E+01,6.78541E+01,6.78541E+01,6.78541E+01,6.78541E+01,6.78541E+01,6.78541E+01,1.27311E+01,6.78541E+01,6.78541E+01,1.27311E+01,1.27311E+01,1.27311E+01,2.58029E+01,1.27311E+01,6.78541E+01,6.78541E+01,6.78541E+01,1.27311E+01,7.07481E+00,6.78541E+01,6.78541E+01,6.78541E+01,6.78541E+01,1.27311E+01,1.27311E+01,1.83274E-01 
#t = 6.300E+02
6.78541E+01,1.27311E+01,1.27311E+01,1.27311E+01,6.78541E+01,6.78541E+01,6.78541E+01,6.78541E+01,6.78541E+01,6.78541E+01,6.78541E+01,6.78541E+01,6.78541E+01,1.27311E+01,6.78541E+01,1.41976E+01,1.27311E+01,6.78541E+01,1.41976E+01,6.78541E+01,6.78541E+01,6.78541E+01,6.78541E+01,6.78541E+01,6.78541E+01,6.78541E+01,6.78541E+01,6.78541E+01,6.78541E+01,6.78541E+01,6.78541E+01,1.27311E+01,6.78541E+01,6.78541E+01,9.52951E-01,1.27311E+01,1.27311E+01,1.41976E+01,6.78541E+01,6.78541E+01,1.27311E+01,6.78541E+01 
#t = 6.720E+02
6.78541E+01,6.78541E+01,2.92532E+01,1.27311E+01,6.78541E+01,1.27311E+01,1.27311E+01,1.27311E+01,1.27311E+01,9.57082E+01,6.78541E+01,1.27311E+01,6.78541E+01,6.78541E+01,6.78541E+01,6.78541E+01,6.78541E+01,1.27311E+01,6.78541E+01,1.27311E+01,6.78541E+01,6.78541E+01,2.92532E+01,1.27311E+01,6.78541E+01,6.78541E+01,6.78541E+01,6.78541E+01,1.27311E+01,6.78541E+01,6.78541E+01,6.78541E+01,1.27311E+01,6.87726E-01,1.27311E+01,1.27311E+01,1.27311E+01,6.78541E+01,6.78541E+01,6.78541E+01,3.96227E+00,1.27311E+01,5.93280E+00,6.78541E+01,6.78541E+01,6.78541E+01 
#t = 7.140E+02
6.78541E+01,6.78541E+01,6.78541E+01,6.78541E+01,6.78541E+01,9.57082E+01,6.78541E+01,1.27311E+01,6.78541E+01,6.78541E+01,6.78541E+01,6.78541E+01,6.78541E+01,1.27311E+01,9.57082E+01,6.78541E+01,1.27311E+01,9.57082E+01,6.78541E+01,1.27311E+01,1.27311E+01,1.27311E+01,6.78541E+01,5.69253E+00,6.78541E+01,6.78541E+01,1.27311E+01,6.78541E+01,6.78541E+01,4.83873E+00,1.27311E+01,9.57082E+01,6.78541E+01,5.00131E-01,6.78541E+01,6.78541E+01,1.27311E+01,6.78541E+01 
#t = 7.560E+02
6.78541E+01,6.78541E+01,1.27311E+01,6.78541E+01,6.78541E+01,6.78541E+01,6.78541E+01,6.78541E+01,6.78541E+01,6.78541E+01,1.27311E+01,1.27311E+01,6.78541E+01,6.78541E+01,6.78541E+01,6.78541E+01,6.78541E+01,1.27311E+01,6.78541E+01,6.78541E+01,6.78541E+01,6.78541E+01,6.78541E+01,6.78541E+01,1.27311E+01,6.78541E+01,6.78541E+01,6.78541E+01,6.78541E+01,6.78541E+01,6.78541E+01,6.78541E+01,6.78541E+01,6.78541E+01,1.27311E+01,6.78541E+01,6.78541E+01,6.78541E+01,7.44990E+00,6.78541E+01,6.78541E+01,6.78541E+01,6.78541E+01,6.78541E+01,6.78541E+01,6.78541E+01,6.78541E+01,6.78541E+01 
#t = 7.980E+02
1.27311E+01,6.78541E+01,6.78541E+01,6.78541E+01,6.78541E+01,6.78541E+01,6.78541E+01,6.78541E+01,9.89848E+00,6.78541E+01,1.27311E+01,6.78541E+01,6.78541E+01,1.27311E+01,6.78541E+01,6.78541E+01,6.78541E+01,6.78541E+01,6.78541E+01,6.78541E+01,6.78541E+01,6.78541E+01,6.78541E+01,2.36423E+01,6.78541E+01,6.78541E+01,6.78541E+01,6.78541E+01,1.27311E+01,6.78541E+01,6.78541E+01,6.78541E+01,6.78541E+01,2.19705E+01,6.78541E+01,6.78541E+01,6.78541E+01,6.78541E+01,6.78541E+01,1.37976E+01,2.16426E+01,2.77788E+00,6.78541E+01,2.18003E+00,6.78541E+01 
#t = 8.400E+02
6.78541E+01,6.78541E+01,6.78541E+01,6.78541E+01,6.78541E+01,6.78541E+01,6.78541E+01,6.78541E+01,6.78541E+01,6.78541E+01,6.78541E+01,6.78541E+01,6.78541E+01,2.16426E+01,6.78541E+01,6.78541E+01,6.78541E+01,6.78541E+01,6.78541E+01,6.78541E+01,6.78541E+01,6.78541E+01,6.78541E+01,2.16426E+01,6.78541E+01,6.78541E+01,6.78541E+01,4.46914E-01,6.78541E+01,6.78541E+01,2.16426E+01,6.78541E+01,2.16426E+01,2.16646E+00,2.16426E+01,6.78541E+01,2.05081E+00 
#t = 8.820E+02
6.78541E+01,6.78541E+01,6.78541E+01,6.78541E+01,6.78541E+01,2.25722E+01,6.78541E+01,6.78541E+01,6.78541E+01,6.78541E+01,6.78541E+01,1.05724E+01,6.78541E+01,6.78541E+01,6.78541E+01,2.25722E+01,6.78541E+01,6.78541E+01,2.25722E+01,6.78541E+01,6.78541E+01,6.78541E+01,6.78541E+01,6.78541E+01,6.78541E+01,6.78541E+01,6.78541E+01,6.78541E+01,3.49136E+00,6.78541E+01,6.78541E+01,6.78541E+01,6.78541E+01,3.94039E+00,6.78541E+01,6.78541E+01,6.78541E+01,6.78541E+01 
#t = 9.240E+02
6.78541E+01,2.25722E+01,6.78541E+01,6.78541E+01,6.78541E+01,2.25722E+01,6.78541E+01,6.78541E+01,6.78541E+01,2.25722E+01,6.78541E+01,6.78541E+01,6.78541E+01,6.78541E+01,6.78541E+01,6.78541E+01,6.78541E+01,6.78541E+01,6.78541E+01,6.78541E+01,6.78541E+01,6.78541E+01,6.78541E+01,6.78541E+01,6.78541E+01,6.78541E+01,6.78541E+01,6.78541E+01,6.78541E+01,6.78541E+01,2.25722E+01,5.77573E+00,6.78541E+01,2.11228E+00,6.78541E+01,6.78541E+01,6.78541E+01,6.78541E+01,6.78541E+01,6.78541E+01,6.78541E+01,4.41962E+00,4.18917E+00,6.78541E+01,9.33165E+00,6.78541E+01,6.78541E+01 
#t = 9.660E+02
6.78541E+01,6.78541E+01,6.78541E+01,6.78541E+01,6.78541E+01,6.78541E+01,6.78541E+01,6.78541E+01,6.78541E+01,6.78541E+01,6.78541E+01,6.78541E+01,6.78541E+01,6.78541E+01,6.78541E+01,6.78541E+01,6.78541E+01,6.78541E+01,6.78541E+01,6.78541E+01,6.78541E+01,6.78541E+01,6.78541E+01,6.78541E+01,6.78541E+01,6.78541E+01,6.78541E+01,6.78541E+01,6.78541E+01,6.78541E+01,6.78541E+01,6.78541E+01,5.72637E+00,6.78541E+01,6.78541E+01,6.78541E+01,6.78541E+01,6.78541E+01,6.78541E+01,6.78541E+01,6.78541E+01,1.39762E+00,6.78541E+01,6.78541E+01,6.78541E+01 
#t = 1.008E+03
6.78541E+01,6.78541E+01,6.78541E+01,6.78541E+01,6.78541E+01,6.78541E+01,6.78541E+01,6.78541E+01,6.78541E+01,6.78541E+01,6.78541E+01,6.78541E+01,2.93560E+01,6.78541E+01,6.78541E+01,1.60423E+01,6.78541E+01,6.78541E+01,6.78541E+01,5.14993E+00,6.78541E+01,6.78541E+01,6.78541E+01,6.78541E+01,6.78541E+01,6.78541E+01,6.78541E+01,6.78541E+01,6.78541E+01,6.78541E+01,6.78541E+01,6.78541E+01,6.78541E+01,6.78541E+01,6.78541E+01,1.60423E+01,6.78541E+01,6.78541E+01,6.78541E+01,6.78541E+01,4.60038E-01,1.60423E+01,6.78541E+01,4.49429E-01,4.35049E-02,2.52126E+01 
#t = 1.050E+03
6.78541E+01,6.78541E+01,6.78541E+01,1.60423E+01,6.78541E+01,6.78541E+01,1.04680E+01,6.78541E+01,6.78541E+01,1.15091E+01,6.78541E+01,6.78541E+01,6.78541E+01,6.78541E+01,6.78541E+01,6.78541E+01,6.78541E+01,6.78541E+01,6.78541E+01,6.78541E+01,6.78541E+01,6.78541E+01,6.42243E+00,6.78541E+01,1.60423E+01,6.78541E+01,6.78541E+01,6.78541E+01,6.78541E+01,7.50870E-01,1.74788E-01,6.43396E+00,5.33823E-01,6.78541E+01,6.78541E+01,6.78541E+01,6.78541E+01 
#t = 1.092E+03
6.78541E+01,6.78541E+01,6.78541E+01,6.78541E+01,6.78541E+01,6.78541E+01,6.78541E+01,6.78541E+01,6.78541E+01,6.78541E+01,6.78541E+01,6.78541E+01,6.78541E+01,6.78541E+01,6.78541E+01,6.78541E+01,5.31065E+00,6.78541E+01,6.78541E+01,6.78541E+01,6.78541E+01,6.78541E+01,6.78541E+01,6.78541E+01,6.78541E+01,6.78541E+01,6.78541E+01,6.78541E+01,6.78541E+01,6.78541E+01,6.78541E+01,6.78541E+01,6.78541E+01,6.78541E+01,6.78541E+01,1.37689E+00,6.78541E+01,1.02955E+00,6.78541E+01,6.78541E+01 
#t = 1.134E+03
6.78541E+01,6.78541E+01,6.78541E+01,6.78541E+01,6.78541E+01,6.78541E+01,6.78541E+01,6.78541E+01,6.78541E+01,6.78541E+01,6.78541E+01,6.78541E+01,6.78541E+01,6.78541E+01,6.78541E+01,6.78541E+01,6.78541E+01,6.78541E+01,6.78541E+01,6.78541E+01,6.78541E+01,6.78541E+01,6.78541E+01,6.78541E+01,6.78541E+01,6.78541E+01,6.78541E+01,6.78541E+01,6.78541E+01,6.78541E+01,1.49447E+00,6.78541E+01,6.78541E+01,6.78541E+01,6.78541E+01,6.78541E+01,6.78541E+01,4.98217E+00,6.78541E+01,6.78541E+01,2.27653E-01,6.78541E+01,6.72627E-01,6.78541E+01 
#t = 1.176E+03
6.78541E+01,6.78541E+01,6.78541E+01,6.78541E+01,6.78541E+01,6.78541E+01,6.78541E+01,6.78541E+01,1.38237E+01,6.78541E+01,6.78541E+01,6.78541E+01,6.78541E+01,6.78541E+01,6.78541E+01,6.78541E+01,6.78541E+01,6.78541E+01,6.78541E+01,1.38237E+01,6.78541E+01,6.78541E+01,6.78541E+01,6.78541E+01,6.78541E+01,2.39909E+01,1.09938E+01,6.78541E+01,6.78541E+01,6.78541E+01,6.78541E+01,1.09938E+01,6.78541E+01,6.78541E+01,2.63013E+01,1.09938E+01,1.72156E+01,6.78541E+01 
#t = 1.218E+03
6.78541E+01,6.78541E+01,2.39909E+01,6.78541E+01,6.78541E+01,2.39909E+01,6.78541E+01,6.78541E+01,6.78541E+01,6.78541E+01,6.78541E+01,6.78541E+01,6.78541E+01,6.78541E+01,6.78541E+01,6.78541E+01,1.09938E+01,6.78541E+01,6.78541E+01,6.78541E+01,6.78541E+01,6.78541E+01,6.78541E+01,2.39909E+01,1.14674E+01,6.78541E+01,2.39909E+01,6.78541E+01,6.78541E+01,6.78541E+01,6.78541E+01,6.78541E+01,6.78541E+01,5.31671E+00,6.78541E+01,6.78541E+01,2.39909E+01,2.39909E+01 
#t = 1.260E+03
6.78541E+01,6.78541E+01,6.78541E+01,4.76241E+01,2.39909E+01,6.78541E+01,6.78541E+01,6.78541E+01,6.78541E+01,6.78541E+01,6.78541E+01,6.78541E+01,6.78541E+01,2.39909E+01,6.78541E+01,2.39909E+01,6.78541E+01,4.76241E+01,6.78541E+01,2.39909E+01,2.25915E+01,6.78541E+01,6.78541E+01,6.78541E+01,2.39909E+01,6.78541E+01,6.78541E+01,6.78541E+01,6.78541E+01,2.39909E+01,6.78541E+01,6.78541E+01,6.78541E+01,6.78541E+01,6.65870E+00 
#t = 1.302E+03
6.78541E+01,6.78541E+01,2.39909E+01,2.39909E+01,6.78541E+01,6.78541E+01,6.78541E+01,6.78541E+01,6.78541E+01,6.78541E+01,6.78541E+01,2.39909E+01,6.78541E+01,6.78541E+01,6.78541E+01,1.49055E+01,6.78541E+01,6.78541E+01,6.78541E+01,1.49055E+01,1.49055E+01,6.78541E+01,6.78541E+01,6.78541E+01,1.08407E+00,6.78541E+01,5.80952E-01,6.78541E+01 
#t = 1.344E+03
6.78541E+01,6.78541E+01,6.78541E+01,6.78541E+01,6.78541E+01,6.78541E+01,6.78541E+01,6.78541E+01,6.78541E+01,6.78541E+01,6.78541E+01,6.78541E+01,6.78541E+01,6.78541E+01,6.78541E+01,6.78541E+01,6.78541E+01,6.78541E+01,6.78541E+01,6.78541E+01,6.78541E+01,6.78541E+01,6.78541E+01,6.78541E+01,6.78541E+01,6.78541E+01,6.78541E+01,6.78541E+01,6.78541E+01,6.78541E+01,6.78541E+01,8.33983E-01,8.99181E-01,6.78541E+01,6.78541E+01,6.78541E+01,6.78541E+01,6.78541E+01,6.78541E+01,6.78541E+01,1.48605E+00,6.78541E+01 
#t = 1.386E+03
6.78541E+01,6.78541E+01,6.78541E+01,6.78541E+01,6.78541E+01,6.78541E+01,6.78541E+01,6.78541E+01,6.78541E+01,2.04058E+01,6.78541E+01,6.78541E+01,2.04058E+01,5.30311E+00,6.78541E+01,6.78541E+01,1.25286E+01,6.78541E+01,6.78541E+01,6.78541E+01,6.78541E+01,6.78541E+01,6.78541E+01,6.78541E+01,2.17480E+01,2.97909E+00,6.78541E+01,4.03953E+00,3.54506E-01,9.60066E+00,7.42537E+00,2.70756E+00,6.78541E+01,6.78541E+01 
#t = 1.428E+03
6.78541E+01,6.78541E+01,6.78541E+01,6.78541E+01,6.78541E+01,6.78541E+01,6.78541E+01,6.78541E+01,6.78541E+01,6.78541E+01,6.78541E+01,6.78541E+01,6.78541E+01,6.78541E+01,6.78541E+01,6.78541E+01,6.78541E+01,6.78541E+01,6.78541E+01,1.31490E+01,6.78541E+01,6.78541E+01,6.78541E+01,6.78541E+01,6.78541E+01,6.78541E+01,6.78541E+01,6.78541E+01,6.78541E+01,6.78541E+01,6.78541E+01,6.78541E+01,1.21823E+00,6.78541E+01 
#t = 1.470E+03
6.78541E+01,6.78541E+01,6.78541E+01,6.78541E+01,6.78541E+01,6.78541E+01,6.78541E+01,6.78541E+01,6.78541E+01,6.78541E+01,6.78541E+01,6.78541E+01,6.78541E+01,6.78541E+01,6.78541E+01,6.78541E+01,6.78541E+01,6.78541E+01,6.78541E+01,1.12104E+01,6.78541E+01,6.78541E+01,6.78541E+01,6.78541E+01,6.78541E+01,6.78541E+01,6.78541E+01,6.78541E+01,1.10095E-01,6.78541E+01,6.78541E+01,6.78541E+01,6.78541E+01,6.78541E+01,6.78541E+01,6.78541E+01,6.78541E+01,6.78541E+01,1.40022E+01,6.78541E+01,1.78167E+00,6.78541E+01,6.78541E+01,6.78541E+01,6.78541E+01,6.78541E+01,6.78541E+01 
#t = 1.512E+03
6.78541E+01,6.78541E+01,6.78541E+01,6.78541E+01,6.78541E+01,6.78541E+01,6.78541E+01,1.12104E+01,1.09784E+02,6.78541E+01,1.12104E+01,6.78541E+01,6.78541E+01,1.12104E+01,6.78541E+01,6.78541E+01,1.12104E+01,6.78541E+01,6.78541E+01,6.78541E+01,6.78541E+01,1.09784E+02,6.78541E+01,6.78541E+01,6.78541E+01,1.12899E+01,6.78541E+01,6.78541E+01,6.78541E+01,6.78541E+01,6.78541E+01,6.78541E+01,8.67908E-01,6.78541E+01,4.37821E-01,1.92869E+00,5.30384E-01,3.23606E-01,1.24196E+01,6.78541E+01 
#t = 1.554E+03
6.78541E+01,6.78541E+01,6.78541E+01,6.78541E+01,6.78541E+01,6.78541E+01,6.78541E+01,6.78541E+01,6.78541E+01,6.78541E+01,6.78541E+01,6.78541E+01,6.78541E+01,6.78541E+01,1.09784E+02,6.78541E+01,6.78541E+01,6.78541E+01,6.78541E+01,6.78541E+01,6.78541E+01,1.35603E+01,6.78541E+01,6.78541E+01,6.78541E+01,6.78541E+01,1.09784E+02,1.12104E+01,6.78541E+01,6.78541E+01,6.78541E+01,6.78541E+01,6.78541E+01,6.78541E+01,6.78541E+01,6.78541E+01,6.78541E+01,6.78541E+01,6.78541E+01,6.78541E+01,6.78541E+01,6.78541E+01,6.78541E+01,6.78541E+01,6.78541E+01,6.78541E+01,6.78541E+01,6.78541E+01,1.16053E+00,6.78541E+01 
#t = 1.596E+03
6.78541E+01,6.78541E+01,6.78541E+01,6.78541E+01,6.78541E+01,6.78541E+01,6.78541E+01,6.78541E+01,6.78541E+01,1.35603E+01,6.78541E+01,6.78541E+01,6.78541E+01,6.78541E+01,6.78541E+01,6.78541E+01,6.78541E+01,6.78541E+01,6.78541E+01,6.78541E+01,6.78541E+01,6.78541E+01,6.78541E+01,6.78541E+01,6.78541E+01,6.78541E+01,6.78541E+01,6.78541E+01,6.78541E+01,6.78541E+01,6.78541E+01,6.78541E+01,6.78541E+01,6.78541E+01,6.52890E+00,6.78541E+01,1.14134E-01,1.66897E+00 
#t = 1.638E+03
6.78541E+01,6.78541E+01,6.78541E+01,6.78541E+01,6.78541E+01,6.78541E+01,6.78541E+01,6.78541E+01,6.78541E+01,6.78541E+01,6.78541E+01,6.78541E+01,6.78541E+01,6.78541E+01,6.78541E+01,6.78541E+01,6.78541E+01,6.78541E+01,6.78541E+01,6.78541E+01,6.78541E+01,6.78541E+01,3.54404E+01,6.78541E+01,6.78541E+01,6.78541E+01,6.78541E+01,8.07053E+00,6.78541E+01,6.78541E+01,6.56759E+00,6.78541E+01,6.78541E+01,6.78541E+01,2.56850E-01,3.54404E+01,6.78541E+01 
#t = 1.680E+03
6.78541E+01,6.78541E+01,6.78541E+01,6.78541E+01,6.78541E+01,6.78541E+01,6.78541E+01,6.78541E+01,6.78541E+01,1.53581E+01,6.78541E+01,1.53581E+01,6.78541E+01,6.78541E+01,1.53581E+01,1.53581E+01,6.78541E+01,6.78541E+01,1.53581E+01,6.78541E+01,6.78541E+01,6.78541E+01,6.78541E+01,6.78541E+01,1.37683E+01,6.78541E+01,6.78541E+01,6.78541E+01,6.78541E+01,6.78541E+01,6.78541E+01,6.78541E+01,6.78541E+01,6.78541E+01,6.78541E+01,6.78541E+01,6.78541E+01,6.78541E+01,6.78541E+01,6.78541E+01,6.78541E+01 
#t = 1.722E+03
6.78541E+01,6.78541E+01,6.78541E+01,6.78541E+01,6.78541E+01,6.78541E+01,6.78541E+01,6.78541E+01,6.78541E+01,6.78541E+01,6.78541E+01,6.78541E+01,1.03335E+01,6.78541E+01,6.78541E+01,6.78541E+01,6.78541E+01,6.78541E+01,6.78541E+01,6.78541E+01,6.78541E+01,6.78541E+01,6.78541E+01,6.78541E+01,6.78541E+01,6.78541E+01,6.78541E+01,1.53581E+01,6.78541E+01,6.78541E+01,6.78541E+01,6.78541E+01,6.78541E+01,6.78541E+01,1.53581E+01,6.78541E+01,2.12677E-01,1.53581E+01,6.78541E+01,1.13582E+00,6.78541E+01,6.78541E+01,6.78541E+01 
#t = 1.764E+03
6.78541E+01,6.78541E+01,6.78541E+01,6.78541E+01,2.15130E+01,6.78541E+01,6.78541E+01,6.78541E+01,1.30798E+01,6.78541E+01,6.78541E+01,6.78541E+01,6.78541E+01,6.78541E+01,6.78541E+01,6.78541E+01,2.15130E+01,6.78541E+01,6.78541E+01,6.78541E+01,6.78541E+01,6.78541E+01,6.78541E+01,6.78541E+01,6.78541E+01,6.78541E+01,6.78541E+01,6.78541E+01,6.78541E+01,6.78541E+01,6.78541E+01,6.78541E+01,6.78541E+01,6.78541E+01,2.05769E+00,6.78541E+01,7.91782E+00,2.15130E+01,6.78541E+01,6.78541E+01,6.78541E+01 
#t = 1.806E+03
6.78541E+01,6.78541E+01,6.78541E+01,6.78541E+01,6.78541E+01,6.78541E+01,6.78541E+01,6.78541E+01,6.78541E+01,6.78541E+01,6.78541E+01,6.78541E+01,6.78541E+01,6.78541E+01,6.78541E+01,6.78541E+01,6.78541E+01,6.78541E+01,6.78541E+01,6.78541E+01,6.78541E+01,6.78541E+01,6.78541E+01,6.78541E+01,6.78541E+01,6.78541E+01,6.78541E+01,6.86254E-01,6.78541E+01,6.78541E+01,6.78541E+01,6.78541E+01,3.46150E+00,6.78541E+01,6.78541E+01,6.24500E+00,6.78541E+01,6.78541E+01,6.78541E+01,6.78541E+01,3.69341E-01,6.78541E+01,7.55147E-03 
#t = 1.848E+03
6.78541E+01,6.78541E+01,6.78541E+01,6.78541E+01,6.78541E+01,6.78541E+01,6.78541E+01,6.78541E+01,6.78541E+01,6.78541E+01,6.78541E+01,6.78541E+01,6.78541E+01,6.78541E+01,6.78541E+01,6.78541E+01,6.78541E+01,6.78541E+01,6.78541E+01,6.78541E+01,6.78541E+01,6.78541E+01,6.78541E+01,6.78541E+01,6.78541E+01,6.78541E+01,6.78541E+01,6.78541E+01,6.78541E+01,6.78541E+01,2.02005E+00,2.30701E+00,6.78541E+01,6.78541E+01,6.78541E+01,6.78541E+01,4.89387E-01,1.44866E-01,6.78541E+01,5.03813E+00 
#t = 1.890E+03
6.78541E+01,6.78541E+01,6.78541E+01,6.78541E+01,6.78541E+01,6.78541E+01,6.78541E+01,6.78541E+01,6.78541E+01,6.78541E+01,6.78541E+01,6.78541E+01,6.78541E+01,6.78541E+01,6.78541E+01,6.78541E+01,6.78541E+01,6.78541E+01,6.78541E+01,6.78541E+01,6.78541E+01,6.78541E+01,6.78541E+01,6.78541E+01,6.78541E+01,6.78541E+01,6.78541E+01,9.86387E+00,6.78541E+01,6.78541E+01,6.78541E+01,6.78541E+01,6.78541E+01,6.78541E+01,6.78541E+01,6.78541E+01,6.78541E+01,6.78541E+01,6.78541E+01,6.78541E+01,6.78541E+01,6.78541E+01,6.78541E+01,6.78541E+01,6.78541E+01,6.78541E+01,6.78541E+01,6.78541E+01,6.78541E+01,1.25040E+00,6.78541E+01,6.78541E+01,6.78541E+01 
#t = 1.932E+03
6.78541E+01,6.78541E+01,6.78541E+01,6.78541E+01,6.78541E+01,6.78541E+01,6.78541E+01,6.78541E+01,6.78541E+01,6.78541E+01,6.78541E+01,6.78541E+01,6.78541E+01,6.78541E+01,6.78541E+01,6.78541E+01,6.78541E+01,6.78541E+01,6.78541E+01,6.78541E+01,6.78541E+01,6.54894E+00,6.78541E+01,6.78541E+01,6.78541E+01,6.78541E+01,6.78541E+01,6.78541E+01,6.78541E+01,6.78541E+01,6.78541E+01,6.78541E+01,6.57237E-01,6.78541E+01,6.78541E+01,6.78541E+01,6.78541E+01,6.78541E+01,6.78541E+01,6.78541E+01,6.78541E+01,6.78541E+01,6.78541E+01 
#t = 1.974E+03
6.78541E+01,6.78541E+01,6.78541E+01,6.78541E+01,6.78541E+01,6.78541E+01,6.78541E+01,6.78541E+01,6.78541E+01,1.10104E+01,6.78541E+01,6.78541E+01,6.78541E+01,6.78541E+01,6.78541E+01,6.78541E+01,6.78541E+01,1.29680E+01,6.78541E+01,6.78541E+01,6.78541E+01,6.78541E+01,6.78541E+01,6.78541E+01,6.78541E+01,6.78541E+01,6.78541E+01,6.78541E+01,6.78541E+01,6.78541E+01,6.78541E+01,6.78541E+01,6.78541E+01,6.78541E+01,6.78541E+01,6.78541E+01,6.78541E+01,6.78541E+01,4.34089E+00,6.78541E+01,6.78541E+01,6.78541E+01,6.78541E+01,6.78541E+01,6.78541E+01,6.78541E+01,6.78541E+01,6.78541E+01,6.78541E+01,6.78541E+01,6.78541E+01,6.78541E+01,6.78541E+01,6.78541E+01,2.27291E+00,6.78541E+01,1.48418E+00,6.78541E+01,6.78541E+01,6.78541E+01,6.78541E+01,6.78541E+01,6.78541E+01,6.78541E+01 
#t = 2.016E+03
6.78541E+01,6.78541E+01,1.10104E+01,6.78541E+01,6.78541E+01,6.78541E+01,6.78541E+01,6.78541E+01,6.78541E+01,6.78541E+01,6.78541E+01,6.78541E+01,6.78541E+01,6.78541E+01,1.29680E+01,6.78541E+01,6.78541E+01,6.78541E+01,6.78541E+01,6.78541E+01,6.78541E+01,2.02309E+01,6.78541E+01,6.78541E+01,6.78541E+01,6.78541E+01,6.78541E+01,6.78541E+01,6.78541E+01,6.78541E+01,6.78541E+01,6.78541E+01,6.78541E+01,6.78541E+01,6.78541E+01,6.78541E+01,6.78541E+01,6.78541E+01,6.78541E+01,6.78541E+01,6.78541E+01,6.78541E+01,6.78541E+01,1.55789E+01,6.78541E+01,6.78541E+01,6.78541E+01,6.78541E+01,6.78541E+01,6.78541E+01,6.78541E+01,6.78541E+01,2.80449E+00,6.78541E+01,6.78541E+01,6.78541E+01,1.78424E+00,6.78541E+01,6.78541E+01 
#t = 2.058E+03
6.78541E+01,6.78541E+01,6.78541E+01,6.78541E+01,6.78541E+01,6.78541E+01,6.78541E+01,6.78541E+01,6.78541E+01,6.78541E+01,6.78541E+01,6.78541E+01,6.78541E+01,6.78541E+01,9.26092E+00,6.78541E+01,6.78541E+01,6.78541E+01,6.78541E+01,6.78541E+01,6.78541E+01,6.78541E+01,6.78541E+01,6.78541E+01,6.78541E+01,1.29680E+01,6.78541E+01,6.78541E+01,8.99954E+00,3.32785E+00,6.78541E+01,6.78541E+01,6.78541E+01,6.78541E+01,6.78541E+01,6.78541E+01,6.78541E+01,6.78541E+01,6.78541E+01,6.78541E+01,6.78541E+01,6.78541E+01,6.78541E+01,6.78541E+01,6.78541E+01,6.78541E+01,4.82667E-01,6.78541E+01,6.78541E+01,6.78541E+01,6.78541E+01,1.76524E+00,6.78541E+01,1.05879E+00 
#t = 2.100E+03
6.78541E+01,6.78541E+01,6.78541E+01,6.78541E+01,6.78541E+01,6.78541E+01,6.78541E+01,6.78541E+01,6.78541E+01,6.78541E+01,6.78541E+01,6.78541E+01,6.78541E+01,6.78541E+01,6.78541E+01,6.78541E+01,6.78541E+01,6.78541E+01,6.78541E+01,6.78541E+01,6.78541E+01,6.78541E+01,6.78541E+01,6.78541E+01,6.78541E+01,6.78541E+01,6.78541E+01,6.78541E+01,6.78541E+01,6.78541E+01,6.78541E+01,6.78541E+01,6.78541E+01,6.78541E+01,6.78541E+01,6.78541E+01,6.78541E+01,6.78541E+01,6.78541E+01,6.78541E+01,6.78541E+01,6.78541E+01,6.78541E+01,6.78541E+01 
#t = 2.142E+03
6.78541E+01,6.78541E+01,6.78541E+01,6.78541E+01,6.78541E+01,6.78541E+01,6.78541E+01,6.78541E+01,6.78541E+01,6.78541E+01,6.78541E+01,1.14367E+01,6.78541E+01,2.00075E+01,6.78541E+01,6.78541E+01,6.78541E+01,6.78541E+01,6.78541E+01,6.78541E+01,6.78541E+01,6.78541E+01,6.78541E+01,6.78541E+01,6.78541E+01,6.78541E+01,6.78541E+01,6.78541E+01,6.78541E+01,6.78541E+01,6.78541E+01,6.78541E+01,2.00075E+01,6.78541E+01,2.00075E+01,6.78541E+01,6.78541E+01,6.78541E+01,6.78541E+01,6.78541E+01,2.00075E+01,6.78541E+01,6.78541E+01,2.00075E+01,6.78541E+01,1.08101E+00,6.78541E+01 
#t = 2.184E+03
1.14367E+01,6.78541E+01,6.78541E+01,6.78541E+01,6.78541E+01,2.00075E+01,6.78541E+01,6.78541E+01,6.78541E+01,6.78541E+01,6.78541E+01,6.78541E+01,6.78541E+01,6.78541E+01,5.70401E+01,6.78541E+01,6.78541E+01,6.78541E+01,6.78541E+01,6.78541E+01,6.78541E+01,6.78541E+01,6.78541E+01,6.78541E+01,5.70401E+01,6.78541E+01,6.78541E+01,6.78541E+01,1.14367E+01 
#t = 2.226E+03
6.78541E+01,6.78541E+01,6.78541E+01,6.78541E+01,5.70401E+01,6.78541E+01,6.78541E+01,6.78541E+01,5.70401E+01,1.61274E+01,6.78541E+01,6.78541E+01,6.78541E+01,6.78541E+01,6.78541E+01,6.78541E+01,6.78541E+01,5.70401E+01,6.78541E+01,6.78541E+01,6.78541E+01,6.78541E+01,6.78541E+01,6.78541E+01,6.78541E+01,6.78541E+01,6.78541E+01,6.78541E+01,5.70401E+01,6.78541E+01,6.78541E+01,6.78541E+01,6.78541E+01,6.78541E+01,6.78541E+01,6.78541E+01,6.78541E+01 
#t = 2.268E+03
6.78541E+01,6.78541E+01,6.78541E+01,6.78541E+01,6.78541E+01,6.78541E+01,6.78541E+01,6.78541E+01,6.78541E+01,6.78541E+01,6.78541E+01,6.78541E+01,6.78541E+01,6.78541E+01,6.78541E+01,6.78541E+01,6.78541E+01,6.78541E+01,5.70401E+01,6.78541E+01,6.21264E-02,6.78541E+01,6.78541E+01,6.78541E+01,6.78541E+01,6.78541E+01,6.78541E+01,6.78541E+01,6.78541E+01,6.78541E+01,6.78541E+01,6.78541E+01,6.78541E+01,2.10742E+00,6.78541E+01 
#t = 2.310E+03
6.78541E+01,6.78541E+01,6.78541E+01,5.70401E+01,5.70401E+01,6.78541E+01,6.78541E+01,6.78541E+01,5.70401E+01,6.78541E+01,6.78541E+01,6.78541E+01,6.78541E+01,5.70401E+01,6.78541E+01,6.78541E+01,6.78541E+01,5.70401E+01,6.78541E+01,6.78541E+01,6.78541E+01,6.78541E+01,6.78541E+01,6.78541E+01,5.70401E+01,6.78541E+01,6.78541E+01,6.78541E+01,6.78541E+01,6.78541E+01,6.78541E+01,6.78541E+01,6.78541E+01,6.78541E+01,5.70401E+01,6.78541E+01,6.78541E+01,6.78541E+01,6.78541E+01,6.78541E+01,6.78541E+01,6.78541E+01,6.78541E+01,6.78541E+01,1.67790E+00 
#t = 2.352E+03
6.78541E+01,6.78541E+01,6.78541E+01,6.78541E+01,6.78541E+01,6.78541E+01,6.78541E+01,6.78541E+01,6.78541E+01,6.78541E+01,6.78541E+01,6.78541E+01,6.78541E+01,6.78541E+01,6.78541E+01,6.78541E+01,6.78541E+01,6.78541E+01,6.78541E+01,6.78541E+01,6.78541E+01,6.78541E+01,6.78541E+01,6.78541E+01,6.78541E+01,6.78541E+01,6.78541E+01,6.78541E+01,6.78541E+01,6.78541E+01,6.78541E+01,6.78541E+01,6.78541E+01,6.78541E+01,7.32741E+00,6.78541E+01,6.78541E+01,6.78541E+01,6.09322E-01,6.78541E+01,6.78541E+01,6.73763E+00,6.78541E+01,6.78541E+01 
#t = 2.394E+03
6.78541E+01,6.78541E+01,6.78541E+01,6.78541E+01,6.78541E+01,6.78541E+01,6.78541E+01,6.78541E+01,6.78541E+01,6.78541E+01,6.78541E+01,6.78541E+01,6.78541E+01,6.78541E+01,6.78541E+01,6.78541E+01,6.78541E+01,6.78541E+01,6.78541E+01,6.78541E+01,6.78541E+01,6.78541E+01,6.78541E+01,6.78541E+01,6.78541E+01,6.78541E+01,6.78541E+01,2.10627E-01,1.63856E+01,6.78541E+01,6.78541E+01,6.78541E+01,6.78541E+01,6.78541E+01,6.78541E+01 
#t = 2.436E+03
6.78541E+01,6.78541E+01,6.78541E+01,6.78541E+01,6.78541E+01,1.97280E+01,6.78541E+01,6.78541E+01,6.78541E+01,6.78541E+01,6.78541E+01,6.78541E+01,6.78541E+01,6.78541E+01,6.78541E+01,6.78541E+01,6.78541E+01,6.78541E+01,6.78541E+01,6.78541E+01,6.78541E+01,6.78541E+01,6.78541E+01,6.78541E+01,6.78541E+01,6.78541E+01,1.17831E+00,6.78541E+01,6.78541E+01,6.78541E+01,6.78541E+01,6.78541E+01,5.82441E+00,6.78541E+01,6.78541E+01,6.78541E+01,6.78541E+01,9.90905E-01,1.97280E+01,1.35700E+00,6.78541E+01,6.78541E+01,6.78541E+01,1.44963E+00 
#t = 2.478E+03
6.78541E+01,6.78541E+01,6.78541E+01,6.78541E+01,1.97280E+01,6.78541E+01,6.78541E+01,6.78541E+01,6.78541E+01,6.78541E+01,6.78541E+01,1.97280E+01,6.78541E+01,6.78541E+01,6.78541E+01,6.78541E+01,6.78541E+01,6.78541E+01,6.78541E+01,6.78541E+01,6.78541E+01,6.78541E+01,6.78541E+01,6.78541E+01,6.78541E+01,6.78541E+01,6.78541E+01,6.78541E+01,6.78541E+01,8.43031E+00,6.78541E+01,6.78541E+01,6.78541E+01,6.78541E+01,6.78541E+01,6.78541E+01,6.78541E+01,6.78541E+01,6.78541E+01,6.93768E-02,2.78708E-01,6.78541E+01,5.49836E-01 
#t = 2.520E+03
6.78541E+01,6.78541E+01,6.78541E+01,6.78541E+01,6.78541E+01,6.78541E+01,6.78541E+01,6.78541E+01,6.78541E+01,6.78541E+01,6.78541E+01,6.78541E+01,1.43089E+01,6.78541E+01,6.78541E+01,6.78541E+01,6.78541E+01,6.78541E+01,6.78541E+01,1.84499E+00,6.78541E+01,6.78541E+01,6.78541E+01,6.78541E+01,6.78541E+01,6.78541E+01,6.78541E+01,6.78541E+01,6.78541E+01,6.78541E+01,6.78541E+01,6.78541E+01,6.78541E+01,6.78541E+01,6.78541E+01 
#t = 2.562E+03
6.78541E+01,6.78541E+01,6.78541E+01,6.78541E+01,6.78541E+01,6.78541E+01,6.78541E+01,6.78541E+01,6.78541E+01,6.78541E+01,6.78541E+01,6.78541E+01,6.78541E+01,6.78541E+01,6.78541E+01,6.78541E+01,6.78541E+01,6.78541E+01,6.78541E+01,6.78541E+01,6.78541E+01,6.78541E+01,6.78541E+01,6.78541E+01,6.78541E+01,6.78541E+01,6.78541E+01,6.78541E+01,6.78541E+01,6.78541E+01,6.78541E+01,6.78541E+01,6.78541E+01,4.51193E+00,6.78541E+01,6.78541E+01,6.78541E+01,6.78541E+01,6.78541E+01,6.78541E+01,6.78541E+01,6.78541E+01 
#t = 2.604E+03
6.78541E+01,6.78541E+01,6.78541E+01,6.78541E+01,6.78541E+01,6.78541E+01,6.78541E+01,6.78541E+01,6.78541E+01,6.78541E+01,6.78541E+01,6.78541E+01,6.78541E+01,6.78541E+01,6.78541E+01,6.78541E+01,6.78541E+01,6.78541E+01,6.78541E+01,6.78541E+01,6.78541E+01,6.78541E+01,6.78541E+01,6.78541E+01,6.78541E+01,6.78541E+01,6.78541E+01,6.78541E+01,6.78541E+01,6.78541E+01,1.21379E-01,6.78541E+01,6.78541E+01,6.78541E+01,6.78541E+01,6.78541E+01,6.78541E+01,6.78541E+01,6.78541E+01,6.78541E+01,1.46235E-01,6.78541E+01 
#t = 2.646E+03
6.78541E+01,6.78541E+01,6.78541E+01,6.78541E+01,6.78541E+01,6.78541E+01,6.78541E+01,1.06163E+01,6.78541E+01,6.78541E+01,6.78541E+01,1.80671E+01,6.78541E+01,6.78541E+01,6.78541E+01,6.78541E+01,6.78541E+01,1.10299E+01,6.78541E+01,6.78541E+01,6.78541E+01,6.78541E+01,6.78541E+01,6.78541E+01,6.78541E+01,6.78541E+01,6.78541E+01,1.80671E+01,6.78541E+01,6.78541E+01,6.78541E+01,6.78541E+01,6.78541E+01,6.78541E+01,6.78541E+01,6.78541E+01,6.78541E+01,6.78541E+01,6.78541E+01,6.78541E+01,6.78541E+01,6.78541E+01,1.99136E+01,1.80671E+01,6.78541E+01 
#t = 2.688E+03
6.78541E+01,1.80671E+01,6.78541E+01,6.78541E+01,6.78541E+01,6.78541E+01,6.78541E+01,6.78541E+01,6.78541E+01,6.78541E+01,6.78541E+01,6.78541E+01,6.78541E+01,6.78541E+01,6.78541E+01,6.78541E+01,6.78541E+01,6.78541E+01,6.78541E+01,1.26948E+01,6.78541E+01,6.78541E+01,6.78541E+01,6.78541E+01,6.78541E+01,6.78541E+01,6.78541E+01,6.78541E+01,6.78541E+01,6.78541E+01,1.76225E-01,6.78541E+01,6.78541E+01,6.78541E+01,6.78541E+01,6.78541E+01,6.78541E+01 
#t = 2.730E+03
6.78541E+01,6.78541E+01,6.78541E+01,6.78541E+01,6.78541E+01,6.78541E+01,6.78541E+01,6.78541E+01,6.78541E+01,6.78541E+01,6.78541E+01,6.78541E+01,6.78541E+01,6.78541E+01,6.78541E+01,6.78541E+01,6.78541E+01,6.78541E+01,6.78541E+01,6.78541E+01,6.78541E+01,6.78541E+01,6.78541E+01,1.46179E+01,6.78541E+01,6.78541E+01,6.78541E+01,6.78541E+01,6.78541E+01,3.58493E+01,1.46179E+01,6.78541E+01,6.78541E+01,6.78541E+01,6.69307E+00,6.78541E+01,1.46179E+01,6.78541E+01,7.87563E+00,1.46179E+01,6.78541E+01,6.78541E+01 
#t = 2.772E+03
6.78541E+01,6.78541E+01,6.78541E+01,6.78541E+01,6.78541E+01,1.46179E+01,6.78541E+01,6.78541E+01,6.78541E+01,6.78541E+01,6.78541E+01,6.78541E+01,2.33400E+01,6.78541E+01,6.78541E+01,2.33400E+01,6.78541E+01,6.78541E+01,6.78541E+01,6.78541E+01,6.78541E+01,6.78541E+01,6.78541E+01,6.78541E+01,6.78541E+01,6.78541E+01,6.78541E+01,6.78541E+01,6.78541E+01,1.46179E+01,6.78541E+01,6.78541E+01,6.78541E+01,6.78541E+01,6.78541E+01,6.78541E+01,6.78541E+01,6.78541E+01,6.78541E+01,6.78541E+01,6.78541E+01,6.78541E+01,6.77372E+00,6.78541E+01,1.46179E+01,6.78541E+01,6.17036E-01,6.78541E+01,6.78541E+01,3.26526E-01,7.06528E+00,2.33400E+01,6.78541E+01,6.78541E+01,1.62182E+00,6.78541E+01 
#t = 2.814E+03
6.78541E+01,6.78541E+01,6.78541E+01,6.78541E+01,6.78541E+01,6.78541E+01,1.57416E+01,6.78541E+01,6.78541E+01,6.78541E+01,6.78541E+01,6.78541E+01,6.78541E+01,6.78541E+01,6.78541E+01,6.78541E+01,6.78541E+01,6.78541E+01,6.78541E+01,6.78541E+01,6.78541E+01,6.78541E+01,6.78541E+01,6.78541E+01,6.78541E+01,6.78541E+01,6.78541E+01,6.78541E+01,6.78541E+01,1.57416E+01,6.78541E+01,6.78541E+01,6.78541E+01,6.78541E+01,6.78541E+01,6.78541E+01,6.78541E+01,6.78541E+01,6.78541E+01,6.78541E+01,6.78541E+01,6.78541E+01,6.78541E+01,6.78541E+01,6.78541E+01,6.78541E+01,6.78541E+01,1.69850E+00,6.78541E+01,1.57416E+01,6.78541E+01,6.78541E+01,6.78541E+01,6.78541E+01,6.78541E+01,1.57416E+01,6.78541E+01,6.78541E+01,6.78541E+01 
#t = 2.856E+03
6.78541E+01,6.78541E+01,6.78541E+01,1.57416E+01,6.78541E+01,6.78541E+01,6.78541E+01,6.78541E+01,6.78541E+01,6.78541E+01,6.78541E+01,6.78541E+01,6.78541E+01,6.78541E+01,6.78541E+01,6.78541E+01,6.78541E+01,6.78541E+01,6.78541E+01,6.78541E+01,6.78541E+01,7.51722E+00,6.78541E+01,6.78541E+01,6.78541E+01,6.78541E+01,6.78541E+01,6.78541E+01,6.78541E+01,6.78541E+01,6.78541E+01,6.78541E+01,6.78541E+01 
#t = 2.898E+03
6.78541E+01,6.78541E+01,6.78541E+01,6.78541E+01,5.32552E+01,6.78541E+01,6.78541E+01,6.78541E+01,6.78541E+01,6.78541E+01,6.78541E+01,6.78541E+01,6.78541E+01,6.78541E+01,6.78541E+01,6.78541E+01,6.78541E+01,6.78541E+01,6.78541E+01,6.78541E+01,6.78541E+01,6.78541E+01,6.78541E+01,6.78541E+01,6.78541E+01,6.78541E+01,6.78541E+01,6.78541E+01,6.78541E+01,6.78541E+01,6.78541E+01,6.78541E+01,6.78541E+01,6.78541E+01,9.80973E+00,6.78541E+01,6.78541E+01,6.78541E+01,6.78541E+01,1.33351E+01,6.78541E+01,1.33351E+01,6.78541E+01,6.78541E+01 
#t = 2.940E+03
6.78541E+01,6.78541E+01,6.78541E+01,6.78541E+01,6.78541E+01,6.78541E+01,6.78541E+01,6.78541E+01,1.33351E+01,1.33351E+01,5.32552E+01,6.78541E+01,6.78541E+01,6.78541E+01,1.21422E+01,6.78541E+01,6.78541E+01,6.78541E+01,1.83012E+01,5.32552E+01,6.78541E+01,6.78541E+01,6.78541E+01,6.78541E+01,6.78541E+01,6.78541E+01,6.78541E+01,5.32552E+01,6.78541E+01,1.83012E+01,6.78541E+01,1.33351E+01,6.78541E+01,6.78541E+01,6.78541E+01,9.58573E+01,6.78541E+01,1.83012E+01,1.83012E+01,6.78541E+01,6.78541E+01,6.78541E+01,6.78541E+01,1.21422E+01,6.78541E+01,1.21974E-01 
#t = 2.982E+03
6.78541E+01,6.78541E+01,9.58573E+01,1.83012E+01,1.83012E+01,6.78541E+01,6.78541E+01,4.30317E+01,6.78541E+01,6.78541E+01,7.17231E+00,6.78541E+01,6.78541E+01,1.36683E+01,6.78541E+01,6.78541E+01,1.83012E+01,6.78541E+01,6.78541E+01,6.78541E+01,6.78541E+01,6.78541E+01,6.78541E+01,1.83012E+01,6.78541E+01,6.78541E+01,6.78541E+01,6.78541E+01,6.78541E+01,6.78541E+01,6.78541E+01,1.02712E+01,6.78541E+01,6.78541E+01,6.78541E+01,6.78541E+01,6.78541E+01,6.78541E+01,6.78541E+01,6.78541E+01,6.78541E+01,6.78541E+01,2.40537E+00,1.38335E+00,3.88204E-01,6.78541E+01 
#t = 3.024E+03
2.33982E+01,6.78541E+01,6.78541E+01,6.78541E+01,6.78541E+01,6.78541E+01,6.78541E+01,6.78541E+01,6.78541E+01,6.78541E+01,6.78541E+01,6.78541E+01,6.78541E+01,6.78541E+01,6.78541E+01,6.78541E+01,6.78541E+01,6.78541E+01,4.81403E+01,6.78541E+01,6.78541E+01,6.78541E+01,6.78541E+01,4.81403E+01,4.81403E+01,6.78541E+01,6.78541E+01,6.78541E+01,6.78541E+01,6.78541E+01,6.78541E+01,4.81403E+01,6.78541E+01,6.78541E+01,6.78541E+01,6.78541E+01,4.81403E+01,6.78541E+01,6.78541E+01,6.78541E+01 
#t = 3.066E+03
6.78541E+01,6.78541E+01,6.78541E+01,6.78541E+01,6.78541E+01,2.33982E+01,6.78541E+01,6.78541E+01,6.78541E+01,6.78541E+01,6.78541E+01,6.78541E+01,4.81403E+01,4.81403E+01,6.78541E+01,6.78541E+01,6.78541E+01,6.78541E+01,6.78541E+01,6.78541E+01,1.50256E+01,6.78541E+01,6.78541E+01,6.78541E+01,6.78541E+01,6.78541E+01,6.78541E+01,6.78541E+01,6.78541E+01,6.78541E+01,6.78541E+01,6.78541E+01,6.78541E+01,6.78541E+01,6.78541E+01,6.78541E+01,6.78541E+01,6.78541E+01,6.69913E+00,6.78541E+01,6.78541E+01,6.78541E+01,2.54784E-02,6.78541E+01,6.78541E+01,6.78541E+01,6.78541E+01,3.19523E+00,1.50256E+01,1.72099E+00 
#t = 3.108E+03
6.78541E+01,6.78541E+01,6.78541E+01,6.78541E+01,6.78541E+01,6.78541E+01,6.78541E+01,1.32635E+01,6.78541E+01,6.78541E+01,6.78541E+01,1.50256E+01,6.78541E+01,4.81403E+01,6.78541E+01,6.78541E+01,6.78541E+01,6.78541E+01,6.78541E+01,1.32635E+01,6.78541E+01,6.78541E+01,6.78541E+01,6.78541E+01,6.78541E+01,6.78541E+01,6.78541E+01,4.81403E+01,6.78541E+01,6.78541E+01,4.81403E+01,6.78541E+01,6.78541E+01,6.78541E+01,1.50256E+01,4.81403E+01,1.11028E+01,6.78541E+01,6.78541E+01,4.81403E+01,6.78541E+01,6.78541E+01,4.81403E+01,6.78541E+01,6.78541E+01,4.81403E+01,4.83292E-01,1.50256E+01,6.78541E+01,6.78541E+01,1.50256E+01,4.81403E+01,4.81403E+01,4.81403E+01,6.78541E+01,4.81403E+01,4.81403E+01,6.78541E+01,1.32635E+01 
#t = 3.150E+03
6.78541E+01,6.78541E+01,6.78541E+01,6.78541E+01,6.78541E+01,6.78541E+01,6.78541E+01,6.78541E+01,4.81403E+01,6.78541E+01,6.78541E+01,6.78541E+01,6.78541E+01,1.50256E+01,6.78541E+01,4.81403E+01,4.81403E+01,4.81403E+01,1.50256E+01,1.50256E+01,6.78541E+01,1.50256E+01,6.78541E+01,6.78541E+01,1.50256E+01,4.81403E+01,1.50256E+01,6.78541E+01,6.78541E+01,6.78541E+01,6.78541E+01,6.78541E+01,9.08518E-01,6.78541E+01,1.50256E+01,1.50256E+01,6.32446E-01,4.81403E+01,1.50256E+01,6.78541E+01,1.50256E+01,5.18390E-01,6.78541E+01,1.50256E+01,1.50256E+01,1.50256E+01 
#t = 3.192E+03
6.78541E+01,6.78541E+01,1.50256E+01,6.78541E+01,6.78541E+01,6.78541E+01,6.78541E+01,6.78541E+01,6.78541E+01,6.78541E+01,6.78541E+01,9.37065E+00,6.78541E+01,1.50256E+01,6.78541E+01,1.50256E+01,6.78541E+01,6.78541E+01,6.78541E+01,1.50256E+01,6.78541E+01,4.18469E+01,6.78541E+01,6.78541E+01,1.22341E+01,6.78541E+01,1.50256E+01,6.78541E+01,6.78541E+01,3.09898E+01,6.78541E+01,1.50256E+01,6.78541E+01,6.78541E+01,1.22341E+01,6.78541E+01,5.06194E-01,6.78541E+01,1.71705E+00,1.50256E+01,1.59603E+00,7.37051E+00,8.47996E-01,6.78541E+01 
#t = 3.234E+03
6.78541E+01,6.78541E+01,6.78541E+01,6.78541E+01,6.78541E+01,6.78541E+01,6.78541E+01,6.78541E+01,6.78541E+01,6.78541E+01,6.78541E+01,6.78541E+01,6.78541E+01,6.78541E+01,6.78541E+01,6.78541E+01,6.78541E+01,6.78541E+01,6.78541E+01,6.78541E+01,6.78541E+01,6.78541E+01,6.78541E+01,6.78541E+01,6.78541E+01,6.78541E+01,6.78541E+01,6.78541E+01,4.54038E+00,6.78541E+01,6.78541E+01,6.78541E+01,6.78541E+01,6.78541E+01,6.78541E+01,7.61662E-01,6.78541E+01,6.78541E+01,6.78541E+01,6.78541E+01 
#t = 3.276E+03
6.78541E+01,6.78541E+01,6.78541E+01,6.78541E+01,6.78541E+01,6.78541E+01,6.78541E+01,6.78541E+01,6.78541E+01,6.78541E+01,6.78541E+01,6.78541E+01,6.78541E+01,6.78541E+01,6.78541E+01,6.78541E+01,6.78541E+01,6.78541E+01,6.78541E+01,6.78541E+01,6.78541E+01,6.78541E+01,6.78541E+01,6.78541E+01,6.78541E+01,6.78541E+01,6.78541E+01,6.78541E+01,6.78541E+01,6.78541E+01,6.78541E+01,1.23963E+00,6.78541E+01,6.78541E+01,1.48739E-01,6.78541E+01,6.78541E+01,6.78541E+01,6.78541E+01,6.78541E+01 
#t = 3.318E+03
6.78541E+01,6.78541E+01,9.77169E+00,6.78541E+01,6.78541E+01,6.78541E+01,6.78541E+01,6.78541E+01,6.78541E+01,6.78541E+01,6.78541E+01,6.78541E+01,6.78541E+01,6.78541E+01,6.78541E+01,6.78541E+01,6.78541E+01,1.34017E+01,6.78541E+01,6.78541E+01,6.78541E+01,6.78541E+01,6.78541E+01,6.78541E+01,6.78541E+01,6.78541E+01,6.78541E+01,6.78541E+01,6.78541E+01,6.78541E+01,6.78541E+01,6.78541E+01,6.78541E+01,1.32130E-01,6.78541E+01,6.78541E+01,3.33978E-01,9.69953E+00,6.78541E+01,1.82827E+00,6.78541E+01,7.01011E-01 
#t = 3.360E+03
6.78541E+01,6.78541E+01,6.78541E+01,6.78541E+01,6.78541E+01,6.78541E+01,6.78541E+01,6.78541E+01,6.78541E+01,6.78541E+01,6.78541E+01,6.78541E+01,6.78541E+01,6.78541E+01,6.78541E+01,6.78541E+01,6.78541E+01,6.78541E+01,6.78541E+01,6.78541E+01,6.78541E+01,6.78541E+01,5.18685E-01,6.78541E+01,6.78541E+01,6.78541E+01,6.78541E+01,6.78541E+01,6.78541E+01,6.78541E+01,6.78541E+01,6.78541E+01,6.78541E+01,6.78541E+01,6.78541E+01,6.78541E+01,1.44641E+00,6.78541E+01,6.78541E+01,6.78541E+01 
#t = 3.402E+03
6.78541E+01,6.78541E+01,6.78541E+01,8.36260E+00,6.78541E+01,6.78541E+01,6.78541E+01,6.78541E+01,6.78541E+01,6.78541E+01,6.78541E+01,6.78541E+01,6.78541E+01,6.78541E+01,6.78541E+01,9.82802E+00,6.78541E+01,6.78541E+01,6.78541E+01,6.78541E+01,6.78541E+01,6.78541E+01,6.78541E+01,6.78541E+01,6.78541E+01,6.78541E+01,6.78541E+01,6.78541E+01,6.78541E+01,6.78541E+01,6.78541E+01,6.78541E+01,6.99068E+00,6.78541E+01,6.78541E+01,6.78541E+01,6.78541E+01,6.78541E+01,6.78541E+01,2.80084E+00,6.78541E+01,6.78541E+01,6.78541E+01,6.78541E+01,6.78541E+01 
#t = 3.444E+03
6.78541E+01,6.78541E+01,6.78541E+01,6.78541E+01,6.78541E+01,6.78541E+01,6.78541E+01,6.78541E+01,6.78541E+01,6.78541E+01,6.78541E+01,1.89132E+01,6.78541E+01,6.78541E+01,6.78541E+01,6.78541E+01,6.78541E+01,6.78541E+01,6.78541E+01,6.78541E+01,6.78541E+01,6.78541E+01,6.78541E+01,6.78541E+01,1.89132E+01,1.89132E+01,6.78541E+01,6.78541E+01,1.89132E+01,6.78541E+01,1.46148E+01,6.78541E+01,6.78541E+01,6.78541E+01,1.89132E+01,6.78541E+01,1.89132E+01,6.78541E+01,1.89132E+01 
#t = 3.486E+03
6.78541E+01,1.89132E+01,6.78541E+01,1.46148E+01,1.89132E+01,1.89132E+01,6.78541E+01,6.78541E+01,6.78541E+01,1.46148E+01,1.89132E+01,6.78541E+01,6.78541E+01,6.78541E+01,1.89132E+01,1.15117E+01,6.78541E+01,1.15117E+01,6.78541E+01,6.78541E+01,6.78541E+01,1.46148E+01,6.78541E+01,6.78541E+01,6.78541E+01,6.78541E+01,6.78541E+01,6.78541E+01,1.15117E+01,6.78541E+01,6.78541E+01,6.78541E+01,6.78541E+01,6.78541E+01,1.89132E+01,6.78541E+01,1.89132E+01,6.78541E+01,6.78541E+01,6.78541E+01,6.78541E+01,6.78541E+01,3.15537E+00 
#t = 3.528E+03
6.78541E+01,1.89132E+01,1.46148E+01,6.78541E+01,6.78541E+01,1.89132E+01,6.78541E+01,6.78541E+01,6.78541E+01,6.78541E+01,6.78541E+01,6.78541E+01,1.89132E+01,6.78541E+01,1.89132E+01,6.78541E+01,6.78541E+01,6.78541E+01,1.89132E+01,6.78541E+01,6.78541E+01,6.78541E+01,6.78541E+01,6.78541E+01,1.46148E+01,6.78541E+01,6.78541E+01,6.78541E+01,6.78541E+01,6.78541E+01,6.78541E+01,6.78541E+01,1.89132E+01,6.78541E+01,6.78541E+01,6.78541E+01,6.78541E+01,6.78541E+01,6.78541E+01,6.78541E+01,6.78541E+01,6.17399E+00,1.89132E+01,6.78541E+01,5.55360E-01,5.77463E+00,6.91955E-01,6.78541E+01 
#t = 3.570E+03
6.78541E+01,6.78541E+01,6.78541E+01,1.89132E+01,1.89132E+01,6.78541E+01,6.78541E+01,6.78541E+01,6.78541E+01,6.78541E+01,6.78541E+01,6.78541E+01,6.78541E+01,6.78541E+01,1.04006E+01,6.78541E+01,6.78541E+01,6.78541E+01,1.24737E+01,6.78541E+01,6.78541E+01,2.21087E+01,6.78541E+01,6.78541E+01,1.89132E+01,1.35523E+01,6.78541E+01,2.21087E+01,6.78541E+01,6.78541E+01,1.35523E+01,2.27012E+00,1.89132E+01,6.78541E+01,6.78541E+01,6.78541E+01,6.78541E+01,6.78541E+01,4.12470E-01 
#t = 3.612E+03
6.78541E+01,6.78541E+01,6.78541E+01,6.78541E+01,6.78541E+01,6.78541E+01,6.78541E+01,6.78541E+01,6.78541E+01,6.78541E+01,6.78541E+01,6.78541E+01,6.78541E+01,6.78541E+01,6.78541E+01,6.78541E+01,6.78541E+01,6.78541E+01,6.78541E+01,6.78541E+01,6.78541E+01,6.78541E+01,6.78541E+01,6.78541E+01,6.78541E+01,6.78541E+01,6.78541E+01,2.96228E+01,6.78541E+01,1.07222E+01,6.78541E+01,6.78541E+01,6.78541E+01,6.78541E+01,6.78541E+01,6.78541E+01,6.78541E+01,6.78541E+01,6.78541E+01,3.46402E+01,6.78541E+01,6.78541E+01,1.65437E+00,6.78541E+01,6.78541E+01,6.78541E+01 
#t = 3.654E+03
6.78541E+01,6.78541E+01,6.78541E+01,6.78541E+01,6.78541E+01,6.78541E+01,6.78541E+01,6.78541E+01,6.78541E+01,6.78541E+01,6.78541E+01,6.78541E+01,6.78541E+01,6.78541E+01,6.78541E+01,6.78541E+01,6.78541E+01,6.78541E+01,6.78541E+01,6.78541E+01,2.70717E+01,6.78541E+01,6.78541E+01,6.78541E+01,6.78541E+01,6.78541E+01,6.78541E+01,6.78541E+01,1.19545E-01,6.78541E+01,2.70717E+01,6.78541E+01,6.78541E+01,6.78541E+01,6.78541E+01,6.78541E+01,6.78541E+01,6.78541E+01,6.78541E+01,6.78541E+01,6.78541E+01,6.78541E+01,6.78541E+01,6.78541E+01,6.78541E+01,6.78541E+01,6.78541E+01,6.78541E+01,6.78541E+01,4.59705E+00 
#t = 3.696E+03
6.78541E+01,6.78541E+01,6.78541E+01,2.70717E+01,6.78541E+01,6.78541E+01,6.78541E+01,6.78541E+01,6.78541E+01,6.78541E+01,6.78541E+01,6.78541E+01,6.78541E+01,6.78541E+01,6.78541E+01,6.78541E+01,6.78541E+01,6.78541E+01,6.78541E+01,6.78541E+01,6.78541E+01,6.78541E+01,6.78541E+01,6.78541E+01,6.78541E+01,6.78541E+01,8.34824E-01,6.78541E+01,6.78541E+01,6.78541E+01,6.78541E+01,6.78541E+01,1.53467E+00,6.78541E+01,2.07838E+00,6.78541E+01,6.78541E+01,6.78541E+01,4.31314E-01,6.78541E+01,6.78541E+01,5.84812E-01 
#t = 3.738E+03
6.78541E+01,6.78541E+01,6.78541E+01,6.78541E+01,6.78541E+01,6.78541E+01,3.05720E+01,6.78541E+01,6.78541E+01,6.78541E+01,6.78541E+01,6.78541E+01,6.78541E+01,6.78541E+01,7.84711E+00,6.78541E+01,6.78541E+01,6.78541E+01,6.78541E+01,9.27829E+00,6.78541E+01,6.78541E+01,6.78541E+01,6.78541E+01,6.78541E+01,6.78541E+01,6.78541E+01,6.78541E+01,6.78541E+01,6.78541E+01,6.78541E+01,6.78541E+01,6.78541E+01,6.78541E+01,6.78541E+01,6.78541E+01,6.78541E+01,6.78541E+01,6.78541E+01,6.78541E+01 
#t = 3.780E+03
6.78541E+01,6.78541E+01,6.78541E+01,6.78541E+01,6.78541E+01,6.78541E+01,6.78541E+01,6.78541E+01,6.78541E+01,6.78541E+01,6.78541E+01,6.78541E+01,6.78541E+01,6.78541E+01,6.78541E+01,6.78541E+01,6.78541E+01,6.78541E+01,6.78541E+01,6.78541E+01,6.78541E+01,1.06449E+01,4.95755E+00,6.78541E+01,2.60427E+01,6.78541E+01,4.72741E+00,6.78541E+01,6.78541E+01,6.78541E+01,6.78541E+01,6.78541E+01,6.78541E+01,6.78541E+01,5.83006E+00,6.78541E+01,6.78541E+01,6.78541E+01,6.78541E+01 
#t = 3.822E+03
6.78541E+01,6.78541E+01,6.78541E+01,6.78541E+01,6.78541E+01,6.78541E+01,6.78541E+01,6.78541E+01,6.78541E+01,6.78541E+01,6.78541E+01,1.36202E+01,6.78541E+01,6.78541E+01,6.78541E+01,6.78541E+01,6.78541E+01,6.78541E+01,6.78541E+01,6.78541E+01,1.36202E+01,6.78541E+01,6.78541E+01,6.78541E+01,6.78541E+01,6.78541E+01,6.78541E+01,6.78541E+01,6.78541E+01 
#t = 3.864E+03
6.78541E+01,6.78541E+01,6.78541E+01,6.78541E+01,6.78541E+01,6.78541E+01,6.78541E+01,6.78541E+01,6.78541E+01,6.78541E+01,6.78541E+01,6.78541E+01,6.78541E+01,6.78541E+01,6.78541E+01,6.78541E+01,6.78541E+01,6.78541E+01,6.78541E+01,6.78541E+01,6.78541E+01,6.78541E+01,6.78541E+01,6.78541E+01,6.78541E+01,6.78541E+01,6.78541E+01,6.78541E+01,6.78541E+01,6.78541E+01,6.78541E+01,6.78541E+01,6.78541E+01,6.78541E+01,6.78541E+01,6.78541E+01,6.78541E+01,6.78541E+01,6.78541E+01,6.78541E+01,6.78541E+01,6.78541E+01,6.78541E+01,5.99865E+00,6.78541E+01 
#t = 3.906E+03
6.78541E+01,6.78541E+01,6.78541E+01,6.78541E+01,6.78541E+01,6.78541E+01,6.78541E+01,6.78541E+01,6.78541E+01,6.78541E+01,6.78541E+01,6.78541E+01,6.78541E+01,1.72102E+01,6.78541E+01,1.72102E+01,6.78541E+01,6.78541E+01,6.78541E+01,6.78541E+01,6.78541E+01,6.78541E+01,6.78541E+01,6.78541E+01,6.78541E+01,6.78541E+01,6.78541E+01,6.78541E+01,6.78541E+01,6.78541E+01,5.29007E-02,6.78541E+01,8.40208E-01,6.78541E+01,6.78541E+01,6.73238E+00,6.78541E+01,6.78541E+01,6.78541E+01,4.09979E-01,6.78541E+01,6.78541E+01,6.78541E+01 
#t = 3.948E+03
6.78541E+01,6.78541E+01,6.78541E+01,6.78541E+01,6.78541E+01,1.16600E+01,1.16600E+01,6.78541E+01,6.78541E+01,6.78541E+01,6.78541E+01,6.78541E+01,6.78541E+01,6.78541E+01,6.78541E+01,6.78541E+01,6.78541E+01,6.78541E+01,6.78541E+01,6.78541E+01,1.16600E+01,6.78541E+01,1.12694E+01,6.78541E+01,6.78541E+01,6.78541E+01,6.78541E+01,6.78541E+01,6.78541E+01,6.78541E+01,2.67795E+00,6.78541E+01,6.78541E+01,6.78541E+01,6.78541E+01 
#t = 3.990E+03
6.78541E+01,6.78541E+01,6.78541E+01,1.16600E+01,6.78541E+01,6.78541E+01,6.78541E+01,6.78541E+01,6.78541E+01,6.78541E+01,6.78541E+01,6.78541E+01,6.78541E+01,6.78541E+01,6.78541E+01,6.78541E+01,1.16600E+01,1.16600E+01,6.78541E+01,6.78541E+01,6.78541E+01,6.78541E+01,6.78541E+01,1.64783E+01,6.78541E+01,6.78541E+01,6.78541E+01,1.16600E+01,1.16600E+01,6.78541E+01,6.78541E+01,6.78541E+01,6.78541E+01,6.78541E+01,6.78541E+01,6.78541E+01,6.78541E+01,1.16600E+01,1.16600E+01,6.78541E+01,6.78541E+01,6.78541E+01,6.78541E+01,6.78541E+01,6.78541E+01,1.16600E+01,6.78541E+01,1.16600E+01,6.78541E+01,1.56760E+01,6.78541E+01,1.16600E+01,6.78541E+01,6.78541E+01,6.78541E+01,1.64783E+01,6.78541E+01,6.78541E+01,6.78541E+01,1.16600E+01,2.85128E+00,6.78541E+01,6.78541E+01 
#t = 4.032E+03
6.78541E+01,6.78541E+01,6.78541E+01,6.78541E+01,6.78541E+01,1.16600E+01,6.78541E+01,6.78541E+01,1.06833E+01,6.78541E+01,6.78541E+01,1.16600E+01,1.16600E+01,1.16600E+01,6.78541E+01,6.38078E+00,6.78541E+01,6.78541E+01,6.78541E+01,1.16600E+01,6.78541E+01,6.78541E+01,1.16600E+01,6.78541E+01,6.78541E+01,1.66445E+00,6.78541E+01,6.78541E+01,6.78541E+01,6.78541E+01,6.78541E+01,6.78541E+01,6.78541E+01,6.78541E+01,6.78541E+01,2.84785E-01,1.06833E+01,6.78541E+01,2.01834E+01,8.52689E-01 
#t = 4.074E+03
6.78541E+01,6.78541E+01,6.78541E+01,6.78541E+01,6.78541E+01,6.78541E+01,6.78541E+01,6.78541E+01,6.78541E+01,6.78541E+01,6.78541E+01,6.78541E+01,6.78541E+01,6.78541E+01,6.78541E+01,6.78541E+01,6.78541E+01,6.78541E+01,6.78541E+01,6.78541E+01,1.16600E+01,6.78541E+01,6.78541E+01,6.78541E+01,6.78541E+01,6.78541E+01,6.78541E+01,6.78541E+01,6.78541E+01,6.78541E+01,6.78541E+01,3.52798E-01,6.78541E+01,6.78541E+01,6.78541E+01,6.78541E+01,4.54170E-01,6.78541E+01,6.78541E+01,6.78541E+01,6.78541E+01,6.78541E+01,6.78541E+01,6.78541E+01,1.51124E-01 
#t = 4.116E+03
6.78541E+01,6.78541E+01,6.78541E+01,6.78541E+01,6.78541E+01,6.78541E+01,6.78541E+01,6.78541E+01,6.78541E+01,6.78541E+01,6.78541E+01,6.78541E+01,6.78541E+01,6.78541E+01,6.78541E+01,6.78541E+01,6.78541E+01,1.50319E+01,6.78541E+01,6.78541E+01,6.78541E+01,6.78541E+01,6.78541E+01,6.78541E+01,6.78541E+01,6.65607E+00,6.78541E+01,6.78541E+01,6.78541E+01,6.78541E+01,6.78541E+01,6.78541E+01,6.78541E+01,6.78541E+01,6.78541E+01,6.78541E+01,6.78541E+01,7.12770E-01 
#t = 4.158E+03
6.78541E+01,6.78541E+01,6.78541E+01,6.78541E+01,6.78541E+01,6.78541E+01,6.78541E+01,6.78541E+01,6.78541E+01,6.78541E+01,6.78541E+01,6.78541E+01,6.78541E+01,6.78541E+01,6.78541E+01,6.78541E+01,6.78541E+01,6.78541E+01,6.78541E+01,6.78541E+01,6.78541E+01,6.78541E+01,6.78541E+01,6.78541E+01,6.78541E+01,6.78541E+01,6.78541E+01,5.37088E-01,6.78541E+01,6.78541E+01,6.78541E+01,6.78541E+01,6.78541E+01,7.02065E+00,6.78541E+01,6.78541E+01,6.78541E+01,1.62593E+00,6.78541E+01,1.63393E+00,1.57184E+01 
#t = 4.200E+03
6.78541E+01,6.78541E+01,6.78541E+01,6.78541E+01,6.78541E+01,6.78541E+01,6.78541E+01,6.78541E+01,6.78541E+01,6.78541E+01,6.78541E+01,6.19486E+01,6.78541E+01,6.78541E+01,6.78541E+01,6.78541E+01,6.78541E+01,6.78541E+01,6.78541E+01,6.78541E+01,6.78541E+01,6.78541E+01,6.78541E+01,6.78541E+01,6.78541E+01,6.78541E+01,6.78541E+01,6.78541E+01,6.78541E+01,6.78541E+01,6.78541E+01,6.78541E+01,6.78541E+01,6.78541E+01,6.78541E+01,6.78541E+01,6.78541E+01 
