#t = 0.000E+00
4.16521E-01,1.13192E+00,4.06324E-01,6.08775E-01,1.93157E-01 
#t = 4.200E+01
1.23352E+01 
#t = 8.400E+01
3.17012E+01,3.17012E+01,3.17012E+01,3.17012E+01,3.17012E+01,3.17012E+01,3.17012E+01,3.17012E+01,1.43784E+00,8.50240E-01,3.17012E+01,3.17012E+01 
#t = 1.260E+02
3.17012E+01,3.17012E+01,3.17012E+01,3.17012E+01,3.17012E+01,3.17012E+01,3.17012E+01,3.17012E+01,3.17012E+01,3.17012E+01,3.17012E+01,3.17012E+01,3.17012E+01,3.17012E+01,3.17012E+01,3.17012E+01,3.17012E+01,3.17012E+01,3.17012E+01,3.17012E+01,3.17012E+01,3.17012E+01,3.17012E+01,3.17012E+01,3.17012E+01,3.17012E+01,3.17012E+01,3.17012E+01,3.17012E+01,3.17012E+01,3.17012E+01,3.17012E+01 
#t = 1.680E+02
3.17012E+01,3.17012E+01,3.17012E+01,3.17012E+01,3.17012E+01,3.17012E+01,3.17012E+01,3.17012E+01,3.17012E+01,3.17012E+01,3.17012E+01,3.17012E+01,1.49633E+01,3.17012E+01,3.17012E+01,3.17012E+01,3.17012E+01,3.17012E+01,3.17012E+01,2.84794E+00,3.17012E+01,3.17012E+01,1.68479E+01,3.17012E+01,3.17012E+01,3.17012E+01,7.26772E-02,3.17012E+01,3.17012E+01,3.17012E+01,3.17012E+01 
#t = 2.100E+02
3.17012E+01,3.17012E+01,3.17012E+01,3.17012E+01,3.17012E+01,3.17012E+01,3.17012E+01,3.17012E+01,1.68479E+01,3.17012E+01,1.68479E+01,3.77244E+01,3.17012E+01,3.17012E+01,3.17012E+01,3.17012E+01,3.17012E+01,3.17012E+01,3.17012E+01,3.17012E+01,3.17012E+01,3.17012E+01,3.17012E+01,1.68479E+01,3.17012E+01,3.17012E+01,3.17012E+01,3.17012E+01,3.17012E+01,3.17012E+01,3.17012E+01,8.71792E-01,1.68479E+01,3.17012E+01,3.17012E+01,3.17012E+01,2.11876E+00 
#t = 2.520E+02
3.17012E+01,3.17012E+01,3.17012E+01,3.17012E+01,3.17012E+01,3.17012E+01,3.17012E+01,3.17012E+01,3.17012E+01,3.17012E+01,3.17012E+01,3.17012E+01,3.17012E+01,3.77244E+01,3.17012E+01,3.17012E+01,3.77244E+01,3.17012E+01,3.17012E+01,3.17012E+01,3.17012E+01,3.77244E+01,3.17012E+01,1.03230E+01,3.17012E+01,3.17012E+01,9.62738E+00,3.17012E+01,3.17012E+01,3.52068E-01,6.99236E+00,1.10550E+00,3.17012E+01 
#t = 2.940E+02
3.17012E+01,3.17012E+01,3.77244E+01,3.17012E+01,3.32225E+01,3.17012E+01,3.77244E+01,3.17012E+01,3.77244E+01,3.17012E+01,3.17012E+01,3.17012E+01,3.17012E+01,3.17012E+01,3.17012E+01,3.77244E+01,3.77244E+01,3.77244E+01,3.17012E+01,3.17012E+01,3.17012E+01,3.17012E+01,3.77244E+01,3.17012E+01,3.77244E+01,3.77244E+01,3.17012E+01,3.77244E+01,3.77244E+01,3.77244E+01 
#t = 3.360E+02
3.17012E+01,3.17012E+01,3.77244E+01,3.77244E+01,3.17012E+01,3.17012E+01,3.17012E+01,3.77244E+01,3.77244E+01,3.17012E+01,3.32225E+01,3.17012E+01,3.32225E+01,3.77244E+01,3.17012E+01,3.17012E+01,3.17012E+01,3.77244E+01,3.77244E+01,3.17012E+01,3.77244E+01,3.17012E+01,3.77244E+01,3.17012E+01,3.77244E+01,3.77244E+01,3.77244E+01,3.77244E+01,3.17012E+01,3.77244E+01,3.77244E+01,3.77244E+01,3.17012E+01,3.77244E+01,3.77244E+01,3.77244E+01,3.77244E+01,6.37909E-02 
#t = 3.780E+02
3.17012E+01,3.17012E+01,3.77244E+01,3.17012E+01,3.77244E+01,3.17012E+01,3.17012E+01,3.17012E+01,3.17012E+01,3.17012E+01,3.17012E+01,3.17012E+01,3.17012E+01,3.17012E+01,3.17012E+01,3.17012E+01,3.17012E+01,3.17012E+01,3.32225E+01,3.32225E+01,3.17012E+01,3.17012E+01,3.17012E+01,3.17012E+01,3.17012E+01,3.77244E+01,3.17012E+01,3.17012E+01,1.96708E-01,3.17012E+01,3.17012E+01,3.17012E+01,3.17012E+01,3.17012E+01,1.95558E+00,6.06747E-01,1.72603E+00,3.17012E+01,3.32225E+01,1.23672E+00,3.32225E+01 
#t = 4.200E+02
3.17012E+01,3.17012E+01,3.17012E+01,3.32225E+01,3.17012E+01,3.17012E+01,3.32225E+01,3.77244E+01,3.17012E+01,3.17012E+01,3.77244E+01,3.32225E+01,3.77244E+01,3.77244E+01,3.17012E+01,3.77244E+01,3.17012E+01,3.17012E+01,3.77244E+01,3.17012E+01,3.77244E+01,3.32225E+01,5.85352E+00,3.32225E+01,3.77244E+01,3.17012E+01,3.32225E+01,3.32225E+01,3.32225E+01 
#t = 4.620E+02
3.17012E+01,3.17012E+01,3.32225E+01,3.32225E+01,3.17012E+01,3.17012E+01,3.32225E+01,3.32225E+01,3.17012E+01,3.32225E+01,3.32225E+01,3.17012E+01,3.17012E+01,3.17012E+01,3.17012E+01,7.41855E+00,3.32225E+01,2.00098E+01,3.17012E+01,3.32225E+01,3.17012E+01,3.17012E+01,3.17012E+01,3.17012E+01,3.17012E+01,5.48045E+00,3.17012E+01,1.02926E+01,3.17012E+01,3.32225E+01,3.32225E+01 
#t = 5.040E+02
3.32225E+01,3.17012E+01,3.17012E+01,3.32225E+01,3.17012E+01,3.32225E+01,3.17012E+01,3.17012E+01,3.17012E+01,3.17012E+01,3.17012E+01,3.17012E+01,3.32225E+01,3.17012E+01,3.17012E+01,3.17012E+01,3.32225E+01,3.17012E+01,8.91968E+00,3.32225E+01,3.17012E+01,3.17012E+01,3.17012E+01,3.17012E+01,3.17012E+01,3.17012E+01,3.17012E+01,3.17012E+01,3.17012E+01,3.17012E+01,3.17012E+01,2.36424E-01,3.17012E+01,3.17012E+01,3.17012E+01,3.17012E+01,3.32225E+01,3.17012E+01,3.17012E+01,3.17012E+01,3.17012E+01,3.17012E+01,3.32225E+01,3.17012E+01,3.17012E+01,3.17012E+01,3.17012E+01,3.17012E+01,3.17012E+01 
#t = 5.460E+02
3.17012E+01,3.17012E+01,3.17012E+01,3.17012E+01,3.17012E+01,3.17012E+01,3.17012E+01,3.17012E+01,3.17012E+01,3.17012E+01,3.17012E+01,3.17012E+01,3.17012E+01,3.17012E+01,3.17012E+01,3.17012E+01,3.17012E+01,3.17012E+01,3.17012E+01,3.67658E+01,2.26658E+01,3.17012E+01,3.17012E+01,3.17012E+01 
#t = 5.880E+02
3.17012E+01,3.17012E+01,3.17012E+01,3.17012E+01,3.17012E+01,3.17012E+01,3.17012E+01,3.17012E+01,3.17012E+01,3.17012E+01,3.17012E+01,3.17012E+01,3.17012E+01,3.17012E+01,3.17012E+01,3.17012E+01,3.17012E+01,3.17012E+01,3.17012E+01,3.17012E+01,3.17012E+01,3.17012E+01,2.49039E+01,3.17012E+01,3.17012E+01,3.17012E+01,8.05553E-01,1.49498E-01,3.17012E+01,3.17012E+01,3.17012E+01,3.17012E+01,3.17012E+01,3.17012E+01,3.17012E+01,3.17012E+01 
#t = 6.300E+02
3.17012E+01,3.17012E+01,3.17012E+01,3.17012E+01,3.17012E+01,3.17012E+01,3.17012E+01,3.17012E+01,3.17012E+01,3.17012E+01,3.17012E+01,3.17012E+01,3.17012E+01,3.17012E+01,3.17012E+01,3.17012E+01,3.17012E+01,3.76490E+01,3.17012E+01,3.17012E+01,3.17012E+01,3.17012E+01,3.17012E+01,3.17012E+01,3.17012E+01,3.17012E+01,3.17012E+01,3.17012E+01,3.17012E+01,3.17012E+01,3.12565E+00,3.17012E+01,3.17012E+01,1.00108E+00,3.17012E+01,1.69328E-01 
#t = 6.720E+02
3.17012E+01,3.17012E+01,3.17012E+01,3.17012E+01,3.17012E+01,3.17012E+01,3.17012E+01,1.77711E+01,3.17012E+01,3.17012E+01,3.17012E+01,3.17012E+01,2.34222E+01,3.17012E+01,3.17012E+01,3.17012E+01,3.17012E+01,3.17012E+01,3.17012E+01,3.17012E+01,3.17012E+01,3.17012E+01,3.17012E+01,3.17012E+01,2.34222E+01,3.17012E+01,3.17012E+01,3.17012E+01,3.17012E+01,3.17012E+01,3.17012E+01,3.17012E+01,3.17012E+01,4.38670E+00,2.60550E+00,2.34222E+01,3.17012E+01 
#t = 7.140E+02
3.17012E+01,3.17012E+01,3.17012E+01,3.17012E+01,3.17012E+01,3.17012E+01,3.17012E+01,3.17012E+01,3.17012E+01,3.17012E+01,3.17012E+01,3.17012E+01,3.17012E+01,3.17012E+01,3.17012E+01,3.17012E+01,3.17012E+01,3.17012E+01,3.17012E+01,4.46054E+00,3.17012E+01,3.17012E+01,3.17012E+01,3.17012E+01,3.17012E+01,3.17012E+01,3.17012E+01,3.17012E+01,3.17012E+01,3.17012E+01,3.17012E+01,3.17012E+01,3.17012E+01,3.17012E+01,3.17012E+01 
#t = 7.560E+02
3.17012E+01,3.17012E+01,3.17012E+01,3.17012E+01,3.17012E+01,3.17012E+01,3.17012E+01,3.17012E+01,3.17012E+01,3.17012E+01,3.17012E+01,3.17012E+01,3.17012E+01,3.17012E+01,3.17012E+01,3.17012E+01,3.17012E+01,3.17012E+01,3.17012E+01,3.17012E+01,5.20748E-01,3.17012E+01 
#t = 7.980E+02
3.17012E+01,3.17012E+01,3.17012E+01,3.17012E+01,3.17012E+01,3.17012E+01,3.17012E+01,3.17012E+01,3.17012E+01,7.59894E+00,3.17012E+01,3.17012E+01,3.17012E+01,3.17012E+01,3.17012E+01,3.17012E+01,3.17012E+01,3.17012E+01,1.37597E+00,3.29118E+01,3.17012E+01,3.17012E+01,3.17012E+01,3.17012E+01,5.44845E-01 
#t = 8.400E+02
3.17012E+01,3.17012E+01,3.17012E+01,3.17012E+01,3.17012E+01,3.17012E+01,3.17012E+01,3.17012E+01,3.17012E+01,3.17012E+01,3.17012E+01,3.17012E+01,3.17012E+01,3.17012E+01,3.17012E+01,3.17012E+01,3.17012E+01,3.17012E+01,3.17012E+01,3.17012E+01,3.29118E+01,3.17012E+01,3.17012E+01,3.17012E+01,3.17012E+01,3.17012E+01,3.17012E+01,3.17012E+01,3.17012E+01,1.55073E+00,3.29118E+01,3.17012E+01,3.29118E+01,3.56360E-01,3.17012E+01,3.17012E+01,6.68345E-01,5.89216E+00,3.17012E+01,3.17012E+01 
#t = 8.820E+02
3.17012E+01,3.17012E+01,3.17012E+01,3.17012E+01,3.17012E+01,3.29118E+01,3.17012E+01,3.17012E+01,3.17012E+01,3.17012E+01,3.17012E+01,3.17012E+01,1.28006E+01,1.28006E+01,3.17012E+01,3.17012E+01,3.17012E+01,3.29118E+01,3.29118E+01,1.19484E+01,3.17012E+01,3.17012E+01,3.17012E+01,3.17012E+01,3.17012E+01,3.29118E+01,3.17012E+01,1.19484E+01,3.17012E+01,3.17012E+01,7.37394E+00,1.05134E+01,3.17012E+01,3.51063E+01,3.29118E+01,1.28006E+01,3.17012E+01,3.17012E+01,1.28006E+01,3.17012E+01,3.17012E+01,3.17012E+01,3.17012E+01,3.17012E+01,3.17012E+01,3.17012E+01,3.17012E+01,3.17012E+01,3.17012E+01,3.17012E+01,3.17012E+01,2.63188E+01,3.17012E+01,3.17012E+01,3.17012E+01,3.17012E+01,1.74431E+00,1.17997E+02 
#t = 9.240E+02
3.17012E+01,3.17012E+01,3.17012E+01,3.17012E+01,3.17012E+01,3.17012E+01,3.17012E+01,3.17012E+01,3.17012E+01,3.17012E+01,3.17012E+01,3.17012E+01,3.17012E+01,3.17012E+01,3.17012E+01,3.17012E+01,3.17012E+01,3.17012E+01,3.17012E+01,3.17012E+01,3.17012E+01,3.17012E+01,3.17012E+01,3.17012E+01,3.17012E+01,3.17012E+01,3.17012E+01,3.17012E+01,6.54687E+00,3.17012E+01,3.17012E+01,3.17012E+01,1.28006E+01,3.17012E+01,3.17012E+01,3.17012E+01,3.17012E+01,3.17012E+01,3.17012E+01,3.17012E+01,3.17012E+01,3.17012E+01,3.17012E+01,3.17012E+01,3.17012E+01,3.17012E+01,3.17012E+01,3.17012E+01,3.17012E+01,3.17012E+01,3.17012E+01,2.16097E-02,3.17012E+01,4.23016E+00,2.31410E+00,3.07509E+00,3.17012E+01 
#t = 9.660E+02
3.17012E+01,3.17012E+01,3.17012E+01,3.17012E+01,3.17012E+01,3.17012E+01,3.17012E+01,3.17012E+01,1.28006E+01,3.17012E+01,3.17012E+01,3.17012E+01,3.17012E+01,3.17012E+01,1.02057E+01,1.28006E+01,1.63506E+01,1.28006E+01,3.17012E+01,2.68816E+00,1.59140E+01,3.17012E+01,1.28006E+01,1.28006E+01,3.17012E+01,1.28006E+01,1.28006E+01,1.28006E+01 
#t = 1.008E+03
1.59140E+01,3.17012E+01,3.17012E+01,3.17012E+01,1.28006E+01,3.17012E+01,1.59140E+01,3.17012E+01,1.59140E+01,3.17012E+01,3.17012E+01,3.17012E+01,3.17012E+01,3.17012E+01,3.17012E+01,3.17012E+01,3.17012E+01,3.17012E+01,3.17012E+01,3.17012E+01,1.59140E+01,3.17012E+01,3.17012E+01,3.17012E+01,3.17012E+01,1.59140E+01 
#t = 1.050E+03
3.17012E+01,1.59140E+01,3.17012E+01,3.17012E+01,3.17012E+01,3.17012E+01,1.59140E+01,3.17012E+01,3.17012E+01,3.17012E+01,3.17012E+01,3.17012E+01,3.17012E+01,1.59140E+01,3.17012E+01,3.17012E+01,1.59140E+01,3.17012E+01,3.17012E+01,1.59140E+01,3.17012E+01,3.17012E+01,3.17012E+01,3.17012E+01,3.17012E+01,6.50606E-01,3.17012E+01,1.59140E+01,3.17012E+01,3.17012E+01 
#t = 1.092E+03
3.17012E+01,3.17012E+01,1.59140E+01,3.17012E+01,3.17012E+01,3.17012E+01,3.17012E+01,1.59140E+01,1.45662E+01,3.17012E+01,1.59140E+01,3.17012E+01,3.17012E+01,3.17012E+01,3.17012E+01,3.17012E+01,3.17012E+01,3.17012E+01,3.17012E+01,3.17012E+01,3.17012E+01,3.17012E+01,1.59140E+01,3.17012E+01,3.17012E+01,3.17012E+01,1.59140E+01,3.17012E+01,5.94493E+00,3.17012E+01,1.59140E+01,3.17012E+01,3.17012E+01,1.45662E+01,3.17012E+01,3.17012E+01,3.17012E+01,1.59140E+01,3.17012E+01 
#t = 1.134E+03
3.17012E+01,3.17012E+01,1.59140E+01,3.17012E+01,3.17012E+01,3.17012E+01,3.17012E+01,3.17012E+01,3.17012E+01,1.59140E+01,1.07125E+01,1.59140E+01,3.17012E+01,3.45767E+01,3.45767E+01,3.17012E+01,3.17012E+01,3.17012E+01,5.05857E+00,3.17012E+01,3.17012E+01,1.59140E+01,3.17012E+01,1.59140E+01,2.48432E-01,3.17012E+01,3.17012E+01,3.45767E+01,3.17012E+01,3.17012E+01,3.17012E+01,3.17012E+01,3.17012E+01 
#t = 1.176E+03
1.59140E+01,1.59140E+01,3.17012E+01,3.17012E+01,3.17012E+01,3.17012E+01,1.07125E+01,3.17012E+01,3.17012E+01,3.17012E+01,3.17012E+01,3.17012E+01,3.17012E+01,3.17012E+01,8.03923E+00,3.17012E+01,3.17012E+01,3.17012E+01,3.17012E+01,3.17012E+01,1.24180E+01,3.17012E+01,3.17012E+01,3.17012E+01,3.17012E+01,3.17012E+01,2.93024E+00,3.17012E+01,3.17012E+01,3.17012E+01,3.17012E+01,3.17012E+01,3.17012E+01,3.17012E+01,2.80872E+01,3.17012E+01,2.08582E+01,4.46749E+00,3.17012E+01 
#t = 1.218E+03
1.24180E+01,2.80872E+01,2.08582E+01,3.17012E+01,3.17012E+01,3.17012E+01,2.08582E+01,3.17012E+01,1.59140E+01,3.17012E+01,3.17012E+01,2.08582E+01,3.17012E+01,1.59140E+01,1.24180E+01,3.17012E+01,2.08582E+01,3.17012E+01,1.59140E+01,3.17012E+01,3.17012E+01,3.17012E+01,1.24180E+01,3.17012E+01,3.17012E+01,3.17012E+01,7.43406E-01,3.17012E+01,9.35572E-01,5.07352E+01 
#t = 1.260E+03
3.17012E+01,1.59140E+01,3.17012E+01,3.17012E+01,3.17012E+01,3.17012E+01,3.17012E+01,3.17012E+01,3.17012E+01,3.17012E+01,3.17012E+01,3.17012E+01,3.17012E+01,3.17012E+01,2.80872E+01,3.17012E+01,3.17012E+01,3.17012E+01,3.17012E+01,3.17012E+01,3.17012E+01,3.17012E+01,3.17012E+01,3.17012E+01,3.17012E+01,2.80872E+01,3.17012E+01,3.17012E+01,3.17012E+01,1.59140E+01,3.17012E+01,3.17012E+01,3.17012E+01,3.17012E+01,3.17012E+01,3.17012E+01,1.07795E-01,3.17012E+01,3.17012E+01,3.17012E+01,3.17012E+01,3.17012E+01,2.00116E+00,3.17012E+01,3.17012E+01,1.59140E+01,3.17012E+01,3.17012E+01,1.30672E-01,1.01533E+01 
#t = 1.302E+03
1.59140E+01,3.17012E+01,3.17012E+01,3.17012E+01,3.17012E+01,3.17012E+01,3.17012E+01,3.17012E+01,3.17012E+01,3.17012E+01,3.17012E+01,3.17012E+01,1.59140E+01,3.17012E+01,3.17012E+01,1.59140E+01,3.17012E+01,3.17012E+01,3.17012E+01,3.17012E+01,1.59140E+01,3.17012E+01,3.17012E+01,3.17012E+01,3.17012E+01,3.17012E+01,3.17012E+01,2.74521E-01,3.17012E+01,3.17012E+01,3.17012E+01,3.17012E+01,3.17012E+01,3.17012E+01,3.17012E+01,3.17012E+01,8.34121E-01,3.17012E+01,4.14958E-02,3.17012E+01,1.59140E+01 
#t = 1.344E+03
3.17012E+01,1.59140E+01,1.59140E+01,3.17012E+01,1.95664E+01,3.17012E+01,3.17012E+01,3.17012E+01,3.17012E+01,3.17012E+01,3.17012E+01,1.95664E+01,3.35322E+00,3.17012E+01,1.59140E+01,3.17012E+01,3.17012E+01,1.59140E+01,3.17012E+01,1.95664E+01,3.17012E+01,3.17012E+01,3.17012E+01,6.14581E+00,5.74761E-01,3.17012E+01,3.17012E+01 
#t = 1.386E+03
1.95664E+01,3.17012E+01,3.17012E+01,3.17012E+01,3.17012E+01,3.17012E+01,3.17012E+01,3.17012E+01,3.17012E+01,3.17012E+01,3.17012E+01,3.17012E+01,1.59140E+01,3.17012E+01,3.17012E+01,3.17012E+01,3.17012E+01,3.17012E+01,3.17012E+01,3.17012E+01,3.17012E+01,3.17012E+01,3.17012E+01,3.17012E+01,3.17012E+01,3.17012E+01,1.95664E+01,5.34416E+00,1.59140E+01,3.17012E+01 
#t = 1.428E+03
3.17012E+01,3.17012E+01,3.17012E+01,3.17012E+01,3.17012E+01,3.17012E+01,3.17012E+01,3.17012E+01,3.17012E+01,1.09737E+01,3.17012E+01,3.17012E+01,3.17012E+01,3.17012E+01,3.17012E+01,1.09737E+01,3.17012E+01,3.17012E+01,1.56787E+01,3.17012E+01,1.56787E+01,3.17012E+01,1.56787E+01,3.17012E+01,3.17012E+01,1.56787E+01,3.17012E+01,3.17012E+01,3.17012E+01,3.17012E+01,3.17012E+01,2.63674E+00,1.56787E+01,3.17012E+01,3.17012E+01 
#t = 1.470E+03
3.17012E+01,3.17012E+01,3.17012E+01,3.17012E+01,3.17012E+01,3.17012E+01,3.17012E+01,3.17012E+01,3.17012E+01,3.17012E+01,1.07655E+01,3.17012E+01,3.17012E+01,1.56787E+01,3.17012E+01,3.17012E+01,3.17012E+01,1.07655E+01,3.17012E+01,2.62720E-01,3.17012E+01,3.17012E+01,3.17012E+01,1.35899E+01 
#t = 1.512E+03
3.17012E+01,3.17012E+01,4.95455E+01,3.17012E+01,4.95455E+01,4.95455E+01,4.95455E+01,4.95455E+01,3.17012E+01,4.95455E+01,3.17012E+01,4.95455E+01,4.95455E+01,4.95455E+01,3.17012E+01,4.95455E+01,4.95455E+01,3.17012E+01,3.17012E+01,4.95455E+01,2.04650E+00,3.17012E+01,4.95455E+01,4.95455E+01,3.38528E+00,3.17012E+01,4.95455E+01 
#t = 1.554E+03
4.95455E+01,3.17012E+01,3.17012E+01,4.95455E+01,4.95455E+01,4.95455E+01,4.95455E+01,4.95455E+01,4.95455E+01,3.17012E+01,4.95455E+01,4.95455E+01,4.95455E+01,3.17012E+01,4.95455E+01,4.95455E+01,4.95455E+01,4.95455E+01,4.95455E+01,4.95455E+01,9.24951E+00,4.95455E+01,4.95455E+01,4.95455E+01,4.95455E+01,4.95455E+01,2.37777E+01,4.95455E+01,3.17012E+01,4.95455E+01,3.17012E+01,4.95455E+01,3.17012E+01,4.95455E+01 
#t = 1.596E+03
4.95455E+01,4.95455E+01,4.95455E+01,4.95455E+01,3.17012E+01,3.17012E+01,4.95455E+01,4.95455E+01,4.95455E+01,3.17012E+01,4.95455E+01,3.17012E+01,4.95455E+01,4.95455E+01,4.95455E+01,3.17012E+01,4.95455E+01,4.95455E+01,4.95455E+01,3.17012E+01,4.95455E+01,4.95455E+01,4.95455E+01,4.95455E+01,4.95455E+01,4.95455E+01,3.17012E+01,4.95455E+01,4.95455E+01,4.95455E+01,4.95455E+01,4.95455E+01,1.59957E+00,4.95455E+01,4.95455E+01,4.95455E+01,4.95455E+01,9.90476E+00,4.29450E-01,4.95455E+01,4.95455E+01,4.95455E+01,4.00276E+00,4.95455E+01,4.95455E+01 
#t = 1.638E+03
4.95455E+01,4.95455E+01,3.17012E+01,4.95455E+01,4.95455E+01,1.67856E+01,4.95455E+01,4.95455E+01,4.95455E+01,1.67856E+01,4.95455E+01,1.67856E+01,4.95455E+01,4.95455E+01,4.95455E+01,4.95455E+01,1.67856E+01,4.95455E+01,1.67856E+01,6.29924E+01,4.95455E+01,4.95455E+01,4.95455E+01,3.17012E+01,3.17012E+01,4.95455E+01,4.95455E+01,4.95455E+01,4.95455E+01,4.95455E+01,1.67856E+01,4.95455E+01,3.17012E+01,1.67856E+01,1.67856E+01,1.67856E+01,4.95455E+01,2.54810E+00,3.17012E+01,4.95455E+01,3.17012E+01,3.17012E+01 
#t = 1.680E+03
3.17012E+01,1.67856E+01,4.95455E+01,4.95455E+01,3.17012E+01,3.17012E+01,3.17012E+01,4.95455E+01,4.95455E+01,4.95455E+01,3.17012E+01,4.76995E+01,1.67856E+01,4.95455E+01,3.17012E+01,3.17012E+01,3.17012E+01,4.95455E+01,4.95455E+01,4.95455E+01,1.67856E+01,1.67856E+01,4.11238E+00,4.76995E+01,4.95455E+01,3.17012E+01,3.17012E+01,3.17012E+01,2.50717E+00,3.17012E+01,4.76995E+01,4.95455E+01,1.28202E+00,5.38715E-02,3.17012E+01,3.17012E+01 
#t = 1.722E+03
3.17012E+01,4.95455E+01,3.17012E+01,3.17012E+01,1.67856E+01,4.95455E+01,4.95455E+01,3.17012E+01,4.76995E+01,4.95455E+01,3.17012E+01,1.25901E+01,1.25901E+01,3.17012E+01,4.76995E+01,1.44997E+01,4.95455E+01,1.44997E+01,4.95455E+01,4.95455E+01,1.44997E+01,3.17012E+01,4.95455E+01,4.95455E+01,4.95455E+01,2.88351E+01,4.95455E+01,4.95455E+01,3.17012E+01,4.95455E+01,3.17012E+01,3.17012E+01,3.17012E+01,4.95455E+01,1.25901E+01,3.17012E+01,1.44997E+01 
#t = 1.764E+03
1.44997E+01,4.95455E+01,4.95455E+01,1.44997E+01,3.17012E+01,3.17012E+01,3.17012E+01,4.95455E+01,4.95455E+01,3.17012E+01,4.95455E+01,9.77666E+00,3.17012E+01,3.17012E+01,3.17012E+01,4.95455E+01,1.67856E+01,4.95455E+01,3.17012E+01,4.95455E+01,4.95455E+01,1.02940E+01,4.95455E+01,1.44997E+01,3.17012E+01,4.95455E+01,8.01799E+00,5.38512E-01,3.17012E+01,4.95455E+01,9.59922E-01,2.76843E-01,4.95455E+01 
#t = 1.806E+03
4.95455E+01,4.95455E+01,4.95455E+01,4.95455E+01,4.95455E+01,4.95455E+01,4.95455E+01,3.17012E+01,1.44997E+01,4.95455E+01,4.95455E+01,4.95455E+01,4.95455E+01,4.95455E+01,3.17012E+01,4.95455E+01,1.44997E+01,4.95455E+01,4.95455E+01,1.44997E+01,4.95455E+01,4.95455E+01,1.44997E+01,1.44997E+01,4.95455E+01,4.95455E+01,4.95455E+01,4.95455E+01,4.95455E+01,3.41867E+00,4.95455E+01,4.95455E+01,1.99485E+00,1.11924E+00,4.95455E+01 
#t = 1.848E+03
4.95455E+01,1.44997E+01,4.95455E+01,4.95455E+01,3.17012E+01,4.95455E+01,4.95455E+01,3.17012E+01,3.17012E+01,4.95455E+01,4.95455E+01,4.95455E+01,4.95455E+01,4.95455E+01,4.95455E+01,4.95455E+01,4.95455E+01,4.95455E+01,4.95455E+01,4.95455E+01,4.95455E+01,4.95455E+01,4.95455E+01,1.20454E+01,4.95455E+01,1.90119E+01,4.95455E+01,4.95455E+01,4.40619E+00,4.95455E+01,4.22551E-01,4.95455E+01,4.95455E+01 
#t = 1.890E+03
4.95455E+01,4.95455E+01,3.17012E+01,4.95455E+01,4.95455E+01,4.95455E+01,4.95455E+01,3.17012E+01,4.95455E+01,4.95455E+01,1.20454E+01,4.95455E+01,4.95455E+01,4.95455E+01,4.95455E+01,4.95455E+01,4.95455E+01,4.95455E+01,4.95455E+01,4.95455E+01,4.95455E+01,4.95455E+01,4.95455E+01,4.95455E+01,4.95455E+01,4.95455E+01,4.95455E+01,4.95455E+01,4.95455E+01,4.95455E+01,4.95455E+01,4.95455E+01,4.95455E+01,3.62212E+00,4.95455E+01,4.95455E+01,4.95455E+01,3.55042E-01,8.08154E+00,4.95455E+01,4.95455E+01 
#t = 1.932E+03
4.95455E+01,4.95455E+01,4.95455E+01,4.95455E+01,4.95455E+01,4.95455E+01,4.95455E+01,4.95455E+01,4.95455E+01,4.95455E+01,4.95455E+01,4.95455E+01,4.95455E+01,4.95455E+01,4.95455E+01,4.95455E+01,4.95455E+01,4.95455E+01,4.95455E+01,4.95455E+01,4.95455E+01,4.95455E+01,4.95455E+01,4.95455E+01,4.95455E+01,4.95455E+01,4.95455E+01,4.95455E+01,4.95455E+01,4.95455E+01,4.95455E+01,4.95455E+01,4.95455E+01,4.95455E+01,4.95455E+01,5.92735E-01,4.95455E+01,4.95455E+01,4.95455E+01,4.95455E+01,4.95455E+01,4.95455E+01 
#t = 1.974E+03
4.95455E+01,4.95455E+01,4.95455E+01,4.95455E+01,4.95455E+01,4.95455E+01,4.95455E+01,4.95455E+01,4.95455E+01,4.95455E+01,4.95455E+01,4.95455E+01,4.95455E+01,4.95455E+01,4.95455E+01,4.95455E+01,4.95455E+01,4.95455E+01,4.95455E+01,4.95455E+01,4.95455E+01,4.95455E+01,4.95455E+01,4.95455E+01,4.95455E+01,3.51181E+01,4.95455E+01,4.95455E+01,4.95455E+01,4.95455E+01,4.95455E+01,4.95455E+01,4.95455E+01,3.51181E+01,3.04233E+01,4.95455E+01,4.95455E+01,4.95455E+01,4.95455E+01,4.95455E+01,4.95455E+01,3.51181E+01,7.69510E-01,4.95455E+01,1.52591E+00,4.95455E+01,4.95455E+01 
#t = 2.016E+03
3.51181E+01,4.95455E+01,4.95455E+01,3.51181E+01,3.04233E+01,4.95455E+01,3.51181E+01,3.04233E+01,4.95455E+01,4.95455E+01,4.95455E+01,4.95455E+01,1.23473E+01,4.95455E+01,4.95455E+01,3.51181E+01,4.95455E+01,4.95455E+01,1.23473E+01,4.95455E+01,4.95455E+01,4.95455E+01,4.95455E+01,4.95455E+01,4.95455E+01,4.95455E+01,4.95455E+01,4.95455E+01,4.95455E+01,4.95455E+01,1.60394E+00,3.64958E-01,4.95455E+01,4.95455E+01,4.95455E+01 
#t = 2.058E+03
4.95455E+01,4.95455E+01,4.95455E+01,3.04233E+01,4.95455E+01,4.95455E+01,4.95455E+01,1.19383E+01,4.95455E+01,4.95455E+01,4.95455E+01,4.95455E+01,4.95455E+01,4.95455E+01,4.95455E+01,4.95455E+01,4.95455E+01,4.95455E+01,4.95455E+01,4.95455E+01,4.95455E+01,8.07662E+00,4.95455E+01,6.62224E-01,4.95455E+01,4.95455E+01,4.95455E+01,4.95455E+01,4.95455E+01,4.95455E+01,4.95455E+01,4.95455E+01,4.95455E+01,4.95455E+01,6.52865E-01,5.26021E-01,1.19383E+01,4.95455E+01 
#t = 2.100E+03
4.95455E+01,4.95455E+01,4.95455E+01,4.95455E+01,4.95455E+01,4.95455E+01,4.95455E+01,4.95455E+01,4.95455E+01,4.95455E+01,4.95455E+01,3.04233E+01,4.95455E+01,4.95455E+01,4.95455E+01,4.95455E+01,4.95455E+01,4.95455E+01,4.95455E+01,4.95455E+01,4.95455E+01,4.95455E+01,4.95455E+01,4.95455E+01,4.95455E+01,4.95455E+01,4.95455E+01,4.95455E+01,4.95455E+01,4.95455E+01,4.95455E+01,4.95455E+01,4.95455E+01,9.96834E-01,3.04233E+01,4.95455E+01,4.95455E+01,4.95455E+01 
#t = 2.142E+03
4.95455E+01,4.95455E+01,4.95455E+01,4.95455E+01,4.95455E+01,4.95455E+01,4.95455E+01,4.95455E+01,4.95455E+01,4.95455E+01,4.95455E+01,4.95455E+01,4.95455E+01,4.95455E+01,4.95455E+01,4.95455E+01,4.95455E+01,4.95455E+01,4.95455E+01,4.95455E+01,4.95455E+01,4.95455E+01,4.95455E+01,4.95455E+01,4.95455E+01,4.95455E+01,4.95455E+01,4.95455E+01,4.95455E+01,4.95455E+01,4.95455E+01,4.95455E+01,4.95455E+01,1.64872E-01,4.95455E+01,4.95455E+01,4.95455E+01,4.95455E+01,4.95455E+01,4.95455E+01 
#t = 2.184E+03
4.95455E+01,4.95455E+01,4.95455E+01,4.95455E+01,4.95455E+01,4.95455E+01,4.95455E+01,4.95455E+01,4.95455E+01,4.95455E+01,4.95455E+01,4.95455E+01,4.95455E+01,4.95455E+01,4.95455E+01,4.95455E+01,4.95455E+01,4.95455E+01,4.95455E+01,4.95455E+01,4.95455E+01,3.60503E+01,4.95455E+01,4.95455E+01,1.64813E+01,4.95455E+01,4.95455E+01,4.95455E+01,4.95455E+01,4.95455E+01,4.95455E+01,4.95455E+01,4.95455E+01,4.95455E+01,4.95455E+01,4.95455E+01,4.95455E+01,4.95455E+01,4.95455E+01,1.50616E+00,4.95455E+01,4.95455E+01,4.95455E+01,9.14431E-01,4.95455E+01 
#t = 2.226E+03
4.95455E+01,4.95455E+01,4.95455E+01,3.64400E+01,4.95455E+01,4.95455E+01,4.95455E+01,4.95455E+01,4.95455E+01,4.95455E+01,4.95455E+01,4.95455E+01,4.95455E+01,4.95455E+01,4.95455E+01,4.95455E+01,4.58216E+01,4.95455E+01,4.95455E+01,4.95455E+01,3.64400E+01,4.95455E+01,4.95455E+01,4.95455E+01,4.95455E+01,4.95455E+01,4.95455E+01,6.30395E-01,4.95455E+01,3.64400E+01,4.95455E+01,4.95455E+01,6.50867E-01,4.95455E+01,4.95455E+01,4.95455E+01,4.58878E-01 
#t = 2.268E+03
4.95455E+01,4.95455E+01,4.95455E+01,4.95455E+01,4.95455E+01,4.95455E+01,4.95455E+01,4.95455E+01,4.95455E+01,4.95455E+01,3.64400E+01,4.95455E+01,4.95455E+01,4.95455E+01,4.95455E+01,4.95455E+01,4.95455E+01,4.95455E+01,4.95455E+01,4.95455E+01,4.95455E+01,4.95455E+01,4.95455E+01,4.95455E+01,4.95455E+01,4.95455E+01,4.95455E+01,4.95455E+01,4.95455E+01,4.95455E+01,4.95455E+01,4.95455E+01,4.95455E+01,4.95455E+01,4.95455E+01,4.95455E+01,4.95455E+01,4.95455E+01,2.29727E-01,4.95455E+01,4.95455E+01 
#t = 2.310E+03
4.95455E+01,4.95455E+01,4.95455E+01,4.95455E+01,4.95455E+01,4.95455E+01,4.95455E+01,1.83493E+01,4.95455E+01,1.99963E+01,4.95455E+01,2.65305E+01,4.95455E+01,4.95455E+01,4.95455E+01,1.99963E+01,4.95455E+01,4.95455E+01,4.95455E+01,4.95455E+01,1.83493E+01,4.95455E+01,4.95455E+01,4.95455E+01,4.95455E+01,4.95455E+01,4.95455E+01,4.95455E+01,5.63232E-01 
#t = 2.352E+03
4.95455E+01,2.65305E+01,4.95455E+01,4.95455E+01,4.95455E+01,4.95455E+01,1.83493E+01,4.95455E+01,4.95455E+01,4.95455E+01,4.95455E+01,1.83493E+01,4.95455E+01,4.95455E+01,4.95455E+01,4.95455E+01,4.95455E+01,4.95455E+01,4.95455E+01,4.95455E+01,2.29638E+01,4.95455E+01,4.95455E+01,4.95455E+01,4.95455E+01,4.95455E+01,2.29638E+01,4.95455E+01,4.95455E+01,4.95455E+01,4.95455E+01,4.95455E+01,4.95455E+01,4.95455E+01,4.95455E+01,4.95455E+01,4.95455E+01,4.95455E+01,4.95455E+01,4.95455E+01,4.95455E+01,4.95455E+01,4.95455E+01,4.95455E+01 
#t = 2.394E+03
4.95455E+01,4.95455E+01,4.95455E+01,4.95455E+01,4.95455E+01,4.95455E+01,4.95455E+01,4.95455E+01,4.95455E+01,4.95455E+01,4.95455E+01,4.95455E+01,4.95455E+01,4.95455E+01,4.95455E+01,4.95455E+01,1.18147E+01,4.95455E+01,4.95455E+01,4.95455E+01,4.95455E+01,4.95455E+01,4.95455E+01,4.95455E+01,4.95455E+01,4.95455E+01,4.95455E+01,4.95455E+01,4.95455E+01,4.95455E+01,4.95455E+01,4.95455E+01,4.95455E+01,4.95455E+01,4.95455E+01,4.95455E+01,1.82190E+00,4.95455E+01,4.95455E+01,4.95455E+01,4.95455E+01,4.95455E+01,4.95455E+01,4.95455E+01,4.95455E+01,4.95455E+01,4.95455E+01,4.95455E+01,4.95455E+01,2.22503E+00,4.95455E+01,4.95455E+01,4.95455E+01,1.62330E-01,4.95455E+01 
#t = 2.436E+03
4.95455E+01,1.18147E+01,4.95455E+01,4.95455E+01,4.95455E+01,4.95455E+01,4.95455E+01,4.95455E+01,4.95455E+01,4.95455E+01,4.95455E+01,4.95455E+01,4.95455E+01,4.95455E+01,4.95455E+01,4.95455E+01,4.95455E+01,4.95455E+01,4.95455E+01,4.95455E+01,4.95455E+01,4.95455E+01,4.95455E+01,4.95455E+01,4.95455E+01,4.95455E+01,4.47285E-02,4.95455E+01,4.95455E+01,1.40170E-01,4.95455E+01,4.95455E+01,4.95455E+01,4.95455E+01,1.05457E+01,4.95455E+01,4.95455E+01,4.95455E+01,4.95455E+01,4.95455E+01,8.32640E+00,1.14901E+00 
#t = 2.478E+03
4.95455E+01,4.95455E+01,4.95455E+01,4.95455E+01,4.95455E+01,4.95455E+01,4.95455E+01,4.95455E+01,4.95455E+01,4.95455E+01,4.95455E+01,4.95455E+01,4.95455E+01,4.95455E+01,4.95455E+01,4.95455E+01,1.01798E+01,4.95455E+01,4.95455E+01,4.95455E+01,4.95455E+01,4.95455E+01,4.95455E+01,4.95455E+01,4.95455E+01,4.95455E+01,3.49238E+00,4.95455E+01,4.95455E+01,4.95455E+01,7.50700E-01,2.18357E+00,4.95455E+01,4.95455E+01 
#t = 2.520E+03
4.95455E+01,4.95455E+01,4.95455E+01,4.95455E+01,4.95455E+01,4.95455E+01,4.95455E+01,4.95455E+01,4.95455E+01,4.95455E+01,4.95455E+01,4.95455E+01,4.95455E+01,4.95455E+01,4.95455E+01,4.95455E+01,4.95455E+01,4.95455E+01,4.95455E+01,4.95455E+01,4.95455E+01,4.95455E+01,4.95455E+01,4.95455E+01,4.95455E+01,1.01150E+01,4.95455E+01,4.95455E+01,4.95455E+01,2.38372E-01,4.95455E+01,4.95455E+01,4.95455E+01,4.95455E+01,4.95455E+01,4.95455E+01 
#t = 2.562E+03
4.95455E+01,4.95455E+01,4.95455E+01,4.95455E+01,4.95455E+01,4.95455E+01,4.95455E+01,4.95455E+01,4.95455E+01,4.95455E+01,4.95455E+01,4.95455E+01,4.95455E+01,4.95455E+01,4.95455E+01,4.95455E+01,4.95455E+01,4.95455E+01,4.95455E+01,4.95455E+01,4.95455E+01,4.95455E+01,4.95455E+01,4.95455E+01,4.95455E+01,4.95455E+01,4.95455E+01,4.95455E+01,4.95455E+01,4.95455E+01 
#t = 2.604E+03
4.95455E+01,4.95455E+01,4.95455E+01,4.95455E+01,4.95455E+01,4.95455E+01,4.95455E+01,4.95455E+01,4.95455E+01,4.95455E+01,4.95455E+01,4.95455E+01,4.95455E+01,4.95455E+01,4.95455E+01,4.95455E+01,4.95455E+01,4.95455E+01,4.95455E+01,4.95455E+01,4.95455E+01,4.95455E+01,4.95455E+01,4.95455E+01,4.95455E+01,4.95455E+01,4.95455E+01,7.42391E-01,4.95455E+01,4.95455E+01,4.95455E+01,4.95455E+01,4.95455E+01 
#t = 2.646E+03
4.95455E+01,4.95455E+01,4.95455E+01,4.95455E+01,4.95455E+01,4.95455E+01,4.95455E+01,4.95455E+01,4.95455E+01,4.95455E+01,4.95455E+01,4.95455E+01,4.95455E+01,4.95455E+01,4.95455E+01,4.95455E+01,4.95455E+01,4.95455E+01,4.95455E+01,4.95455E+01,4.95455E+01,4.95455E+01,4.95455E+01,2.19086E+01,4.95455E+01,4.95455E+01,4.95455E+01,2.19086E+01,4.95455E+01,4.95455E+01,5.09298E+00,4.95455E+01,4.95455E+01,4.93141E-01,4.95455E+01,4.95455E+01,4.95455E+01,4.95455E+01,4.95455E+01 
#t = 2.688E+03
4.95455E+01,4.95455E+01,4.95455E+01,4.95455E+01,2.19086E+01,4.95455E+01,4.95455E+01,4.95455E+01,4.95455E+01,4.95455E+01,4.95455E+01,4.95455E+01,4.95455E+01,4.95455E+01,4.95455E+01,4.95455E+01,4.95455E+01,4.95455E+01,4.95455E+01,1.43845E+01,4.95455E+01,4.95455E+01,4.95455E+01,4.95455E+01,4.95455E+01,4.95455E+01,4.95455E+01,4.95455E+01,3.94464E+01,4.95455E+01,4.95455E+01,4.95455E+01,4.95455E+01,4.95455E+01,4.95455E+01,4.95455E+01,4.95455E+01,4.95455E+01,4.95455E+01,4.95455E+01,4.95455E+01,4.95455E+01,4.95455E+01,4.95455E+01,1.43845E+01,4.95455E+01,4.95455E+01,4.95455E+01,7.26092E-02 
#t = 2.730E+03
4.95455E+01,4.95455E+01,4.95455E+01,4.95455E+01,4.95455E+01,4.95455E+01,4.95455E+01,4.95455E+01,4.95455E+01,4.95455E+01,4.95455E+01,4.95455E+01,4.95455E+01,4.95455E+01,4.95455E+01,4.95455E+01,4.95455E+01,4.95455E+01,4.95455E+01,4.95455E+01,4.95455E+01,4.95455E+01,4.95455E+01,4.95455E+01,4.95455E+01,4.95455E+01,4.95455E+01,4.95455E+01,4.95455E+01,4.95455E+01,4.95455E+01,4.95455E+01,4.95455E+01,8.73818E-03,4.95455E+01,4.95455E+01,4.95455E+01,4.95455E+01,4.95455E+01,1.82310E+00,4.95455E+01,1.36439E+00 
#t = 2.772E+03
4.95455E+01,4.95455E+01,4.95455E+01,4.95455E+01,4.95455E+01,4.95455E+01,4.95455E+01,4.95455E+01,4.95455E+01,4.95455E+01,4.95455E+01,4.95455E+01,4.95455E+01,4.95455E+01,4.95455E+01,4.95455E+01,4.95455E+01,4.95455E+01,4.95455E+01,4.95455E+01,4.95455E+01,4.95455E+01,4.95455E+01,4.95455E+01,4.95455E+01,4.95455E+01,4.95455E+01,4.95455E+01,4.95455E+01,4.95455E+01,4.95455E+01,4.95455E+01,4.95455E+01,4.95455E+01,4.95455E+01,4.95455E+01,4.95455E+01,4.95455E+01,1.91076E+00,4.95455E+01,5.63816E+00,4.95455E+01,4.95455E+01,4.95455E+01,4.95455E+01,4.95455E+01,4.95455E+01,2.80242E-01,3.79076E+00,4.95455E+01,4.95455E+01,4.95455E+01,2.06780E+00,8.87219E-01,4.95455E+01,4.95455E+01,4.95455E+01,2.24974E+00,4.95455E+01,4.48235E+00 
#t = 2.814E+03
4.95455E+01,4.95455E+01,4.95455E+01,4.95455E+01,4.95455E+01,4.95455E+01,4.95455E+01,4.95455E+01,4.95455E+01,4.95455E+01,4.95455E+01,4.95455E+01,4.95455E+01,4.95455E+01,4.95455E+01,4.95455E+01,4.95455E+01,4.95455E+01,4.95455E+01,4.95455E+01,4.95455E+01,4.95455E+01,4.95455E+01,4.95455E+01,4.95455E+01,4.95455E+01,4.95455E+01,4.95455E+01,4.95455E+01,4.95455E+01,4.95455E+01,4.95455E+01,4.95455E+01,4.95455E+01,4.95455E+01,4.95455E+01,4.95455E+01,4.95455E+01,4.95455E+01,4.95455E+01,4.95455E+01,4.95455E+01,4.95455E+01,4.95455E+01,4.95455E+01,4.95455E+01,7.93639E-01,4.95455E+01,4.95455E+01,1.96887E-01,2.74594E-01,4.95455E+01,4.95455E+01,1.12546E+00,4.95455E+01,4.95455E+01 
#t = 2.856E+03
4.95455E+01,4.95455E+01,4.95455E+01,4.95455E+01,4.95455E+01,1.80265E+01,4.95455E+01,4.95455E+01,4.95455E+01,4.95455E+01,4.95455E+01,4.95455E+01,1.37971E+01,4.95455E+01,4.95455E+01,1.37971E+01,1.80265E+01,4.95455E+01,4.95455E+01,4.95455E+01,4.95455E+01,4.95455E+01,4.95455E+01,4.95455E+01,4.95455E+01,4.95455E+01,4.95455E+01,4.95455E+01,4.95455E+01,4.95455E+01,1.37971E+01,4.95455E+01,1.37971E+01,4.95455E+01,4.95455E+01,4.95455E+01,4.95455E+01,1.80265E+01,3.98283E-01,1.18680E-01,1.20474E+01,4.95455E+01,9.23522E+00 
#t = 2.898E+03
4.95455E+01,4.95455E+01,4.95455E+01,1.20474E+01,4.95455E+01,4.95455E+01,4.95455E+01,1.37971E+01,8.70969E+00,4.95455E+01,4.95455E+01,4.95455E+01,4.95455E+01,4.95455E+01,4.95455E+01,4.95455E+01,4.95455E+01,4.95455E+01,4.95455E+01,4.95455E+01,4.95455E+01,2.33584E-01,4.95455E+01,4.95455E+01,4.95455E+01,4.95455E+01,1.37971E+01,4.95455E+01,4.95455E+01,4.95455E+01,4.95455E+01,4.95455E+01,4.95455E+01,9.27494E+00,4.95455E+01,4.95455E+01,4.95455E+01,4.95455E+01,4.95455E+01 
#t = 2.940E+03
4.95455E+01,4.95455E+01,4.95455E+01,1.37971E+01,4.95455E+01,4.95455E+01,4.95455E+01,4.95455E+01,4.95455E+01,1.21314E+01,4.95455E+01,4.95455E+01,1.37971E+01,4.95455E+01,1.37971E+01,4.95455E+01,1.37971E+01,4.95455E+01,4.95455E+01,4.95455E+01,4.95455E+01,4.95455E+01,4.95455E+01,4.95455E+01,4.95455E+01,1.37971E+01,1.37971E+01,1.20474E+01,4.95455E+01,4.95455E+01,7.12724E+00,4.95455E+01,1.37971E+01,4.95455E+01,4.95455E+01,4.95455E+01,4.95455E+01,4.95455E+01,4.95455E+01,4.95455E+01,4.95455E+01,4.95455E+01,4.95455E+01,4.95455E+01 
#t = 2.982E+03
4.95455E+01,4.95455E+01,4.95455E+01,4.95455E+01,4.95455E+01,1.20474E+01,4.95455E+01,1.20474E+01,4.95455E+01,2.88879E+01,1.20474E+01,4.95455E+01,1.20474E+01,4.95455E+01,4.95455E+01,4.95455E+01,2.88879E+01,4.95455E+01,4.95455E+01,1.20474E+01,4.95455E+01,4.95455E+01,4.95455E+01,4.95455E+01,4.95455E+01,4.95455E+01,4.95455E+01,4.95455E+01,4.95455E+01,4.95455E+01,4.95455E+01,4.95455E+01,1.09712E+01,4.95455E+01,4.95455E+01,4.95455E+01,4.95455E+01,4.95455E+01,1.20474E+01,4.95455E+01,5.85589E+00,4.95455E+01,2.88879E+01,9.81537E-01,1.95221E+00 
#t = 3.024E+03
4.95455E+01,1.20474E+01,4.95455E+01,4.95455E+01,1.20474E+01,4.95455E+01,1.56196E+01,4.95455E+01,4.95455E+01,1.20474E+01,1.20474E+01,1.20474E+01,4.95455E+01,1.20474E+01,4.95455E+01,4.95455E+01,4.95455E+01,2.24751E+01,1.20474E+01,1.20474E+01,4.95455E+01,4.95455E+01,4.95455E+01,4.95455E+01,4.95455E+01,1.20474E+01,1.20474E+01,2.24751E+01,4.95455E+01,4.95455E+01,4.95455E+01,1.20474E+01,1.56196E+01,4.95455E+01,4.95455E+01,1.20474E+01,1.20474E+01 
#t = 3.066E+03
1.20474E+01,4.95455E+01,2.24751E+01,4.95455E+01,4.95455E+01,1.20474E+01,4.95455E+01,4.95455E+01,4.95455E+01,4.95455E+01,4.95455E+01,4.95455E+01,4.95455E+01,2.24751E+01,4.95455E+01,1.20474E+01,2.24751E+01,4.95455E+01,4.95455E+01,4.95455E+01,1.20474E+01,4.95455E+01,4.95455E+01,4.95455E+01,4.95455E+01,1.20474E+01,1.20474E+01,4.57584E+00,2.24751E+01,1.20474E+01,4.95455E+01,4.95455E+01,4.95455E+01,4.95455E+01,6.48681E-01,4.95455E+01 
#t = 3.108E+03
2.24751E+01,4.95455E+01,4.95455E+01,4.95455E+01,4.95455E+01,4.95455E+01,4.95455E+01,4.95455E+01,4.95455E+01,4.95455E+01,4.95455E+01,4.95455E+01,4.95455E+01,4.95455E+01,4.95455E+01,4.95455E+01,4.95455E+01,4.95455E+01,4.95455E+01,4.95455E+01,4.95455E+01,4.95455E+01,4.95455E+01,4.95455E+01,4.95455E+01,1.20474E+01,4.95455E+01,4.95455E+01,4.95455E+01,9.10414E-01,4.95455E+01,4.95455E+01,4.95455E+01,4.95455E+01,4.95455E+01,4.95455E+01,4.95455E+01,4.95455E+01,4.95455E+01,4.95455E+01,4.95455E+01,2.50857E+01,9.80847E-01,3.23192E-01,4.95455E+01,2.14034E+00,4.95455E+01,4.95455E+01,4.95455E+01 
#t = 3.150E+03
4.95455E+01,4.95455E+01,4.95455E+01,4.95455E+01,4.95455E+01,4.95455E+01,4.95455E+01,4.95455E+01,4.95455E+01,4.95455E+01,4.95455E+01,4.95455E+01,1.02270E+01,4.95455E+01,4.95455E+01,4.95455E+01,4.95455E+01,4.95455E+01,4.95455E+01,4.95455E+01,4.95455E+01,4.95455E+01,4.95455E+01,4.95455E+01,4.95455E+01,1.08555E+01,3.13949E+01,4.95455E+01,4.95455E+01,4.95455E+01,4.95455E+01,4.95455E+01,4.95455E+01 
#t = 3.192E+03
4.95455E+01,4.95455E+01,4.95455E+01,4.95455E+01,4.95455E+01,4.95455E+01,4.95455E+01,4.95455E+01,4.95455E+01,1.46124E+01,4.95455E+01,4.95455E+01,4.95455E+01,1.02669E+01,4.95455E+01,4.95455E+01,4.95455E+01,4.95455E+01,4.95455E+01,4.95455E+01,4.95455E+01,1.46124E+01,4.95455E+01,4.95455E+01,4.95455E+01,4.95455E+01,7.39357E+00,4.95455E+01,4.95455E+01,4.95455E+01,4.95455E+01,4.95455E+01,4.95455E+01,4.95455E+01,4.95455E+01,4.95455E+01,4.95455E+01,4.95455E+01,1.68126E+01,4.95455E+01 
#t = 3.234E+03
4.95455E+01,4.95455E+01,4.95455E+01,1.68126E+01,4.95455E+01,4.95455E+01,4.95455E+01,1.68126E+01,4.95455E+01,4.95455E+01,1.68126E+01,1.04486E+01,4.95455E+01,4.95455E+01,4.95455E+01,4.95455E+01,4.95455E+01,4.95455E+01,4.95455E+01,4.95455E+01,4.95455E+01,4.95455E+01,4.95455E+01,4.95455E+01,4.95455E+01,4.95455E+01,4.95455E+01,4.95455E+01,2.88170E+00,4.95455E+01,5.39651E+00 
#t = 3.276E+03
4.95455E+01,4.95455E+01,4.95455E+01,4.95455E+01,4.95455E+01,4.95455E+01,4.95455E+01,4.95455E+01,4.95455E+01,1.44878E+01,1.44878E+01,1.16829E+01,4.95455E+01,4.95455E+01,4.95455E+01,4.95455E+01,4.95455E+01,1.07901E+01,4.95455E+01,4.95455E+01,4.95455E+01,4.95455E+01,4.95455E+01,4.95455E+01,4.95455E+01,4.95455E+01,4.95455E+01,4.95455E+01,4.95455E+01,4.95455E+01,4.95455E+01,4.95455E+01,1.16829E+01,1.16829E+01,1.44878E+01,1.30399E+00,1.44878E+01,1.07901E+01,4.95455E+01,1.91109E+00 
#t = 3.318E+03
4.95455E+01,1.16829E+01,4.95455E+01,4.95455E+01,4.95455E+01,4.95455E+01,4.95455E+01,2.08088E+01,4.95455E+01,2.49605E+01,4.95455E+01,4.95455E+01,4.95455E+01,4.95455E+01,4.95455E+01,4.95455E+01,4.95455E+01,4.95455E+01,4.95455E+01,4.95455E+01,5.94730E+00,4.95455E+01,4.95455E+01,4.95455E+01,4.95455E+01,4.95455E+01,4.95455E+01,4.95455E+01,4.95455E+01,4.95455E+01,4.95455E+01,4.95455E+01,4.95455E+01,1.56197E+01,4.95455E+01,4.95455E+01,4.95455E+01 
#t = 3.360E+03
4.95455E+01,4.95455E+01,4.95455E+01,4.95455E+01,4.95455E+01,4.95455E+01,4.95455E+01,4.95455E+01,1.16829E+01,4.95455E+01,4.95455E+01,1.16829E+01,4.95455E+01,4.95455E+01,4.83962E-02,4.95455E+01,4.95455E+01,4.95455E+01,2.88737E+00,4.95455E+01,4.95455E+01,4.95455E+01,4.95455E+01,1.16829E+01,4.95455E+01,4.95455E+01,4.95455E+01,1.32588E+01,4.95455E+01,4.95455E+01,4.95455E+01,4.95455E+01,4.95455E+01,4.95455E+01,4.95455E+01 
#t = 3.402E+03
4.95455E+01,1.16829E+01,4.95455E+01,4.95455E+01,1.61136E+01,4.95455E+01,4.95455E+01,4.95455E+01,1.16829E+01,1.16829E+01,4.95455E+01,4.95455E+01,4.95455E+01,4.95455E+01,4.95455E+01,1.16829E+01,4.95455E+01,4.95455E+01,4.95455E+01,4.95455E+01,4.95455E+01,1.16829E+01,4.95455E+01,1.16829E+01,4.95455E+01,4.95455E+01,1.16829E+01,4.95455E+01,4.95455E+01,4.95455E+01,4.95455E+01,4.95455E+01,1.16829E+01,9.27680E+00,1.16829E+01,4.95455E+01,4.95455E+01,1.16829E+01,4.95455E+01,4.95455E+01 
#t = 3.444E+03
4.95455E+01,1.16829E+01,4.95455E+01,4.95455E+01,4.95455E+01,4.95455E+01,4.95455E+01,4.95455E+01,4.95455E+01,4.95455E+01,4.95455E+01,4.95455E+01,4.95455E+01,4.95455E+01,4.95455E+01,4.95455E+01,4.95455E+01,4.95455E+01,4.95455E+01,4.95455E+01,4.95455E+01,4.95455E+01,4.95455E+01,4.95455E+01,4.95455E+01,4.95455E+01,4.95455E+01,4.95455E+01,4.95455E+01,4.95455E+01,4.95455E+01,4.95455E+01,4.95455E+01,4.95455E+01,8.18144E+00,4.95455E+01,4.95455E+01,4.95455E+01,4.95455E+01,4.95455E+01,4.95455E+01,4.95455E+01,4.95455E+01,4.95455E+01,4.95455E+01 
#t = 3.486E+03
4.95455E+01,4.95455E+01,4.95455E+01,4.95455E+01,4.95455E+01,4.95455E+01,4.95455E+01,4.95455E+01,4.95455E+01,4.95455E+01,4.95455E+01,4.95455E+01,4.95455E+01,4.95455E+01,4.95455E+01,4.95455E+01,4.95455E+01,4.95455E+01,4.95455E+01,4.95455E+01,1.46724E+01,4.95455E+01,4.95455E+01,4.95455E+01,4.95455E+01,4.95455E+01,4.95455E+01,4.18774E+00,3.06675E+00,4.95455E+01,4.95455E+01,4.95455E+01,4.95455E+01,4.95455E+01,1.46724E+01,4.95455E+01,1.35002E+00,4.95455E+01,3.89465E+00,4.95455E+01,4.95455E+01,4.95455E+01,4.95455E+01 
#t = 3.528E+03
4.95455E+01,4.95455E+01,4.95455E+01,4.95455E+01,4.95455E+01,2.73470E+01,4.95455E+01,4.95455E+01,4.95455E+01,4.95455E+01,4.95455E+01,4.95455E+01,4.95455E+01,4.95455E+01,4.95455E+01,4.95455E+01,4.95455E+01,4.95455E+01,4.95455E+01,2.73470E+01,1.85426E+01,4.95455E+01,4.95455E+01,2.85902E+01,4.95455E+01,2.85902E+01,4.95455E+01,2.85902E+01,2.85902E+01,4.95455E+01,4.95455E+01,2.85902E+01,4.95455E+01,4.95455E+01,4.95455E+01,4.95455E+01,2.85902E+01,4.95455E+01,4.95455E+01,4.95455E+01,1.06647E+00,4.95455E+01,2.73470E+01,2.85902E+01 
#t = 3.570E+03
4.95455E+01,4.95455E+01,4.95455E+01,4.95455E+01,4.95455E+01,4.95455E+01,4.95455E+01,4.95455E+01,4.95455E+01,4.95455E+01,2.73470E+01,4.95455E+01,4.95455E+01,2.85902E+01,4.95455E+01,2.85902E+01,4.95455E+01,4.95455E+01,4.95455E+01,4.95455E+01,4.95455E+01,4.95455E+01,4.95455E+01,4.95455E+01,4.95455E+01,2.85902E+01,4.95455E+01,4.95455E+01,4.95455E+01,4.95455E+01,4.95455E+01,4.95455E+01,4.95455E+01,4.95455E+01,4.95455E+01,4.95455E+01,4.95455E+01,4.95455E+01,4.95455E+01,9.08780E-02,4.95455E+01,4.95455E+01,4.95455E+01,4.95455E+01,4.95455E+01,4.95455E+01,4.95455E+01 
#t = 3.612E+03
4.95455E+01,4.95455E+01,4.95455E+01,4.95455E+01,1.92976E+01,4.95455E+01,4.95455E+01,4.95455E+01,4.95455E+01,4.95455E+01,4.95455E+01,4.95455E+01,4.95455E+01,4.95455E+01,4.95455E+01,4.95455E+01,4.95455E+01,4.95455E+01,4.95455E+01,4.95455E+01,4.95455E+01,1.72251E-01,4.95455E+01,4.95455E+01,4.95455E+01,4.95455E+01,4.95455E+01,4.95455E+01,3.11918E+00,4.95455E+01,4.95455E+01,4.95455E+01,4.95455E+01,4.95455E+01,4.95455E+01,4.95455E+01,4.95455E+01,4.95455E+01 
#t = 3.654E+03
4.95455E+01,4.95455E+01,4.95455E+01,4.95455E+01,4.95455E+01,4.95455E+01,4.95455E+01,4.95455E+01,4.95455E+01,4.95455E+01,4.95455E+01,4.95455E+01,4.95455E+01,4.95455E+01,4.95455E+01,4.95455E+01,2.28184E+00,4.95455E+01,4.95455E+01,4.95455E+01,8.83605E-01,4.95455E+01,4.95455E+01,4.95455E+01,4.95455E+01,4.95455E+01,4.32854E+00,4.95455E+01,4.95455E+01,5.23594E-01,4.95455E+01 
#t = 3.696E+03
4.95455E+01,4.95455E+01,4.95455E+01,4.95455E+01,4.95455E+01,4.95455E+01,4.95455E+01,4.95455E+01,1.05920E+01,4.95455E+01,4.95455E+01,4.95455E+01,4.95455E+01,4.95455E+01,4.95455E+01,4.95455E+01,4.95455E+01,4.95455E+01,4.95455E+01,4.95455E+01,4.95455E+01,4.95455E+01,4.95455E+01,4.95455E+01,4.95455E+01,8.56784E+00,4.95455E+01,4.95455E+01,4.95455E+01,4.95455E+01,4.95455E+01,4.95455E+01,4.95455E+01,4.95455E+01,4.95455E+01,4.95455E+01,4.95455E+01,4.95455E+01,1.33312E+01,3.56963E+00,4.95455E+01,4.95455E+01,4.95455E+01,1.65553E+01,4.95455E+01,4.95455E+01,4.31989E+00,4.95455E+01,1.65553E+01,4.95455E+01,4.95455E+01,4.95455E+01,4.95455E+01,2.02593E-01 
#t = 3.738E+03
4.95455E+01,4.95455E+01,4.95455E+01,4.95455E+01,4.95455E+01,4.95455E+01,4.95455E+01,4.95455E+01,4.95455E+01,4.95455E+01,4.95455E+01,4.95455E+01,1.33312E+01,4.95455E+01,4.95455E+01,4.95455E+01,4.95455E+01,4.95455E+01,4.95455E+01,4.95455E+01,4.95455E+01,4.95455E+01,4.95455E+01,4.95455E+01,4.95455E+01,1.07151E+01,4.95455E+01,4.95455E+01,4.95455E+01,4.95455E+01,4.95455E+01,4.95455E+01,4.95455E+01,4.95455E+01,4.95455E+01,4.95455E+01,1.30320E-01,4.95455E+01,4.95455E+01,4.95455E+01,4.95455E+01 
#t = 3.780E+03
4.95455E+01,4.95455E+01,4.95455E+01,4.95455E+01,4.95455E+01,4.95455E+01,2.24692E+01,4.95455E+01,1.24137E+01,4.95455E+01,4.95455E+01,4.95455E+01,1.24137E+01,4.95455E+01,1.24137E+01,4.95455E+01,4.95455E+01,1.24137E+01,2.24692E+01,9.95055E+00,4.95455E+01,2.24692E+01,4.95455E+01,4.95455E+01,4.95455E+01,4.95455E+01,1.24137E+01,1.24137E+01,1.24137E+01,4.95455E+01,4.20287E+00,1.24023E+00,2.24692E+01,4.95455E+01,4.95455E+01,4.95455E+01,7.52471E+00,4.95455E+01 
#t = 3.822E+03
4.95455E+01,4.95455E+01,4.95455E+01,1.24137E+01,2.04709E+01,1.70274E+01,4.95455E+01,4.95455E+01,4.95455E+01,4.95455E+01,4.95455E+01,4.95455E+01,4.95455E+01,1.24137E+01,2.69942E+01,1.24137E+01,1.24137E+01,4.95455E+01,2.24692E+01,1.70274E+01,2.24692E+01,2.24692E+01,4.95455E+01,4.95455E+01,4.95455E+01,4.95455E+01,4.95455E+01,4.95455E+01,1.24137E+01,4.95455E+01,4.95455E+01,4.95455E+01,4.95455E+01,4.95455E+01,4.49899E-01,1.19805E-01,1.24137E+01,4.95455E+01,4.95455E+01,4.62595E-01 
#t = 3.864E+03
2.04709E+01,4.95455E+01,2.24692E+01,4.95455E+01,4.95455E+01,1.24137E+01,4.95455E+01,4.95455E+01,3.60860E+01,4.95455E+01,1.48853E+01,4.95455E+01,4.95455E+01,1.24137E+01,4.95455E+01,4.95455E+01,4.95455E+01,4.95455E+01,3.60860E+01,3.60860E+01,1.48853E+01,4.95455E+01,3.60860E+01,4.95455E+01,4.95455E+01,3.60860E+01,4.95455E+01,3.60860E+01,3.60860E+01,3.60860E+01,4.95455E+01,3.60860E+01,4.95455E+01,3.60860E+01,3.60860E+01,4.95455E+01,3.60860E+01,3.60860E+01,3.60860E+01,3.97145E+00 
#t = 3.906E+03
2.04709E+01,2.24692E+01,4.95455E+01,3.60860E+01,4.95455E+01,4.95455E+01,4.95455E+01,4.95455E+01,4.95455E+01,3.60860E+01,7.21441E+00,4.95455E+01,4.95455E+01,4.95455E+01,4.95455E+01,4.95455E+01,3.60860E+01,4.95455E+01,4.95455E+01,4.95455E+01,4.95455E+01,4.95455E+01,1.48853E+01,4.95455E+01,4.95455E+01,4.95455E+01,4.40085E+00,4.95455E+01,4.95455E+01,3.60860E+01,1.18178E+00,4.95455E+01,4.95455E+01,3.60860E+01 
#t = 3.948E+03
4.95455E+01,4.95455E+01,4.95455E+01,4.95455E+01,3.60860E+01,4.95455E+01,4.95455E+01,4.95455E+01,4.95455E+01,4.95455E+01,4.95455E+01,4.95455E+01,4.95455E+01,4.95455E+01,4.95455E+01,4.95455E+01,4.95455E+01,4.95455E+01,4.95455E+01,3.60860E+01,4.95455E+01,4.95455E+01,4.95455E+01,4.95455E+01,4.95455E+01,4.95455E+01,4.95455E+01,4.95455E+01,4.95455E+01,4.95455E+01,4.95455E+01,4.95455E+01,4.95455E+01,4.95455E+01,4.95455E+01,4.95455E+01,4.95455E+01,4.95455E+01,4.95455E+01 
#t = 3.990E+03
4.95455E+01,4.95455E+01,4.95455E+01,4.95455E+01,4.95455E+01,4.95455E+01,4.95455E+01,4.95455E+01,4.95455E+01,4.95455E+01,4.95455E+01,4.95455E+01,4.95455E+01,4.95455E+01,4.95455E+01,4.95455E+01,4.95455E+01,4.95455E+01,4.95455E+01,4.95455E+01,4.95455E+01,4.95455E+01,4.95455E+01,4.95455E+01,4.95455E+01,4.95455E+01,4.95455E+01,4.95455E+01,4.95455E+01,1.04874E-01,4.95455E+01,4.95455E+01,2.07869E-01,4.95455E+01,4.95455E+01,4.95455E+01,4.95455E+01,3.15884E-01,4.95455E+01,4.95455E+01,4.95455E+01 
#t = 4.032E+03
4.95455E+01,4.95455E+01,4.95455E+01,4.95455E+01,4.95455E+01,4.95455E+01,4.95455E+01,4.95455E+01,4.95455E+01,4.95455E+01,4.95455E+01,4.95455E+01,4.95455E+01,4.95455E+01,4.95455E+01,4.95455E+01,4.95455E+01,4.95455E+01,4.95455E+01,4.95455E+01,4.95455E+01,4.95455E+01,5.80780E+00,4.56226E+00,4.95455E+01,4.67183E+00,4.95455E+01,4.95455E+01,1.94390E+00,4.95455E+01 
#t = 4.074E+03
4.95455E+01,4.95455E+01,4.95455E+01,4.95455E+01,4.95455E+01,4.95455E+01,4.95455E+01,4.95455E+01,4.95455E+01,4.95455E+01,4.95455E+01,4.95455E+01,4.95455E+01,4.95455E+01,4.95455E+01,4.95455E+01,4.95455E+01,4.95455E+01,4.95455E+01,4.95455E+01,4.95455E+01,4.95455E+01,1.42465E+01,4.95455E+01,9.77652E-01,4.95455E+01,4.95455E+01,4.95455E+01,4.95455E+01,4.95455E+01 
#t = 4.116E+03
4.95455E+01,4.95455E+01,4.95455E+01,4.95455E+01,4.95455E+01,4.95455E+01,1.57730E+01,4.95455E+01,4.95455E+01,4.95455E+01,4.95455E+01,5.96135E+01,5.96135E+01,5.96135E+01,5.96135E+01,4.95455E+01,4.95455E+01,4.95455E+01,4.95455E+01,1.57730E+01,5.96135E+01,4.95455E+01,4.95455E+01,4.95455E+01,4.95455E+01,4.95455E+01,5.96135E+01,4.95455E+01,1.57730E+01,4.95455E+01,4.95455E+01,4.95455E+01,1.52504E+01,4.95455E+01,4.95455E+01,1.52504E+01,4.95455E+01,4.95455E+01,1.99574E-01,4.95455E+01,4.62249E-01,4.95455E+01,4.95455E+01,4.95455E+01,4.95455E+01,1.57730E+01 
#t = 4.158E+03
4.95455E+01,4.95455E+01,4.95455E+01,4.95455E+01,4.95455E+01,5.96135E+01,4.95455E+01,4.95455E+01,4.95455E+01,1.12628E+01,4.95455E+01,4.95455E+01,1.12628E+01,4.95455E+01,4.95455E+01,1.57730E+01,4.95455E+01,1.33381E+01,1.12628E+01,5.96135E+01,4.95455E+01,4.95455E+01,4.95455E+01,1.71479E+00,1.49803E+01,4.95455E+01,5.96135E+01,4.95455E+01,4.95455E+01,4.95455E+01,4.95455E+01,2.01373E-01,4.95455E+01 
#t = 4.200E+03
4.95455E+01,2.43986E+01,4.95455E+01,4.95455E+01,4.95455E+01,1.57730E+01,4.95455E+01,4.95455E+01,4.95455E+01,4.95455E+01,2.43986E+01,7.96500E+01,7.96500E+01,4.95455E+01,4.95455E+01,4.95455E+01,4.95455E+01,4.95455E+01,4.95455E+01,4.95455E+01,4.95455E+01,4.95455E+01,4.95455E+01,5.96135E+01,7.96500E+01,4.95455E+01,5.96135E+01,7.96500E+01,2.43986E+01,5.96135E+01,4.95455E+01,2.53225E-01,4.95455E+01,4.95455E+01,7.21969E-01,5.96135E+01,2.43986E+01,2.43986E+01,7.96500E+01,2.43986E+01,4.95455E+01,5.96135E+01,2.63648E-01,4.95455E+01 
