#t = 0.000E+00
8.59191E-01,1.02856E+00,1.75148E+00,2.62689E+00,8.39486E-01 
#t = 4.200E+01
2.40537E+01,2.40537E+01,8.72328E+00,2.40537E+01,1.19893E-01,1.73567E+00 
#t = 8.400E+01
2.40537E+01,2.40537E+01,2.40537E+01,2.40537E+01,2.40537E+01,2.40537E+01,2.40537E+01,2.40537E+01,2.40537E+01,2.40537E+01,1.43283E+01,4.71717E-01,2.40537E+01,2.40537E+01,2.40537E+01,2.40537E+01,2.40537E+01 
#t = 1.260E+02
2.40537E+01,2.40537E+01,2.40537E+01,2.40537E+01,2.40537E+01,2.40537E+01,2.40537E+01,2.40537E+01,2.40537E+01,2.40537E+01,2.95921E+00,2.40537E+01,2.40537E+01,2.40537E+01,2.40537E+01,2.40537E+01,2.40537E+01,2.40537E+01 
#t = 1.680E+02
2.40537E+01,2.40537E+01,2.40537E+01,2.40537E+01,2.40537E+01,2.40537E+01,2.40537E+01,2.40537E+01,2.40537E+01,2.40537E+01,2.40537E+01,2.40537E+01,2.40537E+01,2.40537E+01,2.40537E+01,2.59238E+01,2.40537E+01,2.40537E+01,2.40537E+01,2.40537E+01,2.40537E+01,2.40537E+01,9.14886E+00,2.40537E+01,2.40537E+01,2.72080E+00 
#t = 2.100E+02
2.40537E+01,2.40537E+01,2.40537E+01,2.40537E+01,2.40537E+01,2.40537E+01,2.40537E+01,2.40537E+01,9.50016E+00,2.40537E+01,2.40537E+01,2.40537E+01,2.40537E+01,2.40537E+01,2.40537E+01,2.40537E+01,2.40537E+01,2.40537E+01,2.40537E+01,2.40537E+01,2.40537E+01,2.40537E+01,2.40537E+01,4.80540E-01,2.51804E+01,2.40537E+01,3.67513E+00,2.40537E+01,2.40537E+01 
#t = 2.520E+02
2.40537E+01,2.40537E+01,2.40537E+01,2.40537E+01,1.62130E+01,2.40537E+01,2.40537E+01,2.40537E+01,2.40537E+01,2.40537E+01,2.40537E+01,3.45560E+01,3.45560E+01,2.40537E+01,2.40537E+01,1.22989E+00,2.40537E+01,2.40537E+01,2.40537E+01,2.40537E+01,3.45560E+01 
#t = 2.940E+02
2.40537E+01,2.40537E+01,2.40537E+01,3.45560E+01,3.45560E+01,3.45560E+01,3.45560E+01,3.45560E+01,3.45560E+01,2.40537E+01,2.40537E+01,3.45560E+01,2.40537E+01,3.45560E+01,2.40537E+01,3.45560E+01,3.45560E+01,2.40537E+01,2.77744E+00,3.45560E+01,3.45560E+01 
#t = 3.360E+02
2.40537E+01,3.45560E+01,2.40537E+01,3.45560E+01,3.45560E+01,3.45560E+01,2.40537E+01,3.45560E+01,3.45560E+01,2.40537E+01,3.45560E+01,3.45560E+01,3.45560E+01,3.45560E+01,3.45560E+01,3.45560E+01,3.45560E+01,3.01961E+00,3.45560E+01,3.45560E+01,3.45560E+01,3.45560E+01 
#t = 3.780E+02
3.45560E+01,2.40537E+01,2.40537E+01,3.45560E+01,3.45560E+01,3.45560E+01,3.45560E+01,3.45560E+01,1.12331E+01,3.45560E+01,3.45560E+01,3.45560E+01,3.45560E+01,3.45560E+01,1.45945E+01,2.40537E+01,3.45560E+01,3.45560E+01,2.40537E+01,3.45560E+01,3.45560E+01,1.15796E-01,3.45560E+01,3.45560E+01 
#t = 4.200E+02
3.45560E+01,1.45945E+01,1.45945E+01,1.45945E+01,3.45560E+01,1.45945E+01,3.45560E+01,3.45560E+01,3.45560E+01,3.89151E+01,3.45560E+01,3.45560E+01,1.45945E+01,3.45560E+01,3.45560E+01,3.45560E+01,3.45560E+01,9.83601E-03,1.45945E+01,3.45560E+01,3.45560E+01,3.45560E+01 
#t = 4.620E+02
3.45560E+01,3.45560E+01,3.89151E+01,1.45945E+01,3.45560E+01,1.45945E+01,3.45560E+01,3.45560E+01,3.45560E+01,5.75785E+00,3.45560E+01,3.45560E+01,3.45560E+01,3.45560E+01,3.45560E+01,3.45560E+01,1.20515E+01,1.22220E+01,3.45560E+01,1.22220E+01,3.45560E+01,3.45560E+01,3.45560E+01,3.89151E+01,1.45945E+01,1.22220E+01,3.45560E+01,1.22220E+01,1.45945E+01,3.45560E+01,1.70309E+00 
#t = 5.040E+02
3.45560E+01,3.89151E+01,3.45560E+01,3.89151E+01,3.45560E+01,1.22220E+01,3.45560E+01,3.89151E+01,3.45560E+01,3.45560E+01,3.89151E+01,3.45560E+01,1.22220E+01,3.45560E+01,3.45560E+01,1.42440E+01,3.89151E+01,3.45560E+01,3.45560E+01,3.45560E+01,3.45560E+01,3.45560E+01,3.45560E+01,3.45560E+01,3.45560E+01,1.22220E+01,3.89151E+01,3.45560E+01,3.45560E+01,3.45560E+01,3.45560E+01,3.45560E+01 
#t = 5.460E+02
3.45560E+01,3.89151E+01,3.45560E+01,3.45560E+01,3.45560E+01,1.22220E+01,3.45560E+01,3.89151E+01,3.45560E+01,3.45560E+01,3.45560E+01,3.45560E+01,3.45560E+01,3.45560E+01,3.45560E+01,3.45560E+01,3.45560E+01,3.89151E+01,3.45560E+01,3.45560E+01,3.89151E+01,2.65075E+00,3.45560E+01,3.45560E+01,4.59012E+00,3.45560E+01,3.45560E+01,3.45560E+01,3.45560E+01,3.45560E+01,3.45560E+01,3.45560E+01,3.45560E+01 
#t = 5.880E+02
3.45560E+01,3.45560E+01,3.45560E+01,3.45560E+01,3.45560E+01,3.45560E+01,3.45560E+01,3.45560E+01,2.87465E+01,3.45560E+01,3.45560E+01,3.45560E+01,3.45560E+01,3.45560E+01,3.45560E+01,3.45560E+01,7.84802E+00,3.45560E+01,3.45560E+01,3.45560E+01,3.45560E+01,3.45560E+01,4.84167E+00,8.49681E+00,3.45560E+01,3.45560E+01,1.81537E+00,3.45560E+01,3.45560E+01,3.45560E+01,3.45560E+01,3.45560E+01 
#t = 6.300E+02
3.45560E+01,1.48595E+01,3.45560E+01,3.45560E+01,3.45560E+01,3.45560E+01,3.45560E+01,3.45560E+01,3.45560E+01,3.45560E+01,3.45560E+01,3.45560E+01,3.45560E+01,3.45560E+01,3.45560E+01,3.45560E+01,3.45560E+01,3.45560E+01,3.45560E+01,3.45560E+01,3.45560E+01,3.45560E+01,3.45560E+01,3.45560E+01,3.45560E+01,3.45560E+01,3.45560E+01,3.45560E+01,3.45560E+01,3.45560E+01,2.30905E-01,4.68263E-01,6.42621E+00 
#t = 6.720E+02
3.45560E+01,3.45560E+01,3.45560E+01,3.45560E+01,3.45560E+01,3.45560E+01,3.45560E+01,1.36271E+01,3.45560E+01,3.45560E+01,3.45560E+01,1.20341E+01,1.36271E+01,3.45560E+01,3.45560E+01,1.36271E+01,3.45560E+01,1.20341E+01,3.45560E+01,3.45560E+01,1.36271E+01,3.45560E+01,1.91003E+01,3.45560E+01,3.45560E+01,3.45560E+01,3.45560E+01,1.54382E+01,3.45560E+01,3.45560E+01,3.45560E+01,3.45560E+01,1.36271E+01,3.45560E+01,3.45560E+01,3.45560E+01,3.45560E+01,3.45560E+01,3.45560E+01 
#t = 7.140E+02
1.36271E+01,1.91003E+01,3.45560E+01,3.45560E+01,3.45560E+01,1.36271E+01,3.45560E+01,1.36271E+01,3.45560E+01,1.36271E+01,3.45560E+01,3.45560E+01,3.45560E+01,3.45560E+01,3.45560E+01,3.45560E+01,1.74221E+01,3.45560E+01,3.45560E+01,3.45560E+01,3.45560E+01,1.36271E+01,3.45560E+01,3.45560E+01,1.36271E+01,3.45560E+01,3.45560E+01,3.45560E+01,7.38171E+00,1.37019E+01,3.45560E+01,3.45560E+01,1.98361E+00 
#t = 7.560E+02
3.45560E+01,3.45560E+01,3.45560E+01,1.74221E+01,3.45560E+01,3.45560E+01,3.45560E+01,1.36271E+01,1.36271E+01,1.91003E+01,3.45560E+01,1.36271E+01,3.45560E+01,3.45560E+01,3.45560E+01,3.45560E+01,3.45560E+01,3.45560E+01,3.45560E+01,3.45560E+01,3.45560E+01,3.45560E+01,3.45560E+01,3.45560E+01,3.45560E+01,3.45560E+01,3.45560E+01,3.45560E+01,3.45560E+01,3.45560E+01,3.45560E+01,3.45560E+01,3.45560E+01,3.45560E+01,3.45560E+01,3.45560E+01,7.75871E+00,1.23840E+01,1.74221E+01 
#t = 7.980E+02
3.45560E+01,1.36271E+01,3.45560E+01,3.45560E+01,1.36271E+01,1.05664E+01,1.36271E+01,1.36271E+01,3.45560E+01,1.36271E+01,3.45560E+01,1.36271E+01,1.36271E+01,3.45560E+01,3.45560E+01,1.67508E+01,3.45560E+01,3.45560E+01,3.45560E+01,3.45560E+01,3.45560E+01,3.45560E+01,2.79624E+00,3.45560E+01,3.45560E+01,1.36271E+01,3.45560E+01,3.45560E+01,3.45560E+01,2.93726E-01,2.48023E-01,1.05152E+00,3.45560E+01,3.45560E+01,3.36457E+00 
#t = 8.400E+02
3.45560E+01,3.45560E+01,1.05664E+01,3.45560E+01,3.45560E+01,3.45560E+01,3.45560E+01,3.45560E+01,3.45560E+01,3.45560E+01,3.45560E+01,3.45560E+01,3.45560E+01,7.39125E+00,3.45560E+01,3.45560E+01,3.45560E+01,3.45560E+01,3.45560E+01,3.45560E+01,3.45560E+01,3.45560E+01,3.45560E+01,3.45560E+01,1.36271E+01,3.45560E+01,3.45560E+01,1.36271E+01,3.45560E+01,3.45560E+01,3.45560E+01,3.45560E+01,3.45560E+01,1.36271E+01,1.36271E+01,3.45560E+01,6.57397E-01,3.45560E+01,9.27503E+00,3.45560E+01,3.45560E+01,1.36271E+01,5.13475E-01,2.50801E+00 
#t = 8.820E+02
3.45560E+01,3.45560E+01,3.45560E+01,3.45560E+01,3.45560E+01,3.45560E+01,3.45560E+01,3.45560E+01,1.36271E+01,3.45560E+01,1.36271E+01,3.45560E+01,3.45560E+01,3.45560E+01,3.45560E+01,1.36271E+01,3.45560E+01,3.45560E+01,3.45560E+01,3.45560E+01,3.45560E+01,4.93714E+00,3.45560E+01,3.45560E+01,3.45560E+01,3.45560E+01,3.45560E+01,3.45560E+01,3.45560E+01,3.45560E+01 
#t = 9.240E+02
3.45560E+01,3.45560E+01,3.45560E+01,3.45560E+01,3.45560E+01,3.45560E+01,3.45560E+01,3.45560E+01,3.45560E+01,3.45560E+01,3.45560E+01,3.45560E+01,1.36271E+01,3.45560E+01,3.45560E+01,3.45560E+01,3.45560E+01,3.45560E+01,1.42885E+01,1.42885E+01,3.45560E+01,1.36271E+01,3.45560E+01,3.45560E+01,3.45560E+01,1.36271E+01,3.22591E+00,3.45560E+01,3.45560E+01,3.45560E+01,3.45560E+01,3.45560E+01,3.45560E+01,3.45560E+01,1.11062E+01 
#t = 9.660E+02
3.45560E+01,1.36271E+01,3.45560E+01,3.45560E+01,3.45560E+01,3.45560E+01,1.09873E+01,1.36271E+01,3.45560E+01,3.45560E+01,3.45560E+01,3.45560E+01,3.45560E+01,3.45560E+01,3.45560E+01,1.36271E+01,1.36271E+01,8.19677E-01,3.45560E+01,3.45560E+01,3.45560E+01,1.36271E+01,2.15023E+01,4.89394E+00,3.39992E+00,7.27437E-02,2.15023E+01,3.45560E+01,3.45560E+01,4.09588E+00,3.45560E+01,3.45560E+01,2.15023E+01 
#t = 1.008E+03
3.45560E+01,3.45560E+01,3.45560E+01,1.36271E+01,3.45560E+01,3.45560E+01,3.45560E+01,3.45560E+01,3.45560E+01,3.45560E+01,3.45560E+01,3.45560E+01,1.30393E+01,3.45560E+01,3.45560E+01,3.45560E+01,3.45560E+01,3.45560E+01,3.45560E+01,3.45560E+01,3.45560E+01,3.45560E+01,1.36271E+01,3.45560E+01,1.36271E+01,1.09873E+01,3.45560E+01,3.45560E+01,3.45560E+01,3.45560E+01,3.45560E+01,4.98751E-01,3.45560E+01 
#t = 1.050E+03
3.45560E+01,3.45560E+01,3.45560E+01,3.45560E+01,3.45560E+01,3.45560E+01,3.45560E+01,3.45560E+01,3.45560E+01,3.45560E+01,3.45560E+01,3.45560E+01,3.45560E+01,3.45560E+01,3.45560E+01,3.45560E+01,3.45560E+01,3.45560E+01,3.45560E+01,3.45560E+01,3.45560E+01,3.45560E+01,3.45560E+01 
#t = 1.092E+03
3.45560E+01,1.54448E+02,1.54448E+02,1.54448E+02,1.54448E+02,3.45560E+01,1.54448E+02,1.54448E+02,3.45560E+01,3.45560E+01,3.45560E+01,3.45560E+01,6.80641E+01,3.45560E+01,3.45560E+01,3.45560E+01,3.45560E+01,3.45560E+01,3.45560E+01,3.45560E+01,3.45560E+01,3.45560E+01,3.45560E+01,3.45560E+01,2.33052E+00,1.54448E+02,3.45560E+01,3.45560E+01 
#t = 1.134E+03
3.45560E+01,3.45560E+01,3.45560E+01,3.45560E+01,3.45560E+01,3.45560E+01,3.45560E+01,3.45560E+01,1.37322E+01,3.45560E+01,3.45560E+01,3.45560E+01,3.45560E+01,3.45560E+01,3.45560E+01,1.54448E+02,3.45560E+01,3.45560E+01,3.45560E+01,3.45560E+01,3.45560E+01,3.45560E+01,1.54448E+02,3.45560E+01,3.45560E+01,3.45560E+01,3.45560E+01,3.45560E+01,3.45560E+01,1.30321E-01,3.45560E+01 
#t = 1.176E+03
3.45560E+01,3.45560E+01,3.45560E+01,3.45560E+01,3.45560E+01,3.45560E+01,3.45560E+01,3.45560E+01,8.28105E+00,3.45560E+01,3.45560E+01,3.45560E+01,3.45560E+01,3.45560E+01,3.45560E+01,3.45560E+01,3.45560E+01,3.45560E+01,3.45560E+01,3.45560E+01,3.45560E+01,3.45560E+01,3.45560E+01,3.45560E+01,3.45560E+01,3.45560E+01,3.45560E+01,3.45560E+01,2.13814E+00,3.45560E+01,3.45560E+01,3.65062E+00,3.45560E+01,2.50876E+00,3.45560E+01,3.45560E+01,1.58753E-01,3.45560E+01 
#t = 1.218E+03
3.45560E+01,3.45560E+01,3.45560E+01,3.45560E+01,3.45560E+01,3.45560E+01,3.45560E+01,3.45560E+01,3.45560E+01,3.45560E+01,3.45560E+01,3.45560E+01,3.45560E+01,3.45560E+01,3.45560E+01,3.45560E+01,3.45560E+01,3.45560E+01,3.45560E+01,3.45560E+01,3.45560E+01,3.45560E+01,3.45560E+01,3.45560E+01,3.45560E+01,3.45560E+01,3.45560E+01,1.68961E+00,3.45560E+01,3.45560E+01,3.45560E+01,3.45560E+01 
#t = 1.260E+03
3.45560E+01,3.45560E+01,3.45560E+01,3.45560E+01,3.45560E+01,3.45560E+01,6.61054E+00,2.35212E+01,4.85615E+00,3.45560E+01,3.45560E+01,1.40103E+01,3.45560E+01,3.45560E+01,3.45560E+01,3.45560E+01,3.45560E+01,3.45560E+01,3.45560E+01,2.61737E+01,3.45560E+01,2.35212E+01,3.45560E+01,3.45560E+01,3.45560E+01,3.45560E+01,3.45560E+01,3.45560E+01,1.40944E+01,3.45560E+01,1.40103E+01 
#t = 1.302E+03
3.45560E+01,3.45560E+01,3.45560E+01,3.45560E+01,3.45560E+01,3.45560E+01,3.45560E+01,3.45560E+01,3.45560E+01,3.45560E+01,3.45560E+01,3.45560E+01,3.45560E+01,3.45560E+01,3.45560E+01,3.45560E+01,3.45560E+01,3.45560E+01,3.45560E+01,3.45560E+01,3.45560E+01,3.45560E+01,3.45560E+01,3.45560E+01,3.45560E+01,3.45560E+01,3.45560E+01,3.45560E+01,3.45560E+01,3.45560E+01,3.45560E+01,8.00961E+00,3.45560E+01,3.45560E+01,3.45560E+01,3.45560E+01,3.45560E+01,3.45560E+01 
#t = 1.344E+03
3.45560E+01,3.45560E+01,3.45560E+01,3.45560E+01,3.45560E+01,3.45560E+01,3.45560E+01,3.45560E+01,3.45560E+01,1.63613E+01,3.45560E+01,3.45560E+01,3.45560E+01,3.45560E+01,3.45560E+01,3.45560E+01,3.45560E+01,3.45560E+01,3.45560E+01,3.45560E+01,3.45560E+01,3.45560E+01,3.45560E+01,3.45560E+01,3.45560E+01,3.45560E+01,3.45560E+01,3.45560E+01,3.43520E+01,3.45560E+01,3.45560E+01,3.45560E+01,1.46451E+00,2.56702E+00,3.45560E+01 
#t = 1.386E+03
3.45560E+01,3.45560E+01,3.45560E+01,3.43520E+01,3.45560E+01,3.45560E+01,3.45560E+01,3.45560E+01,3.45560E+01,3.45560E+01,3.45560E+01,3.45560E+01,3.45560E+01,3.45560E+01,3.45560E+01,3.45560E+01,3.45560E+01,3.45560E+01,3.45560E+01,3.45560E+01,3.45560E+01,3.45560E+01,3.45560E+01,3.45560E+01,3.45560E+01,3.45560E+01,1.29705E+00,3.45560E+01,3.45560E+01,3.45560E+01,3.45560E+01,3.45560E+01,3.45560E+01,5.32922E+00,2.39637E+00,3.45560E+01,3.45560E+01,3.45560E+01,3.45560E+01,3.45560E+01,3.45560E+01 
#t = 1.428E+03
3.45560E+01,3.45560E+01,3.45560E+01,3.45560E+01,3.45560E+01,3.45560E+01,3.45560E+01,3.45560E+01,1.66155E+01,3.45560E+01,3.45560E+01,3.45560E+01,3.45560E+01,3.45560E+01,3.45560E+01,3.45560E+01,3.45560E+01,3.45560E+01,3.45560E+01,3.45560E+01,3.45560E+01,3.45560E+01,3.45560E+01,3.45560E+01,3.45560E+01,3.45560E+01,9.09000E+00,3.45560E+01 
#t = 1.470E+03
3.45560E+01,1.66155E+01,3.45560E+01,1.61166E+01,3.45560E+01,1.61166E+01,3.45560E+01,3.45560E+01,3.45560E+01,3.45560E+01,3.45560E+01,3.45560E+01,3.45560E+01,3.45560E+01,3.45560E+01,1.61166E+01,3.45560E+01,3.45560E+01,3.45560E+01,3.45560E+01,3.45560E+01,3.45560E+01,1.61166E+01,4.20194E-02,3.45560E+01,3.45560E+01,3.45560E+01,3.45560E+01,2.13802E-01,3.45560E+01,1.61166E+01,1.96542E+00 
#t = 1.512E+03
3.45560E+01,3.45560E+01,3.45560E+01,3.45560E+01,3.45560E+01,3.45560E+01,3.45560E+01,3.45560E+01,3.45560E+01,3.45560E+01,3.45560E+01,3.45560E+01,3.45560E+01,3.45560E+01,3.45560E+01,3.45560E+01,3.45560E+01,3.45560E+01,3.45560E+01,3.45560E+01,3.45560E+01,3.45560E+01,1.95881E+01,3.45560E+01,3.45560E+01,3.45560E+01,3.62064E+01,9.06077E-01,7.81835E+00,1.95881E+01,3.45560E+01,2.88768E-01,3.45560E+01 
#t = 1.554E+03
3.45560E+01,3.45560E+01,3.45560E+01,3.45560E+01,3.45560E+01,1.95881E+01,3.45560E+01,3.45560E+01,3.98622E+01,3.45560E+01,3.45560E+01,3.45560E+01,3.45560E+01,3.62064E+01,3.45560E+01,3.45560E+01,3.45560E+01,3.45560E+01,3.45560E+01,3.45560E+01,3.45560E+01,3.45560E+01,3.45560E+01,3.45560E+01,3.45560E+01,3.45560E+01,5.24817E+00,3.45560E+01 
#t = 1.596E+03
3.45560E+01,3.45560E+01,3.45560E+01,3.45560E+01,3.45560E+01,3.62064E+01,3.45560E+01,3.45560E+01,3.62064E+01,1.69260E+01,3.45560E+01,3.45560E+01,3.62064E+01,3.62064E+01,3.45560E+01,3.45560E+01,3.45560E+01,3.45560E+01,3.45560E+01,3.45560E+01,3.62064E+01,3.45560E+01,1.21488E+01,3.45560E+01,3.62064E+01,3.62064E+01,3.62064E+01,3.45560E+01,1.24304E+00,3.45560E+01,3.45560E+01,3.14853E+01,3.62064E+01,3.45560E+01,3.62064E+01 
#t = 1.638E+03
3.45560E+01,3.62064E+01,3.45560E+01,3.45560E+01,3.45560E+01,2.34267E+01,3.45560E+01,1.60251E+01,3.45560E+01,1.60251E+01,1.87896E+01,3.45560E+01,3.14853E+01,3.14853E+01,3.45560E+01,2.34267E+01,3.62064E+01,1.09086E+01,3.45560E+01,3.45560E+01,3.62064E+01,3.45560E+01,3.45560E+01,3.14853E+01,3.45560E+01,3.62064E+01,3.45560E+01,3.45560E+01,3.45560E+01,2.78495E-01,3.45560E+01,3.45560E+01,2.34267E+01 
#t = 1.680E+03
3.45560E+01,3.62064E+01,3.45560E+01,3.45560E+01,3.45560E+01,3.45560E+01,3.62064E+01,3.45560E+01,3.62064E+01,2.78151E-01,3.45560E+01,3.62064E+01,1.39627E+00,3.45560E+01 
#t = 1.722E+03
3.45560E+01,3.62064E+01,3.45560E+01,3.45560E+01,3.45560E+01,3.45560E+01,3.45560E+01,3.45560E+01,3.45560E+01,3.45560E+01,3.45560E+01,3.45560E+01,3.45560E+01,3.45560E+01,3.45560E+01,3.45560E+01,3.45560E+01,3.45560E+01,3.62064E+01,3.45560E+01,3.45560E+01,3.45560E+01,7.54591E+00,3.62064E+01,3.45560E+01,1.70251E+01,3.45560E+01,3.45560E+01,3.45560E+01,3.45560E+01,3.45560E+01,3.45560E+01,3.45560E+01,3.45560E+01,7.98605E-01,3.45560E+01 
#t = 1.764E+03
3.45560E+01,3.45560E+01,3.45560E+01,3.45560E+01,3.45560E+01,3.45560E+01,3.45560E+01,3.45560E+01,3.62064E+01,3.45560E+01,3.45560E+01,3.62064E+01,3.45560E+01,3.45560E+01,3.45560E+01,3.45560E+01,2.62526E+01,2.62526E+01,3.45560E+01,3.45560E+01,3.45560E+01,3.62064E+01,3.45560E+01,3.62064E+01,1.80014E+01,3.62064E+01,2.62526E+01,3.45560E+01,3.45560E+01,8.60763E+00,3.45560E+01,3.45560E+01,3.45560E+01,3.29864E-01,3.45560E+01,3.45560E+01 
#t = 1.806E+03
3.45560E+01,3.45560E+01,3.45560E+01,1.80014E+01,2.62526E+01,3.45560E+01,3.45560E+01,3.45560E+01,3.45560E+01,3.45560E+01,3.45560E+01,3.45560E+01,3.45560E+01,3.45560E+01,3.45560E+01,3.45560E+01,3.45560E+01,3.45560E+01,3.45560E+01,3.45560E+01,3.45560E+01,3.45560E+01,3.45560E+01,3.45560E+01,3.45560E+01,3.45560E+01,3.45560E+01,3.45560E+01,3.45560E+01,1.80014E+01,3.45560E+01,3.62064E+01,3.45560E+01,3.45560E+01,1.62942E+00,1.80014E+01,7.93907E-01 
#t = 1.848E+03
3.45560E+01,2.56577E+01,3.45560E+01,3.45560E+01,3.45560E+01,3.45560E+01,3.45560E+01,3.45560E+01,3.45560E+01,3.45560E+01,3.45560E+01,3.45560E+01,3.45560E+01,3.45560E+01,3.45560E+01,3.45560E+01,3.45560E+01,3.45560E+01,3.45560E+01,3.45560E+01,3.45560E+01,3.45560E+01,3.45560E+01,3.45560E+01,3.63372E-01,3.45560E+01,3.45560E+01,3.45560E+01 
#t = 1.890E+03
3.45560E+01,3.45560E+01,3.45560E+01,3.45560E+01,3.45560E+01,3.45560E+01,3.45560E+01,3.45560E+01,3.45560E+01,3.45560E+01,3.45560E+01,3.45560E+01,3.45560E+01,3.45560E+01,3.45560E+01,3.45560E+01,3.45560E+01,3.45560E+01,3.45560E+01,3.45560E+01,3.45560E+01,3.45560E+01,3.45560E+01,3.45560E+01,3.45560E+01,1.06876E+01,3.45560E+01,3.02224E+01,3.45560E+01,3.45560E+01,3.45560E+01,3.45560E+01,3.45560E+01,3.45560E+01 
#t = 1.932E+03
3.45560E+01,3.45560E+01,3.45560E+01,3.45560E+01,3.45560E+01,3.45560E+01,3.45560E+01,3.45560E+01,3.45560E+01,3.45560E+01,3.45560E+01,3.45560E+01,3.45560E+01,1.15518E+01,3.45560E+01,3.45560E+01,3.45560E+01,3.45560E+01,3.45560E+01,3.45560E+01,3.45560E+01,3.45560E+01,3.45560E+01,3.45560E+01,3.45560E+01,3.45560E+01,3.45560E+01,3.45560E+01,3.45560E+01,3.45560E+01,3.45560E+01,3.45560E+01,3.45560E+01,1.71014E-01,2.98528E-01,3.45560E+01 
#t = 1.974E+03
3.45560E+01,3.45560E+01,3.45560E+01,3.45560E+01,3.45560E+01,3.45560E+01,3.45560E+01,3.45560E+01,3.45560E+01,3.45560E+01,1.15518E+01,3.45560E+01,3.45560E+01,3.45560E+01,3.45560E+01,6.78078E+01,3.45560E+01,3.45560E+01,3.45560E+01,1.15518E+01,3.45560E+01,3.45560E+01,3.45560E+01,3.45560E+01,3.45560E+01,3.45560E+01,3.45560E+01,3.45560E+01,3.45560E+01,3.45560E+01,3.45560E+01,1.06006E+01,3.45560E+01,1.15518E+01,3.45560E+01,2.00903E+01,3.45560E+01,3.45560E+01,3.45560E+01,3.45560E+01,3.45560E+01,1.67621E+00,3.45560E+01 
#t = 2.016E+03
3.45560E+01,3.45560E+01,3.45560E+01,3.45560E+01,3.45560E+01,3.45560E+01,9.20561E+00,3.45560E+01,3.45560E+01,1.15518E+01,3.45560E+01,3.45560E+01,1.72410E+01,3.45560E+01,3.45560E+01,3.45560E+01,3.45560E+01,3.45560E+01,3.45560E+01,3.45560E+01,2.46584E+00,1.15518E+01,1.15518E+01,3.45560E+01,3.45560E+01,1.15518E+01,3.45560E+01,3.45560E+01,3.45560E+01,3.45560E+01,2.08806E-01,1.36191E+00,3.45560E+01,3.45560E+01,3.45560E+01 
#t = 2.058E+03
3.45560E+01,9.82318E+00,3.45560E+01,3.45560E+01,3.45560E+01,3.45560E+01,3.45560E+01,3.45560E+01,3.45560E+01,3.45560E+01,3.45560E+01,3.45560E+01,3.45560E+01,3.45560E+01,3.45560E+01,3.45560E+01,3.45560E+01,3.45560E+01,3.45560E+01,3.45560E+01,3.45560E+01,3.45560E+01,3.45560E+01,3.40245E-01,1.00674E+00,3.45560E+01,3.45560E+01,3.45560E+01,3.45560E+01,3.45560E+01,2.23344E+00 
#t = 2.100E+03
3.45560E+01,3.45560E+01,3.45560E+01,3.45560E+01,3.45560E+01,3.45560E+01,3.45560E+01,3.45560E+01,3.45560E+01,3.45560E+01,3.45560E+01,3.45560E+01,3.45560E+01,3.45560E+01,3.45560E+01,3.45560E+01,3.45560E+01,3.45560E+01,3.45560E+01,3.45560E+01,3.45560E+01,3.45560E+01,3.45560E+01,3.45560E+01,3.45560E+01,3.45560E+01,3.45560E+01,1.99001E-01,3.45560E+01,3.45560E+01,3.45560E+01,3.45560E+01,3.45560E+01 
#t = 2.142E+03
3.45560E+01,3.45560E+01,3.45560E+01,3.45560E+01,3.45560E+01,1.36000E+01,3.45560E+01,3.45560E+01,3.45560E+01,3.45560E+01,3.45560E+01,3.45560E+01,3.45560E+01,3.45560E+01,3.45560E+01,3.45560E+01,3.45560E+01,3.45560E+01,3.45560E+01,3.45560E+01,3.45560E+01,3.45560E+01,3.45560E+01,3.45560E+01,3.45560E+01,3.45560E+01,3.45560E+01,3.45560E+01,3.45560E+01,3.45560E+01,3.45560E+01,3.45560E+01,3.45560E+01,3.45560E+01,1.50685E+01,3.45560E+01 
#t = 2.184E+03
3.45560E+01,3.45560E+01,3.45560E+01,3.45560E+01,3.45560E+01,3.45560E+01,3.45560E+01,3.45560E+01,3.45560E+01,3.45560E+01,3.45560E+01,3.45560E+01,3.45560E+01,3.45560E+01,3.45560E+01,3.45560E+01,3.45560E+01,3.45560E+01,3.45560E+01,3.45560E+01,1.13802E-01,3.45560E+01,3.45560E+01,3.45560E+01,3.45560E+01,8.04027E+00,3.45560E+01,3.45560E+01 
#t = 2.226E+03
3.45560E+01,3.45560E+01,3.45560E+01,3.45560E+01,3.45560E+01,3.45560E+01,3.45560E+01,3.45560E+01,3.45560E+01,3.45560E+01,3.45560E+01,3.45560E+01,3.45560E+01,3.45560E+01,3.45560E+01,3.45560E+01,3.45560E+01,3.45560E+01,3.45560E+01,3.45560E+01,3.45560E+01,3.45560E+01,3.45560E+01,3.45560E+01,3.45560E+01,3.45560E+01,3.45560E+01,3.45560E+01,3.45560E+01,3.45560E+01,3.45560E+01,3.45560E+01,3.45560E+01,3.45560E+01,3.45560E+01,3.45560E+01,3.45560E+01,2.11155E+01,3.89808E+00,3.45560E+01,3.45560E+01 
#t = 2.268E+03
3.45560E+01,3.45560E+01,3.45560E+01,3.45560E+01,3.45560E+01,3.45560E+01,3.45560E+01,1.98855E+01,2.11155E+01,3.45560E+01,3.45560E+01,3.45560E+01,3.45560E+01,3.45560E+01,3.45560E+01,3.45560E+01,3.45560E+01,2.11155E+01,3.45560E+01,3.45560E+01,3.45560E+01,3.45560E+01,3.45560E+01,3.45560E+01,3.45560E+01,3.45560E+01,1.85617E+00,3.45560E+01,3.45560E+01,3.45560E+01,3.45560E+01,3.45560E+01,3.45560E+01,3.45560E+01,1.98855E+01,3.45560E+01,3.45560E+01,3.45560E+01 
#t = 2.310E+03
2.11155E+01,3.45560E+01,3.45560E+01,1.98855E+01,3.45560E+01,3.45560E+01,3.45560E+01,3.45560E+01,3.45560E+01,3.45560E+01,3.45560E+01,3.45560E+01,3.45560E+01,3.45560E+01,3.45560E+01,2.11155E+01,2.11155E+01,3.45560E+01,3.45560E+01,3.45560E+01,3.45560E+01,3.45560E+01,3.45560E+01,3.45560E+01,3.45560E+01,3.45560E+01,3.43497E-01,3.45560E+01,3.45560E+01,3.45560E+01,3.45560E+01,3.45560E+01,3.45560E+01,3.45560E+01,2.11155E+01 
#t = 2.352E+03
1.98855E+01,3.45560E+01,3.45560E+01,2.11155E+01,3.45560E+01,3.45560E+01,3.45560E+01,3.45560E+01,3.45560E+01,3.45560E+01,3.45560E+01,3.45560E+01,3.45560E+01,3.45560E+01,3.45560E+01,9.79649E+00,3.45560E+01,3.45560E+01,3.45560E+01,2.11155E+01,3.45560E+01,3.45560E+01,2.12520E+00,3.45560E+01,1.98855E+01,3.45560E+01,3.45560E+01,1.98855E+01,3.45560E+01,3.45560E+01,1.98855E+01,3.45560E+01,3.45560E+01,3.45560E+01,3.45560E+01,3.45560E+01,3.45560E+01,2.11155E+01,3.45560E+01,3.45560E+01,3.45560E+01,3.45560E+01,3.45560E+01 
#t = 2.394E+03
3.45560E+01,2.11155E+01,7.17275E+00,2.11155E+01,2.08045E+01,3.45560E+01,3.45560E+01,3.45560E+01,3.45560E+01,3.45560E+01,3.45560E+01,3.45560E+01,3.45560E+01,3.45560E+01,3.45560E+01,7.24836E+00,4.41812E+00,3.45560E+01,2.08045E+01,3.45560E+01,3.45560E+01 
#t = 2.436E+03
3.45560E+01,3.45560E+01,3.45560E+01,3.45560E+01,3.45560E+01,3.45560E+01,3.45560E+01,1.43406E+01,3.45560E+01,3.45560E+01,3.45560E+01,1.12554E+01,3.45560E+01,3.45560E+01,3.45560E+01,3.45560E+01,3.45560E+01,3.45560E+01,3.45560E+01,3.45560E+01,3.45560E+01,1.12554E+01,3.45560E+01,8.81587E+00,3.45560E+01,3.45560E+01,8.74790E+01,1.70773E+01,3.45560E+01,1.70773E+01 
#t = 2.478E+03
3.45560E+01,3.45560E+01,1.70773E+01,3.45560E+01,1.43406E+01,3.45560E+01,3.45560E+01,3.45560E+01,1.43406E+01,3.45560E+01,3.45560E+01,3.45560E+01,3.45560E+01,3.45560E+01,1.43406E+01,3.45560E+01,3.45560E+01,3.45560E+01,1.64496E-01,3.45560E+01,3.45560E+01,3.45560E+01,3.45560E+01,3.45560E+01,1.43406E+01,3.45560E+01,3.45560E+01,3.45560E+01,1.43406E+01,3.45560E+01,1.43406E+01,3.45560E+01 
#t = 2.520E+03
3.45560E+01,3.45560E+01,1.43406E+01,3.45560E+01,3.45560E+01,1.43406E+01,1.43406E+01,3.45560E+01,3.45560E+01,3.45560E+01,3.45560E+01,1.70773E+01,1.43406E+01,3.45560E+01,1.70773E+01,3.45560E+01,1.43406E+01,3.45560E+01,3.45560E+01,1.43406E+01,3.45560E+01,3.45560E+01,9.75046E-01,3.45560E+01,1.43406E+01,3.45560E+01,6.59086E-02 
#t = 2.562E+03
1.70773E+01,3.45560E+01,3.45560E+01,3.45560E+01,3.45560E+01,3.45560E+01,3.45560E+01,3.45560E+01,3.45560E+01,3.45560E+01,3.45560E+01,3.45560E+01,3.45560E+01,3.45560E+01,3.45560E+01,3.45560E+01,3.45560E+01,3.45560E+01,3.45560E+01,3.45560E+01,3.45560E+01,3.45560E+01,3.45560E+01,3.45560E+01,3.45560E+01,3.45560E+01,3.45560E+01,3.45560E+01,1.33423E+00,3.45560E+01,3.45560E+01,3.45560E+01,3.45560E+01 
#t = 2.604E+03
3.45560E+01,3.45560E+01,3.45560E+01,3.45560E+01,1.70773E+01,6.12315E+01,3.45560E+01,3.45560E+01,3.45560E+01,3.45560E+01,3.45560E+01,1.70773E+01,3.45560E+01,1.70773E+01,3.45560E+01,3.45560E+01,3.45560E+01,3.45560E+01,1.70773E+01,3.45560E+01,3.45560E+01,3.45560E+01,1.41827E+01,3.45560E+01,3.45560E+01,6.12315E+01,3.45560E+01,3.45560E+01,3.45560E+01,3.45560E+01,3.45560E+01,3.45560E+01,3.45560E+01,3.45560E+01,1.70773E+01,1.05566E+00,1.70773E+01,3.45560E+01 
#t = 2.646E+03
1.70773E+01,3.45560E+01,3.45560E+01,3.45560E+01,3.45560E+01,3.45560E+01,6.12315E+01,3.45560E+01,3.45560E+01,6.12315E+01,7.39794E+00,6.12315E+01,3.45560E+01,6.12315E+01,3.45560E+01,3.45560E+01,3.45560E+01,3.45560E+01,3.45560E+01,3.45560E+01,1.70773E+01,6.12315E+01,6.12315E+01,3.33417E+00,3.45560E+01,3.45560E+01,6.12315E+01,6.12315E+01,6.12315E+01,3.45560E+01,3.45560E+01,1.70773E+01,6.12315E+01,6.12315E+01,6.12315E+01,6.12315E+01,3.45560E+01,3.45560E+01,3.45560E+01 
#t = 2.688E+03
6.12315E+01,3.45560E+01,3.45560E+01,3.45560E+01,3.45560E+01,6.12315E+01,6.12315E+01,6.12315E+01,3.45560E+01,6.12315E+01,3.45560E+01,3.45560E+01,1.70773E+01,3.45560E+01,3.45560E+01,3.45560E+01,3.45560E+01,1.70773E+01,6.12315E+01,3.45560E+01,1.70773E+01,3.45560E+01,1.70773E+01,1.70773E+01,6.12315E+01,3.45560E+01,3.45560E+01,3.45560E+01,3.45560E+01,6.12315E+01,2.27157E-01,3.45560E+01,1.70773E+01,3.45560E+01,6.12315E+01,6.12315E+01,6.12315E+01,1.86568E-01,6.83133E+00 
#t = 2.730E+03
3.45560E+01,1.70773E+01,3.45560E+01,1.70773E+01,6.12315E+01,6.12315E+01,6.12315E+01,6.12315E+01,6.12315E+01,3.45560E+01,6.12315E+01,3.45560E+01,6.12315E+01,6.12315E+01,6.12315E+01,6.12315E+01,6.12315E+01,6.12315E+01,6.12315E+01,6.12315E+01,3.45560E+01,6.12315E+01,6.12315E+01,3.41228E+00,6.12315E+01,6.12315E+01,3.45560E+01,6.12315E+01,6.12315E+01,6.12315E+01,6.12315E+01,6.12315E+01,3.45560E+01,6.12315E+01,6.12315E+01,1.53650E+00,6.12315E+01,3.45560E+01,3.45560E+01 
#t = 2.772E+03
6.12315E+01,6.12315E+01,6.12315E+01,6.12315E+01,6.12315E+01,6.12315E+01,3.45560E+01,6.12315E+01,6.12315E+01,6.12315E+01,6.12315E+01,6.12315E+01,6.12315E+01,6.12315E+01,6.12315E+01,6.12315E+01,6.12315E+01,6.12315E+01,6.12315E+01,6.12315E+01,6.12315E+01,6.12315E+01,6.12315E+01,6.12315E+01,6.12315E+01,6.12315E+01,6.12315E+01,6.12315E+01,6.12315E+01,6.12315E+01,6.12315E+01,6.12315E+01,6.12315E+01,6.12315E+01,6.12315E+01,6.12315E+01,6.12315E+01,6.12315E+01,6.12315E+01,6.12315E+01,1.24529E+00,6.12315E+01,1.88300E-01 
#t = 2.814E+03
6.12315E+01,6.12315E+01,6.12315E+01,6.12315E+01,6.12315E+01,6.12315E+01,6.12315E+01,6.12315E+01,6.12315E+01,6.12315E+01,6.12315E+01,6.12315E+01,6.12315E+01,6.12315E+01,6.12315E+01,6.12315E+01,9.08798E+00,6.12315E+01,6.12315E+01,6.12315E+01,6.12315E+01,6.12315E+01,6.12315E+01,6.12315E+01,6.12315E+01,6.12315E+01,6.12315E+01,6.12315E+01,6.12315E+01,6.12315E+01,6.12315E+01,6.12315E+01,6.12315E+01,6.12315E+01,6.12315E+01,6.12315E+01,6.12315E+01,6.12315E+01,6.12315E+01,6.12315E+01,8.22190E-01,6.12315E+01,6.12315E+01,1.37033E-01,6.12315E+01,6.12315E+01,6.12315E+01,6.12315E+01,6.12315E+01,2.11907E+00,6.12315E+01,6.12315E+01,6.12315E+01,6.12315E+01,6.12315E+01,6.12315E+01 
#t = 2.856E+03
6.12315E+01,6.12315E+01,6.12315E+01,6.12315E+01,6.12315E+01,6.12315E+01,6.12315E+01,6.12315E+01,6.12315E+01,6.12315E+01,6.12315E+01,6.12315E+01,6.12315E+01,6.12315E+01,6.12315E+01,6.12315E+01,6.12315E+01,6.12315E+01,6.12315E+01,6.12315E+01,6.12315E+01,6.12315E+01,6.12315E+01,6.12315E+01,6.12315E+01,6.12315E+01,6.12315E+01,6.12315E+01,6.12315E+01,6.12315E+01,6.12315E+01,6.12315E+01,6.12315E+01,1.47190E+00,6.12315E+01,6.12315E+01,6.12315E+01,6.12315E+01,6.12315E+01,2.46796E+00 
#t = 2.898E+03
6.12315E+01,6.12315E+01,6.12315E+01,1.69913E+01,6.12315E+01,6.12315E+01,6.12315E+01,6.12315E+01,6.12315E+01,6.12315E+01,6.12315E+01,6.12315E+01,6.12315E+01,6.12315E+01,9.89475E-01,6.12315E+01,2.42561E+01,6.12315E+01,6.12315E+01,6.12315E+01,6.12315E+01,6.12315E+01,1.49479E+00,6.12315E+01,6.12315E+01,6.12315E+01,6.12315E+01,6.12315E+01,6.12315E+01,6.12315E+01,4.78227E+00,6.12315E+01 
#t = 2.940E+03
6.12315E+01,6.12315E+01,6.12315E+01,6.12315E+01,6.12315E+01,6.12315E+01,6.12315E+01,6.12315E+01,6.12315E+01,6.12315E+01,6.12315E+01,6.12315E+01,6.12315E+01,6.12315E+01,6.12315E+01,6.12315E+01,6.12315E+01,6.12315E+01,6.12315E+01,6.12315E+01,6.12315E+01,6.12315E+01,6.12315E+01,6.12315E+01,6.12315E+01,6.12315E+01,6.12315E+01,6.12315E+01,6.12315E+01,3.35987E+00,6.12315E+01,2.11401E-02,6.12315E+01 
#t = 2.982E+03
6.12315E+01,6.12315E+01,6.12315E+01,6.12315E+01,6.12315E+01,6.12315E+01,6.12315E+01,6.12315E+01,6.12315E+01,6.12315E+01,6.12315E+01,6.12315E+01,6.12315E+01,6.12315E+01,6.12315E+01,6.12315E+01,6.12315E+01,6.12315E+01,6.12315E+01,6.12315E+01,6.12315E+01,6.12315E+01,6.12315E+01,6.04700E+00,6.12315E+01,6.12315E+01,6.12315E+01,6.12315E+01,6.12315E+01,6.12315E+01,6.12315E+01,2.11415E-01,6.12315E+01,1.73813E+00,6.12315E+01,6.12315E+01,6.12315E+01,6.12315E+01,1.17857E+00,6.12315E+01,6.12315E+01,6.12315E+01 
#t = 3.024E+03
6.12315E+01,6.12315E+01,6.12315E+01,6.12315E+01,6.12315E+01,6.12315E+01,6.12315E+01,6.12315E+01,6.12315E+01,6.12315E+01,6.12315E+01,6.12315E+01,6.12315E+01,6.12315E+01,6.12315E+01,6.12315E+01,6.12315E+01,6.12315E+01,6.12315E+01,6.12315E+01,6.12315E+01,6.12315E+01,6.12315E+01,6.12315E+01,6.12315E+01,6.12315E+01,6.12315E+01,6.12315E+01,6.12315E+01,6.12315E+01,6.12315E+01,6.12315E+01,6.12315E+01,6.12315E+01,6.12315E+01,6.12315E+01,6.12315E+01,6.12315E+01,6.12315E+01,6.12315E+01,6.12315E+01,6.12315E+01,6.12315E+01,6.12315E+01 
#t = 3.066E+03
6.12315E+01,6.12315E+01,6.12315E+01,6.12315E+01,6.12315E+01,6.12315E+01,6.12315E+01,6.12315E+01,6.12315E+01,6.12315E+01,6.12315E+01,6.12315E+01,6.12315E+01,6.12315E+01,6.12315E+01,6.12315E+01,7.69286E+00,6.12315E+01,6.12315E+01,6.12315E+01,6.12315E+01,4.60444E+01,6.12315E+01,6.12315E+01,6.12315E+01,6.12315E+01,6.12315E+01,6.12315E+01,6.12315E+01,6.12315E+01,6.12315E+01,6.12315E+01,6.12315E+01,6.12315E+01,6.12315E+01,6.12315E+01,6.12315E+01,6.12315E+01,6.12315E+01,9.96111E+00,6.12315E+01,6.12315E+01 
#t = 3.108E+03
6.12315E+01,6.12315E+01,6.12315E+01,6.12315E+01,6.12315E+01,6.12315E+01,6.12315E+01,6.12315E+01,6.12315E+01,6.12315E+01,6.12315E+01,6.12315E+01,6.12315E+01,6.12315E+01,6.12315E+01,6.12315E+01,6.12315E+01,6.12315E+01,6.12315E+01,6.12315E+01,6.12315E+01,6.12315E+01,6.12315E+01,6.12315E+01,6.12315E+01,6.12315E+01,6.12315E+01,6.12315E+01,8.16860E-01,6.12315E+01,6.12315E+01,6.12315E+01,6.12315E+01,1.31818E+00,6.12315E+01 
#t = 3.150E+03
6.12315E+01,6.12315E+01,6.12315E+01,6.12315E+01,6.12315E+01,6.12315E+01,6.12315E+01,6.12315E+01,6.12315E+01,6.12315E+01,6.12315E+01,6.12315E+01,6.12315E+01,6.12315E+01,6.12315E+01,6.12315E+01,6.12315E+01,6.12315E+01,6.12315E+01,6.12315E+01,6.12315E+01,2.24527E+00,6.12315E+01,6.12315E+01,6.12315E+01,6.12315E+01,6.12315E+01,3.38753E+00,6.12315E+01,6.12315E+01,6.12315E+01,6.12315E+01,6.12315E+01,6.12315E+01,6.12315E+01,6.12315E+01,1.22643E-01,6.12315E+01,4.12410E+00,6.12315E+01 
#t = 3.192E+03
6.12315E+01,6.12315E+01,6.12315E+01,6.12315E+01,6.12315E+01,6.12315E+01,6.12315E+01,6.12315E+01,6.12315E+01,7.69868E+00,6.12315E+01,6.12315E+01,6.12315E+01,6.12315E+01,6.12315E+01,6.12315E+01,6.12315E+01,6.12315E+01,6.12315E+01,6.12315E+01,6.12315E+01,6.12315E+01,6.12315E+01,6.12315E+01,6.12315E+01,2.67404E-01,6.12315E+01,3.21231E+00,6.12315E+01,6.12315E+01 
#t = 3.234E+03
6.12315E+01,6.12315E+01,6.12315E+01,6.12315E+01,6.12315E+01,6.12315E+01,6.12315E+01,6.12315E+01,6.12315E+01,6.12315E+01,6.12315E+01,6.12315E+01,6.12315E+01,6.12315E+01,6.12315E+01,6.12315E+01,6.12315E+01,1.03186E+01,6.12315E+01,6.12315E+01,6.12315E+01,6.12315E+01,6.12315E+01,6.12315E+01,6.12315E+01,6.12315E+01,6.12315E+01,6.12315E+01,6.12315E+01,6.12315E+01,6.12315E+01,6.12315E+01,6.12315E+01,6.12315E+01,2.86682E+01,6.12315E+01,6.12315E+01,6.12315E+01,6.12315E+01 
#t = 3.276E+03
6.12315E+01,6.12315E+01,6.12315E+01,6.12315E+01,6.12315E+01,6.12315E+01,6.12315E+01,6.12315E+01,6.12315E+01,6.12315E+01,6.12315E+01,6.12315E+01,6.12315E+01,6.12315E+01,6.12315E+01,6.12315E+01,6.12315E+01,6.12315E+01,6.12315E+01,6.12315E+01,6.12315E+01,6.12315E+01,6.12315E+01,6.12315E+01,6.12315E+01,3.72573E+00,6.12315E+01,6.12315E+01,6.12315E+01,6.12315E+01,6.12315E+01,6.12315E+01,6.12315E+01,6.12315E+01,6.12315E+01,5.79463E-01,6.12315E+01,6.12315E+01,6.12315E+01,2.71182E+00,6.12315E+01,6.12315E+01,6.12315E+01,2.07663E+00,6.12315E+01,6.12315E+01,6.12315E+01,6.12315E+01,6.12315E+01 
#t = 3.318E+03
6.12315E+01,6.12315E+01,6.12315E+01,6.12315E+01,6.12315E+01,6.12315E+01,6.12315E+01,6.12315E+01,6.12315E+01,6.12315E+01,6.12315E+01,6.12315E+01,6.12315E+01,6.12315E+01,6.12315E+01,6.12315E+01,6.12315E+01,6.12315E+01,6.12315E+01,6.12315E+01,6.12315E+01,6.90729E+00,6.12315E+01,6.12315E+01,6.12315E+01,6.12315E+01,6.12315E+01,6.12315E+01,6.12315E+01,6.12315E+01,6.12315E+01,1.08918E+00,6.12315E+01,3.14299E-01,6.12315E+01,6.12315E+01,2.33459E-01,6.12315E+01,6.12315E+01 
#t = 3.360E+03
6.12315E+01,6.12315E+01,6.12315E+01,6.12315E+01,6.12315E+01,6.12315E+01,6.12315E+01,6.12315E+01,6.12315E+01,6.12315E+01,6.12315E+01,6.12315E+01,6.12315E+01,6.12315E+01,6.12315E+01,6.12315E+01,6.12315E+01,6.12315E+01,6.12315E+01,6.12315E+01,6.12315E+01,7.27433E+00,6.12315E+01,6.12315E+01,6.12315E+01,6.12315E+01,6.12315E+01,6.12315E+01,1.23377E-01,6.12315E+01,6.12315E+01,6.12315E+01,6.12315E+01,6.12315E+01,6.12315E+01,6.12315E+01 
#t = 3.402E+03
6.12315E+01,6.12315E+01,6.12315E+01,6.12315E+01,6.12315E+01,6.12315E+01,6.12315E+01,6.12315E+01,6.12315E+01,6.12315E+01,6.12315E+01,6.12315E+01,6.12315E+01,6.12315E+01,6.12315E+01,6.12315E+01,6.12315E+01,6.12315E+01,6.12315E+01,6.12315E+01,6.12315E+01,6.12315E+01,6.12315E+01,6.12315E+01,6.12315E+01,6.12315E+01,6.12315E+01,6.12315E+01,6.12315E+01,6.12315E+01,2.72108E+00,6.12315E+01,6.12315E+01 
#t = 3.444E+03
6.12315E+01,6.12315E+01,6.12315E+01,6.12315E+01,6.12315E+01,6.12315E+01,6.12315E+01,6.12315E+01,6.12315E+01,6.12315E+01,6.12315E+01,6.12315E+01,6.12315E+01,6.12315E+01,6.12315E+01,1.84250E+00,6.12315E+01,6.12315E+01,6.12315E+01,6.12315E+01,6.12315E+01,6.12315E+01,6.12315E+01,6.12315E+01,6.12315E+01,6.12315E+01,6.12315E+01,6.12315E+01,6.12315E+01,6.12315E+01,6.12315E+01,6.12315E+01,6.12315E+01,6.12315E+01,6.12315E+01 
#t = 3.486E+03
6.12315E+01,6.12315E+01,6.12315E+01,6.12315E+01,6.12315E+01,6.12315E+01,6.12315E+01,6.12315E+01,6.12315E+01,6.12315E+01,6.12315E+01,6.12315E+01,6.12315E+01,6.12315E+01,6.12315E+01,7.99941E+00,6.12315E+01,6.12315E+01,6.12315E+01,6.12315E+01,6.12315E+01,6.12315E+01,6.12315E+01,6.12315E+01,6.12315E+01,7.42364E-01,2.46176E+00,6.12315E+01,6.12315E+01,6.06346E+00,6.12315E+01,5.96654E+00,2.86562E+00,6.12315E+01,6.12315E+01 
#t = 3.528E+03
6.12315E+01,6.12315E+01,6.12315E+01,6.12315E+01,6.12315E+01,6.12315E+01,6.12315E+01,6.12315E+01,6.12315E+01,6.12315E+01,6.12315E+01,6.12315E+01,6.12315E+01,6.12315E+01,6.12315E+01,6.12315E+01,6.12315E+01,6.12315E+01,6.12315E+01,6.12315E+01,6.12315E+01,6.12315E+01,6.12315E+01,6.12315E+01,6.12315E+01,6.12315E+01,6.12315E+01,1.72659E+01,6.12315E+01,6.12315E+01,6.12315E+01,6.12315E+01,6.12315E+01,1.26500E+00,6.12315E+01,6.12315E+01,6.12315E+01,6.12315E+01,1.27884E+00,6.12315E+01,6.12315E+01,6.12315E+01,9.98140E-01 
#t = 3.570E+03
6.12315E+01,6.12315E+01,6.12315E+01,6.12315E+01,6.12315E+01,1.72659E+01,6.12315E+01,6.12315E+01,6.12315E+01,6.12315E+01,6.12315E+01,6.12315E+01,6.12315E+01,6.12315E+01,6.12315E+01,6.26654E+00,6.12315E+01,6.12315E+01,6.12315E+01,6.12315E+01,6.12315E+01,6.12315E+01,6.12315E+01,6.12315E+01,6.12315E+01,6.12315E+01,6.12315E+01,6.12315E+01,6.12315E+01,1.53656E+01,9.63377E+00,6.12315E+01,7.34244E+00,6.12315E+01,6.12315E+01,6.12315E+01,6.12315E+01,6.12315E+01,6.12315E+01,5.99405E-01 
#t = 3.612E+03
6.12315E+01,2.80463E+01,6.12315E+01,2.80463E+01,6.12315E+01,1.72659E+01,6.12315E+01,6.12315E+01,6.12315E+01,6.12315E+01,2.80463E+01,5.86527E+01,6.12315E+01,1.72659E+01,6.12315E+01,6.12315E+01,6.12315E+01,6.12315E+01,6.12315E+01,6.12315E+01,1.48967E+01,6.12315E+01,1.11986E+01,6.12315E+01,6.12315E+01,6.12315E+01,6.12315E+01,6.12315E+01,1.72659E+01,6.12315E+01,6.12315E+01,6.12315E+01,6.12315E+01,6.12315E+01,6.12315E+01,1.37272E+01,6.12315E+01,5.86527E+01,6.12315E+01,3.20675E-01,6.12315E+01,6.12315E+01,6.12315E+01,6.12315E+01,6.12315E+01,6.12315E+01,6.12315E+01,6.12315E+01 
#t = 3.654E+03
6.12315E+01,2.80463E+01,5.86527E+01,6.12315E+01,6.12315E+01,6.12315E+01,6.12315E+01,5.86527E+01,6.12315E+01,6.12315E+01,6.12315E+01,6.12315E+01,6.12315E+01,1.11986E+01,6.12315E+01,5.86527E+01,6.12315E+01,6.12315E+01,6.12315E+01,6.12315E+01,1.05370E+01,6.12315E+01,6.12315E+01,5.86527E+01,5.86527E+01,6.12315E+01,6.12315E+01,5.86527E+01,5.86527E+01,2.24825E+00,5.86527E+01,6.12315E+01,6.12315E+01,6.12315E+01,5.86527E+01,6.12315E+01,1.25193E+00,6.12315E+01,6.12315E+01,6.12315E+01,6.12315E+01,1.85597E+01,6.12315E+01,6.12315E+01,6.12315E+01 
#t = 3.696E+03
6.12315E+01,6.12315E+01,6.12315E+01,6.12315E+01,6.12315E+01,6.12315E+01,6.12315E+01,6.12315E+01,6.12315E+01,5.86527E+01,6.12315E+01,6.12315E+01,2.80463E+01,6.12315E+01,6.12315E+01,6.12315E+01,6.12315E+01,6.12315E+01,6.12315E+01,6.12315E+01,6.12315E+01,6.12315E+01,5.86527E+01,4.02764E-01,6.12315E+01,1.48401E-01,5.86527E+01,6.12315E+01,6.12315E+01,6.12315E+01,6.12315E+01,5.86527E+01,6.12315E+01,5.86527E+01,6.12315E+01,6.12315E+01,6.12315E+01,8.59543E-01 
#t = 3.738E+03
6.12315E+01,5.86527E+01,6.12315E+01,6.12315E+01,6.12315E+01,6.12315E+01,6.12315E+01,5.86527E+01,6.12315E+01,5.86527E+01,6.12315E+01,6.12315E+01,6.12315E+01,6.12315E+01,5.86527E+01,6.12315E+01,5.86527E+01,5.86527E+01,6.12315E+01,6.12315E+01,5.86527E+01,6.12315E+01,5.86527E+01,5.86527E+01,6.12315E+01,6.12315E+01,5.86527E+01,6.12315E+01,6.12315E+01,6.12315E+01,5.86527E+01,3.40811E-01,6.12315E+01,6.12315E+01,5.86527E+01,6.12315E+01,5.86527E+01 
#t = 3.780E+03
6.12315E+01,6.12315E+01,6.12315E+01,5.86527E+01,6.12315E+01,6.12315E+01,5.86527E+01,6.12315E+01,6.12315E+01,6.12315E+01,6.12315E+01,6.12315E+01,6.12315E+01,6.12315E+01,6.12315E+01,6.12315E+01,6.12315E+01,6.12315E+01,5.86527E+01,5.86527E+01,5.86527E+01,6.12315E+01,6.12315E+01,5.86527E+01,5.86527E+01,6.12315E+01,6.12315E+01,6.12315E+01,6.12315E+01,6.12315E+01,6.12315E+01,6.12315E+01,3.51370E-01,5.86527E+01,6.12315E+01,6.12315E+01,6.12315E+01,1.15614E+01,6.12315E+01,5.74939E-01,5.86527E+01 
#t = 3.822E+03
6.12315E+01,6.12315E+01,6.12315E+01,6.12315E+01,5.86527E+01,6.12315E+01,6.12315E+01,6.12315E+01,6.12315E+01,6.12315E+01,6.12315E+01,6.12315E+01,6.12315E+01,6.12315E+01,6.12315E+01,6.12315E+01,6.12315E+01,6.12315E+01,6.12315E+01,6.12315E+01,6.12315E+01,6.12315E+01,6.12315E+01,6.12315E+01,6.12315E+01,6.12315E+01,6.12315E+01,5.86527E+01,6.12315E+01,6.12315E+01,5.86527E+01,7.87311E-01,6.12315E+01,6.12315E+01 
#t = 3.864E+03
6.12315E+01,6.12315E+01,6.12315E+01,6.12315E+01,6.12315E+01,6.12315E+01,6.12315E+01,6.12315E+01,6.12315E+01,6.12315E+01,6.12315E+01,6.12315E+01,6.12315E+01,6.12315E+01,6.12315E+01,9.75391E+00,6.12315E+01,6.12315E+01,6.12315E+01,2.79057E+01,2.79057E+01,9.68894E-01,6.12315E+01,6.12315E+01,6.12315E+01,2.61063E+00,1.06660E+00,6.12315E+01,6.12315E+01,6.12315E+01,6.12315E+01,6.12315E+01,1.83322E+01 
#t = 3.906E+03
6.12315E+01,6.12315E+01,6.12315E+01,6.12315E+01,2.79057E+01,6.12315E+01,6.12315E+01,6.12315E+01,6.12315E+01,2.79057E+01,6.12315E+01,6.12315E+01,6.12315E+01,2.79057E+01,6.12315E+01,2.79057E+01,6.12315E+01,6.12315E+01,6.12315E+01,6.12315E+01,6.12315E+01,2.79057E+01,1.59719E+01,6.12315E+01,2.79057E+01,6.12315E+01,6.12315E+01,2.59484E+00,6.12315E+01 
#t = 3.948E+03
6.12315E+01,6.12315E+01,6.12315E+01,6.12315E+01,2.47895E+01,6.12315E+01,6.12315E+01,6.12315E+01,6.12315E+01,6.12315E+01,6.12315E+01,6.12315E+01,6.12315E+01,6.12315E+01,6.12315E+01,6.12315E+01,6.12315E+01,6.12315E+01,6.12315E+01,6.12315E+01,6.12315E+01,6.12315E+01,6.12315E+01,6.12315E+01,6.12315E+01,6.12315E+01,2.47895E+01,2.79057E+01,6.12315E+01,6.12315E+01,6.12315E+01,6.12315E+01,6.12315E+01,6.12315E+01,5.31532E-02,1.93177E-01,6.12315E+01,6.12315E+01,1.21699E+01,1.82270E+01,6.12315E+01,6.12315E+01,6.12315E+01 
#t = 3.990E+03
6.12315E+01,6.12315E+01,6.12315E+01,6.12315E+01,6.12315E+01,6.12315E+01,6.12315E+01,6.12315E+01,6.12315E+01,6.12315E+01,6.12315E+01,6.12315E+01,6.12315E+01,6.12315E+01,6.12315E+01,6.12315E+01,6.12315E+01,6.12315E+01,2.47895E+01,6.12315E+01,3.25659E+01,6.12315E+01,6.12315E+01,6.12315E+01,6.12315E+01,1.85162E+01,6.12315E+01,6.12315E+01,6.12315E+01,6.12315E+01,6.12315E+01,6.12315E+01,6.12315E+01,2.50647E-02 
#t = 4.032E+03
6.12315E+01,6.12315E+01,1.85162E+01,6.12315E+01,6.12315E+01,6.12315E+01,6.12315E+01,6.12315E+01,6.12315E+01,6.12315E+01,6.12315E+01,6.12315E+01,6.12315E+01,6.12315E+01,6.12315E+01,6.12315E+01,6.12315E+01,6.12315E+01,6.12315E+01,6.12315E+01,6.12315E+01,6.12315E+01,6.12315E+01,6.12315E+01,6.12315E+01,6.12315E+01,6.12315E+01,6.12315E+01,6.12315E+01,6.12315E+01,6.12315E+01,6.12315E+01,6.12315E+01,6.12315E+01,6.12315E+01,7.48451E+00,6.12315E+01,1.05430E+01,6.12315E+01,6.12315E+01 
#t = 4.074E+03
6.12315E+01,6.12315E+01,6.12315E+01,6.12315E+01,6.12315E+01,6.12315E+01,6.12315E+01,6.12315E+01,6.12315E+01,6.12315E+01,6.12315E+01,6.12315E+01,6.12315E+01,6.12315E+01,6.12315E+01,6.12315E+01,6.12315E+01,6.12315E+01,6.12315E+01,6.12315E+01,6.12315E+01,6.12315E+01,6.12315E+01,6.12315E+01,6.12315E+01,6.12315E+01,6.12315E+01,6.12315E+01,6.12315E+01,6.12315E+01,6.12315E+01,6.12315E+01,6.12315E+01,6.12315E+01,6.12315E+01,6.12315E+01,6.12315E+01,6.12315E+01,6.12315E+01,6.12315E+01,6.12315E+01,1.41348E-02,6.12315E+01,6.12315E+01,3.51938E+00,6.12315E+01,6.12315E+01,6.12315E+01,6.12315E+01,6.12315E+01 
#t = 4.116E+03
6.12315E+01,6.12315E+01,6.12315E+01,6.12315E+01,6.12315E+01,6.12315E+01,6.12315E+01,6.12315E+01,6.12315E+01,6.12315E+01,6.12315E+01,6.12315E+01,6.12315E+01,6.12315E+01,6.12315E+01,6.12315E+01,6.12315E+01,6.12315E+01,1.19252E+01,6.12315E+01,6.12315E+01,6.12315E+01,6.12315E+01,6.12315E+01,6.12315E+01,6.12315E+01,6.12315E+01,6.12315E+01,6.12315E+01,6.12315E+01,6.12315E+01,6.12315E+01,6.12315E+01,6.12315E+01,6.12315E+01,6.12315E+01,6.12315E+01,6.12315E+01,6.12315E+01 
#t = 4.158E+03
6.12315E+01,6.12315E+01,6.12315E+01,1.19252E+01,6.12315E+01,6.12315E+01,6.12315E+01,6.12315E+01,6.12315E+01,6.12315E+01,6.12315E+01,6.12315E+01,6.12315E+01,6.12315E+01,6.12315E+01,6.12315E+01,6.12315E+01,1.19252E+01,6.12315E+01,6.12315E+01,1.19252E+01,6.12315E+01,6.12315E+01,6.12315E+01,6.12315E+01,6.12315E+01,6.12315E+01,6.12315E+01,6.12315E+01,6.12315E+01,6.12315E+01,6.12315E+01,6.12315E+01,6.12315E+01,6.12315E+01,6.12315E+01,6.12315E+01,6.12315E+01,6.12315E+01,5.17837E+00,6.12315E+01,6.12315E+01 
#t = 4.200E+03
6.12315E+01,6.12315E+01,6.12315E+01,2.37657E+01,6.12315E+01,6.12315E+01,6.12315E+01,6.12315E+01,6.12315E+01,6.12315E+01,6.12315E+01,6.12315E+01,6.12315E+01,6.12315E+01,6.12315E+01,6.12315E+01,6.12315E+01,6.12315E+01,6.12315E+01,6.12315E+01,6.12315E+01,6.12315E+01,6.12315E+01,6.12315E+01,6.12315E+01,6.12315E+01,6.12315E+01,6.12315E+01,6.12315E+01,6.12315E+01,6.12315E+01,6.12315E+01,6.12315E+01,6.12315E+01,6.12315E+01,6.12315E+01,2.85972E+00,6.12315E+01,6.12315E+01,5.72332E+00,6.12315E+01,6.12315E+01,6.12315E+01,6.12315E+01 
