#t = 0.000E+00
7.64382E-01,1.98816E+00,4.48729E-01,4.64810E+01,1.32610E-01 
#t = 4.200E+01
1.30011E+01,1.08705E+01,7.36138E+00,1.08705E+01 
#t = 8.400E+01
1.08705E+01,3.79571E-01,1.63832E+00 
#t = 1.260E+02
1.13306E+01,1.05825E+00,3.80580E+00,2.42900E+00 
#t = 1.680E+02
8.52524E+01,1.14074E+01,1.14074E+01,8.52524E+01,9.84541E+00,2.57311E+00,4.50146E-01 
#t = 2.100E+02
8.52524E+01,8.52524E+01,8.52524E+01,8.52524E+01,8.52524E+01,8.52524E+01,8.52524E+01,8.52524E+01,8.52524E+01,1.31057E+01,1.31057E+01,8.52524E+01,8.52524E+01,8.52524E+01,8.52524E+01,8.52524E+01,2.67839E+01,8.52524E+01,1.31057E+01,8.52524E+01,2.30494E+00,8.52524E+01,8.52524E+01,8.52524E+01,1.31057E+01,8.52524E+01,8.52524E+01,8.52524E+01,8.52524E+01,8.52524E+01 
#t = 2.520E+02
8.52524E+01,8.52524E+01,8.52524E+01,8.52524E+01,8.52524E+01,8.52524E+01,8.52524E+01,8.52524E+01,8.52524E+01,8.52524E+01,8.52524E+01,8.52524E+01,8.52524E+01,8.52524E+01,8.52524E+01,8.52524E+01,8.52524E+01,8.52524E+01,8.52524E+01,8.52524E+01,8.52524E+01,8.52524E+01,8.52524E+01,8.52524E+01,8.52524E+01,8.52524E+01,8.52524E+01,8.52524E+01,8.52524E+01,8.52524E+01,8.52524E+01,8.52524E+01,2.59953E+01,8.52524E+01,8.52524E+01,8.52524E+01,8.52524E+01,8.52524E+01,8.52524E+01,8.52524E+01,8.52524E+01,8.52524E+01,8.52524E+01,8.52524E+01 
#t = 2.940E+02
8.52524E+01,8.52524E+01,8.52524E+01,7.46806E+00,8.52524E+01,8.52524E+01,8.52524E+01,8.52524E+01,8.52524E+01,8.52524E+01,8.52524E+01,8.52524E+01,8.52524E+01,8.52524E+01,8.52524E+01,8.52524E+01,8.52524E+01,8.52524E+01,8.52524E+01,8.52524E+01,8.52524E+01,8.52524E+01,8.52524E+01,8.52524E+01,8.52524E+01,8.52524E+01,8.52524E+01,8.52524E+01,8.52524E+01,8.52524E+01,8.52524E+01,8.52524E+01,8.52524E+01,8.52524E+01,8.52524E+01,1.04053E+01,8.52524E+01,8.52524E+01,8.52524E+01,8.52524E+01,4.19553E-01,8.52524E+01,8.52524E+01,8.52524E+01,8.52524E+01 
#t = 3.360E+02
8.52524E+01,8.52524E+01,8.52524E+01,8.52524E+01,8.52524E+01,8.52524E+01,8.52524E+01,8.52524E+01,8.52524E+01,8.52524E+01,8.52524E+01,8.52524E+01,8.52524E+01,8.52524E+01,8.52524E+01,8.52524E+01,8.52524E+01,8.52524E+01,8.52524E+01,8.52524E+01,8.52524E+01,8.52524E+01,8.52524E+01,8.52524E+01,8.52524E+01,8.52524E+01,8.52524E+01,8.52524E+01,8.52524E+01,8.52524E+01,8.52524E+01,8.52524E+01,8.52524E+01,8.52524E+01,8.79474E-01,8.52524E+01,8.52524E+01,8.52524E+01,8.52524E+01,8.52524E+01,8.52524E+01,8.52524E+01,8.52524E+01,8.52524E+01,8.52524E+01,1.20067E+00,8.52524E+01,2.90848E-01,7.76823E-01,8.52524E+01 
#t = 3.780E+02
8.52524E+01,8.52524E+01,8.52524E+01,8.52524E+01,8.52524E+01,8.52524E+01,8.52524E+01,8.52524E+01,8.52524E+01,8.52524E+01,8.52524E+01,8.52524E+01,8.52524E+01,8.52524E+01,8.52524E+01,8.52524E+01,3.27255E+01,8.52524E+01,8.52524E+01,8.52524E+01,4.13165E-01,8.52524E+01,8.07845E+01,8.52524E+01,8.52524E+01,8.52524E+01,8.52524E+01,8.56048E+00,8.52524E+01,8.52524E+01,8.52524E+01,5.67162E+00,8.52524E+01,1.84811E+00,8.52524E+01,8.52524E+01,1.62890E+00 
#t = 4.200E+02
8.52524E+01,8.52524E+01,8.52524E+01,8.52524E+01,8.52524E+01,8.52524E+01,8.52524E+01,8.52524E+01,8.52524E+01,8.52524E+01,8.52524E+01,2.99078E+01,8.52524E+01,8.52524E+01,8.52524E+01,8.52524E+01,8.52524E+01,8.52524E+01,8.52524E+01,8.52524E+01,2.99078E+01,8.52524E+01,8.52524E+01,8.52524E+01,8.52524E+01,8.52524E+01,8.52524E+01,8.52524E+01,8.52524E+01,8.52524E+01,8.52524E+01,8.52524E+01,6.02477E+00 
#t = 4.620E+02
8.52524E+01,2.99078E+01,8.52524E+01,8.52524E+01,8.52524E+01,8.52524E+01,8.52524E+01,8.52524E+01,8.52524E+01,8.52524E+01,8.52524E+01,8.52524E+01,2.99078E+01,8.52524E+01,8.52524E+01,8.52524E+01,8.52524E+01,8.52524E+01,8.52524E+01,8.52524E+01,8.52524E+01,8.52524E+01,8.52524E+01,8.52524E+01,8.52524E+01,8.52524E+01,8.52524E+01,1.75241E-01,8.52524E+01,8.52524E+01,8.52524E+01,5.09805E+00,8.52524E+01,8.52524E+01,2.76560E+00,8.52524E+01,7.84534E+00 
#t = 5.040E+02
8.52524E+01,8.52524E+01,8.52524E+01,8.52524E+01,8.52524E+01,8.52524E+01,8.52524E+01,8.52524E+01,6.17951E+01,8.52524E+01,8.52524E+01,8.52524E+01,8.52524E+01,8.52524E+01,8.52524E+01,8.52524E+01,8.52524E+01,8.52524E+01,1.86962E+01,8.52524E+01,8.52524E+01,8.52524E+01,8.52524E+01,8.52524E+01,1.86962E+01,1.49269E+01,8.52524E+01,8.52524E+01,4.98593E-01,8.52524E+01,8.52524E+01,1.19957E-01,8.52524E+01,8.52524E+01,8.52524E+01,8.52524E+01,8.52524E+01,8.52524E+01,8.52524E+01,1.10928E+00,8.52524E+01 
#t = 5.460E+02
8.52524E+01,1.86962E+01,8.52524E+01,8.52524E+01,8.52524E+01,8.52524E+01,6.17951E+01,8.52524E+01,8.52524E+01,3.25042E+01,6.17951E+01,8.52524E+01,8.52524E+01,8.52524E+01,8.52524E+01,3.25042E+01,8.52524E+01,7.09014E+00,1.86962E+01,3.25042E+01,3.25042E+01,3.25042E+01,8.52524E+01,8.52524E+01,8.52524E+01,8.52524E+01,6.24842E-01,3.25042E+01,8.52524E+01,8.52524E+01,8.52524E+01,5.07249E+00,3.76419E+00,8.52524E+01,8.52524E+01,8.52524E+01,6.04439E-01,8.52524E+01,1.86962E+01,8.52524E+01,3.25042E+01,8.52524E+01,8.52524E+01,8.52524E+01 
#t = 5.880E+02
3.25042E+01,8.52524E+01,3.25042E+01,8.52524E+01,8.52524E+01,6.17951E+01,3.25042E+01,1.86962E+01,8.52524E+01,3.25042E+01,1.86962E+01,8.52524E+01,8.52524E+01,1.86962E+01,8.52524E+01,3.25042E+01,8.52524E+01,3.25042E+01,7.64993E+00,8.52524E+01,8.52524E+01,8.52524E+01,8.52524E+01,8.52524E+01,8.52524E+01,7.89748E+00,8.52524E+01,8.52524E+01,8.52524E+01,3.25042E+01,3.25042E+01,6.17951E+01,3.25042E+01,8.52524E+01,6.17951E+01,3.49857E+00,8.52524E+01,8.51624E+00,1.49125E-01,8.52524E+01,1.31887E-01,4.72959E-01,8.52524E+01 
#t = 6.300E+02
8.52524E+01,6.17951E+01,8.52524E+01,8.52524E+01,8.52524E+01,8.52524E+01,3.25042E+01,3.25042E+01,3.25042E+01,8.52524E+01,8.52524E+01,8.52524E+01,8.52524E+01,1.86962E+01,8.52524E+01,8.52524E+01,8.52524E+01,8.52524E+01,8.52524E+01,8.52524E+01,8.52524E+01,3.25042E+01,8.52524E+01,8.52524E+01,6.17951E+01,8.52524E+01,8.52524E+01,3.25042E+01,8.52524E+01,8.52524E+01,3.25042E+01,8.52524E+01,8.52524E+01,8.52524E+01,8.52524E+01,8.52524E+01,8.52524E+01,3.25042E+01,8.52524E+01,6.17951E+01,8.52524E+01,8.52524E+01,6.17951E+01,2.74690E+00,3.25042E+01,8.52524E+01,3.25042E+01,3.25042E+01,3.25042E+01,8.52524E+01,6.93087E+00,8.52524E+01,8.52524E+01,1.06302E+01 
#t = 6.720E+02
8.52524E+01,8.52524E+01,8.52524E+01,8.52524E+01,8.52524E+01,8.52524E+01,8.52524E+01,8.52524E+01,8.52524E+01,8.52524E+01,8.52524E+01,8.52524E+01,8.52524E+01,8.52524E+01,8.52524E+01,8.52524E+01,8.52524E+01,8.52524E+01,8.52524E+01,8.52524E+01,8.52524E+01,8.52524E+01,8.52524E+01,8.52524E+01,8.52524E+01,8.52524E+01,8.52524E+01,8.52524E+01,8.52524E+01,8.52524E+01,8.52524E+01,8.52524E+01,8.52524E+01,8.52524E+01,8.52524E+01,6.20308E-01 
#t = 7.140E+02
8.52524E+01,8.52524E+01,8.52524E+01,8.52524E+01,8.52524E+01,8.52524E+01,8.52524E+01,8.52524E+01,8.52524E+01,8.52524E+01,8.52524E+01,8.52524E+01,8.52524E+01,8.52524E+01,8.52524E+01,8.52524E+01,1.26572E+01,8.52524E+01,8.52524E+01,8.52524E+01,8.52524E+01,8.52524E+01,8.52524E+01,8.52524E+01,8.52524E+01,8.52524E+01,8.52524E+01,8.52524E+01,8.52524E+01,8.52524E+01,8.52524E+01,8.52524E+01,8.52524E+01,8.52524E+01,8.52524E+01,8.52524E+01,8.52524E+01,8.52524E+01,8.52524E+01,8.52524E+01 
#t = 7.560E+02
8.52524E+01,8.52524E+01,8.52524E+01,8.52524E+01,8.52524E+01,8.52524E+01,8.52524E+01,8.52524E+01,8.52524E+01,8.52524E+01,8.52524E+01,8.52524E+01,8.52524E+01,8.52524E+01,8.52524E+01,8.52524E+01,8.52524E+01,8.52524E+01,8.52524E+01,8.52524E+01,8.52524E+01,8.52524E+01,8.52524E+01,8.52524E+01,8.52524E+01,8.52524E+01,8.52524E+01,8.52524E+01,8.52524E+01,8.52524E+01,8.52524E+01,8.52524E+01,8.52524E+01,8.52524E+01,8.52524E+01,8.52524E+01,1.69819E+01,8.52524E+01,8.52524E+01,8.52524E+01,8.52524E+01,1.69819E+01,8.52524E+01,8.52524E+01,8.52524E+01,8.52524E+01,8.52524E+01,8.52524E+01,8.52524E+01,8.52524E+01,8.52524E+01,8.52524E+01,8.52524E+01,8.52524E+01,8.52524E+01,8.52524E+01,8.52524E+01,8.52524E+01,8.52524E+01,8.52524E+01,8.52524E+01,8.52524E+01,8.52524E+01,8.52524E+01,8.52524E+01,8.52524E+01,8.52524E+01,8.52524E+01,8.52524E+01,8.52524E+01 
#t = 7.980E+02
8.52524E+01,8.52524E+01,8.52524E+01,8.52524E+01,8.52524E+01,8.52524E+01,8.52524E+01,8.52524E+01,8.52524E+01,8.52524E+01,8.52524E+01,1.69819E+01,8.82938E+00,8.52524E+01,8.52524E+01,2.20287E+01,8.52524E+01,8.52524E+01,8.52524E+01,8.52524E+01,8.52524E+01,8.52524E+01,8.52524E+01,8.52524E+01,8.52524E+01,8.52524E+01,8.52524E+01,8.52524E+01,8.52524E+01,6.39522E+00,8.52524E+01,2.20287E+01,8.52524E+01,2.20287E+01,8.52524E+01,2.20287E+01,8.52524E+01,2.20287E+01,8.52524E+01,8.52524E+01,8.52524E+01,8.52524E+01,5.02178E-01,3.06410E+00,8.52524E+01,8.52524E+01,8.52524E+01 
#t = 8.400E+02
8.52524E+01,2.20287E+01,8.52524E+01,8.52524E+01,8.52524E+01,8.52524E+01,8.52524E+01,8.52524E+01,8.52524E+01,8.52524E+01,2.20287E+01,8.52524E+01,8.52524E+01,8.52524E+01,2.20287E+01,8.52524E+01,8.52524E+01,8.52524E+01,2.20287E+01,8.52524E+01,8.52524E+01,2.20287E+01,1.96558E+01,8.52524E+01,3.25899E+00,8.52524E+01,8.52524E+01,8.52524E+01,8.52524E+01,8.52524E+01,8.52524E+01,1.96558E+01,8.52524E+01,4.79692E+00,8.52524E+01,8.52524E+01,8.52524E+01,8.52524E+01,2.20287E+01,3.29347E-01,6.83760E-01,8.52524E+01,8.52524E+01 
#t = 8.820E+02
8.52524E+01,8.52524E+01,8.52524E+01,8.52524E+01,8.52524E+01,8.52524E+01,8.52524E+01,8.52524E+01,8.52524E+01,8.52524E+01,8.52524E+01,8.52524E+01,8.52524E+01,8.52524E+01,8.52524E+01,8.52524E+01,8.52524E+01,8.52524E+01,8.52524E+01,8.52524E+01,8.52524E+01,8.52524E+01,8.52524E+01,8.52524E+01,8.52524E+01,8.52524E+01,8.52524E+01,8.52524E+01,8.52524E+01,8.52524E+01,8.52524E+01,8.52524E+01,8.52524E+01,5.77514E+00,3.26701E+01,7.16850E-01,8.52524E+01,8.52524E+01,8.52524E+01,8.52524E+01,8.52524E+01,1.24563E+00,8.52524E+01,8.52524E+01 
#t = 9.240E+02
8.52524E+01,8.52524E+01,8.52524E+01,8.52524E+01,8.52524E+01,8.52524E+01,8.52524E+01,8.52524E+01,8.52524E+01,8.52524E+01,8.52524E+01,8.52524E+01,8.52524E+01,8.52524E+01,8.52524E+01,8.52524E+01,8.52524E+01,8.52524E+01,8.52524E+01,8.52524E+01,8.52524E+01,8.52524E+01,8.52524E+01,8.52524E+01,8.52524E+01,8.52524E+01,8.52524E+01,8.52524E+01,8.52524E+01,8.52524E+01,8.52524E+01,8.52524E+01,8.52524E+01,8.52524E+01,8.52524E+01,8.52524E+01,8.52524E+01 
#t = 9.660E+02
8.52524E+01,8.52524E+01,8.52524E+01,8.52524E+01,8.52524E+01,8.52524E+01,8.52524E+01,8.52524E+01,8.52524E+01,8.52524E+01,8.52524E+01,8.52524E+01,8.52524E+01,3.73429E+00,8.52524E+01,8.52524E+01,8.52524E+01,8.52524E+01,8.52524E+01,8.52524E+01,8.52524E+01,8.52524E+01,8.52524E+01,8.52524E+01,3.01542E+01,9.84711E-01,7.56349E+00,8.52524E+01,8.52524E+01,4.64898E-01 
#t = 1.008E+03
8.52524E+01,8.52524E+01,8.52524E+01,8.52524E+01,8.52524E+01,8.52524E+01,8.52524E+01,8.52524E+01,8.52524E+01,8.52524E+01,8.52524E+01,8.52524E+01,8.52524E+01,8.52524E+01,8.52524E+01,8.52524E+01,8.52524E+01,8.52524E+01,8.52524E+01,8.52524E+01,8.52524E+01,8.52524E+01,8.52524E+01,8.52524E+01,8.52524E+01,8.52524E+01,8.52524E+01,8.52524E+01,8.52524E+01,8.52524E+01,1.02754E+00,8.52524E+01,8.52524E+01,8.52524E+01,8.52524E+01,8.52524E+01,8.52524E+01,8.52524E+01,8.52524E+01,8.52524E+01,3.27880E+00,8.52524E+01,8.52524E+01,8.52524E+01,8.52524E+01 
#t = 1.050E+03
8.52524E+01,8.52524E+01,8.52524E+01,8.52524E+01,8.52524E+01,8.52524E+01,8.52524E+01,8.52524E+01,8.52524E+01,8.52524E+01,8.52524E+01,8.52524E+01,8.52524E+01,8.52524E+01,8.52524E+01,8.52524E+01,8.52524E+01,8.52524E+01,8.52524E+01,8.52524E+01,8.52524E+01,8.52524E+01,8.52524E+01,8.52524E+01,8.52524E+01,8.52524E+01,8.52524E+01,8.52524E+01,8.52524E+01,8.52524E+01,8.52524E+01,8.52524E+01,8.52524E+01 
#t = 1.092E+03
8.52524E+01,8.52524E+01,8.52524E+01,8.52524E+01,8.52524E+01,8.52524E+01,8.52524E+01,8.52524E+01,8.52524E+01,1.97155E+01,1.97155E+01,8.52524E+01,8.52524E+01,8.52524E+01,8.52524E+01,8.52524E+01,8.52524E+01,8.52524E+01,8.52524E+01,8.52524E+01,8.52524E+01,8.52524E+01,8.72799E+00,8.52524E+01,8.52524E+01,8.52524E+01,8.52524E+01,8.52524E+01,8.52524E+01,8.52524E+01,8.52524E+01,8.52524E+01,8.52524E+01,8.52524E+01,1.97155E+01,8.52524E+01,8.52524E+01,8.52524E+01,8.52524E+01,8.52524E+01,8.52524E+01,8.52524E+01,1.97155E+01,8.52524E+01,5.18273E-01,8.52524E+01,8.52524E+01,8.52524E+01,8.52524E+01,2.02755E+00,8.52524E+01,8.52524E+01,1.97155E+01 
#t = 1.134E+03
8.52524E+01,8.52524E+01,8.52524E+01,8.52524E+01,8.52524E+01,1.10122E+01,8.52524E+01,8.52524E+01,8.52524E+01,8.52524E+01,8.52524E+01,8.52524E+01,8.52524E+01,8.52524E+01,8.52524E+01,1.10122E+01,8.52524E+01,8.52524E+01,8.52524E+01,8.52524E+01,6.95552E+00,8.52524E+01,8.52524E+01,8.52524E+01,2.87552E-01,8.52524E+01 
#t = 1.176E+03
8.52524E+01,8.52524E+01,8.52524E+01,8.52524E+01,8.52524E+01,8.52524E+01,8.52524E+01,8.52524E+01,8.52524E+01,8.52524E+01,8.52524E+01,8.52524E+01,1.21319E+01,8.52524E+01,8.52524E+01,8.52524E+01,8.52524E+01,8.52524E+01,8.52524E+01,8.52524E+01,8.52524E+01,8.52524E+01,8.52524E+01,8.52524E+01,8.52524E+01,8.52524E+01,8.52524E+01,8.52524E+01,8.52524E+01,8.52524E+01,4.92516E+00,4.95703E-02,8.52524E+01 
#t = 1.218E+03
8.52524E+01,8.52524E+01,8.52524E+01,8.52524E+01,8.52524E+01,8.52524E+01,8.52524E+01,8.52524E+01,8.52524E+01,8.52524E+01,8.52524E+01,8.52524E+01,8.52524E+01,8.52524E+01,8.52524E+01,8.52524E+01,8.52524E+01,8.52524E+01,8.52524E+01,8.52524E+01,8.52524E+01,8.52524E+01,8.52524E+01,8.52524E+01,8.52524E+01,8.52524E+01,8.52524E+01,8.52524E+01,8.52524E+01,8.52524E+01,8.52524E+01,8.52524E+01,8.35221E+00,8.52524E+01,8.52524E+01,8.52524E+01,8.52524E+01,8.52524E+01,3.67524E+01,8.52524E+01,8.52524E+01,8.52524E+01,8.52524E+01,8.52524E+01 
#t = 1.260E+03
8.52524E+01,8.52524E+01,8.52524E+01,8.52524E+01,8.52524E+01,8.52524E+01,3.67524E+01,8.52524E+01,8.52524E+01,3.67524E+01,8.52524E+01,8.52524E+01,8.52524E+01,8.52524E+01,8.52524E+01,3.67524E+01,8.52524E+01,8.52524E+01,8.52524E+01,8.52524E+01,8.52524E+01,8.52524E+01,8.52524E+01,8.52524E+01,8.52524E+01,8.52524E+01,8.52524E+01,8.52524E+01,3.67524E+01,8.52524E+01,8.52524E+01,8.52524E+01,8.52524E+01,8.52524E+01,8.52524E+01,8.52524E+01,8.52524E+01,8.52524E+01,8.52524E+01,8.52524E+01 
#t = 1.302E+03
8.52524E+01,8.52524E+01,8.52524E+01,8.52524E+01,8.52524E+01,8.52524E+01,1.04093E+01,8.52524E+01,8.52524E+01,1.02397E+01,8.52524E+01,8.52524E+01,8.52524E+01,8.52524E+01,8.52524E+01,8.52524E+01,8.52524E+01,8.52524E+01,8.52524E+01,8.52524E+01,8.52524E+01,8.52524E+01,8.52524E+01,8.52524E+01,8.52524E+01,8.52524E+01,8.52524E+01,8.52524E+01,8.52524E+01,1.73048E+00,8.52524E+01,8.52524E+01 
#t = 1.344E+03
8.52524E+01,8.52524E+01,8.52524E+01,8.52524E+01,8.52524E+01,8.52524E+01,8.52524E+01,8.52524E+01,8.52524E+01,8.52524E+01,8.52524E+01,8.52524E+01,8.52524E+01,8.52524E+01,8.52524E+01,8.52524E+01,1.23324E+01,8.52524E+01,8.52524E+01,8.52524E+01,1.23324E+01,8.52524E+01,8.52524E+01,8.52524E+01,8.52524E+01,8.52524E+01,8.52524E+01,8.52524E+01,8.52524E+01,8.52524E+01,8.52524E+01,8.52524E+01,8.52524E+01,8.52524E+01,8.52524E+01,8.52524E+01,8.52524E+01,8.52524E+01,5.28572E-01,8.52524E+01,8.52524E+01,7.74643E-01,8.52524E+01 
#t = 1.386E+03
8.52524E+01,8.52524E+01,8.52524E+01,8.52524E+01,8.52524E+01,8.52524E+01,8.52524E+01,8.52524E+01,1.23324E+01,8.52524E+01,8.52524E+01,8.52524E+01,8.52524E+01,8.52524E+01,8.52524E+01,8.52524E+01,8.52524E+01,7.27668E+00,8.52524E+01,8.52524E+01,8.52524E+01,8.52524E+01,8.52524E+01,8.52524E+01,8.52524E+01,8.52524E+01,8.52524E+01,8.52524E+01,8.52524E+01,8.52524E+01,8.52524E+01,8.52524E+01,9.48491E+00,8.52524E+01,8.52524E+01,8.52524E+01,8.52524E+01,8.52524E+01,8.52524E+01,8.52524E+01,8.52524E+01,8.52524E+01,8.52524E+01,8.52524E+01 
#t = 1.428E+03
8.52524E+01,8.52524E+01,8.52524E+01,8.52524E+01,8.52524E+01,8.52524E+01,8.52524E+01,8.52524E+01,8.52524E+01,8.52524E+01,8.52524E+01,8.52524E+01,8.52524E+01,8.52524E+01,8.52524E+01,8.52524E+01,8.52524E+01,8.52524E+01,8.52524E+01,8.52524E+01,8.52524E+01,8.52524E+01,8.52524E+01,8.52524E+01,8.52524E+01,8.52524E+01,8.52524E+01,1.77099E+01,8.52524E+01,8.52524E+01,8.13122E+00,8.52524E+01,8.52524E+01,8.52524E+01,8.52524E+01,8.52524E+01,8.52524E+01,8.52524E+01,8.52524E+01,8.52524E+01,8.52524E+01,8.52524E+01,8.52524E+01,1.52558E+01,8.52524E+01 
#t = 1.470E+03
8.52524E+01,8.52524E+01,8.52524E+01,8.52524E+01,8.52524E+01,8.52524E+01,8.52524E+01,8.52524E+01,8.52524E+01,8.52524E+01,8.52524E+01,8.52524E+01,8.52524E+01,8.52524E+01,8.52524E+01,8.52524E+01,8.52524E+01,8.52524E+01,8.52524E+01,8.52524E+01,8.52524E+01,8.52524E+01,8.52524E+01,8.52524E+01,8.52524E+01,8.52524E+01,8.52524E+01,8.52524E+01,8.52524E+01,8.52524E+01,8.52524E+01,8.52524E+01,7.87524E+00,8.52524E+01,8.52524E+01,8.52524E+01,8.52524E+01,8.52524E+01,2.80294E+01,8.52524E+01,8.52524E+01,8.52524E+01,8.52524E+01,8.52524E+01,8.52524E+01,3.20810E+00,8.52524E+01,8.52524E+01,4.68271E+00,8.52524E+01 
#t = 1.512E+03
8.52524E+01,8.52524E+01,8.52524E+01,8.52524E+01,8.52524E+01,8.52524E+01,8.52524E+01,3.23053E+01,8.52524E+01,8.52524E+01,8.52524E+01,8.52524E+01,8.52524E+01,8.52524E+01,8.52524E+01,8.52524E+01,8.52524E+01,8.52524E+01,8.52524E+01,8.52524E+01,8.52524E+01,8.52524E+01,8.52524E+01,8.52524E+01,8.52524E+01,8.52524E+01,8.52524E+01,8.52524E+01,8.52524E+01,8.52524E+01,8.52524E+01,3.23053E+01,8.52524E+01,8.52524E+01,8.52524E+01,8.52524E+01,8.52524E+01,8.52524E+01,8.52524E+01,8.52524E+01,8.52524E+01,8.52524E+01 
#t = 1.554E+03
8.52524E+01,3.23053E+01,8.52524E+01,8.52524E+01,8.52524E+01,8.52524E+01,8.52524E+01,8.52524E+01,8.52524E+01,8.52524E+01,8.52524E+01,8.52524E+01,8.52524E+01,8.52524E+01,8.52524E+01,8.52524E+01,8.52524E+01,8.52524E+01,8.52524E+01,8.52524E+01,8.52524E+01,8.52524E+01,8.52524E+01,9.65681E+00,8.52524E+01,8.52524E+01,8.52524E+01,8.52524E+01,8.52524E+01,8.52524E+01,8.52524E+01,8.52524E+01,8.52524E+01,8.52524E+01,1.67690E+00,1.41188E+01,8.52524E+01,8.52524E+01 
#t = 1.596E+03
8.52524E+01,8.52524E+01,8.52524E+01,8.52524E+01,1.94758E+01,8.52524E+01,8.52524E+01,8.52524E+01,1.94758E+01,8.52524E+01,8.52524E+01,8.52524E+01,8.52524E+01,8.52524E+01,8.52524E+01,2.05484E+01,8.52524E+01,8.52524E+01,8.52524E+01,8.52524E+01,8.52524E+01,8.52524E+01,8.52524E+01,2.05484E+01,8.52524E+01,8.52524E+01,8.52524E+01,8.52524E+01,4.69774E+00,8.14455E-01,9.27945E-02,1.94758E+01,8.52524E+01,8.52524E+01,1.61367E+00,8.52524E+01,8.52524E+01 
#t = 1.638E+03
8.52524E+01,2.05484E+01,8.52524E+01,8.52524E+01,8.52524E+01,8.52524E+01,8.52524E+01,8.52524E+01,8.52524E+01,8.52524E+01,8.52524E+01,8.52524E+01,8.52524E+01,8.52524E+01,8.52524E+01,8.52524E+01,8.52524E+01,8.52524E+01,8.52524E+01,8.52524E+01,8.52524E+01,8.52524E+01,8.52524E+01,2.42175E+01,8.52524E+01,8.52524E+01,8.52524E+01,8.52524E+01,8.52524E+01,8.52524E+01,8.52524E+01,1.04178E-01,8.52524E+01,2.31252E-01,8.52524E+01,8.52524E+01,8.52524E+01,8.52524E+01,8.52524E+01,8.52524E+01,8.52524E+01,8.52524E+01,8.52524E+01 
#t = 1.680E+03
8.52524E+01,8.52524E+01,8.52524E+01,8.52524E+01,8.52524E+01,8.91836E+00,8.52524E+01,8.52524E+01,8.52524E+01,8.52524E+01,8.52524E+01,8.52524E+01,8.52524E+01,8.52524E+01,8.52524E+01,8.52524E+01,8.52524E+01,8.52524E+01,8.52524E+01,8.52524E+01,8.52524E+01,7.55044E+00,8.52524E+01,8.52524E+01,8.52524E+01,8.52524E+01,8.52524E+01,8.52524E+01,8.52524E+01,8.52524E+01,8.49595E-01,1.54605E+00,8.52524E+01,8.52524E+01,8.52524E+01,3.51224E+00,8.52524E+01,8.52524E+01 
#t = 1.722E+03
8.52524E+01,8.52524E+01,8.52524E+01,8.52524E+01,8.52524E+01,8.52524E+01,8.52524E+01,8.52524E+01,8.52524E+01,8.52524E+01,8.52524E+01,8.52524E+01,8.52524E+01,8.52524E+01,8.52524E+01,8.52524E+01,8.52524E+01,8.52524E+01,8.52524E+01,1.52722E+01,8.52524E+01,8.52524E+01,8.52524E+01,8.52524E+01,8.52524E+01,8.52524E+01,1.28368E+01,4.70749E+00,8.52524E+01,8.52524E+01,8.52524E+01,2.61414E+00,2.60892E+00,8.52524E+01,8.52524E+01,1.28368E+01 
#t = 1.764E+03
8.52524E+01,8.52524E+01,8.52524E+01,8.52524E+01,8.52524E+01,8.52524E+01,8.52524E+01,8.52524E+01,2.26922E+01,8.52524E+01,8.52524E+01,1.28368E+01,8.52524E+01,8.52524E+01,8.52524E+01,1.52722E+01,8.52524E+01,8.52524E+01,8.52524E+01,8.52524E+01,8.52524E+01,8.52524E+01,8.52524E+01,1.28368E+01,8.52524E+01,8.52524E+01,1.28368E+01,8.52524E+01,8.52524E+01,1.03249E-01,8.52524E+01,8.52524E+01,8.52524E+01,5.91663E+00 
#t = 1.806E+03
8.52524E+01,8.52524E+01,8.52524E+01,8.52524E+01,8.52524E+01,8.52524E+01,8.52524E+01,1.28368E+01,8.52524E+01,2.26922E+01,8.52524E+01,8.52524E+01,8.52524E+01,8.52524E+01,8.52524E+01,8.52524E+01,8.52524E+01,8.52524E+01,1.71211E+01,8.52524E+01,8.52524E+01,8.52524E+01,8.52524E+01,8.52524E+01,1.71211E+01,8.52524E+01,1.71211E+01,8.52524E+01,8.52524E+01,8.52524E+01,8.52524E+01,8.52524E+01,8.52524E+01,8.52524E+01,8.52524E+01,8.52524E+01,4.60584E+00,8.52524E+01 
#t = 1.848E+03
1.28368E+01,8.52524E+01,8.52524E+01,8.52524E+01,8.52524E+01,8.52524E+01,8.52524E+01,8.52524E+01,8.52524E+01,8.52524E+01,8.52524E+01,8.52524E+01,8.52524E+01,8.52524E+01,8.52524E+01,8.52524E+01,8.52524E+01,8.52524E+01,8.52524E+01,8.52524E+01,8.52524E+01,8.52524E+01,8.52524E+01,8.52524E+01,8.52524E+01,8.52524E+01,8.52524E+01,8.52524E+01,8.52524E+01,8.52524E+01,8.52524E+01,8.52524E+01,2.08588E+01,8.52524E+01,8.52524E+01,1.28368E+01,8.52524E+01,8.52524E+01,8.52524E+01,8.52524E+01,5.29999E-01 
#t = 1.890E+03
1.28368E+01,8.52524E+01,8.52524E+01,8.52524E+01,8.52524E+01,8.52524E+01,8.52524E+01,8.52524E+01,8.52524E+01,8.52524E+01,8.52524E+01,8.52524E+01,8.52524E+01,8.52524E+01,8.52524E+01,8.52524E+01,8.52524E+01,8.52524E+01,8.52524E+01,8.52524E+01,8.52524E+01,8.52524E+01,8.52524E+01,8.52524E+01,8.52524E+01,8.52524E+01,8.52524E+01,1.28368E+01,8.52524E+01,8.52524E+01,8.52524E+01,8.52524E+01,1.28368E+01,8.52524E+01,8.52524E+01,1.56514E-01,8.52524E+01,6.49747E-01,8.52524E+01,1.28368E+01 
#t = 1.932E+03
8.52524E+01,8.52524E+01,8.52524E+01,8.52524E+01,8.52524E+01,8.52524E+01,8.52524E+01,8.52524E+01,8.52524E+01,8.52524E+01,8.52524E+01,8.52524E+01,8.52524E+01,8.52524E+01,8.52524E+01,8.52524E+01,8.52524E+01,8.52524E+01,8.52524E+01,8.52524E+01,8.52524E+01,8.52524E+01,8.52524E+01,8.52524E+01,8.52524E+01,8.52524E+01,8.52524E+01,8.52524E+01,8.52524E+01,8.52524E+01,8.52524E+01,8.52524E+01,8.52524E+01,8.52524E+01,8.52524E+01,8.52524E+01,8.52524E+01 
#t = 1.974E+03
8.52524E+01,8.52524E+01,8.52524E+01,8.52524E+01,8.52524E+01,8.52524E+01,8.52524E+01,8.52524E+01,1.08497E+01,8.52524E+01,8.52524E+01,8.52524E+01,8.52524E+01,8.52524E+01,8.52524E+01,8.52524E+01,8.52524E+01,8.52524E+01,8.52524E+01,8.52524E+01,8.52524E+01,8.52524E+01,8.52524E+01,8.52524E+01,8.52524E+01,7.26048E+00,8.52524E+01,8.52524E+01,8.52524E+01,8.52524E+01,8.52524E+01,8.52524E+01,8.52524E+01,8.52524E+01,8.52524E+01,2.31318E+00,5.54108E+00,8.52524E+01,8.52524E+01,8.52524E+01,8.52524E+01,8.52524E+01,8.52524E+01,8.52524E+01,3.12312E+00 
#t = 2.016E+03
8.52524E+01,8.52524E+01,8.52524E+01,8.52524E+01,8.52524E+01,8.52524E+01,8.52524E+01,8.52524E+01,8.52524E+01,8.52524E+01,1.08497E+01,8.52524E+01,8.52524E+01,8.52524E+01,1.08497E+01,8.52524E+01,8.52524E+01,8.52524E+01,8.52524E+01,1.22165E+00,8.52524E+01,8.52524E+01,8.52524E+01,8.52524E+01,8.52524E+01,8.52524E+01,8.52524E+01,8.52524E+01,8.52524E+01,7.80229E+00,8.52524E+01,8.52524E+01,4.27148E+00,8.52524E+01,8.52524E+01,8.52524E+01,8.52524E+01,8.52524E+01,8.52524E+01,8.52524E+01,8.52524E+01,8.52524E+01,8.52524E+01,7.71325E-01,9.55615E+00,3.05492E-02,8.52524E+01,8.52524E+01,8.52524E+01,8.52524E+01,8.52524E+01,1.79558E-01,8.52524E+01 
#t = 2.058E+03
8.52524E+01,8.52524E+01,8.52524E+01,8.52524E+01,8.52524E+01,8.52524E+01,8.52524E+01,8.52524E+01,8.52524E+01,8.52524E+01,8.52524E+01,8.52524E+01,8.52524E+01,8.52524E+01,8.52524E+01,8.52524E+01,8.52524E+01,8.52524E+01,8.52524E+01,8.52524E+01,8.52524E+01,8.52524E+01,8.52524E+01,8.52524E+01,8.52524E+01,8.52524E+01,8.52524E+01,8.52524E+01,8.52524E+01,8.52524E+01,8.52524E+01,8.52524E+01,8.68233E+01,8.52524E+01,8.68233E+01,8.52524E+01,8.52524E+01,8.52524E+01,8.52524E+01,8.52524E+01,8.52524E+01,8.52524E+01,8.52524E+01,8.52524E+01 
#t = 2.100E+03
8.52524E+01,8.52524E+01,8.52524E+01,8.52524E+01,8.52524E+01,8.52524E+01,8.52524E+01,8.68233E+01,8.52524E+01,8.52524E+01,8.68233E+01,8.52524E+01,8.52524E+01,8.52524E+01,8.52524E+01,8.52524E+01,8.52524E+01,8.52524E+01,8.52524E+01,8.52524E+01,8.52524E+01,8.52524E+01,8.52524E+01,8.52524E+01,8.52524E+01,8.52524E+01,8.52524E+01,8.52524E+01,1.71209E+01,8.52524E+01,8.68233E+01,9.29358E-01,8.52524E+01,1.74434E+01,8.52524E+01,2.91929E-01,8.68233E+01,8.52524E+01,1.14728E+01,1.42016E-01 
#t = 2.142E+03
8.52524E+01,8.52524E+01,8.68233E+01,8.52524E+01,8.52524E+01,8.68233E+01,8.52524E+01,8.52524E+01,8.52524E+01,8.52524E+01,8.52524E+01,8.52524E+01,8.68233E+01,8.52524E+01,8.52524E+01,8.52524E+01,8.52524E+01,8.52524E+01,8.52524E+01,8.52524E+01,8.52524E+01,8.52524E+01,8.52524E+01,8.52524E+01,8.68233E+01,8.52524E+01,8.52524E+01,8.52524E+01,8.52524E+01,8.52524E+01,8.52524E+01,8.52524E+01,8.52524E+01,8.68233E+01,8.52524E+01,8.52524E+01,8.52524E+01,8.52524E+01,8.75246E-01,8.52524E+01,1.84261E+01,8.52524E+01,8.52524E+01,8.52524E+01 
#t = 2.184E+03
8.52524E+01,8.52524E+01,8.52524E+01,8.52524E+01,8.52524E+01,8.52524E+01,1.84261E+01,8.52524E+01,8.68233E+01,8.68233E+01,8.52524E+01,8.52524E+01,8.52524E+01,8.52524E+01,8.52524E+01,8.52524E+01,8.52524E+01,8.68233E+01,2.01747E+00,8.52524E+01,8.52524E+01,8.52524E+01,8.52524E+01,8.52524E+01,8.52524E+01,8.52524E+01,8.52524E+01,8.52524E+01,8.52524E+01,8.68233E+01,8.52524E+01,8.52524E+01,8.52524E+01,8.52524E+01,8.52524E+01,8.52524E+01,8.52524E+01,1.79445E-01,8.52524E+01,8.52524E+01,8.52524E+01,8.68233E+01,8.52524E+01,7.27950E-02 
#t = 2.226E+03
8.52524E+01,8.68233E+01,8.68233E+01,8.52524E+01,8.68233E+01,8.52524E+01,8.52524E+01,8.52524E+01,8.68233E+01,8.52524E+01,8.52524E+01,8.52524E+01,8.52524E+01,8.52524E+01,8.52524E+01,8.52524E+01,1.84261E+01,8.52524E+01,8.52524E+01,8.52524E+01,8.52524E+01,8.52524E+01,8.52524E+01,8.68233E+01,8.68233E+01,1.84261E+01,8.52524E+01,8.52524E+01,8.52524E+01,8.52524E+01,7.71944E+00,1.84261E+01,8.52524E+01,8.52524E+01,8.68233E+01,8.52524E+01,7.18082E-01,8.68233E+01,8.52524E+01,8.52524E+01,8.52524E+01,8.68233E+01,8.52524E+01 
#t = 2.268E+03
8.52524E+01,8.52524E+01,8.52524E+01,1.84261E+01,8.52524E+01,8.52524E+01,8.52524E+01,8.68233E+01,8.52524E+01,8.68233E+01,8.52524E+01,8.52524E+01,8.52524E+01,8.52524E+01,8.52524E+01,8.52524E+01,8.68233E+01,8.52524E+01,8.68233E+01,8.52524E+01,8.68233E+01,1.84261E+01,8.52524E+01,8.68233E+01,8.52524E+01,8.52524E+01,8.52524E+01,8.52524E+01,8.52524E+01,8.52524E+01,8.52524E+01,8.52524E+01,8.52524E+01,8.52524E+01,8.52524E+01,8.52524E+01,6.80470E-01,8.52524E+01,8.52524E+01,8.68233E+01,8.52524E+01,8.52524E+01,8.52524E+01 
#t = 2.310E+03
8.52524E+01,8.52524E+01,8.52524E+01,8.52524E+01,8.52524E+01,8.68233E+01,8.52524E+01,8.52524E+01,8.52524E+01,8.52524E+01,8.52524E+01,2.52759E+01,8.52524E+01,8.52524E+01,8.52524E+01,8.52524E+01,8.52524E+01,8.52524E+01,8.52524E+01,8.52524E+01,8.52524E+01,8.52524E+01,8.52524E+01,8.52524E+01,1.31025E+01,8.52524E+01,8.52524E+01,8.52524E+01,8.52524E+01,8.68233E+01,8.52524E+01,3.95068E+00,8.67204E-01,8.52524E+01,1.59114E+00,8.52524E+01,8.52524E+01,8.52524E+01,8.52524E+01 
#t = 2.352E+03
8.52524E+01,8.52524E+01,8.52524E+01,8.52524E+01,8.52524E+01,8.52524E+01,8.52524E+01,8.52524E+01,8.52524E+01,8.52524E+01,8.52524E+01,1.28923E+01,8.52524E+01,8.52524E+01,8.52524E+01,8.52524E+01,8.52524E+01,8.52524E+01,8.52524E+01,8.52524E+01,8.52524E+01,8.52524E+01,8.52524E+01,8.52524E+01,8.52524E+01,8.52524E+01,8.52524E+01,8.52524E+01,8.52524E+01,8.52524E+01,8.52524E+01,8.52524E+01,8.52524E+01,8.52524E+01,8.52524E+01,8.52524E+01,8.52524E+01,8.52524E+01,8.52524E+01,8.52524E+01,6.20013E-01,8.52524E+01,8.52524E+01,4.81977E-01,8.52524E+01,2.86147E+00,1.71070E-01,1.22198E-01 
#t = 2.394E+03
8.52524E+01,8.52524E+01,8.52524E+01,8.52524E+01,8.52524E+01,1.28923E+01,8.52524E+01,8.52524E+01,8.52524E+01,8.52524E+01,8.52524E+01,8.52524E+01,8.52524E+01,8.52524E+01,8.52524E+01,8.52524E+01,8.52524E+01,8.52524E+01,8.52524E+01,8.52524E+01,8.52524E+01,8.52524E+01,8.52524E+01,8.52524E+01,8.52524E+01,1.28923E+01,8.52524E+01,7.18216E-02,8.52524E+01,8.52524E+01,8.52524E+01,8.52524E+01,8.52524E+01,8.52524E+01,8.52524E+01,8.52524E+01,8.52524E+01,8.52524E+01,8.52524E+01,5.19984E-01,8.52524E+01,8.52524E+01,8.52524E+01,8.52524E+01 
#t = 2.436E+03
8.52524E+01,8.52524E+01,8.52524E+01,8.52524E+01,8.52524E+01,8.52524E+01,8.52524E+01,8.52524E+01,8.52524E+01,8.52524E+01,8.52524E+01,8.52524E+01,8.52524E+01,8.52524E+01,8.52524E+01,8.52524E+01,8.52524E+01,8.52524E+01,8.52524E+01,8.52524E+01,8.52524E+01,8.52524E+01,8.52524E+01,8.52524E+01,8.52524E+01,8.52524E+01,8.52524E+01,8.52524E+01,4.05295E-01,8.52524E+01,8.52524E+01,8.52524E+01,8.52524E+01,8.52524E+01,5.49541E+00 
#t = 2.478E+03
8.52524E+01,8.52524E+01,8.52524E+01,8.52524E+01,8.52524E+01,8.52524E+01,8.52524E+01,8.52524E+01,8.52524E+01,8.52524E+01,8.52524E+01,8.52524E+01,8.52524E+01,8.52524E+01,8.52524E+01,8.52524E+01,8.52524E+01,1.68027E+01,8.52524E+01,8.52524E+01,8.52524E+01,8.52524E+01,8.52524E+01,8.52524E+01,8.52524E+01,8.52524E+01,8.52524E+01,8.52524E+01,8.52524E+01,8.52524E+01,4.56130E+00,8.52524E+01,8.52524E+01,8.52524E+01,8.03028E+00,8.52524E+01,8.52524E+01 
#t = 2.520E+03
8.52524E+01,8.52524E+01,8.52524E+01,8.52524E+01,8.52524E+01,8.52524E+01,8.52524E+01,8.52524E+01,8.52524E+01,8.52524E+01,8.52524E+01,8.52524E+01,8.52524E+01,8.52524E+01,8.52524E+01,8.52524E+01,8.52524E+01,8.52524E+01,8.52524E+01,8.52524E+01,1.29845E+01,8.52524E+01,8.52524E+01,8.52524E+01,9.14464E-01,8.52524E+01,8.52524E+01,8.52524E+01,8.52524E+01,8.52524E+01,8.52524E+01,1.10523E+00,8.52524E+01 
#t = 2.562E+03
8.52524E+01,8.52524E+01,8.52524E+01,8.52524E+01,8.52524E+01,8.52524E+01,8.52524E+01,8.52524E+01,8.52524E+01,8.52524E+01,8.52524E+01,8.52524E+01,8.52524E+01,8.52524E+01,8.52524E+01,1.52697E+02,8.52524E+01,8.52524E+01,8.52524E+01,8.52524E+01,8.52524E+01,8.52524E+01,8.52524E+01,8.52524E+01,8.52524E+01,1.52697E+02,2.38982E-01,8.52524E+01,8.52524E+01,2.30709E-01 
#t = 2.604E+03
1.52697E+02,8.52524E+01,8.52524E+01,8.52524E+01,8.52524E+01,8.52524E+01,8.52524E+01,8.52524E+01,8.52524E+01,8.52524E+01,8.52524E+01,8.52524E+01,8.52524E+01,8.52524E+01,8.52524E+01,8.52524E+01,8.52524E+01,8.52524E+01,8.52524E+01,8.52524E+01,8.52524E+01,8.52524E+01,8.52524E+01,8.52524E+01,8.52524E+01,8.52524E+01,2.87756E+01,8.52524E+01,8.52524E+01,8.52524E+01,8.52524E+01,8.52524E+01,8.52524E+01,8.52524E+01,8.52524E+01 
#t = 2.646E+03
8.52524E+01,8.52524E+01,8.52524E+01,8.52524E+01,8.52524E+01,8.52524E+01,8.52524E+01,8.52524E+01,8.72439E+00,8.52524E+01,8.52524E+01,8.52524E+01,8.52524E+01,8.52524E+01,8.52524E+01,8.52524E+01,8.52524E+01,8.52524E+01,8.52524E+01,8.52524E+01,8.52524E+01,8.52524E+01,8.52524E+01,8.52524E+01,8.52524E+01,8.52524E+01,8.52524E+01,8.52524E+01,8.52524E+01,8.52524E+01,2.85824E+00,9.18167E+00,8.52524E+01,8.52524E+01,8.52524E+01,8.52524E+01 
#t = 2.688E+03
8.52524E+01,8.52524E+01,8.52524E+01,8.52524E+01,8.52524E+01,8.52524E+01,8.52524E+01,8.52524E+01,8.52524E+01,8.52524E+01,8.52524E+01,8.52524E+01,1.15369E+01,8.52524E+01,8.52524E+01,8.52524E+01,8.52524E+01,8.52524E+01,8.52524E+01,8.52524E+01,8.52524E+01,8.52524E+01,8.52524E+01,8.52524E+01,8.52524E+01,8.52524E+01,8.52524E+01,8.52524E+01,8.52524E+01,8.52524E+01,8.52524E+01,8.52524E+01,8.52524E+01,8.52524E+01,8.52524E+01,8.52524E+01 
#t = 2.730E+03
8.52524E+01,8.52524E+01,8.52524E+01,8.52524E+01,8.52524E+01,8.52524E+01,8.52524E+01,8.52524E+01,8.52524E+01,8.52524E+01,8.52524E+01,8.52524E+01,8.52524E+01,8.52524E+01,8.52524E+01,8.52524E+01,8.52524E+01,8.52524E+01,8.52524E+01,8.52524E+01,8.52524E+01,8.52524E+01,8.52524E+01,8.52524E+01,8.52524E+01,8.52524E+01,4.48503E+00,8.52524E+01,8.52524E+01,8.52524E+01,8.52524E+01,8.52524E+01,8.52524E+01,8.52524E+01,1.42729E+01,8.52524E+01,8.52524E+01,8.52524E+01 
#t = 2.772E+03
8.52524E+01,8.52524E+01,8.52524E+01,8.52524E+01,8.52524E+01,8.52524E+01,8.52524E+01,8.52524E+01,8.52524E+01,8.52524E+01,8.52524E+01,8.52524E+01,8.52524E+01,1.10148E+01,8.52524E+01,8.52524E+01,8.52524E+01,8.52524E+01,1.04526E+01,8.52524E+01,8.52524E+01,8.52524E+01,8.52524E+01,8.52524E+01,8.52524E+01,8.52524E+01,8.52524E+01,8.52524E+01,8.52524E+01,8.52524E+01,8.52524E+01,1.92459E+00,8.52524E+01,2.43987E+00,8.52524E+01,1.22514E+01,8.52524E+01 
#t = 2.814E+03
8.52524E+01,8.52524E+01,8.52524E+01,8.52524E+01,8.52524E+01,8.52524E+01,8.52524E+01,8.52524E+01,8.52524E+01,8.52524E+01,8.52524E+01,8.52524E+01,8.52524E+01,9.97712E+00,8.52524E+01,8.52524E+01,8.52524E+01,8.52524E+01,8.52524E+01,8.52524E+01,1.23519E+01,8.52524E+01,8.52524E+01,8.52524E+01,8.52524E+01,8.52524E+01,8.52524E+01,8.52524E+01,8.52524E+01,8.52524E+01,8.52524E+01,8.52524E+01,8.52524E+01,8.52524E+01,8.52524E+01,8.52524E+01,8.52524E+01,8.52524E+01,6.07710E-01,8.52524E+01,8.52524E+01,1.18471E+01,8.52524E+01,8.52524E+01,8.52524E+01 
#t = 2.856E+03
8.52524E+01,8.52524E+01,8.52524E+01,8.52524E+01,8.52524E+01,8.52524E+01,8.52524E+01,8.52524E+01,8.52524E+01,8.52524E+01,8.52524E+01,8.52524E+01,8.52524E+01,8.52524E+01,8.52524E+01,8.52524E+01,8.52524E+01,8.52524E+01,8.52524E+01,8.52524E+01,8.52524E+01,8.52524E+01,8.52524E+01,8.52524E+01,8.52524E+01,8.52524E+01,8.52524E+01,8.52524E+01,4.37069E+00,8.52524E+01,8.52524E+01,8.52524E+01,8.52524E+01,8.52524E+01,8.52524E+01,8.52524E+01,8.52524E+01,8.52524E+01,8.52524E+01,8.52524E+01 
#t = 2.898E+03
8.52524E+01,8.52524E+01,8.52524E+01,8.52524E+01,8.52524E+01,8.52524E+01,8.52524E+01,8.52524E+01,8.52524E+01,8.52524E+01,8.52524E+01,8.52524E+01,8.52524E+01,8.52524E+01,8.52524E+01,8.52524E+01,8.52524E+01,8.52524E+01,8.52524E+01,8.52524E+01,8.52524E+01,8.52524E+01,8.52524E+01,8.52524E+01,8.52524E+01,8.52524E+01,8.52524E+01,8.52524E+01,8.52524E+01,8.52524E+01,8.52524E+01,8.52524E+01,8.52524E+01,8.52920E-02,8.52524E+01,8.52524E+01,8.52524E+01,8.52524E+01,8.52524E+01,1.36841E+00,8.52524E+01,7.68046E+00,8.52524E+01,8.52524E+01 
#t = 2.940E+03
8.52524E+01,8.52524E+01,8.52524E+01,8.52524E+01,8.52524E+01,8.52524E+01,8.52524E+01,8.52524E+01,1.20450E+01,8.52524E+01,8.52524E+01,8.52524E+01,8.52524E+01,8.52524E+01,8.52524E+01,8.52524E+01,8.52524E+01,8.52524E+01,8.52524E+01,8.52524E+01,8.52524E+01,1.20450E+01,8.52524E+01,8.52524E+01,8.52524E+01,8.52524E+01,8.52524E+01,8.52524E+01,8.52524E+01,8.52524E+01,8.52524E+01,8.52524E+01,8.52524E+01,8.52524E+01,8.52524E+01,8.52524E+01,1.01078E+01,8.52524E+01,1.20088E+00,8.52524E+01,8.52524E+01,8.52524E+01,8.52524E+01 
#t = 2.982E+03
8.52524E+01,8.52524E+01,8.52524E+01,8.52524E+01,8.52524E+01,8.52524E+01,8.52524E+01,8.52524E+01,1.20450E+01,1.61118E+01,8.52524E+01,8.52524E+01,8.52524E+01,1.20450E+01,8.52524E+01,8.52524E+01,8.52524E+01,8.52524E+01,8.52524E+01,8.52524E+01,8.52524E+01,6.46995E-02,1.61118E+01,8.52524E+01,8.52524E+01,8.52524E+01,8.52524E+01,8.52524E+01,8.52524E+01,8.52524E+01,1.05516E+01,8.52524E+01,8.52524E+01,1.61118E+01,8.52524E+01,8.52524E+01,8.52524E+01,8.84257E-01 
#t = 3.024E+03
8.52524E+01,8.52524E+01,8.52524E+01,8.52524E+01,8.52524E+01,8.52524E+01,1.21829E+01,8.52524E+01,1.20450E+01,8.52524E+01,8.52524E+01,8.52524E+01,8.52524E+01,1.61118E+01,8.52524E+01,8.52524E+01,1.07994E+01,8.52524E+01,8.52524E+01,6.01406E+00,8.52524E+01,8.52524E+01,1.00224E+01,8.52524E+01,1.21829E+01,3.46707E-02,8.52524E+01,8.52524E+01,8.52524E+01,8.52524E+01,8.52524E+01,1.51653E+00,8.52524E+01,8.52524E+01,8.52524E+01 
#t = 3.066E+03
1.07994E+01,8.52524E+01,8.52524E+01,2.11632E+01,8.52524E+01,8.52524E+01,8.52524E+01,8.52524E+01,8.52524E+01,8.52524E+01,2.11395E+01,2.11632E+01,8.52524E+01,8.52524E+01,8.52524E+01,8.52524E+01,8.52524E+01,8.52524E+01,8.52524E+01,8.52524E+01,8.52524E+01,8.52524E+01,8.52524E+01,8.52524E+01,6.09040E+00,8.52524E+01,8.52524E+01,8.52524E+01,8.52524E+01,8.52524E+01,8.52524E+01,8.52524E+01,8.52524E+01,8.52524E+01,8.52524E+01,8.52524E+01 
#t = 3.108E+03
8.52524E+01,8.52524E+01,8.52524E+01,8.52524E+01,8.52524E+01,8.52524E+01,8.52524E+01,8.52524E+01,8.52524E+01,8.52524E+01,8.52524E+01,8.52524E+01,8.52524E+01,8.52524E+01,8.52524E+01,8.52524E+01,8.52524E+01,8.52524E+01,8.52524E+01,8.52524E+01,8.52524E+01,8.52524E+01,8.52524E+01,8.52524E+01,8.52524E+01,8.52524E+01,8.52524E+01,8.52524E+01,8.52524E+01,8.52524E+01,8.52524E+01,8.52524E+01,8.52524E+01,8.52524E+01,8.52524E+01,8.52524E+01,8.52524E+01,8.52524E+01,5.29112E-01,8.52524E+01,8.52524E+01,1.29396E+01,8.52524E+01,9.11989E-02,8.52524E+01,8.52524E+01,8.52524E+01 
#t = 3.150E+03
8.52524E+01,8.52524E+01,8.52524E+01,8.52524E+01,8.52524E+01,8.52524E+01,1.29396E+01,8.52524E+01,8.52524E+01,8.52524E+01,8.52524E+01,8.52524E+01,8.52524E+01,8.52524E+01,8.52524E+01,8.52524E+01,8.52524E+01,8.52524E+01,8.52524E+01,8.52524E+01,8.52524E+01,8.52524E+01,8.52524E+01,8.52524E+01,8.52524E+01,8.52524E+01,8.52524E+01,8.52524E+01,8.52524E+01,8.52524E+01,8.52524E+01,8.52524E+01,8.52524E+01,8.52524E+01,8.52524E+01,8.52524E+01,8.52524E+01,8.52524E+01,8.52524E+01,8.52524E+01 
#t = 3.192E+03
8.52524E+01,8.52524E+01,8.52524E+01,8.52524E+01,8.52524E+01,8.52524E+01,8.52524E+01,8.52524E+01,8.52524E+01,8.52524E+01,8.52524E+01,1.29396E+01,8.52524E+01,8.52524E+01,8.52524E+01,8.52524E+01,8.52524E+01,1.28507E+01,8.52524E+01,8.52524E+01,8.52524E+01,1.29396E+01,1.28507E+01,8.52524E+01,8.52524E+01,6.68991E+00,8.52524E+01,8.52524E+01,1.29396E+01,1.29396E+01,8.52524E+01,8.52524E+01,1.29396E+01,8.52524E+01,8.52524E+01,8.52524E+01,1.29396E+01,8.52524E+01,1.29396E+01,8.52524E+01,8.52524E+01,8.52524E+01,1.28507E+01,8.52524E+01 
#t = 3.234E+03
8.52524E+01,8.52524E+01,8.52524E+01,8.52524E+01,8.52524E+01,8.52524E+01,8.52524E+01,8.52524E+01,8.52524E+01,2.81360E+01,8.52524E+01,8.52524E+01,8.52524E+01,8.52524E+01,8.52524E+01,8.52524E+01,8.52524E+01,8.52524E+01,8.52524E+01,8.52524E+01,8.52524E+01,8.52524E+01,8.52524E+01,8.52524E+01,8.52524E+01,8.52524E+01,8.52524E+01,8.52524E+01,8.52524E+01,8.52524E+01,8.52524E+01,8.52524E+01,8.52524E+01,8.52524E+01,8.52524E+01,8.52524E+01,8.52524E+01,8.52524E+01,8.52524E+01,8.52524E+01,8.52524E+01 
#t = 3.276E+03
8.52524E+01,8.52524E+01,8.52524E+01,8.52524E+01,2.81360E+01,8.52524E+01,8.52524E+01,8.52524E+01,8.52524E+01,8.52524E+01,8.52524E+01,8.52524E+01,8.52524E+01,8.52524E+01,8.52524E+01,8.52524E+01,8.52524E+01,8.52524E+01,8.52524E+01,8.52524E+01,8.52524E+01,8.52524E+01,8.52524E+01,8.52524E+01,2.81360E+01,8.52524E+01,8.52524E+01,8.52524E+01,8.52524E+01,8.52524E+01,2.81360E+01,2.31001E+01,4.08284E+01,8.52524E+01,8.52524E+01,8.52524E+01,1.37233E+01,8.52524E+01,2.26396E+00,8.52524E+01,8.52524E+01,8.52524E+01,1.37233E+01,8.52524E+01,8.52524E+01,8.52524E+01,8.52524E+01,6.68237E-01,8.52524E+01,8.52524E+01,8.52524E+01,8.52524E+01,8.52524E+01,8.52524E+01,8.52524E+01,8.52524E+01,3.12887E+00,8.52524E+01 
#t = 3.318E+03
8.52524E+01,8.52524E+01,8.52524E+01,8.52524E+01,8.52524E+01,8.52524E+01,8.52524E+01,8.52524E+01,8.52524E+01,2.81360E+01,2.81360E+01,8.52524E+01,8.52524E+01,8.52524E+01,2.81360E+01,8.52524E+01,8.52524E+01,8.52524E+01,8.52524E+01,8.52524E+01,5.32328E+00,8.52524E+01,8.52524E+01,8.52524E+01,8.52524E+01 
#t = 3.360E+03
8.52524E+01,8.52524E+01,8.52524E+01,8.52524E+01,8.52524E+01,8.52524E+01,8.52524E+01,8.52524E+01,8.52524E+01,8.52524E+01,8.52524E+01,8.52524E+01,8.52524E+01,8.52524E+01,8.52524E+01,8.52524E+01,8.52524E+01,1.63754E+01,8.52524E+01,8.52524E+01,8.52524E+01,8.52524E+01,8.52524E+01,8.52524E+01,8.52524E+01,8.52524E+01,8.52524E+01,8.52524E+01,8.52524E+01,8.52524E+01,8.52524E+01,8.52524E+01,8.52524E+01,8.52524E+01,8.52524E+01,8.52524E+01,5.60421E-02,8.52524E+01,8.52524E+01,8.52524E+01,8.52524E+01,8.52524E+01,8.52524E+01 
#t = 3.402E+03
8.52524E+01,8.52524E+01,8.52524E+01,8.52524E+01,8.52524E+01,8.52524E+01,8.52524E+01,8.52524E+01,8.52524E+01,8.52524E+01,8.52524E+01,8.52524E+01,8.52524E+01,8.52524E+01,8.52524E+01,8.52524E+01,8.52524E+01,8.52524E+01,8.52524E+01,8.52524E+01,8.52524E+01,8.52524E+01,8.52524E+01,8.52524E+01,8.52524E+01,8.52524E+01,8.52524E+01,8.52524E+01,8.52524E+01,8.52524E+01,2.89297E+00,8.52524E+01,6.35986E+00,8.52524E+01,8.52524E+01,8.52524E+01,7.33815E-01,8.52524E+01,8.52524E+01 
#t = 3.444E+03
8.52524E+01,8.52524E+01,8.52524E+01,8.52524E+01,8.52524E+01,8.52524E+01,8.52524E+01,8.52524E+01,8.52524E+01,8.52524E+01,8.52524E+01,2.33452E+01,8.52524E+01,8.52524E+01,8.52524E+01,8.52524E+01,8.52524E+01,8.52524E+01,8.52524E+01,8.52524E+01,8.52524E+01,8.52524E+01,8.52524E+01,8.52524E+01,8.52524E+01,1.19675E+01,8.52524E+01,8.52524E+01,8.52524E+01,8.52524E+01,8.52524E+01,8.52524E+01,8.52524E+01,8.52524E+01,8.52524E+01,8.52524E+01,8.52524E+01,8.52524E+01,8.52524E+01,8.52524E+01,8.52524E+01,8.52524E+01 
#t = 3.486E+03
8.52524E+01,8.52524E+01,8.52524E+01,8.52524E+01,2.33452E+01,8.52524E+01,8.52524E+01,8.52524E+01,8.52524E+01,8.52524E+01,8.52524E+01,1.05960E+01,8.52524E+01,8.52524E+01,8.52524E+01,8.52524E+01,8.52524E+01,1.36731E+01,8.52524E+01,8.52524E+01,8.52524E+01,2.33452E+01,8.52524E+01,8.52524E+01,8.52524E+01,8.52524E+01,8.52524E+01,8.52524E+01,8.52524E+01,8.52524E+01,8.52524E+01,8.52524E+01,8.52524E+01,8.52524E+01,8.52524E+01,8.52524E+01,8.52524E+01,8.52524E+01,8.52524E+01,8.52524E+01,2.33452E+01,8.52524E+01,8.52524E+01,2.33452E+01,5.00474E+00,8.52524E+01,8.52524E+01,8.52524E+01,1.60310E+00,8.52524E+01 
#t = 3.528E+03
8.52524E+01,8.52524E+01,2.33452E+01,8.52524E+01,8.52524E+01,8.52524E+01,8.52524E+01,8.52524E+01,8.52524E+01,8.52524E+01,8.52524E+01,8.52524E+01,8.52524E+01,2.33452E+01,2.33452E+01,8.52524E+01,2.33452E+01,8.52524E+01,2.33452E+01,8.52524E+01,8.52524E+01,2.33452E+01,2.88013E+00,8.52524E+01,9.97510E-01,2.33452E+01,8.52524E+01,8.52524E+01,8.52524E+01,8.52524E+01,3.57982E+00,2.33452E+01,8.52524E+01,8.52524E+01,8.52524E+01,1.36731E+01,1.51059E+00,8.52524E+01,8.52524E+01,8.52524E+01,1.36731E+01,7.68537E-01,8.52524E+01,8.52524E+01,8.52524E+01,8.52524E+01,1.47515E-01,2.33452E+01 
#t = 3.570E+03
8.52524E+01,8.52524E+01,8.52524E+01,2.33452E+01,8.52524E+01,8.52524E+01,8.52524E+01,1.36731E+01,8.52524E+01,8.52524E+01,8.52524E+01,8.52524E+01,8.52524E+01,8.52524E+01,8.52524E+01,8.52524E+01,8.52524E+01,8.52524E+01,8.52524E+01,8.52524E+01,8.52524E+01,8.52524E+01,8.52524E+01,3.21070E+00,8.52524E+01,8.52524E+01,8.52524E+01,1.36731E+01,8.52524E+01,1.36731E+01,8.52524E+01,8.52524E+01,8.52524E+01,8.52524E+01,8.52524E+01,8.52524E+01,1.36731E+01,8.52524E+01,8.52524E+01,8.52524E+01,3.32953E+00 
#t = 3.612E+03
8.52524E+01,8.52524E+01,8.52524E+01,8.52524E+01,8.52524E+01,8.52524E+01,8.52524E+01,8.52524E+01,8.52524E+01,8.52524E+01,8.52524E+01,2.44200E+01,8.52524E+01,8.52524E+01,8.52524E+01,8.52524E+01,8.52524E+01,8.52524E+01,8.52524E+01,8.52524E+01,8.52524E+01,8.52524E+01,8.52524E+01,8.52524E+01,1.07666E-01,8.52524E+01,8.71523E+00,8.52524E+01,8.52524E+01,8.52524E+01,8.52524E+01,8.52524E+01,8.52524E+01,8.52524E+01,8.52524E+01,8.52524E+01,4.19942E-01,8.52524E+01,4.57199E-01,8.52524E+01,8.52524E+01,8.52524E+01,8.52524E+01,8.52524E+01,3.00400E-01 
#t = 3.654E+03
8.52524E+01,8.71523E+00,8.52524E+01,8.52524E+01,8.52524E+01,8.52524E+01,8.52524E+01,8.52524E+01,8.52524E+01,8.52524E+01,8.52524E+01,8.52524E+01,8.52524E+01,8.52524E+01,8.52524E+01,8.52524E+01,8.52524E+01,8.52524E+01,8.52524E+01,8.52524E+01,8.52524E+01,8.52524E+01,8.52524E+01,8.52524E+01,5.29318E-01,8.52524E+01,8.52524E+01,8.12010E+00,8.52524E+01,8.52524E+01,8.52524E+01,8.52524E+01,8.52524E+01,8.52524E+01,8.52524E+01,8.52524E+01,8.52524E+01,8.52524E+01,8.52524E+01,2.06125E-01,8.52524E+01,8.52524E+01 
#t = 3.696E+03
8.52524E+01,8.52524E+01,8.52524E+01,8.52524E+01,8.52524E+01,8.52524E+01,8.52524E+01,8.52524E+01,8.52524E+01,8.52524E+01,8.52524E+01,8.52524E+01,8.52524E+01,8.52524E+01,8.52524E+01,8.52524E+01,8.52524E+01,8.52524E+01,8.52524E+01,8.52524E+01,8.52524E+01,8.52524E+01,8.52524E+01,8.52524E+01,1.06742E+01,8.52524E+01,8.52524E+01,8.52524E+01,8.52524E+01,8.52524E+01,8.52524E+01,8.52524E+01,8.52524E+01,8.52524E+01,8.52524E+01,8.52524E+01,8.52524E+01,8.52524E+01,8.52524E+01,8.52524E+01,8.52524E+01,8.52524E+01 
#t = 3.738E+03
8.52524E+01,8.52524E+01,8.52524E+01,8.52524E+01,8.52524E+01,8.52524E+01,8.52524E+01,8.52524E+01,8.52524E+01,8.52524E+01,8.52524E+01,8.52524E+01,8.52524E+01,8.52524E+01,8.52524E+01,8.52524E+01,8.52524E+01,8.52524E+01,8.52524E+01,1.39658E+01,8.52524E+01,8.52524E+01,8.52524E+01,8.52524E+01,8.52524E+01,8.52524E+01,8.52524E+01,8.52524E+01,8.52524E+01,1.53173E+00,8.52524E+01,1.39658E+01,2.71768E-01,8.52524E+01,8.52524E+01,8.52524E+01,8.52524E+01,8.52524E+01,8.52524E+01,8.52524E+01,8.52524E+01,8.52524E+01,8.52524E+01 
#t = 3.780E+03
8.52524E+01,8.52524E+01,8.52524E+01,8.52524E+01,8.52524E+01,8.52524E+01,8.52524E+01,8.52524E+01,8.52524E+01,3.29843E+01,8.52524E+01,8.52524E+01,8.52524E+01,8.52524E+01,8.52524E+01,8.52524E+01,3.29843E+01,8.52524E+01,8.52524E+01,8.52524E+01,8.52524E+01,8.52524E+01,8.52524E+01,8.52524E+01,8.52524E+01,8.52524E+01,8.52524E+01,8.52524E+01,8.52524E+01,8.52524E+01,8.52524E+01,8.52524E+01,3.29843E+01,8.52524E+01,5.41079E+01,8.52524E+01,9.53918E+00,8.52524E+01,8.52524E+01,8.52524E+01,8.52524E+01,8.52524E+01,8.52524E+01 
#t = 3.822E+03
8.52524E+01,3.29843E+01,8.52524E+01,8.52524E+01,8.52524E+01,8.52524E+01,8.52524E+01,8.52524E+01,8.52524E+01,8.63456E+00,8.52524E+01,8.52524E+01,3.29843E+01,8.52524E+01,2.94801E+01,8.52524E+01,8.52524E+01,8.52524E+01,8.52524E+01,5.25444E+00,8.77568E+00,2.94801E+01,8.52524E+01,8.52524E+01,8.52524E+01,8.52524E+01,8.52524E+01,8.52524E+01,8.52524E+01,8.52524E+01,8.52524E+01,8.52524E+01,8.52524E+01 
#t = 3.864E+03
3.29843E+01,8.52524E+01,8.52524E+01,8.52524E+01,8.52524E+01,3.29843E+01,8.52524E+01,8.52524E+01,8.52524E+01,8.52524E+01,8.52524E+01,3.29843E+01,3.29843E+01,4.08609E+01,8.52524E+01,8.52524E+01,8.52524E+01,8.52524E+01,8.52524E+01,8.52524E+01,8.52524E+01,8.52524E+01,4.08609E+01,4.08609E+01,4.08609E+01,8.52524E+01,1.90685E+01,8.52524E+01,8.52524E+01,1.17962E-01,8.52524E+01,8.52524E+01,8.52524E+01,3.29843E+01,8.52524E+01,8.52524E+01,3.29843E+01,8.52524E+01,3.29843E+01,8.52524E+01,8.52524E+01,8.52524E+01,2.28731E+00,8.52524E+01,8.52524E+01,8.52524E+01,1.44443E+00,8.52524E+01,8.52524E+01 
#t = 3.906E+03
8.52524E+01,8.52524E+01,8.52524E+01,1.90685E+01,8.52524E+01,8.52524E+01,8.52524E+01,4.08609E+01,8.52524E+01,8.52524E+01,1.90685E+01,8.52524E+01,8.52524E+01,8.52524E+01,8.52524E+01,8.52524E+01,8.52524E+01,8.52524E+01,1.90685E+01,8.52524E+01,1.90685E+01,8.52524E+01,8.52524E+01,8.52524E+01,1.90685E+01,8.52524E+01,8.52524E+01,1.90685E+01,8.52524E+01,8.52524E+01,8.52524E+01,8.52524E+01,8.52524E+01,3.29843E+01,8.52524E+01,8.52524E+01,1.90685E+01,8.52524E+01,1.90685E+01,8.52524E+01,8.52524E+01,8.52524E+01,8.52524E+01,8.52524E+01,8.52524E+01,9.26644E-01,8.52524E+01,8.52524E+01,8.52524E+01,4.08609E+01,6.02628E-01,8.52524E+01,8.52524E+01 
#t = 3.948E+03
1.90685E+01,8.52524E+01,8.52524E+01,8.52524E+01,8.52524E+01,1.90685E+01,8.52524E+01,8.52524E+01,4.08609E+01,8.52524E+01,8.52524E+01,8.52524E+01,8.52524E+01,8.52524E+01,8.52524E+01,8.52524E+01,8.52524E+01,4.08609E+01,8.52524E+01,8.52524E+01,8.52524E+01,8.52524E+01,8.52524E+01,8.52524E+01,8.52524E+01,8.52524E+01,8.52524E+01,8.52524E+01,8.52524E+01,8.52524E+01,1.90685E+01,1.90685E+01,6.49134E-01,3.51391E-01,8.52524E+01,1.09289E+00,8.52524E+01,8.52524E+01,8.52524E+01,8.52524E+01 
#t = 3.990E+03
8.52524E+01,8.52524E+01,8.52524E+01,8.52524E+01,8.52524E+01,8.52524E+01,4.08609E+01,8.27265E+00,8.52524E+01,8.52524E+01,8.52524E+01,8.52524E+01,8.52524E+01,8.52524E+01,8.52524E+01,8.52524E+01,8.52524E+01,4.08609E+01,8.52524E+01,8.52524E+01,8.52524E+01,3.85539E-01,8.52524E+01,1.90685E+01,4.08609E+01,8.52524E+01,8.52524E+01,4.08609E+01,1.04293E+00,8.52524E+01,4.08609E+01,4.08609E+01,8.52524E+01,7.98867E+00,8.52524E+01,8.52524E+01,8.52524E+01,1.90685E+01,2.70464E+00,8.52524E+01,8.52524E+01,8.52524E+01,5.29859E-01,8.52524E+01,8.52524E+01,8.52524E+01 
#t = 4.032E+03
1.90685E+01,4.08609E+01,8.52524E+01,8.52524E+01,8.52524E+01,8.52524E+01,8.52524E+01,8.52524E+01,8.52524E+01,8.52524E+01,8.52524E+01,4.08609E+01,8.52524E+01,8.52524E+01,4.08609E+01,8.52524E+01,1.17186E+01,6.97683E-01,8.52524E+01,8.52524E+01,8.52524E+01,4.08609E+01,8.52524E+01,1.46735E+01,8.52524E+01,8.52524E+01,8.52524E+01,8.52524E+01,4.08609E+01,8.52524E+01 
#t = 4.074E+03
8.52524E+01,8.52524E+01,1.46735E+01,8.52524E+01,8.52524E+01,8.52524E+01,8.52524E+01,8.52524E+01,8.52524E+01,8.52524E+01,8.52524E+01,1.46735E+01,8.52524E+01,8.52524E+01,8.52524E+01,8.52524E+01,8.52524E+01,8.52524E+01,8.52524E+01,8.52524E+01,8.52524E+01,8.52524E+01,8.52524E+01,8.52524E+01,4.08609E+01,8.52524E+01,8.52524E+01,8.52524E+01,8.52524E+01,8.52524E+01,1.46735E+01,8.52524E+01,8.52524E+01,8.52524E+01,8.52524E+01,8.52524E+01,1.46735E+01,8.52524E+01,8.52524E+01,8.52524E+01,8.52524E+01,8.52524E+01,4.11287E+00,8.52524E+01,8.52524E+01,5.33184E+00,5.51137E+00 
#t = 4.116E+03
8.52524E+01,8.52524E+01,8.52524E+01,8.52524E+01,8.52524E+01,1.46735E+01,8.52524E+01,1.46735E+01,8.52524E+01,8.52524E+01,1.08420E+01,8.52524E+01,8.52524E+01,8.52524E+01,1.46735E+01,8.52524E+01,8.52524E+01,8.52524E+01,1.46735E+01,8.52524E+01,8.52524E+01,8.52524E+01,8.52524E+01,8.52524E+01,8.52524E+01,8.52524E+01,8.52524E+01,1.46735E+01,8.52524E+01,3.20969E+00,8.52524E+01,8.52524E+01,8.52524E+01,8.52524E+01,1.89245E-01,8.52524E+01,8.52524E+01,8.52524E+01,1.42672E+00,8.52524E+01,3.77598E+00,8.52524E+01,6.66861E-01 
#t = 4.158E+03
8.52524E+01,1.46735E+01,8.52524E+01,8.52524E+01,8.52524E+01,8.52524E+01,8.52524E+01,8.52524E+01,8.52524E+01,8.52524E+01,8.52524E+01,8.52524E+01,7.19445E+00,8.52524E+01,8.52524E+01,8.52524E+01,8.52524E+01,8.52524E+01,8.52524E+01,8.52524E+01,8.52524E+01,8.52524E+01,8.52524E+01,8.52524E+01,8.52524E+01,8.52524E+01,8.52524E+01,8.52524E+01,8.52524E+01,8.52524E+01,8.52524E+01,8.52524E+01,8.52524E+01,8.52524E+01,8.52524E+01,8.52524E+01,8.52524E+01,8.52524E+01,8.52524E+01,8.52524E+01,8.52524E+01,8.52524E+01,8.52524E+01,1.80304E+00,8.52524E+01,8.52524E+01,8.52524E+01 
#t = 4.200E+03
8.52524E+01,8.52524E+01,8.52524E+01,8.52524E+01,8.52524E+01,8.52524E+01,8.52524E+01,8.52524E+01,8.52524E+01,8.52524E+01,8.52524E+01,8.52524E+01,8.52524E+01,8.52524E+01,8.52524E+01,8.52524E+01,5.99197E+00,8.52524E+01,8.52524E+01,8.52524E+01,8.52524E+01,8.52524E+01,8.52524E+01,8.52524E+01,8.52524E+01,8.52524E+01,8.52524E+01,8.52524E+01,8.52524E+01,8.52524E+01,8.52524E+01,8.52524E+01,8.52524E+01,8.52524E+01,8.52524E+01,8.52524E+01,8.52524E+01,5.76173E-01,8.52524E+01,3.75446E-01 
