#t = 0.000E+00
2.33786E-01,8.96054E-01,5.24961E+00,4.29823E+00,1.08260E+00 
#t = 4.200E+01
2.40878E+01,1.00829E+01,2.67526E+00,1.35197E+01,6.20839E+00,1.35197E+01,2.40878E+01,2.40878E+01 
#t = 8.400E+01
2.40878E+01,2.40878E+01,1.14932E+01,2.40878E+01,2.40878E+01,2.40878E+01,2.40878E+01,2.40878E+01,2.40878E+01,2.40878E+01,2.40878E+01,2.76097E+00 
#t = 1.260E+02
2.40878E+01,2.40878E+01,2.40878E+01,2.40878E+01,2.40878E+01,1.14932E+01,1.14932E+01,2.40878E+01,1.14932E+01,2.40878E+01,2.40878E+01,2.40878E+01,2.40878E+01,2.40878E+01,2.40878E+01,2.40878E+01,2.40878E+01,1.14932E+01,2.40878E+01,1.06794E+01 
#t = 1.680E+02
2.40878E+01,2.40878E+01,2.40878E+01,2.40878E+01,2.40878E+01,2.40878E+01,2.40878E+01,1.56690E+01,2.40878E+01,2.40878E+01,2.40878E+01,2.40878E+01,2.40878E+01,2.40878E+01,2.40878E+01,5.43906E+00,2.40878E+01,2.40878E+01,2.40878E+01,2.40878E+01,2.40878E+01,2.40878E+01,2.40878E+01,6.42759E-02,2.40878E+01,7.71262E+00,2.40878E+01,2.40878E+01,2.40878E+01 
#t = 2.100E+02
2.40878E+01,2.40878E+01,2.40878E+01,2.40878E+01,2.40878E+01,2.40878E+01,2.40878E+01,2.40878E+01,2.40878E+01,2.40878E+01,2.40878E+01,2.40878E+01,2.40878E+01,2.40878E+01,2.40878E+01,2.40878E+01,2.40878E+01,2.40878E+01,2.40878E+01,2.40878E+01,8.64206E-01,2.40878E+01,2.40878E+01,2.40878E+01,2.40878E+01,2.40878E+01,2.40878E+01,4.05216E-01 
#t = 2.520E+02
2.40878E+01,2.40878E+01,2.40878E+01,2.40878E+01,2.40878E+01,2.40878E+01,2.40878E+01,2.40878E+01,2.40878E+01,2.40878E+01,2.40878E+01,2.40878E+01,2.40878E+01,2.40878E+01,2.40878E+01,2.40878E+01,2.40878E+01,2.40878E+01,2.40878E+01,2.40878E+01,2.40878E+01,2.40878E+01,2.04308E-01 
#t = 2.940E+02
2.40878E+01,2.40878E+01,2.40878E+01,2.40878E+01,2.40878E+01,2.40878E+01,2.40878E+01,2.40878E+01,2.40878E+01,2.40878E+01,2.40878E+01,2.40878E+01,2.40878E+01,2.40878E+01,2.40878E+01,2.40878E+01,2.40878E+01,2.40878E+01,2.40878E+01,2.40878E+01,2.40878E+01,2.40878E+01,2.40878E+01,2.40878E+01,2.40878E+01,7.07783E-01,2.40878E+01 
#t = 3.360E+02
2.40878E+01,2.40878E+01,2.40878E+01,2.40878E+01,2.40878E+01,2.40878E+01,2.01713E+01,2.40878E+01,2.40878E+01,2.40878E+01,2.40878E+01,2.40878E+01,2.01713E+01,2.40878E+01,2.01713E+01,2.01713E+01,5.21187E+00,1.00434E+01,2.40878E+01,6.67316E+00,2.01713E+01,2.40878E+01,2.40878E+01,2.01713E+01,2.01713E+01,4.32291E+00,2.18739E+01,2.40878E+01,2.40878E+01 
#t = 3.780E+02
2.40878E+01,2.01713E+01,2.40878E+01,2.40878E+01,2.01713E+01,2.01713E+01,2.40878E+01,2.40878E+01,2.40878E+01,2.01713E+01,2.40878E+01,2.01713E+01,2.40878E+01,2.40878E+01,2.40878E+01,2.40878E+01,2.40878E+01,2.40878E+01,2.01713E+01,2.40878E+01,2.40878E+01,9.18130E-01,1.26933E+00 
#t = 4.200E+02
2.01713E+01,2.40878E+01,2.40878E+01,2.40878E+01,2.40878E+01,2.40878E+01,2.40878E+01,2.40878E+01,2.40878E+01,2.40878E+01,2.40878E+01,2.40878E+01,2.40878E+01,2.40878E+01,2.40878E+01,2.40878E+01,2.40878E+01,2.40878E+01,2.40878E+01,2.40878E+01,2.40878E+01,2.73424E+00,2.40878E+01 
#t = 4.620E+02
2.40878E+01,2.40878E+01,2.40878E+01,2.40878E+01,2.40878E+01,3.11337E+01,2.40878E+01,3.11337E+01,2.40878E+01,2.40878E+01,2.40878E+01,2.40878E+01,2.40878E+01,1.33778E+01,2.40878E+01,2.40878E+01,2.40878E+01,2.40878E+01,2.40878E+01,2.40878E+01,2.40878E+01 
#t = 5.040E+02
3.11337E+01,2.40878E+01,2.40878E+01,2.40878E+01,3.11337E+01,2.40878E+01,2.40878E+01,2.40878E+01,3.11337E+01,2.40878E+01,3.11337E+01,2.40878E+01,2.40878E+01,3.11337E+01,2.05603E+01,2.40878E+01,3.11337E+01,2.40878E+01,2.40878E+01,3.11337E+01,2.40878E+01,3.11337E+01,1.50717E+00,2.40878E+01,2.40878E+01 
#t = 5.460E+02
2.40878E+01,2.40878E+01,2.40878E+01,7.54285E+01,7.54285E+01,2.40878E+01,7.54285E+01,7.54285E+01,7.54285E+01,7.54285E+01,7.54285E+01,2.40878E+01,2.40878E+01,2.40878E+01,6.38708E+00,2.40878E+01,1.01385E+02,4.28621E-01,1.83820E-01 
#t = 5.880E+02
2.40878E+01,7.54285E+01,7.54285E+01,7.54285E+01,2.40878E+01,1.01385E+02,7.54285E+01,7.54285E+01,7.54285E+01,2.40878E+01,7.54285E+01,1.01385E+02,7.54285E+01,5.66315E+01,2.40878E+01,7.54285E+01,7.54285E+01,1.01385E+02,1.01385E+02,7.54285E+01,1.01385E+02,2.40878E+01,2.40878E+01,7.80510E+00,7.54285E+01,7.54285E+01,5.66315E+01,1.01385E+02,1.01385E+02,2.40878E+01,7.54285E+01,7.54285E+01,2.40878E+01,1.01385E+02,1.01385E+02,1.01385E+02,2.40878E+01,4.32737E+00,2.40878E+01,1.01385E+02 
#t = 6.300E+02
7.54285E+01,7.54285E+01,5.66315E+01,7.54285E+01,7.54285E+01,7.54285E+01,7.54285E+01,7.54285E+01,5.66315E+01,2.40878E+01,7.54285E+01,7.54285E+01,7.54285E+01,7.54285E+01,7.54285E+01,7.54285E+01,2.40878E+01,3.92345E+01,7.54285E+01,7.54285E+01,1.61561E+01,1.61561E+01,3.92345E+01,7.54285E+01,7.54285E+01,2.16930E+01,2.40878E+01,7.54285E+01,7.54285E+01,3.92345E+01,2.40878E+01,7.54285E+01,7.54285E+01,5.66315E+01,7.54285E+01,7.54285E+01,7.54285E+01,1.15625E+01,7.54285E+01,7.54285E+01,7.54285E+01,1.69984E+00,7.54285E+01,7.91712E-01,7.54285E+01,7.54285E+01,7.54285E+01,1.97550E+00,1.55412E+00 
#t = 6.720E+02
7.54285E+01,7.54285E+01,2.16930E+01,1.61561E+01,7.54285E+01,7.54285E+01,7.54285E+01,7.54285E+01,7.54285E+01,7.54285E+01,7.54285E+01,1.61561E+01,7.54285E+01,7.54285E+01,7.54285E+01,1.61561E+01,7.54285E+01,7.54285E+01,7.54285E+01,7.54285E+01,7.54285E+01,1.84297E+01,7.54285E+01,7.54285E+01,7.54285E+01,7.54285E+01,1.61561E+01,7.54285E+01 
#t = 7.140E+02
7.54285E+01,7.54285E+01,7.54285E+01,7.54285E+01,1.25844E+01,7.54285E+01,7.54285E+01,7.54285E+01,7.54285E+01,7.54285E+01,7.54285E+01,7.54285E+01,1.25844E+01,7.54285E+01,7.54285E+01,7.54285E+01,7.54285E+01,7.54285E+01,7.54285E+01,1.61561E+01,7.54285E+01,7.54285E+01,7.54285E+01,7.54285E+01,7.54285E+01,7.54285E+01,7.54285E+01,7.54285E+01,4.88350E-01,7.54285E+01,7.54285E+01,5.21174E-01,9.93297E+01,7.54285E+01,1.61561E+01,6.07397E+00 
#t = 7.560E+02
7.54285E+01,7.54285E+01,7.54285E+01,7.54285E+01,7.54285E+01,7.54285E+01,7.54285E+01,7.54285E+01,7.54285E+01,7.54285E+01,7.54285E+01,7.54285E+01,5.89146E+01,7.54285E+01,7.54285E+01,7.54285E+01,7.54285E+01,7.54285E+01,7.54285E+01,7.54285E+01,7.54285E+01,7.54285E+01,7.54285E+01,5.89146E+01,7.54285E+01,7.54285E+01,7.54285E+01,7.54285E+01,7.54285E+01,7.54285E+01,5.89146E+01,7.54285E+01,9.31917E-01,7.54285E+01,7.54285E+01,5.89146E+01,5.89146E+01,7.54285E+01,7.54285E+01,5.89146E+01 
#t = 7.980E+02
7.54285E+01,5.89146E+01,7.54285E+01,7.54285E+01,7.54285E+01,7.54285E+01,3.27432E+01,7.54285E+01,7.54285E+01,7.54285E+01,7.54285E+01,7.54285E+01,7.54285E+01,7.54285E+01,7.54285E+01,7.54285E+01,7.54285E+01,7.54285E+01,7.54285E+01,7.54285E+01,7.54285E+01,7.54285E+01,7.54285E+01,7.54285E+01,7.54285E+01,5.89146E+01,7.54285E+01,7.54285E+01,7.54285E+01,7.54285E+01,7.54285E+01,7.54285E+01,7.54285E+01,7.54285E+01,7.54285E+01,7.54285E+01 
#t = 8.400E+02
7.54285E+01,7.54285E+01,5.89146E+01,7.54285E+01,7.54285E+01,7.54285E+01,7.54285E+01,7.54285E+01,7.54285E+01,7.54285E+01,5.89146E+01,7.54285E+01,7.54285E+01,7.54285E+01,7.54285E+01,7.54285E+01,7.54285E+01,7.54285E+01,7.54285E+01,7.54285E+01,7.54285E+01,7.54285E+01,7.54285E+01,7.54285E+01,5.89146E+01,7.54285E+01,7.54285E+01,9.29551E+00,1.87748E+01,7.54285E+01,7.54285E+01,1.35680E+01,7.54285E+01,7.54285E+01,7.54285E+01,7.54285E+01,7.54285E+01,7.54285E+01,4.96336E+00,7.54285E+01,7.54285E+01,7.54285E+01,7.54285E+01,5.89146E+01,7.54285E+01,9.54365E-01,7.54285E+01 
#t = 8.820E+02
7.54285E+01,7.54285E+01,7.54285E+01,7.54285E+01,7.54285E+01,7.54285E+01,7.54285E+01,7.54285E+01,7.54285E+01,5.89146E+01,5.89146E+01,7.54285E+01,7.54285E+01,7.54285E+01,3.81152E+01,4.39357E+01,2.07013E+01,7.54285E+01,1.35680E+01,7.54285E+01,7.54285E+01,7.54285E+01,7.54285E+01,7.54285E+01,7.54285E+01,7.54285E+01,3.99144E+00,7.54285E+01,7.54285E+01,7.54285E+01,7.54285E+01,7.54285E+01,7.54285E+01,2.07013E+01,7.54285E+01,7.54285E+01,7.54285E+01,7.54285E+01,7.54285E+01,7.54285E+01,7.54285E+01,7.54285E+01,5.89146E+01,7.54285E+01,7.54285E+01,7.54285E+01,1.20192E+01,6.76166E+01,7.54285E+01,6.76166E+01,2.07013E+01,7.54285E+01,7.54285E+01,2.07013E+01,1.20192E+01,4.39357E+01,7.54285E+01,2.07013E+01,7.54285E+01,7.54285E+01,7.54285E+01,2.07013E+01,7.54285E+01 
#t = 9.240E+02
3.81152E+01,4.39357E+01,7.54285E+01,7.54285E+01,7.54285E+01,7.54285E+01,7.54285E+01,5.89146E+01,7.54285E+01,7.54285E+01,4.39357E+01,2.07013E+01,7.54285E+01,7.54285E+01,7.54285E+01,7.54285E+01,7.54285E+01,7.54285E+01,2.07013E+01,7.54285E+01,7.54285E+01,7.54285E+01,7.54285E+01,7.54285E+01,2.07013E+01,7.54285E+01,7.54285E+01,7.54285E+01,7.54285E+01,7.54285E+01,7.54285E+01,7.54285E+01,7.54285E+01,3.40867E-01,2.07013E+01,1.33749E+00,7.54285E+01,1.93130E+00,7.54285E+01 
#t = 9.660E+02
7.54285E+01,7.54285E+01,7.54285E+01,7.54285E+01,7.54285E+01,7.54285E+01,7.54285E+01,7.54285E+01,7.54285E+01,7.54285E+01,7.54285E+01,5.89146E+01,7.54285E+01,7.54285E+01,7.54285E+01,7.54285E+01,7.54285E+01,7.54285E+01,3.81152E+01,7.54285E+01,7.54285E+01,3.81152E+01,7.54285E+01,5.89146E+01,7.54285E+01,7.54285E+01,7.54285E+01,7.63783E+00,7.54285E+01,7.54285E+01,7.54285E+01,7.54285E+01,7.54285E+01,2.93873E+01,7.54285E+01,7.54285E+01,4.17624E-01,7.54285E+01,3.81152E+01,8.00232E+00,7.54285E+01 
#t = 1.008E+03
7.54285E+01,7.54285E+01,7.54285E+01,7.54285E+01,7.54285E+01,7.54285E+01,7.54285E+01,5.89146E+01,1.60928E+01,7.54285E+01,7.54285E+01,7.54285E+01,7.54285E+01,7.54285E+01,1.60928E+01,7.54285E+01,7.54285E+01,7.54285E+01,7.54285E+01,7.54285E+01,7.54285E+01,7.54285E+01,7.54285E+01,1.54889E+00,6.58034E+00,7.54285E+01,7.54285E+01,7.54285E+01,7.54285E+01,7.54285E+01,3.26752E+00,7.54285E+01,9.14759E+00,5.89146E+01,7.54285E+01,7.54285E+01,7.54285E+01,7.54285E+01,7.54285E+01,7.54285E+01,7.54285E+01 
#t = 1.050E+03
7.54285E+01,7.54285E+01,7.54285E+01,7.54285E+01,7.54285E+01,7.54285E+01,7.54285E+01,7.54285E+01,7.54285E+01,7.54285E+01,1.78047E+01,7.54285E+01,7.54285E+01,7.54285E+01,7.54285E+01,7.54285E+01,7.54285E+01,7.54285E+01,7.54285E+01,7.54285E+01,7.54285E+01,7.54285E+01,7.54285E+01,7.54285E+01,7.54285E+01,7.54285E+01,7.54285E+01,7.54285E+01,7.54285E+01,7.54285E+01,7.54285E+01,7.54285E+01,7.54285E+01,7.54285E+01,7.54285E+01,7.54285E+01,1.07939E-01,7.54285E+01,7.54285E+01,7.54285E+01,7.54285E+01,7.54285E+01,7.54285E+01,1.30725E+00 
#t = 1.092E+03
7.54285E+01,7.54285E+01,7.54285E+01,2.96856E+01,7.54285E+01,7.54285E+01,7.54285E+01,7.54285E+01,7.54285E+01,7.54285E+01,7.54285E+01,7.54285E+01,7.54285E+01,7.54285E+01,7.54285E+01,7.54285E+01,7.54285E+01,7.54285E+01,7.54285E+01,7.54285E+01,7.54285E+01,7.54285E+01,7.54285E+01,7.54285E+01,7.54285E+01,7.54285E+01,7.54285E+01,7.54285E+01,7.54285E+01,7.54285E+01,7.54285E+01,7.54285E+01,2.19240E+00,7.54285E+01,7.54285E+01,7.54285E+01,7.54285E+01 
#t = 1.134E+03
7.54285E+01,7.54285E+01,7.54285E+01,7.54285E+01,7.54285E+01,7.54285E+01,7.54285E+01,7.54285E+01,7.54285E+01,7.54285E+01,7.54285E+01,7.54285E+01,7.54285E+01,7.54285E+01,7.54285E+01,7.54285E+01,7.54285E+01,7.54285E+01,7.54285E+01,7.54285E+01,7.54285E+01,7.54285E+01,7.54285E+01,7.54285E+01,7.54285E+01,7.54285E+01,7.54285E+01,7.54285E+01,7.54285E+01,7.54285E+01,7.54285E+01,7.54285E+01,7.54285E+01,7.54285E+01,7.54285E+01,7.54285E+01,7.54285E+01,7.54285E+01,7.54285E+01,7.54285E+01,7.54285E+01,7.54285E+01,7.54285E+01,7.54285E+01,7.54285E+01,5.44345E-01 
#t = 1.176E+03
7.54285E+01,7.54285E+01,7.54285E+01,7.54285E+01,7.54285E+01,7.54285E+01,7.54285E+01,7.54285E+01,7.54285E+01,7.54285E+01,7.54285E+01,7.54285E+01,7.54285E+01,7.54285E+01,7.54285E+01,7.54285E+01,7.54285E+01,7.54285E+01,7.54285E+01,7.54285E+01,7.54285E+01,7.54285E+01,7.54285E+01,1.51375E+01,7.54285E+01,7.54285E+01,7.54285E+01,7.54285E+01,7.54285E+01,7.54285E+01,7.54285E+01,7.54285E+01,7.54285E+01,7.54285E+01,7.54285E+01,7.54285E+01,7.54285E+01,7.54285E+01,7.54285E+01,7.54285E+01,7.54285E+01,7.54285E+01,7.54285E+01,7.54285E+01,7.54285E+01,7.54285E+01,7.54285E+01,3.65699E+00,7.54285E+01,7.54285E+01,7.54285E+01,7.54285E+01,7.54285E+01,7.54285E+01,7.54285E+01,2.78122E+00 
#t = 1.218E+03
7.54285E+01,7.54285E+01,7.54285E+01,7.54285E+01,7.54285E+01,7.54285E+01,7.54285E+01,7.54285E+01,7.54285E+01,7.54285E+01,2.07942E+01,2.07942E+01,7.54285E+01,7.54285E+01,7.54285E+01,7.54285E+01,7.54285E+01,7.54285E+01,7.54285E+01,7.54285E+01,7.54285E+01,7.54285E+01,7.54285E+01,7.54285E+01,7.54285E+01,2.07942E+01,7.54285E+01,7.54285E+01,7.54285E+01,7.54285E+01,2.07942E+01,7.54285E+01,7.54285E+01,7.54285E+01,5.29099E+00,7.54285E+01,2.80544E+01,7.54285E+01,7.54285E+01,9.24307E+00,2.07942E+01,7.54285E+01,3.55696E+00,1.13275E+01,1.22555E+00 
#t = 1.260E+03
7.54285E+01,7.54285E+01,2.07942E+01,7.54285E+01,7.54285E+01,7.54285E+01,7.54285E+01,7.54285E+01,7.54285E+01,7.54285E+01,7.54285E+01,7.54285E+01,7.54285E+01,7.54285E+01,7.54285E+01,2.07942E+01,2.07942E+01,7.54285E+01,7.54285E+01,7.54285E+01,7.54285E+01,7.54285E+01,7.54285E+01,7.54285E+01,1.99701E+00,2.07942E+01,7.54285E+01,7.54285E+01,7.54285E+01,7.54285E+01,7.54285E+01,7.54285E+01,1.44086E-01,7.54285E+01,7.54285E+01,7.54285E+01,7.54285E+01,7.54285E+01,7.54285E+01,7.54285E+01,2.07942E+01,7.54285E+01,7.54285E+01,7.54285E+01,7.54285E+01,7.54285E+01,2.07942E+01,2.07942E+01,7.54285E+01 
#t = 1.302E+03
2.07942E+01,2.07942E+01,7.54285E+01,7.54285E+01,2.07942E+01,7.54285E+01,7.54285E+01,7.54285E+01,7.54285E+01,2.07942E+01,2.07942E+01,7.54285E+01,2.07942E+01,7.54285E+01,1.09117E+01,7.54285E+01,7.54285E+01,7.54285E+01,7.54285E+01,2.07942E+01,7.54285E+01,7.54285E+01,7.54285E+01,7.54285E+01,7.54285E+01,2.07942E+01,7.54285E+01,7.54285E+01,2.07942E+01,7.54285E+01,7.54285E+01,2.07942E+01,2.07942E+01,7.54285E+01,2.07942E+01,7.54285E+01,7.54285E+01,7.54285E+01,7.54285E+01,7.54285E+01,2.07942E+01,7.54285E+01,2.07942E+01,7.54285E+01,7.54285E+01,7.54285E+01,7.54285E+01,7.54285E+01,7.54285E+01,2.07942E+01,7.54285E+01 
#t = 1.344E+03
7.54285E+01,2.07942E+01,7.54285E+01,7.54285E+01,1.12790E+01,7.54285E+01,7.54285E+01,7.54285E+01,7.54285E+01,7.54285E+01,7.54285E+01,7.54285E+01,7.54285E+01,7.54285E+01,7.54285E+01,7.54285E+01,7.54285E+01,7.54285E+01,7.54285E+01,7.54285E+01,7.54285E+01,7.54285E+01,7.54285E+01,7.54285E+01,7.54285E+01,7.54285E+01,7.54285E+01,7.54285E+01,7.54285E+01,7.54285E+01,7.54285E+01 
#t = 1.386E+03
7.54285E+01,7.54285E+01,7.54285E+01,7.54285E+01,7.54285E+01,7.54285E+01,7.54285E+01,7.54285E+01,7.54285E+01,7.54285E+01,7.54285E+01,7.54285E+01,7.54285E+01,7.54285E+01,7.54285E+01,7.54285E+01,7.54285E+01,7.54285E+01,7.54285E+01,8.58386E+00,7.54285E+01,7.54285E+01,7.54285E+01,7.54285E+01,7.54285E+01,7.54285E+01,9.81163E+00,7.54285E+01,7.54285E+01,7.54285E+01,7.54285E+01,7.54285E+01,7.54285E+01,7.54285E+01,7.54285E+01,7.54285E+01,7.54285E+01,1.55117E+01,7.54285E+01,7.54285E+01,7.54285E+01,7.54285E+01,7.54285E+01,7.54285E+01,7.54285E+01,7.54285E+01,1.90306E+00,7.54285E+01,7.54285E+01,7.54285E+01 
#t = 1.428E+03
7.54285E+01,7.54285E+01,7.54285E+01,7.54285E+01,7.54285E+01,7.54285E+01,7.54285E+01,7.54285E+01,7.54285E+01,7.54285E+01,7.54285E+01,9.94871E+00,7.54285E+01,2.02525E+01,1.19549E+01,7.54285E+01,7.54285E+01,7.54285E+01,7.54285E+01,7.54285E+01,7.54285E+01,7.54285E+01,7.54285E+01,7.54285E+01,7.54285E+01,2.02525E+01,7.54285E+01,7.54285E+01,7.54285E+01,1.18929E+01,7.54285E+01,7.54285E+01,7.54285E+01,7.54285E+01,3.04348E+01,7.54285E+01,7.54285E+01,7.54285E+01,7.54285E+01,7.54285E+01,7.54285E+01,8.13329E-01,1.18929E+01,7.54285E+01,7.54285E+01,1.19549E+01 
#t = 1.470E+03
7.54285E+01,7.54285E+01,7.54285E+01,7.54285E+01,7.54285E+01,7.54285E+01,7.54285E+01,7.54285E+01,7.54285E+01,7.54285E+01,7.54285E+01,7.54285E+01,7.54285E+01,7.54285E+01,7.54285E+01,7.27928E+00,7.54285E+01,1.19549E+01,7.54285E+01,7.54285E+01,7.54285E+01,7.54285E+01,7.54285E+01,7.54285E+01,7.54285E+01,7.54285E+01,7.54285E+01,7.54285E+01,7.54285E+01,7.54285E+01,3.04348E+01,7.54285E+01,7.54285E+01,7.54285E+01,7.54285E+01,7.54285E+01,7.54285E+01,7.54285E+01,7.54285E+01,1.19549E+01,7.54285E+01,7.54285E+01 
#t = 1.512E+03
3.04348E+01,7.54285E+01,7.54285E+01,1.19549E+01,7.54285E+01,7.54285E+01,7.54285E+01,7.54285E+01,7.54285E+01,7.54285E+01,1.19549E+01,7.54285E+01,7.54285E+01,7.54285E+01,7.54285E+01,7.54285E+01,7.54285E+01,7.54285E+01,7.54285E+01,7.54285E+01,7.54285E+01,7.54285E+01,7.54285E+01,7.54285E+01,7.54285E+01,7.54285E+01,7.54285E+01,7.54285E+01,7.54285E+01,7.54285E+01,7.54285E+01,7.54285E+01,7.54285E+01,7.54285E+01,7.54285E+01,7.54285E+01,7.98174E+00,7.54285E+01,7.54285E+01,1.19798E+00,7.54285E+01,9.31242E-01,7.54285E+01,5.84945E+00,7.54285E+01 
#t = 1.554E+03
7.54285E+01,7.54285E+01,7.54285E+01,7.54285E+01,7.54285E+01,7.54285E+01,7.54285E+01,7.54285E+01,7.54285E+01,7.54285E+01,7.54285E+01,7.54285E+01,7.54285E+01,7.54285E+01,7.54285E+01,7.54285E+01,7.54285E+01,7.54285E+01,7.54285E+01,7.54285E+01,7.54285E+01,7.54285E+01,7.54285E+01,7.54285E+01,4.55164E+00,7.54285E+01,7.54285E+01,7.54285E+01,7.54285E+01,7.54285E+01,7.54285E+01,7.54285E+01,7.54285E+01,7.54285E+01,7.54285E+01,7.54285E+01,7.54285E+01,7.54285E+01,7.54285E+01,1.29583E+00,7.54285E+01,7.54285E+01 
#t = 1.596E+03
7.54285E+01,7.54285E+01,7.54285E+01,7.54285E+01,7.54285E+01,7.54285E+01,7.54285E+01,7.54285E+01,7.54285E+01,7.54285E+01,7.54285E+01,7.54285E+01,7.54285E+01,7.54285E+01,7.54285E+01,7.54285E+01,7.54285E+01,7.54285E+01,7.54285E+01,7.54285E+01,7.54285E+01,1.52017E+01,7.54285E+01,7.54285E+01,7.54285E+01,7.54285E+01,7.54285E+01,4.61496E+00,7.54285E+01,7.54285E+01,7.54285E+01,7.54285E+01,7.54285E+01,7.54285E+01,7.54285E+01,7.54285E+01,7.54285E+01,7.54285E+01,7.54285E+01,7.54285E+01,7.54285E+01,7.54285E+01,7.54285E+01,7.54285E+01 
#t = 1.638E+03
7.54285E+01,7.54285E+01,7.54285E+01,7.54285E+01,7.54285E+01,7.54285E+01,7.54285E+01,7.54285E+01,7.54285E+01,7.54285E+01,7.54285E+01,7.54285E+01,7.54285E+01,7.54285E+01,8.33867E+00,7.54285E+01,1.16072E+01,7.54285E+01,7.54285E+01,7.54285E+01,7.54285E+01,7.54285E+01,7.54285E+01,7.54285E+01,7.54285E+01,7.54285E+01,7.54285E+01,7.54285E+01,7.54285E+01,7.54285E+01,3.04378E+00,5.84287E+00,2.95663E+00,7.54285E+01,7.54285E+01,1.93266E+00,1.05653E+00,1.08065E+00,7.54285E+01 
#t = 1.680E+03
7.54285E+01,7.54285E+01,7.54285E+01,7.54285E+01,7.54285E+01,7.54285E+01,7.54285E+01,7.54285E+01,7.54285E+01,7.54285E+01,7.54285E+01,7.54285E+01,7.54285E+01,7.54285E+01,7.54285E+01,7.54285E+01,7.54285E+01,7.54285E+01,7.54285E+01,7.54285E+01,2.33101E+01,7.54285E+01,7.54285E+01,7.54285E+01,7.54285E+01,3.55825E-01,7.54285E+01,7.54285E+01,7.54285E+01,7.54285E+01,7.54285E+01,7.54285E+01,7.54285E+01,8.07301E-01,7.54285E+01,1.50094E-02,7.54285E+01,7.54285E+01,3.12971E-01,7.54285E+01,7.54285E+01,7.54285E+01,7.54285E+01,2.98069E-01 
#t = 1.722E+03
7.54285E+01,7.54285E+01,7.54285E+01,7.54285E+01,7.54285E+01,7.54285E+01,7.54285E+01,7.54285E+01,7.54285E+01,7.54285E+01,7.54285E+01,7.54285E+01,7.54285E+01,7.54285E+01,7.54285E+01,7.54285E+01,7.54285E+01,7.54285E+01,7.54285E+01,7.54285E+01,7.54285E+01,7.54285E+01,7.54285E+01,7.54285E+01,7.54285E+01,7.54285E+01,7.54285E+01,7.54285E+01,7.54285E+01,7.54285E+01,7.54285E+01,7.54285E+01,7.54285E+01,1.01382E-01,7.54285E+01,7.54285E+01,6.54066E+00,7.54285E+01,2.46341E+00,2.77194E-01,7.54285E+01,8.56404E-01,7.54285E+01,7.54285E+01,7.54285E+01,2.53498E-01 
#t = 1.764E+03
7.54285E+01,7.54285E+01,7.54285E+01,7.54285E+01,7.54285E+01,7.54285E+01,7.54285E+01,7.54285E+01,7.54285E+01,7.54285E+01,7.54285E+01,7.54285E+01,7.54285E+01,7.54285E+01,7.54285E+01,7.54285E+01,7.54285E+01,7.54285E+01,7.54285E+01,7.54285E+01,7.54285E+01,2.02908E+01,7.54285E+01,7.54285E+01,7.54285E+01,7.54285E+01,7.54285E+01,7.54285E+01,7.54285E+01,7.54285E+01,7.54285E+01,7.54285E+01,7.54285E+01,7.54285E+01,7.54285E+01,7.54285E+01,7.54285E+01,7.54285E+01,2.49158E+00,4.73737E+00,7.54285E+01,7.54285E+01,7.54285E+01 
#t = 1.806E+03
7.54285E+01,7.54285E+01,7.54285E+01,7.54285E+01,7.54285E+01,7.54285E+01,7.54285E+01,7.54285E+01,7.54285E+01,7.54285E+01,7.54285E+01,7.54285E+01,7.54285E+01,7.54285E+01,7.54285E+01,7.54285E+01,7.54285E+01,7.54285E+01,7.54285E+01,7.54285E+01,7.54285E+01,7.54285E+01,7.54285E+01,7.54285E+01,7.54285E+01,7.54285E+01,7.54285E+01,7.54285E+01,7.54285E+01,7.54285E+01,7.54285E+01,7.54285E+01,7.54285E+01,7.54285E+01,7.54285E+01,7.54285E+01,7.54285E+01,7.54285E+01,7.54285E+01,7.54285E+01,7.54285E+01,7.54285E+01,5.93083E-01,7.54285E+01,7.54285E+01,7.54285E+01,7.54285E+01,7.54285E+01,8.09473E-01,7.54285E+01,7.54285E+01 
#t = 1.848E+03
7.54285E+01,7.54285E+01,7.54285E+01,7.54285E+01,7.54285E+01,7.54285E+01,7.54285E+01,7.54285E+01,7.54285E+01,7.54285E+01,7.54285E+01,7.54285E+01,7.54285E+01,7.54285E+01,7.54285E+01,7.54285E+01,7.54285E+01,7.54285E+01,7.54285E+01,7.54285E+01,7.54285E+01,7.54285E+01,7.54285E+01,7.54285E+01,7.54285E+01,7.54285E+01,7.54285E+01,7.54285E+01,7.54285E+01,7.54285E+01,7.54285E+01,7.54285E+01,7.27600E-02,7.54285E+01,7.54285E+01,7.54285E+01,1.42394E+01,7.54285E+01,2.95872E+00 
#t = 1.890E+03
7.54285E+01,7.54285E+01,7.54285E+01,7.54285E+01,7.54285E+01,7.54285E+01,7.54285E+01,7.54285E+01,7.54285E+01,7.54285E+01,7.54285E+01,7.54285E+01,7.54285E+01,7.54285E+01,7.54285E+01,7.54285E+01,7.54285E+01,7.54285E+01,7.54285E+01,7.54285E+01,7.54285E+01,7.54285E+01,7.54285E+01,7.54285E+01,7.54285E+01,7.54285E+01,7.54285E+01,7.54285E+01,9.43039E+00,7.54285E+01,7.54285E+01,7.54285E+01,7.54285E+01,7.54285E+01,7.54285E+01,7.54285E+01,7.54285E+01,7.54285E+01,7.54285E+01,7.54285E+01,7.54285E+01,7.54285E+01,7.54285E+01,7.54285E+01,7.54285E+01,7.54285E+01,7.54285E+01,3.11226E-01,1.80585E+01,7.54285E+01,7.54285E+01,7.54285E+01,2.38620E-01,7.54285E+01 
#t = 1.932E+03
7.54285E+01,7.54285E+01,1.80585E+01,7.54285E+01,7.54285E+01,1.80585E+01,7.54285E+01,7.54285E+01,2.47058E+01,7.54285E+01,7.54285E+01,1.19551E+01,7.54285E+01,7.54285E+01,7.54285E+01,1.19551E+01,7.54285E+01,7.54285E+01,7.54285E+01,7.54285E+01,7.54285E+01,7.54285E+01,7.54285E+01,7.54285E+01,7.54285E+01,7.54285E+01,7.54285E+01,7.54285E+01,7.54285E+01,2.47058E+01,7.54285E+01,7.54285E+01,1.58262E+00,7.54285E+01,7.54285E+01,2.70941E-02,7.54285E+01,7.54285E+01,7.26841E-01 
#t = 1.974E+03
7.54285E+01,1.19551E+01,7.54285E+01,7.54285E+01,7.54285E+01,7.54285E+01,7.54285E+01,7.54285E+01,7.54285E+01,6.18831E+01,7.54285E+01,7.54285E+01,1.19551E+01,7.54285E+01,7.54285E+01,7.54285E+01,7.54285E+01,7.54285E+01,7.54285E+01,7.54285E+01,7.54285E+01,7.54285E+01,7.54285E+01,7.54285E+01,7.54285E+01,7.54285E+01,7.54285E+01,7.54285E+01,7.54285E+01,7.54285E+01,7.54285E+01,7.54285E+01,5.58022E-01 
#t = 2.016E+03
7.54285E+01,7.54285E+01,7.54285E+01,7.54285E+01,7.54285E+01,7.54285E+01,7.54285E+01,7.54285E+01,7.54285E+01,7.54285E+01,7.54285E+01,7.54285E+01,7.54285E+01,7.54285E+01,7.54285E+01,7.54285E+01,7.54285E+01,3.12719E+01,7.54285E+01,7.54285E+01,7.54285E+01,7.54285E+01,7.54285E+01,7.54285E+01,5.87619E+00,7.54285E+01,7.54285E+01,7.54285E+01,7.54285E+01,7.54285E+01,7.54285E+01,7.54285E+01,7.54285E+01,7.54285E+01,7.54285E+01,7.54285E+01,8.85187E-01,9.74736E-01,7.54285E+01,7.54285E+01 
#t = 2.058E+03
7.54285E+01,3.12719E+01,7.54285E+01,7.54285E+01,7.54285E+01,7.54285E+01,7.54285E+01,7.54285E+01,7.54285E+01,7.54285E+01,7.54285E+01,7.54285E+01,3.12719E+01,7.54285E+01,7.54285E+01,7.54285E+01,7.54285E+01,7.54285E+01,7.54285E+01,7.54285E+01,7.54285E+01,7.54285E+01,7.54285E+01,7.54285E+01,7.54285E+01,7.54285E+01,3.12719E+01,7.54285E+01,7.54285E+01,7.54285E+01,3.12719E+01,7.54285E+01,7.54285E+01,7.54285E+01,7.54285E+01,7.54285E+01,7.54285E+01,7.54285E+01,3.12719E+01 
#t = 2.100E+03
7.54285E+01,7.54285E+01,7.54285E+01,3.12719E+01,7.54285E+01,7.54285E+01,7.54285E+01,3.26244E+01,7.54285E+01,7.54285E+01,7.54285E+01,7.54285E+01,7.54285E+01,7.54285E+01,7.54285E+01,7.54285E+01,7.54285E+01,1.99435E+01,7.54285E+01,7.54285E+01,7.54285E+01,7.54285E+01,7.54285E+01,7.54285E+01,7.54285E+01,4.36900E+00,7.54285E+01,7.54285E+01,7.54285E+01,7.24118E-01,1.34046E+00,1.19059E-01,1.99435E+01,6.66090E-01,5.83120E+00,7.54285E+01,7.54285E+01,7.54285E+01 
#t = 2.142E+03
3.12719E+01,7.54285E+01,7.54285E+01,7.54285E+01,7.54285E+01,7.54285E+01,7.54285E+01,7.54285E+01,7.54285E+01,7.54285E+01,7.54285E+01,7.54285E+01,7.54285E+01,7.54285E+01,7.54285E+01,7.54285E+01,3.26244E+01,7.54285E+01,7.54285E+01,3.26244E+01,7.54285E+01,3.26244E+01,3.26244E+01,3.26244E+01,7.54285E+01,7.54285E+01,7.54285E+01,3.26244E+01,7.54285E+01,7.54285E+01,7.54285E+01,7.54285E+01,7.54285E+01,3.26244E+01,3.26244E+01,7.54285E+01,7.54285E+01,2.26743E+00,7.54285E+01,7.54285E+01,7.54285E+01,7.69027E-01 
#t = 2.184E+03
7.54285E+01,3.26244E+01,3.26244E+01,3.26244E+01,7.54285E+01,7.54285E+01,7.54285E+01,7.54285E+01,7.54285E+01,3.26244E+01,7.54285E+01,3.12719E+01,3.12719E+01,7.54285E+01,3.26244E+01,3.26244E+01,7.54285E+01,3.26244E+01,7.54285E+01,7.54285E+01,7.54285E+01,3.26244E+01,3.26244E+01,3.26244E+01,7.54285E+01,3.26244E+01,3.05112E-02,9.26029E-01,7.54285E+01,3.26244E+01,7.54285E+01,1.50980E-01,3.26244E+01,7.54285E+01,7.18252E+00,3.81198E-01,7.54285E+01,1.50945E+00,7.54285E+01,3.26244E+01,7.54285E+01,6.58711E-01,7.54285E+01,1.12742E+00,7.54285E+01,5.25677E+00 
#t = 2.226E+03
7.54285E+01,7.54285E+01,3.12719E+01,7.54285E+01,3.26244E+01,3.26244E+01,3.26244E+01,3.26244E+01,7.54285E+01,1.52719E+01,7.54285E+01,7.54285E+01,4.55298E+01,7.54285E+01,3.26244E+01,7.54285E+01,7.54285E+01,7.54285E+01,3.26244E+01,3.26244E+01,3.26244E+01,7.54285E+01,3.26244E+01,7.54285E+01,7.54285E+01,1.22575E+01,7.54285E+01,7.54285E+01,7.54285E+01,7.54285E+01,7.54285E+01,3.26244E+01,1.52719E+01,3.26244E+01,3.26244E+01,7.54285E+01,7.54285E+01,7.54285E+01,3.26244E+01,7.54285E+01,3.26244E+01,3.26244E+01,7.54285E+01,7.54285E+01,7.54285E+01,7.54285E+01,1.52719E+01,7.54285E+01,1.52719E+01,7.54285E+01,7.54285E+01,7.54285E+01,3.26244E+01,7.54285E+01,7.54285E+01,3.26244E+01,7.54285E+01,7.54285E+01,7.54285E+01,2.62983E-01,1.52719E+01,7.54285E+01,7.54285E+01,7.54285E+01,3.26244E+01,3.26244E+01,3.26244E+01,7.54285E+01 
#t = 2.268E+03
7.54285E+01,7.54285E+01,7.54285E+01,7.54285E+01,7.54285E+01,7.54285E+01,1.52719E+01,7.54285E+01,3.26244E+01,3.26244E+01,7.54285E+01,1.52719E+01,7.54285E+01,7.54285E+01,7.54285E+01,7.54285E+01,7.54285E+01,7.54285E+01,3.26244E+01,7.54285E+01,7.54285E+01,3.12719E+01,7.54285E+01,1.52719E+01,7.54285E+01,7.54285E+01,7.54285E+01,1.15796E+01,3.26244E+01,7.54285E+01,7.54285E+01,1.13609E+01,7.54285E+01,3.26244E+01,7.54285E+01,7.54285E+01,1.27469E+01,7.54285E+01,7.54285E+01,1.52719E+01,3.26244E+01,7.54285E+01,7.54285E+01,3.26244E+01,7.54285E+01,7.54285E+01,1.52719E+01,7.54285E+01,1.52719E+01,7.54285E+01,7.54285E+01,7.54285E+01,3.26244E+01,7.54285E+01,7.54285E+01,7.54285E+01,7.54285E+01,7.54285E+01,7.50052E-01 
#t = 2.310E+03
7.54285E+01,7.54285E+01,1.52719E+01,7.54285E+01,3.26244E+01,7.54285E+01,7.54285E+01,3.26244E+01,7.54285E+01,7.54285E+01,7.54285E+01,7.54285E+01,7.54285E+01,7.54285E+01,7.54285E+01,7.54285E+01,7.54285E+01,7.54285E+01,3.26244E+01,7.54285E+01,7.54285E+01,7.54285E+01,7.54285E+01,7.54285E+01,7.54285E+01,7.54285E+01,7.54285E+01,3.26244E+01,7.54285E+01,7.54285E+01,7.54285E+01,3.26244E+01,7.54285E+01,7.54285E+01,7.54285E+01,1.21285E+01,7.54285E+01,3.26244E+01,7.54285E+01,3.26244E+01,7.54285E+01,3.26244E+01,5.82456E+00,3.92034E-01,7.54285E+01,2.02478E+00,7.54285E+01,1.52719E+01,1.37659E+00,3.26244E+01,7.54285E+01,1.52719E+01,1.11828E+00,7.54285E+01,2.52296E-01 
#t = 2.352E+03
7.54285E+01,7.54285E+01,7.54285E+01,7.54285E+01,3.26244E+01,7.54285E+01,7.54285E+01,7.54285E+01,7.54285E+01,7.54285E+01,3.26244E+01,7.54285E+01,7.54285E+01,3.26244E+01,7.54285E+01,3.26244E+01,3.26244E+01,7.54285E+01,7.54285E+01,7.54285E+01,7.54285E+01,2.03932E+01,7.54285E+01,2.03932E+01,7.54285E+01,7.54285E+01,7.54285E+01,7.54285E+01,7.54285E+01,7.54285E+01,7.54285E+01,7.54285E+01,7.54285E+01,7.54285E+01,3.26244E+01,3.26244E+01,7.54285E+01,7.54285E+01,7.54285E+01,7.54285E+01,7.54285E+01,7.54285E+01,7.54285E+01,7.54285E+01,3.26244E+01,4.90282E-01,7.54285E+01,7.54285E+01,1.47213E-01,2.03932E+01,7.54285E+01 
#t = 2.394E+03
7.54285E+01,7.54285E+01,7.54285E+01,7.54285E+01,3.26244E+01,7.54285E+01,2.03932E+01,2.03932E+01,7.54285E+01,7.54285E+01,7.54285E+01,7.54285E+01,7.54285E+01,7.54285E+01,3.26244E+01,7.54285E+01,7.54285E+01,7.54285E+01,3.26244E+01,2.03932E+01,7.54285E+01,7.54285E+01,7.54285E+01,2.03932E+01,7.54285E+01,7.54285E+01,3.26244E+01,7.54285E+01,3.26244E+01,7.54285E+01,3.26244E+01,7.54285E+01,7.54285E+01,7.54285E+01,3.26244E+01,7.54285E+01,7.54285E+01,7.54285E+01,1.06980E+01,8.67502E+00,7.54285E+01,7.54285E+01,7.54285E+01 
#t = 2.436E+03
2.03932E+01,3.26244E+01,2.03932E+01,3.26244E+01,3.26244E+01,2.03932E+01,2.03932E+01,7.54285E+01,3.26244E+01,7.54285E+01,3.26244E+01,3.26244E+01,7.54285E+01,2.03932E+01,3.26244E+01,2.03932E+01,3.26244E+01,7.54285E+01,3.26244E+01,3.26244E+01,7.54285E+01,3.26244E+01,7.54285E+01,1.27706E+01,3.26244E+01,3.26244E+01,3.26244E+01,1.50081E-01,2.03932E+01,7.54285E+01,3.26244E+01,5.99390E-01 
#t = 2.478E+03
1.27706E+01,3.26244E+01,3.26244E+01,3.26244E+01,3.26244E+01,7.54285E+01,3.26244E+01,7.54285E+01,7.54285E+01,2.03932E+01,2.03932E+01,3.26244E+01,2.03932E+01,2.03932E+01,2.03932E+01,3.26244E+01,3.26244E+01,7.54285E+01,2.03932E+01,3.26244E+01,7.54285E+01,2.03932E+01,3.26244E+01,7.54285E+01,1.27706E+01,7.54285E+01,3.26244E+01,1.27706E+01,7.54285E+01,3.26244E+01,3.26244E+01,1.27706E+01,1.17401E+01,2.03932E+01,3.26244E+01,6.62723E-01,1.27706E+01,3.26244E+01,7.54285E+01,2.03932E+01,3.26244E+01,7.54285E+01,1.66853E-01,2.03932E+01,1.27590E-01 
#t = 2.520E+03
7.54285E+01,2.03932E+01,3.26244E+01,2.03932E+01,3.26244E+01,1.27706E+01,7.54285E+01,7.54285E+01,7.54285E+01,7.54285E+01,2.03932E+01,7.54285E+01,2.03932E+01,7.54285E+01,7.54285E+01,7.54285E+01,7.54285E+01,7.54285E+01,2.03932E+01,7.54285E+01,7.54285E+01,2.03932E+01,7.54285E+01,2.03932E+01,1.27706E+01,7.54285E+01,1.27706E+01,7.54285E+01,7.54285E+01,7.54285E+01,7.54285E+01,2.03932E+01,7.54285E+01,7.54285E+01,7.54285E+01,7.54285E+01,7.54285E+01 
#t = 2.562E+03
7.54285E+01,2.03932E+01,7.54285E+01,7.54285E+01,3.26244E+01,1.27706E+01,7.54285E+01,7.54285E+01,7.54285E+01,7.54285E+01,7.54285E+01,1.71993E+01,7.54285E+01,7.54285E+01,7.54285E+01,7.54285E+01,7.54285E+01,7.54285E+01,7.54285E+01,7.54285E+01,7.54285E+01,7.54285E+01,7.54285E+01,7.54285E+01,3.26244E+01,7.54285E+01,7.54285E+01,7.54285E+01,2.17698E+01,7.54285E+01,7.54285E+01,3.26244E+01,1.71993E+01,1.37375E+01,7.54285E+01,7.54285E+01,7.54285E+01,7.54285E+01,7.54285E+01,7.54285E+01,7.48065E-01,1.71993E+01,7.54285E+01,2.03932E+01,3.26244E+01,7.54285E+01 
#t = 2.604E+03
2.03932E+01,7.54285E+01,7.54285E+01,7.54285E+01,7.54285E+01,3.26244E+01,7.54285E+01,7.54285E+01,7.54285E+01,7.54285E+01,7.54285E+01,9.29233E+01,7.54285E+01,7.54285E+01,7.54285E+01,7.54285E+01,9.29233E+01,3.26244E+01,7.54285E+01,1.27706E+01,7.54285E+01,7.54285E+01,7.54285E+01,7.54285E+01,7.54285E+01,9.29233E+01,7.54285E+01,7.54285E+01,9.29233E+01,7.54285E+01,7.54285E+01,7.54285E+01,7.54285E+01,7.54285E+01,7.54285E+01,3.28591E+00,7.54285E+01,2.03932E+01,3.91149E-01,6.70624E-01,1.79511E+00,1.68652E+00,7.54285E+01,5.33891E-01 
#t = 2.646E+03
7.54285E+01,9.29233E+01,7.54285E+01,7.54285E+01,7.54285E+01,7.54285E+01,7.54285E+01,7.54285E+01,7.54285E+01,7.54285E+01,7.54285E+01,7.54285E+01,7.54285E+01,7.54285E+01,7.54285E+01,7.54285E+01,7.54285E+01,9.29233E+01,7.54285E+01,1.81408E+01,7.54285E+01,1.27706E+01,7.54285E+01,7.54285E+01,6.57335E+00,7.54285E+01,7.54285E+01,3.26244E+01,1.29143E+01,7.54285E+01,7.54285E+01,7.54285E+01,3.26244E+01,7.54285E+01,7.54285E+01,7.54285E+01,7.54285E+01,9.29233E+01,7.54285E+01,7.54285E+01,3.26244E+01,7.54285E+01,1.29143E+01,1.81408E+01,7.69488E+00,1.27706E+01,3.26244E+01,3.26244E+01,7.54285E+01,7.54285E+01 
#t = 2.688E+03
7.54285E+01,7.54285E+01,7.54285E+01,7.54285E+01,7.54285E+01,1.27706E+01,7.54285E+01,7.54285E+01,9.29233E+01,7.54285E+01,7.54285E+01,1.29143E+01,7.54285E+01,7.54285E+01,7.54285E+01,9.29233E+01,7.54285E+01,7.54285E+01,9.29233E+01,7.54285E+01,7.39492E+00,7.54285E+01,7.47526E+00,7.54285E+01,7.54285E+01,7.54285E+01,7.54285E+01,7.54285E+01,1.27706E+01,7.54285E+01,7.54285E+01,1.27706E+01,1.27706E+01,7.54285E+01,2.43528E+00,7.54285E+01,7.54285E+01 
#t = 2.730E+03
7.54285E+01,7.54285E+01,7.54285E+01,1.31566E+01,7.54285E+01,1.27706E+01,7.54285E+01,7.54285E+01,1.27706E+01,1.31566E+01,7.54285E+01,7.54285E+01,1.34241E+01,7.54285E+01,7.54285E+01,7.54285E+01,7.54285E+01,2.99405E+01,7.54285E+01,7.54285E+01,7.54285E+01,7.54285E+01,7.54285E+01,7.54285E+01,1.27706E+01,5.35426E+02,7.54285E+01,1.27706E+01,1.27706E+01,1.27706E+01,7.54285E+01,7.54285E+01,1.34241E+01,1.27706E+01,1.30233E-01,1.27706E+01,1.34241E+01,7.54285E+01,1.31566E+01,1.34241E+01,1.27706E+01,7.54285E+01,7.54285E+01,1.27706E+01 
#t = 2.772E+03
7.54285E+01,7.54285E+01,1.27706E+01,1.27706E+01,7.54285E+01,1.27706E+01,1.34241E+01,7.54285E+01,1.27706E+01,7.54285E+01,7.54285E+01,1.34241E+01,7.54285E+01,7.54285E+01,7.54285E+01,7.54285E+01,7.54285E+01,1.27706E+01,7.54285E+01,7.54285E+01,7.54285E+01,7.54285E+01,7.54285E+01,7.54285E+01,1.11734E+01,7.54285E+01,7.54285E+01,7.54285E+01,1.27706E+01,7.54285E+01,1.27706E+01,1.27706E+01,7.54285E+01,1.27706E+01,7.54285E+01,7.54285E+01,7.54285E+01,1.27706E+01,7.54285E+01,1.27706E+01,7.54285E+01,7.54285E+01,7.54285E+01,1.43466E+01,1.11734E+01,9.45129E+00,7.54285E+01,7.54285E+01 
#t = 2.814E+03
1.27706E+01,7.54285E+01,1.11734E+01,1.11734E+01,7.54285E+01,1.27706E+01,7.54285E+01,7.54285E+01,7.54285E+01,7.54285E+01,1.27706E+01,1.27706E+01,7.54285E+01,7.54285E+01,7.54285E+01,7.54285E+01,7.54285E+01,1.27706E+01,1.27706E+01,7.54285E+01,7.54285E+01,7.54285E+01,7.54285E+01,7.54285E+01,1.27706E+01,7.54285E+01,7.54285E+01,7.54285E+01,1.96981E+01,1.87178E+01 
#t = 2.856E+03
1.11734E+01,1.27706E+01,1.27706E+01,1.27706E+01,7.54285E+01,7.54285E+01,7.54285E+01,1.27706E+01,1.27706E+01,7.54285E+01,1.11734E+01,1.96981E+01,1.27706E+01,2.49306E-01,7.54285E+01,7.54285E+01,2.55316E+01,7.54285E+01,7.54285E+01,7.54285E+01,1.96981E+01,7.54285E+01,1.96981E+01,3.26745E-01,1.27706E+01 
#t = 2.898E+03
1.96981E+01,7.54285E+01,1.27706E+01,7.54285E+01,1.27706E+01,7.54285E+01,1.27706E+01,7.54285E+01,7.54285E+01,1.27706E+01,7.54285E+01,1.27706E+01,1.27706E+01,7.54285E+01,1.96981E+01,1.27706E+01,7.54285E+01,1.40955E+01,1.27706E+01,1.27706E+01,7.54285E+01,1.27706E+01,1.27706E+01,7.54285E+01,2.84757E+00,7.54285E+01,7.54285E+01,7.54285E+01,7.54285E+01,7.54285E+01,1.96981E+01,7.54285E+01,7.54285E+01,2.01918E+00,1.27706E+01,1.40955E+01,7.54285E+01,4.16463E+00,1.96981E+01,7.54285E+01 
#t = 2.940E+03
7.54285E+01,7.54285E+01,1.96981E+01,7.54285E+01,1.43012E+01,7.54285E+01,1.43012E+01,7.54285E+01,7.54285E+01,1.27706E+01,1.27706E+01,7.54285E+01,7.54285E+01,7.54285E+01,7.54285E+01,7.54285E+01,7.54285E+01,1.40955E+01,7.54285E+01,7.54285E+01,7.54285E+01,7.54285E+01,7.54285E+01,4.41495E+01,7.54285E+01,7.54285E+01,7.54285E+01,4.41495E+01,1.23689E+00,7.54285E+01,7.54285E+01,7.54285E+01,7.54285E+01,7.54285E+01,7.54285E+01,7.54285E+01,7.54285E+01,7.54285E+01,7.54285E+01 
#t = 2.982E+03
7.54285E+01,1.43012E+01,7.54285E+01,7.54285E+01,7.54285E+01,7.54285E+01,7.54285E+01,7.54285E+01,7.54285E+01,7.54285E+01,7.54285E+01,7.54285E+01,7.54285E+01,7.54285E+01,7.54285E+01,7.54285E+01,7.54285E+01,7.54285E+01,7.54285E+01,7.54285E+01,7.54285E+01,7.54285E+01,7.54285E+01,7.54285E+01,7.54285E+01,1.43012E+01,7.54285E+01,7.54285E+01,7.54285E+01,7.54285E+01,7.54285E+01,7.54285E+01,7.54285E+01,7.54285E+01,7.54285E+01,7.54285E+01,7.54285E+01,7.54285E+01,7.54285E+01,7.54285E+01,7.54285E+01,7.54285E+01,7.54285E+01,7.54285E+01,7.54285E+01,7.54285E+01,7.54285E+01,7.54285E+01,4.53474E-01,7.54285E+01,4.87306E-01 
#t = 3.024E+03
7.54285E+01,7.54285E+01,7.54285E+01,7.54285E+01,7.54285E+01,1.43012E+01,7.54285E+01,7.54285E+01,7.54285E+01,1.43012E+01,7.54285E+01,7.54285E+01,7.54285E+01,7.54285E+01,7.54285E+01,7.54285E+01,7.54285E+01,7.54285E+01,7.54285E+01,7.54285E+01,7.54285E+01,1.43012E+01,7.54285E+01,1.43012E+01,7.54285E+01,7.54285E+01,7.54285E+01,7.54285E+01,2.19241E+00,1.43012E+01,7.54285E+01,7.54285E+01,7.54285E+01,7.54285E+01,7.54285E+01,7.29922E+00,7.54285E+01,7.54285E+01,7.54285E+01,7.54285E+01,7.54285E+01,7.54285E+01,7.54285E+01,5.73163E+00,7.54285E+01 
#t = 3.066E+03
7.54285E+01,7.54285E+01,7.54285E+01,7.54285E+01,7.54285E+01,7.54285E+01,7.54285E+01,7.54285E+01,7.54285E+01,7.54285E+01,7.54285E+01,3.02305E+01,7.54285E+01,7.54285E+01,7.54285E+01,7.54285E+01,7.54285E+01,7.54285E+01,3.02305E+01,7.54285E+01,7.54285E+01,7.54285E+01,7.54285E+01,7.54285E+01,7.54285E+01,7.54285E+01,7.54285E+01,7.54285E+01,7.54285E+01,1.43012E+01,7.54285E+01,7.54285E+01,3.02305E+01,3.59171E+00,2.56363E-01,6.79480E+00,7.54285E+01,7.54285E+01,1.74498E-01 
#t = 3.108E+03
7.54285E+01,7.54285E+01,7.54285E+01,7.54285E+01,7.54285E+01,7.54285E+01,7.54285E+01,7.54285E+01,7.54285E+01,7.54285E+01,7.54285E+01,7.54285E+01,7.54285E+01,7.54285E+01,7.54285E+01,7.54285E+01,7.54285E+01,7.54285E+01,7.54285E+01,7.54285E+01,7.54285E+01,7.54285E+01,7.54285E+01,7.54285E+01,7.54285E+01,7.54285E+01,7.54285E+01,7.54285E+01,7.54285E+01,7.54285E+01,7.54285E+01,7.54285E+01,7.54285E+01,7.54285E+01,1.44316E+01,7.54285E+01,7.54285E+01,7.54285E+01,7.54285E+01,7.54285E+01,7.54285E+01 
#t = 3.150E+03
7.54285E+01,7.54285E+01,7.54285E+01,7.54285E+01,7.54285E+01,7.54285E+01,7.54285E+01,7.54285E+01,7.54285E+01,7.54285E+01,1.27544E+01,7.54285E+01,7.54285E+01,7.54285E+01,7.54285E+01,7.54285E+01,7.54285E+01,7.54285E+01,7.54285E+01,7.54285E+01,7.54285E+01,7.54285E+01,7.54285E+01,7.54285E+01,7.54285E+01,7.54285E+01,7.54285E+01,7.54285E+01,7.54285E+01,7.54285E+01,7.54285E+01,7.54285E+01,7.54285E+01,7.54285E+01,7.54285E+01,7.54285E+01,7.54285E+01,7.54285E+01,7.54285E+01,7.54285E+01,1.11910E-01 
#t = 3.192E+03
7.54285E+01,7.54285E+01,7.54285E+01,7.54285E+01,7.54285E+01,7.54285E+01,7.54285E+01,7.54285E+01,7.54285E+01,7.54285E+01,7.54285E+01,7.54285E+01,7.54285E+01,7.54285E+01,7.54285E+01,7.54285E+01,7.54285E+01,7.54285E+01,7.54285E+01,7.54285E+01,7.54285E+01,7.54285E+01,7.54285E+01,7.54285E+01,7.54285E+01,1.65388E+00,7.54285E+01,7.54285E+01,7.54285E+01,7.54285E+01,3.10279E-02,7.54285E+01,7.54285E+01,7.54285E+01,7.54285E+01,7.54285E+01,7.54285E+01,7.54285E+01,7.54285E+01,7.54285E+01,5.60013E-01,7.54285E+01,7.54285E+01 
#t = 3.234E+03
7.54285E+01,7.54285E+01,7.54285E+01,7.54285E+01,7.54285E+01,5.14244E+01,7.54285E+01,7.54285E+01,7.54285E+01,7.54285E+01,7.54285E+01,7.54285E+01,7.54285E+01,7.54285E+01,7.54285E+01,7.54285E+01,7.54285E+01,7.54285E+01,7.54285E+01,7.54285E+01,7.54285E+01,7.54285E+01,7.54285E+01,7.54285E+01,7.54285E+01,7.54285E+01,7.54285E+01,7.54285E+01,7.54285E+01,7.54285E+01,7.54285E+01,7.54285E+01,7.54285E+01,7.54285E+01,7.54285E+01,7.54285E+01,7.52184E+00,7.54285E+01,7.54285E+01,7.54285E+01,7.54285E+01,2.52952E+00,7.54285E+01,7.54285E+01,7.54285E+01 
#t = 3.276E+03
7.54285E+01,7.54285E+01,7.54285E+01,7.54285E+01,7.54285E+01,7.54285E+01,7.54285E+01,2.27919E+01,7.54285E+01,7.54285E+01,7.54285E+01,7.54285E+01,2.94231E+01,7.54285E+01,7.54285E+01,1.72595E+01,7.54285E+01,7.54285E+01,7.54285E+01,1.72595E+01,7.54285E+01,7.54285E+01,7.54285E+01,7.54285E+01,7.54285E+01,7.54285E+01,7.54285E+01,7.54285E+01,4.74707E+00,7.54285E+01,1.15084E+01,7.54285E+01,7.54285E+01,7.54285E+01,9.95206E+00 
#t = 3.318E+03
7.54285E+01,7.54285E+01,7.54285E+01,7.54285E+01,2.27919E+01,7.54285E+01,2.27919E+01,7.54285E+01,7.54285E+01,2.27919E+01,7.54285E+01,7.54285E+01,2.20765E+01,2.27919E+01,2.20765E+01,2.27919E+01,7.54285E+01,7.54285E+01,7.54285E+01,2.20765E+01,7.54285E+01,2.20765E+01,7.54285E+01,7.54285E+01,2.20765E+01,7.54285E+01,7.54285E+01,2.20765E+01,7.54285E+01,7.54285E+01,7.54285E+01,2.20765E+01,2.27919E+01,7.54285E+01,7.54285E+01,2.20765E+01,7.54285E+01,7.54285E+01,4.40004E-01,7.54285E+01,7.54285E+01,1.97328E+00,7.54285E+01,7.54285E+01,2.27919E+01,7.54285E+01,7.54285E+01,7.54285E+01,7.54285E+01 
#t = 3.360E+03
2.27919E+01,7.54285E+01,7.54285E+01,2.27919E+01,7.54285E+01,7.54285E+01,7.54285E+01,7.54285E+01,2.00211E+01,7.54285E+01,7.54285E+01,2.27919E+01,2.27919E+01,2.27919E+01,2.20765E+01,7.54285E+01,2.00211E+01,7.54285E+01,1.20835E+01,7.54285E+01,7.54285E+01,2.20765E+01,7.54285E+01,7.54285E+01,7.54285E+01,7.54285E+01,2.20765E+01,2.00211E+01,7.54285E+01,2.20765E+01,7.54285E+01,7.54285E+01,2.27919E+01,2.20765E+01,2.20765E+01,7.54285E+01,2.55924E+00,3.16528E+00,7.54285E+01,7.54285E+01 
#t = 3.402E+03
7.54285E+01,7.54285E+01,2.27919E+01,2.00211E+01,2.27919E+01,2.27919E+01,2.20765E+01,2.20765E+01,2.20765E+01,7.54285E+01,2.00211E+01,2.00211E+01,1.08360E+01,2.20765E+01,2.20765E+01,2.20765E+01,2.20765E+01,7.54285E+01,7.54285E+01,1.27835E+01,7.54285E+01,1.27835E+01,7.54285E+01,4.78575E+00,7.54285E+01,7.54285E+01,2.20765E+01,2.00211E+01,2.00211E+01,2.27919E+01,2.00211E+01,7.54285E+01,2.31325E-01 
#t = 3.444E+03
2.20765E+01,1.08360E+01,1.27835E+01,7.54285E+01,7.54285E+01,1.27835E+01,7.54285E+01,2.00211E+01,2.27919E+01,2.20765E+01,1.08360E+01,2.00211E+01,7.54285E+01,2.20765E+01,2.00211E+01,7.54285E+01,7.54285E+01,7.54285E+01,7.54285E+01,7.54285E+01,2.27919E+01,7.54285E+01,3.20218E-01,7.54285E+01,1.42634E-01,7.54285E+01,2.20765E+01,1.27835E+01,7.54285E+01,4.85731E+01 
#t = 3.486E+03
1.27835E+01,1.27835E+01,7.54285E+01,2.27919E+01,7.54285E+01,7.54285E+01,7.54285E+01,7.54285E+01,7.54285E+01,7.54285E+01,7.54285E+01,7.54285E+01,7.54285E+01,7.54285E+01,7.54285E+01,7.54285E+01,7.54285E+01,7.54285E+01,7.54285E+01,7.54285E+01,7.54285E+01,7.54285E+01,7.54285E+01,7.54285E+01,7.54285E+01,7.54285E+01,7.54285E+01,7.54285E+01,7.54285E+01,7.54285E+01,7.54285E+01,7.54285E+01,7.54285E+01,7.54285E+01,7.54285E+01,7.54285E+01,7.54285E+01,7.54285E+01,7.54285E+01,7.54285E+01,7.54285E+01,1.00713E+00,7.54285E+01,7.54285E+01,7.29496E-01,7.54285E+01,7.12272E-01,7.54285E+01 
#t = 3.528E+03
7.54285E+01,7.54285E+01,7.54285E+01,7.54285E+01,7.54285E+01,1.27835E+01,7.54285E+01,7.54285E+01,7.54285E+01,7.54285E+01,7.54285E+01,7.54285E+01,1.67667E+01,7.54285E+01,7.54285E+01,1.27835E+01,7.54285E+01,7.54285E+01,7.54285E+01,7.54285E+01,7.54285E+01,1.27835E+01,7.54285E+01,1.67667E+01,1.27835E+01,1.27835E+01,7.54285E+01,1.27835E+01,7.54285E+01,7.54285E+01,7.54285E+01,7.54285E+01,7.54285E+01,2.96762E-01,7.54285E+01,7.54285E+01,7.54285E+01,9.30402E-01,7.54285E+01,7.54285E+01 
#t = 3.570E+03
7.54285E+01,7.54285E+01,1.67667E+01,1.27835E+01,7.54285E+01,1.67667E+01,7.54285E+01,7.54285E+01,1.27835E+01,7.54285E+01,7.54285E+01,1.27835E+01,1.27835E+01,7.54285E+01,7.54285E+01,7.54285E+01,1.27835E+01,1.67667E+01,7.54285E+01,1.67667E+01,7.54285E+01,7.54285E+01,7.54285E+01,7.54285E+01,7.54285E+01,1.67667E+01,7.54285E+01,1.67667E+01,7.54285E+01,1.27835E+01,7.54285E+01,7.54285E+01,7.54285E+01,7.54285E+01,7.54285E+01,7.54285E+01,1.67667E+01,7.54285E+01,1.67667E+01,1.27835E+01,1.67667E+01,7.54285E+01,1.27835E+01,1.67667E+01,7.54285E+01,8.63511E+00 
#t = 3.612E+03
7.54285E+01,7.54285E+01,7.54285E+01,7.54285E+01,1.67667E+01,7.54285E+01,1.67667E+01,1.67667E+01,7.54285E+01,7.54285E+01,1.67667E+01,7.54285E+01,7.54285E+01,7.54285E+01,7.54285E+01,1.67667E+01,7.54285E+01,7.54285E+01,7.54285E+01,1.67667E+01,7.54285E+01,7.54285E+01,7.54285E+01,7.54285E+01,7.54285E+01,1.63622E+01,7.54285E+01,7.54285E+01,7.54285E+01,7.54285E+01,7.54285E+01,7.54285E+01,1.06386E-01,1.67667E+01,1.28743E+00,7.54285E+01,1.10033E+01,7.54285E+01,7.54285E+01,7.54285E+01,7.54285E+01,7.54285E+01,7.54285E+01,2.89693E+00,7.54285E+01,7.54285E+01,7.54285E+01,7.54285E+01 
#t = 3.654E+03
1.67667E+01,7.54285E+01,7.54285E+01,7.54285E+01,1.67667E+01,1.67667E+01,7.54285E+01,7.54285E+01,1.67667E+01,7.54285E+01,7.54285E+01,7.54285E+01,7.54285E+01,7.54285E+01,7.54285E+01,7.54285E+01,7.54285E+01,7.54285E+01,7.54285E+01,1.67667E+01,1.67667E+01,7.54285E+01,1.67667E+01,1.67667E+01,7.54285E+01,7.54285E+01,7.54285E+01,1.67667E+01,7.54285E+01,1.67667E+01,1.67667E+01,1.67667E+01,7.54285E+01,7.54285E+01,7.54285E+01,7.54285E+01,1.67667E+01,2.76418E-01,7.54285E+01,1.67667E+01,7.54285E+01,7.54285E+01,7.54285E+01,1.67667E+01,5.28519E-01,7.54285E+01,7.54285E+01,1.67667E+01,1.67667E+01,1.67667E+01,7.54285E+01,3.87476E+00 
#t = 3.696E+03
7.54285E+01,7.54285E+01,7.54285E+01,7.54285E+01,1.67667E+01,7.54285E+01,7.54285E+01,7.54285E+01,7.54285E+01,7.54285E+01,1.67667E+01,7.54285E+01,1.67667E+01,7.54285E+01,3.92650E+01,7.54285E+01,7.54285E+01,1.67667E+01,7.54285E+01,7.54285E+01,7.54285E+01,7.54285E+01,7.54285E+01,7.54285E+01,7.54285E+01,7.54285E+01,7.54285E+01,7.54285E+01,7.54285E+01,1.67667E+01,7.54285E+01,7.54285E+01,7.54285E+01,7.54285E+01,7.54285E+01,7.54285E+01,1.67667E+01,7.54285E+01,1.67667E+01,3.92650E+01,1.07923E+00,7.54285E+01,7.54285E+01 
#t = 3.738E+03
1.67667E+01,7.54285E+01,7.54285E+01,7.54285E+01,7.54285E+01,7.54285E+01,1.31703E+01,7.54285E+01,1.67667E+01,7.54285E+01,7.54285E+01,1.31703E+01,7.54285E+01,7.54285E+01,7.54285E+01,7.54285E+01,7.54285E+01,7.54285E+01,7.54285E+01,1.67667E+01,1.67667E+01,7.54285E+01,7.54285E+01,7.54285E+01,7.54285E+01,7.54285E+01,1.67667E+01,7.54285E+01,7.54285E+01,7.54285E+01,7.54285E+01,7.54285E+01,7.54285E+01,7.54285E+01,7.54285E+01,4.11092E+00,7.54285E+01,7.54285E+01,7.54285E+01,7.54285E+01,7.53453E+00,3.63120E-01,7.54285E+01,6.08129E-01,7.54285E+01 
#t = 3.780E+03
7.54285E+01,7.54285E+01,7.54285E+01,1.67667E+01,7.54285E+01,7.54285E+01,1.31703E+01,7.54285E+01,7.54285E+01,1.67803E+01,1.67803E+01,7.54285E+01,7.54285E+01,7.54285E+01,7.54285E+01,7.54285E+01,1.67667E+01,1.31703E+01,7.54285E+01,7.54285E+01,7.54285E+01,7.54285E+01,7.54285E+01,7.54285E+01,7.54285E+01,7.54285E+01,7.54285E+01,2.09855E+01,7.54285E+01,1.67667E+01,7.54285E+01,7.54285E+01,7.54285E+01,1.31703E+01,7.54285E+01,1.67803E+01,1.34574E+00,7.54285E+01,1.31703E+01,1.67803E+01,7.54285E+01,2.09855E+01,7.54285E+01,1.67803E+01 
#t = 3.822E+03
1.31703E+01,7.54285E+01,7.54285E+01,7.54285E+01,7.54285E+01,1.67803E+01,7.54285E+01,1.67803E+01,7.54285E+01,7.54285E+01,7.54285E+01,7.54285E+01,7.54285E+01,7.54285E+01,1.67803E+01,7.54285E+01,7.54285E+01,7.54285E+01,7.54285E+01,7.54285E+01,7.54285E+01,7.54285E+01,7.54285E+01,2.09855E+01,2.09855E+01,1.31703E+01,2.09855E+01,7.54285E+01,7.54285E+01,1.67803E+01,7.54285E+01,7.54285E+01,1.67803E+01,1.54584E+01,7.54285E+01,7.54285E+01,2.09855E+01,1.31703E+01,7.54285E+01,7.54285E+01,7.54285E+01,1.75779E+00,7.54285E+01,7.54285E+01,7.54285E+01,7.54285E+01,7.54285E+01,5.41893E-01,7.54285E+01,7.54285E+01,2.09855E+01,1.67803E+01,1.04867E+01,1.55929E+00,7.54285E+01,2.09855E+01,7.54285E+01 
#t = 3.864E+03
1.31703E+01,7.54285E+01,7.54285E+01,1.67803E+01,7.54285E+01,7.54285E+01,7.54285E+01,2.09855E+01,7.54285E+01,7.54285E+01,7.54285E+01,7.54285E+01,7.54285E+01,7.54285E+01,7.54285E+01,7.54285E+01,7.54285E+01,7.54285E+01,7.54285E+01,7.54285E+01,7.54285E+01,1.67803E+01,7.54285E+01,7.54285E+01,7.54285E+01,2.09855E+01,2.09855E+01,7.54285E+01,7.54285E+01,7.54285E+01,7.54285E+01,2.09855E+01,7.54285E+01,2.09855E+01,1.67803E+01,7.54285E+01,7.54285E+01,1.67803E+01,7.54285E+01,7.54285E+01,7.54285E+01,1.36431E+00,2.09855E+01,2.09855E+01,7.54285E+01,6.41865E-01,7.54285E+01,2.09855E+01 
#t = 3.906E+03
7.54285E+01,7.54285E+01,7.54285E+01,2.09855E+01,2.09855E+01,7.54285E+01,7.54285E+01,7.54285E+01,7.54285E+01,1.82997E+00,7.54285E+01,7.54285E+01,7.54285E+01,7.54285E+01,7.54285E+01,7.54285E+01,7.54285E+01,7.54285E+01,1.31703E+01,7.54285E+01,1.31703E+01,2.09855E+01,7.54285E+01,2.38090E+00,8.59175E-01,7.54285E+01,7.54285E+01,7.54285E+01 
#t = 3.948E+03
7.54285E+01,7.54285E+01,2.09855E+01,7.54285E+01,7.54285E+01,7.54285E+01,7.54285E+01,7.54285E+01,7.54285E+01,7.54285E+01,7.54285E+01,7.54285E+01,7.54285E+01,7.54285E+01,7.54285E+01,7.54285E+01,7.54285E+01,7.54285E+01,7.54285E+01,7.54285E+01,7.54285E+01,7.54285E+01,7.54285E+01,7.54285E+01,7.54285E+01,7.54285E+01,7.54285E+01,7.54285E+01,7.54285E+01,7.54285E+01,4.68360E+00,7.54285E+01,1.89131E+01,7.54285E+01,7.54285E+01,7.54285E+01,7.54285E+01,7.54285E+01,7.54285E+01,7.54285E+01,7.74843E-02 
#t = 3.990E+03
7.54285E+01,7.54285E+01,7.54285E+01,7.54285E+01,7.54285E+01,1.89131E+01,7.54285E+01,7.54285E+01,7.54285E+01,7.54285E+01,7.54285E+01,7.54285E+01,7.54285E+01,7.54285E+01,7.54285E+01,7.54285E+01,7.54285E+01,7.54285E+01,7.54285E+01,7.54285E+01,7.54285E+01,7.54285E+01,7.54285E+01,7.54285E+01,7.54285E+01,7.54285E+01,1.89131E+01,7.54285E+01,7.54285E+01,7.54285E+01,1.40976E+01,7.54285E+01,7.54285E+01,7.54285E+01,7.54285E+01,7.54285E+01,7.54285E+01,7.54285E+01,7.54285E+01,7.54285E+01,7.54285E+01,7.54285E+01,7.54285E+01,7.54285E+01,7.54285E+01,7.54285E+01,7.54285E+01,7.54285E+01 
#t = 4.032E+03
7.54285E+01,7.54285E+01,7.54285E+01,7.54285E+01,7.54285E+01,7.54285E+01,7.54285E+01,7.54285E+01,7.54285E+01,1.89131E+01,7.54285E+01,7.54285E+01,7.54285E+01,7.54285E+01,7.54285E+01,7.54285E+01,7.54285E+01,7.54285E+01,7.54285E+01,7.54285E+01,7.54285E+01,7.54285E+01,7.54285E+01,7.54285E+01,7.54285E+01,7.54285E+01,7.54285E+01,7.54285E+01,1.89131E+01,7.54285E+01,7.54285E+01,7.54285E+01,7.54285E+01,7.54285E+01,7.54285E+01,7.54285E+01,7.54285E+01,7.54285E+01,7.54285E+01,7.54285E+01,7.54285E+01 
#t = 4.074E+03
7.54285E+01,7.54285E+01,7.54285E+01,7.54285E+01,7.54285E+01,7.54285E+01,7.54285E+01,7.54285E+01,7.54285E+01,7.54285E+01,7.54285E+01,7.54285E+01,7.54285E+01,3.23888E+01,7.54285E+01,7.54285E+01,7.54285E+01,7.54285E+01,7.54285E+01,7.54285E+01,7.54285E+01,7.54285E+01,7.54285E+01,3.23888E+01,7.54285E+01,7.54285E+01,7.54285E+01,7.54285E+01,3.91425E+00,7.54285E+01,7.54285E+01,7.54285E+01,7.54285E+01,7.54285E+01,7.54285E+01,7.54285E+01,7.54285E+01,7.54285E+01,7.54285E+01,7.54285E+01,7.54285E+01,4.93581E-01,7.88847E-01,7.54285E+01,1.69854E-01,3.02386E+00,7.54285E+01,7.54285E+01,7.54285E+01,4.14619E-01,7.54285E+01 
#t = 4.116E+03
7.54285E+01,7.54285E+01,7.54285E+01,7.54285E+01,7.54285E+01,7.54285E+01,7.54285E+01,7.54285E+01,7.54285E+01,7.54285E+01,7.54285E+01,7.54285E+01,7.54285E+01,7.54285E+01,7.54285E+01,7.54285E+01,7.54285E+01,7.54285E+01,7.54285E+01,7.54285E+01,7.54285E+01,7.54285E+01,7.54285E+01,7.54285E+01,7.54285E+01,7.54285E+01,7.54285E+01,7.54285E+01,7.54285E+01,7.54285E+01,7.54285E+01,7.54285E+01,7.54285E+01,7.54285E+01,7.54285E+01,7.54285E+01,7.54285E+01,7.54285E+01,7.54285E+01,7.54285E+01,7.54285E+01,7.54285E+01 
#t = 4.158E+03
7.54285E+01,7.54285E+01,7.54285E+01,7.54285E+01,7.54285E+01,7.54285E+01,7.54285E+01,7.54285E+01,7.54285E+01,7.54285E+01,7.54285E+01,7.54285E+01,7.54285E+01,7.54285E+01,7.54285E+01,7.54285E+01,7.54285E+01,7.54285E+01,7.54285E+01,7.54285E+01,7.54285E+01,7.54285E+01,7.54285E+01,7.54285E+01,7.54285E+01,7.54285E+01,7.54285E+01,7.54285E+01,7.54285E+01,7.54285E+01,7.54285E+01,7.54285E+01,7.54285E+01,7.54285E+01,7.54285E+01,7.54285E+01,7.54285E+01,7.54285E+01,7.54285E+01,7.54285E+01,7.54285E+01,7.54285E+01,7.54285E+01,7.54285E+01,7.54285E+01,7.54285E+01,7.54285E+01,7.54285E+01,7.54285E+01,7.54285E+01,7.54285E+01,7.54285E+01,8.09330E+01,7.54285E+01,7.54285E+01,7.54285E+01,7.54285E+01,7.54285E+01 
#t = 4.200E+03
7.54285E+01,7.54285E+01,7.54285E+01,7.54285E+01,7.54285E+01,7.54285E+01,7.54285E+01,4.47884E+01,7.54285E+01,7.54285E+01,7.54285E+01,7.54285E+01,7.54285E+01,7.54285E+01,7.54285E+01,7.54285E+01,7.54285E+01,7.54285E+01,7.54285E+01,7.54285E+01,7.54285E+01,7.54285E+01,7.54285E+01,7.54285E+01,7.54285E+01,7.54285E+01,7.54285E+01,7.54285E+01,7.54285E+01,7.54285E+01,7.54285E+01,7.54285E+01,7.54285E+01,7.54285E+01,7.54285E+01,7.54285E+01,8.09330E+01,7.54285E+01,7.54285E+01,7.54285E+01,7.54285E+01,7.54285E+01,7.54285E+01,7.54285E+01,7.54285E+01,7.54285E+01,7.54285E+01,7.54285E+01,7.54285E+01,7.54285E+01,7.54285E+01,7.54285E+01,7.54285E+01,7.54285E+01,7.54285E+01,7.54285E+01 
