#t = 0.000E+00
2.43789E-01,1.15622E-01,5.17633E-01,5.67557E+00,1.06240E+00 
#t = 4.200E+01
7.91704E+00,3.84865E-02 
#t = 8.401E+01
9.86596E-01,2.20369E+00 
#t = 1.260E+02
7.66356E+00,6.47454E+00,2.11746E+00,3.13610E-02 
#t = 1.680E+02
3.20221E+01,1.15474E+01,3.20221E+01,1.15474E+01,3.20221E+01,3.20221E+01,4.13016E+00,3.20221E+01,1.15474E+01,1.15474E+01,1.41806E+00,1.15474E+01 
#t = 2.100E+02
1.15474E+01,1.15474E+01,3.20221E+01,1.15474E+01,1.15474E+01,1.15474E+01,1.15474E+01,3.20221E+01,1.15474E+01,7.99009E+00,3.20221E+01,3.20221E+01,3.20221E+01,1.15474E+01,6.46390E-01,3.86016E-02,1.15474E+01,1.51694E-01,3.20221E+01,3.20221E+01 
#t = 2.520E+02
1.15474E+01,1.15474E+01,3.20221E+01,3.20221E+01,3.20221E+01,1.15474E+01,1.15474E+01,1.15474E+01,3.20221E+01,1.10586E+01,1.15474E+01,3.20221E+01,1.15474E+01,1.15474E+01,1.15474E+01,1.15474E+01,3.20221E+01,1.15474E+01,1.15474E+01,3.20221E+01,3.20221E+01,3.20221E+01,1.15474E+01,3.20221E+01,2.88177E+00,3.20221E+01,3.20221E+01,3.20221E+01,1.15474E+01 
#t = 2.940E+02
1.15474E+01,3.20221E+01,3.20221E+01,1.15474E+01,1.15474E+01,1.15474E+01,1.15474E+01,1.15474E+01,1.10586E+01,1.10586E+01,1.15474E+01,3.20221E+01,3.20221E+01,1.15474E+01,3.20221E+01,3.20221E+01,3.20221E+01,1.15474E+01,3.20221E+01,3.20221E+01,3.20221E+01,1.10586E+01,1.15474E+01,3.20221E+01,3.20221E+01,3.20221E+01,3.20221E+01,1.19521E+00,3.20221E+01,3.83089E+00,3.20221E+01 
#t = 3.360E+02
1.15474E+01,3.20221E+01,1.15474E+01,3.20221E+01,3.20221E+01,1.15474E+01,1.15474E+01,3.20221E+01,3.20221E+01,1.18336E+01,3.20221E+01,3.20221E+01,3.20221E+01,3.20221E+01,1.16435E+01,3.20221E+01,3.20221E+01,3.20221E+01,3.20221E+01,3.20221E+01,3.20221E+01,3.20221E+01,1.15474E+01,3.20221E+01,1.16435E+01,3.20221E+01,3.20221E+01,3.20221E+01,3.20221E+01,3.20221E+01,3.20221E+01,1.15474E+01,1.15474E+01,1.16435E+01 
#t = 3.780E+02
1.15474E+01,1.15474E+01,3.20221E+01,3.20221E+01,2.07823E+01,1.16435E+01,1.16435E+01,1.16435E+01,3.20221E+01,3.20221E+01,3.20221E+01,6.54553E+01,6.54553E+01,3.20221E+01,1.16435E+01,3.20221E+01,3.20221E+01,3.20221E+01,3.20221E+01,6.54553E+01,3.20221E+01,3.20221E+01 
#t = 4.200E+02
6.54553E+01,1.16435E+01,1.16435E+01,1.15474E+01,1.16435E+01,6.54553E+01,1.16435E+01,6.54553E+01,6.54553E+01,6.54553E+01,1.16435E+01,6.54553E+01,6.54553E+01,1.16435E+01,6.54553E+01,3.20221E+01,3.20221E+01,6.54553E+01,6.54553E+01,1.16435E+01,6.54553E+01,1.16435E+01,6.54553E+01,1.16435E+01,6.54553E+01,1.16435E+01,1.16435E+01,3.20221E+01,3.20221E+01,6.54553E+01,6.42021E-01,6.54553E+01,1.16435E+01,6.54553E+01 
#t = 4.620E+02
1.15474E+01,3.20221E+01,6.54553E+01,6.54553E+01,6.54553E+01,3.20221E+01,6.54553E+01,1.16435E+01,6.54553E+01,1.16435E+01,3.20221E+01,6.54553E+01,6.54553E+01,1.16435E+01,6.54553E+01,6.54553E+01,6.54553E+01,6.54553E+01,6.54553E+01,6.54553E+01,6.54553E+01,6.54553E+01,3.57125E+01,6.54553E+01,1.16435E+01,1.15474E+01,3.57125E+01,6.54553E+01,3.57125E+01,3.57125E+01,6.54553E+01,6.54553E+01,3.57125E+01,6.54553E+01,3.42887E+00,1.15474E+01,6.54553E+01,6.54553E+01,6.54553E+01,6.54553E+01,6.54553E+01,6.54553E+01,6.54553E+01,1.36564E+00,1.92631E+00 
#t = 5.040E+02
3.20221E+01,3.57125E+01,6.54553E+01,6.54553E+01,3.57125E+01,6.54553E+01,6.54553E+01,6.54553E+01,6.54553E+01,6.54553E+01,6.54553E+01,3.20221E+01,1.15474E+01,6.54553E+01,6.54553E+01,6.54553E+01,3.20221E+01,6.54553E+01,3.20221E+01,6.54553E+01,6.54553E+01,6.54553E+01,3.20221E+01,3.20221E+01,3.20221E+01,6.54553E+01,6.54553E+01,3.57125E+01,6.54553E+01,3.57125E+01,3.57125E+01,6.54553E+01,6.54553E+01,6.54553E+01,3.20221E+01,6.54553E+01,3.20221E+01,6.54553E+01 
#t = 5.460E+02
3.57125E+01,3.20221E+01,3.20221E+01,6.54553E+01,3.57125E+01,6.54553E+01,3.57125E+01,3.57125E+01,3.57125E+01,3.57125E+01,6.54553E+01,3.57125E+01,3.57125E+01,6.54553E+01,3.57125E+01,3.57125E+01,3.57125E+01,3.57125E+01,3.57125E+01,3.57125E+01,5.10536E+01,3.57125E+01,6.54553E+01,6.54553E+01,1.12704E+01,3.20221E+01,3.20221E+01,1.12704E+01,6.54553E+01,6.54553E+01,6.54553E+01,3.57125E+01,6.54553E+01,3.57125E+01,5.10536E+01,3.57125E+01,6.54553E+01,6.54553E+01,3.20221E+01,3.20221E+01,3.57125E+01,3.57125E+01,4.07520E+01,3.57125E+01,6.54553E+01,6.54553E+01,3.57125E+01,3.57125E+01,6.46111E-01 
#t = 5.880E+02
3.57125E+01,5.10536E+01,3.20221E+01,5.10536E+01,3.57125E+01,3.57125E+01,3.57125E+01,5.10536E+01,6.54553E+01,6.54553E+01,6.54553E+01,6.54553E+01,3.57125E+01,6.54553E+01,6.54553E+01,6.54553E+01,3.57125E+01,3.57125E+01,6.54553E+01,5.10536E+01,6.54553E+01,6.54553E+01,3.57125E+01,3.20221E+01,5.10536E+01,3.20221E+01,1.38227E-01,5.10536E+01,6.54553E+01,3.57125E+01,3.57125E+01,6.54553E+01,1.43309E+00,6.54553E+01,2.23625E-01 
#t = 6.300E+02
6.54553E+01,6.54553E+01,6.54553E+01,3.57125E+01,5.10536E+01,6.54553E+01,5.59528E+01,6.54553E+01,5.10536E+01,5.10536E+01,3.57125E+01,3.20221E+01,6.54553E+01,6.54553E+01,6.54553E+01,5.10536E+01,6.54553E+01,5.10536E+01,6.54553E+01,6.54553E+01,3.20221E+01,5.10536E+01,5.59528E+01,6.54553E+01,7.26634E+00,3.20221E+01,6.54553E+01,6.54553E+01,6.54553E+01,3.20221E+01,6.54553E+01,6.54553E+01,6.54553E+01,1.89836E+00,5.32635E-01,6.54553E+01 
#t = 6.720E+02
6.54553E+01,3.20221E+01,3.20221E+01,6.54553E+01,6.54553E+01,6.54553E+01,2.09985E+01,2.09985E+01,6.54553E+01,6.54553E+01,6.54553E+01,6.54553E+01,6.54553E+01,6.54553E+01,6.54553E+01,6.54553E+01,6.54553E+01,3.20221E+01,6.54553E+01,6.54553E+01,6.54553E+01,1.95348E+01,1.95348E+01,5.10536E+01,1.95348E+01,6.54553E+01,2.09985E+01,5.10536E+01,6.54553E+01,5.10536E+01,6.54553E+01,6.54553E+01,6.54553E+01,7.03487E-02,2.09985E+01,6.54553E+01,6.54553E+01,1.34763E+00,1.95348E+01,6.54553E+01,6.54553E+01,1.95348E+01 
#t = 7.140E+02
6.54553E+01,2.09985E+01,6.54553E+01,1.95348E+01,6.54553E+01,6.54553E+01,5.10536E+01,5.10536E+01,6.54553E+01,2.09985E+01,6.54553E+01,6.54553E+01,6.54553E+01,5.10536E+01,6.54553E+01,5.43231E+01,6.54553E+01,6.54553E+01,6.54553E+01,1.95348E+01,6.54553E+01,6.54553E+01,5.10536E+01,3.20221E+01,1.95348E+01,1.95348E+01,5.10536E+01,6.54553E+01,1.95348E+01,2.09985E+01,2.09985E+01,6.54553E+01,6.54553E+01,1.95348E+01,3.20221E+01,5.10536E+01,3.20221E+01,3.20221E+01,2.09985E+01,2.09985E+01,2.09985E+01,1.72465E+00,1.30119E-01,1.06783E+01 
#t = 7.560E+02
2.09985E+01,6.54553E+01,6.54553E+01,6.54553E+01,1.95348E+01,2.09985E+01,2.09985E+01,1.95348E+01,1.95348E+01,1.95348E+01,2.09985E+01,6.54553E+01,6.54553E+01,1.95348E+01,1.95348E+01,6.54553E+01,2.09985E+01,6.54553E+01,1.95348E+01,1.95348E+01,6.54553E+01,6.54553E+01,6.54553E+01,2.09985E+01,2.09985E+01,2.09985E+01,1.95348E+01,6.54553E+01,2.09985E+01,6.54553E+01,5.57015E-01,2.09985E+01,6.54553E+01,2.09985E+01,1.95348E+01,2.58824E+00,2.27185E+00 
#t = 7.980E+02
6.54553E+01,6.54553E+01,1.95348E+01,6.54553E+01,6.54553E+01,6.54553E+01,6.54553E+01,6.54553E+01,2.09985E+01,6.54553E+01,6.54553E+01,6.54553E+01,6.54553E+01,6.54553E+01,6.54553E+01,8.87854E+00,2.09985E+01,6.54553E+01,6.54553E+01,6.54553E+01,1.17991E+01,6.54553E+01,6.54553E+01,6.54553E+01,6.54553E+01,6.54553E+01,6.54553E+01,6.54553E+01,6.54553E+01,6.54553E+01,6.54553E+01,1.58087E+02,1.88159E-01,6.54553E+01,1.58087E+02,6.54553E+01,5.98733E+00,1.58087E+02,6.54553E+01,6.54553E+01,6.54553E+01,6.54553E+01 
#t = 8.400E+02
6.54553E+01,6.54553E+01,6.54553E+01,6.54553E+01,6.54553E+01,6.54553E+01,1.95348E+01,1.40137E+01,1.95348E+01,1.22919E+01,6.54553E+01,1.40137E+01,6.54553E+01,6.54553E+01,6.54553E+01,6.54553E+01,6.54553E+01,6.54553E+01,6.54553E+01,6.54553E+01,6.54553E+01,6.54553E+01,1.07981E+01,6.54553E+01,6.54553E+01,6.54553E+01,6.54553E+01,6.54553E+01,6.54553E+01,6.54553E+01,6.54553E+01,1.40137E+01,6.54553E+01,1.18423E+01,6.54553E+01,1.05903E+00,6.54553E+01,1.40137E+01,7.20210E-01,1.05512E+01 
#t = 8.820E+02
6.54553E+01,6.54553E+01,6.54553E+01,6.54553E+01,6.54553E+01,6.54553E+01,6.54553E+01,1.40137E+01,6.54553E+01,1.40137E+01,6.54553E+01,6.54553E+01,6.54553E+01,6.54553E+01,6.54553E+01,6.54553E+01,6.54553E+01,6.54553E+01,1.40137E+01,6.54553E+01,1.40137E+01,1.40137E+01,6.54553E+01,6.54553E+01,6.54553E+01,6.54553E+01,6.54553E+01,6.54553E+01,6.54553E+01,6.54553E+01,6.54553E+01,6.54553E+01,6.54553E+01,1.55336E+00,6.54553E+01,6.54553E+01,6.54553E+01,6.54553E+01,6.54553E+01 
#t = 9.240E+02
6.54553E+01,6.54553E+01,6.54553E+01,6.54553E+01,6.54553E+01,1.40137E+01,6.54553E+01,6.54553E+01,6.54553E+01,6.54553E+01,6.54553E+01,6.54553E+01,6.54553E+01,6.54553E+01,6.54553E+01,6.54553E+01,1.40137E+01,6.54553E+01,6.54553E+01,6.54553E+01,6.54553E+01,6.54553E+01,6.54553E+01,6.54553E+01,6.54553E+01,6.54553E+01,6.54553E+01,6.54553E+01,1.40137E+01,6.54553E+01,6.54553E+01,6.54553E+01,6.54553E+01,6.54553E+01,6.54553E+01,1.41561E+00,1.41915E-02,6.54553E+01,6.54553E+01,6.54553E+01,6.54553E+01,5.20319E-01,6.32514E-01,1.40137E+01,6.54553E+01,6.54553E+01,6.54553E+01,5.25924E-01 
#t = 9.660E+02
6.54553E+01,6.54553E+01,6.54553E+01,6.54553E+01,6.54553E+01,6.54553E+01,6.54553E+01,6.54553E+01,6.54553E+01,6.54553E+01,6.54553E+01,6.54553E+01,1.40137E+01,6.54553E+01,6.54553E+01,6.54553E+01,6.54553E+01,6.54553E+01,6.54553E+01,6.54553E+01,6.54553E+01,6.54553E+01,7.99936E+00,6.54553E+01,6.54553E+01,6.54553E+01,6.54553E+01,6.54553E+01,6.54553E+01,6.54553E+01,6.54553E+01,6.54553E+01,4.12794E+00,6.54553E+01 
#t = 1.008E+03
6.54553E+01,6.54553E+01,6.54553E+01,1.02655E+01,6.54553E+01,6.54553E+01,6.54553E+01,1.38404E+01,6.54553E+01,6.54553E+01,6.54553E+01,6.54553E+01,6.54553E+01,6.54553E+01,6.54553E+01,6.54553E+01,6.54553E+01,6.54553E+01,6.54553E+01,6.54553E+01,6.54553E+01,6.54553E+01,8.45978E+00,6.54553E+01,6.54553E+01,6.54553E+01,6.54553E+01,6.54553E+01,6.54553E+01,5.53242E-01,1.15984E+01,3.80813E-01,6.54553E+01,6.54553E+01,6.54553E+01,1.15984E+01 
#t = 1.050E+03
6.54553E+01,6.54553E+01,6.54553E+01,6.54553E+01,6.54553E+01,6.54553E+01,6.54553E+01,6.54553E+01,6.54553E+01,6.54553E+01,6.54553E+01,6.54553E+01,6.54553E+01,1.99157E+01,1.38404E+01,6.54553E+01,6.54553E+01,6.54553E+01,6.54553E+01,6.54553E+01,6.54553E+01,6.54553E+01,1.99157E+01,6.54553E+01,6.54553E+01,6.54553E+01,6.54553E+01,6.54553E+01,6.54553E+01,6.54553E+01,6.54553E+01,6.54553E+01,6.54553E+01,6.54553E+01,1.25221E+01,6.54553E+01,6.54553E+01,6.54553E+01 
#t = 1.092E+03
6.54553E+01,6.54553E+01,6.54553E+01,6.54553E+01,6.54553E+01,6.54553E+01,6.54553E+01,6.54553E+01,6.54553E+01,6.54553E+01,6.54553E+01,6.54553E+01,6.54553E+01,6.54553E+01,6.54553E+01,6.54553E+01,6.54553E+01,6.54553E+01,6.54553E+01,6.54553E+01,6.54553E+01,6.54553E+01,6.54553E+01,6.54553E+01,6.54553E+01,6.54553E+01,6.54553E+01,6.54553E+01,6.54553E+01,6.54553E+01,6.20212E-01,5.86928E+00,1.17581E+00,6.54553E+01,6.54553E+01,6.54553E+01,6.54553E+01,6.54553E+01,6.54553E+01,6.54553E+01,6.54553E+01,6.54553E+01,6.54553E+01 
#t = 1.134E+03
6.54553E+01,6.54553E+01,6.54553E+01,6.54553E+01,6.54553E+01,6.54553E+01,6.54553E+01,6.54553E+01,6.54553E+01,6.54553E+01,1.90995E+01,6.54553E+01,6.54553E+01,6.54553E+01,6.54553E+01,6.54553E+01,6.54553E+01,6.54553E+01,6.54553E+01,6.54553E+01,6.54553E+01,6.54553E+01,6.54553E+01,6.54553E+01,6.54553E+01,6.54553E+01,6.54553E+01,6.54553E+01,6.54553E+01,6.54553E+01,6.54553E+01,6.54553E+01,6.54553E+01,6.54553E+01,6.54553E+01,6.54553E+01,6.54553E+01,2.85508E-01,4.80427E+01,6.54553E+01,6.54553E+01,1.90905E+00,6.54553E+01,6.54553E+01,6.54553E+01,6.54553E+01 
#t = 1.176E+03
6.54553E+01,6.54553E+01,6.54553E+01,6.54553E+01,6.54553E+01,6.54553E+01,6.54553E+01,6.54553E+01,6.54553E+01,6.54553E+01,1.90995E+01,6.54553E+01,6.54553E+01,6.54553E+01,6.54553E+01,6.54553E+01,1.01166E+01,6.54553E+01,6.54553E+01,6.54553E+01,6.54553E+01,6.54553E+01,6.54553E+01,6.54553E+01,6.54553E+01,6.54553E+01,6.54553E+01,6.54553E+01,7.68515E+00,6.54553E+01,6.54553E+01,6.54553E+01,6.54553E+01,6.54553E+01,6.54553E+01,6.54553E+01,6.54553E+01,8.58003E+00,6.54553E+01,8.60095E+00,6.54553E+01 
#t = 1.218E+03
6.54553E+01,3.17219E+01,6.54553E+01,6.54553E+01,6.54553E+01,6.54553E+01,3.17219E+01,6.54553E+01,6.54553E+01,6.54553E+01,6.54553E+01,6.54553E+01,6.54553E+01,6.54553E+01,6.54553E+01,6.54553E+01,1.90995E+01,6.54553E+01,6.54553E+01,6.54553E+01,6.54553E+01,1.90995E+01,6.54553E+01,6.54553E+01,6.54553E+01,6.54553E+01,6.54553E+01,6.54553E+01,6.54553E+01,6.54553E+01,6.54553E+01,6.54553E+01,6.54553E+01,4.46981E-01,6.54553E+01 
#t = 1.260E+03
6.54553E+01,6.54553E+01,6.54553E+01,6.54553E+01,6.54553E+01,6.54553E+01,6.54553E+01,6.54553E+01,6.54553E+01,6.54553E+01,6.54553E+01,6.54553E+01,6.54553E+01,6.54553E+01,6.54553E+01,6.54553E+01,6.54553E+01,6.54553E+01,6.54553E+01,6.54553E+01,6.54553E+01,6.54553E+01,6.54553E+01,6.54553E+01,6.54553E+01,6.54553E+01,6.54553E+01,6.54553E+01,6.54553E+01,6.54553E+01,6.54553E+01,6.54553E+01,2.54940E+00,6.54553E+01,6.54553E+01,6.54553E+01,6.54553E+01,6.54553E+01,6.54553E+01,6.41658E+00,6.54553E+01,6.54553E+01,6.54553E+01,6.54553E+01,6.54553E+01,6.54553E+01,6.54553E+01,6.54553E+01 
#t = 1.302E+03
6.54553E+01,6.54553E+01,6.54553E+01,6.54553E+01,6.54553E+01,6.54553E+01,6.54553E+01,6.54553E+01,6.54553E+01,6.54553E+01,6.54553E+01,6.54553E+01,6.54553E+01,6.54553E+01,6.54553E+01,6.54553E+01,6.54553E+01,6.54553E+01,6.54553E+01,6.54553E+01,6.54553E+01,6.54553E+01,6.54553E+01,6.54553E+01,6.54553E+01,6.54553E+01,6.54553E+01,6.54553E+01,6.54553E+01,6.54553E+01,6.54553E+01,6.54553E+01,6.54553E+01,6.54553E+01,6.54553E+01,6.54553E+01,6.54553E+01,6.54553E+01,6.54553E+01,6.54553E+01,6.54553E+01,6.54553E+01,4.32419E-01,6.54553E+01,6.54553E+01 
#t = 1.344E+03
6.54553E+01,6.54553E+01,1.79273E+01,6.54553E+01,6.54553E+01,6.54553E+01,6.54553E+01,6.54553E+01,6.54553E+01,6.54553E+01,6.54553E+01,6.54553E+01,6.54553E+01,6.54553E+01,6.54553E+01,6.54553E+01,6.54553E+01,6.54553E+01,6.54553E+01,6.54553E+01,6.54553E+01,6.54553E+01,6.54553E+01,6.54553E+01,9.16258E-01,6.54553E+01,4.32233E-01,6.54553E+01,6.54553E+01,6.54553E+01,6.54553E+01,6.54553E+01,1.83149E+00 
#t = 1.386E+03
6.54553E+01,6.54553E+01,6.54553E+01,6.54553E+01,6.54553E+01,6.54553E+01,6.54553E+01,6.54553E+01,6.54553E+01,6.54553E+01,6.54553E+01,6.54553E+01,6.54553E+01,6.54553E+01,6.54553E+01,6.54553E+01,6.54553E+01,6.54553E+01,6.54553E+01,6.54553E+01,6.54553E+01,6.54553E+01,6.54553E+01,6.54553E+01,6.54553E+01,6.54553E+01,6.54553E+01,6.54553E+01,6.54553E+01,6.54553E+01,6.54553E+01,6.54553E+01,6.54553E+01,6.54553E+01,6.54553E+01,2.00955E+00,6.54553E+01,6.54553E+01,6.54553E+01,6.12155E-01,6.54553E+01 
#t = 1.428E+03
6.54553E+01,6.54553E+01,6.54553E+01,6.54553E+01,6.54553E+01,6.54553E+01,6.54553E+01,6.54553E+01,6.54553E+01,6.54553E+01,6.54553E+01,6.54553E+01,6.54553E+01,6.54553E+01,6.54553E+01,6.54553E+01,6.54553E+01,6.54553E+01,6.54553E+01,6.54553E+01,6.54553E+01,6.54553E+01,6.54553E+01,6.54553E+01,6.54553E+01,6.54553E+01,6.54553E+01,6.54553E+01,6.54553E+01,6.54553E+01,6.54553E+01,6.54553E+01,6.54553E+01,6.54553E+01,6.54553E+01,6.54553E+01,6.54553E+01,6.54553E+01,6.10344E-01,6.54553E+01,6.54553E+01,6.54553E+01 
#t = 1.470E+03
6.54553E+01,6.54553E+01,6.54553E+01,6.54553E+01,6.54553E+01,6.54553E+01,6.54553E+01,6.54553E+01,6.54553E+01,6.54553E+01,6.54553E+01,6.54553E+01,6.54553E+01,6.54553E+01,6.54553E+01,6.54553E+01,6.54553E+01,6.54553E+01,6.54553E+01,6.54553E+01,6.54553E+01,6.54553E+01,6.54553E+01,6.54553E+01,6.54553E+01,6.54553E+01,6.54553E+01,6.54553E+01,6.54553E+01,6.54553E+01,6.54553E+01,6.54553E+01,6.54553E+01,6.54553E+01,6.54553E+01,6.54553E+01,8.88552E+00,6.54553E+01,6.54553E+01,6.54553E+01,6.54553E+01,6.54553E+01,6.54553E+01,6.54553E+01,6.52151E-01,6.54553E+01,6.54553E+01,6.54553E+01,6.54553E+01,6.54553E+01,6.54553E+01,2.78652E+00 
#t = 1.512E+03
6.54553E+01,6.54553E+01,6.54553E+01,6.54553E+01,6.54553E+01,6.54553E+01,6.54553E+01,6.54553E+01,6.54553E+01,6.54553E+01,6.54553E+01,6.54553E+01,6.54553E+01,6.54553E+01,6.54553E+01,6.54553E+01,6.54553E+01,6.54553E+01,6.54553E+01,6.54553E+01,6.54553E+01,6.54553E+01,6.54553E+01,6.54553E+01,6.54553E+01,6.54553E+01,6.54553E+01,6.54553E+01,6.54553E+01,6.54553E+01,6.54553E+01,6.54553E+01,6.54553E+01,6.54553E+01,6.54553E+01,6.31265E-01 
#t = 1.554E+03
6.54553E+01,6.54553E+01,6.54553E+01,6.54553E+01,6.54553E+01,6.54553E+01,6.54553E+01,6.54553E+01,6.54553E+01,6.54553E+01,6.54553E+01,6.54553E+01,6.54553E+01,6.54553E+01,6.54553E+01,6.54553E+01,6.54553E+01,6.54553E+01,6.96137E+00,6.54553E+01,6.54553E+01,6.54553E+01,6.54553E+01,6.54553E+01,6.54553E+01,6.54553E+01,6.54553E+01,6.54553E+01,6.54553E+01,6.54553E+01,6.54553E+01,6.54553E+01,6.54553E+01,6.54553E+01,6.54553E+01,6.54553E+01,6.54553E+01,9.85900E+00,6.54553E+01,6.54553E+01 
#t = 1.596E+03
6.54553E+01,6.54553E+01,6.54553E+01,6.54553E+01,6.54553E+01,6.54553E+01,6.54553E+01,6.54553E+01,6.54553E+01,6.54553E+01,6.54553E+01,6.54553E+01,6.54553E+01,6.54553E+01,6.54553E+01,6.54553E+01,6.54553E+01,6.54553E+01,6.54553E+01,6.54553E+01,6.54553E+01,6.54553E+01,6.54553E+01,6.54553E+01,6.54553E+01,6.54553E+01,1.00914E+01,6.54553E+01,9.74163E+00,6.54553E+01,6.54553E+01,6.54553E+01,6.54553E+01,6.54553E+01,6.54553E+01,6.54553E+01,6.54553E+01,6.54553E+01,6.54553E+01,1.01414E+00,6.54553E+01,6.54553E+01 
#t = 1.638E+03
6.54553E+01,6.54553E+01,6.54553E+01,6.54553E+01,6.54553E+01,6.54553E+01,6.54553E+01,6.54553E+01,6.54553E+01,6.54553E+01,6.54553E+01,6.54553E+01,6.54553E+01,6.54553E+01,6.54553E+01,6.54553E+01,6.54553E+01,6.54553E+01,6.54553E+01,6.54553E+01,6.54553E+01,6.54553E+01,6.54553E+01,6.54553E+01,6.54553E+01,6.54553E+01,6.54553E+01,6.54553E+01,6.54553E+01,6.54553E+01,6.54553E+01,6.54553E+01,6.54553E+01,6.54553E+01,6.54553E+01,6.54553E+01,6.54553E+01,6.54553E+01 
#t = 1.680E+03
6.54553E+01,6.54553E+01,6.54553E+01,6.54553E+01,6.54553E+01,6.54553E+01,6.54553E+01,6.54553E+01,6.54553E+01,6.54553E+01,6.54553E+01,6.54553E+01,6.54553E+01,6.54553E+01,6.54553E+01,6.54553E+01,6.54553E+01,6.54553E+01,6.54553E+01,6.54553E+01,6.54553E+01,6.54553E+01,6.54553E+01,6.54553E+01,6.54553E+01,6.54553E+01,6.54553E+01,6.54553E+01,6.54553E+01,6.54553E+01,6.54553E+01,3.14298E-01,6.54553E+01,6.54553E+01,6.54553E+01,6.54553E+01,6.54553E+01,6.54553E+01,6.54553E+01,1.34182E+00,6.54553E+01,6.54553E+01 
#t = 1.722E+03
6.54553E+01,6.54553E+01,6.54553E+01,6.54553E+01,1.68091E+01,6.54553E+01,6.54553E+01,6.54553E+01,6.54553E+01,6.54553E+01,6.54553E+01,6.54553E+01,6.54553E+01,6.54553E+01,6.54553E+01,6.54553E+01,6.54553E+01,6.54553E+01,6.54553E+01,6.54553E+01,6.54553E+01,6.54553E+01,6.54553E+01,6.54553E+01,6.54553E+01,6.54553E+01,6.54553E+01,6.54553E+01,6.54553E+01,6.54553E+01,6.54553E+01,6.54553E+01,6.54553E+01,6.54553E+01,6.54553E+01,6.54553E+01,6.54553E+01,1.67232E+00,6.54553E+01,1.36168E+00,6.54553E+01 
#t = 1.764E+03
6.54553E+01,6.54553E+01,6.54553E+01,6.54553E+01,6.54553E+01,6.54553E+01,6.54553E+01,6.54553E+01,6.54553E+01,2.60735E+01,6.54553E+01,6.54553E+01,6.54553E+01,6.54553E+01,6.54553E+01,6.54553E+01,6.54553E+01,6.54553E+01,6.54553E+01,6.54553E+01,6.54553E+01,6.54553E+01,6.54553E+01,6.54553E+01,6.54553E+01,6.54553E+01,6.54553E+01,5.11444E-02,6.54553E+01,6.54553E+01,6.54553E+01,6.54553E+01,6.54553E+01,6.54553E+01,6.54553E+01,6.54553E+01,6.54553E+01,6.54553E+01,6.54553E+01,6.54553E+01,1.98542E+00 
#t = 1.806E+03
6.54553E+01,6.54553E+01,6.54553E+01,6.54553E+01,6.54553E+01,6.54553E+01,6.54553E+01,6.54553E+01,6.54553E+01,6.54553E+01,6.54553E+01,6.54553E+01,6.54553E+01,6.54553E+01,6.54553E+01,6.54553E+01,6.54553E+01,6.54553E+01,6.54553E+01,6.54553E+01,6.54553E+01,6.54553E+01,6.54553E+01,6.54553E+01,6.54553E+01,6.54553E+01,6.54553E+01,6.54553E+01,6.54553E+01,6.54553E+01,8.97797E+00,9.56082E+00,5.40275E+00,6.54553E+01,8.80468E-02,1.31426E+00,6.54553E+01,6.54553E+01 
#t = 1.848E+03
6.54553E+01,6.54553E+01,6.54553E+01,6.54553E+01,6.54553E+01,6.54553E+01,6.54553E+01,6.54553E+01,6.54553E+01,6.54553E+01,6.54553E+01,6.54553E+01,6.54553E+01,6.54553E+01,6.54553E+01,6.54553E+01,6.98991E+00,6.54553E+01,6.54553E+01,6.54553E+01,6.54553E+01,6.54553E+01,6.54553E+01,6.54553E+01,6.54553E+01,6.54553E+01,1.49949E-01,6.54553E+01,6.54553E+01,3.08905E-01,6.54553E+01,6.54553E+01,6.15821E-01 
#t = 1.890E+03
6.54553E+01,6.54553E+01,6.54553E+01,6.54553E+01,6.54553E+01,6.54553E+01,6.54553E+01,6.54553E+01,6.54553E+01,6.54553E+01,6.54553E+01,6.54553E+01,6.54553E+01,6.54553E+01,6.54553E+01,8.89466E+01,8.89466E+01,8.89466E+01,6.54553E+01,6.54553E+01,6.54553E+01,6.54553E+01,6.54553E+01,6.54553E+01,6.54553E+01,8.89466E+01,6.54553E+01,6.54553E+01,8.89466E+01,6.54553E+01,6.54553E+01,6.54553E+01,6.54553E+01,8.89466E+01,6.54553E+01,6.54553E+01,6.54553E+01,6.54553E+01,6.54553E+01,6.54553E+01,6.54553E+01,4.40232E+00,6.54553E+01,9.69692E-01,6.54553E+01,6.54553E+01,2.29105E-01,6.54553E+01,6.54553E+01,6.54553E+01,6.54553E+01,6.54553E+01 
#t = 1.932E+03
8.89466E+01,6.54553E+01,6.54553E+01,6.54553E+01,6.54553E+01,8.89466E+01,6.54553E+01,6.54553E+01,8.89466E+01,6.54553E+01,6.54553E+01,6.54553E+01,8.89466E+01,6.54553E+01,6.54553E+01,8.89466E+01,8.89466E+01,6.54553E+01,6.54553E+01,8.89466E+01,6.54553E+01,6.54553E+01,6.54553E+01,6.54553E+01,6.54553E+01,6.54553E+01,6.54553E+01,6.54553E+01,6.54553E+01,6.54553E+01,8.89466E+01,6.54553E+01,6.54553E+01,6.54553E+01,8.89466E+01,8.89466E+01,8.89466E+01,6.54553E+01,8.89466E+01,6.54553E+01,6.54553E+01,6.54553E+01,8.89466E+01,6.54553E+01,6.54553E+01,8.89466E+01 
#t = 1.974E+03
6.54553E+01,8.89466E+01,6.54553E+01,8.89466E+01,8.89466E+01,6.54553E+01,6.54553E+01,8.89466E+01,6.54553E+01,6.54553E+01,8.89466E+01,8.89466E+01,6.54553E+01,8.89466E+01,6.54553E+01,8.89466E+01,8.89466E+01,8.89466E+01,8.89466E+01,8.89466E+01,6.54553E+01,8.89466E+01,8.89466E+01,8.89466E+01,8.89466E+01,8.89466E+01,6.54553E+01,6.54553E+01,8.89466E+01,8.89466E+01,6.54553E+01,8.89466E+01,8.89466E+01,8.89466E+01,8.89466E+01,8.89466E+01,8.89466E+01,8.89466E+01,8.89466E+01,6.54553E+01,8.69654E-01,8.89466E+01,8.89466E+01,8.89466E+01,5.62854E+00,1.47771E+01,6.54553E+01,8.89466E+01,6.54553E+01,8.89466E+01 
#t = 2.016E+03
8.89466E+01,8.89466E+01,6.54553E+01,6.54553E+01,8.89466E+01,8.89466E+01,6.54553E+01,8.89466E+01,8.89466E+01,8.89466E+01,6.54553E+01,8.89466E+01,6.54553E+01,8.87210E+00,8.89466E+01,8.89466E+01,8.89466E+01,6.54553E+01,6.54553E+01,8.89466E+01,6.54553E+01,8.89466E+01,6.54553E+01,8.89466E+01,8.89466E+01,1.80797E+00,8.89466E+01,8.89466E+01,8.89466E+01,6.54553E+01,6.54553E+01,8.89466E+01,8.89466E+01,8.89466E+01,3.59883E-01,8.89466E+01,1.03496E+00 
#t = 2.058E+03
6.54553E+01,6.54553E+01,8.89466E+01,8.89466E+01,6.54553E+01,6.54553E+01,8.89466E+01,6.54553E+01,8.89466E+01,8.89466E+01,6.54553E+01,8.89466E+01,8.89466E+01,6.54553E+01,8.89466E+01,6.54553E+01,8.89466E+01,6.54553E+01,8.89466E+01,6.54553E+01,6.54553E+01,6.54553E+01,6.54553E+01,6.54553E+01,6.54553E+01,6.54553E+01,8.89466E+01,6.54553E+01,8.89466E+01,6.54553E+01,8.89466E+01,8.89466E+01,1.20174E+01,8.89466E+01,6.54553E+01,8.89466E+01,6.34031E+00,8.89466E+01,6.54553E+01,6.54553E+01,6.54553E+01,6.54553E+01 
#t = 2.100E+03
6.54553E+01,6.54553E+01,8.89466E+01,8.89466E+01,8.89466E+01,6.54553E+01,8.89466E+01,6.54553E+01,8.89466E+01,6.54553E+01,8.89466E+01,8.89466E+01,8.89466E+01,6.54553E+01,8.89466E+01,8.89466E+01,6.54553E+01,6.54553E+01,6.54553E+01,8.89466E+01,6.54553E+01,8.89466E+01,6.54553E+01,8.89466E+01,8.89466E+01,6.54553E+01,8.89466E+01,3.21748E+00,8.89466E+01,1.65034E+00,8.89466E+01,6.54553E+01,8.89466E+01,6.54553E+01,6.54553E+01,8.89466E+01,6.54553E+01,1.86871E-01,8.89466E+01,6.54553E+01,6.54553E+01,6.54553E+01 
#t = 2.142E+03
6.54553E+01,8.89466E+01,8.89466E+01,8.89466E+01,8.89466E+01,6.54553E+01,6.54553E+01,6.54553E+01,6.54553E+01,6.54553E+01,1.00505E+01,6.54553E+01,6.54553E+01,6.54553E+01,6.54553E+01,6.54553E+01,6.54553E+01,6.54553E+01,8.89466E+01,6.54553E+01,8.89466E+01,8.89466E+01,6.54553E+01,3.54453E+01,6.54553E+01,6.54553E+01,8.89466E+01,8.89466E+01,8.89466E+01,8.89466E+01,6.54553E+01,6.54553E+01,8.89466E+01,6.54553E+01,8.89466E+01,6.54553E+01,8.89466E+01,6.54553E+01,8.89466E+01,6.54553E+01,8.89466E+01,1.47721E+00,8.89466E+01,6.54553E+01,6.54553E+01,6.54553E+01,8.89466E+01,8.89466E+01,6.54553E+01,7.04452E-01 
#t = 2.184E+03
6.54553E+01,8.89466E+01,6.54553E+01,6.54553E+01,8.89466E+01,8.89466E+01,8.89466E+01,6.54553E+01,3.54453E+01,6.54553E+01,8.89466E+01,1.34372E+01,8.89466E+01,6.54553E+01,8.89466E+01,6.54553E+01,6.54553E+01,8.89466E+01,6.54553E+01,6.54553E+01,6.54553E+01,8.89466E+01,6.54553E+01,6.54553E+01,3.54453E+01,6.54553E+01,8.89466E+01,6.54553E+01,6.54553E+01,6.54553E+01,6.54553E+01,6.54553E+01,3.54453E+01,3.54453E+01,8.89466E+01,1.34372E+01,6.54553E+01,7.41566E+00,6.54553E+01,8.89466E+01,3.54453E+01,8.89466E+01,6.54553E+01,2.14759E+01,6.54553E+01,8.89466E+01,8.89466E+01,6.54553E+01 
#t = 2.226E+03
8.89466E+01,6.54553E+01,8.89466E+01,6.54553E+01,6.54553E+01,1.34372E+01,6.54553E+01,8.89466E+01,6.54553E+01,6.54553E+01,6.54553E+01,6.54553E+01,8.89466E+01,6.54553E+01,8.89466E+01,6.54553E+01,6.54553E+01,6.54553E+01,6.54553E+01,3.54453E+01,8.89466E+01,6.54553E+01,6.54553E+01,6.54553E+01,6.54553E+01,6.54553E+01,6.54553E+01,8.89466E+01,5.22108E+00,6.54553E+01,8.89466E+01,1.39930E+00,8.89466E+01,6.54553E+01,6.54553E+01,6.54553E+01 
#t = 2.268E+03
6.54553E+01,6.54553E+01,8.89466E+01,6.54553E+01,6.54553E+01,6.54553E+01,8.89466E+01,3.54453E+01,8.89466E+01,8.89466E+01,6.54553E+01,6.54553E+01,6.54553E+01,6.54553E+01,6.54553E+01,6.54553E+01,6.54553E+01,6.54553E+01,6.54553E+01,6.54553E+01,6.54553E+01,1.34372E+01,6.54553E+01,1.11106E+01,6.54553E+01,6.54553E+01,6.54553E+01,6.54553E+01,6.54553E+01,6.54553E+01,8.89466E+01,6.54553E+01,6.54553E+01,2.15717E+00,6.54553E+01,6.54553E+01,6.54553E+01,6.54553E+01,6.54553E+01,6.54553E+01,6.54553E+01,6.54553E+01,6.54553E+01,2.02055E+00,6.54553E+01,6.54553E+01 
#t = 2.310E+03
6.54553E+01,1.11106E+01,6.54553E+01,6.54553E+01,6.54553E+01,8.89466E+01,6.54553E+01,8.89466E+01,6.54553E+01,6.54553E+01,8.89466E+01,8.89466E+01,6.54553E+01,6.54553E+01,1.11106E+01,8.89466E+01,3.54453E+01,1.92188E+01,8.89466E+01,6.54553E+01,6.54553E+01,9.36718E+00,6.54553E+01,1.11106E+01,6.54553E+01,3.54453E+01,6.54553E+01,6.54553E+01,6.54553E+01,6.54553E+01,1.11106E+01,6.54553E+01,6.54553E+01,6.54553E+01,6.54553E+01,6.54553E+01,6.54553E+01,1.11106E+01,6.54553E+01,1.92188E+01,1.11106E+01,1.11106E+01,6.54553E+01,8.89466E+01,6.54553E+01 
#t = 2.352E+03
6.54553E+01,6.54553E+01,8.89466E+01,6.54553E+01,8.89466E+01,6.54553E+01,6.54553E+01,8.89466E+01,8.89466E+01,6.54553E+01,6.54553E+01,6.54553E+01,6.54553E+01,6.54553E+01,6.54553E+01,6.54553E+01,8.89466E+01,8.89466E+01,8.89466E+01,6.54553E+01,6.54553E+01,6.54553E+01,8.89466E+01,6.54553E+01,6.54553E+01,1.59503E+00,8.89466E+01,6.54553E+01,6.54553E+01,6.54553E+01,6.54553E+01 
#t = 2.394E+03
6.54553E+01,6.54553E+01,6.54553E+01,6.54553E+01,6.54553E+01,8.89466E+01,8.89466E+01,6.54553E+01,6.54553E+01,6.54553E+01,8.89466E+01,8.89466E+01,6.54553E+01,6.54553E+01,6.54553E+01,8.89466E+01,6.54553E+01,8.89466E+01,6.54553E+01,6.54553E+01,8.89466E+01,1.21043E+01,6.54553E+01,6.54553E+01,6.54553E+01,8.89466E+01,6.54553E+01,6.54553E+01,6.54553E+01,6.54553E+01,6.54553E+01,8.89466E+01,9.57398E-01,8.89466E+01,6.54553E+01,6.54553E+01,6.54553E+01,8.89466E+01,1.56873E-01,6.54553E+01,8.89466E+01,6.54553E+01,6.54553E+01,6.54553E+01,8.89466E+01,4.21914E-01,8.89466E+01 
#t = 2.436E+03
6.54553E+01,6.54553E+01,6.54553E+01,8.89466E+01,6.54553E+01,8.89466E+01,6.54553E+01,6.54553E+01,6.54553E+01,6.54553E+01,6.54553E+01,6.54553E+01,6.54553E+01,6.54553E+01,6.54553E+01,6.54553E+01,6.54553E+01,6.54553E+01,6.54553E+01,6.54553E+01,6.54553E+01,6.54553E+01,6.54553E+01,6.54553E+01,6.54553E+01,6.54553E+01,6.54553E+01,6.54553E+01,6.54553E+01,6.54553E+01,6.54553E+01,6.54553E+01,6.54553E+01,6.54553E+01,6.54553E+01,7.52226E+00,6.54553E+01,6.54553E+01,6.54553E+01,6.54553E+01,6.54553E+01 
#t = 2.478E+03
6.54553E+01,8.89466E+01,6.54553E+01,6.54553E+01,6.54553E+01,6.54553E+01,6.54553E+01,6.54553E+01,6.54553E+01,6.54553E+01,6.54553E+01,6.54553E+01,6.54553E+01,6.54553E+01,6.54553E+01,6.54553E+01,6.54553E+01,6.54553E+01,8.89466E+01,6.54553E+01,6.54553E+01,6.54553E+01,6.54553E+01,6.54553E+01,6.54553E+01,6.54553E+01,6.54553E+01,6.54553E+01,6.54553E+01,6.54553E+01,6.54553E+01,6.54553E+01,6.54553E+01,6.54553E+01,6.54553E+01,1.89518E+01,6.54553E+01,6.54553E+01,3.50121E-01,6.54553E+01,6.54553E+01,6.54553E+01,6.54553E+01 
#t = 2.520E+03
8.89466E+01,6.54553E+01,6.54553E+01,6.54553E+01,6.54553E+01,6.54553E+01,6.54553E+01,6.54553E+01,6.54553E+01,6.54553E+01,6.54553E+01,6.54553E+01,6.54553E+01,6.54553E+01,6.54553E+01,6.54553E+01,6.54553E+01,6.54553E+01,1.05408E+01,6.54553E+01,6.54553E+01,6.54553E+01,6.54553E+01,6.54553E+01,6.54553E+01,6.54553E+01,6.54553E+01,1.05408E+01,6.54553E+01,6.54553E+01,6.54553E+01,6.54553E+01,6.54553E+01,6.54553E+01,6.54553E+01,6.54553E+01,6.54553E+01,6.54553E+01,6.54553E+01,2.64620E+00,6.54553E+01,2.83719E+00 
#t = 2.562E+03
6.54553E+01,6.54553E+01,6.54553E+01,6.54553E+01,6.54553E+01,6.54553E+01,8.89466E+01,6.54553E+01,6.54553E+01,6.54553E+01,6.54553E+01,6.54553E+01,6.54553E+01,6.54553E+01,6.54553E+01,6.54553E+01,8.89466E+01,6.54553E+01,1.24406E+01,6.54553E+01,6.54553E+01,6.54553E+01,7.62849E+00,8.89466E+01,6.54553E+01,6.54553E+01,6.54553E+01,6.54553E+01,6.54553E+01,6.54553E+01,6.54553E+01,6.54553E+01,6.54553E+01,6.54553E+01,8.89466E+01,6.54553E+01,6.54553E+01,1.30505E+01,6.54553E+01,6.54553E+01,6.54553E+01,6.54553E+01,6.54553E+01,6.54553E+01,8.89466E+01,1.30505E+01,2.44769E+00 
#t = 2.604E+03
6.54553E+01,6.54553E+01,6.54553E+01,6.54553E+01,6.54553E+01,8.89466E+01,6.54553E+01,1.24406E+01,6.54553E+01,6.54553E+01,6.54553E+01,6.54553E+01,6.54553E+01,6.54553E+01,8.89466E+01,8.89466E+01,6.54553E+01,8.89466E+01,6.54553E+01,6.54553E+01,8.89466E+01,8.89466E+01,6.54553E+01,6.54553E+01,6.54553E+01,6.54553E+01,6.54553E+01,6.54553E+01,6.54553E+01,6.54553E+01,1.82634E+01,8.89466E+01,6.54553E+01,6.54553E+01,2.54820E+00,6.54553E+01,6.54553E+01,6.54553E+01 
#t = 2.646E+03
6.54553E+01,8.89466E+01,6.54553E+01,8.89466E+01,6.54553E+01,6.54553E+01,6.54553E+01,5.15305E+01,6.54553E+01,8.89466E+01,6.54553E+01,6.54553E+01,6.54553E+01,6.54553E+01,6.54553E+01,8.89466E+01,8.89466E+01,8.89466E+01,6.54553E+01,8.89466E+01,6.54553E+01,6.54553E+01,6.54553E+01,6.54553E+01,6.54553E+01,8.89466E+01,8.89466E+01,8.89466E+01,8.89466E+01,6.54553E+01,6.54553E+01,6.54553E+01,6.54553E+01,8.89466E+01,8.89466E+01,8.89466E+01,4.38039E-01,1.88971E-01,6.17895E-01,6.54553E+01,5.15305E+01,8.89466E+01,6.54553E+01 
#t = 2.688E+03
6.54553E+01,8.89466E+01,6.54553E+01,6.54553E+01,6.54553E+01,8.89466E+01,8.89466E+01,8.89466E+01,8.89466E+01,6.54553E+01,6.54553E+01,8.89466E+01,6.54553E+01,8.89466E+01,8.89466E+01,8.89466E+01,8.89466E+01,6.54553E+01,6.54553E+01,6.54553E+01,6.54553E+01,8.89466E+01,8.89466E+01,8.89466E+01,8.89466E+01,5.15305E+01,8.89466E+01,2.11602E+01,8.89466E+01,6.54553E+01,8.89466E+01,5.15305E+01,8.89466E+01,8.89466E+01,6.54553E+01,8.89466E+01,8.89466E+01,6.54553E+01,8.89466E+01,8.89466E+01,6.54553E+01,8.89466E+01,8.89466E+01,6.54553E+01,8.89466E+01,6.54553E+01,8.89466E+01,8.89466E+01,8.89466E+01,5.10719E-01 
#t = 2.730E+03
5.15305E+01,8.89466E+01,6.54553E+01,8.89466E+01,8.89466E+01,8.89466E+01,8.89466E+01,6.54553E+01,6.54553E+01,8.89466E+01,2.53199E+01,6.54553E+01,8.89466E+01,2.53199E+01,6.54553E+01,6.54553E+01,8.89466E+01,6.54553E+01,8.89466E+01,8.89466E+01,6.54553E+01,8.89466E+01,5.15305E+01,8.89466E+01,8.89466E+01,1.52334E+01,6.54553E+01,6.54553E+01,8.89466E+01,8.89466E+01,8.89466E+01,8.89466E+01,8.89466E+01,8.89466E+01,8.89466E+01,6.54553E+01,8.89466E+01,6.54553E+01,8.89466E+01,8.89466E+01,8.89466E+01,8.89466E+01,8.89466E+01,6.54553E+01,6.54553E+01,5.19079E-01,8.89466E+01,8.89466E+01 
#t = 2.772E+03
6.54553E+01,8.89466E+01,2.53199E+01,6.54553E+01,8.89466E+01,8.89466E+01,8.89466E+01,8.89466E+01,8.89466E+01,8.89466E+01,8.89466E+01,8.89466E+01,8.89466E+01,8.89466E+01,8.89466E+01,8.89466E+01,8.89466E+01,8.89466E+01,6.54553E+01,8.89466E+01,8.89466E+01,8.89466E+01,8.89466E+01,8.89466E+01,8.89466E+01,5.15305E+01,8.89466E+01,8.89466E+01,8.89466E+01,8.89466E+01,6.54553E+01,8.89466E+01,6.54553E+01,8.89466E+01,8.89466E+01,5.15305E+01,8.89466E+01,8.40837E+00,8.89466E+01,8.89466E+01,8.89466E+01,8.89466E+01,8.89466E+01,8.89466E+01,8.89466E+01,8.89466E+01,8.89466E+01 
#t = 2.814E+03
8.89466E+01,8.89466E+01,8.89466E+01,8.89466E+01,8.89466E+01,8.89466E+01,8.89466E+01,8.89466E+01,8.89466E+01,8.89466E+01,7.85231E+00,8.89466E+01,8.89466E+01,8.89466E+01,8.89466E+01,8.89466E+01,8.89466E+01,8.89466E+01,8.89466E+01,8.89466E+01,8.89466E+01,8.89466E+01,8.89466E+01,8.89466E+01,8.89466E+01,8.89466E+01,8.89466E+01,8.89466E+01,8.89466E+01,8.89466E+01,8.89466E+01,8.89466E+01,8.89466E+01,8.89466E+01,8.89466E+01,8.89466E+01,8.89466E+01 
#t = 2.856E+03
8.89466E+01,8.89466E+01,8.89466E+01,8.89466E+01,8.89466E+01,8.89466E+01,8.89466E+01,8.89466E+01,8.89466E+01,8.89466E+01,8.89466E+01,8.89466E+01,8.89466E+01,8.89466E+01,8.89466E+01,8.89466E+01,8.89466E+01,8.89466E+01,8.89466E+01,8.89466E+01,8.89466E+01,8.89466E+01,8.89466E+01,8.89466E+01,8.89466E+01,8.89466E+01,8.89466E+01,8.89466E+01,8.89466E+01,8.89466E+01,8.89466E+01,8.89466E+01,8.89466E+01,8.89466E+01,8.89466E+01,8.89466E+01,8.89466E+01,6.34643E+00,8.89466E+01,8.89466E+01,8.89466E+01,2.62793E-02,8.89466E+01,2.50072E+00,8.89466E+01 
#t = 2.898E+03
8.89466E+01,2.39695E+01,8.89466E+01,8.89466E+01,8.89466E+01,8.89466E+01,8.89466E+01,8.89466E+01,8.89466E+01,8.89466E+01,8.89466E+01,8.89466E+01,8.89466E+01,8.89466E+01,8.89466E+01,8.89466E+01,8.89466E+01,8.89466E+01,8.89466E+01,8.89466E+01,8.89466E+01,8.89466E+01,8.89466E+01,8.89466E+01,8.89466E+01,8.89466E+01,8.89466E+01,8.45286E+00,8.89466E+01,8.89466E+01,8.89466E+01,8.89466E+01,2.12269E+01,8.89466E+01,8.89466E+01,8.89466E+01,8.89466E+01,8.89466E+01,8.89466E+01,8.89466E+01,4.92828E+00,8.89466E+01,8.89466E+01,8.89466E+01,8.89466E+01,7.99601E-01 
#t = 2.940E+03
8.89466E+01,8.89466E+01,2.12269E+01,8.89466E+01,8.89466E+01,8.89466E+01,8.89466E+01,8.89466E+01,8.89466E+01,8.89466E+01,8.89466E+01,8.89466E+01,8.89466E+01,8.89466E+01,8.89466E+01,8.89466E+01,8.89466E+01,8.89466E+01,8.89466E+01,8.89466E+01,8.89466E+01,8.89466E+01,8.89466E+01,5.00899E+00,8.89466E+01,8.89466E+01,1.39826E+00,8.89466E+01,8.89466E+01,8.89466E+01,8.89466E+01,8.89466E+01,1.62180E+00,8.89466E+01,1.09642E+01,8.89466E+01,4.46923E-01,8.89466E+01 
#t = 2.982E+03
8.89466E+01,8.89466E+01,8.89466E+01,8.89466E+01,8.89466E+01,8.89466E+01,8.89466E+01,8.89466E+01,8.89466E+01,8.89466E+01,8.89466E+01,8.89466E+01,8.89466E+01,8.89466E+01,8.89466E+01,8.70706E+00,8.89466E+01,8.89466E+01,8.89466E+01,8.89466E+01,8.89466E+01,8.89466E+01,8.89466E+01,8.89466E+01,8.89466E+01,8.89466E+01,8.89466E+01,8.89466E+01,8.89466E+01,8.89466E+01,8.89466E+01,8.89466E+01,8.89466E+01,8.89466E+01,1.28910E-01,8.89466E+01,6.85134E-01,8.89466E+01,8.89466E+01,8.89466E+01,8.89466E+01,8.89466E+01 
#t = 3.024E+03
1.14228E+01,8.89466E+01,8.89466E+01,8.89466E+01,8.89466E+01,8.89466E+01,8.89466E+01,8.89466E+01,8.89466E+01,8.89466E+01,8.89466E+01,8.89466E+01,8.89466E+01,8.89466E+01,8.89466E+01,8.89466E+01,8.89466E+01,8.89466E+01,8.89466E+01,8.89466E+01,8.89466E+01,8.89466E+01,8.89466E+01,8.89466E+01,8.89466E+01,1.28210E+01,8.89466E+01,8.89466E+01,8.89466E+01,8.89466E+01,3.61971E+00 
#t = 3.066E+03
8.89466E+01,8.89466E+01,8.89466E+01,8.89466E+01,8.89466E+01,8.89466E+01,8.89466E+01,8.89466E+01,8.89466E+01,8.89466E+01,8.89466E+01,8.89466E+01,8.89466E+01,8.89466E+01,8.89466E+01,8.89466E+01,8.89466E+01,8.89466E+01,8.89466E+01,8.89466E+01,8.89466E+01,8.89466E+01,8.89466E+01,8.89466E+01,8.89466E+01,8.89466E+01,1.34258E+01,8.89466E+01,8.89466E+01,8.89466E+01,8.89466E+01,8.89466E+01,8.89466E+01,8.89466E+01,8.89466E+01 
#t = 3.108E+03
8.89466E+01,8.89466E+01,8.89466E+01,8.89466E+01,8.89466E+01,8.89466E+01,8.89466E+01,8.89466E+01,8.89466E+01,8.89466E+01,8.89466E+01,8.89466E+01,8.89466E+01,8.89466E+01,8.89466E+01,8.89466E+01,8.89466E+01,8.89466E+01,8.89466E+01,8.89466E+01,8.89466E+01,8.89466E+01,8.89466E+01,8.89466E+01,8.89466E+01,8.89466E+01,8.89466E+01,8.89466E+01,8.89466E+01,8.89466E+01,8.89466E+01,8.89466E+01,8.89466E+01,8.89466E+01,2.75892E+01,8.89466E+01,8.89466E+01,8.89466E+01,8.89466E+01,8.89466E+01,8.89466E+01,8.89466E+01,8.89466E+01,8.89466E+01,8.89466E+01,8.89466E+01 
#t = 3.150E+03
8.89466E+01,8.89466E+01,8.89466E+01,8.89466E+01,8.89466E+01,8.89466E+01,8.89466E+01,8.89466E+01,2.75892E+01,8.89466E+01,8.89466E+01,8.89466E+01,8.89466E+01,8.89466E+01,8.89466E+01,8.89466E+01,8.89466E+01,8.89466E+01,8.89466E+01,8.89466E+01,2.75892E+01,8.89466E+01,8.89466E+01,8.89466E+01,8.89466E+01,8.89466E+01,3.03600E+01,3.03600E+01,8.89466E+01,8.89466E+01,2.75892E+01,8.89466E+01,1.51759E+00,8.89466E+01,8.89466E+01,1.06959E+00 
#t = 3.192E+03
8.89466E+01,8.89466E+01,8.89466E+01,8.89466E+01,8.89466E+01,8.89466E+01,8.89466E+01,8.89466E+01,8.89466E+01,8.89466E+01,8.89466E+01,8.89466E+01,8.89466E+01,8.89466E+01,8.89466E+01,8.89466E+01,8.89466E+01,8.89466E+01,2.75892E+01,8.89466E+01,8.89466E+01,8.89466E+01,2.71884E+01,8.89466E+01,8.89466E+01,8.89466E+01,8.89466E+01,8.89466E+01,8.89466E+01,8.89466E+01,8.89466E+01,8.89466E+01,8.89466E+01,2.75892E+01,8.89466E+01,8.89466E+01,8.89466E+01,8.89466E+01,2.71884E+01,8.89466E+01,8.89466E+01,2.71884E+01,8.89466E+01,8.89466E+01,8.89466E+01,1.87411E-01,8.89466E+01,8.89466E+01 
#t = 3.234E+03
8.89466E+01,8.89466E+01,8.89466E+01,8.89466E+01,8.89466E+01,8.89466E+01,8.89466E+01,8.89466E+01,8.89466E+01,8.89466E+01,8.89466E+01,8.89466E+01,8.89466E+01,8.89466E+01,8.89466E+01,8.89466E+01,8.89466E+01,8.89466E+01,8.89466E+01,8.35134E+01,8.89466E+01,8.89466E+01,8.89466E+01,8.89466E+01,8.89466E+01,8.89466E+01,8.89466E+01,8.89466E+01,8.89466E+01,8.89466E+01,2.75892E+01,8.89466E+01,1.51394E+00,8.89466E+01,8.89466E+01,8.89466E+01,5.99002E+00,8.89466E+01,8.89466E+01,8.89466E+01 
#t = 3.276E+03
8.89466E+01,8.89466E+01,8.89466E+01,8.89466E+01,8.89466E+01,8.89466E+01,8.89466E+01,8.89466E+01,8.89466E+01,8.89466E+01,8.89466E+01,8.89466E+01,8.89466E+01,8.89466E+01,8.89466E+01,8.89466E+01,8.89466E+01,1.14119E+01,8.89466E+01,8.89466E+01,8.89466E+01,8.89466E+01,8.89466E+01,8.89466E+01,8.89466E+01,8.89466E+01,8.89466E+01,8.89466E+01,8.89466E+01,8.89466E+01,8.89466E+01,1.14119E+01,8.89466E+01,8.89466E+01,8.89466E+01,8.89466E+01,8.89466E+01,8.89466E+01,1.96590E+00,8.89466E+01,2.70229E-01,8.89466E+01 
#t = 3.318E+03
8.89466E+01,8.89466E+01,8.89466E+01,8.89466E+01,8.89466E+01,8.89466E+01,8.89466E+01,8.89466E+01,8.89466E+01,8.89466E+01,8.89466E+01,8.89466E+01,8.89466E+01,8.89466E+01,8.89466E+01,8.89466E+01,8.89466E+01,8.89466E+01,8.89466E+01,8.89466E+01,8.89466E+01,8.89466E+01,8.89466E+01,8.89466E+01,8.89466E+01,1.70378E+00,8.89466E+01,8.89466E+01,8.89466E+01,8.89466E+01,8.89466E+01,8.89466E+01,8.89466E+01,8.89466E+01,2.17295E-01,8.89466E+01,1.64317E-01,8.89466E+01,5.45119E+00,8.89466E+01,8.89466E+01,1.35432E-01,8.89466E+01,8.89466E+01,5.69061E+01,8.89466E+01,9.84028E-01,8.89466E+01 
#t = 3.360E+03
8.89466E+01,8.89466E+01,8.89466E+01,8.89466E+01,5.69061E+01,8.89466E+01,8.89466E+01,8.89466E+01,8.89466E+01,8.89466E+01,8.89466E+01,8.89466E+01,8.89466E+01,8.89466E+01,8.89466E+01,8.89466E+01,8.89466E+01,8.89466E+01,8.89466E+01,5.69061E+01,8.89466E+01,8.89466E+01,8.89466E+01,8.89466E+01,8.89466E+01,8.89466E+01,8.89466E+01,5.69061E+01,8.89466E+01,1.38812E+01,8.89466E+01,8.89466E+01,8.89466E+01,8.89466E+01,8.89466E+01,8.89466E+01,8.89466E+01 
#t = 3.402E+03
8.89466E+01,5.69061E+01,8.89466E+01,8.89466E+01,1.38812E+01,8.89466E+01,8.89466E+01,8.89466E+01,8.89466E+01,8.89466E+01,8.89466E+01,8.89466E+01,8.89466E+01,8.89466E+01,8.89466E+01,8.89466E+01,8.89466E+01,8.89466E+01,8.89466E+01,8.89466E+01,8.89466E+01,8.89466E+01,8.89466E+01,6.79417E+00,8.89466E+01,8.89466E+01,8.89466E+01,5.20299E+00,8.89466E+01,8.89466E+01,8.89466E+01,2.93589E+01,8.89466E+01,8.89466E+01,8.89466E+01,2.27190E-01 
#t = 3.444E+03
8.89466E+01,8.89466E+01,8.89466E+01,8.89466E+01,5.69061E+01,8.89466E+01,8.89466E+01,8.89466E+01,8.89466E+01,8.89466E+01,8.89466E+01,8.89466E+01,8.89466E+01,5.69061E+01,8.89466E+01,8.89466E+01,8.89466E+01,8.89466E+01,8.89466E+01,8.89466E+01,8.89466E+01,8.89466E+01,8.89466E+01,5.69061E+01,8.89466E+01,5.69061E+01,8.89466E+01,8.89466E+01,8.89466E+01,8.89466E+01,8.89466E+01,8.89466E+01,8.89466E+01,5.69061E+01,8.89466E+01,8.89466E+01,8.89466E+01,8.89466E+01,8.89466E+01,5.69061E+01,8.89466E+01,5.69061E+01,5.69061E+01,8.89466E+01,8.89466E+01,8.89466E+01,8.89466E+01 
#t = 3.486E+03
8.89466E+01,5.69061E+01,8.89466E+01,8.89466E+01,5.69061E+01,8.89466E+01,5.69061E+01,8.89466E+01,8.89466E+01,8.89466E+01,8.89466E+01,8.89466E+01,8.89466E+01,8.89466E+01,8.89466E+01,8.89466E+01,8.89466E+01,8.89466E+01,8.89466E+01,8.89466E+01,8.89466E+01,8.89466E+01,8.89466E+01,8.89466E+01,8.89466E+01,5.69061E+01,5.69061E+01,8.89466E+01,8.89466E+01,8.89466E+01,5.69061E+01,8.89466E+01,8.89466E+01,8.89466E+01,8.89466E+01,8.89466E+01,8.89466E+01,8.89466E+01,8.89466E+01,8.89466E+01 
#t = 3.528E+03
8.89466E+01,8.89466E+01,8.89466E+01,8.89466E+01,8.89466E+01,8.89466E+01,5.69061E+01,8.89466E+01,8.89466E+01,8.89466E+01,8.89466E+01,8.89466E+01,8.89466E+01,8.89466E+01,8.89466E+01,8.89466E+01,5.69061E+01,8.89466E+01,8.89466E+01,8.89466E+01,8.89466E+01,8.89466E+01,8.89466E+01,8.89466E+01,4.76624E+02,8.89466E+01,8.89466E+01,5.69061E+01,4.76624E+02,8.89466E+01,8.89466E+01,8.89466E+01,4.21398E+00,8.89466E+01,8.89466E+01,8.89466E+01,8.89466E+01,8.89466E+01,8.89466E+01,8.89466E+01 
#t = 3.570E+03
8.89466E+01,5.69061E+01,8.89466E+01,8.89466E+01,8.89466E+01,8.89466E+01,5.69061E+01,8.89466E+01,4.76624E+02,8.89466E+01,8.89466E+01,8.89466E+01,8.89466E+01,4.76624E+02,8.89466E+01,8.89466E+01,4.76624E+02,8.89466E+01,8.89466E+01,8.89466E+01,8.89466E+01,8.89466E+01,8.89466E+01,4.76624E+02,8.89466E+01,8.89466E+01,8.89466E+01,5.69061E+01,4.76624E+02,8.89466E+01,8.89466E+01,8.89466E+01,8.89466E+01,8.89466E+01,8.89466E+01,8.89466E+01,8.89466E+01,8.89466E+01,4.76624E+02,8.89466E+01,8.89466E+01,8.89466E+01,8.89466E+01,8.89466E+01,8.89466E+01,8.89466E+01,4.76624E+02,4.76624E+02,8.89466E+01,8.89466E+01,3.56670E+00,1.73800E+01,4.76624E+02,8.89466E+01 
#t = 3.612E+03
4.76624E+02,4.76624E+02,8.89466E+01,8.89466E+01,8.89466E+01,8.89466E+01,4.76624E+02,8.89466E+01,4.76624E+02,8.89466E+01,8.89466E+01,8.89466E+01,8.89466E+01,4.76624E+02,8.89466E+01,1.23241E+01,4.76624E+02,8.89466E+01,1.23241E+01,8.89466E+01,8.89466E+01,8.89466E+01,8.05618E+01,4.76624E+02,8.89466E+01,8.89466E+01,8.89466E+01,8.89466E+01,4.76624E+02,8.89466E+01,8.89466E+01,8.89466E+01,4.76624E+02,8.89466E+01,4.76624E+02,8.89466E+01 
#t = 3.654E+03
4.76624E+02,8.89466E+01,8.05618E+01,4.76624E+02,8.89466E+01,8.89466E+01,8.89466E+01,4.76624E+02,8.89466E+01,4.76624E+02,4.76624E+02,4.76624E+02,4.76624E+02,4.76624E+02,8.89466E+01,8.89466E+01,8.89466E+01,8.05618E+01,8.89466E+01,4.76624E+02,4.76624E+02,4.76624E+02,4.76624E+02,8.89466E+01,4.76624E+02,4.76624E+02,4.76624E+02,4.76624E+02,8.89466E+01,8.89466E+01,8.89466E+01,4.76624E+02,5.92300E+00,4.76624E+02,4.76624E+02,3.42585E+00,4.76624E+02,8.89466E+01,4.76624E+02,8.89466E+01,4.76624E+02,4.76624E+02,8.89466E+01,5.49649E+00,4.76624E+02 
#t = 3.696E+03
8.89466E+01,4.76624E+02,4.76624E+02,4.76624E+02,4.76624E+02,4.76624E+02,4.76624E+02,4.76624E+02,4.76624E+02,4.76624E+02,4.76624E+02,4.76624E+02,4.76624E+02,4.76624E+02,8.89466E+01,4.76624E+02,4.76624E+02,8.89466E+01,4.76624E+02,8.89466E+01,4.76624E+02,4.76624E+02,8.89466E+01,4.77239E-02,4.76624E+02,4.76624E+02,4.76624E+02,4.76624E+02,4.76624E+02,4.76624E+02,4.76624E+02,4.76624E+02,4.76624E+02,4.76624E+02,4.76624E+02,4.76624E+02,4.76624E+02,4.76624E+02,1.33300E+00,4.76624E+02,4.76624E+02,2.32468E+00,4.76624E+02,5.40688E-01,4.76624E+02 
#t = 3.738E+03
8.89466E+01,4.76624E+02,4.76624E+02,4.76624E+02,2.17864E+01,8.89466E+01,4.76624E+02,5.55042E+01,4.76624E+02,4.76624E+02,2.17864E+01,4.76624E+02,4.76624E+02,4.76624E+02,4.76624E+02,4.76624E+02,4.76624E+02,4.76624E+02,4.76624E+02,4.76624E+02,4.76624E+02,4.76624E+02,4.76624E+02,4.76624E+02,4.76624E+02,4.76624E+02,4.76624E+02,4.76624E+02,2.17864E+01,4.76624E+02,2.17864E+01,4.41055E-02,4.76624E+02,4.76624E+02,4.76624E+02,4.76624E+02,4.76624E+02,4.76624E+02,2.85370E-01,8.89466E+01 
#t = 3.780E+03
5.55042E+01,4.76624E+02,4.76624E+02,4.76624E+02,4.76624E+02,8.89466E+01,8.89466E+01,4.76624E+02,8.89466E+01,8.89466E+01,4.76624E+02,4.76624E+02,8.89466E+01,4.76624E+02,4.76624E+02,8.89466E+01,8.89466E+01,5.55042E+01,4.76624E+02,4.76624E+02,4.76624E+02,4.76624E+02,8.89466E+01,2.57695E+00,4.76624E+02,4.76624E+02,4.76624E+02,4.76624E+02,5.55042E+01,4.76624E+02,4.32333E+01,8.89466E+01,4.76624E+02,4.76624E+02,8.89466E+01,1.42027E+00,5.55042E+01,8.89466E+01,4.76624E+02,8.89466E+01,8.89466E+01,4.76624E+02,8.89466E+01,5.55042E+01,4.76624E+02,4.76624E+02,4.76624E+02 
#t = 3.822E+03
4.76624E+02,4.76624E+02,4.76624E+02,4.76624E+02,8.89466E+01,8.89466E+01,8.89466E+01,4.76624E+02,8.89466E+01,8.89466E+01,8.89466E+01,8.89466E+01,8.89466E+01,4.76624E+02,4.76624E+02,8.89466E+01,4.76624E+02,4.76624E+02,4.76624E+02,4.76624E+02,8.89466E+01,4.76624E+02,2.60538E+01,4.76624E+02,8.89466E+01,5.55042E+01,4.76624E+02,4.76624E+02,8.89466E+01,8.89466E+01,8.89466E+01,4.76624E+02,7.03572E-01,4.76624E+02,8.89466E+01,4.76624E+02,9.51724E-02,8.89466E+01,5.20773E+00,8.89466E+01,4.76624E+02,4.76624E+02,2.69040E-01 
#t = 3.864E+03
4.76624E+02,8.89466E+01,4.76624E+02,4.76624E+02,8.89466E+01,8.89466E+01,8.89466E+01,4.76624E+02,8.89466E+01,8.89466E+01,8.89466E+01,8.89466E+01,8.89466E+01,1.10730E+01,4.76624E+02,2.94117E+01,4.76624E+02,8.89466E+01,8.89466E+01,8.89466E+01,4.76624E+02,8.89466E+01,4.76624E+02,8.89466E+01,4.76624E+02,1.31917E+01,1.31917E+01,1.31917E+01,4.76624E+02,1.54726E-01,4.76624E+02,9.85300E+00,8.89466E+01 
#t = 3.906E+03
8.89466E+01,8.89466E+01,4.76624E+02,4.76624E+02,8.89466E+01,8.89466E+01,1.31917E+01,4.76624E+02,4.76624E+02,4.76624E+02,8.89466E+01,4.76624E+02,4.76624E+02,8.89466E+01,4.76624E+02,8.89466E+01,8.89466E+01,4.76624E+02,8.89466E+01,6.25349E+00,4.76624E+02,4.76624E+02,4.76624E+02,4.76624E+02,4.76624E+02,4.76624E+02,8.89466E+01,4.76624E+02,8.89466E+01,4.76624E+02,4.76624E+02,8.89466E+01,1.31917E+01,4.76624E+02,8.89466E+01,4.76624E+02,8.89466E+01,8.89466E+01,4.76624E+02,8.89466E+01,2.73898E+01,4.76624E+02,4.76624E+02,8.89466E+01,4.76624E+02,7.00631E+00,4.76624E+02 
#t = 3.948E+03
8.89466E+01,4.76624E+02,4.76624E+02,4.76624E+02,8.89466E+01,4.76624E+02,4.76624E+02,8.89466E+01,4.76624E+02,4.76624E+02,8.89466E+01,4.76624E+02,8.89466E+01,4.76624E+02,4.76624E+02,8.89466E+01,4.76624E+02,8.89466E+01,4.76624E+02,4.76624E+02,2.73158E+01,8.89466E+01,8.89466E+01,8.89466E+01,4.76624E+02,4.76624E+02,4.76624E+02,4.76624E+02,8.89466E+01,4.76624E+02,8.89466E+01,8.89466E+01,4.76624E+02,8.89466E+01,4.76624E+02,4.76624E+02,4.76624E+02,1.92060E+01,4.76624E+02,8.89466E+01,8.89466E+01,4.76624E+02,2.75502E+00,8.89466E+01,1.13969E+00,8.89466E+01 
#t = 3.990E+03
4.76624E+02,8.89466E+01,8.89466E+01,2.73158E+01,8.89466E+01,4.76624E+02,4.76624E+02,4.76624E+02,8.89466E+01,4.76624E+02,4.76624E+02,4.76624E+02,8.89466E+01,8.89466E+01,4.76624E+02,2.73158E+01,4.76624E+02,4.76624E+02,8.89466E+01,8.89466E+01,8.89466E+01,8.89466E+01,8.89466E+01,8.89466E+01,8.89466E+01,8.89466E+01,5.38015E+00,8.89466E+01,8.89466E+01,8.89466E+01,8.89466E+01,4.76624E+02,8.89466E+01,8.89466E+01,5.25851E+00,8.89466E+01,4.76624E+02,4.76624E+02,8.89466E+01,8.89466E+01 
#t = 4.032E+03
4.76624E+02,4.76624E+02,8.89466E+01,8.89466E+01,4.76624E+02,8.89466E+01,4.76624E+02,8.89466E+01,4.76624E+02,8.89466E+01,4.76624E+02,4.76624E+02,8.89466E+01,1.54497E+01,8.89466E+01,8.89466E+01,1.54497E+01,4.76624E+02,8.89466E+01,4.76624E+02,8.89466E+01,4.76624E+02,8.89466E+01,8.89466E+01,4.76624E+02,8.89466E+01,8.89466E+01,1.54497E+01,4.76624E+02,1.79090E+00,4.76624E+02,8.89466E+01,4.76624E+02,4.76624E+02,4.76624E+02,8.89466E+01,8.89466E+01,4.76624E+02,1.24828E+00,5.46162E-01,4.76624E+02,6.95305E-01 
#t = 4.074E+03
8.89466E+01,4.76624E+02,1.54497E+01,1.54497E+01,4.76624E+02,4.76624E+02,8.89466E+01,8.89466E+01,8.89466E+01,4.76624E+02,4.76624E+02,4.76624E+02,8.89466E+01,8.89466E+01,8.89466E+01,4.76624E+02,1.54497E+01,4.76624E+02,4.76624E+02,4.76624E+02,8.89466E+01,8.89466E+01,8.89466E+01,4.76624E+02,4.76624E+02,4.76624E+02,8.89466E+01,1.54497E+01,4.76624E+02,8.89466E+01,8.89466E+01,8.89466E+01,4.76624E+02,4.76624E+02,4.76624E+02,8.89466E+01,8.89466E+01,8.89466E+01,4.76624E+02,4.76624E+02,8.89466E+01,4.76624E+02,8.89466E+01,8.89466E+01,8.89466E+01 
#t = 4.116E+03
8.89466E+01,4.76624E+02,4.76624E+02,4.76624E+02,8.89466E+01,4.76624E+02,8.89466E+01,8.89466E+01,8.89466E+01,8.89466E+01,8.89466E+01,4.76624E+02,1.54497E+01,4.76624E+02,1.54497E+01,4.76624E+02,8.89466E+01,8.89466E+01,4.76624E+02,8.89466E+01,4.76624E+02,4.76624E+02,4.76624E+02,4.76624E+02,4.76624E+02,4.76624E+02,4.76624E+02,8.89466E+01,8.89466E+01,4.76624E+02,4.76624E+02,8.89466E+01,4.76624E+02,1.10103E+01,4.76624E+02,4.76624E+02,4.76624E+02,4.76624E+02,4.76624E+02,4.76624E+02,1.54497E+01,4.76624E+02,4.76624E+02,4.76624E+02,8.89466E+01,4.83725E+00,1.54497E+01,4.76624E+02,8.89466E+01,4.76624E+02,4.76624E+02,3.33443E-01,8.89466E+01,4.76624E+02,1.54497E+01,4.76624E+02,8.89466E+01 
#t = 4.158E+03
1.54497E+01,4.76624E+02,4.76624E+02,4.76624E+02,1.54497E+01,1.54497E+01,8.89466E+01,4.76624E+02,4.76624E+02,4.76624E+02,1.54497E+01,1.54497E+01,4.76624E+02,4.76624E+02,8.89466E+01,4.76624E+02,8.89466E+01,4.76624E+02,8.89466E+01,4.76624E+02,4.76624E+02,4.76624E+02,1.54497E+01,4.76624E+02,8.89466E+01,4.76624E+02,4.76624E+02,4.76624E+02,8.89466E+01,4.76624E+02,1.54497E+01,4.76624E+02,4.76624E+02,1.54497E+01,8.89466E+01,4.76624E+02,4.76624E+02,1.54497E+01,4.76624E+02,4.76624E+02,1.54497E+01,1.02405E+00,3.61143E+01,1.74686E+00,4.76624E+02,4.76624E+02,3.61143E+01,4.76624E+02,4.76624E+02,4.76624E+02,4.76624E+02,4.76624E+02,3.61143E+01 
#t = 4.200E+03
4.76624E+02,4.76624E+02,4.76624E+02,1.54497E+01,4.76624E+02,1.54497E+01,4.76624E+02,4.76624E+02,8.89466E+01,1.54497E+01,3.61143E+01,7.64580E+00,4.76624E+02,4.76624E+02,4.76624E+02,4.76624E+02,4.76624E+02,4.76624E+02,1.54497E+01,4.76624E+02,4.76624E+02,1.06748E+02,4.76624E+02,5.95619E+00,4.76624E+02,4.76624E+02,1.54497E+01,8.89466E+01,4.76624E+02,4.10530E+01,4.76624E+02,4.76624E+02,4.76624E+02,4.76624E+02,4.76624E+02,4.76624E+02,4.76624E+02,3.00183E+00,4.76624E+02 
