#t = 0.000E+00
9.36284E-01,3.05418E-02,9.38395E-01,2.44348E-01,8.33533E-01 
#t = 4.200E+01
1.44145E+01,5.54343E+00 
#t = 8.400E+01
-9999       
#t = 1.260E+02
8.66861E-01,1.26733E+00 
#t = 1.680E+02
1.02463E+01,7.20958E+00,7.53948E+00,5.76036E+00,3.02518E+00,3.94864E+00,3.60776E+00,1.42445E-01 
#t = 2.100E+02
1.08704E+01,1.39872E-01,2.21360E+00,1.38622E+00 
#t = 2.520E+02
1.79523E+01,3.06674E+00,5.28693E+00,1.39469E+00,3.13291E+00,3.10485E-01,5.46838E-01 
#t = 2.940E+02
1.52358E+01,1.52358E+01,2.35866E+01,1.52358E+01,5.19027E+00,8.34443E-02,1.71770E+00,2.35866E+01,2.35866E+01,1.37116E-01 
#t = 3.360E+02
1.52358E+01,2.35866E+01,2.35866E+01,2.35866E+01,2.35866E+01,2.35866E+01,2.35866E+01,2.35866E+01,2.35866E+01,2.35866E+01,2.35866E+01,2.35866E+01,2.35866E+01,1.44541E+01 
#t = 3.780E+02
2.35866E+01,2.35866E+01,2.35866E+01,2.35866E+01,7.86127E+00,2.35866E+01,3.01543E+01,2.35866E+01,2.04213E+01,3.01543E+01,2.35866E+01,2.35866E+01,2.35866E+01,2.35866E+01,2.35866E+01,1.52888E+01 
#t = 4.200E+02
2.35866E+01,2.35866E+01,3.01543E+01,2.35866E+01,2.35866E+01,2.35866E+01,2.35866E+01,2.35866E+01,2.35866E+01,1.57919E+01,3.01543E+01,2.35866E+01,3.01543E+01,3.01543E+01,3.01543E+01,3.01543E+01,2.35866E+01,2.35866E+01,2.35866E+01,2.35866E+01,2.35866E+01,3.01543E+01 
#t = 4.620E+02
2.35866E+01,3.01543E+01,2.35866E+01,3.01543E+01,3.01543E+01,3.01543E+01,3.01543E+01,3.01543E+01,2.35866E+01,3.01543E+01,3.01543E+01,3.01543E+01,3.01543E+01,2.35866E+01,1.57919E+01,3.33941E+01,2.35866E+01,2.35866E+01,3.01543E+01,3.01543E+01,1.29972E+00,3.01543E+01,3.01543E+01,3.01543E+01,2.95488E-01,3.01543E+01,3.99812E+00 
#t = 5.040E+02
3.01543E+01,3.01543E+01,7.58508E+01,3.01543E+01,3.01543E+01,1.15472E+01,7.58508E+01,3.01543E+01,7.58508E+01,3.01543E+01,1.22271E+01,1.57919E+01,7.58508E+01,3.01543E+01,7.58508E+01,1.57919E+01,3.01543E+01,3.01543E+01,1.57919E+01,7.58508E+01,5.15056E+01,3.01543E+01,7.58508E+01,7.58508E+01,7.58508E+01,3.01543E+01,7.58508E+01,7.58508E+01,3.01543E+01,7.58508E+01,1.57919E+01,3.01543E+01,5.40514E-01,7.58508E+01,3.01543E+01,3.01543E+01 
#t = 5.460E+02
7.58508E+01,3.01543E+01,3.01543E+01,3.01543E+01,7.58508E+01,7.58508E+01,7.58508E+01,7.58508E+01,7.58508E+01,3.01543E+01,7.58508E+01,3.01543E+01,3.01543E+01,3.01543E+01,7.58508E+01,7.58508E+01,7.58508E+01,3.01543E+01,7.58508E+01,3.01543E+01,7.58508E+01,7.58508E+01,7.58508E+01,3.01543E+01,3.01543E+01,3.01543E+01,7.58508E+01,7.58508E+01,7.88176E-01,3.01543E+01,3.01543E+01,7.58508E+01,7.58508E+01,2.67949E-01,7.58508E+01,7.58508E+01,7.58508E+01,3.01543E+01 
#t = 5.880E+02
7.58508E+01,3.01543E+01,7.58508E+01,7.58508E+01,7.58508E+01,7.58508E+01,7.58508E+01,3.01543E+01,3.01543E+01,3.01543E+01,3.01543E+01,3.01543E+01,7.58508E+01,3.01543E+01,7.58508E+01,1.66163E+01,3.01543E+01,3.01543E+01,7.58508E+01,3.01543E+01,7.58508E+01,7.58508E+01,7.58508E+01,7.58508E+01,7.58508E+01,7.58508E+01,7.58508E+01,3.01543E+01,7.58508E+01,3.01543E+01,3.01543E+01,7.58508E+01,7.58508E+01,6.24746E-01,1.88848E+00,9.89452E+00,7.92975E-01,1.66163E+01 
#t = 6.300E+02
3.01543E+01,3.01543E+01,7.58508E+01,7.58508E+01,7.58508E+01,7.58508E+01,7.58508E+01,3.01543E+01,7.58508E+01,7.58508E+01,3.01543E+01,7.58508E+01,7.58508E+01,7.58508E+01,7.58508E+01,3.01543E+01,3.01543E+01,7.58508E+01,3.01543E+01,3.01543E+01,7.58508E+01,7.58508E+01,9.53766E+00,7.58508E+01,7.58508E+01,7.58508E+01,3.01543E+01,7.58508E+01,7.58508E+01,7.58508E+01,7.58508E+01,7.58508E+01,7.58508E+01,7.58508E+01,7.58508E+01,7.58508E+01,7.58508E+01 
#t = 6.720E+02
7.58508E+01,7.58508E+01,7.58508E+01,3.01543E+01,7.58508E+01,7.58508E+01,7.58508E+01,7.58508E+01,3.01543E+01,7.58508E+01,7.58508E+01,7.58508E+01,7.58508E+01,7.58508E+01,7.58508E+01,7.58508E+01,7.58508E+01,7.58508E+01,7.58508E+01,7.58508E+01,7.58508E+01,7.58508E+01,7.58508E+01,7.58508E+01,7.58508E+01,7.58508E+01,7.58508E+01,7.58508E+01,7.58508E+01,7.58508E+01,1.17563E-01,7.58508E+01 
#t = 7.140E+02
7.58508E+01,7.58508E+01,7.58508E+01,7.58508E+01,7.58508E+01,7.58508E+01,7.58508E+01,7.58508E+01,7.58508E+01,7.58508E+01,7.58508E+01,7.58508E+01,7.58508E+01,7.58508E+01,7.58508E+01,7.58508E+01,7.58508E+01,7.58508E+01,7.58508E+01,7.58508E+01,7.58508E+01,7.58508E+01,7.58508E+01,7.58508E+01,7.58508E+01,7.58508E+01,7.58508E+01,7.58508E+01,7.58508E+01,7.58508E+01,7.58508E+01,7.58508E+01,7.58508E+01,7.58508E+01,7.58508E+01,7.58508E+01,7.58508E+01,7.58508E+01,7.58508E+01,7.58508E+01,7.58508E+01,7.58508E+01,7.58508E+01,7.58508E+01,7.58508E+01 
#t = 7.560E+02
7.58508E+01,7.58508E+01,7.58508E+01,7.58508E+01,7.58508E+01,7.58508E+01,7.58508E+01,7.58508E+01,7.58508E+01,7.58508E+01,7.58508E+01,7.58508E+01,7.58508E+01,7.58508E+01,7.58508E+01,7.58508E+01,7.58508E+01,7.58508E+01,7.58508E+01,7.58508E+01,7.58508E+01,7.58508E+01,7.58508E+01,7.58508E+01,7.58508E+01,7.58508E+01,7.58508E+01,7.58508E+01,7.58508E+01,7.58508E+01,7.58508E+01,7.58508E+01,7.58508E+01,7.58508E+01,7.58508E+01,7.58508E+01,7.58508E+01,7.58508E+01,7.58508E+01,7.58508E+01,7.58508E+01,7.58508E+01,7.58508E+01,3.93458E-02,3.11163E+00,1.12594E+00,7.58508E+01,7.58508E+01,7.58508E+01,7.58508E+01,7.58508E+01,7.58508E+01 
#t = 7.980E+02
7.58508E+01,7.58508E+01,7.58508E+01,7.58508E+01,7.58508E+01,7.58508E+01,7.58508E+01,7.58508E+01,7.58508E+01,7.58508E+01,7.58508E+01,7.58508E+01,7.58508E+01,7.58508E+01,7.58508E+01,7.58508E+01,7.58508E+01,7.58508E+01,7.58508E+01,7.58508E+01,7.58508E+01,7.58508E+01,7.58508E+01,7.58508E+01,7.58508E+01,7.58508E+01,7.58508E+01,7.58508E+01,7.58508E+01,7.58508E+01,7.58508E+01,7.58508E+01,8.45232E-01,7.58508E+01,7.58508E+01,7.58508E+01,7.58508E+01,7.58508E+01,7.58508E+01,7.58508E+01,7.58508E+01,1.93721E+00 
#t = 8.400E+02
7.58508E+01,7.58508E+01,7.58508E+01,7.58508E+01,7.58508E+01,1.06443E+01,7.58508E+01,1.06443E+01,7.58508E+01,7.58508E+01,7.58508E+01,7.58508E+01,7.58508E+01,1.96231E+01,7.58508E+01,7.58508E+01,7.58508E+01,7.58508E+01,7.58508E+01,7.58508E+01,7.58508E+01,7.58508E+01,7.58508E+01,7.58508E+01,7.58508E+01,7.58508E+01,7.58508E+01,7.58508E+01,7.58508E+01,7.58508E+01,7.58508E+01,7.58508E+01,7.58508E+01,7.58508E+01,7.58508E+01,7.58508E+01,7.58508E+01,3.42382E-01,4.63306E+00,7.58508E+01,4.47765E+00,7.58508E+01 
#t = 8.820E+02
7.58508E+01,7.58508E+01,7.58508E+01,7.58508E+01,7.58508E+01,7.58508E+01,7.58508E+01,7.58508E+01,7.58508E+01,7.58508E+01,7.58508E+01,7.58508E+01,7.58508E+01,7.58508E+01,7.58508E+01,7.58508E+01,7.58508E+01,7.58508E+01,7.58508E+01,7.58508E+01,7.58508E+01,7.58508E+01,7.58508E+01,7.58508E+01,7.58508E+01,7.58508E+01,7.58508E+01,7.58508E+01,7.58508E+01,7.58508E+01,7.58508E+01,7.58508E+01,7.58508E+01,2.45743E+00,7.58508E+01,7.58508E+01,7.58508E+01,7.58508E+01,7.58508E+01,7.58508E+01,1.32500E-01,7.58508E+01,7.58508E+01,7.58508E+01 
#t = 9.240E+02
7.58508E+01,7.58508E+01,7.58508E+01,7.58508E+01,7.58508E+01,7.58508E+01,7.58508E+01,7.58508E+01,7.58508E+01,7.58508E+01,7.58508E+01,7.58508E+01,7.58508E+01,7.58508E+01,7.58508E+01,7.58508E+01,7.58508E+01,7.58508E+01,7.58508E+01,7.58508E+01,7.58508E+01,7.58508E+01,7.58508E+01,7.58508E+01,7.58508E+01,7.58508E+01,7.58508E+01,7.58508E+01,7.58508E+01,7.58508E+01,7.58508E+01,1.57486E+01,7.58508E+01,7.58508E+01,7.58508E+01,7.58508E+01,7.58508E+01,7.58508E+01,1.42761E+00,7.58508E+01,4.82113E+01 
#t = 9.660E+02
7.58508E+01,7.58508E+01,7.58508E+01,7.58508E+01,7.58508E+01,7.58508E+01,7.58508E+01,7.58508E+01,7.58508E+01,7.58508E+01,7.58508E+01,2.53486E+01,7.58508E+01,7.58508E+01,7.58508E+01,7.58508E+01,7.58508E+01,7.58508E+01,7.58508E+01,7.58508E+01,7.13616E+00,7.58508E+01,7.58508E+01,7.58508E+01,7.58508E+01,7.58508E+01,7.58508E+01,7.58508E+01,7.58508E+01,7.58508E+01,7.58508E+01,7.58508E+01,7.58508E+01,7.58508E+01,7.58508E+01,7.58508E+01,6.62583E-01,7.58508E+01,7.58508E+01,7.58508E+01,9.24180E+00,1.81691E+00 
#t = 1.008E+03
7.58508E+01,7.58508E+01,7.58508E+01,7.58508E+01,7.58508E+01,7.58508E+01,7.58508E+01,7.58508E+01,7.58508E+01,7.58508E+01,7.58508E+01,7.58508E+01,7.58508E+01,7.58508E+01,7.58508E+01,7.58508E+01,7.58508E+01,7.58508E+01,7.58508E+01,7.58508E+01,9.12442E-01,7.58508E+01,7.58508E+01,7.58508E+01,2.56368E-01,7.58508E+01,7.58508E+01,7.58508E+01,1.28337E+01,7.58508E+01,7.58508E+01,7.58508E+01,1.28337E+01,1.28337E+01,7.58508E+01 
#t = 1.050E+03
7.58508E+01,7.58508E+01,7.58508E+01,7.58508E+01,7.58508E+01,7.58508E+01,7.58508E+01,7.58508E+01,7.58508E+01,7.58508E+01,7.58508E+01,7.58508E+01,7.58508E+01,7.58508E+01,7.58508E+01,7.58508E+01,7.58508E+01,7.58508E+01,7.58508E+01,2.45529E+01,7.58508E+01,7.58508E+01,5.28562E+00,7.58508E+01,7.58508E+01,7.58508E+01,6.40714E+00,7.58508E+01,7.58508E+01,6.43057E-01,7.58508E+01,7.58508E+01,7.58508E+01,7.58508E+01,7.58508E+01,7.58508E+01,7.58508E+01,7.58508E+01,7.58508E+01,2.45529E+01,7.58508E+01 
#t = 1.092E+03
7.58508E+01,7.58508E+01,7.58508E+01,7.58508E+01,7.58508E+01,7.58508E+01,7.58508E+01,7.58508E+01,7.58508E+01,7.58508E+01,7.58508E+01,7.58508E+01,7.58508E+01,7.58508E+01,7.58508E+01,7.58508E+01,7.58508E+01,7.58508E+01,7.58508E+01,7.58508E+01,7.58508E+01,7.58508E+01,7.58508E+01,7.58508E+01,7.58508E+01,7.58508E+01,7.58508E+01,7.58508E+01,7.58508E+01,7.66620E+00,7.58508E+01,7.58508E+01,7.58508E+01,7.58508E+01,7.58508E+01,7.58508E+01,7.58508E+01,7.58508E+01,1.83441E-01,7.58508E+01,7.58508E+01,3.45022E+00,3.44294E-01,1.01553E+00,7.58508E+01,7.58508E+01,7.58508E+01,7.58508E+01,1.36235E+01 
#t = 1.134E+03
7.58508E+01,7.58508E+01,7.58508E+01,7.58508E+01,7.58508E+01,7.58508E+01,7.58508E+01,7.58508E+01,7.58508E+01,7.58508E+01,7.58508E+01,7.58508E+01,7.58508E+01,7.58508E+01,7.58508E+01,7.58508E+01,1.08166E+01,7.58508E+01,7.58508E+01,7.58508E+01,7.58508E+01,7.58508E+01,7.58508E+01,7.58508E+01,7.58508E+01,7.58508E+01,7.58508E+01,7.58508E+01,7.58508E+01,7.58508E+01,7.58508E+01,1.07158E+01,7.58508E+01,7.58508E+01,2.00663E-02,7.58508E+01,7.58508E+01,7.58508E+01,7.58508E+01,7.58508E+01,5.61301E-01 
#t = 1.176E+03
7.58508E+01,7.58508E+01,7.58508E+01,7.58508E+01,7.58508E+01,7.58508E+01,7.58508E+01,7.58508E+01,1.10480E+01,7.58508E+01,1.45103E+01,7.58508E+01,7.58508E+01,1.47689E+01,1.10480E+01,7.58508E+01,7.58508E+01,7.58508E+01,7.58508E+01,7.58508E+01,7.58508E+01,7.58508E+01,8.87203E+00,7.58508E+01,7.58508E+01,7.58508E+01,7.58508E+01,7.58508E+01,7.58508E+01,7.58508E+01,2.05585E+01,7.58508E+01,7.58508E+01,7.58508E+01,7.58508E+01,7.58508E+01,7.58508E+01,7.58508E+01,7.58508E+01,7.58508E+01,7.58508E+01,7.58508E+01,7.58508E+01,7.58508E+01,7.58508E+01,7.58508E+01,2.51100E-01 
#t = 1.218E+03
7.58508E+01,1.47689E+01,7.58508E+01,7.58508E+01,7.58508E+01,7.58508E+01,1.45103E+01,7.58508E+01,7.58508E+01,7.58508E+01,7.58508E+01,7.58508E+01,7.58508E+01,7.58508E+01,7.58508E+01,7.58508E+01,7.58508E+01,7.58508E+01,7.58508E+01,7.58508E+01,7.58508E+01,7.58508E+01,7.58508E+01,7.58508E+01,7.58508E+01,7.58508E+01,7.58508E+01,1.47689E+01,7.58508E+01,7.58508E+01,7.58508E+01,7.58508E+01,7.58508E+01,7.58508E+01,7.58508E+01,7.58508E+01,7.58508E+01,7.58508E+01,1.45103E+01,7.88655E+00,7.58508E+01,7.58508E+01,7.58508E+01,7.58508E+01,7.58508E+01,7.58508E+01,7.58508E+01,7.58508E+01,4.50277E-01,7.58508E+01,9.26777E-01,7.58508E+01 
#t = 1.260E+03
7.58508E+01,7.58508E+01,7.58508E+01,7.58508E+01,1.45103E+01,7.58508E+01,7.58508E+01,7.58508E+01,7.58508E+01,7.58508E+01,7.58508E+01,7.58508E+01,1.47689E+01,7.58508E+01,7.58508E+01,1.47689E+01,1.45103E+01,7.58508E+01,1.45103E+01,7.58508E+01,1.47689E+01,7.58508E+01,1.47689E+01,7.58508E+01,6.00277E+00,7.58508E+01,7.58508E+01,7.58508E+01,7.58508E+01,7.58508E+01,7.58508E+01,7.58508E+01,7.58508E+01,7.48110E+00,7.58508E+01,7.58508E+01,7.58508E+01,1.47689E+01,6.76014E+00,7.58508E+01,7.58508E+01,1.47689E+01,7.48378E+00,1.45103E+01,7.58508E+01,6.62075E-01,1.08535E-01,9.59832E+00,7.58508E+01,7.58508E+01,5.42906E+00,7.58508E+01 
#t = 1.302E+03
7.58508E+01,7.58508E+01,7.58508E+01,7.58508E+01,1.47689E+01,1.47689E+01,7.58508E+01,7.58508E+01,7.58508E+01,7.58508E+01,7.58508E+01,7.58508E+01,1.47689E+01,7.58508E+01,7.58508E+01,7.42662E+00,7.58508E+01,7.58508E+01,3.96007E+00,7.58508E+01,7.58508E+01,7.58508E+01,7.58508E+01,7.58508E+01,7.58508E+01,7.58508E+01,7.58508E+01,7.58508E+01,7.58508E+01,7.58508E+01,7.58508E+01,7.58508E+01,7.58508E+01,7.58508E+01,7.58508E+01,7.58508E+01 
#t = 1.344E+03
7.58508E+01,1.47689E+01,7.58508E+01,7.58508E+01,7.58508E+01,7.58508E+01,7.58508E+01,7.58508E+01,7.58508E+01,7.58508E+01,7.58508E+01,7.58508E+01,1.47689E+01,7.58508E+01,7.58508E+01,7.58508E+01,7.58508E+01,7.58508E+01,7.58508E+01,7.58508E+01,1.47689E+01,7.58508E+01,7.58508E+01,7.58508E+01,7.58508E+01,1.47689E+01,7.58508E+01,7.58508E+01,7.58508E+01,7.58508E+01,1.47689E+01,7.58508E+01,7.58508E+01,7.58508E+01,7.58508E+01,7.58508E+01,7.58508E+01,7.58508E+01,7.58508E+01,7.58508E+01,2.49611E+01,7.58508E+01,3.78501E+00,8.49007E+00,7.58508E+01 
#t = 1.386E+03
7.58508E+01,7.58508E+01,2.49611E+01,7.58508E+01,7.58508E+01,7.58508E+01,7.58508E+01,7.58508E+01,7.58508E+01,7.58508E+01,7.58508E+01,7.58508E+01,7.58508E+01,7.58508E+01,7.58508E+01,7.58508E+01,2.49611E+01,2.49611E+01,7.58508E+01,7.58508E+01,7.58508E+01,7.58508E+01,7.58508E+01,7.58508E+01,7.58508E+01,7.58508E+01,7.58508E+01,7.58508E+01,7.58508E+01,7.58508E+01,7.58508E+01,7.58508E+01,7.58508E+01,2.49611E+01,7.58508E+01,7.58508E+01,7.58508E+01,7.58508E+01,7.58508E+01,7.58508E+01,7.58508E+01,7.58508E+01,7.58508E+01,7.58508E+01,7.58508E+01 
#t = 1.428E+03
2.49611E+01,7.58508E+01,7.58508E+01,7.58508E+01,7.58508E+01,7.58508E+01,2.49611E+01,7.58508E+01,7.58508E+01,7.58508E+01,7.58508E+01,7.58508E+01,7.58508E+01,7.58508E+01,7.58508E+01,7.58508E+01,7.58508E+01,7.58508E+01,7.58508E+01,7.58508E+01,7.58508E+01,7.58508E+01,7.58508E+01,7.58508E+01,7.58508E+01,1.22287E+00,7.58508E+01,1.85660E-01,8.73224E-01,7.58508E+01,1.35881E+00,7.58508E+01,1.28384E+00,2.86426E+00,7.58508E+01 
#t = 1.470E+03
7.58508E+01,7.58508E+01,7.58508E+01,7.58508E+01,7.58508E+01,7.58508E+01,7.58508E+01,7.58508E+01,7.58508E+01,7.58508E+01,7.58508E+01,7.58508E+01,7.58508E+01,7.58508E+01,7.58508E+01,7.58508E+01,7.58508E+01,7.58508E+01,7.58508E+01,7.58508E+01,7.58508E+01,7.58508E+01,7.58508E+01,7.58508E+01,7.58508E+01,7.58508E+01,7.58508E+01,7.58508E+01,7.58508E+01,7.58508E+01,7.58508E+01,7.58508E+01,1.87195E+00,7.58508E+01,7.58508E+01,7.58508E+01,7.58508E+01,7.58508E+01,7.58508E+01,9.06625E-01,7.58508E+01,7.95964E-02,7.58508E+01,7.58508E+01 
#t = 1.512E+03
7.58508E+01,7.58508E+01,7.58508E+01,7.58508E+01,7.58508E+01,7.58508E+01,7.58508E+01,7.58508E+01,7.58508E+01,7.58508E+01,7.58508E+01,7.58508E+01,7.58508E+01,7.58508E+01,7.58508E+01,7.58508E+01,7.58508E+01,7.58508E+01,7.58508E+01,7.58508E+01,7.58508E+01,7.58508E+01,7.58508E+01,7.58508E+01,7.58508E+01,7.58508E+01,7.58508E+01,7.58508E+01,7.58508E+01,7.58508E+01,7.58508E+01,7.58508E+01,7.58508E+01,4.50415E+00,7.58508E+01,7.58508E+01,7.58508E+01,7.58508E+01,7.58508E+01,7.58508E+01,7.58508E+01,2.88155E-01,2.14993E-01,7.58508E+01,7.58508E+01,7.58508E+01,7.58508E+01,7.58508E+01,7.58508E+01 
#t = 1.554E+03
7.58508E+01,7.58508E+01,7.58508E+01,7.58508E+01,7.58508E+01,7.58508E+01,7.58508E+01,7.58508E+01,1.86348E+01,7.58508E+01,7.58508E+01,7.58508E+01,7.58508E+01,7.58508E+01,7.58508E+01,1.03665E+01,7.58508E+01,7.58508E+01,7.58508E+01,5.56078E+00,7.58508E+01,7.58508E+01,7.58508E+01,7.58508E+01,7.58508E+01,7.58508E+01,7.58508E+01,7.58508E+01,7.58508E+01,3.34715E-01,7.58508E+01,7.58508E+01,7.58508E+01,7.58508E+01,7.58508E+01,1.56396E+01,7.58508E+01,3.18590E-01,7.58508E+01,7.58508E+01,1.56396E+01,7.58508E+01 
#t = 1.596E+03
7.58508E+01,7.58508E+01,7.58508E+01,7.58508E+01,7.58508E+01,7.58508E+01,7.58508E+01,7.58508E+01,7.58508E+01,7.58508E+01,7.58508E+01,7.58508E+01,7.58508E+01,7.58508E+01,7.58508E+01,7.58508E+01,7.58508E+01,7.58508E+01,7.58508E+01,7.58508E+01,7.58508E+01,7.58508E+01,7.58508E+01,7.58508E+01,7.58508E+01,7.58508E+01,7.58508E+01,7.58508E+01,7.58508E+01,7.58508E+01,7.58508E+01,7.54252E-01,7.58508E+01,7.58508E+01,7.58508E+01,7.58508E+01,7.58508E+01,7.58508E+01,7.58508E+01,9.27420E-01,7.58508E+01 
#t = 1.638E+03
7.58508E+01,7.58508E+01,7.58508E+01,7.58508E+01,7.58508E+01,7.58508E+01,7.58508E+01,7.58508E+01,7.58508E+01,7.58508E+01,7.58508E+01,7.58508E+01,7.58508E+01,7.58508E+01,7.58508E+01,7.58508E+01,7.58508E+01,7.58508E+01,7.58508E+01,7.58508E+01,7.58508E+01,9.48721E+00,7.58508E+01,7.58508E+01,7.58508E+01,7.58508E+01,7.58508E+01,7.58508E+01,7.58508E+01,7.58508E+01,7.58508E+01,7.58508E+01,7.58508E+01,2.14861E-01,7.58508E+01,7.58508E+01,7.58508E+01,7.58508E+01,7.58508E+01,7.58508E+01,7.58508E+01,1.38210E+00 
#t = 1.680E+03
7.58508E+01,7.58508E+01,7.58508E+01,7.58508E+01,7.58508E+01,7.58508E+01,7.58508E+01,7.58508E+01,7.58508E+01,7.58508E+01,7.58508E+01,7.58508E+01,7.58508E+01,7.58508E+01,7.58508E+01,7.58508E+01,7.58508E+01,7.58508E+01,7.58508E+01,7.58508E+01,2.84558E+01,7.58508E+01,7.58508E+01,7.58508E+01,7.58508E+01,7.58508E+01,7.58508E+01,7.58508E+01,7.58508E+01,4.34001E-02,7.58508E+01,7.58508E+01,7.58508E+01,7.58508E+01 
#t = 1.722E+03
7.58508E+01,7.58508E+01,7.58508E+01,7.58508E+01,7.58508E+01,7.58508E+01,7.58508E+01,7.58508E+01,7.58508E+01,7.58508E+01,7.58508E+01,7.58508E+01,7.58508E+01,7.58508E+01,7.58508E+01,7.58508E+01,7.58508E+01,7.58508E+01,7.58508E+01,7.58508E+01,7.58508E+01,7.58508E+01,7.58508E+01,7.58508E+01,7.58508E+01,7.58508E+01,7.58508E+01,7.58508E+01,7.58508E+01,7.58508E+01,7.58508E+01,7.58508E+01,7.58508E+01,9.45746E-02,7.58508E+01,7.58508E+01,7.58508E+01,3.09051E+00,7.58508E+01,2.05550E+00,1.86307E+00,7.58508E+01,7.58508E+01,7.58508E+01 
#t = 1.764E+03
7.58508E+01,7.58508E+01,7.58508E+01,7.58508E+01,7.58508E+01,7.58508E+01,7.58508E+01,7.58508E+01,7.58508E+01,7.58508E+01,7.58508E+01,7.58508E+01,7.58508E+01,7.58508E+01,7.58508E+01,7.58508E+01,7.58508E+01,7.58508E+01,4.76638E+01,7.58508E+01,7.58508E+01,7.58508E+01,7.58508E+01,7.58508E+01,7.58508E+01,7.58508E+01,7.58508E+01,7.58508E+01,7.58508E+01,7.58508E+01,5.68218E-01,4.76638E+01,7.58508E+01,7.58508E+01,1.04421E+00,2.80830E+00,4.76638E+01,7.02969E-01 
#t = 1.806E+03
7.58508E+01,7.58508E+01,7.58508E+01,7.58508E+01,7.58508E+01,4.72707E+01,7.58508E+01,7.58508E+01,7.58508E+01,7.58508E+01,7.58508E+01,7.58508E+01,7.58508E+01,7.58508E+01,7.58508E+01,7.58508E+01,7.58508E+01,7.58508E+01,7.58508E+01,7.58508E+01,7.58508E+01,7.58508E+01,7.58508E+01,7.58508E+01,7.58508E+01,7.58508E+01,7.58508E+01,7.58508E+01,7.58508E+01,7.58508E+01,7.58508E+01,7.58508E+01,7.58508E+01,7.58508E+01,7.58508E+01,7.58508E+01,7.58508E+01,7.58508E+01,7.58508E+01,2.96546E-01,7.58508E+01,3.19663E+00 
#t = 1.848E+03
7.58508E+01,7.58508E+01,7.58508E+01,7.58508E+01,7.58508E+01,7.58508E+01,7.58508E+01,7.58508E+01,7.58508E+01,7.58508E+01,7.58508E+01,7.58508E+01,7.58508E+01,7.58508E+01,7.58508E+01,7.58508E+01,7.58508E+01,7.58508E+01,7.58508E+01,7.58508E+01,7.58508E+01,7.58508E+01,7.58508E+01,7.58508E+01,7.58508E+01,7.58508E+01,7.58508E+01,4.76576E-01,7.58508E+01,7.58508E+01,7.58508E+01,7.58508E+01,7.58508E+01,7.58508E+01 
#t = 1.890E+03
7.58508E+01,7.58508E+01,7.58508E+01,7.58508E+01,7.58508E+01,7.58508E+01,7.58508E+01,7.58508E+01,7.58508E+01,7.58508E+01,7.58508E+01,7.58508E+01,7.58508E+01,7.58508E+01,7.58508E+01,7.58508E+01,7.58508E+01,7.58508E+01,7.58508E+01,7.86982E+00,7.58508E+01,7.58508E+01,7.58508E+01,7.58508E+01,7.58508E+01,7.58508E+01,7.58508E+01,7.58508E+01,7.58508E+01,7.58508E+01,7.58508E+01,7.58508E+01,7.58508E+01,2.89774E+00,7.58508E+01,7.58508E+01,2.98244E-02,7.58508E+01,5.46224E+00,1.08486E+00,7.58508E+01,7.58508E+01,7.58508E+01 
#t = 1.932E+03
7.58508E+01,7.58508E+01,7.58508E+01,7.58508E+01,7.58508E+01,7.58508E+01,1.14940E+01,7.58508E+01,7.58508E+01,1.14940E+01,7.58508E+01,7.58508E+01,2.65169E+01,7.58508E+01,7.58508E+01,7.58508E+01,7.58508E+01,7.58508E+01,7.58508E+01,7.58508E+01,7.58508E+01,1.17414E+01,7.58508E+01,7.58508E+01,7.58508E+01,1.17414E+01,7.58508E+01,7.58508E+01,7.58508E+01,7.58508E+01,7.58508E+01,7.58508E+01,7.58508E+01,7.58508E+01,7.58508E+01,1.14940E+01,1.14940E+01,7.58508E+01,9.19999E-01,7.58508E+01,7.58508E+01,7.58508E+01,4.98071E-01 
#t = 1.974E+03
7.58508E+01,7.58508E+01,7.58508E+01,7.58508E+01,7.58508E+01,7.58508E+01,7.58508E+01,7.58508E+01,7.58508E+01,7.58508E+01,7.58508E+01,7.58508E+01,7.58508E+01,7.58508E+01,7.58508E+01,7.58508E+01,7.58508E+01,7.58508E+01,7.58508E+01,7.58508E+01,7.58508E+01,7.58508E+01,7.58508E+01,7.58508E+01,7.58508E+01,7.58508E+01,7.58508E+01,7.58508E+01,7.58508E+01,7.58508E+01,7.58508E+01,7.58508E+01,9.09145E-01,7.58508E+01,7.58508E+01,1.00641E-01,7.58508E+01,7.58508E+01,7.58508E+01,7.58508E+01,7.58508E+01,7.58508E+01,7.58508E+01,7.58508E+01,7.58508E+01,7.58508E+01,7.58508E+01,7.58508E+01,7.58508E+01,7.58508E+01,3.72023E+00 
#t = 2.016E+03
7.58508E+01,7.58508E+01,7.58508E+01,7.58508E+01,7.58508E+01,3.46071E+01,7.58508E+01,7.44081E+00,7.58508E+01,7.58508E+01,7.58508E+01,7.58508E+01,7.58508E+01,7.58508E+01,7.58508E+01,7.58508E+01,7.58508E+01,7.58508E+01,7.58508E+01,7.58508E+01,7.58508E+01,7.58508E+01,7.58508E+01,7.58508E+01,7.58508E+01,7.58508E+01,7.58508E+01,7.58508E+01,2.89955E+01,7.58508E+01,7.58508E+01,7.58508E+01,7.58508E+01,7.58508E+01,7.58508E+01,7.58508E+01,7.58508E+01,7.58508E+01,1.44881E+00,7.58508E+01,7.58508E+01,5.29834E-02 
#t = 2.058E+03
7.58508E+01,7.58508E+01,7.58508E+01,7.58508E+01,7.58508E+01,7.58508E+01,7.58508E+01,7.58508E+01,7.58508E+01,7.58508E+01,7.58508E+01,7.58508E+01,7.58508E+01,7.58508E+01,7.58508E+01,7.58508E+01,7.58508E+01,7.58508E+01,7.58508E+01,7.58508E+01,7.58508E+01,7.58508E+01,7.58508E+01,7.58508E+01,7.58508E+01,7.58508E+01,7.58508E+01,7.58508E+01,7.58508E+01,7.58508E+01,7.58508E+01,7.58508E+01,7.58508E+01,7.58508E+01,7.58508E+01,7.58508E+01,7.58508E+01,7.58508E+01,7.58508E+01,7.58508E+01,7.58508E+01,7.58508E+01,7.58508E+01,7.58508E+01,7.58508E+01,7.58508E+01,1.82582E+01,7.58508E+01,1.93318E+00,1.82582E+01,7.58508E+01,1.21581E-01,7.58508E+01,7.58508E+01,7.58508E+01,7.58508E+01,7.58508E+01 
#t = 2.100E+03
7.58508E+01,7.58508E+01,7.58508E+01,7.58508E+01,7.58508E+01,7.58508E+01,7.58508E+01,7.58508E+01,7.58508E+01,1.30461E+01,9.70261E+00,7.58508E+01,1.30461E+01,7.58508E+01,7.58508E+01,7.58508E+01,7.58508E+01,7.58508E+01,1.24076E+01,7.58508E+01,7.58508E+01,1.26148E+01,7.58508E+01,7.58508E+01,7.58508E+01,1.30461E+01,7.58508E+01,7.58508E+01,7.58508E+01,1.24076E+01,7.58508E+01,7.58508E+01,2.62812E-02,8.46820E-01,7.58508E+01,6.31616E-01 
#t = 2.142E+03
7.58508E+01,1.24076E+01,1.77032E+01,2.13561E+01,1.30461E+01,7.58508E+01,1.24076E+01,2.13561E+01,7.58508E+01,7.58508E+01,7.58508E+01,7.58508E+01,7.58508E+01,1.30461E+01,7.58508E+01,7.58508E+01,7.58508E+01,1.24076E+01,1.24076E+01,7.58508E+01,1.24076E+01,1.24076E+01,7.58508E+01,7.58508E+01,7.58508E+01,7.58508E+01,7.58508E+01,7.58508E+01,1.77032E+01,7.58508E+01,2.13561E+01,7.58508E+01,7.58508E+01,2.13561E+01,7.58508E+01,7.58508E+01,7.58508E+01,1.77032E+01,1.77032E+01,7.58508E+01,7.58508E+01,7.58508E+01,1.24076E+01,8.96113E-01,7.58508E+01 
#t = 2.184E+03
1.30461E+01,7.58508E+01,1.77032E+01,7.58508E+01,7.58508E+01,2.13561E+01,7.58508E+01,7.58508E+01,7.58508E+01,7.58508E+01,7.58508E+01,7.58508E+01,7.58508E+01,7.58508E+01,7.58508E+01,7.58508E+01,7.58508E+01,7.58508E+01,7.58508E+01,7.58508E+01,7.58508E+01,7.58508E+01,7.58508E+01,8.66358E+00,1.28512E+01,7.58508E+01,1.28512E+01,7.58508E+01,7.58508E+01,7.58508E+01,1.28512E+01,7.58508E+01,7.58508E+01,7.58508E+01,7.58508E+01,7.58508E+01,7.58508E+01,4.27297E-01,1.28512E+01,7.58508E+01,5.43173E-01,7.58508E+01,1.28512E+01 
#t = 2.226E+03
7.58508E+01,7.58508E+01,7.58508E+01,7.58508E+01,7.58508E+01,1.28512E+01,7.58508E+01,1.28512E+01,7.58508E+01,7.58508E+01,2.13561E+01,7.58508E+01,7.58508E+01,7.58508E+01,7.58508E+01,7.58508E+01,7.58508E+01,7.58508E+01,7.58508E+01,7.58508E+01,7.58508E+01,7.58508E+01,7.58508E+01,7.58508E+01,7.58508E+01,7.58508E+01,7.58508E+01,7.58508E+01,1.22757E+00,7.58508E+01,7.58508E+01,7.58508E+01,7.58508E+01,7.58508E+01,7.58508E+01,7.58508E+01,7.58508E+01,7.58508E+01,7.58508E+01,7.38777E+00,4.94524E+01,7.58508E+01,7.58508E+01,7.58508E+01,1.49680E+01 
#t = 2.268E+03
7.58508E+01,2.13561E+01,7.58508E+01,7.58508E+01,2.13561E+01,7.58508E+01,7.58508E+01,7.58508E+01,7.58508E+01,7.58508E+01,2.64719E+01,7.58508E+01,7.58508E+01,7.58508E+01,7.58508E+01,7.58508E+01,7.58508E+01,7.58508E+01,7.58508E+01,7.58508E+01,7.58508E+01,7.58508E+01,7.58508E+01,7.58508E+01,7.58508E+01,2.13561E+01,7.58508E+01,2.64719E+01,7.58508E+01,7.58508E+01,7.58508E+01,7.58508E+01,7.58508E+01,7.58508E+01,7.58508E+01,2.55263E+01,7.58508E+01,2.13561E+01,7.58508E+01,2.15874E-01 
#t = 2.310E+03
7.58508E+01,2.64719E+01,7.58508E+01,7.58508E+01,7.58508E+01,7.58508E+01,7.58508E+01,7.58508E+01,7.58508E+01,7.58508E+01,7.58508E+01,7.58508E+01,1.66144E+01,3.16784E+01,2.64719E+01,7.58508E+01,7.58508E+01,1.66144E+01,7.58508E+01,7.58508E+01,7.58508E+01,7.58508E+01,7.58508E+01,2.64719E+01,7.58508E+01,7.58508E+01,7.58508E+01,7.58508E+01,7.58508E+01,7.58508E+01,7.58508E+01,7.58508E+01,2.64719E+01,7.58508E+01,7.58508E+01,7.58508E+01,7.58508E+01,7.58508E+01,7.58508E+01,7.58508E+01,7.58508E+01,7.58508E+01,7.58508E+01,2.64719E+01,2.64719E+01,1.21772E+00,6.74284E+00,7.58508E+01,7.58508E+01,7.58508E+01,1.80952E+00,5.01788E+00 
#t = 2.352E+03
7.58508E+01,7.58508E+01,7.58508E+01,7.58508E+01,7.58508E+01,7.58508E+01,7.58508E+01,1.66144E+01,7.58508E+01,7.58508E+01,7.58508E+01,7.58508E+01,7.58508E+01,7.58508E+01,7.58508E+01,7.58508E+01,7.58508E+01,7.58508E+01,1.66144E+01,7.58508E+01,7.58508E+01,7.58508E+01,7.58508E+01,7.58508E+01,7.58508E+01,1.66144E+01,7.58508E+01,7.58508E+01,1.66144E+01,7.58508E+01,7.58508E+01,7.58508E+01,7.58508E+01,1.66144E+01,7.58508E+01,7.58508E+01,7.58508E+01,5.63730E+00,7.58508E+01,7.58508E+01,7.58508E+01,7.58508E+01,7.58508E+01,7.58508E+01,7.58508E+01,1.19894E+00 
#t = 2.394E+03
7.58508E+01,7.58508E+01,7.58508E+01,7.58508E+01,7.58508E+01,7.58508E+01,7.58508E+01,7.58508E+01,7.58508E+01,7.58508E+01,7.58508E+01,7.58508E+01,7.58508E+01,7.58508E+01,7.58508E+01,7.58508E+01,7.58508E+01,7.58508E+01,3.01332E+01,7.58508E+01,7.58508E+01,2.97149E+01,7.58508E+01,7.58508E+01,7.58508E+01,6.45157E+00,3.01332E+01,7.58508E+01,7.58508E+01,7.58508E+01,7.58508E+01,7.58508E+01,7.58508E+01,7.58508E+01,7.58508E+01,7.58508E+01,7.58508E+01 
#t = 2.436E+03
7.58508E+01,7.58508E+01,7.58508E+01,7.58508E+01,7.58508E+01,7.58508E+01,7.58508E+01,7.58508E+01,7.58508E+01,7.58508E+01,7.58508E+01,7.58508E+01,7.58508E+01,7.58508E+01,7.58508E+01,7.58508E+01,7.58508E+01,7.58508E+01,7.58508E+01,7.58508E+01,7.58508E+01,7.58508E+01,7.58508E+01,7.58508E+01,7.58508E+01,7.58508E+01,7.58508E+01,7.58508E+01,7.58508E+01,7.58508E+01,7.58508E+01,7.58508E+01,7.58508E+01,7.58508E+01,7.58508E+01,7.58508E+01,7.58508E+01,7.58508E+01,7.58508E+01,7.58508E+01,7.58508E+01,7.58508E+01,7.58508E+01 
#t = 2.478E+03
7.58508E+01,7.58508E+01,7.58508E+01,7.58508E+01,7.58508E+01,7.58508E+01,7.58508E+01,7.58508E+01,7.58508E+01,7.58508E+01,7.58508E+01,7.58508E+01,7.58508E+01,7.58508E+01,7.58508E+01,7.58508E+01,1.86442E+01,7.58508E+01,7.58508E+01,7.58508E+01,7.58508E+01,7.58508E+01,7.58508E+01,7.58508E+01,7.58508E+01,7.58508E+01,7.58508E+01,7.58508E+01,8.31634E+00,7.58508E+01,7.58508E+01,7.58508E+01,7.58508E+01,7.58508E+01 
#t = 2.520E+03
7.58508E+01,7.58508E+01,1.86442E+01,7.58508E+01,7.58508E+01,7.58508E+01,7.58508E+01,7.58508E+01,7.58508E+01,7.58508E+01,7.58508E+01,7.58508E+01,8.03629E+00,7.58508E+01,7.58508E+01,7.58508E+01,7.58508E+01,7.58508E+01,7.58508E+01,7.58508E+01,7.58508E+01,7.58508E+01,7.58508E+01,7.58508E+01,3.11086E-01,7.58508E+01,7.58508E+01,7.58508E+01,7.58508E+01,7.58508E+01,7.58508E+01,7.58508E+01,7.58508E+01,7.58508E+01,7.58508E+01,5.15970E+00,7.58508E+01,9.87696E-01,1.37717E+00,7.58508E+01,7.58508E+01 
#t = 2.562E+03
7.58508E+01,7.58508E+01,7.58508E+01,7.58508E+01,7.58508E+01,7.58508E+01,7.58508E+01,1.74689E+01,7.58508E+01,7.58508E+01,7.58508E+01,7.58508E+01,7.58508E+01,7.58508E+01,7.58508E+01,7.58508E+01,7.58508E+01,7.58508E+01,7.58508E+01,7.58508E+01,7.58508E+01,7.58508E+01,7.58508E+01,3.70355E+00,7.58508E+01,7.58508E+01,7.58508E+01,7.58508E+01,7.58508E+01,7.58508E+01,7.58508E+01,7.58508E+01,7.58508E+01,7.58508E+01,1.34514E+00,7.58508E+01,7.58508E+01,7.58508E+01,5.52359E+00,7.58508E+01,1.98520E+00,7.58508E+01,7.58508E+01,7.58508E+01,3.10546E+00,7.58508E+01,7.58508E+01,7.58508E+01 
#t = 2.604E+03
7.58508E+01,7.58508E+01,7.58508E+01,7.58508E+01,7.58508E+01,7.58508E+01,7.58508E+01,7.58508E+01,7.58508E+01,7.58508E+01,7.58508E+01,7.58508E+01,7.58508E+01,7.58508E+01,7.58508E+01,7.58508E+01,1.14265E+01,7.58508E+01,7.58508E+01,7.58508E+01,7.58508E+01,1.85349E+01,7.58508E+01,7.58508E+01,7.58508E+01,7.58508E+01,7.58508E+01,7.58508E+01,7.58508E+01,7.58508E+01,7.58508E+01,7.58508E+01,7.58508E+01,7.58508E+01,7.58508E+01,7.58508E+01,7.58508E+01,7.58508E+01,7.58508E+01,7.58508E+01,7.58508E+01,7.58508E+01,7.58508E+01,7.58508E+01,7.58508E+01,7.58508E+01,7.58508E+01,7.58508E+01,7.58508E+01,7.58508E+01,7.58508E+01,7.58508E+01,7.58508E+01,3.15039E+00,7.58508E+01,7.58508E+01,7.58508E+01,7.58508E+01 
#t = 2.646E+03
7.58508E+01,7.58508E+01,7.58508E+01,7.58508E+01,7.58508E+01,7.58508E+01,7.58508E+01,7.58508E+01,7.58508E+01,7.58508E+01,7.58508E+01,7.58508E+01,7.58508E+01,7.58508E+01,7.58508E+01,7.58508E+01,7.58508E+01,7.58508E+01,7.58508E+01,7.58508E+01,7.58508E+01,7.58508E+01,7.58508E+01,7.58508E+01,7.58508E+01,7.58508E+01,7.58508E+01,7.58508E+01,7.58508E+01,7.58508E+01,7.58508E+01,1.07407E+01,7.58508E+01,7.58508E+01,7.58508E+01,7.58508E+01,7.58508E+01,7.58508E+01,7.58508E+01,9.71487E+00 
#t = 2.688E+03
7.58508E+01,7.58508E+01,7.58508E+01,7.58508E+01,7.58508E+01,7.58508E+01,1.07407E+01,7.58508E+01,7.58508E+01,7.58508E+01,7.58508E+01,7.58508E+01,7.58508E+01,7.58508E+01,7.58508E+01,7.58508E+01,7.58508E+01,7.58508E+01,7.58508E+01,7.58508E+01,7.58508E+01,7.58508E+01,1.39944E+01,6.84948E+00,7.58508E+01,6.95165E+00,7.58508E+01,7.58508E+01,7.58508E+01,7.58508E+01,7.58508E+01,7.58508E+01,7.58508E+01,7.58508E+01,7.58508E+01,7.58508E+01,7.58508E+01,7.58508E+01,7.58508E+01,7.58508E+01,7.58508E+01,7.58508E+01,3.53253E+00 
#t = 2.730E+03
7.58508E+01,7.58508E+01,7.58508E+01,7.58508E+01,7.58508E+01,7.58508E+01,7.58508E+01,7.58508E+01,7.58508E+01,7.58508E+01,7.58508E+01,7.58508E+01,7.58508E+01,7.58508E+01,7.58508E+01,7.58508E+01,7.58508E+01,7.58508E+01,7.58508E+01,7.58508E+01,7.58508E+01,7.58508E+01,7.58508E+01,7.58508E+01,7.58508E+01,7.58508E+01,7.58508E+01,7.58508E+01,8.79186E+00,7.58508E+01,7.58508E+01,2.17730E+01,7.58508E+01,7.58508E+01,8.77528E-01,1.65862E+00,7.58508E+01,7.58508E+01,2.25041E-01 
#t = 2.772E+03
7.58508E+01,7.58508E+01,7.58508E+01,7.58508E+01,7.58508E+01,7.58508E+01,7.58508E+01,7.58508E+01,7.58508E+01,7.58508E+01,7.58508E+01,7.58508E+01,7.58508E+01,7.58508E+01,7.58508E+01,7.58508E+01,7.58508E+01,7.58508E+01,7.58508E+01,7.58508E+01,7.58508E+01,7.58508E+01,7.58508E+01,7.58508E+01,7.58508E+01,1.24946E+00,7.58508E+01,7.58508E+01,7.58508E+01,7.58508E+01,7.58508E+01,1.30162E+01,7.58508E+01,1.30162E+01 
#t = 2.814E+03
7.58508E+01,7.58508E+01,7.58508E+01,7.58508E+01,7.58508E+01,7.58508E+01,7.58508E+01,1.30162E+01,7.58508E+01,1.30162E+01,7.58508E+01,7.58508E+01,7.58508E+01,7.58508E+01,7.58508E+01,1.30162E+01,7.58508E+01,7.58508E+01,7.58508E+01,7.58508E+01,7.58508E+01,7.58508E+01,7.58508E+01,7.58508E+01,7.58508E+01,7.58508E+01,7.58508E+01,1.30162E+01,7.58508E+01,7.58508E+01,1.58951E+01,7.58508E+01,7.58508E+01,1.22239E-01,7.58508E+01,7.58508E+01,7.58508E+01,1.30162E+01,7.58508E+01,7.58508E+01,7.58508E+01,7.58508E+01,7.58508E+01 
#t = 2.856E+03
7.58508E+01,7.58508E+01,7.58508E+01,7.58508E+01,7.58508E+01,7.58508E+01,7.58508E+01,7.58508E+01,7.58508E+01,7.58508E+01,7.58508E+01,7.58508E+01,7.58508E+01,6.39750E+00,7.58508E+01,2.49487E+01,7.58508E+01,7.58508E+01,7.58508E+01,7.58508E+01,7.58508E+01,7.58508E+01,7.58508E+01,2.49487E+01,7.58508E+01,7.58508E+01,7.58508E+01,7.58508E+01,7.58508E+01,7.58508E+01,7.58508E+01,7.58508E+01,7.58508E+01,7.58508E+01,2.49487E+01,7.58508E+01,7.58508E+01,7.58508E+01,7.58508E+01,7.58508E+01,7.58508E+01,3.26754E-01,7.58508E+01,7.58508E+01,2.49737E-01,7.58508E+01 
#t = 2.898E+03
7.58508E+01,7.58508E+01,7.58508E+01,7.58508E+01,7.58508E+01,7.58508E+01,7.58508E+01,7.58508E+01,7.58508E+01,7.58508E+01,7.58508E+01,7.58508E+01,7.58508E+01,7.58508E+01,7.58508E+01,7.58508E+01,7.58508E+01,7.58508E+01,7.58508E+01,7.58508E+01,7.58508E+01,7.58508E+01,7.58508E+01,7.58508E+01,7.58508E+01,7.58508E+01,7.58508E+01,7.58508E+01,7.58508E+01,7.58508E+01,7.58508E+01,7.58508E+01,7.58508E+01,7.58508E+01,7.58508E+01,7.58508E+01,7.58508E+01,7.58508E+01,7.58508E+01,7.58508E+01,7.58508E+01,7.58508E+01,7.58508E+01,7.58508E+01,7.58508E+01,7.58508E+01,7.58508E+01,7.58508E+01,7.58508E+01,7.58508E+01,7.58508E+01,7.58508E+01,7.58508E+01,7.58508E+01,7.58508E+01,7.58508E+01,7.58508E+01,7.58508E+01,7.58508E+01,7.58508E+01,7.58508E+01,7.58508E+01,7.58508E+01 
#t = 2.940E+03
7.58508E+01,7.58508E+01,7.58508E+01,7.58508E+01,7.58508E+01,7.58508E+01,7.58508E+01,7.58508E+01,7.58508E+01,7.58508E+01,7.58508E+01,7.58508E+01,7.58508E+01,7.58508E+01,7.58508E+01,7.58508E+01,7.58508E+01,7.58508E+01,7.58508E+01,7.58508E+01,7.58508E+01,7.58508E+01,7.58508E+01,7.58508E+01,7.58508E+01,7.58508E+01,7.58508E+01,7.58508E+01,7.58508E+01,7.58508E+01,7.58508E+01,7.58508E+01,7.58508E+01,7.58508E+01,7.58508E+01,7.58508E+01,7.58508E+01,7.58508E+01,7.58508E+01,7.58508E+01,7.58508E+01,7.58508E+01,7.58508E+01,7.58508E+01,7.58508E+01,7.58508E+01,7.58508E+01 
#t = 2.982E+03
7.58508E+01,7.58508E+01,7.58508E+01,7.58508E+01,7.58508E+01,7.58508E+01,7.58508E+01,7.58508E+01,7.58508E+01,7.58508E+01,7.58508E+01,7.58508E+01,7.58508E+01,7.58508E+01,7.58508E+01,8.01074E+00,7.58508E+01,7.58508E+01,7.58508E+01,7.58508E+01,7.58508E+01,7.58508E+01,7.58508E+01,7.58508E+01,7.58508E+01,7.58508E+01,7.58508E+01,7.58508E+01,7.58508E+01,7.58508E+01,7.58508E+01,1.20347E+01,7.58508E+01,7.58508E+01,6.86620E+00,7.58508E+01,7.58508E+01,7.58508E+01 
#t = 3.024E+03
7.58508E+01,7.58508E+01,7.58508E+01,7.58508E+01,7.58508E+01,7.58508E+01,7.58508E+01,7.58508E+01,7.58508E+01,7.58508E+01,7.58508E+01,7.58508E+01,7.58508E+01,7.58508E+01,7.58508E+01,7.58508E+01,7.58508E+01,7.58508E+01,7.58508E+01,7.58508E+01,7.58508E+01,7.58508E+01,2.25494E+01,7.58508E+01,7.58508E+01,7.58508E+01,7.58508E+01,7.58508E+01,7.58508E+01,7.58508E+01,7.58508E+01,7.58508E+01,7.58508E+01,7.58508E+01,7.58508E+01,7.58508E+01,7.58508E+01,7.58508E+01,9.32299E-01,7.58508E+01,7.58508E+01,7.58508E+01,7.10320E-01,1.35755E+01,7.58508E+01,3.74618E-01,7.58508E+01,7.58508E+01 
#t = 3.066E+03
7.58508E+01,7.58508E+01,7.58508E+01,7.58508E+01,7.58508E+01,7.58508E+01,7.58508E+01,7.58508E+01,7.58508E+01,7.58508E+01,7.58508E+01,7.58508E+01,2.25494E+01,7.58508E+01,7.58508E+01,7.58508E+01,7.58508E+01,7.58508E+01,7.58508E+01,7.58508E+01,7.58508E+01,7.58508E+01,7.58508E+01,7.58508E+01,7.58508E+01,7.58508E+01,7.58508E+01,7.58508E+01,7.58508E+01,7.58508E+01,7.58508E+01,7.58508E+01,7.58508E+01,7.58508E+01,7.58508E+01,3.05587E+00,7.58508E+01,3.38897E+00,3.09430E-01,7.12178E-01,1.07306E-01,1.16676E+00 
#t = 3.108E+03
7.58508E+01,2.25494E+01,7.58508E+01,7.58508E+01,7.58508E+01,7.58508E+01,7.58508E+01,7.58508E+01,7.58508E+01,7.58508E+01,7.58508E+01,7.58508E+01,7.58508E+01,2.25494E+01,7.58508E+01,7.58508E+01,7.58508E+01,2.25494E+01,7.58508E+01,6.75438E+00,7.58508E+01,7.58508E+01,7.58508E+01,7.58508E+01,7.58508E+01,1.90791E+01,7.58508E+01,7.58508E+01,2.25494E+01,2.25494E+01,3.69622E-01,7.58508E+01,7.58508E+01,5.93002E+00,7.58508E+01 
#t = 3.150E+03
7.58508E+01,2.25494E+01,7.58508E+01,7.58508E+01,7.58508E+01,7.58508E+01,7.58508E+01,2.25494E+01,7.58508E+01,7.58508E+01,2.25494E+01,7.58508E+01,7.58508E+01,7.58508E+01,7.58508E+01,7.58508E+01,2.25494E+01,7.58508E+01,2.25494E+01,7.58508E+01,2.25494E+01,2.25494E+01,7.58508E+01,7.58508E+01,2.25494E+01,7.58508E+01,7.58508E+01,7.58508E+01,7.58508E+01,7.58508E+01,7.58508E+01,7.58508E+01,7.58508E+01,2.25494E+01,7.58508E+01,3.31375E+01,1.42205E-01,7.58508E+01,2.25494E+01,7.58508E+01,7.58508E+01,7.58508E+01,2.85276E+00,9.19435E-02,7.58508E+01,7.58508E+01,7.58508E+01 
#t = 3.192E+03
7.58508E+01,2.25494E+01,3.31375E+01,7.58508E+01,2.25494E+01,7.58508E+01,3.31375E+01,7.58508E+01,2.25494E+01,7.58508E+01,2.25494E+01,2.25494E+01,7.58508E+01,7.58508E+01,7.58508E+01,7.58508E+01,7.58508E+01,7.58508E+01,7.58508E+01,7.58508E+01,7.58508E+01,7.58508E+01,7.58508E+01,7.58508E+01,7.58508E+01,7.58508E+01,7.58508E+01,7.58508E+01,7.58508E+01,5.42987E-01,7.58508E+01,7.58508E+01,7.58508E+01,7.58508E+01,7.58508E+01,7.58508E+01,2.25494E+01,7.58508E+01,7.58508E+01,7.58508E+01,7.58508E+01,1.58571E-01,2.21292E+00,7.58508E+01,7.58508E+01,4.73326E-01,7.58508E+01,5.49492E+00,7.58508E+01 
#t = 3.234E+03
7.58508E+01,7.58508E+01,7.58508E+01,7.58508E+01,7.58508E+01,7.58508E+01,7.58508E+01,7.58508E+01,2.25494E+01,7.58508E+01,7.58508E+01,7.58508E+01,7.58508E+01,7.58508E+01,7.58508E+01,7.58508E+01,7.58508E+01,7.58508E+01,7.58508E+01,7.58508E+01,7.58508E+01,7.58508E+01,7.58508E+01,2.25494E+01,1.16354E-01,7.58508E+01,5.89182E-01,7.58508E+01 
#t = 3.276E+03
7.58508E+01,7.58508E+01,7.58508E+01,7.58508E+01,7.58508E+01,7.58508E+01,7.58508E+01,7.58508E+01,7.58508E+01,7.58508E+01,7.58508E+01,7.58508E+01,7.58508E+01,7.58508E+01,7.58508E+01,7.58508E+01,7.58508E+01,7.58508E+01,7.58508E+01,7.58508E+01,7.58508E+01,7.58508E+01,7.58508E+01,7.58508E+01,7.58508E+01,7.58508E+01,7.58508E+01,7.58508E+01,7.58508E+01,7.58508E+01,7.58508E+01,7.58508E+01,7.58508E+01,2.20612E+00,9.49221E-01,7.48603E+00,7.58508E+01,7.58508E+01,7.58508E+01,7.58508E+01,7.58508E+01,7.58508E+01,7.58508E+01 
#t = 3.318E+03
7.58508E+01,7.58508E+01,7.58508E+01,7.58508E+01,7.58508E+01,7.58508E+01,7.58508E+01,7.58508E+01,7.58508E+01,7.58508E+01,7.58508E+01,7.58508E+01,7.58508E+01,7.58508E+01,7.58508E+01,7.58508E+01,7.58508E+01,7.58508E+01,7.58508E+01,7.58508E+01,7.58508E+01,7.58508E+01,7.58508E+01,7.58508E+01,7.58508E+01,7.58508E+01,7.58508E+01,7.58508E+01,7.58508E+01,7.58508E+01,2.77527E+00,7.58508E+01,7.58508E+01,7.58508E+01,7.58508E+01,7.58508E+01,7.58508E+01,7.58508E+01,7.58508E+01,7.58508E+01,7.58508E+01,4.10476E-01,7.58508E+01,7.58508E+01,7.58508E+01,5.05120E-01,6.17435E-01,7.58508E+01,7.58508E+01 
#t = 3.360E+03
7.58508E+01,7.58508E+01,7.58508E+01,7.58508E+01,7.58508E+01,7.58508E+01,7.58508E+01,7.58508E+01,7.58508E+01,7.58508E+01,7.58508E+01,7.58508E+01,7.58508E+01,7.58508E+01,7.58508E+01,7.58508E+01,7.58508E+01,7.58508E+01,7.58508E+01,7.58508E+01,7.58508E+01,7.58508E+01,1.72426E+01,7.58508E+01,7.58508E+01,7.58508E+01,7.58508E+01,7.58508E+01,7.58508E+01,7.58508E+01,7.58508E+01,7.58508E+01,2.59950E+00,7.58508E+01,7.58508E+01,7.58508E+01,7.58508E+01,7.58508E+01,2.20095E-01 
#t = 3.402E+03
7.58508E+01,7.58508E+01,7.58508E+01,2.05889E+01,7.58508E+01,7.58508E+01,7.58508E+01,1.22959E+01,2.05889E+01,7.58508E+01,7.58508E+01,7.58508E+01,7.58508E+01,1.58710E+01,7.58508E+01,7.58508E+01,7.58508E+01,7.58508E+01,7.58508E+01,7.58508E+01,7.58508E+01,7.58508E+01,7.58508E+01,1.05268E+01,1.28510E+01,7.58508E+01,7.58508E+01,1.58710E+01,7.58508E+01,7.58508E+01,7.58508E+01,6.78069E-01,7.58508E+01,7.58508E+01 
#t = 3.444E+03
7.58508E+01,7.58508E+01,7.58508E+01,7.58508E+01,7.58508E+01,7.58508E+01,7.58508E+01,1.30936E+02,3.31540E+01,7.58508E+01,7.58508E+01,7.58508E+01,7.58508E+01,7.58508E+01,7.58508E+01,1.30936E+02,7.58508E+01,7.58508E+01,7.58508E+01,7.58508E+01,7.58508E+01,7.58508E+01,7.58508E+01,7.58508E+01,7.58508E+01,7.58508E+01,7.58508E+01,7.58508E+01,7.58508E+01,7.58508E+01,7.58508E+01,3.95060E+00,7.58508E+01,7.58508E+01,7.58508E+01,7.58508E+01,7.58508E+01,7.58508E+01,7.58508E+01,1.30936E+02,7.58508E+01 
#t = 3.486E+03
7.58508E+01,7.58508E+01,7.58508E+01,7.58508E+01,7.58508E+01,7.58508E+01,7.58508E+01,3.31540E+01,1.84568E+01,7.58508E+01,7.58508E+01,7.58508E+01,7.58508E+01,7.58508E+01,7.58508E+01,7.58508E+01,7.58508E+01,7.58508E+01,7.58508E+01,7.58508E+01,7.58508E+01,1.02341E+01,7.58508E+01,7.58508E+01,1.84568E+01,7.58508E+01,7.58508E+01,7.58508E+01,7.58508E+01,7.58508E+01,7.58508E+01,7.58508E+01,7.58508E+01,7.58508E+01,7.58508E+01,7.58508E+01,7.58508E+01,7.58508E+01,1.84568E+01,7.58508E+01,7.58508E+01,1.16361E+01,9.34023E-02,7.58508E+01,7.58508E+01,7.58508E+01,3.31540E+01,7.58508E+01,7.58508E+01,7.58508E+01,7.58508E+01,7.58508E+01,7.58508E+01,7.58508E+01,7.58508E+01 
#t = 3.528E+03
7.58508E+01,7.58508E+01,7.58508E+01,7.58508E+01,7.58508E+01,7.58508E+01,7.58508E+01,7.58508E+01,7.58508E+01,1.84568E+01,7.58508E+01,1.84129E+01,7.58508E+01,1.84568E+01,1.84568E+01,7.58508E+01,7.58508E+01,7.58508E+01,7.58508E+01,7.58508E+01,7.58508E+01,7.58508E+01,1.84568E+01,1.84568E+01,7.58508E+01,1.84129E+01,7.58508E+01,7.58508E+01,3.31540E+01,7.58508E+01,7.58508E+01,1.84568E+01,1.84568E+01,3.31540E+01,7.58508E+01,3.31540E+01,1.84568E+01,7.58508E+01,1.84568E+01,7.58508E+01,7.58508E+01,7.58508E+01,7.58508E+01,1.84568E+01,1.84568E+01,1.69614E+00,3.56946E-01,7.58508E+01 
#t = 3.570E+03
7.58508E+01,7.58508E+01,7.58508E+01,7.58508E+01,3.31540E+01,7.58508E+01,7.58508E+01,7.58508E+01,7.58508E+01,1.84568E+01,1.57490E+01,1.84568E+01,7.58508E+01,7.58508E+01,1.84129E+01,7.58508E+01,1.84568E+01,7.58508E+01,1.84568E+01,7.58508E+01,1.84568E+01,7.58508E+01,1.43833E+01,1.57490E+01,7.58508E+01,1.57490E+01,7.58508E+01,7.58508E+01,6.20542E+00,7.58508E+01,7.58508E+01,2.02867E+01,1.84568E+01,1.57490E+01,7.58508E+01,7.58508E+01,7.58508E+01,7.58508E+01,7.58508E+01,7.58508E+01,7.58508E+01 
#t = 3.612E+03
1.84568E+01,7.58508E+01,1.84568E+01,1.43833E+01,7.58508E+01,1.43833E+01,7.58508E+01,1.43833E+01,1.84568E+01,7.58508E+01,7.58508E+01,7.58508E+01,1.43833E+01,7.58508E+01,1.57490E+01,7.58508E+01,7.58508E+01,1.43833E+01,1.57490E+01,1.57490E+01,1.57490E+01,7.58508E+01,7.58508E+01,1.84568E+01,1.43833E+01,6.28198E+00,7.58508E+01 
#t = 3.654E+03
1.43833E+01,1.57490E+01,2.97453E+01,1.57490E+01,1.84568E+01,7.58508E+01,7.58508E+01,2.11722E+01,7.58508E+01,7.58508E+01,7.58508E+01,7.58508E+01,7.58508E+01,7.58508E+01,7.58508E+01,7.58508E+01,7.58508E+01,1.87833E+01,7.58508E+01,7.58508E+01,1.87833E+01,7.58508E+01,7.58508E+01,7.58508E+01 
#t = 3.696E+03
7.58508E+01,7.58508E+01,7.58508E+01,7.58508E+01,7.58508E+01,7.58508E+01,7.58508E+01,7.58508E+01,7.58508E+01,7.58508E+01,7.58508E+01,7.58508E+01,7.58508E+01,7.58508E+01,7.58508E+01,2.97453E+01,7.58508E+01,7.58508E+01,7.58508E+01,7.58508E+01,7.58508E+01,7.58508E+01,7.58508E+01,2.97453E+01,2.97453E+01,7.58508E+01,7.58508E+01,7.58508E+01,7.58508E+01,7.58508E+01,7.58508E+01,7.58508E+01,7.58508E+01,7.58508E+01,2.97453E+01,8.57327E+00,7.58508E+01,1.87833E+01,7.58508E+01,2.97453E+01,7.58508E+01,7.58508E+01,7.58508E+01,7.58508E+01 
#t = 3.738E+03
7.58508E+01,7.58508E+01,7.58508E+01,7.58508E+01,7.58508E+01,7.58508E+01,7.58508E+01,7.58508E+01,7.58508E+01,1.04300E+01,7.58508E+01,7.58508E+01,7.58508E+01,7.58508E+01,7.58508E+01,7.58508E+01,7.58508E+01,7.58508E+01,7.58508E+01,7.58508E+01,7.58508E+01,7.58508E+01,7.58508E+01,7.58508E+01,7.58508E+01,7.58508E+01,7.58508E+01,7.58508E+01,7.58508E+01,7.58508E+01,7.58508E+01,7.58508E+01,7.58508E+01,7.58508E+01,2.10441E+01,7.58508E+01,2.97781E-01,7.58508E+01,7.58508E+01,7.58508E+01,7.58508E+01,7.58508E+01,7.58508E+01,7.58508E+01 
#t = 3.780E+03
7.58508E+01,1.04300E+01,7.58508E+01,7.58508E+01,7.58508E+01,7.58508E+01,7.58508E+01,7.58508E+01,7.58508E+01,7.58508E+01,7.58508E+01,7.58508E+01,7.58508E+01,7.58508E+01,7.58508E+01,7.58508E+01,7.58508E+01,7.58508E+01,7.58508E+01,7.58508E+01,1.00538E+01,7.58508E+01,7.58508E+01,7.58508E+01,7.58508E+01,7.58508E+01,7.58508E+01,7.58508E+01,2.02981E+00,7.58508E+01,7.58508E+01,7.58508E+01,7.58508E+01,7.58508E+01,7.58508E+01,7.58508E+01,7.58508E+01,7.58508E+01,7.58508E+01,7.58508E+01,7.58508E+01,7.58508E+01,1.00565E-01,7.58508E+01,7.58508E+01,7.58508E+01,7.58508E+01 
#t = 3.822E+03
1.04300E+01,7.58508E+01,7.58508E+01,7.58508E+01,7.58508E+01,7.58508E+01,7.58508E+01,7.58508E+01,7.58508E+01,7.58508E+01,7.58508E+01,7.58508E+01,7.58508E+01,7.58508E+01,7.58508E+01,7.58508E+01,7.58508E+01,7.58508E+01,7.58508E+01,7.58508E+01,7.58508E+01,7.58508E+01,1.51402E+01,7.58508E+01,7.58508E+01,7.58508E+01,7.58508E+01,7.58508E+01,7.58508E+01,7.58508E+01,7.58508E+01,7.58508E+01,7.58508E+01,7.58508E+01,7.58508E+01,7.58508E+01,7.58508E+01,7.58508E+01,7.58508E+01,1.33750E+00,7.58508E+01,7.58508E+01,7.58508E+01 
#t = 3.864E+03
7.58508E+01,7.58508E+01,7.58508E+01,7.58508E+01,7.58508E+01,7.58508E+01,7.58508E+01,7.58508E+01,7.58508E+01,7.58508E+01,7.58508E+01,7.58508E+01,7.58508E+01,7.58508E+01,7.58508E+01,7.58508E+01,7.58508E+01,7.58508E+01,7.58508E+01,7.58508E+01,7.58508E+01,7.58508E+01,7.58508E+01,7.58508E+01,7.58508E+01,7.58508E+01,7.58508E+01,7.58508E+01,7.58508E+01,7.58508E+01,7.58508E+01,4.86883E+00,7.58508E+01,7.58508E+01,7.58508E+01,7.58508E+01,7.58508E+01,7.58508E+01,7.58508E+01,7.58508E+01,7.58508E+01,7.58508E+01,7.58508E+01,7.58508E+01 
#t = 3.906E+03
7.58508E+01,7.58508E+01,7.58508E+01,7.58508E+01,7.58508E+01,7.58508E+01,7.58508E+01,7.58508E+01,7.58508E+01,7.58508E+01,7.58508E+01,7.58508E+01,7.58508E+01,7.58508E+01,7.58508E+01,7.58508E+01,1.05166E+01,7.58508E+01,7.58508E+01,7.58508E+01,7.58508E+01,7.58508E+01,2.90037E+01,7.58508E+01,7.58508E+01,7.58508E+01,7.58508E+01,7.58508E+01,7.58508E+01,7.58508E+01,7.58508E+01,7.58508E+01,7.58508E+01,7.58508E+01,7.58508E+01,7.58508E+01,7.58508E+01,3.28566E+00,7.58508E+01,7.58508E+01 
#t = 3.948E+03
7.58508E+01,7.58508E+01,7.58508E+01,7.58508E+01,7.58508E+01,7.58508E+01,7.58508E+01,7.58508E+01,7.58508E+01,7.58508E+01,7.58508E+01,7.58508E+01,7.58508E+01,7.58508E+01,7.58508E+01,7.58508E+01,7.58508E+01,7.58508E+01,7.58508E+01,7.58508E+01,7.58508E+01,7.58508E+01,7.58508E+01,7.58508E+01,7.58508E+01,7.58508E+01,7.58508E+01,7.58508E+01,7.58508E+01,7.58508E+01,7.58508E+01,7.58508E+01,7.58508E+01,7.58508E+01,7.58508E+01,7.58508E+01,7.58508E+01,7.58508E+01,7.58508E+01,7.58508E+01 
#t = 3.990E+03
7.58508E+01,7.58508E+01,7.58508E+01,7.58508E+01,7.58508E+01,7.58508E+01,7.58508E+01,7.58508E+01,7.58508E+01,7.58508E+01,7.58508E+01,7.58508E+01,7.58508E+01,7.58508E+01,7.58508E+01,1.33458E+01,7.58508E+01,4.43706E+01,7.58508E+01,7.58508E+01,7.58508E+01,7.58508E+01,7.58508E+01,7.58508E+01,7.58508E+01,7.58508E+01,7.58508E+01,7.58508E+01,7.58508E+01,1.33458E+01,7.58508E+01,7.58508E+01,7.58508E+01,1.06955E+01,7.58508E+01,7.58508E+01,7.58508E+01,7.58508E+01,7.58508E+01,7.58508E+01,7.58508E+01,7.58508E+01,7.58508E+01,4.43706E+01,7.58508E+01 
#t = 4.032E+03
7.58508E+01,7.58508E+01,7.58508E+01,7.58508E+01,7.58508E+01,7.58508E+01,7.58508E+01,7.58508E+01,7.58508E+01,7.58508E+01,7.58508E+01,7.58508E+01,1.33458E+01,1.33458E+01,7.58508E+01,7.58508E+01,7.58508E+01,7.58508E+01,7.58508E+01,7.58508E+01,7.58508E+01,7.58508E+01,7.58508E+01,7.58508E+01,7.58508E+01,7.58508E+01,7.58508E+01,7.58508E+01,7.58508E+01,7.58508E+01,7.58508E+01,7.58508E+01,7.58508E+01,7.58508E+01,7.58508E+01,7.58508E+01,7.58508E+01,7.58508E+01,7.58508E+01,2.01867E-01,4.59272E+00,7.58508E+01,7.58508E+01,8.79655E-01,7.58508E+01 
#t = 4.074E+03
7.58508E+01,7.58508E+01,7.58508E+01,7.58508E+01,7.58508E+01,7.58508E+01,7.58508E+01,7.58508E+01,7.58508E+01,7.58508E+01,7.58508E+01,7.58508E+01,7.58508E+01,7.58508E+01,7.58508E+01,7.58508E+01,7.58508E+01,7.58508E+01,7.58508E+01,7.58508E+01,7.58508E+01,7.58508E+01,7.58508E+01,7.58508E+01,7.58508E+01,7.58508E+01,7.58508E+01,7.58508E+01,7.58508E+01,7.58508E+01,7.58508E+01,1.07253E-01,7.58508E+01,7.58508E+01,7.58508E+01,7.58508E+01,7.58508E+01,7.58508E+01,7.58508E+01,7.58508E+01,7.58508E+01,7.58508E+01 
#t = 4.116E+03
7.58508E+01,7.58508E+01,7.58508E+01,7.58508E+01,7.58508E+01,7.58508E+01,7.58508E+01,7.58508E+01,7.58508E+01,7.58508E+01,7.58508E+01,7.58508E+01,7.58508E+01,7.58508E+01,7.58508E+01,7.58508E+01,7.58508E+01,7.58508E+01,7.58508E+01,7.58508E+01,7.58508E+01,7.58508E+01,7.58508E+01,7.58508E+01,7.58508E+01,7.58508E+01,7.58508E+01,7.58508E+01,7.58508E+01,7.58508E+01,7.58508E+01,7.58508E+01,7.58508E+01,7.58508E+01,7.58508E+01,7.58508E+01,7.58508E+01,7.58508E+01,1.09679E+00,7.58508E+01,7.58508E+01 
#t = 4.158E+03
7.58508E+01,7.58508E+01,7.58508E+01,7.58508E+01,7.58508E+01,7.58508E+01,7.58508E+01,7.58508E+01,7.58508E+01,7.58508E+01,7.58508E+01,7.58508E+01,7.58508E+01,7.58508E+01,7.58508E+01,7.58508E+01,7.58508E+01,7.58508E+01,7.58508E+01,8.97168E+00,7.58508E+01,7.58508E+01,7.58508E+01,7.58508E+01,7.58508E+01,7.58508E+01,7.58508E+01,7.58508E+01,7.58508E+01,7.58508E+01,7.58508E+01,7.58508E+01,7.58508E+01,7.58508E+01,7.58508E+01,7.58508E+01,7.58508E+01,7.58508E+01,7.58508E+01,7.58508E+01,7.58508E+01 
#t = 4.200E+03
7.58508E+01,7.58508E+01,7.58508E+01,7.58508E+01,8.97168E+00,7.58508E+01,7.58508E+01,7.58508E+01,7.58508E+01,7.58508E+01,7.58508E+01,7.58508E+01,7.58508E+01,7.58508E+01,7.58508E+01,7.58508E+01,7.58508E+01,7.58508E+01,7.58508E+01,7.58508E+01,7.58508E+01,7.58508E+01,7.58508E+01,7.58508E+01,7.58508E+01,1.93774E+00,7.58508E+01,7.58508E+01,7.58508E+01,7.58508E+01,6.06456E+00,7.58508E+01,7.58508E+01,7.58508E+01,7.58508E+01,7.58508E+01,7.58508E+01,7.58508E+01,5.66251E+00,7.58508E+01,7.84823E-01,7.58508E+01,1.01427E+00 
