#t = 0.000E+00
6.69036E-01,1.59557E+00,2.15082E+00,9.12007E-01,4.83732E+00 
#t = 4.200E+01
1.08145E+01,9.10643E+00,1.02771E+01,1.08145E+01 
#t = 8.400E+01
1.08145E+01,6.24411E+00,1.55650E+01,2.83789E-01 
#t = 1.260E+02
1.20965E+01,1.20965E+01,1.20965E+01,1.20965E+01,1.20965E+01,1.20965E+01,8.67475E-01,1.20965E+01 
#t = 1.680E+02
1.20965E+01,1.20965E+01,1.20965E+01,7.49503E+01,7.49503E+01,7.77128E+00,7.49503E+01,1.20965E+01,1.20965E+01,3.02603E-01,7.49503E+01 
#t = 2.100E+02
7.49503E+01,7.49503E+01,7.49503E+01,1.20965E+01,7.49503E+01,7.49503E+01,1.20965E+01,7.49503E+01,7.49503E+01,7.49503E+01,7.49503E+01,7.49503E+01,7.49503E+01,7.49503E+01,7.49503E+01,7.49503E+01,7.49503E+01,1.20965E+01,7.49503E+01,7.49503E+01,7.49503E+01,5.66892E-02,7.49503E+01,7.49503E+01,7.49503E+01,7.49503E+01,2.12784E-01,7.49503E+01,2.16618E+00,7.49503E+01 
#t = 2.520E+02
7.49503E+01,7.49503E+01,7.49503E+01,7.49503E+01,7.49503E+01,7.49503E+01,7.49503E+01,7.49503E+01,7.49503E+01,7.49503E+01,7.49503E+01,7.49503E+01,7.49503E+01,7.49503E+01,7.49503E+01,7.49503E+01,7.49503E+01,7.49503E+01,7.49503E+01,7.49503E+01,7.49503E+01,7.49503E+01,7.49503E+01,7.49503E+01,1.19503E+01,7.49503E+01,7.49503E+01,7.49503E+01,2.00240E+01,7.49503E+01,7.49503E+01,7.49503E+01,7.49503E+01,7.49503E+01,7.49503E+01,7.49503E+01,6.01433E+00,7.49503E+01,7.49503E+01,7.49503E+01,7.49503E+01,2.58699E-01,7.49503E+01,7.49503E+01,7.49503E+01,7.49503E+01,4.91635E+00 
#t = 2.940E+02
7.49503E+01,7.49503E+01,7.49503E+01,7.49503E+01,7.49503E+01,7.49503E+01,7.49503E+01,7.49503E+01,1.23093E+01,7.49503E+01,7.49503E+01,7.49503E+01,7.49503E+01,7.49503E+01,7.49503E+01,7.49503E+01,7.49503E+01,7.49503E+01,7.49503E+01,7.49503E+01,7.49503E+01,7.49503E+01,7.49503E+01,7.49503E+01,7.49503E+01,7.49503E+01,7.49503E+01,7.49503E+01,4.93777E-01,7.49503E+01,7.49503E+01,7.49503E+01,7.49503E+01,7.49503E+01,7.49503E+01,1.17823E+01,7.49503E+01,7.49503E+01,3.41530E-01,4.79850E-01 
#t = 3.360E+02
7.49503E+01,7.49503E+01,7.49503E+01,7.49503E+01,1.27650E+01,7.49503E+01,7.49503E+01,1.27650E+01,7.49503E+01,7.49503E+01,7.49503E+01,7.49503E+01,7.49503E+01,7.49503E+01,7.49503E+01,1.23093E+01,7.49503E+01,7.49503E+01,7.49503E+01,7.49503E+01,1.27650E+01,7.49503E+01,7.49503E+01,1.27650E+01,7.49503E+01,7.49503E+01,7.49503E+01,1.19334E+01,7.49503E+01,7.49503E+01,7.49503E+01,7.49503E+01,1.23093E+01,1.23093E+01,7.49503E+01,7.49503E+01,7.49503E+01,7.49503E+01,7.49503E+01,7.49503E+01,7.49503E+01,7.49503E+01,7.49503E+01,7.49503E+01,7.49503E+01,7.49503E+01,5.17914E-01,7.49503E+01,7.49503E+01 
#t = 3.780E+02
7.49503E+01,7.49503E+01,1.27650E+01,7.49503E+01,7.49503E+01,7.49503E+01,7.49503E+01,7.49503E+01,7.49503E+01,7.49503E+01,7.49503E+01,7.49503E+01,7.49503E+01,7.49503E+01,7.49503E+01,7.49503E+01,7.49503E+01,2.01952E+01,7.49503E+01,7.49503E+01,1.19334E+01,3.27008E+01,7.49503E+01,7.49503E+01,1.27650E+01,7.49503E+01,7.49503E+01,7.49503E+01,7.49503E+01,1.19334E+01,7.49503E+01,7.49503E+01,7.49503E+01,7.49503E+01,7.49503E+01,4.27254E+00,7.49503E+01,7.49503E+01,7.49503E+01,1.19334E+01,2.01952E+01,1.16779E+00,7.49503E+01,1.19334E+01,7.49503E+01 
#t = 4.200E+02
1.27650E+01,7.49503E+01,7.49503E+01,7.49503E+01,1.27650E+01,7.49503E+01,7.49503E+01,7.49503E+01,7.49503E+01,7.49503E+01,7.49503E+01,7.49503E+01,7.49503E+01,7.49503E+01,7.49503E+01,7.49503E+01,1.19334E+01,7.49503E+01,7.49503E+01,7.49503E+01,7.49503E+01,7.49503E+01,7.49503E+01,7.49503E+01,7.49503E+01,7.49503E+01,1.08511E+01,7.49503E+01,7.49503E+01,7.49503E+01,7.49503E+01,7.49503E+01,5.09444E-01,1.19334E+01,7.49503E+01,7.49503E+01,7.49503E+01,7.49503E+01,5.56527E+00,7.49503E+01,7.49503E+01 
#t = 4.620E+02
7.49503E+01,7.49503E+01,7.49503E+01,7.49503E+01,7.49503E+01,7.49503E+01,7.49503E+01,7.49503E+01,7.49503E+01,7.49503E+01,7.49503E+01,7.49503E+01,7.49503E+01,7.49503E+01,7.49503E+01,7.49503E+01,7.49503E+01,7.49503E+01,7.49503E+01,7.49503E+01,7.49503E+01,7.49503E+01,7.49503E+01,7.49503E+01,7.49503E+01,7.49503E+01,7.49503E+01,7.49503E+01,7.49503E+01,7.49503E+01,7.49503E+01,7.49503E+01,6.26291E+00,7.49503E+01,7.49503E+01,6.03319E+00,7.49503E+01,7.49503E+01,4.61931E-01,7.49503E+01,7.49503E+01,7.49503E+01,7.49503E+01,8.04865E-02,7.49503E+01,7.49503E+01,5.03173E-01,2.48118E-01,7.49503E+01 
#t = 5.040E+02
7.49503E+01,7.49503E+01,7.49503E+01,7.49503E+01,7.49503E+01,7.49503E+01,7.49503E+01,7.49503E+01,7.49503E+01,7.49503E+01,7.49503E+01,7.49503E+01,7.49503E+01,7.49503E+01,7.49503E+01,7.49503E+01,7.49503E+01,7.49503E+01,7.49503E+01,7.49503E+01,7.49503E+01,7.49503E+01,7.49503E+01,7.49503E+01,7.49503E+01,7.49503E+01,7.49503E+01,7.49503E+01,7.49503E+01,7.49503E+01,7.49503E+01,7.49503E+01,1.60652E+00,7.86640E-01,3.42431E+00,7.49503E+01,7.49503E+01,7.49503E+01,1.10023E+00 
#t = 5.460E+02
7.49503E+01,7.49503E+01,7.49503E+01,7.49503E+01,7.49503E+01,7.49503E+01,7.49503E+01,7.49503E+01,7.49503E+01,7.49503E+01,7.49503E+01,7.49503E+01,2.06333E+01,7.49503E+01,7.49503E+01,7.49503E+01,7.49503E+01,7.49503E+01,7.49503E+01,7.49503E+01,7.49503E+01,7.49503E+01,7.49503E+01,7.49503E+01,7.49503E+01,1.02760E+01,7.49503E+01,7.49503E+01,7.49503E+01,1.99822E+00,7.49503E+01,7.49503E+01,7.49503E+01,2.32687E+00,7.49503E+01,7.49503E+01,7.49503E+01 
#t = 5.880E+02
7.49503E+01,7.49503E+01,7.49503E+01,7.49503E+01,7.49503E+01,7.49503E+01,7.49503E+01,7.49503E+01,7.49503E+01,7.49503E+01,7.49503E+01,7.49503E+01,7.49503E+01,7.49503E+01,7.49503E+01,7.49503E+01,7.49503E+01,2.45447E+01,2.45447E+01,7.49503E+01,7.49503E+01,7.49503E+01,7.49503E+01,7.49503E+01,1.33137E+01,7.49503E+01,7.49503E+01,5.84851E+00,7.49503E+01,7.49503E+01,7.49503E+01,3.73309E+00,7.49503E+01,7.49503E+01,7.49503E+01,7.49503E+01,7.49503E+01,7.49503E+01,7.49503E+01,7.49503E+01,7.49503E+01 
#t = 6.300E+02
7.49503E+01,7.49503E+01,7.49503E+01,7.49503E+01,1.33137E+01,7.49503E+01,7.49503E+01,7.49503E+01,7.49503E+01,7.49503E+01,7.49503E+01,7.49503E+01,7.49503E+01,7.49503E+01,7.49503E+01,2.45447E+01,7.49503E+01,7.49503E+01,7.49503E+01,2.45447E+01,7.49503E+01,7.49503E+01,6.50434E+00,7.49503E+01,7.49503E+01,7.49503E+01,7.49503E+01,7.49503E+01,7.49503E+01,7.49503E+01,7.11978E+00,7.49503E+01,7.49503E+01,7.49503E+01,7.49503E+01,7.49503E+01,7.49503E+01,7.49503E+01 
#t = 6.720E+02
7.49503E+01,7.49503E+01,7.49503E+01,7.49503E+01,2.45447E+01,7.49503E+01,7.49503E+01,7.49503E+01,7.49503E+01,7.49503E+01,7.49503E+01,7.49503E+01,2.45447E+01,7.49503E+01,7.49503E+01,7.49503E+01,7.49503E+01,7.49503E+01,7.49503E+01,7.49503E+01,7.49503E+01,7.49503E+01,2.45447E+01,7.49503E+01,7.49503E+01,7.49503E+01,7.49503E+01,7.49503E+01,7.49503E+01,7.49503E+01,7.49503E+01,7.49503E+01,7.49503E+01,7.49503E+01,7.49503E+01,7.49503E+01,7.49503E+01,7.49503E+01,7.49503E+01,7.49503E+01,7.49503E+01,7.49503E+01,7.49503E+01,7.49503E+01 
#t = 7.140E+02
7.49503E+01,7.49503E+01,7.49503E+01,7.49503E+01,7.49503E+01,7.49503E+01,7.49503E+01,1.11373E+01,7.49503E+01,7.49503E+01,7.49503E+01,7.49503E+01,7.49503E+01,7.49503E+01,7.49503E+01,1.14544E+01,7.49503E+01,7.49503E+01,7.49503E+01,7.49503E+01,7.49503E+01,7.49503E+01,7.49503E+01,7.49503E+01,7.49503E+01,7.49503E+01,4.06024E+01,7.49503E+01,7.49503E+01,7.49503E+01,7.49503E+01,1.17611E+00,7.49503E+01,7.49503E+01,3.37234E+00,7.49503E+01 
#t = 7.560E+02
7.49503E+01,1.10733E+01,7.49503E+01,7.49503E+01,7.49503E+01,7.49503E+01,7.49503E+01,7.49503E+01,7.49503E+01,7.49503E+01,7.49503E+01,7.49503E+01,7.49503E+01,7.49503E+01,7.49503E+01,1.10733E+01,7.49503E+01,1.57022E+01,7.49503E+01,7.49503E+01,7.49503E+01,7.49503E+01,2.93141E+01,7.49503E+01,1.57022E+01,7.49503E+01,7.49503E+01,7.49503E+01,7.49503E+01,7.49503E+01,7.49503E+01,7.49503E+01,7.49503E+01,5.62914E+00,7.49503E+01,1.10733E+01 
#t = 7.980E+02
7.49503E+01,7.49503E+01,1.57022E+01,7.49503E+01,7.49503E+01,7.49503E+01,7.49503E+01,2.93141E+01,7.49503E+01,7.49503E+01,7.49503E+01,7.49503E+01,7.49503E+01,7.49503E+01,7.49503E+01,7.49503E+01,7.49503E+01,7.49503E+01,7.49503E+01,7.49503E+01,7.49503E+01,7.49503E+01,7.49503E+01,7.49503E+01,7.49503E+01,7.49503E+01,7.49503E+01,7.49503E+01,7.49503E+01,7.49503E+01,7.49503E+01,7.49503E+01,1.57022E+01,7.49503E+01,2.93141E+01,7.49503E+01,7.49503E+01,7.49503E+01,6.53364E-01,7.49503E+01 
#t = 8.400E+02
7.49503E+01,7.49503E+01,7.49503E+01,7.49503E+01,7.49503E+01,7.49503E+01,7.49503E+01,7.49503E+01,7.49503E+01,7.49503E+01,7.49503E+01,7.49503E+01,7.49503E+01,7.49503E+01,7.49503E+01,7.49503E+01,7.49503E+01,7.49503E+01,7.49503E+01,7.49503E+01,1.45978E+01,1.57022E+01,7.49503E+01,7.49503E+01,7.49503E+01,7.49503E+01,7.49503E+01,7.49503E+01,7.49503E+01,7.49503E+01,7.49503E+01,7.49503E+01,7.49503E+01,7.49503E+01,3.73035E+00,7.49503E+01,7.49503E+01,7.49503E+01,7.49503E+01 
#t = 8.820E+02
7.49503E+01,7.49503E+01,7.49503E+01,7.49503E+01,7.49503E+01,7.49503E+01,7.49503E+01,7.49503E+01,7.49503E+01,7.49503E+01,7.49503E+01,7.49503E+01,7.49503E+01,7.49503E+01,7.49503E+01,7.49503E+01,7.49503E+01,7.49503E+01,7.49503E+01,7.49503E+01,7.49503E+01,7.49503E+01,7.49503E+01,1.04759E+01,7.49503E+01,7.49503E+01,5.86374E+00,7.49503E+01,7.49503E+01,7.49503E+01,7.49503E+01,7.49503E+01,1.96364E+00,7.49503E+01 
#t = 9.240E+02
7.49503E+01,7.49503E+01,7.49503E+01,7.49503E+01,7.49503E+01,7.49503E+01,7.49503E+01,7.49503E+01,7.49503E+01,7.49503E+01,7.49503E+01,7.49503E+01,7.49503E+01,7.49503E+01,7.49503E+01,7.49503E+01,7.49503E+01,7.49503E+01,7.49503E+01,7.49503E+01,7.49503E+01,7.49503E+01,7.49503E+01,7.49503E+01,7.49503E+01,7.49503E+01,7.49503E+01,7.49503E+01,7.49503E+01,1.35391E+00,7.49503E+01,1.54355E+00 
#t = 9.660E+02
7.49503E+01,7.49503E+01,7.49503E+01,7.49503E+01,7.49503E+01,7.49503E+01,7.49503E+01,7.49503E+01,7.49503E+01,7.49503E+01,7.49503E+01,7.49503E+01,7.49503E+01,1.27175E+01,7.49503E+01,7.49503E+01,7.49503E+01,7.49503E+01,7.49503E+01,7.49503E+01,7.49503E+01,7.49503E+01,7.49503E+01,7.49503E+01,4.03414E+01,7.49503E+01,7.49503E+01,7.49503E+01,2.32126E-01,7.49503E+01,7.49503E+01,7.49503E+01,7.49503E+01,7.49503E+01,7.49503E+01,7.49503E+01,7.49503E+01,1.29353E+00,1.82333E+00,7.49503E+01,7.49503E+01,7.49503E+01,7.49503E+01 
#t = 1.008E+03
7.49503E+01,7.49503E+01,7.49503E+01,7.49503E+01,7.49503E+01,7.49503E+01,7.49503E+01,7.49503E+01,7.49503E+01,7.49503E+01,7.49503E+01,7.49503E+01,7.49503E+01,7.49503E+01,7.49503E+01,7.49503E+01,7.49503E+01,7.49503E+01,7.49503E+01,7.49503E+01,7.49503E+01,7.49503E+01,7.49503E+01,7.49503E+01,7.49503E+01,7.49503E+01,7.49503E+01,7.49503E+01,7.49503E+01,7.49503E+01,7.49503E+01,7.49503E+01,7.49503E+01,7.49503E+01,7.49503E+01 
#t = 1.050E+03
7.49503E+01,7.49503E+01,7.49503E+01,7.49503E+01,7.49503E+01,7.49503E+01,7.49503E+01,7.49503E+01,7.49503E+01,7.49503E+01,7.49503E+01,7.49503E+01,7.49503E+01,7.49503E+01,7.49503E+01,7.49503E+01,7.49503E+01,7.49503E+01,7.49503E+01,7.49503E+01,7.49503E+01,7.49503E+01,7.49503E+01,6.02236E+00,7.49503E+01,7.49503E+01,7.49503E+01,7.49503E+01,7.49503E+01,7.49503E+01,7.49503E+01,7.49503E+01,7.49503E+01,7.49503E+01,7.49503E+01,7.49503E+01,4.00395E-01,7.49503E+01,7.49503E+01,7.49503E+01,7.49503E+01 
#t = 1.092E+03
7.49503E+01,7.49503E+01,7.49503E+01,7.49503E+01,7.49503E+01,7.49503E+01,7.49503E+01,7.49503E+01,7.49503E+01,7.49503E+01,7.49503E+01,7.49503E+01,7.49503E+01,7.49503E+01,7.49503E+01,7.49503E+01,7.49503E+01,7.49503E+01,7.49503E+01,7.49503E+01,9.45072E+00,7.49503E+01,7.49503E+01,7.49503E+01,7.49503E+01,7.49503E+01,4.50022E+00,7.49503E+01,7.49503E+01,7.49503E+01,7.49503E+01,7.49503E+01,7.49503E+01,7.49503E+01,7.49503E+01,7.49503E+01,7.49503E+01,7.49503E+01,7.49503E+01,8.20696E+00,1.52125E-01,7.49503E+01,7.01541E+00,3.27499E-01,7.49503E+01,7.49503E+01,7.49503E+01,7.49503E+01,7.49503E+01 
#t = 1.134E+03
7.49503E+01,7.49503E+01,7.49503E+01,7.49503E+01,7.49503E+01,7.49503E+01,7.49503E+01,7.49503E+01,7.49503E+01,7.49503E+01,7.49503E+01,7.49503E+01,7.49503E+01,7.49503E+01,7.49503E+01,7.49503E+01,7.49503E+01,7.49503E+01,7.49503E+01,7.49503E+01,7.49503E+01,7.49503E+01,7.49503E+01,7.49503E+01,7.49503E+01,7.49503E+01,7.49503E+01,7.49503E+01,7.49503E+01,7.49503E+01,7.49503E+01,7.49503E+01,7.49503E+01,7.49503E+01,1.34152E+00,7.49503E+01,7.49503E+01,1.68774E+00,7.49503E+01 
#t = 1.176E+03
7.49503E+01,7.49503E+01,7.49503E+01,7.49503E+01,7.49503E+01,7.49503E+01,7.49503E+01,7.49503E+01,7.49503E+01,7.49503E+01,7.49503E+01,7.49503E+01,7.49503E+01,7.49503E+01,7.49503E+01,7.49503E+01,7.49503E+01,7.49503E+01,7.49503E+01,7.49503E+01,7.49503E+01,7.49503E+01,7.49503E+01,7.49503E+01,7.49503E+01,7.49503E+01,7.49503E+01,7.49503E+01,7.49503E+01,7.49503E+01,7.49503E+01,7.49503E+01,7.49503E+01,7.49503E+01,7.49503E+01,7.49503E+01,7.49503E+01,7.49503E+01 
#t = 1.218E+03
7.49503E+01,7.49503E+01,7.49503E+01,7.49503E+01,7.49503E+01,7.49503E+01,7.49503E+01,7.49503E+01,7.49503E+01,7.49503E+01,7.49503E+01,7.49503E+01,7.49503E+01,7.49503E+01,7.49503E+01,7.49503E+01,7.49503E+01,7.49503E+01,7.49503E+01,7.49503E+01,7.49503E+01,7.49503E+01,7.49503E+01,2.23752E+01,7.49503E+01,7.49503E+01,7.49503E+01,7.49503E+01,7.49503E+01,7.49503E+01,7.49503E+01,7.49503E+01,7.49503E+01,7.49503E+01,7.49503E+01,7.49503E+01,7.49503E+01,7.49503E+01 
#t = 1.260E+03
7.49503E+01,7.49503E+01,7.49503E+01,7.49503E+01,7.49503E+01,7.49503E+01,7.49503E+01,7.49503E+01,7.49503E+01,7.49503E+01,7.49503E+01,7.49503E+01,7.49503E+01,7.49503E+01,7.49503E+01,7.49503E+01,7.49503E+01,7.49503E+01,7.49503E+01,7.49503E+01,7.49503E+01,7.49503E+01,7.49503E+01,7.49503E+01,7.49503E+01,7.49503E+01,1.56416E+01,1.56416E+01,7.49503E+01,7.49503E+01,7.49503E+01,7.49503E+01,7.49503E+01,7.49503E+01,2.66407E+00,7.49503E+01,1.63521E+00,7.49503E+01,7.49503E+01,7.49503E+01,7.49503E+01,8.76516E+00,7.49503E+01,7.49503E+01,7.49503E+01,7.49503E+01 
#t = 1.302E+03
7.49503E+01,7.49503E+01,7.49503E+01,7.49503E+01,1.56416E+01,7.49503E+01,7.49503E+01,7.49503E+01,7.49503E+01,7.49503E+01,7.49503E+01,7.49503E+01,7.49503E+01,1.56416E+01,7.49503E+01,7.49503E+01,7.49503E+01,7.49503E+01,8.02488E+00,7.49503E+01,1.31589E+02,7.49503E+01,7.49503E+01,7.49503E+01,7.49503E+01,7.49503E+01,7.49503E+01,7.49503E+01,7.49503E+01,7.49503E+01,7.49503E+01,1.31589E+02,7.49503E+01,7.49503E+01,7.49503E+01,7.49503E+01,7.49503E+01,7.49503E+01,4.90755E+00,7.49503E+01,7.49503E+01 
#t = 1.344E+03
7.49503E+01,7.49503E+01,7.49503E+01,7.49503E+01,7.49503E+01,7.49503E+01,7.49503E+01,7.49503E+01,7.49503E+01,7.49503E+01,7.49503E+01,7.49503E+01,7.49503E+01,7.49503E+01,7.49503E+01,7.49503E+01,7.49503E+01,7.49503E+01,1.30205E+01,7.49503E+01,7.49503E+01,7.49503E+01,7.49503E+01,7.49503E+01,7.49503E+01,7.49503E+01,1.06512E+01,7.49503E+01,7.49503E+01,7.49503E+01,7.49503E+01,7.49503E+01,7.49503E+01,7.49503E+01,7.49503E+01,7.49503E+01,7.49503E+01,1.13802E+00,7.49503E+01 
#t = 1.386E+03
7.49503E+01,7.49503E+01,7.49503E+01,7.49503E+01,7.49503E+01,7.49503E+01,7.49503E+01,7.49503E+01,7.49503E+01,7.49503E+01,7.49503E+01,7.49503E+01,7.49503E+01,7.49503E+01,7.49503E+01,7.49503E+01,7.49503E+01,7.49503E+01,7.49503E+01,7.49503E+01,7.49503E+01,7.49503E+01,7.49503E+01,7.49503E+01,7.49503E+01,7.49503E+01,7.49503E+01,7.49503E+01,7.49503E+01,7.49503E+01,7.49503E+01,7.49503E+01,7.49503E+01,7.49503E+01,7.49503E+01,7.49503E+01,2.13609E+00,7.49503E+01,7.49503E+01,7.49503E+01,3.39384E+01 
#t = 1.428E+03
7.49503E+01,7.49503E+01,7.49503E+01,7.49503E+01,7.49503E+01,7.49503E+01,7.49503E+01,7.49503E+01,7.49503E+01,7.49503E+01,7.49503E+01,7.49503E+01,7.49503E+01,7.49503E+01,7.49503E+01,7.49503E+01,7.49503E+01,7.49503E+01,7.49503E+01,7.49503E+01,7.49503E+01,7.49503E+01,7.49503E+01,7.49503E+01,7.49503E+01,7.49503E+01,7.49503E+01,7.49503E+01,7.49503E+01,7.49503E+01,1.11602E+01,7.49503E+01,7.49503E+01,4.90641E-01,7.49503E+01,7.49503E+01,7.49503E+01 
#t = 1.470E+03
7.49503E+01,7.49503E+01,7.49503E+01,7.49503E+01,7.49503E+01,7.49503E+01,7.49503E+01,7.49503E+01,2.14335E+01,7.49503E+01,7.49503E+01,7.49503E+01,7.49503E+01,7.49503E+01,2.14335E+01,2.14335E+01,7.49503E+01,2.14335E+01,2.14335E+01,7.49503E+01,7.49503E+01,7.49503E+01,7.49503E+01,7.49503E+01,7.49503E+01,7.49503E+01,7.49503E+01,7.49503E+01,7.49503E+01,7.49503E+01,7.49503E+01,7.49503E+01,2.14335E+01,7.49503E+01,7.49503E+01,7.49503E+01,7.49503E+01,7.49503E+01,7.49503E+01,7.49503E+01,7.49503E+01,7.49503E+01,7.49503E+01,7.49503E+01,7.49503E+01,7.49503E+01,7.49503E+01,7.49503E+01,2.23893E-01,7.49503E+01,7.49503E+01,1.04081E+00 
#t = 1.512E+03
7.49503E+01,7.49503E+01,7.49503E+01,2.14335E+01,7.49503E+01,2.14335E+01,7.49503E+01,7.49503E+01,7.49503E+01,2.14335E+01,7.49503E+01,2.14335E+01,7.49503E+01,7.49503E+01,7.49503E+01,7.49503E+01,2.14335E+01,2.14335E+01,7.49503E+01,7.49503E+01,7.49503E+01,7.49503E+01,7.49503E+01,7.49503E+01,7.49503E+01,7.49503E+01,7.49503E+01,7.49503E+01,7.49503E+01,7.49503E+01,7.49503E+01,8.43112E-01,7.49503E+01,9.50215E-02,7.49503E+01,2.33630E+01,7.49503E+01 
#t = 1.554E+03
7.49503E+01,7.49503E+01,7.49503E+01,2.14335E+01,7.49503E+01,2.14335E+01,7.49503E+01,7.49503E+01,7.49503E+01,7.49503E+01,7.49503E+01,7.49503E+01,7.49503E+01,7.49503E+01,2.14335E+01,7.49503E+01,7.49503E+01,7.49503E+01,7.49503E+01,7.49503E+01,9.37840E+00,7.49503E+01,7.49503E+01,7.49503E+01,7.49503E+01,7.49503E+01,7.49503E+01,7.49503E+01,7.49503E+01,7.49503E+01,7.49503E+01,7.49503E+01,7.49503E+01,7.49503E+01 
#t = 1.596E+03
7.49503E+01,7.49503E+01,7.49503E+01,7.49503E+01,7.49503E+01,7.49503E+01,7.49503E+01,7.49503E+01,7.49503E+01,7.49503E+01,7.49503E+01,7.49503E+01,7.49503E+01,7.49503E+01,7.49503E+01,7.49503E+01,7.49503E+01,7.49503E+01,7.49503E+01,7.49503E+01,7.49503E+01,7.49503E+01,7.49503E+01,7.49503E+01,7.49503E+01,7.49503E+01,7.49503E+01,9.79537E-01,7.49503E+01,7.49503E+01,7.49503E+01,7.49503E+01,1.06142E+01,7.49503E+01,1.40500E+01,4.55251E-01,7.49503E+01,7.49503E+01 
#t = 1.638E+03
7.49503E+01,7.49503E+01,7.49503E+01,7.49503E+01,7.49503E+01,7.49503E+01,7.49503E+01,7.49503E+01,7.49503E+01,7.49503E+01,7.49503E+01,7.49503E+01,7.49503E+01,7.49503E+01,7.49503E+01,7.49503E+01,7.49503E+01,7.49503E+01,7.49503E+01,7.49503E+01,7.49503E+01,7.49503E+01,7.49503E+01,7.49503E+01,7.49503E+01,7.49503E+01,7.49503E+01,1.51084E+00,7.49503E+01,1.51109E+01,7.49503E+01,7.49503E+01,7.49503E+01,7.49503E+01,7.49503E+01,4.48134E+00,7.49503E+01,7.49503E+01,7.49503E+01 
#t = 1.680E+03
1.51109E+01,7.49503E+01,7.49503E+01,7.49503E+01,7.49503E+01,7.49503E+01,7.49503E+01,7.49503E+01,7.49503E+01,7.49503E+01,7.49503E+01,7.49503E+01,7.49503E+01,7.49503E+01,7.49503E+01,7.49503E+01,7.49503E+01,7.49503E+01,7.49503E+01,7.49503E+01,7.49503E+01,7.49503E+01,7.49503E+01,1.30302E+01,1.30302E+01,1.51109E+01,3.38220E+00,7.49503E+01,7.49503E+01,2.82424E-01,7.49503E+01,7.49503E+01,7.49503E+01,5.54417E+00,7.49503E+01,1.83361E+00,7.49503E+01,3.57720E-02,7.49503E+01,7.49503E+01,7.49503E+01,7.49503E+01,7.49503E+01 
#t = 1.722E+03
1.30302E+01,7.49503E+01,7.49503E+01,7.49503E+01,7.49503E+01,7.49503E+01,7.49503E+01,7.49503E+01,7.49503E+01,7.49503E+01,7.49503E+01,7.49503E+01,7.49503E+01,7.49503E+01,7.49503E+01,7.49503E+01,7.49503E+01,7.49503E+01,7.49503E+01,7.49503E+01,7.49503E+01,7.49503E+01,7.49503E+01,7.49503E+01,7.49503E+01,7.49503E+01,7.49503E+01,7.49503E+01,7.49503E+01,7.49503E+01,7.49503E+01,7.49503E+01,7.49503E+01,7.49503E+01,7.49503E+01,7.49503E+01,7.49503E+01,7.49503E+01,7.49503E+01,7.49503E+01 
#t = 1.764E+03
7.49503E+01,7.49503E+01,7.49503E+01,7.49503E+01,7.49503E+01,7.49503E+01,7.49503E+01,7.49503E+01,7.49503E+01,7.49503E+01,7.49503E+01,7.49503E+01,7.49503E+01,7.49503E+01,7.49503E+01,7.49503E+01,7.49503E+01,7.49503E+01,7.49503E+01,7.49503E+01,7.49503E+01,7.49503E+01,7.49503E+01,7.49503E+01,7.49503E+01,7.49503E+01,7.49503E+01,7.49503E+01,7.49503E+01,7.49503E+01,7.49503E+01,7.49503E+01,5.58162E+00,7.49503E+01,7.54094E-01,7.49503E+01,7.49503E+01,7.49503E+01,7.53268E+00,7.49503E+01,7.49503E+01,7.49503E+01 
#t = 1.806E+03
7.49503E+01,7.49503E+01,7.49503E+01,7.49503E+01,7.49503E+01,7.49503E+01,7.49503E+01,7.49503E+01,7.49503E+01,7.49503E+01,7.49503E+01,7.49503E+01,7.49503E+01,7.49503E+01,7.49503E+01,7.49503E+01,7.81912E+00,7.49503E+01,7.49503E+01,7.49503E+01,7.49503E+01,1.06276E+00,7.49503E+01,7.49503E+01,7.49503E+01,7.49503E+01,7.49503E+01,7.49503E+01,7.49503E+01,8.30462E-01,7.49503E+01,7.49503E+01,7.49503E+01,7.49503E+01,7.49503E+01,7.49503E+01,6.81464E-01,7.49503E+01,7.49503E+01 
#t = 1.848E+03
7.49503E+01,7.49503E+01,7.49503E+01,7.49503E+01,7.49503E+01,7.49503E+01,7.49503E+01,7.49503E+01,7.49503E+01,7.49503E+01,7.49503E+01,2.44841E+01,7.49503E+01,7.49503E+01,7.49503E+01,7.49503E+01,7.49503E+01,7.49503E+01,3.52827E+01,7.49503E+01,7.49503E+01,7.49503E+01,7.49503E+01,3.52827E+01,7.49503E+01,7.49503E+01,7.49503E+01,7.49503E+01,7.49503E+01,7.49503E+01,7.49503E+01,7.49503E+01,2.88261E+00,7.49503E+01,7.49503E+01,7.49503E+01,7.49503E+01,7.49503E+01,7.49503E+01,7.49503E+01,7.49503E+01,7.49503E+01,7.49503E+01,7.49503E+01 
#t = 1.890E+03
7.49503E+01,7.49503E+01,7.49503E+01,7.49503E+01,7.49503E+01,7.49503E+01,3.52827E+01,7.49503E+01,7.49503E+01,7.49503E+01,7.49503E+01,7.49503E+01,7.49503E+01,7.49503E+01,7.49503E+01,7.49503E+01,7.49503E+01,3.52827E+01,7.49503E+01,7.49503E+01,7.49503E+01,7.49503E+01,7.49503E+01,7.49503E+01,7.49503E+01,7.49503E+01,7.49503E+01,7.49503E+01,7.49503E+01,7.49503E+01,7.49503E+01,3.52827E+01,7.49503E+01,7.49503E+01,3.52827E+01,2.83075E-01,7.49503E+01,2.07362E+00,1.37523E+00,7.49503E+01,7.49503E+01,8.04467E+00 
#t = 1.932E+03
7.49503E+01,7.49503E+01,7.49503E+01,7.49503E+01,7.49503E+01,7.49503E+01,7.49503E+01,7.49503E+01,3.52827E+01,7.49503E+01,7.49503E+01,7.49503E+01,7.49503E+01,7.49503E+01,7.49503E+01,7.49503E+01,7.49503E+01,7.49503E+01,7.49503E+01,7.49503E+01,7.49503E+01,7.49503E+01,7.49503E+01,7.49503E+01,7.49503E+01,7.49503E+01,7.49503E+01,7.49503E+01,7.49503E+01,7.49503E+01,7.49503E+01,7.49503E+01,7.49503E+01,7.49503E+01,7.49503E+01,7.49503E+01,1.72576E+00,7.49503E+01,2.13072E-01,7.49835E-01,3.66566E+00 
#t = 1.974E+03
7.49503E+01,7.49503E+01,7.49503E+01,7.49503E+01,7.49503E+01,7.49503E+01,7.49503E+01,7.49503E+01,7.49503E+01,1.09465E+01,7.49503E+01,7.49503E+01,7.49503E+01,7.49503E+01,7.49503E+01,7.49503E+01,7.49503E+01,7.49503E+01,7.49503E+01,7.49503E+01,7.49503E+01,7.49503E+01,7.49503E+01,8.91551E+00,7.49503E+01,7.49503E+01,7.49503E+01,7.49503E+01,4.85410E+00,7.49503E+01,7.49503E+01,7.49503E+01,1.09465E+01,7.49503E+01,7.49503E+01,7.49503E+01 
#t = 2.016E+03
7.49503E+01,7.49503E+01,7.49503E+01,7.49503E+01,7.49503E+01,7.49503E+01,7.49503E+01,7.49503E+01,7.49503E+01,7.49503E+01,7.49503E+01,7.49503E+01,7.49503E+01,7.49503E+01,7.49503E+01,7.49503E+01,7.49503E+01,7.49503E+01,1.62209E+01,7.49503E+01,7.49503E+01,7.49503E+01,7.49503E+01,7.49503E+01,7.49503E+01,7.49503E+01,7.49503E+01,7.49503E+01,7.49503E+01,1.62209E+01,8.55823E-01,7.49503E+01,1.62209E+01,1.62209E+01,7.49503E+01,7.49503E+01,7.49503E+01,2.40176E-01,7.49503E+01,7.49503E+01,7.49503E+01,7.49503E+01 
#t = 2.058E+03
7.49503E+01,7.49503E+01,7.49503E+01,1.45356E+01,7.49503E+01,7.49503E+01,7.49503E+01,7.49503E+01,7.49503E+01,7.49503E+01,7.49503E+01,7.45886E+00,7.49503E+01,7.49503E+01,7.49503E+01,7.49503E+01,7.49503E+01,7.49503E+01,3.28138E+01,7.49503E+01,7.49503E+01,7.49503E+01,1.45356E+01,7.49503E+01,7.49503E+01,7.49503E+01,7.49503E+01,7.49503E+01,7.49503E+01,7.49503E+01,7.49503E+01,7.49503E+01,2.51872E+00,7.49503E+01,7.49503E+01,7.49503E+01,1.45356E+01,7.49503E+01,1.48607E+00,1.44737E-01,7.49503E+01,7.49503E+01 
#t = 2.100E+03
1.45356E+01,7.49503E+01,7.49503E+01,7.49503E+01,7.49503E+01,7.49503E+01,7.49503E+01,7.49503E+01,7.49503E+01,7.49503E+01,7.49503E+01,7.49503E+01,7.49503E+01,7.49503E+01,1.34037E+01,7.49503E+01,7.49503E+01,7.49503E+01,7.49503E+01,7.49503E+01,7.49503E+01,7.49503E+01,7.49503E+01,8.16050E+00,7.49503E+01,1.45356E+01,7.49503E+01,7.49503E+01,7.49503E+01,1.45356E+01,1.45356E+01,7.49503E+01,7.49503E+01,7.49503E+01,7.49503E+01,1.45356E+01,7.49503E+01,1.45356E+01,7.49503E+01,7.49503E+01,7.49503E+01,7.49503E+01,1.97407E+00,7.49503E+01 
#t = 2.142E+03
7.49503E+01,7.49503E+01,7.49503E+01,7.49503E+01,7.49503E+01,1.45356E+01,1.45356E+01,1.45356E+01,7.49503E+01,7.49503E+01,7.49503E+01,7.49503E+01,7.49503E+01,7.49503E+01,7.49503E+01,7.49503E+01,7.49503E+01,7.49503E+01,7.49503E+01,1.45356E+01,7.49503E+01,1.45356E+01,7.49503E+01,7.49503E+01,7.49503E+01,7.49503E+01,7.49503E+01,7.49503E+01,5.86075E+01,7.49503E+01,1.89489E-01,2.19160E-01,7.49503E+01 
#t = 2.184E+03
7.49503E+01,7.49503E+01,7.49503E+01,7.49503E+01,7.49503E+01,7.49503E+01,7.49503E+01,7.49503E+01,7.49503E+01,7.49503E+01,7.49503E+01,7.49503E+01,7.49503E+01,7.49503E+01,7.49503E+01,7.49503E+01,7.49503E+01,7.49503E+01,7.49503E+01,7.49503E+01,7.49503E+01,7.49503E+01,7.49503E+01,7.49503E+01,7.49503E+01,7.49503E+01,7.49503E+01,7.49503E+01,7.49503E+01,7.49503E+01,7.49503E+01,7.49503E+01,7.49503E+01,7.49503E+01,7.49503E+01,7.49503E+01,7.49503E+01,7.49503E+01,7.49503E+01,7.49503E+01,7.49503E+01,7.49503E+01,7.49503E+01,7.49503E+01,7.49503E+01 
#t = 2.226E+03
7.49503E+01,7.49503E+01,7.49503E+01,7.49503E+01,7.49503E+01,7.49503E+01,7.49503E+01,7.49503E+01,7.49503E+01,7.49503E+01,7.49503E+01,7.49503E+01,7.49503E+01,7.49503E+01,1.81773E+01,7.49503E+01,7.49503E+01,7.49503E+01,7.49503E+01,7.49503E+01,7.49503E+01,7.49503E+01,7.49503E+01,2.10734E+01,7.49503E+01,7.49503E+01,7.49503E+01,7.49503E+01,7.49503E+01,7.49503E+01,7.49503E+01,7.49503E+01,7.49503E+01,7.49503E+01,7.49503E+01,1.09415E+00 
#t = 2.268E+03
7.49503E+01,7.49503E+01,7.49503E+01,7.49503E+01,2.10734E+01,7.49503E+01,3.53865E+01,7.49503E+01,1.86203E+01,3.53865E+01,9.27570E+01,7.49503E+01,7.49503E+01,7.49503E+01,9.27570E+01,7.49503E+01,1.56366E+01,7.49503E+01,3.53865E+01,7.49503E+01,2.10734E+01,9.27570E+01,7.49503E+01,9.27570E+01,7.49503E+01,7.49503E+01,3.53865E+01,7.49503E+01,1.86203E+01,1.86203E+01,7.49503E+01,7.49503E+01,7.49503E+01,7.49503E+01,7.49503E+01,9.27570E+01,7.49503E+01,7.49503E+01,7.49503E+01,6.42363E-01 
#t = 2.310E+03
7.49503E+01,3.53865E+01,7.49503E+01,1.86203E+01,7.49503E+01,9.27570E+01,7.49503E+01,7.49503E+01,7.49503E+01,7.49503E+01,9.27570E+01,7.49503E+01,7.49503E+01,3.53865E+01,7.49503E+01,3.53865E+01,7.49503E+01,3.31592E+00,3.53865E+01,7.49503E+01,7.49503E+01,7.49503E+01,7.49503E+01,7.49503E+01,7.49503E+01,7.49503E+01,9.27570E+01,9.27570E+01,7.49503E+01,9.27570E+01,1.86203E+01,9.27570E+01,9.27570E+01,1.86203E+01,1.54269E+02,7.49503E+01,9.27570E+01,7.49503E+01,9.27570E+01,9.27570E+01,3.53865E+01,7.49503E+01,7.49503E+01,9.27570E+01,7.49503E+01 
#t = 2.352E+03
9.27570E+01,7.49503E+01,7.49503E+01,9.27570E+01,7.49503E+01,1.92041E+01,9.27570E+01,7.49503E+01,9.27570E+01,7.49503E+01,9.27570E+01,7.49503E+01,7.49503E+01,9.27570E+01,7.49503E+01,1.86203E+01,1.86203E+01,9.27570E+01,7.49503E+01,9.17477E+00,9.27570E+01,7.49503E+01,7.49503E+01,9.27570E+01,9.27570E+01,9.27570E+01,1.06240E+01,9.27570E+01,9.27570E+01,3.53865E+01,7.49503E+01,3.53865E+01,1.74371E-01,9.27570E+01,7.49503E+01,1.95504E+01,9.27570E+01,7.49503E+01,1.86203E+01,7.49503E+01,9.27570E+01,1.46566E+00,1.38218E+00,2.41598E+00,9.27570E+01 
#t = 2.394E+03
9.27570E+01,1.95504E+01,7.49503E+01,7.49503E+01,7.49503E+01,7.49503E+01,7.49503E+01,7.49503E+01,9.27570E+01,7.49503E+01,7.49503E+01,9.27570E+01,7.49503E+01,7.49503E+01,7.49503E+01,7.49503E+01,7.49503E+01,9.27570E+01,7.49503E+01,9.27570E+01,7.49503E+01,9.27570E+01,7.49503E+01,1.00546E+01,7.49503E+01,7.49503E+01,7.49503E+01,5.90543E+00,9.27570E+01,7.49503E+01,9.27570E+01,7.49503E+01,7.49503E+01,9.27570E+01,1.85157E-01,7.49503E+01,7.49503E+01,7.49503E+01,7.49503E+01,7.49503E+01,7.49503E+01,9.27570E+01,7.49503E+01,7.49503E+01 
#t = 2.436E+03
7.49503E+01,9.27570E+01,9.27570E+01,7.49503E+01,7.49503E+01,7.49503E+01,7.49503E+01,7.49503E+01,7.49503E+01,7.49503E+01,7.49503E+01,7.49503E+01,7.49503E+01,7.49503E+01,7.49503E+01,7.49503E+01,7.49503E+01,7.49503E+01,7.49503E+01,7.49503E+01,7.49503E+01,7.49503E+01,7.49503E+01,7.49503E+01,7.49503E+01,7.49503E+01,6.97926E+00,7.49503E+01,7.49503E+01,1.15905E+01,4.29286E+00,7.49503E+01,7.49503E+01,7.49779E-01,9.27570E+01,7.49503E+01,7.49503E+01,7.49503E+01,3.07928E-01,1.26959E+00 
#t = 2.478E+03
7.49503E+01,7.49503E+01,7.49503E+01,7.49503E+01,9.27570E+01,7.49503E+01,7.49503E+01,7.49503E+01,7.49503E+01,7.49503E+01,7.49503E+01,7.49503E+01,1.15905E+01,7.49503E+01,7.49503E+01,7.49503E+01,7.49503E+01,9.27570E+01,7.49503E+01,7.49503E+01,7.49503E+01,7.49503E+01,9.27570E+01,7.49503E+01,7.49503E+01,9.27570E+01,7.49503E+01,7.49503E+01,7.49503E+01,7.49503E+01,7.49503E+01,7.49503E+01,5.20273E-01,7.49503E+01,7.49503E+01,7.49503E+01,9.27570E+01,7.49503E+01 
#t = 2.520E+03
9.27570E+01,7.49503E+01,7.49503E+01,7.49503E+01,7.49503E+01,7.49503E+01,7.49503E+01,7.49503E+01,7.49503E+01,7.49503E+01,7.49503E+01,9.27570E+01,7.49503E+01,9.27570E+01,7.49503E+01,7.49503E+01,7.49503E+01,7.49503E+01,1.34089E+01,7.49503E+01,7.49503E+01,1.15905E+01,7.49503E+01,7.49503E+01,7.89860E+00,9.27570E+01,7.49503E+01,7.49503E+01,7.49503E+01,7.49503E+01,9.27570E+01,7.49503E+01,7.49503E+01,7.49503E+01,7.49503E+01,1.71935E+00,7.49503E+01,7.49503E+01,7.49503E+01,7.49503E+01,9.27570E+01,7.49503E+01,1.34089E+01,7.49503E+01 
#t = 2.562E+03
7.49503E+01,7.49503E+01,7.49503E+01,9.27570E+01,7.49503E+01,7.49503E+01,9.27570E+01,7.49503E+01,1.34089E+01,7.49503E+01,7.49503E+01,7.49503E+01,9.27570E+01,7.49503E+01,7.49503E+01,1.34089E+01,7.49503E+01,7.49503E+01,1.34089E+01,9.27570E+01,7.49503E+01,7.49503E+01,7.49503E+01,7.33884E+00,7.49503E+01,7.49503E+01,7.49503E+01,7.49503E+01,7.49503E+01,7.49503E+01,7.49503E+01,9.27570E+01,7.49503E+01,4.47327E-01,9.27570E+01,7.49503E+01,7.49503E+01,7.49503E+01 
#t = 2.604E+03
7.49503E+01,9.27570E+01,7.49503E+01,1.34089E+01,7.49503E+01,7.49503E+01,7.49503E+01,1.34089E+01,7.49503E+01,7.49503E+01,7.49503E+01,7.49503E+01,7.49503E+01,9.27570E+01,9.05507E+00,7.49503E+01,7.49503E+01,7.49503E+01,7.49503E+01,7.49503E+01,9.27570E+01,1.34089E+01,7.49503E+01,7.49503E+01,7.49503E+01,7.49503E+01,7.49503E+01,7.49503E+01,7.49503E+01,7.49503E+01,7.49503E+01,9.27570E+01,7.49503E+01,7.49503E+01,7.49503E+01,7.49503E+01,7.49503E+01,7.49503E+01,7.49503E+01,7.49503E+01,7.49503E+01,2.75187E-01,7.49503E+01,9.27570E+01 
#t = 2.646E+03
7.49503E+01,7.49503E+01,7.49503E+01,9.27570E+01,9.27570E+01,7.49503E+01,7.49503E+01,1.34089E+01,1.34089E+01,7.49503E+01,7.49503E+01,7.49503E+01,1.34089E+01,7.49503E+01,1.06746E+01,7.49503E+01,7.49503E+01,1.34089E+01,7.49503E+01,7.49503E+01,7.49503E+01,7.49503E+01,7.49503E+01,1.34089E+01,1.57141E+01,9.27570E+01,7.49503E+01,7.49503E+01,7.49503E+01,3.13565E+01,7.49503E+01,7.49503E+01,7.49503E+01,7.49503E+01,7.49503E+01,7.49503E+01,7.49503E+01,7.49503E+01,7.49503E+01,7.49503E+01,4.61452E+01,7.49503E+01,1.34089E+01,7.49503E+01 
#t = 2.688E+03
1.34089E+01,7.49503E+01,7.49503E+01,4.61452E+01,7.49503E+01,1.27276E+01,7.49503E+01,7.49503E+01,7.49503E+01,7.49503E+01,4.61452E+01,7.49503E+01,4.61452E+01,9.27570E+01,7.49503E+01,4.61452E+01,7.49503E+01,1.27276E+01,7.49503E+01,7.49503E+01,9.27570E+01,7.49503E+01,7.49503E+01,7.49503E+01,1.27276E+01,7.49503E+01,7.49503E+01,4.61452E+01,7.49503E+01,7.49503E+01,7.49503E+01,7.49503E+01,1.27276E+01,7.49503E+01,4.61452E+01,1.34089E+01,7.49503E+01,9.27570E+01,7.49503E+01,7.49503E+01,1.34089E+01,9.27570E+01,7.49503E+01,7.49503E+01,1.27276E+01,1.34089E+01,7.49503E+01,1.79193E-01,1.27276E+01,7.49503E+01,9.21897E-01,1.93126E+00 
#t = 2.730E+03
7.49503E+01,4.61452E+01,1.34089E+01,7.49503E+01,7.49503E+01,7.49503E+01,7.49503E+01,7.49503E+01,4.61452E+01,9.27570E+01,9.27570E+01,9.27570E+01,7.49503E+01,7.49503E+01,9.27570E+01,7.49503E+01,1.34089E+01,7.49503E+01,7.49503E+01,7.49503E+01,7.49503E+01,1.34089E+01,9.27570E+01,7.49503E+01,9.27570E+01,9.27570E+01,7.49503E+01,7.49503E+01,9.27570E+01,1.34089E+01,4.61452E+01,1.34089E+01,9.27570E+01,1.34089E+01,2.12958E+00,1.34089E+01,9.27570E+01,9.27570E+01,7.49503E+01,1.34089E+01,7.49503E+01,4.61452E+01,9.27570E+01,1.34089E+01,1.34089E+01,4.61452E+01,7.49503E+01,7.49503E+01,7.49503E+01,1.34089E+01 
#t = 2.772E+03
7.49503E+01,9.27570E+01,7.49503E+01,1.34089E+01,7.49503E+01,9.27570E+01,9.27570E+01,7.49503E+01,7.49503E+01,7.49503E+01,7.49503E+01,1.34089E+01,7.49503E+01,7.49503E+01,1.34089E+01,9.27570E+01,1.34089E+01,7.49503E+01,9.27570E+01,7.49503E+01,7.49503E+01,7.49503E+01,7.49503E+01,9.27570E+01,7.49503E+01,7.49503E+01,7.49503E+01,9.27570E+01,7.49503E+01,7.49503E+01,7.49503E+01,9.27570E+01,7.49503E+01,9.27570E+01,2.40269E+00,9.27570E+01,7.49503E+01,7.49503E+01,9.27570E+01 
#t = 2.814E+03
9.27570E+01,1.34089E+01,9.27570E+01,7.49503E+01,7.49503E+01,7.49503E+01,7.49503E+01,7.49503E+01,2.32124E+01,9.27570E+01,2.32124E+01,7.49503E+01,9.27570E+01,7.49503E+01,7.49503E+01,7.49503E+01,7.49503E+01,9.27570E+01,7.49503E+01,9.27570E+01,7.49503E+01,7.49503E+01,9.27570E+01,9.27570E+01,9.27570E+01,7.49503E+01,2.32124E+01,9.27570E+01,7.49503E+01,7.49503E+01,7.49503E+01,7.49503E+01,7.49503E+01,7.49503E+01,7.49503E+01,7.49503E+01,2.32124E+01,2.12030E+00,7.49503E+01,1.34089E+01,1.34089E+01,8.62425E+00,7.49503E+01,9.27570E+01,7.49503E+01,7.49503E+01,7.49503E+01,9.27570E+01 
#t = 2.856E+03
9.27570E+01,9.27570E+01,7.49503E+01,7.49503E+01,7.49503E+01,7.49503E+01,7.49503E+01,7.49503E+01,7.49503E+01,7.49503E+01,7.49503E+01,7.49503E+01,7.49503E+01,7.49503E+01,7.49503E+01,7.49503E+01,7.49503E+01,7.49503E+01,7.49503E+01,7.49503E+01,7.49503E+01,7.49503E+01,7.49503E+01,9.27570E+01,7.49503E+01,1.04583E+01,7.49503E+01,7.49503E+01,7.49503E+01,9.27570E+01,7.49503E+01,2.06784E+01,7.49503E+01,7.49503E+01,7.49503E+01,2.06784E+01,7.49503E+01,7.49503E+01,2.40511E+01,7.49503E+01,7.49503E+01,7.49503E+01,7.49503E+01,7.49503E+01,2.40511E+01,7.49503E+01,7.49503E+01,7.49503E+01,7.49503E+01,7.49503E+01,8.90180E-01,7.49503E+01,7.49503E+01,7.49503E+01,9.27570E+01,9.27570E+01,2.40511E+01,9.27570E+01,3.39195E-01,7.49503E+01 
#t = 2.898E+03
9.27570E+01,7.49503E+01,7.49503E+01,9.27570E+01,9.27570E+01,7.49503E+01,7.49503E+01,7.49503E+01,7.49503E+01,7.49503E+01,7.49503E+01,7.49503E+01,7.49503E+01,7.49503E+01,7.49503E+01,7.49503E+01,9.27570E+01,7.49503E+01,9.27570E+01,7.49503E+01,7.49503E+01,7.49503E+01,7.49503E+01,7.49503E+01,9.99673E+00,7.49503E+01,7.49503E+01,7.49503E+01,7.49503E+01,2.96196E+00,7.49503E+01,9.27570E+01,7.49503E+01,7.49503E+01,7.49503E+01,5.17862E-02,7.49503E+01,7.49503E+01,1.05265E+00,7.49503E+01,7.49503E+01,7.49503E+01 
#t = 2.940E+03
9.27570E+01,9.27570E+01,7.49503E+01,7.49503E+01,7.49503E+01,7.49503E+01,9.27570E+01,7.49503E+01,7.49503E+01,7.49503E+01,7.49503E+01,7.49503E+01,7.49503E+01,7.49503E+01,7.49503E+01,7.49503E+01,7.49503E+01,7.49503E+01,7.49503E+01,7.49503E+01,7.49503E+01,7.49503E+01,7.49503E+01,7.49503E+01,7.49503E+01,7.49503E+01,7.49503E+01,1.51559E-01,7.49503E+01,7.49503E+01,7.49503E+01,7.49503E+01,7.49503E+01,1.61573E+01,7.49503E+01,7.49503E+01,6.78379E-01,7.49503E+01,1.07571E-01,7.49503E+01,7.49503E+01,7.49503E+01,7.49503E+01,7.49503E+01,7.49503E+01,7.49503E+01 
#t = 2.982E+03
7.49503E+01,1.61573E+01,7.49503E+01,7.49503E+01,7.49503E+01,1.61573E+01,7.49503E+01,7.49503E+01,7.49503E+01,7.49503E+01,7.49503E+01,7.49503E+01,7.49503E+01,7.49503E+01,7.49503E+01,7.49503E+01,7.49503E+01,1.61573E+01,7.49503E+01,7.49503E+01,7.49503E+01,1.61573E+01,7.49503E+01,7.49503E+01,7.49503E+01,7.49503E+01,7.49503E+01,7.49503E+01,7.49503E+01,1.72954E+01,7.49503E+01,7.49503E+01,7.49503E+01,7.49503E+01,9.30312E-02,7.49503E+01,8.56604E-01,1.61573E+01,7.49503E+01,7.49503E+01,7.49503E+01 
#t = 3.024E+03
7.49503E+01,7.49503E+01,7.49503E+01,7.49503E+01,7.49503E+01,7.49503E+01,7.49503E+01,7.49503E+01,7.49503E+01,7.49503E+01,7.49503E+01,7.49503E+01,7.49503E+01,7.49503E+01,7.49503E+01,1.61573E+01,7.49503E+01,7.49503E+01,1.61573E+01,7.49503E+01,7.49503E+01,7.49503E+01,7.49503E+01,7.49503E+01,7.49503E+01,1.61573E+01,7.49503E+01,7.49503E+01,7.49503E+01,7.49503E+01,7.49503E+01,7.49503E+01,7.49503E+01,3.54404E+00,7.49503E+01,7.49503E+01,7.49503E+01,7.49503E+01,7.49503E+01,1.78520E+00,7.49503E+01 
#t = 3.066E+03
7.49503E+01,7.49503E+01,7.49503E+01,7.49503E+01,7.49503E+01,7.49503E+01,7.49503E+01,7.49503E+01,7.49503E+01,7.49503E+01,7.49503E+01,7.49503E+01,7.49503E+01,7.49503E+01,7.49503E+01,7.49503E+01,7.49503E+01,7.49503E+01,7.49503E+01,7.49503E+01,7.49503E+01,7.49503E+01,7.49503E+01,7.49503E+01,7.49503E+01,7.49503E+01,7.49503E+01,7.49503E+01,1.74819E-01,7.49503E+01,1.35572E+00,7.49503E+01,7.49503E+01,7.49503E+01,5.03738E-01 
#t = 3.108E+03
7.49503E+01,7.49503E+01,7.49503E+01,7.49503E+01,7.49503E+01,7.49503E+01,7.49503E+01,7.49503E+01,7.49503E+01,7.49503E+01,7.49503E+01,7.49503E+01,7.49503E+01,7.49503E+01,7.49503E+01,7.49503E+01,7.49503E+01,7.49503E+01,7.49503E+01,7.49503E+01,7.49503E+01,7.49503E+01,7.49503E+01,7.49503E+01,7.49503E+01,7.49503E+01,7.49503E+01,7.49503E+01,1.24588E+01,7.49503E+01,7.49503E+01,7.49503E+01,7.49503E+01,7.49503E+01,7.49503E+01,7.49503E+01,1.87996E+00,7.49503E+01,7.49503E+01,7.49503E+01,7.49503E+01,7.49503E+01,7.49503E+01,7.49503E+01,7.49503E+01,7.49503E+01,3.39039E-01,1.13024E+00,7.49503E+01,7.49503E+01,7.49503E+01,7.49503E+01,7.49503E+01,1.37929E+00,7.49503E+01,7.49503E+01,7.49503E+01,3.57973E+00,7.49503E+01 
#t = 3.150E+03
7.49503E+01,7.49503E+01,7.49503E+01,7.49503E+01,7.49503E+01,7.49503E+01,7.49503E+01,7.49503E+01,7.49503E+01,7.49503E+01,7.49503E+01,7.49503E+01,7.49503E+01,7.49503E+01,7.49503E+01,7.49503E+01,7.49503E+01,7.49503E+01,7.49503E+01,7.49503E+01,7.49503E+01,7.49503E+01,7.49503E+01,1.10639E+01,7.49503E+01,7.49503E+01,7.49503E+01,7.49503E+01,1.10639E+01,7.49503E+01,7.49503E+01,7.49503E+01,7.49503E+01,7.49503E+01,7.49503E+01,7.49503E+01,7.49503E+01,1.10639E+01,7.49503E+01,7.49503E+01,7.49503E+01,7.49503E+01,5.45402E+00 
#t = 3.192E+03
7.49503E+01,7.49503E+01,7.49503E+01,7.49503E+01,1.10639E+01,1.10639E+01,7.49503E+01,7.49503E+01,7.49503E+01,7.49503E+01,7.49503E+01,7.49503E+01,1.10639E+01,7.49503E+01,7.49503E+01,1.10639E+01,7.49503E+01,7.49503E+01,8.44759E+00,7.49503E+01,7.49503E+01,7.49503E+01,7.49503E+01,7.49503E+01,7.49503E+01,7.49503E+01,7.49503E+01,1.19207E+00,7.49503E+01,7.49503E+01,7.49503E+01,7.49503E+01,7.49503E+01,7.93766E-02 
#t = 3.234E+03
1.10639E+01,7.49503E+01,7.49503E+01,7.49503E+01,7.49503E+01,7.49503E+01,7.49503E+01,7.49503E+01,7.49503E+01,7.49503E+01,7.49503E+01,7.49503E+01,7.49503E+01,7.49503E+01,7.49503E+01,7.49503E+01,7.49503E+01,7.49503E+01,7.49503E+01,7.49503E+01,7.49503E+01,7.49503E+01,7.49503E+01,7.49503E+01,7.49503E+01,7.49503E+01,2.04531E+01,7.49503E+01,7.30223E+00,7.49503E+01,7.49503E+01,7.49503E+01,7.49503E+01,7.49503E+01,7.49503E+01,7.49503E+01,7.49503E+01,4.65419E-01,7.49503E+01 
#t = 3.276E+03
7.49503E+01,7.49503E+01,7.49503E+01,7.49503E+01,7.49503E+01,7.49503E+01,7.49503E+01,7.49503E+01,7.49503E+01,7.49503E+01,7.49503E+01,7.49503E+01,7.49503E+01,7.49503E+01,7.49503E+01,7.49503E+01,7.49503E+01,7.49503E+01,7.49503E+01,7.49503E+01,7.49503E+01,7.49503E+01,7.49503E+01,7.49503E+01,7.49503E+01,7.49503E+01,7.49503E+01,7.49503E+01,1.29655E+01,7.49503E+01,7.49503E+01,7.49503E+01,7.49503E+01,7.49503E+01,7.49503E+01,7.49503E+01,7.49503E+01,7.49503E+01,7.49503E+01,7.49503E+01,7.49503E+01,7.49503E+01,7.49503E+01,7.49503E+01 
#t = 3.318E+03
7.49503E+01,7.49503E+01,7.49503E+01,7.49503E+01,7.49503E+01,7.49503E+01,7.49503E+01,7.49503E+01,7.49503E+01,7.49503E+01,7.49503E+01,7.49503E+01,7.49503E+01,7.49503E+01,1.26646E+01,7.49503E+01,7.49503E+01,7.49503E+01,7.49503E+01,7.49503E+01,7.49503E+01,7.49503E+01,7.49503E+01,7.49503E+01,7.49503E+01,7.49503E+01,7.49503E+01,1.75109E+01,7.49503E+01,7.50974E-02,7.49503E+01,7.49503E+01,7.49503E+01,2.19252E-01,7.49503E+01,2.37771E-01,7.49503E+01,7.49503E+01,7.49503E+01 
#t = 3.360E+03
7.49503E+01,7.49503E+01,7.49503E+01,7.49503E+01,7.49503E+01,7.49503E+01,7.49503E+01,7.49503E+01,7.49503E+01,7.49503E+01,7.49503E+01,7.49503E+01,7.49503E+01,7.49503E+01,7.49503E+01,7.49503E+01,7.49503E+01,7.49503E+01,7.49503E+01,7.49503E+01,7.49503E+01,7.49503E+01,7.49503E+01,7.49503E+01,7.49503E+01,7.49503E+01,7.49503E+01,7.49503E+01,7.49503E+01,7.49503E+01,7.49503E+01,7.49503E+01,7.49503E+01,7.49503E+01,7.49503E+01,7.49503E+01,7.53903E+00,7.49503E+01,7.49503E+01,7.49503E+01,7.49503E+01,7.49503E+01,7.49503E+01,7.49503E+01 
#t = 3.402E+03
7.49503E+01,7.49503E+01,7.49503E+01,7.49503E+01,7.49503E+01,7.49503E+01,7.49503E+01,7.49503E+01,7.49503E+01,7.49503E+01,7.49503E+01,7.49503E+01,7.49503E+01,7.49503E+01,7.49503E+01,7.49503E+01,7.49503E+01,7.49503E+01,4.40111E+01,7.49503E+01,7.49503E+01,7.49503E+01,7.49503E+01,7.49503E+01,7.49503E+01,7.49503E+01,7.49503E+01,7.49503E+01,4.40111E+01,7.49503E+01,7.49503E+01,7.49503E+01,7.49503E+01,7.49503E+01,7.49503E+01,3.36682E+00,1.28650E+01,4.40111E+01,7.49503E+01 
#t = 3.444E+03
7.49503E+01,1.28650E+01,7.49503E+01,7.49503E+01,7.49503E+01,7.49503E+01,7.49503E+01,7.49503E+01,7.49503E+01,7.49503E+01,7.49503E+01,7.49503E+01,7.49503E+01,7.49503E+01,7.49503E+01,7.49503E+01,7.49503E+01,7.49503E+01,7.49503E+01,7.49503E+01,1.27929E+00,7.49503E+01,7.49503E+01,7.49503E+01,7.49503E+01,3.45303E+00,7.49503E+01,7.49503E+01,7.49503E+01,4.82470E-01,5.87891E-01,3.26707E+00,7.49503E+01,7.49503E+01,2.04764E-02 
#t = 3.486E+03
7.49503E+01,7.49503E+01,7.49503E+01,7.49503E+01,7.49503E+01,7.49503E+01,7.49503E+01,7.49503E+01,7.49503E+01,7.49503E+01,7.49503E+01,7.49503E+01,7.49503E+01,7.49503E+01,7.49503E+01,7.49503E+01,7.49503E+01,7.49503E+01,7.49503E+01,7.49503E+01,7.49503E+01,7.49503E+01,7.49503E+01,7.49503E+01,7.49503E+01,7.49503E+01,7.49503E+01,7.49503E+01,7.49503E+01,7.49503E+01,7.49503E+01,7.49503E+01,7.49503E+01,7.49503E+01,7.49503E+01,9.86487E-01,7.49503E+01,7.49503E+01,7.49503E+01,7.49503E+01,3.28092E+00,7.49503E+01,7.49503E+01,7.49503E+01,1.61258E+00,1.34868E+00,7.49503E+01,7.49503E+01 
#t = 3.528E+03
7.49503E+01,7.49503E+01,7.49503E+01,7.49503E+01,7.49503E+01,7.49503E+01,7.49503E+01,7.49503E+01,7.49503E+01,7.49503E+01,7.49503E+01,7.49503E+01,7.49503E+01,7.49503E+01,7.49503E+01,7.49503E+01,7.49503E+01,7.49503E+01,7.49503E+01,7.49503E+01,7.49503E+01,7.49503E+01,7.49503E+01,7.49503E+01,7.49503E+01,7.49503E+01,7.49503E+01,7.49503E+01,7.49503E+01,7.49503E+01,7.49503E+01,7.49503E+01,7.49503E+01,7.49503E+01,7.49503E+01,7.49503E+01,7.49503E+01,7.49503E+01,7.49503E+01,7.49503E+01,7.49503E+01,7.49503E+01,7.49503E+01,7.49503E+01,7.49503E+01,7.49503E+01 
#t = 3.570E+03
7.49503E+01,7.49503E+01,7.49503E+01,7.49503E+01,7.49503E+01,7.49503E+01,7.49503E+01,7.49503E+01,7.49503E+01,7.49503E+01,7.49503E+01,7.49503E+01,7.49503E+01,7.49503E+01,7.49503E+01,7.49503E+01,7.49503E+01,7.49503E+01,7.49503E+01,7.49503E+01,7.49503E+01,7.49503E+01,7.49503E+01,1.25194E+00,7.49503E+01,7.49503E+01,7.49503E+01,7.49503E+01,7.49503E+01,7.49503E+01,7.49503E+01,7.49503E+01,7.49503E+01,7.49503E+01,1.62238E+00,5.52642E+00,7.49503E+01,7.49503E+01,7.49503E+01,7.49503E+01,7.49503E+01,7.49503E+01,7.49503E+01,7.49503E+01,7.49503E+01 
#t = 3.612E+03
7.49503E+01,7.49503E+01,7.49503E+01,7.49503E+01,7.49503E+01,7.49503E+01,7.49503E+01,7.49503E+01,7.49503E+01,7.49503E+01,7.49503E+01,7.49503E+01,7.49503E+01,7.49503E+01,7.49503E+01,7.49503E+01,7.49503E+01,7.49503E+01,7.49503E+01,7.49503E+01,7.49503E+01,7.49503E+01,7.49503E+01,7.49503E+01,7.49503E+01,7.49503E+01,7.49503E+01,5.34091E+00,7.49503E+01,7.49503E+01,5.00426E+00,7.49503E+01,7.49503E+01,7.49503E+01,7.49503E+01,7.49503E+01 
#t = 3.654E+03
7.49503E+01,7.49503E+01,7.49503E+01,7.49503E+01,7.49503E+01,7.49503E+01,7.49503E+01,7.49503E+01,7.49503E+01,7.49503E+01,7.49503E+01,7.49503E+01,7.49503E+01,7.49503E+01,2.17005E+01,7.49503E+01,7.49503E+01,7.49503E+01,7.49503E+01,7.49503E+01,7.49503E+01,7.49503E+01,7.49503E+01,7.49503E+01,7.49503E+01,7.49503E+01,7.49503E+01,7.49503E+01,7.49503E+01,7.49503E+01,7.49503E+01,7.49503E+01,7.49503E+01,7.49503E+01,7.49503E+01,7.49503E+01,7.49503E+01,7.49503E+01,7.49503E+01 
#t = 3.696E+03
2.17005E+01,7.49503E+01,7.49503E+01,7.49503E+01,7.49503E+01,7.49503E+01,7.49503E+01,7.49503E+01,7.49503E+01,7.49503E+01,7.49503E+01,7.49503E+01,7.49503E+01,7.49503E+01,7.49503E+01,7.49503E+01,1.17739E+01,7.49503E+01,7.49503E+01,7.49503E+01,7.49503E+01,1.59512E+02,7.49503E+01,7.49503E+01,7.49503E+01,7.49503E+01,1.17739E+01,7.49503E+01,7.49503E+01,7.49503E+01,7.49503E+01,7.49503E+01,7.49503E+01,7.49503E+01,7.49503E+01,7.49503E+01,2.01385E+00,7.49503E+01 
#t = 3.738E+03
7.49503E+01,7.49503E+01,7.49503E+01,7.49503E+01,7.49503E+01,7.49503E+01,7.49503E+01,2.17005E+01,7.49503E+01,7.49503E+01,7.49503E+01,1.57277E+01,7.49503E+01,7.49503E+01,7.49503E+01,7.49503E+01,7.49503E+01,7.49503E+01,7.49503E+01,7.49503E+01,7.49503E+01,7.49503E+01,7.49503E+01,7.49503E+01,7.49503E+01,7.49503E+01,7.49503E+01,7.49503E+01,7.49503E+01,7.42372E+00,7.49503E+01,7.49503E+01,1.30990E+00,7.49503E+01,7.49503E+01 
#t = 3.780E+03
7.49503E+01,7.49503E+01,7.49503E+01,7.49503E+01,7.49503E+01,7.49503E+01,7.49503E+01,7.49503E+01,7.49503E+01,7.49503E+01,7.49503E+01,7.49503E+01,7.49503E+01,7.49503E+01,7.49503E+01,7.49503E+01,7.49503E+01,7.49503E+01,7.49503E+01,7.49503E+01,7.49503E+01,7.49503E+01,7.49503E+01,7.49503E+01,8.68937E+00,7.49503E+01,7.49503E+01,1.99139E+01,7.49503E+01,7.49503E+01,7.49503E+01,8.48677E-01,7.49503E+01,7.49503E+01,7.49503E+01,7.49503E+01,7.49503E+01,7.49503E+01,7.49503E+01,7.49503E+01,7.49503E+01,1.99139E+01 
#t = 3.822E+03
7.49503E+01,7.49503E+01,7.49503E+01,7.49503E+01,7.49503E+01,1.24938E+01,7.49503E+01,7.49503E+01,7.49503E+01,7.49503E+01,7.49503E+01,7.49503E+01,7.49503E+01,7.49503E+01,7.49503E+01,7.49503E+01,7.49503E+01,7.49503E+01,7.49503E+01,7.49503E+01,7.49503E+01,8.87496E-01,7.49503E+01,7.49503E+01,7.49503E+01,2.61410E+00,7.49503E+01,5.81073E+00,7.49503E+01,7.49503E+01,7.49503E+01,7.49503E+01,7.49503E+01,7.49503E+01,7.49503E+01,7.49503E+01,7.49503E+01,2.83576E-01,7.49503E+01,7.49503E+01,7.49503E+01,1.99261E+00 
#t = 3.864E+03
7.49503E+01,7.49503E+01,7.49503E+01,7.49503E+01,7.49503E+01,7.49503E+01,7.49503E+01,7.49503E+01,7.49503E+01,1.72049E+01,7.49503E+01,7.49503E+01,7.49503E+01,7.49503E+01,7.49503E+01,7.49503E+01,7.49503E+01,7.49503E+01,7.49503E+01,7.49503E+01,7.49503E+01,7.49503E+01,7.49503E+01,7.49503E+01,7.49503E+01,7.49503E+01,7.49503E+01,7.49503E+01,7.49503E+01,4.19208E-01,7.49503E+01,7.49503E+01 
#t = 3.906E+03
7.49503E+01,7.49503E+01,7.49503E+01,7.49503E+01,7.49503E+01,7.49503E+01,7.49503E+01,7.49503E+01,7.49503E+01,7.49503E+01,7.49503E+01,7.49503E+01,7.49503E+01,7.49503E+01,7.49503E+01,7.49503E+01,7.49503E+01,7.49503E+01,7.49503E+01,7.49503E+01,7.49503E+01,7.49503E+01,7.49503E+01,7.49503E+01,7.49503E+01,7.49503E+01,7.49503E+01,7.49503E+01,6.34988E+00,7.49503E+01,7.49503E+01,7.49503E+01,7.49503E+01,7.49503E+01,7.49503E+01,7.49503E+01,7.49503E+01,7.49503E+01,7.49503E+01,7.49503E+01,7.49503E+01,7.49503E+01 
#t = 3.948E+03
7.49503E+01,7.49503E+01,7.49503E+01,7.49503E+01,7.49503E+01,7.49503E+01,7.49503E+01,7.49503E+01,7.49503E+01,7.49503E+01,7.49503E+01,7.49503E+01,7.49503E+01,7.49503E+01,7.49503E+01,7.49503E+01,7.49503E+01,7.49503E+01,7.49503E+01,7.49503E+01,7.49503E+01,7.49503E+01,7.49503E+01,7.49503E+01,7.49503E+01,7.49503E+01,7.49503E+01,7.49503E+01,7.49503E+01,7.49503E+01,7.49503E+01,7.49503E+01,7.49503E+01,7.49503E+01,7.49503E+01,7.49503E+01 
#t = 3.990E+03
7.49503E+01,7.49503E+01,7.49503E+01,7.49503E+01,7.49503E+01,7.49503E+01,7.49503E+01,7.49503E+01,7.49503E+01,7.49503E+01,7.49503E+01,7.49503E+01,7.49503E+01,7.49503E+01,7.49503E+01,7.49503E+01,7.49503E+01,1.67873E+01,7.49503E+01,7.49503E+01,7.49503E+01,7.49503E+01,7.49503E+01,7.49503E+01,7.49503E+01,7.49503E+01,7.49503E+01,7.49503E+01,7.49503E+01,8.55965E-02,7.49503E+01,7.49503E+01,5.16090E-01,7.49503E+01,4.68651E-02,2.17539E-01,7.49503E+01,7.49503E+01,7.49503E+01,1.60383E+01,7.49503E+01 
#t = 4.032E+03
7.49503E+01,7.49503E+01,7.49503E+01,7.49503E+01,7.49503E+01,7.49503E+01,7.49503E+01,7.49503E+01,7.49503E+01,7.49503E+01,7.49503E+01,7.49503E+01,7.49503E+01,7.49503E+01,7.49503E+01,7.49503E+01,7.49503E+01,7.49503E+01,7.49503E+01,7.49503E+01,7.49503E+01,7.49503E+01,7.49503E+01,7.49503E+01,7.49503E+01,7.49503E+01,7.49503E+01,7.49503E+01,7.49503E+01,8.27856E+00,7.49503E+01,7.49503E+01,7.49503E+01,7.49503E+01,7.49503E+01,7.49503E+01,7.49503E+01,7.49503E+01,7.49503E+01,7.49503E+01,7.49503E+01,7.49503E+01 
#t = 4.074E+03
7.49503E+01,7.49503E+01,7.49503E+01,7.49503E+01,7.49503E+01,7.49503E+01,7.49503E+01,7.49503E+01,7.49503E+01,7.49503E+01,7.49503E+01,7.49503E+01,7.49503E+01,7.49503E+01,3.57188E+01,7.49503E+01,7.49503E+01,7.49503E+01,7.49503E+01,7.49503E+01,7.49503E+01,7.49503E+01,7.49503E+01,7.49503E+01,7.49503E+01,7.49503E+01,7.49503E+01,7.49503E+01,7.49503E+01,7.49503E+01,7.49503E+01,7.49503E+01,2.33358E+01,7.49503E+01,5.25196E-01,1.20131E-01,9.21470E-02,7.49503E+01,7.49503E+01 
#t = 4.116E+03
3.57188E+01,7.49503E+01,7.49503E+01,2.33358E+01,7.49503E+01,7.49503E+01,7.49503E+01,7.49503E+01,7.49503E+01,7.49503E+01,7.49503E+01,7.49503E+01,7.49503E+01,7.49503E+01,7.49503E+01,7.49503E+01,7.49503E+01,7.49503E+01,7.49503E+01,7.49503E+01,7.49503E+01,7.49503E+01,7.49503E+01,7.49503E+01,7.49503E+01,3.57188E+01,7.49503E+01,7.49503E+01,7.49503E+01,7.49503E+01,7.49503E+01,7.49503E+01,7.49503E+01,7.49503E+01,7.49503E+01,3.57188E+01,7.49503E+01,7.49503E+01,7.49503E+01,7.49503E+01,7.49503E+01,7.49503E+01,7.49503E+01,7.49503E+01,7.49503E+01,7.49503E+01,3.19324E+00,7.49503E+01,7.49503E+01,7.49503E+01,7.49503E+01,6.98234E-01,7.49503E+01 
#t = 4.158E+03
7.49503E+01,7.49503E+01,7.49503E+01,7.49503E+01,7.49503E+01,7.49503E+01,7.49503E+01,7.49503E+01,7.49503E+01,7.49503E+01,7.49503E+01,7.49503E+01,7.49503E+01,7.49503E+01,7.49503E+01,7.49503E+01,7.49503E+01,7.49503E+01,7.49503E+01,7.49503E+01,7.49503E+01,7.49503E+01,7.49503E+01,7.49503E+01,7.49503E+01,7.49503E+01,7.49503E+01,1.09081E+01,7.49503E+01,7.49503E+01,7.49503E+01,7.49503E+01,7.49503E+01,7.49503E+01,7.49503E+01,7.49503E+01,1.17797E+01,7.49503E+01,8.08385E+00,7.49503E+01,7.49503E+01,7.49503E+01,7.49503E+01,7.49503E+01 
#t = 4.200E+03
7.49503E+01,7.49503E+01,7.49503E+01,7.49503E+01,7.49503E+01,7.49503E+01,7.49503E+01,7.49503E+01,7.49503E+01,7.49503E+01,7.49503E+01,7.49503E+01,7.49503E+01,7.49503E+01,7.49503E+01,7.49503E+01,7.49503E+01,7.49503E+01,7.49503E+01,7.49503E+01,7.49503E+01,7.49503E+01,7.49503E+01,7.49503E+01,7.49503E+01,7.49503E+01,7.49503E+01,7.49503E+01,7.49503E+01,7.49503E+01,7.49503E+01,7.49503E+01,7.49503E+01,7.49503E+01,7.49503E+01,7.49503E+01,7.49503E+01,1.91273E+01,7.49503E+01,2.35357E+00,7.49503E+01,7.49503E+01,7.49503E+01 
