#t = 0.000E+00
6.04127E-01,1.14686E+00,2.11975E+00,2.48005E-01,1.05707E-01 
#t = 4.200E+01
9.16813E+00,1.27561E+01,1.27561E+01,8.14186E+00,3.27225E+00,8.52235E+00 
#t = 8.400E+01
6.89122E+00,1.30327E+00 
#t = 1.260E+02
1.49124E+01,1.49124E+01,1.49124E+01,2.99240E-01,8.43922E-01,6.66978E-01,1.70721E-01,1.49124E+01 
#t = 1.680E+02
1.65639E+01,1.49124E+01,3.45343E+00,1.15546E+00,5.74049E+00 
#t = 2.100E+02
1.37400E+01,1.37400E+01,2.47890E+00 
#t = 2.520E+02
1.37400E+01,1.37400E+01,6.11354E-01,1.89256E+02,1.04363E+01,2.04526E+00 
#t = 2.940E+02
1.37400E+01,1.24037E+01,1.37400E+01,1.89256E+02,1.37400E+01,4.29249E+00,1.89256E+02,1.89256E+02,5.13889E+00,1.37400E+01,1.89256E+02,1.89256E+02,1.37400E+01,1.77512E+00,7.96725E-01 
#t = 3.360E+02
1.89256E+02,1.89256E+02,1.89256E+02,1.37400E+01,1.89256E+02,1.89256E+02,1.89256E+02,1.89256E+02,1.89256E+02,1.89256E+02,1.89256E+02,8.16259E+00,2.25576E+00,1.89256E+02,1.89256E+02,1.09839E-01,1.89256E+02,1.89256E+02,1.89256E+02 
#t = 3.780E+02
1.89256E+02,1.89256E+02,1.89256E+02,1.89256E+02,1.89256E+02,1.89256E+02,1.89256E+02,1.89256E+02,1.89256E+02,1.89256E+02,1.89256E+02,1.89256E+02,1.89256E+02,1.89256E+02,1.89256E+02,1.89256E+02,1.26040E+01,1.89256E+02,1.89256E+02,1.89256E+02,1.89256E+02,1.89256E+02,1.89256E+02,1.89256E+02,1.89256E+02,1.17353E-01,1.89256E+02,1.89256E+02,1.89256E+02,1.89256E+02,1.89256E+02,1.89256E+02,1.89256E+02,1.56060E+00,1.89256E+02,1.89256E+02,1.89256E+02 
#t = 4.200E+02
1.89256E+02,1.89256E+02,1.26040E+01,1.89256E+02,1.89256E+02,1.89256E+02,1.89256E+02,1.89256E+02,1.89256E+02,1.89256E+02,3.29571E+01,1.89256E+02,1.89256E+02,1.89256E+02,1.89256E+02,1.89256E+02,1.89256E+02,1.89256E+02,1.89256E+02,1.89256E+02,1.89256E+02,1.89256E+02,1.89256E+02,3.29571E+01,1.89256E+02,1.89256E+02,3.29571E+01,1.99668E+01,1.89256E+02,1.89256E+02,1.89256E+02,1.89256E+02,1.89256E+02,1.89256E+02,1.89256E+02,1.89256E+02,3.29571E+01,1.89256E+02,1.89256E+02,1.89256E+02,1.89256E+02,1.89256E+02,1.89256E+02,1.89256E+02,1.89256E+02,1.89256E+02,1.89256E+02,3.29571E+01,3.29571E+01 
#t = 4.620E+02
1.89256E+02,3.29571E+01,1.89256E+02,1.89256E+02,1.89256E+02,1.89256E+02,1.89256E+02,1.89256E+02,1.89256E+02,1.89256E+02,1.89256E+02,1.89256E+02,1.89256E+02,1.31808E+01,1.89256E+02,1.89256E+02,1.89256E+02,1.89256E+02,1.89256E+02,1.89256E+02,1.89256E+02,1.89256E+02,1.89256E+02,1.89256E+02,1.89256E+02,1.89256E+02,1.89256E+02,1.89256E+02,1.89256E+02,1.89256E+02,1.89256E+02,1.89256E+02,1.89256E+02,1.89256E+02,1.89256E+02,3.29571E+01,1.89256E+02,1.89256E+02,3.49179E+00,1.89256E+02,1.89256E+02,1.89256E+02,1.89256E+02,1.89256E+02,1.89256E+02,1.89256E+02,1.89256E+02,1.89256E+02,1.89256E+02,1.89256E+02,1.89256E+02,1.89256E+02,1.89256E+02,1.89256E+02,1.89256E+02,1.89256E+02 
#t = 5.040E+02
1.89256E+02,1.89256E+02,1.89256E+02,1.89256E+02,8.77744E+01,1.89256E+02,1.89256E+02,1.89256E+02,1.89256E+02,1.89256E+02,8.14106E+00,1.89256E+02,1.89256E+02,1.89256E+02,1.27007E+01,1.89256E+02,1.89256E+02,1.27007E+01,1.89256E+02,1.89256E+02,1.27007E+01,1.27007E+01,1.89256E+02,1.89256E+02,1.89256E+02,1.89256E+02,2.25243E+01,1.89256E+02,1.89256E+02,1.89256E+02,8.37713E-01,1.89256E+02,1.89256E+02,1.89256E+02,1.27007E+01,1.89256E+02,1.27007E+01,1.27007E+01,1.89256E+02,1.89256E+02,1.27007E+01,1.89256E+02,5.21195E-02,1.89256E+02,1.27007E+01,1.89256E+02,1.89256E+02 
#t = 5.460E+02
1.89256E+02,1.89256E+02,1.89256E+02,1.89256E+02,1.89256E+02,1.27007E+01,1.89256E+02,1.89256E+02,1.89256E+02,1.89256E+02,1.89256E+02,1.89256E+02,1.89256E+02,1.89256E+02,1.89256E+02,1.89256E+02,1.89256E+02,1.89256E+02,1.89256E+02,1.89256E+02,1.27007E+01,1.89256E+02,1.89256E+02,1.89256E+02,1.89256E+02,1.89256E+02,1.89256E+02,1.89256E+02,1.89256E+02,1.89256E+02,1.89256E+02,1.89256E+02,1.89256E+02,1.89256E+02,1.89256E+02,1.89256E+02,1.89256E+02,1.89256E+02,1.89256E+02,1.89256E+02,2.68417E+01,1.89256E+02,1.89256E+02,1.89256E+02 
#t = 5.880E+02
1.89256E+02,1.89256E+02,1.89256E+02,1.89256E+02,1.89256E+02,1.89256E+02,1.89256E+02,1.89256E+02,1.89256E+02,1.89256E+02,1.89256E+02,1.89256E+02,1.89256E+02,1.89256E+02,1.89256E+02,1.89256E+02,1.89256E+02,1.89256E+02,1.89256E+02,1.89256E+02,1.89256E+02,1.89256E+02,1.89256E+02,1.89256E+02,1.89256E+02,1.89256E+02,1.89256E+02,1.89256E+02,1.89256E+02,1.89256E+02,1.89256E+02,1.89256E+02,1.89256E+02,1.89256E+02,1.89256E+02,1.89256E+02,1.89256E+02,1.89256E+02,3.41096E+00,1.89256E+02,1.89256E+02,1.89256E+02,1.89256E+02,1.06050E-01,1.89256E+02,1.89256E+02,1.89256E+02,4.56697E-01 
#t = 6.300E+02
1.89256E+02,1.89256E+02,1.89256E+02,1.89256E+02,1.89256E+02,4.38658E+01,1.89256E+02,1.89256E+02,1.89256E+02,1.59610E+01,1.89256E+02,1.89256E+02,1.89256E+02,1.89256E+02,4.38658E+01,1.89256E+02,1.89256E+02,1.89256E+02,5.79085E+00,1.89256E+02,1.89256E+02,1.89256E+02,1.89256E+02,1.89256E+02,1.89256E+02,1.89256E+02,4.38658E+01,1.89256E+02,1.89256E+02,1.89256E+02,1.89256E+02,1.89256E+02,1.89256E+02,3.32012E+00,6.56400E-01,1.89256E+02,1.22176E+01 
#t = 6.720E+02
1.89256E+02,1.89256E+02,1.89256E+02,1.89256E+02,1.89256E+02,1.89256E+02,1.89256E+02,1.89256E+02,1.89256E+02,2.08361E+01,1.89256E+02,1.89256E+02,1.89256E+02,1.89256E+02,1.89256E+02,1.89256E+02,1.89256E+02,1.89256E+02,4.79687E-01,1.89256E+02,1.89256E+02,1.89256E+02,1.89256E+02,1.89256E+02,1.89256E+02,1.89256E+02,1.89256E+02,1.89256E+02,1.89256E+02,1.89256E+02,6.71361E-01,1.89256E+02 
#t = 7.140E+02
1.89256E+02,1.89256E+02,1.89256E+02,1.89256E+02,1.89256E+02,1.89256E+02,1.89256E+02,1.89256E+02,1.89256E+02,1.89256E+02,1.89256E+02,1.89256E+02,1.89256E+02,2.08361E+01,1.89256E+02,1.89256E+02,1.89256E+02,1.89256E+02,1.89256E+02,1.89256E+02,1.89256E+02,1.89256E+02,1.89256E+02,1.89256E+02,1.89256E+02,4.21012E-01,1.89256E+02,1.89256E+02,1.89256E+02,1.89256E+02,1.89256E+02,1.89256E+02,3.40024E+00,1.89256E+02,1.89256E+02,1.89256E+02,1.89256E+02,1.89256E+02,1.89256E+02,4.04012E-01,1.89256E+02,8.08783E-01 
#t = 7.560E+02
1.89256E+02,1.89256E+02,1.89256E+02,1.89256E+02,1.89256E+02,1.89256E+02,1.89256E+02,1.89256E+02,1.89256E+02,1.89256E+02,1.89256E+02,1.89256E+02,1.89256E+02,1.89256E+02,1.89256E+02,1.89256E+02,1.89256E+02,1.89256E+02,1.89256E+02,1.89256E+02,1.89256E+02,1.89256E+02,1.89256E+02,1.89256E+02,1.89256E+02,1.89256E+02,1.89256E+02,1.89256E+02,1.89256E+02,1.89256E+02,1.89256E+02,1.89256E+02,1.89256E+02,1.89256E+02,1.89256E+02,1.89256E+02,1.89256E+02,1.89256E+02,1.89256E+02,1.89256E+02,1.01163E+00,1.89256E+02,1.89256E+02,1.89256E+02,1.90505E-01,1.89256E+02,1.89256E+02 
#t = 7.980E+02
1.89256E+02,1.89256E+02,1.89256E+02,1.89256E+02,1.89256E+02,1.89256E+02,1.89256E+02,1.89256E+02,1.89256E+02,1.89256E+02,1.89256E+02,1.89256E+02,1.89256E+02,1.89256E+02,1.89256E+02,1.89256E+02,1.89256E+02,1.89256E+02,1.89256E+02,1.89256E+02,1.89256E+02,1.89256E+02,1.89256E+02,1.89256E+02,1.89256E+02,1.89256E+02,1.89256E+02,5.27780E+00,1.89256E+02,1.89256E+02,1.89256E+02,1.89256E+02,1.89256E+02,1.89256E+02,1.89256E+02,1.89256E+02,1.89256E+02,1.89256E+02,1.89256E+02,1.89256E+02,1.89256E+02,1.89256E+02,1.89256E+02,3.62949E+00,1.04520E+01,2.53550E+00 
#t = 8.400E+02
1.89256E+02,1.89256E+02,1.89256E+02,1.89256E+02,1.89256E+02,1.89256E+02,1.89256E+02,1.89256E+02,1.89256E+02,1.89256E+02,1.89256E+02,1.89256E+02,1.89256E+02,1.89256E+02,1.89256E+02,1.89256E+02,1.89256E+02,1.89256E+02,1.89256E+02,1.89256E+02,1.89256E+02,1.89256E+02,1.89256E+02,1.89256E+02,1.89256E+02,1.89256E+02,1.89256E+02,1.89256E+02,1.89256E+02,1.89256E+02,1.89256E+02,1.89256E+02,1.89256E+02,1.89256E+02,1.89256E+02,1.89256E+02,1.89256E+02,1.89256E+02,1.89256E+02,1.89256E+02,4.35129E-01 
#t = 8.820E+02
1.89256E+02,1.89256E+02,1.89256E+02,1.89256E+02,1.89256E+02,1.96273E+01,1.89256E+02,1.89256E+02,1.89256E+02,1.89256E+02,1.89256E+02,1.89256E+02,1.89256E+02,1.89256E+02,1.89256E+02,1.89256E+02,1.89256E+02,1.89256E+02,1.89256E+02,1.15067E+01,1.89256E+02,1.89256E+02,1.89256E+02,1.89256E+02,1.89256E+02,1.89256E+02,1.89256E+02,1.89256E+02,1.89256E+02,1.41292E-01,1.89256E+02,1.89256E+02,1.15067E+01,1.89256E+02 
#t = 9.240E+02
1.89256E+02,1.89256E+02,1.89256E+02,1.89256E+02,1.89256E+02,1.89256E+02,1.89256E+02,1.89256E+02,1.89256E+02,1.89256E+02,1.89256E+02,1.89256E+02,1.89256E+02,1.89256E+02,1.89256E+02,1.89256E+02,1.89256E+02,1.89256E+02,1.89256E+02,1.89256E+02,1.89256E+02,1.89256E+02,1.89256E+02,1.89256E+02,1.89256E+02,1.89256E+02,1.89256E+02,1.89256E+02,1.89256E+02,1.89256E+02,1.89256E+02,1.89256E+02,1.89256E+02,1.89256E+02,1.89256E+02,1.89256E+02,1.89256E+02,1.89256E+02,1.89256E+02,1.89256E+02,3.49583E+00,1.89256E+02,2.54446E+00,1.89256E+02,1.86458E+00,1.37506E+00 
#t = 9.660E+02
1.89256E+02,1.89256E+02,1.89256E+02,1.89256E+02,1.89256E+02,1.89256E+02,1.89256E+02,1.89256E+02,1.89256E+02,1.89256E+02,1.89256E+02,1.89256E+02,1.89256E+02,1.89256E+02,1.89256E+02,1.89256E+02,1.89256E+02,1.89256E+02,1.89256E+02,1.89256E+02,1.89256E+02,1.89256E+02,1.89256E+02,1.89256E+02,1.89256E+02,1.89256E+02,1.89256E+02,1.89256E+02,1.89256E+02,1.89256E+02,1.89256E+02,1.89256E+02,1.89256E+02,1.89256E+02,1.89256E+02,1.89256E+02,1.89256E+02,1.89256E+02,1.89256E+02,1.89256E+02,4.78368E-01,1.89256E+02,7.12460E+00 
#t = 1.008E+03
1.89256E+02,1.89256E+02,1.89256E+02,1.89256E+02,1.89256E+02,1.89256E+02,1.89256E+02,1.89256E+02,1.89256E+02,1.89256E+02,1.89256E+02,1.89256E+02,1.89256E+02,1.89256E+02,1.89256E+02,1.89256E+02,1.89256E+02,6.56476E+00,1.89256E+02,1.89256E+02,1.89256E+02,1.89256E+02,1.89256E+02,1.89256E+02,1.89256E+02,1.89256E+02,1.89256E+02,1.89256E+02,1.89256E+02,1.89256E+02,1.89256E+02,1.89256E+02,1.89256E+02,1.89256E+02,1.89256E+02,1.89256E+02,1.89256E+02,2.54490E-01,1.89256E+02,1.89256E+02,1.89256E+02,5.79030E-03,4.57840E-01,1.89256E+02,1.89256E+02,1.89256E+02,1.89256E+02 
#t = 1.050E+03
1.89256E+02,1.89256E+02,1.89256E+02,1.89256E+02,1.89256E+02,1.89256E+02,1.89256E+02,1.89256E+02,1.89256E+02,1.89256E+02,1.89256E+02,1.89256E+02,1.89256E+02,1.89256E+02,1.89256E+02,1.89256E+02,1.89256E+02,1.89256E+02,1.89256E+02,1.89256E+02,1.89256E+02,1.89256E+02,1.89256E+02,1.89256E+02,1.89256E+02,1.89256E+02,1.89256E+02,1.89256E+02,1.89256E+02,1.89256E+02,1.89256E+02,1.89256E+02,1.89256E+02,1.89256E+02,1.89256E+02,1.89256E+02,1.89256E+02,1.89256E+02,1.89256E+02,2.73334E+00,1.89256E+02,1.89256E+02,1.89256E+02,1.89256E+02,1.89256E+02,1.89256E+02,1.95470E+00,1.89256E+02,8.00388E+00,1.89256E+02,1.89256E+02,3.76427E+00,1.89256E+02,1.89256E+02,1.89256E+02,1.12001E+01,1.89256E+02 
#t = 1.092E+03
1.89256E+02,1.89256E+02,1.89256E+02,1.89256E+02,1.89256E+02,1.89256E+02,1.89256E+02,1.89256E+02,1.89256E+02,1.89256E+02,1.13445E+01,1.89256E+02,1.89256E+02,1.89256E+02,1.89256E+02,1.89256E+02,1.89256E+02,1.89256E+02,1.89256E+02,1.89256E+02,1.89256E+02,1.89256E+02,1.89256E+02,1.89256E+02,1.89256E+02,1.89256E+02,4.95999E-01,1.89256E+02,1.85707E+00 
#t = 1.134E+03
1.89256E+02,1.89256E+02,1.89256E+02,1.89256E+02,1.89256E+02,1.89256E+02,1.89256E+02,1.89256E+02,1.89256E+02,1.89256E+02,1.89256E+02,1.89256E+02,1.89256E+02,1.89256E+02,1.89256E+02,1.89256E+02,1.89256E+02,1.89256E+02,1.89256E+02,1.89256E+02,1.89256E+02,1.89256E+02,1.89256E+02,1.89256E+02,1.89256E+02,1.89256E+02,1.89256E+02,1.89256E+02,1.89256E+02,2.51878E+01,1.89256E+02,1.89256E+02,1.89256E+02,1.89256E+02,1.85660E+01,1.89256E+02,1.89256E+02,1.89256E+02,1.89256E+02,1.89256E+02,1.89256E+02,1.89256E+02,2.39734E-01,1.89256E+02,1.89256E+02,1.89256E+02,1.89256E+02,1.89256E+02,1.89256E+02,1.89256E+02 
#t = 1.176E+03
1.89256E+02,1.89256E+02,1.89256E+02,1.89256E+02,1.89256E+02,1.89256E+02,1.89256E+02,1.89256E+02,1.89256E+02,1.89256E+02,1.89256E+02,1.89256E+02,1.89256E+02,1.89256E+02,1.89256E+02,1.89256E+02,1.89256E+02,1.89256E+02,1.89256E+02,1.89256E+02,1.89256E+02,1.89256E+02,1.89256E+02,1.89256E+02,1.89256E+02,1.89256E+02,1.89256E+02,1.89256E+02,1.89256E+02,1.89256E+02,1.89256E+02,1.89256E+02,1.89256E+02,2.51878E+01,1.89256E+02,1.89256E+02,1.89256E+02,1.89256E+02,1.89256E+02,1.89256E+02,1.89256E+02,1.89256E+02,1.89256E+02,1.89256E+02,1.89256E+02,1.89256E+02,1.25916E+01,1.89256E+02,1.89256E+02,1.89256E+02,1.89256E+02,3.85852E+00,1.89256E+02 
#t = 1.218E+03
1.89256E+02,1.89256E+02,1.89256E+02,1.89256E+02,1.89256E+02,1.89256E+02,1.89256E+02,1.89256E+02,1.89256E+02,1.89256E+02,1.89256E+02,1.89256E+02,1.89256E+02,1.89256E+02,1.89256E+02,1.89256E+02,1.89256E+02,1.89256E+02,1.89256E+02,1.89256E+02,1.89256E+02,1.89256E+02,1.89256E+02,1.89256E+02,1.89256E+02,1.89256E+02,1.89256E+02,1.89256E+02,1.89256E+02,1.89256E+02,1.89256E+02,1.89256E+02,1.89256E+02,1.89256E+02,1.89256E+02,1.89256E+02,1.89256E+02,1.89256E+02,1.89256E+02,1.89256E+02,4.86878E-01,1.89256E+02 
#t = 1.260E+03
1.89256E+02,1.89256E+02,1.89256E+02,1.89256E+02,1.89256E+02,1.89256E+02,1.89256E+02,1.89256E+02,1.89256E+02,1.89256E+02,1.89256E+02,1.89256E+02,1.89256E+02,1.89256E+02,1.09518E+01,1.89256E+02,1.89256E+02,1.89256E+02,1.89256E+02,1.89256E+02,1.89256E+02,1.89256E+02,1.89256E+02,1.89256E+02,1.09518E+01,1.89256E+02,5.74389E+01,1.89256E+02,1.89256E+02,1.89256E+02,1.04118E+01,1.89256E+02,1.89256E+02,1.89256E+02,1.89256E+02,1.89256E+02,1.89256E+02,1.89256E+02,1.89256E+02,1.89256E+02,1.89256E+02,1.89256E+02,5.43111E+00,1.89256E+02,1.89256E+02,1.89256E+02 
#t = 1.302E+03
1.89256E+02,1.09518E+01,5.74389E+01,1.89256E+02,1.89256E+02,1.09518E+01,1.89256E+02,1.89256E+02,1.89256E+02,1.89256E+02,1.89256E+02,1.89256E+02,1.89256E+02,1.89256E+02,1.89256E+02,1.89256E+02,2.30295E+01,1.89256E+02,1.89256E+02,3.44520E+01,1.89256E+02,1.89256E+02,1.89256E+02,1.89256E+02,1.89256E+02,1.89256E+02,2.30295E+01,3.44520E+01,1.89256E+02,1.89256E+02,1.89256E+02,5.74389E+01,5.74389E+01,1.14661E+00,1.89256E+02,5.74389E+01,1.89256E+02,1.89256E+02,1.89256E+02,1.89256E+02,2.30295E+01,5.74389E+01,1.89256E+02,1.89256E+02,1.89256E+02,1.89256E+02,1.89256E+02,1.89256E+02,1.89256E+02,1.89256E+02 
#t = 1.344E+03
1.89256E+02,1.89256E+02,1.89256E+02,1.89256E+02,1.89256E+02,5.74389E+01,1.89256E+02,5.74389E+01,1.89256E+02,2.30295E+01,1.89256E+02,1.89256E+02,1.89256E+02,1.89256E+02,1.89256E+02,5.74389E+01,1.89256E+02,1.89256E+02,5.74389E+01,2.30295E+01,1.89256E+02,1.89256E+02,1.89256E+02,5.74389E+01,1.14544E+01,1.89256E+02,1.89256E+02,5.74389E+01,2.30295E+01,1.89256E+02,2.30295E+01,1.89256E+02,5.74389E+01,5.74389E+01,5.65180E+00,1.89256E+02,1.89256E+02,1.89256E+02,1.89256E+02,1.89256E+02 
#t = 1.386E+03
1.89256E+02,1.89256E+02,1.89256E+02,1.89256E+02,1.89256E+02,1.89256E+02,1.89256E+02,1.89256E+02,1.89256E+02,1.89256E+02,6.89342E+00,1.89256E+02,1.89256E+02,1.89256E+02,1.89256E+02,5.74389E+01,1.89256E+02,1.89256E+02,1.89256E+02,1.89256E+02,1.89256E+02,1.89256E+02,1.89256E+02,1.89256E+02,1.89256E+02,4.71333E-01,1.89256E+02,1.89256E+02,1.89256E+02,1.89256E+02,1.89256E+02,4.89883E-01,1.89256E+02,1.89256E+02,1.89256E+02,1.89256E+02,1.08529E+00 
#t = 1.428E+03
1.89256E+02,1.89256E+02,1.89256E+02,1.89256E+02,1.89256E+02,1.89256E+02,1.89256E+02,1.89256E+02,1.89256E+02,1.89256E+02,1.89256E+02,1.89256E+02,1.89256E+02,1.89256E+02,1.89256E+02,1.89256E+02,1.89256E+02,1.89256E+02,1.89256E+02,1.89256E+02,1.89256E+02,1.89256E+02,1.89256E+02,1.89256E+02,1.89256E+02,1.89256E+02,1.89256E+02,1.89256E+02,1.89256E+02,1.89256E+02,1.89256E+02,1.89256E+02,1.89256E+02,1.89256E+02,1.89256E+02,3.10091E+00,1.89256E+02,1.89256E+02,1.89256E+02,1.89256E+02,1.89256E+02,1.89256E+02,1.89256E+02,1.89256E+02,3.81999E-01,1.89256E+02,1.89256E+02,1.89256E+02,1.89256E+02,5.16047E-01 
#t = 1.470E+03
1.89256E+02,1.89256E+02,1.89256E+02,1.89256E+02,1.89256E+02,1.89256E+02,1.89256E+02,1.89256E+02,1.89256E+02,1.89256E+02,1.89256E+02,1.89256E+02,1.89256E+02,1.89256E+02,1.89256E+02,1.89256E+02,1.89256E+02,1.89256E+02,1.89256E+02,1.89256E+02,1.89256E+02,1.89256E+02,1.89256E+02,1.89256E+02,1.89256E+02,1.89256E+02,1.89256E+02,1.89256E+02,1.89256E+02,1.89256E+02,1.89256E+02,1.89256E+02,1.14848E+00,1.89256E+02,2.15536E+00,2.25406E+01,1.89256E+02,1.89256E+02,1.89256E+02,1.89256E+02,1.89256E+02,4.49885E+00,1.89256E+02,1.89256E+02,4.50222E+00,1.89256E+02 
#t = 1.512E+03
1.89256E+02,1.89256E+02,1.89256E+02,1.89256E+02,1.89256E+02,1.89256E+02,1.89256E+02,1.89256E+02,1.89256E+02,1.89256E+02,1.89256E+02,1.89256E+02,1.89256E+02,1.89256E+02,1.89256E+02,1.89256E+02,1.89256E+02,1.89256E+02,1.89256E+02,1.89256E+02,1.89256E+02,1.70746E+01,1.89256E+02,1.89256E+02,1.89256E+02,1.89256E+02,1.89256E+02,1.89256E+02,1.89256E+02,1.89256E+02,1.89256E+02,1.89256E+02,1.89256E+02,1.89256E+02,1.89256E+02,1.89256E+02,4.41856E-01,5.56904E+00,1.89256E+02,1.89256E+02,1.89256E+02,1.89256E+02,1.23241E+00 
#t = 1.554E+03
1.70746E+01,1.89256E+02,1.89256E+02,1.89256E+02,1.89256E+02,1.89256E+02,1.89256E+02,1.89256E+02,1.89256E+02,1.89256E+02,1.89256E+02,1.89256E+02,1.89256E+02,1.89256E+02,1.89256E+02,1.89256E+02,1.89256E+02,1.89256E+02,1.89256E+02,1.89256E+02,1.89256E+02,1.89256E+02,1.89256E+02,1.89256E+02,1.70746E+01,1.89256E+02,1.89256E+02,1.89256E+02,1.89256E+02,1.89256E+02,1.89256E+02,1.70746E+01,1.89256E+02,4.83273E+00,1.89256E+02,3.06921E-01,1.89256E+02,1.89256E+02,2.28284E+00,1.01624E+01,1.89256E+02,1.89256E+02 
#t = 1.596E+03
1.89256E+02,1.70746E+01,1.89256E+02,1.89256E+02,1.89256E+02,1.89256E+02,1.89256E+02,1.89256E+02,1.89256E+02,1.89256E+02,1.89256E+02,2.03009E+01,1.89256E+02,1.89256E+02,1.89256E+02,1.89256E+02,1.89256E+02,1.89256E+02,1.89256E+02,1.89256E+02,1.89256E+02,1.89256E+02,1.89256E+02,1.89256E+02,1.89256E+02,2.31077E+01,1.89256E+02,1.89256E+02,2.31077E+01,1.89256E+02,1.89256E+02,1.89256E+02,1.89256E+02,2.31077E+01,1.89256E+02,1.89256E+02,1.89256E+02,8.02555E-01,1.89256E+02,1.89256E+02,4.12994E-01,1.89256E+02,1.89256E+02 
#t = 1.638E+03
1.89256E+02,1.89256E+02,1.89256E+02,1.89256E+02,1.89256E+02,1.89256E+02,1.89256E+02,1.89256E+02,1.89256E+02,1.89256E+02,1.89256E+02,1.89256E+02,1.89256E+02,1.89256E+02,1.89256E+02,1.89256E+02,1.89256E+02,1.89256E+02,1.89256E+02,1.89256E+02,1.89256E+02,1.89256E+02,1.89256E+02,1.89256E+02,3.88600E+00,1.89256E+02,1.89256E+02,1.89256E+02,1.22604E+01,1.89256E+02,1.22604E+01,1.92881E+00,4.83208E+00,1.89256E+02,1.89256E+02,1.89256E+02,1.89256E+02,1.89256E+02,1.89256E+02,1.89256E+02,1.89256E+02,1.89256E+02,1.89256E+02 
#t = 1.680E+03
1.89256E+02,1.89256E+02,1.89256E+02,1.22604E+01,1.89256E+02,1.89256E+02,1.89256E+02,1.89256E+02,1.89256E+02,1.89256E+02,1.89256E+02,1.89256E+02,1.89256E+02,1.89256E+02,1.89256E+02,1.89256E+02,1.89256E+02,1.89256E+02,1.89256E+02,1.89256E+02,1.89256E+02,7.97482E-01,1.89256E+02,1.89256E+02,5.99052E-01,1.89256E+02,1.89256E+02,9.32474E+00,1.89256E+02,1.89256E+02,1.89256E+02,1.89256E+02,1.89256E+02,1.89256E+02,1.89256E+02,4.59542E-01,1.89256E+02,1.89256E+02,1.89256E+02 
#t = 1.722E+03
1.89256E+02,1.89256E+02,1.89256E+02,1.89256E+02,1.89256E+02,1.89256E+02,1.89256E+02,1.89256E+02,1.89256E+02,1.89256E+02,1.89256E+02,1.89256E+02,1.89256E+02,1.89256E+02,1.89256E+02,1.89256E+02,1.89256E+02,1.89256E+02,1.89256E+02,1.89256E+02,1.14091E+01,1.89256E+02,1.89256E+02,1.89256E+02,1.89256E+02,1.89256E+02,3.29526E+01,1.89256E+02,1.89256E+02,1.89256E+02,1.89256E+02,1.89256E+02,1.89256E+02,4.65012E-01,1.89256E+02,1.89256E+02,3.29526E+01,1.89256E+02,1.89256E+02,1.89256E+02,1.52765E+01,1.89256E+02,1.89256E+02,2.94061E+01,1.89256E+02,3.29526E+01,1.89256E+02,2.12443E+01,3.74391E+00,1.89256E+02 
#t = 1.764E+03
1.89256E+02,1.89256E+02,1.89256E+02,1.89256E+02,1.89256E+02,1.89256E+02,1.89256E+02,1.89256E+02,1.89256E+02,1.89256E+02,1.89256E+02,1.89256E+02,1.89256E+02,1.89256E+02,1.89256E+02,1.89256E+02,1.89256E+02,1.89256E+02,1.89256E+02,1.89256E+02,1.52765E+01,1.89256E+02,1.89256E+02,1.89256E+02,1.89256E+02,1.89256E+02,1.89256E+02,1.89256E+02,1.89256E+02,1.89256E+02,1.89256E+02,1.89256E+02,1.89256E+02,1.89256E+02,1.89256E+02,1.89256E+02,2.47294E+00,1.89256E+02,1.89256E+02,3.77755E+00 
#t = 1.806E+03
1.89256E+02,1.89256E+02,1.89256E+02,1.89256E+02,1.89256E+02,1.89256E+02,1.89256E+02,1.89256E+02,9.58725E+00,1.89256E+02,1.89256E+02,1.89256E+02,1.89256E+02,1.89256E+02,1.89256E+02,1.89256E+02,1.22373E+01,1.52765E+01,1.89256E+02,1.89256E+02,2.11444E+01,1.52765E+01,1.89256E+02,1.89256E+02,1.89256E+02,1.89256E+02,1.89256E+02,1.89256E+02,1.22373E+01,1.89256E+02,1.89256E+02,1.52765E+01,1.89256E+02,5.58628E-01,1.89256E+02,1.89256E+02,1.89256E+02,1.89256E+02,1.89256E+02,1.89256E+02,1.89256E+02,1.95901E-01 
#t = 1.848E+03
1.89256E+02,1.89256E+02,1.89256E+02,1.89256E+02,1.89256E+02,1.89256E+02,1.89256E+02,1.89256E+02,1.89256E+02,1.89256E+02,1.89256E+02,1.89256E+02,1.89256E+02,1.89256E+02,1.89256E+02,1.89256E+02,1.89256E+02,1.89256E+02,1.89256E+02,1.89256E+02,1.89256E+02,1.89256E+02,1.89256E+02,1.89256E+02,1.89256E+02,1.89256E+02,1.89256E+02,1.89256E+02,1.89256E+02,1.89256E+02,1.89256E+02,3.44977E-01,1.89256E+02,1.89256E+02,1.89256E+02,1.89256E+02,1.89256E+02,1.89256E+02,1.89256E+02,1.89256E+02,1.89256E+02,1.89256E+02,1.89256E+02,1.89256E+02,1.89256E+02,1.17548E-01 
#t = 1.890E+03
1.89256E+02,1.89256E+02,1.89256E+02,1.89256E+02,1.89256E+02,1.89256E+02,1.89256E+02,2.67745E+01,1.89256E+02,1.89256E+02,1.89256E+02,1.89256E+02,1.89256E+02,1.89256E+02,1.89256E+02,1.89256E+02,1.89256E+02,1.89256E+02,1.89256E+02,1.89256E+02,1.89256E+02,1.89256E+02,1.89256E+02,1.89256E+02,1.89256E+02,1.89256E+02,1.89256E+02,1.89256E+02,1.89256E+02,1.89256E+02,7.91164E-01,1.89256E+02,1.89256E+02,1.89256E+02,1.89256E+02,1.89256E+02 
#t = 1.932E+03
1.89256E+02,1.89256E+02,1.89256E+02,1.89256E+02,1.89256E+02,1.89256E+02,1.89256E+02,1.89256E+02,1.89256E+02,1.89256E+02,1.89256E+02,1.89256E+02,1.89256E+02,1.89256E+02,1.89256E+02,1.89256E+02,1.89256E+02,1.89256E+02,1.89256E+02,1.89256E+02,1.89256E+02,1.89256E+02,1.89256E+02,1.89256E+02,1.89256E+02,1.89256E+02,1.89256E+02,1.89256E+02,2.44540E+00,1.89256E+02,1.89256E+02,1.89256E+02,1.89256E+02,1.89256E+02,1.89256E+02,1.89256E+02,1.89256E+02,1.89256E+02,1.89256E+02,1.05065E-01 
#t = 1.974E+03
1.89256E+02,1.89256E+02,1.89256E+02,1.89256E+02,1.68838E+01,1.89256E+02,1.89256E+02,1.89256E+02,1.89256E+02,1.89256E+02,1.89256E+02,1.89256E+02,1.89256E+02,1.89256E+02,1.89256E+02,1.89256E+02,9.88873E+00,1.89256E+02,1.89256E+02,1.89256E+02,1.89256E+02,1.89256E+02,1.89256E+02,1.89256E+02,1.89256E+02,1.89256E+02,1.89256E+02,1.89256E+02,1.89256E+02,1.89256E+02,1.89256E+02,1.89256E+02,1.68838E+01,1.89256E+02,1.89256E+02,1.89256E+02,1.89256E+02,1.89256E+02,1.89256E+02,1.89256E+02,1.89256E+02,1.89256E+02,1.89256E+02,1.89256E+02,1.89256E+02,1.89256E+02,1.68838E+01,1.89256E+02,1.89256E+02,1.89256E+02,1.89256E+02 
#t = 2.016E+03
1.89256E+02,1.89256E+02,1.89256E+02,1.89256E+02,1.89256E+02,1.89256E+02,1.89256E+02,1.89256E+02,1.89256E+02,1.89256E+02,1.89256E+02,1.88856E+01,1.89256E+02,1.89256E+02,1.89256E+02,1.89256E+02,1.89256E+02,1.89256E+02,1.89256E+02,1.89256E+02,1.89256E+02,1.89256E+02,1.89256E+02,1.89256E+02,1.89256E+02,1.89256E+02,1.89256E+02,1.89256E+02,1.89256E+02,4.04604E+00,1.89256E+02,1.89256E+02,1.89256E+02,1.88856E+01,1.89256E+02,1.89256E+02,8.11922E+00,1.89256E+02,1.89256E+02,1.89256E+02,1.89256E+02,1.46946E+00,2.77276E-01,1.89256E+02,1.89256E+02 
#t = 2.058E+03
1.89256E+02,1.89256E+02,1.89256E+02,1.89256E+02,1.89256E+02,1.89256E+02,1.89256E+02,1.89256E+02,1.89256E+02,1.89256E+02,1.89256E+02,1.89256E+02,1.89256E+02,1.89256E+02,1.89256E+02,1.89256E+02,1.89256E+02,2.06555E+01,1.89256E+02,1.89256E+02,1.89256E+02,1.89256E+02,1.89256E+02,1.89256E+02,1.89256E+02,1.89256E+02,1.89256E+02,1.89256E+02,1.89256E+02,1.89256E+02,1.89256E+02,1.89256E+02,1.89256E+02,1.89256E+02,1.89256E+02,1.89256E+02,1.89256E+02,1.89256E+02,1.89256E+02,1.89256E+02,1.89256E+02,1.79095E+00,1.89256E+02,1.89256E+02,1.89256E+02,1.89256E+02,1.89256E+02,1.89256E+02,5.55044E+00,1.89256E+02 
#t = 2.100E+03
1.89256E+02,2.06555E+01,1.89256E+02,1.89256E+02,1.89256E+02,6.49616E+01,1.89256E+02,1.89256E+02,1.89256E+02,1.89256E+02,1.89256E+02,1.89256E+02,1.89256E+02,1.89256E+02,1.89256E+02,2.02963E+01,1.89256E+02,1.89256E+02,1.87936E+01,1.27466E+01,1.89256E+02,1.89256E+02,1.89256E+02,1.89256E+02,1.89256E+02,1.89256E+02,1.89256E+02,1.89256E+02,1.27466E+01,1.89256E+02,1.89256E+02,1.27466E+01,1.89256E+02,1.89256E+02,1.89256E+02,1.89256E+02,1.89256E+02,1.89256E+02,1.89256E+02,1.87936E+01,1.89256E+02,2.06555E+01,1.87936E+01,1.89256E+02,1.89256E+02,1.89256E+02,1.89256E+02,1.89256E+02 
#t = 2.142E+03
1.27466E+01,1.89256E+02,1.89256E+02,1.89256E+02,1.89256E+02,1.89256E+02,1.89256E+02,1.89256E+02,2.32114E+01,2.06555E+01,1.89256E+02,1.89256E+02,1.89256E+02,1.89256E+02,1.89256E+02,1.89256E+02,1.89256E+02,1.89256E+02,1.89256E+02,2.06555E+01,1.89256E+02,1.89256E+02,1.89256E+02,9.39935E+00,1.89256E+02,1.89256E+02,1.89256E+02,1.89256E+02,1.89256E+02,1.18005E+01,2.06555E+01,1.89256E+02,1.18005E+01,1.89256E+02,1.89256E+02,1.89256E+02,1.89256E+02,1.89256E+02,1.89256E+02,1.89256E+02,1.89256E+02,2.21542E+00 
#t = 2.184E+03
1.89256E+02,2.06555E+01,1.89256E+02,1.89256E+02,1.89256E+02,1.89256E+02,1.89256E+02,2.32114E+01,1.89256E+02,1.89256E+02,1.89256E+02,1.89256E+02,1.89256E+02,1.89256E+02,1.89256E+02,1.89256E+02,1.89256E+02,1.89256E+02,1.89256E+02,1.89256E+02,1.89256E+02,1.89256E+02,1.89256E+02,1.89256E+02,1.89256E+02,2.06555E+01,1.89256E+02,2.32114E+01,1.89256E+02,1.89256E+02,1.89256E+02,1.89256E+02,1.89256E+02,1.89256E+02,1.89256E+02,7.09839E-01,1.89256E+02,1.89256E+02,1.89256E+02,1.08679E+00,1.89256E+02 
#t = 2.226E+03
1.89256E+02,1.89256E+02,1.89256E+02,1.89256E+02,1.89256E+02,1.89256E+02,1.89256E+02,1.89256E+02,1.89256E+02,1.89256E+02,1.89256E+02,1.89256E+02,1.89256E+02,1.89256E+02,1.89256E+02,1.89256E+02,1.89256E+02,1.89256E+02,1.89256E+02,1.89256E+02,1.89256E+02,1.71584E+01,1.89256E+02,5.33826E+00,1.89256E+02,1.89256E+02,1.89256E+02,1.89256E+02,1.89256E+02,1.89256E+02,1.89256E+02,1.89256E+02,1.89256E+02,1.89256E+02,1.89256E+02,1.89256E+02,1.89256E+02,1.89256E+02,1.89256E+02,1.89256E+02,5.79044E-02,1.89256E+02 
#t = 2.268E+03
1.89256E+02,1.89256E+02,1.89256E+02,1.89256E+02,1.89256E+02,1.89256E+02,1.89256E+02,1.89256E+02,1.89256E+02,1.89256E+02,1.71584E+01,1.89256E+02,1.89256E+02,1.89256E+02,1.89256E+02,1.89256E+02,1.89256E+02,1.89256E+02,1.89256E+02,1.89256E+02,1.89256E+02,1.89256E+02,1.89256E+02,1.89256E+02,1.89256E+02,1.89256E+02,3.10554E-01,1.89256E+02,3.42333E-01,1.89256E+02,1.89256E+02,5.08502E-01,1.89256E+02,4.78985E-01,8.68803E-01,1.89256E+02 
#t = 2.310E+03
1.89256E+02,1.89256E+02,1.89256E+02,1.89256E+02,1.89256E+02,1.89256E+02,1.89256E+02,1.89256E+02,1.89256E+02,1.89256E+02,1.89256E+02,1.89256E+02,1.89256E+02,1.89256E+02,1.43217E+01,1.89256E+02,1.89256E+02,1.89256E+02,1.89256E+02,1.89256E+02,1.89256E+02,1.89256E+02,1.89256E+02,1.89256E+02,1.89256E+02,1.89256E+02,1.89256E+02,1.89256E+02,7.49882E+00,1.89256E+02,1.89256E+02,1.89256E+02,1.89256E+02,1.89256E+02,1.89256E+02,1.89256E+02,1.89256E+02,1.89256E+02,1.89256E+02,1.21782E-01,1.89256E+02,1.89256E+02,1.89256E+02,1.89256E+02,1.89256E+02,1.89256E+02,1.32891E+00,1.89256E+02 
#t = 2.352E+03
1.89256E+02,1.89256E+02,1.89256E+02,1.89256E+02,1.89256E+02,1.89256E+02,1.89256E+02,1.89256E+02,1.89256E+02,1.89256E+02,1.89256E+02,1.44582E+01,1.89256E+02,1.89256E+02,1.89256E+02,1.89256E+02,1.89256E+02,1.89256E+02,1.89256E+02,1.89256E+02,1.89256E+02,1.89256E+02,1.89256E+02,1.89256E+02,1.89256E+02,1.89256E+02,1.89256E+02,1.89256E+02,1.89256E+02,4.30522E+00,1.89256E+02,1.89256E+02,1.89256E+02,1.89256E+02,1.89256E+02,1.89256E+02,1.89256E+02,1.89256E+02,1.89256E+02,1.89256E+02,1.89256E+02,1.89256E+02,1.89256E+02,1.89256E+02,2.42534E+00,1.59983E-01,2.56355E+00,1.89256E+02 
#t = 2.394E+03
1.89256E+02,1.89256E+02,1.89256E+02,1.89256E+02,1.10286E+01,1.89256E+02,1.89256E+02,1.89256E+02,1.89256E+02,1.89256E+02,1.89256E+02,1.89256E+02,1.89256E+02,1.89256E+02,1.89256E+02,1.89256E+02,1.89256E+02,1.89256E+02,1.89256E+02,1.89256E+02,1.89256E+02,1.89256E+02,1.89256E+02,1.51493E+01,1.89256E+02,1.08815E+01,1.89256E+02,6.02229E+01,1.89256E+02,1.89256E+02,1.89256E+02,1.89256E+02,1.51493E+01,1.42470E+00,1.89256E+02,1.89256E+02,1.89256E+02,1.89256E+02,1.89256E+02,1.89256E+02,1.89256E+02,1.89256E+02,1.89256E+02,1.89256E+02 
#t = 2.436E+03
1.89256E+02,1.89256E+02,1.89256E+02,1.89256E+02,1.89256E+02,1.89256E+02,1.89256E+02,1.89256E+02,1.89256E+02,1.89256E+02,1.89256E+02,1.89256E+02,1.89256E+02,1.89256E+02,1.89256E+02,1.89256E+02,1.89256E+02,1.89256E+02,1.89256E+02,1.89256E+02,1.89256E+02,1.89256E+02,1.89256E+02,1.89256E+02,1.89256E+02,1.89256E+02,1.89256E+02,1.89256E+02,1.89256E+02,1.89256E+02,1.89256E+02,1.89256E+02,1.89256E+02,1.89256E+02,1.89256E+02,1.89256E+02,1.89256E+02,1.89256E+02,3.21291E-01,1.89256E+02,1.89256E+02,1.89256E+02,1.89256E+02,1.89256E+02 
#t = 2.478E+03
1.89256E+02,1.89256E+02,1.89256E+02,1.89256E+02,1.89256E+02,1.89256E+02,1.89256E+02,1.89256E+02,1.89256E+02,1.89256E+02,1.89256E+02,1.89256E+02,1.89256E+02,1.89256E+02,1.27495E+01,1.89256E+02,1.89256E+02,1.89256E+02,1.89256E+02,1.89256E+02,1.89256E+02,1.89256E+02,1.89256E+02,1.89256E+02,1.89256E+02,1.89256E+02,1.89256E+02,1.89256E+02,1.89256E+02,1.89256E+02,1.89256E+02,1.89256E+02,1.89256E+02,1.55244E+00,1.89256E+02,1.89256E+02,1.89256E+02,3.82869E-01,1.89256E+02,1.89256E+02,1.89256E+02,1.89256E+02,3.21431E+00,1.89256E+02,1.89256E+02 
#t = 2.520E+03
1.89256E+02,1.89256E+02,1.89256E+02,1.89256E+02,1.89256E+02,1.89256E+02,1.89256E+02,1.89256E+02,1.89256E+02,1.89256E+02,1.89256E+02,1.89256E+02,1.89256E+02,1.89256E+02,1.89256E+02,1.89256E+02,1.89256E+02,1.89256E+02,1.89256E+02,1.89256E+02,1.89256E+02,1.89256E+02,1.89256E+02,1.89256E+02,1.89256E+02,1.89256E+02,1.89256E+02,1.89256E+02,1.89256E+02,1.89256E+02,1.89256E+02,1.89256E+02,1.89256E+02,1.89256E+02,1.89256E+02,1.89256E+02,1.89256E+02,1.89256E+02,1.89256E+02,1.89256E+02,1.89256E+02,1.89256E+02,1.89256E+02,1.89256E+02,1.89256E+02,1.89256E+02,1.89256E+02,2.01732E+00,1.89256E+02 
#t = 2.562E+03
1.89256E+02,1.89256E+02,1.89256E+02,1.89256E+02,1.89256E+02,1.89256E+02,1.89256E+02,1.89256E+02,1.47335E+01,1.89256E+02,1.47335E+01,1.47335E+01,1.89256E+02,1.89256E+02,1.89256E+02,1.89256E+02,1.89256E+02,8.23591E+00,1.89256E+02,1.89256E+02,1.89256E+02,1.89256E+02,1.89256E+02,1.89256E+02,1.89256E+02,1.89256E+02,1.89256E+02,1.89256E+02,1.89256E+02,1.89256E+02,1.89256E+02,1.89256E+02,1.89256E+02,1.89256E+02,7.53732E+01,1.89256E+02,1.89256E+02,2.09539E+00,1.89256E+02,8.89736E+00,1.89256E+02,1.89256E+02,1.89256E+02,1.89256E+02,1.89256E+02,1.89256E+02,1.89256E+02,1.89256E+02,1.89256E+02,1.89256E+02,1.89256E+02,1.47335E+01 
#t = 2.604E+03
1.89256E+02,1.89256E+02,1.89256E+02,1.89256E+02,1.89256E+02,1.89256E+02,1.89256E+02,1.47335E+01,1.89256E+02,1.89256E+02,1.89256E+02,1.89256E+02,1.89256E+02,1.89256E+02,1.89256E+02,1.89256E+02,1.47335E+01,1.89256E+02,1.89256E+02,1.89256E+02,1.89256E+02,1.46833E+01,9.28667E+00,1.89256E+02,1.89256E+02,1.89256E+02,1.89256E+02,1.89256E+02,1.89256E+02,1.89256E+02,1.89256E+02,1.47335E+01,1.89256E+02,1.89256E+02,1.89256E+02,1.89256E+02,2.12160E-01,1.89256E+02,1.89256E+02,1.89256E+02,1.89256E+02 
#t = 2.646E+03
1.89256E+02,1.89256E+02,1.89256E+02,1.89256E+02,1.89256E+02,1.89256E+02,1.89256E+02,1.89256E+02,1.89256E+02,1.89256E+02,1.47335E+01,1.89256E+02,1.89256E+02,1.89256E+02,1.89256E+02,1.89256E+02,1.89256E+02,1.89256E+02,1.89256E+02,1.89256E+02,1.89256E+02,1.89256E+02,1.89256E+02,1.89256E+02,1.89256E+02,1.89256E+02,1.89256E+02,1.89256E+02,1.89256E+02,1.89256E+02,1.89256E+02,1.89256E+02,1.89256E+02,1.89256E+02,1.89256E+02,1.89256E+02,1.89256E+02,1.89256E+02,1.47335E+01,1.89256E+02,1.89256E+02,1.89256E+02,1.89256E+02,1.89256E+02,3.45416E+00 
#t = 2.688E+03
1.47335E+01,1.89256E+02,1.89256E+02,1.89256E+02,1.89256E+02,1.89256E+02,1.89256E+02,1.89256E+02,1.89256E+02,1.89256E+02,1.89256E+02,1.89256E+02,1.89256E+02,1.89256E+02,1.89256E+02,1.89256E+02,1.89256E+02,1.89256E+02,1.89256E+02,1.89256E+02,1.89256E+02,1.89256E+02,1.89256E+02,1.89256E+02,1.89256E+02,1.89256E+02,1.89256E+02,1.89256E+02,1.89256E+02,1.89256E+02,1.25949E+00,1.89256E+02,1.89256E+02,1.89256E+02,1.89256E+02,1.89256E+02,1.63598E+01,6.75574E-02,1.89256E+02,1.89256E+02,1.89256E+02,1.89256E+02 
#t = 2.730E+03
1.89256E+02,1.89256E+02,1.47335E+01,1.89256E+02,1.47335E+01,1.89256E+02,1.89256E+02,1.89256E+02,1.89256E+02,1.89256E+02,1.89256E+02,1.89256E+02,1.89256E+02,1.89256E+02,1.89256E+02,1.89256E+02,1.89256E+02,1.89256E+02,1.89256E+02,1.89256E+02,1.89256E+02,1.89256E+02,1.89256E+02,1.89256E+02,1.89256E+02,1.89256E+02,1.89256E+02,1.89256E+02,1.89256E+02,1.89256E+02,1.89256E+02,1.89256E+02,1.89256E+02,1.47335E+01,1.02558E+00,1.89256E+02,1.47335E+01,1.89256E+02,8.57671E-01,1.89256E+02,1.89256E+02,5.10703E+01,1.89256E+02,1.89256E+02,1.89256E+02,1.89256E+02 
#t = 2.772E+03
1.89256E+02,1.89256E+02,1.89256E+02,5.10703E+01,1.89256E+02,1.89256E+02,1.89256E+02,1.47335E+01,1.89256E+02,1.89256E+02,1.89256E+02,1.89256E+02,1.89256E+02,1.89256E+02,1.89256E+02,1.89256E+02,1.89256E+02,1.89256E+02,1.89256E+02,1.89256E+02,1.89256E+02,1.89256E+02,1.89256E+02,1.89256E+02,1.47335E+01,1.89256E+02,1.89256E+02,1.89256E+02,1.89256E+02,1.89256E+02,1.89256E+02,1.89256E+02,1.89256E+02,1.89256E+02,1.89256E+02,1.17665E+00,1.89256E+02,1.89256E+02,1.89256E+02,1.89256E+02,1.89256E+02,1.89256E+02,1.89256E+02 
#t = 2.814E+03
1.89256E+02,1.89256E+02,1.89256E+02,1.89256E+02,1.89256E+02,1.89256E+02,1.89256E+02,7.85145E+00,1.89256E+02,1.03788E+01,1.89256E+02,1.25573E+01,1.89256E+02,1.89256E+02,1.89256E+02,1.89256E+02,1.89256E+02,1.89256E+02,1.89256E+02,1.89256E+02,1.89256E+02,1.89256E+02,1.89256E+02,1.89256E+02,1.89256E+02,1.89256E+02,1.89256E+02,1.89256E+02,1.89256E+02,1.89256E+02,1.89256E+02,1.89256E+02,1.89256E+02,1.89256E+02,1.89256E+02,1.89256E+02,1.89256E+02,1.89256E+02,1.89256E+02,1.21732E+00,1.89256E+02,1.04270E+00 
#t = 2.856E+03
1.89256E+02,1.89256E+02,1.89256E+02,1.89256E+02,1.89256E+02,1.89256E+02,1.89256E+02,1.89256E+02,1.89256E+02,1.89256E+02,1.89256E+02,1.89256E+02,1.89256E+02,1.89256E+02,1.89256E+02,1.89256E+02,1.89256E+02,1.89256E+02,1.89256E+02,1.89256E+02,1.89256E+02,1.89256E+02,1.89256E+02,1.89256E+02,1.89256E+02,1.89256E+02,1.89256E+02,1.89256E+02,1.89256E+02,2.18498E-01,1.89256E+02,1.89256E+02,1.89256E+02,2.58476E+00,1.89256E+02,1.89256E+02,1.89256E+02,2.50940E-01,3.30505E+00,1.89256E+02 
#t = 2.898E+03
1.89256E+02,1.89256E+02,1.89256E+02,1.89256E+02,1.89256E+02,1.89256E+02,1.89256E+02,1.89256E+02,1.89256E+02,1.89256E+02,2.31035E+01,1.89256E+02,1.89256E+02,1.89256E+02,1.89256E+02,1.89256E+02,1.89256E+02,1.89256E+02,1.89256E+02,1.89256E+02,1.89256E+02,1.89256E+02,1.89256E+02,1.89256E+02,1.89256E+02,1.89256E+02,1.89256E+02,1.89256E+02,1.89256E+02,1.89256E+02,1.89256E+02,7.72905E+00,1.89256E+02,1.89256E+02,1.89256E+02,1.89256E+02,1.89256E+02,1.89256E+02,1.89256E+02,1.89256E+02,1.89256E+02,4.92036E-01,1.89256E+02,1.89256E+02 
#t = 2.940E+03
1.89256E+02,1.89256E+02,1.89256E+02,1.11058E+01,1.89256E+02,1.89256E+02,1.89256E+02,1.89256E+02,1.89256E+02,1.89256E+02,1.70373E+01,1.89256E+02,1.89256E+02,1.89256E+02,1.89256E+02,1.89256E+02,1.89256E+02,1.89256E+02,1.89256E+02,1.89256E+02,1.89256E+02,1.89256E+02,1.89256E+02,1.89256E+02,1.89256E+02,3.35159E-01,1.89256E+02,3.51102E+00,1.89256E+02,1.89256E+02,1.89256E+02,1.89256E+02,2.57214E+00,1.89256E+02,1.89256E+02,1.89256E+02,1.89256E+02,1.89256E+02,1.89256E+02,1.70373E+01,1.89256E+02,1.89256E+02 
#t = 2.982E+03
1.89256E+02,1.89256E+02,1.89256E+02,1.89256E+02,1.89256E+02,1.70373E+01,1.70373E+01,1.89256E+02,1.89256E+02,1.89256E+02,1.89256E+02,1.89256E+02,1.89256E+02,1.89256E+02,1.70373E+01,1.89256E+02,1.89256E+02,1.89256E+02,1.89256E+02,1.89256E+02,1.89256E+02,1.89256E+02,1.89256E+02,1.89256E+02,1.89256E+02,1.89256E+02,1.89256E+02,1.70373E+01,1.89256E+02,1.89256E+02,1.89256E+02,1.89256E+02,1.70373E+01,1.89256E+02,1.89256E+02,1.89256E+02,1.89256E+02,1.89256E+02,1.89256E+02,1.89256E+02,1.89256E+02,1.89256E+02,1.89256E+02,1.70373E+01,1.89256E+02,1.70373E+01,1.89256E+02,1.89256E+02,5.48686E+00,1.89256E+02,1.89256E+02 
#t = 3.024E+03
1.70373E+01,1.89256E+02,1.89256E+02,1.89256E+02,1.89256E+02,1.89256E+02,2.04159E+01,1.89256E+02,1.70373E+01,1.89256E+02,1.89256E+02,1.23996E+01,1.89256E+02,1.89256E+02,1.89256E+02,1.89256E+02,1.89256E+02,1.70373E+01,1.89256E+02,1.89256E+02,1.89256E+02,1.89256E+02,1.89256E+02,1.89256E+02,1.89256E+02,1.70373E+01,1.89256E+02,1.70373E+01,1.89256E+02,1.70373E+01,1.89256E+02,1.89256E+02,1.89256E+02,1.89256E+02,2.12266E+00,1.89256E+02,1.89256E+02,1.70373E+01 
#t = 3.066E+03
1.89256E+02,1.89256E+02,1.89256E+02,1.89256E+02,1.70373E+01,1.89256E+02,1.89256E+02,1.89256E+02,1.89256E+02,1.89256E+02,1.89256E+02,1.89256E+02,1.89256E+02,1.70373E+01,1.89256E+02,1.89256E+02,1.89256E+02,1.89256E+02,1.89256E+02,1.89256E+02,1.89256E+02,1.89256E+02,1.89256E+02,1.89256E+02,1.89256E+02,1.70373E+01,1.70373E+01,1.89256E+02,1.89256E+02,1.89256E+02,1.89256E+02,1.70373E+01,1.89256E+02,5.22652E-01,1.89256E+02,3.55320E+00,1.89256E+02,1.89256E+02,1.89256E+02,3.55129E-01 
#t = 3.108E+03
1.89256E+02,1.89256E+02,1.89256E+02,1.89256E+02,1.89256E+02,1.89256E+02,1.89256E+02,1.89256E+02,1.89256E+02,1.89256E+02,1.89256E+02,1.89256E+02,1.89256E+02,1.89256E+02,1.89256E+02,1.07595E+01,1.89256E+02,1.33588E+01,1.89256E+02,1.89256E+02,1.89256E+02,1.89256E+02,1.70373E+01,1.89256E+02,1.70373E+01,1.89256E+02,1.89256E+02,1.89256E+02,1.89256E+02,1.89256E+02,1.70373E+01,1.89256E+02,1.70373E+01,1.70373E+01,1.89256E+02,1.89256E+02,1.89256E+02,1.89256E+02,1.89256E+02,1.89256E+02,1.89256E+02,1.89256E+02,1.89256E+02,1.33588E+01 
#t = 3.150E+03
1.89256E+02,1.89256E+02,1.89256E+02,1.89256E+02,1.89256E+02,1.89256E+02,1.89256E+02,1.89256E+02,1.89256E+02,1.89256E+02,1.89256E+02,1.89256E+02,1.89256E+02,1.89256E+02,1.89256E+02,1.89256E+02,1.89256E+02,1.89256E+02,1.89256E+02,1.89256E+02,1.89256E+02,1.14382E+01,1.89256E+02,1.89256E+02,1.89256E+02,1.89256E+02,1.89256E+02,1.89256E+02,1.89256E+02,1.89256E+02,1.89256E+02,1.89256E+02,1.89256E+02,1.89256E+02,1.89256E+02,1.89256E+02,1.89256E+02,1.89256E+02,2.52734E-02,1.89256E+02,1.89256E+02 
#t = 3.192E+03
1.89256E+02,1.89256E+02,1.89256E+02,1.89256E+02,1.89256E+02,1.89256E+02,1.89256E+02,1.89256E+02,1.89256E+02,1.89256E+02,1.89256E+02,1.89256E+02,1.89256E+02,9.11402E+00,1.89256E+02,1.89256E+02,1.89256E+02,1.89256E+02,1.89256E+02,1.89256E+02,1.89256E+02,1.89256E+02,1.89256E+02,1.89256E+02,1.89256E+02,1.89256E+02,1.89256E+02,1.89256E+02,1.89256E+02,1.89256E+02,1.89256E+02,1.89256E+02,1.89256E+02,1.89256E+02,1.89256E+02,1.89256E+02,1.89256E+02,1.89256E+02,1.89256E+02,1.89256E+02,1.89256E+02,1.89256E+02,1.89256E+02,1.29583E+01,1.89256E+02,1.89256E+02 
#t = 3.234E+03
1.89256E+02,1.89256E+02,1.89256E+02,1.89256E+02,1.89256E+02,1.89256E+02,1.89256E+02,1.89256E+02,1.89256E+02,1.89256E+02,1.89256E+02,1.89256E+02,1.89256E+02,1.89256E+02,1.89256E+02,1.89256E+02,1.89256E+02,1.89256E+02,1.89256E+02,1.89256E+02,1.89256E+02,1.89256E+02,1.89256E+02,1.89256E+02,1.89256E+02,1.89256E+02,1.89256E+02,1.89256E+02,1.89256E+02,2.29254E+00,1.89256E+02,1.89256E+02,1.89256E+02,1.89256E+02,1.89256E+02,1.89256E+02,1.89256E+02,1.89256E+02,1.89256E+02,1.89256E+02,1.89256E+02,1.89256E+02,1.89256E+02 
#t = 3.276E+03
1.89256E+02,1.89256E+02,1.89256E+02,1.89256E+02,1.89256E+02,1.89256E+02,1.89256E+02,1.19424E+01,1.89256E+02,1.89256E+02,1.89256E+02,3.76741E+01,1.89256E+02,1.19424E+01,3.76741E+01,1.89256E+02,1.89256E+02,1.89256E+02,1.89256E+02,1.89256E+02,1.89256E+02,3.76741E+01,1.89256E+02,1.89256E+02,1.89256E+02,1.89256E+02,1.89256E+02,1.89256E+02,1.89256E+02,3.76741E+01,1.89256E+02,3.46924E-01,1.89256E+02,1.89256E+02,1.89256E+02,1.89256E+02,1.89256E+02,1.89256E+02,1.89256E+02,1.89256E+02,1.19424E+01,1.89256E+02 
#t = 3.318E+03
1.89256E+02,1.19424E+01,1.89256E+02,1.89256E+02,1.89256E+02,3.76741E+01,1.89256E+02,1.89256E+02,1.89256E+02,1.89256E+02,1.89256E+02,1.89256E+02,1.89256E+02,1.89256E+02,1.89256E+02,1.89256E+02,1.19424E+01,1.89256E+02,1.89256E+02,1.89256E+02,1.89256E+02,1.89256E+02,1.89256E+02,3.76741E+01,1.89256E+02,1.89256E+02,1.89256E+02,1.89256E+02,1.89256E+02,1.89256E+02,2.10217E+01,1.89256E+02,1.19424E+01,1.89256E+02,1.89256E+02,1.89256E+02,1.89256E+02,1.89256E+02,1.89256E+02,1.89256E+02,1.89256E+02,1.89256E+02,1.89256E+02,1.89256E+02,1.89256E+02,1.89256E+02,1.56932E-01,1.89256E+02,1.20164E+01,1.89256E+02 
#t = 3.360E+03
1.89256E+02,1.89256E+02,1.89256E+02,1.89256E+02,1.89256E+02,1.89256E+02,1.19424E+01,1.89256E+02,1.89256E+02,1.89256E+02,1.89256E+02,1.89256E+02,1.89256E+02,1.89256E+02,1.89256E+02,2.38476E+01,1.89256E+02,1.89256E+02,1.89256E+02,1.89256E+02,1.47786E+01,1.89256E+02,1.89256E+02,1.89256E+02,2.38476E+01,2.38476E+01,1.89256E+02,1.89256E+02,1.19424E+01,2.19564E+00,1.89256E+02,2.70417E-01,1.89256E+02,1.89256E+02,1.89256E+02,1.89256E+02,1.89256E+02,1.19424E+01,1.89256E+02,1.89256E+02,5.69249E-01 
#t = 3.402E+03
1.89256E+02,1.89256E+02,1.89256E+02,1.89256E+02,1.89256E+02,1.89256E+02,1.89256E+02,1.89256E+02,1.89256E+02,1.89256E+02,1.89256E+02,7.46088E+00,1.89256E+02,1.19424E+01,1.89256E+02,2.87740E+01,1.89256E+02,1.89256E+02,1.89256E+02,1.15393E+01,1.01585E+01,1.89256E+02,1.89256E+02,1.89256E+02,2.87740E+01,1.89256E+02,1.89256E+02,1.89256E+02,1.89256E+02,1.89256E+02,1.89256E+02,3.44218E+00,1.89256E+02,1.89256E+02,1.89256E+02,1.89256E+02,1.89256E+02,1.89256E+02,6.21939E-01,2.16053E+02 
#t = 3.444E+03
1.89256E+02,1.19424E+01,1.89256E+02,1.89256E+02,1.89256E+02,1.89256E+02,1.89256E+02,1.89256E+02,1.89256E+02,1.89256E+02,1.89256E+02,1.15152E+01,1.89256E+02,1.89256E+02,1.89256E+02,1.89256E+02,1.89256E+02,1.89256E+02,1.89256E+02,1.89256E+02,1.89256E+02,1.89256E+02,1.89256E+02,1.89256E+02,1.89256E+02,1.89256E+02,1.05305E+01,1.89256E+02,1.15152E+01,1.89256E+02,1.89256E+02,1.89256E+02,1.89256E+02,1.89256E+02,1.89256E+02,1.89256E+02,1.89256E+02,1.89256E+02,1.89256E+02,1.89256E+02,2.47730E+01,1.89256E+02,1.89256E+02,2.22272E+00,6.00170E-01,1.89256E+02,1.89256E+02,1.89256E+02,1.19424E+01,1.15152E+01,1.89256E+02,1.89256E+02,3.51125E+00,1.89256E+02,1.89256E+02,1.89256E+02,1.89256E+02 
#t = 3.486E+03
1.89256E+02,1.89256E+02,1.89256E+02,1.89256E+02,1.89256E+02,1.89256E+02,1.89256E+02,1.89256E+02,1.89256E+02,1.89256E+02,1.89256E+02,1.89256E+02,1.89256E+02,1.89256E+02,1.89256E+02,1.89256E+02,1.89256E+02,1.89256E+02,1.89256E+02,1.15152E+01,1.89256E+02,1.89256E+02,1.89256E+02,1.89256E+02,1.89256E+02,1.89256E+02,6.72403E+00,1.89256E+02,1.89256E+02,1.19424E+01,1.89256E+02,1.89256E+02,1.89256E+02,1.89256E+02,1.89256E+02,1.89256E+02,1.89256E+02,1.89256E+02,1.89256E+02,4.19788E+00,1.22698E+01,1.89256E+02,1.89256E+02,1.89256E+02,1.89256E+02,1.28503E+01,1.89256E+02,1.89256E+02,1.89256E+02,1.89256E+02,1.89256E+02,1.89256E+02,1.89256E+02,1.89256E+02,2.84966E+00,1.89256E+02,1.89256E+02,1.89256E+02,1.89256E+02,1.89256E+02,1.89256E+02,1.66592E+00,1.89256E+02,1.89256E+02 
#t = 3.528E+03
1.89256E+02,1.89256E+02,1.89256E+02,1.89256E+02,1.89256E+02,1.89256E+02,1.89256E+02,1.89256E+02,1.89256E+02,1.89256E+02,1.89256E+02,1.89256E+02,1.89256E+02,1.89256E+02,1.89256E+02,1.89256E+02,1.89256E+02,1.89256E+02,1.89256E+02,1.89256E+02,1.89256E+02,1.89256E+02,1.89256E+02,1.89256E+02,1.89256E+02,1.89256E+02,1.89256E+02,1.89256E+02,1.89256E+02,1.89256E+02,1.89256E+02,1.89256E+02,1.89256E+02,1.89256E+02,1.89256E+02,1.89256E+02,1.89256E+02,1.89256E+02,1.89256E+02,1.89256E+02,1.89256E+02,1.89256E+02,1.89256E+02,1.89256E+02,1.89256E+02,1.89256E+02,1.89256E+02,1.90943E+01,1.89256E+02,1.89256E+02,1.89256E+02,1.89256E+02,1.89256E+02,1.89256E+02,1.89256E+02,1.89256E+02,1.89256E+02,1.94819E-01,1.89256E+02 
#t = 3.570E+03
1.89256E+02,1.89256E+02,1.89256E+02,1.89256E+02,1.89256E+02,1.89256E+02,1.89256E+02,1.89256E+02,1.89256E+02,1.89256E+02,1.89256E+02,1.89256E+02,1.89256E+02,1.89256E+02,1.89256E+02,1.89256E+02,1.89256E+02,1.89256E+02,1.89256E+02,1.89256E+02,1.89256E+02,1.89256E+02,1.89256E+02,4.68704E-01,1.89256E+02,1.89256E+02,1.89256E+02,1.89256E+02,1.89256E+02,1.89256E+02,1.89256E+02,1.89256E+02,1.89256E+02,1.89256E+02,1.89256E+02,1.89256E+02,1.89256E+02,1.89256E+02,1.48722E+01,3.22310E-01,1.89256E+02,1.89256E+02,1.89256E+02,1.89256E+02,1.89256E+02,1.89256E+02 
#t = 3.612E+03
1.89256E+02,1.89256E+02,1.89256E+02,1.89256E+02,1.89256E+02,1.89256E+02,1.89256E+02,1.89256E+02,1.89256E+02,1.89256E+02,1.89256E+02,1.89256E+02,1.89256E+02,1.89256E+02,1.89256E+02,1.89256E+02,1.89256E+02,1.89256E+02,1.89256E+02,1.89256E+02,1.89256E+02,1.89256E+02,1.89256E+02,1.89256E+02,1.89256E+02,3.05312E-01,1.89256E+02,2.26824E+00,1.89256E+02,3.38526E+01,1.89256E+02,1.89256E+02,2.29559E+00,1.41511E-01,1.89256E+02,1.89256E+02,1.89256E+02,1.89256E+02,1.89256E+02,9.70687E+00,3.01787E-01 
#t = 3.654E+03
1.89256E+02,1.89256E+02,1.89256E+02,1.89256E+02,3.07253E+01,2.16105E+01,1.89256E+02,1.89256E+02,1.89256E+02,1.89256E+02,1.89256E+02,1.89256E+02,1.89256E+02,1.89256E+02,1.89256E+02,1.89256E+02,1.89256E+02,1.89256E+02,1.89256E+02,1.89256E+02,2.05028E+01,1.89256E+02,2.16105E+01,1.89256E+02,1.89256E+02,1.40452E+01,1.89256E+02,1.89256E+02,1.89256E+02,1.89256E+02,1.89256E+02,1.89256E+02,3.26240E+00,1.89256E+02,1.89256E+02,1.89256E+02,1.89256E+02,1.89256E+02,1.17272E+00 
#t = 3.696E+03
1.89256E+02,3.07253E+01,1.89256E+02,1.89256E+02,1.89256E+02,1.89256E+02,1.89256E+02,1.89256E+02,1.89256E+02,1.89256E+02,1.89256E+02,1.89256E+02,1.89256E+02,1.89256E+02,1.89256E+02,1.89256E+02,1.89256E+02,1.89256E+02,1.89256E+02,1.89256E+02,1.89256E+02,1.89256E+02,1.89256E+02,1.89256E+02,1.89256E+02,1.89256E+02,1.89256E+02,1.89256E+02,1.89256E+02,1.89256E+02,1.89256E+02,1.89256E+02,1.89256E+02,3.07253E+01,3.02087E-01,1.89256E+02,1.89256E+02,1.89256E+02,1.89256E+02,1.89256E+02,3.39474E+00,8.59098E+00,1.64637E+00 
#t = 3.738E+03
1.89256E+02,1.89256E+02,1.89256E+02,1.89256E+02,1.89256E+02,1.89256E+02,1.89256E+02,1.89256E+02,1.89256E+02,1.89256E+02,1.89256E+02,1.89256E+02,1.89256E+02,1.89256E+02,1.89256E+02,1.89256E+02,1.89256E+02,1.89256E+02,1.89256E+02,1.89256E+02,1.89256E+02,1.89256E+02,1.89256E+02,1.89256E+02,1.89256E+02,1.89256E+02,1.89256E+02,1.89256E+02,1.89256E+02,1.32709E+01,1.89256E+02,1.89256E+02,3.99354E+00,1.89256E+02,6.72922E+00,1.89256E+02,1.89256E+02,1.89256E+02,1.89256E+02,3.57766E+00,1.89256E+02,1.89256E+02,1.89256E+02,1.89256E+02 
#t = 3.780E+03
1.89256E+02,1.89256E+02,1.89256E+02,1.89256E+02,1.89256E+02,1.89256E+02,1.89256E+02,1.89256E+02,1.89256E+02,1.89256E+02,1.89256E+02,1.89256E+02,1.89256E+02,1.89256E+02,1.89256E+02,1.89256E+02,1.89256E+02,1.89256E+02,1.58662E+01,1.89256E+02,1.89256E+02,1.89256E+02,1.89256E+02,1.89256E+02,1.89256E+02,4.28446E+00,1.89256E+02,1.89256E+02,1.89256E+02,1.89256E+02,1.89256E+02,1.89256E+02,1.89256E+02,1.89256E+02,1.89256E+02,1.18663E-01,1.89256E+02,1.89256E+02,1.89256E+02 
#t = 3.822E+03
1.89256E+02,1.89256E+02,1.89256E+02,1.89256E+02,1.89256E+02,1.89256E+02,1.89256E+02,1.89256E+02,1.89256E+02,1.89256E+02,1.89256E+02,1.89256E+02,1.89256E+02,1.89256E+02,1.89256E+02,1.89256E+02,1.89256E+02,1.89256E+02,1.89256E+02,1.89256E+02,1.89256E+02,1.89256E+02,1.89256E+02,1.89256E+02,1.89256E+02,1.89256E+02,1.89256E+02,1.89256E+02,1.89256E+02,1.89256E+02,1.89256E+02,1.89256E+02,1.89256E+02,1.89256E+02,1.89256E+02,1.89256E+02,1.89256E+02,1.89256E+02,1.89256E+02,1.89256E+02,1.89256E+02,5.16745E+00,1.89256E+02 
#t = 3.864E+03
1.89256E+02,1.89256E+02,1.89256E+02,1.89256E+02,1.89256E+02,1.89256E+02,1.89256E+02,1.89256E+02,1.89256E+02,1.89256E+02,1.89256E+02,1.89256E+02,1.16778E+01,1.89256E+02,1.89256E+02,1.89256E+02,1.89256E+02,1.89256E+02,1.89256E+02,1.89256E+02,1.89256E+02,1.89256E+02,1.89256E+02,1.89256E+02,1.89256E+02,1.89256E+02,1.89256E+02,1.89256E+02,1.89256E+02,8.51526E+00,1.89256E+02,1.89256E+02,1.89256E+02,1.89256E+02,1.23426E-01,1.89256E+02 
#t = 3.906E+03
1.89256E+02,1.89256E+02,1.89256E+02,1.89256E+02,1.89256E+02,1.89256E+02,1.89256E+02,1.89256E+02,1.89256E+02,1.89256E+02,1.89256E+02,1.89256E+02,1.89256E+02,1.89256E+02,1.89256E+02,1.89256E+02,1.89256E+02,1.89256E+02,1.89256E+02,1.89256E+02,1.89256E+02,1.89256E+02,1.89256E+02,1.89256E+02,1.89256E+02,1.89256E+02,1.89256E+02,1.89256E+02,1.89256E+02,1.89256E+02,1.89256E+02,1.89256E+02,1.89256E+02,1.89256E+02,1.89256E+02,1.89256E+02,1.89256E+02,1.89256E+02,1.89256E+02,1.89256E+02,1.89256E+02,1.89256E+02,5.27520E-01,1.89256E+02,1.89256E+02,1.89256E+02,4.78541E+00,1.89256E+02,1.89256E+02 
#t = 3.948E+03
1.89256E+02,1.89256E+02,1.89256E+02,1.89256E+02,1.89256E+02,1.89256E+02,1.89256E+02,1.89256E+02,1.89256E+02,1.89256E+02,1.89256E+02,1.89256E+02,1.89256E+02,1.89256E+02,1.89256E+02,1.89256E+02,1.89256E+02,1.89256E+02,1.89256E+02,1.89256E+02,5.87976E+00,1.89256E+02,1.89256E+02,1.89256E+02,7.78364E+01,1.89256E+02,1.89256E+02,1.89256E+02,1.89256E+02,1.89256E+02,1.89256E+02,1.89256E+02,1.89256E+02,1.89256E+02,1.89256E+02,1.89256E+02,1.89256E+02,1.89256E+02,1.89256E+02,1.62292E-02,1.89256E+02 
#t = 3.990E+03
1.89256E+02,1.89256E+02,1.89256E+02,1.89256E+02,1.89256E+02,1.89256E+02,1.89256E+02,1.89256E+02,1.89256E+02,1.89256E+02,1.89256E+02,1.89256E+02,8.31562E+00,1.89256E+02,1.89256E+02,1.89256E+02,1.89256E+02,1.89256E+02,1.89256E+02,1.89256E+02,1.89256E+02,1.89256E+02,1.89256E+02,1.89256E+02,1.89256E+02,1.89256E+02,1.89256E+02,3.92173E+01,1.89256E+02,1.89256E+02,1.89256E+02,1.89256E+02,1.89256E+02,1.89256E+02,1.89256E+02,1.89256E+02,1.89256E+02,1.89256E+02,1.89256E+02,1.89256E+02,1.89256E+02,1.89256E+02,1.89256E+02,1.89256E+02,1.89256E+02,1.89256E+02,1.89256E+02,1.89256E+02,3.82946E-01,1.89256E+02,1.89256E+02,1.89256E+02,1.89256E+02,7.36809E-01,1.89256E+02,1.89256E+02,8.31383E-01,1.89256E+02,2.28178E+01 
#t = 4.032E+03
1.89256E+02,1.89256E+02,1.89256E+02,1.89256E+02,1.89256E+02,1.89256E+02,1.89256E+02,1.89256E+02,1.89256E+02,1.89256E+02,1.89256E+02,1.89256E+02,1.89256E+02,4.23788E+01,1.89256E+02,1.89256E+02,1.89256E+02,4.23788E+01,1.89256E+02,1.89256E+02,1.89256E+02,1.89256E+02,1.89256E+02,1.89256E+02,1.89256E+02,1.30830E+01,4.73273E+01,1.89256E+02,1.89256E+02,1.89256E+02,1.89256E+02,1.89256E+02,1.89256E+02,1.89256E+02,1.89256E+02,1.89256E+02,1.04321E-01,6.45258E+00,1.30830E+01,1.89256E+02,1.89256E+02,1.89256E+02,1.89256E+02,1.67080E-01,1.89256E+02,2.81850E+00,4.95591E-02,1.89256E+02,1.89256E+02 
#t = 4.074E+03
1.89256E+02,1.89256E+02,1.89256E+02,1.89256E+02,1.89256E+02,1.89256E+02,1.89256E+02,1.89256E+02,1.89256E+02,1.89256E+02,1.89256E+02,1.89256E+02,1.89256E+02,1.89256E+02,1.89256E+02,1.89256E+02,1.89256E+02,1.89256E+02,1.89256E+02,1.89256E+02,1.89256E+02,1.89256E+02,1.89256E+02,1.89256E+02,1.89256E+02,1.89256E+02,1.89256E+02,1.89256E+02,1.89256E+02,1.89256E+02,1.89256E+02,1.89256E+02,1.89256E+02,1.89256E+02,1.89256E+02,1.89256E+02,1.89256E+02,8.73479E+00,1.89256E+02,1.89256E+02,1.89256E+02,1.89256E+02,1.89256E+02,1.89256E+02,1.89256E+02,1.89256E+02,4.28921E+00 
#t = 4.116E+03
1.89256E+02,1.89256E+02,1.89256E+02,1.89256E+02,1.89256E+02,1.89256E+02,1.89256E+02,1.89256E+02,1.89256E+02,1.89256E+02,1.89256E+02,1.89256E+02,1.89256E+02,1.89256E+02,1.89256E+02,1.89256E+02,1.89256E+02,1.89256E+02,1.08316E+01,1.89256E+02,1.89256E+02,1.89256E+02,1.89256E+02,1.89256E+02,1.89256E+02,1.89256E+02,1.89256E+02,1.89256E+02,1.89256E+02,1.89256E+02,5.64668E-01,1.89256E+02,2.63145E+01,1.89256E+02,1.89256E+02,1.89256E+02,1.89256E+02,1.89256E+02,1.89256E+02,1.89256E+02,1.89256E+02,1.89256E+02,1.89256E+02,1.89256E+02,1.89256E+02,1.89256E+02 
#t = 4.158E+03
1.89256E+02,1.89256E+02,1.89256E+02,1.89256E+02,1.89256E+02,1.89256E+02,1.89256E+02,1.89256E+02,1.89256E+02,2.63145E+01,2.12251E+01,1.89256E+02,1.89256E+02,1.08316E+01,1.89256E+02,1.89256E+02,1.89256E+02,1.89256E+02,1.89256E+02,1.89256E+02,1.08316E+01,1.89256E+02,1.89256E+02,1.89256E+02,2.12251E+01,2.63145E+01,1.89256E+02,1.89256E+02,1.89256E+02,2.63145E+01,1.89256E+02,1.89256E+02,1.89256E+02,1.89256E+02,1.89256E+02,5.93779E+01,1.96791E+00,2.63145E+01,1.89256E+02,1.89256E+02,1.89256E+02,2.12251E+01,2.63145E+01,1.89256E+02 
#t = 4.200E+03
2.63145E+01,2.12251E+01,1.89256E+02,1.89256E+02,1.35606E+01,1.35606E+01,1.89256E+02,2.63145E+01,2.12251E+01,1.35606E+01,1.08316E+01,1.35606E+01,1.89256E+02,1.35606E+01,1.89256E+02,2.63145E+01,2.63145E+01,1.89256E+02,1.35606E+01,2.63145E+01,1.89256E+02,1.89256E+02,1.89256E+02,1.35606E+01,1.35606E+01,1.89256E+02,1.89256E+02,1.89256E+02,2.12251E+01,2.12251E+01,1.35606E+01,2.63145E+01,1.35606E+01,1.89256E+02,1.89256E+02,5.89903E-01,3.37673E+00,1.89256E+02,1.89256E+02,1.89256E+02,2.63145E+01,3.05681E+00,2.63145E+01,2.12251E+01,3.59958E-01 
