#t = 0.000E+00
2.04878E-01,3.97909E+00,7.25723E-01,3.92953E-01,2.05448E+00 
#t = 4.200E+01
8.32282E+00,5.55213E-01,1.44695E+00 
#t = 8.400E+01
6.90353E+00,3.37991E-02,1.77771E+00,9.37783E-01,1.79692E+01,5.79791E-02 
#t = 1.260E+02
1.97838E+01,4.30367E+01,4.30367E+01,8.76305E+00,4.30367E+01,8.23406E+00,4.30367E+01,4.30367E+01,4.30367E+01,1.15854E+01,4.30367E+01,4.30367E+01,2.40783E+00,8.24542E-02,4.30367E+01,4.30367E+01,4.30367E+01,4.30367E+01,4.30367E+01,4.30367E+01 
#t = 1.680E+02
4.30367E+01,4.30367E+01,4.30367E+01,4.30367E+01,4.30367E+01,2.26260E+01,4.30367E+01,4.30367E+01,4.30367E+01,4.30367E+01,4.30367E+01,4.30367E+01,4.30367E+01,4.30367E+01,4.30367E+01,4.30367E+01,4.30367E+01,4.30367E+01,4.30367E+01,4.30367E+01,1.40539E+01,4.30367E+01,4.30367E+01,1.22531E+01,2.45124E-01,4.30367E+01,2.80805E-02,4.30367E+01,4.30367E+01,4.30367E+01,4.30367E+01,4.59637E+00,2.99658E+00,1.22531E+01,4.30367E+01,4.30367E+01 
#t = 2.100E+02
4.30367E+01,4.30367E+01,4.30367E+01,4.30367E+01,4.30367E+01,4.30367E+01,4.30367E+01,4.30367E+01,1.40539E+01,4.30367E+01,4.30367E+01,4.30367E+01,4.30367E+01,4.30367E+01,4.30367E+01,4.30367E+01,4.30367E+01,4.30367E+01,4.30367E+01,4.30367E+01,4.30367E+01,4.30367E+01,4.30367E+01,4.30367E+01,4.30367E+01,4.30367E+01,4.30367E+01,4.30367E+01,4.30367E+01,4.30367E+01,4.30367E+01,3.82419E+00,4.30367E+01,4.30367E+01,4.30367E+01 
#t = 2.520E+02
4.30367E+01,4.30367E+01,4.30367E+01,4.30367E+01,4.30367E+01,4.30367E+01,4.30367E+01,4.30367E+01,4.30367E+01,4.30367E+01,4.30367E+01,4.30367E+01,4.30367E+01,4.30367E+01,4.30367E+01,1.27035E+01,4.30367E+01,4.30367E+01,4.30367E+01,4.30367E+01,4.30367E+01,4.30367E+01,4.30367E+01,4.30367E+01,7.31943E+00,1.45844E+00,1.70640E+01,4.30367E+01,4.30367E+01,4.30367E+01,4.30367E+01,4.30367E+01,4.30367E+01,4.30367E+01,4.30367E+01,5.75275E+00,5.40422E-01 
#t = 2.940E+02
4.30367E+01,4.30367E+01,4.30367E+01,4.30367E+01,4.30367E+01,4.30367E+01,4.30367E+01,4.30367E+01,4.30367E+01,4.30367E+01,4.30367E+01,4.30367E+01,4.30367E+01,4.30367E+01,4.30367E+01,4.30367E+01,4.30367E+01,4.30367E+01,4.30367E+01,4.30367E+01,4.30367E+01,4.30367E+01,4.30367E+01,4.30367E+01,4.30367E+01,4.30367E+01,4.30367E+01,4.30367E+01,4.30367E+01,4.30367E+01,4.30367E+01,4.30367E+01,4.30367E+01,4.30367E+01,4.30367E+01,4.30367E+01,4.30367E+01,4.30367E+01,4.30367E+01,4.30367E+01,4.30367E+01,4.30367E+01,4.30367E+01,4.30367E+01 
#t = 3.360E+02
4.30367E+01,4.30367E+01,4.30367E+01,4.30367E+01,4.30367E+01,4.30367E+01,4.30367E+01,4.30367E+01,4.30367E+01,4.30367E+01,4.30367E+01,4.30367E+01,4.30367E+01,5.47154E+00,4.30367E+01,4.30367E+01,4.30367E+01,4.30367E+01,4.30367E+01,4.30367E+01,4.30367E+01,4.30367E+01,4.30367E+01,4.30367E+01,4.30367E+01,1.37702E+01,4.30367E+01,4.30367E+01,3.85647E+00,2.83524E+00,4.30367E+01,4.30367E+01,4.30367E+01,4.30367E+01,4.30367E+01,4.30367E+01 
#t = 3.780E+02
4.30367E+01,4.30367E+01,4.30367E+01,2.57968E+01,4.30367E+01,4.30367E+01,4.30367E+01,4.30367E+01,4.30367E+01,4.30367E+01,4.30367E+01,4.30367E+01,4.30367E+01,4.30367E+01,4.30367E+01,4.30367E+01,4.30367E+01,4.30367E+01,4.30367E+01,4.30367E+01,4.30367E+01,4.30367E+01,4.30367E+01,4.30367E+01,4.30367E+01,4.30367E+01,4.30367E+01,4.30367E+01,4.30367E+01,4.30367E+01,4.30367E+01,4.30367E+01 
#t = 4.200E+02
4.30367E+01,4.30367E+01,4.30367E+01,4.30367E+01,4.30367E+01,4.30367E+01,4.30367E+01,4.30367E+01,4.30367E+01,4.30367E+01,4.30367E+01,4.30367E+01,4.30367E+01,1.52927E+01,4.30367E+01,4.30367E+01,4.30367E+01,4.30367E+01,4.30367E+01,4.30367E+01,4.30367E+01,4.30367E+01,4.30367E+01,4.30367E+01,4.30367E+01,4.30367E+01,4.30367E+01,4.30367E+01,4.30367E+01,4.30367E+01,4.30367E+01,1.52927E+01 
#t = 4.620E+02
4.30367E+01,4.30367E+01,4.30367E+01,1.33786E+01,1.52927E+01,4.30367E+01,4.30367E+01,4.30367E+01,4.30367E+01,4.30367E+01,4.30367E+01,4.30367E+01,4.30367E+01,4.30367E+01,4.30367E+01,4.30367E+01,4.30367E+01,4.30367E+01,4.30367E+01,4.30367E+01,4.30367E+01,4.30367E+01,4.30367E+01,4.30367E+01,4.30367E+01,6.49815E-01,4.30367E+01,4.30367E+01,4.30367E+01,4.30367E+01 
#t = 5.040E+02
4.30367E+01,4.30367E+01,4.30367E+01,4.30367E+01,4.30367E+01,4.30367E+01,4.30367E+01,4.30367E+01,4.30367E+01,4.30367E+01,4.30367E+01,1.56617E+01,4.30367E+01,4.30367E+01,4.30367E+01,4.30367E+01,4.30367E+01,1.99704E+01,4.30367E+01,1.56617E+01,4.30367E+01,4.30367E+01,4.30367E+01,4.30367E+01,4.30367E+01,4.30367E+01,4.30367E+01,4.30367E+01,4.30367E+01,1.51073E+00,1.56617E+01,4.30367E+01,4.30367E+01,4.30367E+01,4.30367E+01,4.30367E+01 
#t = 5.460E+02
4.30367E+01,4.30367E+01,4.30367E+01,4.30367E+01,4.30367E+01,4.30367E+01,4.30367E+01,4.30367E+01,4.30367E+01,4.30367E+01,4.30367E+01,4.30367E+01,4.30367E+01,4.30367E+01,4.30367E+01,4.30367E+01,4.30367E+01,4.30367E+01,4.30367E+01,4.30367E+01,4.30367E+01,4.30367E+01,4.30367E+01,4.30367E+01,4.30367E+01,4.30367E+01,4.30367E+01,4.30367E+01,4.30367E+01,1.04379E+00,4.30367E+01,4.30367E+01,4.30367E+01,4.30367E+01,2.15645E+01,4.30367E+01,4.30367E+01,4.30367E+01,4.30367E+01 
#t = 5.880E+02
4.30367E+01,4.30367E+01,4.30367E+01,4.30367E+01,4.30367E+01,4.30367E+01,4.30367E+01,4.30367E+01,4.30367E+01,4.30367E+01,4.30367E+01,4.30367E+01,4.30367E+01,2.33436E+01,4.30367E+01,4.30367E+01,4.30367E+01,4.30367E+01,4.30367E+01,4.30367E+01,4.30367E+01,4.30367E+01,4.30367E+01,4.30367E+01,4.30367E+01,4.30367E+01,4.30367E+01,4.30367E+01,4.30367E+01,4.30367E+01,4.30367E+01,4.30367E+01,4.30367E+01,4.30367E+01,4.30367E+01,4.30367E+01,4.30367E+01,4.30367E+01,4.30367E+01,4.30367E+01,4.30367E+01,4.30367E+01,4.30367E+01,4.30367E+01,4.30367E+01 
#t = 6.300E+02
4.30367E+01,4.30367E+01,4.30367E+01,4.30367E+01,4.30367E+01,4.30367E+01,4.30367E+01,1.33583E+01,4.30367E+01,4.30367E+01,4.30367E+01,4.30367E+01,4.30367E+01,4.30367E+01,4.30367E+01,4.30367E+01,4.30367E+01,4.30367E+01,4.30367E+01,4.30367E+01,4.30367E+01,4.30367E+01,4.30367E+01,2.93906E+01,4.30367E+01,4.30367E+01,2.93906E+01,4.30367E+01,4.30367E+01,4.30367E+01,4.30367E+01,1.33583E+01,4.30367E+01,4.30367E+01,4.30367E+01,3.40196E-02,1.33583E+01,1.33583E+01,4.30367E+01 
#t = 6.720E+02
4.30367E+01,4.30367E+01,1.33583E+01,1.33583E+01,4.30367E+01,4.30367E+01,4.30367E+01,4.30367E+01,4.30367E+01,4.30367E+01,4.30367E+01,4.30367E+01,1.33583E+01,4.30367E+01,4.30367E+01,1.81041E+01,4.30367E+01,6.39744E+00,4.30367E+01,4.30367E+01,4.30367E+01,4.30367E+01,4.30367E+01,4.30367E+01,1.81041E+01,4.30367E+01,4.30367E+01,4.30367E+01,4.30367E+01,4.30367E+01,4.30367E+01,1.33583E+01,5.55030E-01,4.30367E+01,8.89226E-02,1.10233E-01 
#t = 7.140E+02
1.33583E+01,4.30367E+01,4.30367E+01,4.30367E+01,4.30367E+01,1.99099E+01,4.30367E+01,4.30367E+01,4.30367E+01,4.30367E+01,4.30367E+01,4.30367E+01,4.30367E+01,4.30367E+01,4.30367E+01,4.30367E+01,4.30367E+01,4.30367E+01,4.30367E+01,4.30367E+01,4.30367E+01,4.30367E+01,6.19601E+00,4.30367E+01,4.30367E+01,4.30367E+01,4.30367E+01,4.30367E+01,4.30367E+01,4.30367E+01,4.30367E+01,4.30367E+01,4.30367E+01,4.30367E+01,3.18634E-01,1.33583E+01,4.30367E+01,9.84748E-01,4.30367E+01 
#t = 7.560E+02
4.30367E+01,4.30367E+01,4.30367E+01,1.33583E+01,4.30367E+01,4.30367E+01,4.30367E+01,4.30367E+01,4.30367E+01,4.30367E+01,4.30367E+01,1.20274E+01,4.30367E+01,4.30367E+01,4.30367E+01,4.30367E+01,1.33583E+01,4.30367E+01,4.30367E+01,4.30367E+01,4.30367E+01,4.30367E+01,4.30367E+01,4.30367E+01,4.30367E+01,4.30367E+01,4.30367E+01,4.30367E+01,4.30367E+01,4.30367E+01,4.30367E+01,1.33583E+01,4.30367E+01,4.30367E+01,4.30367E+01,4.30367E+01,4.30367E+01,4.30367E+01,4.30367E+01,4.30367E+01,4.30367E+01,4.30367E+01,4.30367E+01,4.30367E+01 
#t = 7.980E+02
1.33583E+01,1.20274E+01,4.30367E+01,4.30367E+01,4.30367E+01,4.30367E+01,1.14362E+01,4.30367E+01,4.30367E+01,4.30367E+01,4.30367E+01,4.30367E+01,1.20274E+01,4.30367E+01,4.30367E+01,4.30367E+01,4.30367E+01,4.30367E+01,4.30367E+01,4.30367E+01,4.30367E+01,4.30367E+01,4.30367E+01,2.90001E-01,4.30367E+01,4.30367E+01,1.20274E+01,4.30367E+01,1.67449E+00,3.25084E+00 
#t = 8.400E+02
4.30367E+01,4.30367E+01,4.30367E+01,4.30367E+01,4.30367E+01,4.30367E+01,4.30367E+01,4.30367E+01,4.30367E+01,4.30367E+01,4.30367E+01,4.30367E+01,4.30367E+01,4.30367E+01,1.20274E+01,4.30367E+01,4.30367E+01,4.30367E+01,4.30367E+01,4.30367E+01,4.30367E+01,1.20274E+01,4.30367E+01,4.30367E+01,4.30367E+01,4.30367E+01,4.30367E+01,4.30367E+01,4.30367E+01,4.30367E+01,4.30367E+01,4.30367E+01,2.49881E+00,4.30367E+01,4.30367E+01,4.30367E+01,4.30367E+01,4.30367E+01 
#t = 8.820E+02
4.30367E+01,4.30367E+01,4.30367E+01,4.30367E+01,4.30367E+01,4.30367E+01,4.30367E+01,4.30367E+01,3.58100E+00,4.30367E+01,4.30367E+01,4.30367E+01,4.30367E+01,4.30367E+01,4.30367E+01,4.30367E+01,4.30367E+01,4.30367E+01,4.30367E+01,4.30367E+01,1.00137E+01,4.30367E+01,4.30367E+01,2.51767E-01,4.30367E+01,4.30367E+01,4.30367E+01,4.30367E+01,4.30367E+01 
#t = 9.240E+02
4.30367E+01,4.30367E+01,4.30367E+01,4.30367E+01,4.30367E+01,4.30367E+01,4.30367E+01,4.30367E+01,4.30367E+01,1.22290E+01,4.30367E+01,4.30367E+01,4.30367E+01,4.30367E+01,4.30367E+01,4.30367E+01,4.30367E+01,4.30367E+01,4.30367E+01,4.30367E+01,4.30367E+01,4.30367E+01,4.30367E+01,4.30367E+01,4.30367E+01,4.30367E+01,1.22290E+01,4.30367E+01,1.22290E+01,1.22290E+01,4.30367E+01,4.30367E+01,4.30367E+01,4.30367E+01,4.30367E+01,8.20862E-01,4.30367E+01,4.30367E+01,4.30367E+01,4.30367E+01,4.30367E+01 
#t = 9.660E+02
4.30367E+01,4.30367E+01,4.30367E+01,4.30367E+01,4.30367E+01,4.30367E+01,4.30367E+01,2.36370E+01,4.30367E+01,4.30367E+01,4.30367E+01,4.30367E+01,4.30367E+01,4.30367E+01,4.30367E+01,4.30367E+01,4.30367E+01,4.30367E+01,4.30367E+01,4.30367E+01,4.30367E+01,4.30367E+01,4.30367E+01,4.30367E+01,4.30367E+01,4.30367E+01,4.30367E+01,4.30367E+01,1.28703E+01,4.30367E+01,7.58056E-01,4.30367E+01,1.51104E+00,4.30367E+01,4.30367E+01,2.36370E+01,1.11809E-01,4.30367E+01,4.30367E+01 
#t = 1.008E+03
4.30367E+01,4.30367E+01,4.30367E+01,4.30367E+01,4.30367E+01,4.30367E+01,4.30367E+01,4.30367E+01,4.30367E+01,4.30367E+01,4.30367E+01,4.30367E+01,4.30367E+01,4.30367E+01,4.30367E+01,4.30367E+01,1.41837E+01,4.30367E+01,4.30367E+01,4.30367E+01,4.30367E+01,4.30367E+01,4.30367E+01,4.30367E+01,4.30367E+01,4.30367E+01,2.11338E+01,4.30367E+01,4.30367E+01,4.30367E+01,4.30367E+01,2.05030E-01,4.30367E+01,1.41837E+01,1.89951E+01,4.30367E+01,4.30367E+01,4.30367E+01,4.30367E+01,4.30367E+01,4.30367E+01,2.06677E+00 
#t = 1.050E+03
4.30367E+01,4.30367E+01,4.30367E+01,4.30367E+01,4.30367E+01,1.41837E+01,1.41837E+01,1.41837E+01,4.30367E+01,1.41837E+01,4.30367E+01,4.30367E+01,4.30367E+01,4.30367E+01,4.30367E+01,4.30367E+01,4.30367E+01,1.41837E+01,1.41837E+01,4.30367E+01,4.30367E+01,4.30367E+01,4.30367E+01,4.30367E+01,4.30367E+01,4.30367E+01,4.30367E+01,4.30367E+01,4.30367E+01,4.30367E+01,4.30367E+01,4.30367E+01,4.30367E+01,4.30367E+01,4.30367E+01,4.30367E+01,4.30367E+01,4.30367E+01,3.20162E+00,2.14019E+00,4.30367E+01,4.30367E+01,8.55604E-01,2.77073E-01,4.30367E+01 
#t = 1.092E+03
4.30367E+01,4.30367E+01,4.30367E+01,4.30367E+01,4.30367E+01,4.30367E+01,4.30367E+01,4.30367E+01,4.30367E+01,4.30367E+01,4.30367E+01,4.30367E+01,4.30367E+01,4.30367E+01,4.30367E+01,4.30367E+01,4.30367E+01,4.30367E+01,4.30367E+01,4.30367E+01,4.30367E+01,1.56478E+01,4.30367E+01,1.56478E+01,4.30367E+01,4.30367E+01,4.30367E+01,4.30367E+01,4.30367E+01,4.30367E+01,4.30367E+01,4.30367E+01,4.30367E+01,1.86748E+00,4.30367E+01,4.30367E+01,4.30367E+01 
#t = 1.134E+03
4.30367E+01,4.30367E+01,4.30367E+01,4.30367E+01,4.30367E+01,4.30367E+01,4.30367E+01,4.30367E+01,4.30367E+01,4.30367E+01,4.30367E+01,4.30367E+01,4.30367E+01,4.30367E+01,4.30367E+01,4.30367E+01,4.30367E+01,4.30367E+01,4.30367E+01,4.30367E+01,4.30367E+01,3.28290E+00,4.30367E+01,4.30367E+01,1.14776E+01,4.30367E+01,4.30367E+01,4.30367E+01,4.30367E+01,4.30367E+01,4.30367E+01,4.30367E+01,4.30367E+01,4.30367E+01,4.30367E+01,4.30367E+01,4.30367E+01,4.30367E+01,4.30367E+01,4.30367E+01,4.30367E+01,4.30367E+01,4.30367E+01,4.30367E+01,4.30367E+01,4.30367E+01 
#t = 1.176E+03
4.30367E+01,4.30367E+01,4.30367E+01,4.30367E+01,4.30367E+01,4.30367E+01,1.14776E+01,4.30367E+01,4.30367E+01,4.30367E+01,9.86100E+00,4.30367E+01,4.30367E+01,4.30367E+01,4.30367E+01,1.57756E+01,4.30367E+01,4.30367E+01,4.30367E+01,4.30367E+01,4.30367E+01,4.30367E+01,4.30367E+01,1.87036E+00,4.30367E+01,1.46950E+00,4.30367E+01,4.30367E+01,4.30367E+01,4.30367E+01,4.30367E+01,4.30367E+01,4.30367E+01 
#t = 1.218E+03
4.30367E+01,4.30367E+01,4.30367E+01,1.14776E+01,4.30367E+01,4.30367E+01,4.30367E+01,4.30367E+01,4.30367E+01,4.30367E+01,4.30367E+01,4.30367E+01,4.30367E+01,4.30367E+01,4.30367E+01,4.30367E+01,4.30367E+01,4.30367E+01,4.30367E+01,4.30367E+01,4.30367E+01,4.30367E+01,4.30367E+01,4.30367E+01,4.30367E+01,4.30367E+01,4.30367E+01,4.30367E+01,4.30367E+01,1.87041E+00,4.30367E+01,4.30367E+01,4.30367E+01,4.30367E+01,4.30367E+01,4.30367E+01 
#t = 1.260E+03
4.30367E+01,4.30367E+01,4.30367E+01,4.30367E+01,4.30367E+01,2.45379E+01,4.30367E+01,4.30367E+01,4.30367E+01,4.30367E+01,4.30367E+01,4.30367E+01,4.30367E+01,4.30367E+01,2.45379E+01,4.30367E+01,4.30367E+01,4.30367E+01,4.30367E+01,2.45379E+01,4.30367E+01,4.30367E+01,4.30367E+01,4.30367E+01,4.30367E+01,4.30367E+01,4.30367E+01,4.30367E+01,4.30367E+01,4.30367E+01,4.30367E+01,4.30367E+01,4.17408E+00,4.30367E+01,4.30367E+01,4.30367E+01,4.30367E+01,4.30367E+01,4.30367E+01,1.38685E+01,4.30367E+01,2.45379E+01,1.12640E+00,3.23506E+00,1.60861E+01 
#t = 1.302E+03
4.30367E+01,4.30367E+01,4.30367E+01,4.30367E+01,4.30367E+01,4.30367E+01,4.30367E+01,4.30367E+01,4.30367E+01,1.49382E+01,4.30367E+01,4.30367E+01,4.30367E+01,4.30367E+01,4.30367E+01,4.30367E+01,4.30367E+01,4.30367E+01,4.30367E+01,4.30367E+01,4.30367E+01,4.30367E+01,4.30367E+01,4.30367E+01,1.49382E+01,1.38685E+01,4.30367E+01,4.30367E+01,4.65614E-01,4.30367E+01,4.30367E+01,4.30367E+01,4.30367E+01,4.30367E+01,1.14835E+00,7.17175E+00,4.30367E+01,4.30367E+01,4.30367E+01,9.38996E-01 
#t = 1.344E+03
4.30367E+01,4.30367E+01,4.30367E+01,4.30367E+01,1.04650E+01,4.30367E+01,4.30367E+01,4.30367E+01,4.30367E+01,4.30367E+01,4.30367E+01,4.30367E+01,4.30367E+01,4.30367E+01,4.30367E+01,4.30367E+01,4.30367E+01,4.30367E+01,4.30367E+01,4.30367E+01,4.30367E+01,2.50903E+01,4.30367E+01,4.30367E+01,4.30367E+01,4.30367E+01,4.30367E+01,4.30367E+01,4.30367E+01,4.30367E+01,4.30367E+01,4.30367E+01,1.03222E+00 
#t = 1.386E+03
4.30367E+01,4.30367E+01,4.30367E+01,4.30367E+01,4.30367E+01,4.30367E+01,4.30367E+01,4.30367E+01,4.30367E+01,4.30367E+01,4.30367E+01,4.30367E+01,4.30367E+01,4.30367E+01,4.30367E+01,4.30367E+01,4.30367E+01,4.30367E+01,2.97871E+01,4.30367E+01,4.30367E+01,4.30367E+01,4.30367E+01,4.30367E+01,4.30367E+01,4.30367E+01,4.30367E+01,4.30367E+01,4.30367E+01,4.30367E+01,4.30367E+01,4.30367E+01,4.30367E+01,4.30367E+01,4.30367E+01,9.94203E-02,4.30367E+01,4.30367E+01,4.30367E+01,4.30367E+01,4.30367E+01,4.30367E+01 
#t = 1.428E+03
4.30367E+01,4.30367E+01,4.30367E+01,4.30367E+01,4.30367E+01,4.30367E+01,4.30367E+01,4.30367E+01,4.30367E+01,4.30367E+01,4.30367E+01,4.30367E+01,4.30367E+01,4.30367E+01,4.30367E+01,4.30367E+01,4.30367E+01,4.30367E+01,4.30367E+01,4.30367E+01,4.30367E+01,4.30367E+01,4.30367E+01,4.30367E+01,4.30367E+01,4.30367E+01,4.30367E+01,4.30367E+01,4.30367E+01,4.30367E+01,4.30367E+01,2.99373E-01,4.30367E+01,4.30367E+01 
#t = 1.470E+03
4.30367E+01,4.30367E+01,4.30367E+01,4.30367E+01,4.30367E+01,4.30367E+01,4.30367E+01,4.30367E+01,4.30367E+01,4.30367E+01,4.30367E+01,4.30367E+01,5.37506E+01,4.30367E+01,4.30367E+01,4.30367E+01,4.30367E+01,4.30367E+01,1.70797E+01,4.30367E+01,4.30367E+01,4.30367E+01,4.30367E+01,4.30367E+01,4.30367E+01,4.30367E+01,4.30367E+01,4.30367E+01,4.30367E+01,4.30367E+01,4.30367E+01,4.30367E+01,4.30367E+01,4.30367E+01,4.30367E+01,4.30367E+01,4.30367E+01,4.27788E-01,2.64476E+01,4.30367E+01,4.30367E+01,4.30367E+01,8.92160E-01,4.30367E+01,4.30367E+01 
#t = 1.512E+03
4.30367E+01,4.30367E+01,4.30367E+01,4.30367E+01,4.30367E+01,4.30367E+01,4.30367E+01,4.30367E+01,4.30367E+01,4.30367E+01,4.30367E+01,4.30367E+01,4.30367E+01,4.30367E+01,4.30367E+01,5.37506E+01,4.30367E+01,4.30367E+01,4.30367E+01,4.30367E+01,4.30367E+01,4.30367E+01,5.37506E+01,4.30367E+01,4.30367E+01,5.37506E+01,4.64606E+00,5.50573E+00,4.30367E+01,4.30367E+01,4.30367E+01,4.30367E+01,4.30367E+01,4.30367E+01,4.30367E+01,4.30367E+01,4.30367E+01,4.30367E+01,4.30367E+01,4.30367E+01,4.30367E+01 
#t = 1.554E+03
4.30367E+01,4.30367E+01,4.30367E+01,4.30367E+01,4.30367E+01,4.30367E+01,4.30367E+01,4.30367E+01,4.30367E+01,4.30367E+01,4.30367E+01,4.30367E+01,4.30367E+01,4.30367E+01,4.30367E+01,4.30367E+01,4.30367E+01,4.30367E+01,4.30367E+01,4.30367E+01,4.30367E+01,4.30367E+01,4.30367E+01,4.30367E+01,4.30367E+01,4.30367E+01,4.30367E+01,4.30367E+01,4.30367E+01,4.30367E+01,4.30367E+01,4.30367E+01,7.65881E+00,4.30367E+01,4.30367E+01,4.30367E+01,4.30367E+01,4.30367E+01,4.30367E+01,4.30367E+01,4.23340E+01,4.30367E+01,4.30367E+01,2.40333E+00,3.69086E+00,4.30367E+01 
#t = 1.596E+03
4.30367E+01,4.30367E+01,4.30367E+01,4.30367E+01,4.30367E+01,4.30367E+01,4.30367E+01,4.30367E+01,4.30367E+01,4.30367E+01,4.30367E+01,4.30367E+01,4.30367E+01,4.30367E+01,4.30367E+01,4.30367E+01,4.30367E+01,4.30367E+01,4.30367E+01,1.06693E+01,4.30367E+01,4.30367E+01,4.30367E+01,4.30367E+01,4.30367E+01,4.30367E+01,4.30367E+01,4.30367E+01,4.30367E+01,4.30367E+01,1.27633E-01,4.30367E+01,4.30367E+01,4.30367E+01 
#t = 1.638E+03
4.30367E+01,4.30367E+01,4.30367E+01,4.30367E+01,4.30367E+01,1.06693E+01,4.30367E+01,1.06693E+01,4.30367E+01,4.30367E+01,4.30367E+01,4.30367E+01,4.30367E+01,4.30367E+01,4.30367E+01,4.30367E+01,4.30367E+01,4.30367E+01,4.30367E+01,4.30367E+01,4.30367E+01,4.30367E+01,4.30367E+01,4.30367E+01,4.30367E+01,1.40013E+01,4.30367E+01,4.30367E+01,4.30367E+01,9.04752E-01,4.30367E+01,4.30367E+01 
#t = 1.680E+03
4.30367E+01,4.30367E+01,4.30367E+01,4.30367E+01,4.30367E+01,4.30367E+01,4.30367E+01,4.30367E+01,4.30367E+01,4.30367E+01,4.30367E+01,4.30367E+01,4.30367E+01,4.30367E+01,4.30367E+01,4.30367E+01,4.30367E+01,4.30367E+01,4.30367E+01,4.30367E+01,4.30367E+01,4.30367E+01,4.30367E+01,4.30367E+01,4.30367E+01,4.30367E+01,4.30367E+01,4.30367E+01,4.30367E+01,4.30367E+01,4.30367E+01,4.30367E+01,4.30367E+01,4.30367E+01,9.57311E-01,4.30367E+01,4.30367E+01,4.30367E+01,4.30367E+01,4.30367E+01,4.30367E+01,4.30367E+01 
#t = 1.722E+03
4.30367E+01,4.30367E+01,4.30367E+01,4.30367E+01,4.30367E+01,4.30367E+01,4.30367E+01,4.30367E+01,4.30367E+01,4.30367E+01,4.30367E+01,4.30367E+01,4.30367E+01,1.33759E+01,4.30367E+01,4.30367E+01,4.30367E+01,1.33759E+01,4.30367E+01,4.30367E+01,9.38647E+00,4.30367E+01,4.30367E+01,4.30367E+01,4.30367E+01,4.30367E+01,4.30367E+01,4.30367E+01,4.30367E+01,4.30367E+01,4.30367E+01,4.30367E+01,4.30367E+01,4.30367E+01,4.30367E+01,4.30367E+01,4.30367E+01,4.30367E+01,4.30367E+01,1.54084E+00,5.75142E+00 
#t = 1.764E+03
4.30367E+01,4.30367E+01,4.30367E+01,4.30367E+01,4.30367E+01,4.30367E+01,4.30367E+01,4.30367E+01,4.30367E+01,4.30367E+01,4.30367E+01,4.30367E+01,4.30367E+01,4.30367E+01,4.30367E+01,4.30367E+01,4.30367E+01,4.30367E+01,4.30367E+01,4.30367E+01,4.30367E+01,4.30367E+01,4.30367E+01,4.30367E+01,4.30367E+01,4.30367E+01,4.30367E+01,4.30367E+01,4.30367E+01,4.30367E+01,4.30367E+01,4.30367E+01,4.30367E+01,4.30367E+01,4.30367E+01,4.30367E+01,4.30367E+01 
#t = 1.806E+03
4.30367E+01,4.30367E+01,4.30367E+01,4.30367E+01,4.30367E+01,4.30367E+01,4.30367E+01,4.30367E+01,4.30367E+01,4.30367E+01,4.30367E+01,4.30367E+01,4.30367E+01,4.30367E+01,4.30367E+01,4.30367E+01,4.30367E+01,4.30367E+01,4.30367E+01,4.30367E+01,4.30367E+01,4.30367E+01,4.30367E+01,4.30367E+01,4.30367E+01,4.30367E+01,4.30367E+01,5.90130E+01,4.30367E+01,4.30367E+01,4.30367E+01,4.30367E+01,4.30367E+01,4.30367E+01,4.30367E+01,4.30367E+01,4.30367E+01,4.30367E+01,1.46606E+00,4.30367E+01,4.30367E+01,1.02776E+00,4.30367E+01 
#t = 1.848E+03
4.30367E+01,4.30367E+01,5.90130E+01,4.30367E+01,4.30367E+01,4.30367E+01,4.30367E+01,4.30367E+01,4.30367E+01,4.30367E+01,4.30367E+01,4.30367E+01,4.30367E+01,4.30367E+01,1.26559E+01,4.30367E+01,4.30367E+01,4.30367E+01,2.12166E+01,4.30367E+01,4.30367E+01,2.12166E+01,4.30367E+01,2.12166E+01,4.30367E+01,4.30367E+01,4.30367E+01,1.26559E+01,1.93746E+00,4.30367E+01,2.12166E+01,4.30367E+01,4.30367E+01 
#t = 1.890E+03
4.30367E+01,4.30367E+01,4.30367E+01,4.30367E+01,4.30367E+01,4.30367E+01,4.30367E+01,4.30367E+01,4.30367E+01,4.30367E+01,4.30367E+01,7.44563E+00,4.30367E+01,4.30367E+01,4.30367E+01,4.30367E+01,4.30367E+01,4.30367E+01,4.30367E+01,5.90130E+01,4.30367E+01,4.30367E+01,4.30367E+01,4.30367E+01,4.30367E+01,4.30367E+01,4.70152E+00,4.30367E+01,4.30367E+01,4.30367E+01,4.30367E+01 
#t = 1.932E+03
4.30367E+01,4.30367E+01,4.30367E+01,4.30367E+01,4.30367E+01,4.30367E+01,4.30367E+01,4.30367E+01,4.30367E+01,1.28184E+01,4.30367E+01,4.30367E+01,4.30367E+01,4.30367E+01,4.30367E+01,4.30367E+01,4.30367E+01,4.30367E+01,4.30367E+01,4.30367E+01,4.30367E+01,4.30367E+01,4.30367E+01,2.94354E-01,4.30367E+01,4.30367E+01,4.30367E+01,4.30367E+01,4.30367E+01,4.30367E+01,4.30367E+01,4.30367E+01,4.30367E+01,4.30367E+01,3.42426E-01 
#t = 1.974E+03
4.30367E+01,4.30367E+01,4.30367E+01,4.30367E+01,4.30367E+01,4.30367E+01,4.30367E+01,4.30367E+01,4.30367E+01,4.30367E+01,4.30367E+01,4.30367E+01,4.30367E+01,4.30367E+01,4.30367E+01,4.30367E+01,4.30367E+01,4.30367E+01,4.30367E+01,4.30367E+01,1.08953E+01,4.30367E+01,4.30367E+01,4.30367E+01,4.30367E+01,4.30367E+01,4.30367E+01,4.30367E+01,4.30367E+01,4.30367E+01,4.30367E+01,6.18866E+00,4.30367E+01,4.30367E+01,4.30367E+01,4.30367E+01,8.73320E-01,4.30367E+01,4.30367E+01,4.30367E+01,4.30367E+01,5.71375E-01,4.30367E+01,4.30367E+01 
#t = 2.016E+03
4.30367E+01,4.30367E+01,4.30367E+01,4.30367E+01,4.30367E+01,4.30367E+01,4.30367E+01,4.30367E+01,4.30367E+01,4.30367E+01,4.30367E+01,4.30367E+01,4.30367E+01,4.30367E+01,4.30367E+01,4.30367E+01,4.30367E+01,4.30367E+01,4.30367E+01,4.30367E+01,4.30367E+01,4.30367E+01,4.30367E+01,4.30367E+01,4.30367E+01,4.30367E+01,1.68095E+01,4.30367E+01,4.30367E+01,4.30367E+01,4.30367E+01,8.93473E-02,4.30367E+01,4.30367E+01,4.30367E+01,4.30367E+01,1.18127E+00 
#t = 2.058E+03
4.30367E+01,4.30367E+01,4.30367E+01,4.30367E+01,4.30367E+01,4.30367E+01,4.30367E+01,4.30367E+01,4.30367E+01,4.30367E+01,4.30367E+01,4.30367E+01,4.30367E+01,4.30367E+01,4.30367E+01,4.30367E+01,4.30367E+01,4.30367E+01,4.30367E+01,4.30367E+01,4.30367E+01,4.30367E+01,4.30367E+01,4.30367E+01,4.30367E+01,4.30367E+01,4.30367E+01,4.30367E+01,4.30367E+01,4.30367E+01,4.30367E+01,4.30367E+01,4.30367E+01,4.30367E+01,4.30367E+01,4.30367E+01,4.30367E+01,4.30367E+01,4.30367E+01,4.30367E+01,4.30367E+01,4.30367E+01,4.30367E+01,4.30367E+01,4.30367E+01,4.30367E+01,4.30367E+01,4.30367E+01,4.30367E+01,4.30367E+01,4.30367E+01,4.30367E+01,4.30367E+01,4.04284E+01,4.30367E+01,4.30367E+01,4.30367E+01,4.30367E+01,4.30367E+01,4.30367E+01,4.30367E+01 
#t = 2.100E+03
4.30367E+01,4.30367E+01,4.30367E+01,4.30367E+01,4.30367E+01,4.30367E+01,4.30367E+01,4.30367E+01,4.30367E+01,4.30367E+01,4.30367E+01,4.30367E+01,4.30367E+01,4.30367E+01,4.30367E+01,4.30367E+01,4.30367E+01,4.30367E+01,4.30367E+01,4.30367E+01,4.30367E+01,4.30367E+01,4.30367E+01,4.30367E+01,6.14654E+00,4.30367E+01,4.30367E+01,4.30367E+01,4.30367E+01,4.30367E+01,4.30367E+01,4.30367E+01 
#t = 2.142E+03
4.30367E+01,4.30367E+01,4.30367E+01,4.30367E+01,4.30367E+01,4.30367E+01,4.30367E+01,4.30367E+01,4.30367E+01,4.30367E+01,4.30367E+01,4.30367E+01,4.30367E+01,4.30367E+01,4.30367E+01,4.30367E+01,1.53410E+01,4.30367E+01,4.30367E+01,4.30367E+01,4.30367E+01,4.30367E+01,4.30367E+01,4.30367E+01,8.98281E+01,4.30367E+01,4.30367E+01,4.30367E+01,4.30367E+01,4.30367E+01,4.30367E+01,4.30367E+01,4.30367E+01,2.98140E-01,4.30367E+01,1.19176E+00,4.30367E+01 
#t = 2.184E+03
4.30367E+01,4.30367E+01,4.30367E+01,4.30367E+01,4.30367E+01,8.98281E+01,4.30367E+01,4.30367E+01,4.30367E+01,4.30367E+01,4.30367E+01,2.66348E+01,4.30367E+01,4.30367E+01,4.30367E+01,4.30367E+01,4.30367E+01,4.30367E+01,4.30367E+01,4.30367E+01,4.30367E+01,4.30367E+01,4.30367E+01,4.30367E+01,4.30367E+01,8.98281E+01,4.30367E+01,4.30367E+01,4.30367E+01,4.30367E+01,4.30367E+01,4.30367E+01,4.30367E+01,4.30367E+01,4.30367E+01,4.30367E+01,4.30367E+01,4.30367E+01,4.30367E+01,4.30367E+01 
#t = 2.226E+03
4.30367E+01,4.30367E+01,4.30367E+01,4.30367E+01,4.30367E+01,1.59725E+01,4.30367E+01,4.30367E+01,4.30367E+01,6.00028E+00,1.10769E+01,4.30367E+01,1.46731E+01,1.42687E+01,4.30367E+01,1.42687E+01,4.30367E+01,8.24426E+00,4.30367E+01,4.30367E+01,4.30367E+01,4.30367E+01,4.30367E+01,2.66348E+01,4.30367E+01,4.30367E+01,4.30367E+01,4.30367E+01,4.30367E+01,4.30367E+01,4.30367E+01,4.30367E+01,4.30367E+01,1.46731E+01,4.30367E+01,4.30367E+01,4.30367E+01,1.10769E+01,4.30367E+01 
#t = 2.268E+03
4.30367E+01,4.30367E+01,1.10769E+01,4.30367E+01,4.30367E+01,4.30367E+01,4.30367E+01,4.30367E+01,4.30367E+01,4.30367E+01,4.30367E+01,1.42687E+01,4.30367E+01,4.30367E+01,4.30367E+01,4.30367E+01,4.30367E+01,4.30367E+01,4.30367E+01,4.30367E+01,4.98373E+01,4.30367E+01,4.30367E+01,4.30367E+01,4.98373E+01,4.98373E+01,4.30367E+01,4.30367E+01,4.30367E+01,4.30367E+01,1.79818E+00 
#t = 2.310E+03
1.10769E+01,4.30367E+01,4.30367E+01,4.98373E+01,4.30367E+01,4.30367E+01,4.30367E+01,4.30367E+01,4.30367E+01,4.30367E+01,4.30367E+01,4.30367E+01,4.98373E+01,4.30367E+01,4.98373E+01,4.30367E+01,4.30367E+01,4.30367E+01,4.30367E+01,4.30367E+01,4.30367E+01,4.30367E+01,4.30367E+01,4.30367E+01,4.30367E+01,1.40974E+00,4.30367E+01,7.52579E-01,4.30367E+01,4.30367E+01,4.98373E+01 
#t = 2.352E+03
4.30367E+01,4.30367E+01,4.30367E+01,4.30367E+01,4.30367E+01,4.30367E+01,4.30367E+01,4.30367E+01,4.30367E+01,4.30367E+01,1.57906E+01,4.30367E+01,1.57906E+01,1.57906E+01,4.30367E+01,4.30367E+01,4.30367E+01,4.30367E+01,4.30367E+01,4.30367E+01,1.12616E+01,1.57906E+01,1.57906E+01,4.30367E+01,1.57906E+01,4.30367E+01,4.30367E+01,4.30367E+01,1.57906E+01,4.30367E+01,4.30367E+01,4.30367E+01,4.30367E+01,4.30367E+01,4.61059E-01,7.75147E-01,4.30367E+01,3.07888E+00,4.30367E+01 
#t = 2.394E+03
1.57906E+01,1.57906E+01,4.30367E+01,4.30367E+01,4.30367E+01,4.30367E+01,2.12293E+01,4.30367E+01,4.30367E+01,4.30367E+01,4.30367E+01,4.30367E+01,1.57906E+01,4.30367E+01,4.30367E+01,4.30367E+01,2.12293E+01,1.57906E+01,4.30367E+01,4.30367E+01,4.30367E+01,4.30367E+01,4.30367E+01,4.30367E+01,4.30367E+01,4.30367E+01,4.30367E+01,4.30367E+01,4.30367E+01,4.30367E+01,4.30367E+01,4.30367E+01,4.30367E+01,4.30367E+01,3.37694E+00,4.30367E+01 
#t = 2.436E+03
4.30367E+01,1.57906E+01,4.30367E+01,4.30367E+01,4.30367E+01,4.30367E+01,2.12293E+01,1.57906E+01,4.30367E+01,4.30367E+01,1.31986E+01,1.57906E+01,4.30367E+01,2.12293E+01,1.57906E+01,4.30367E+01,4.30367E+01,4.30367E+01,7.50149E+00,4.30367E+01,4.30367E+01,1.31986E+01,4.30367E+01,4.30367E+01,6.26235E-01,7.13122E+00,4.30367E+01,1.57906E+01,4.30367E+01 
#t = 2.478E+03
4.30367E+01,4.30367E+01,4.30367E+01,4.30367E+01,4.30367E+01,4.30367E+01,1.57906E+01,4.30367E+01,4.30367E+01,4.30367E+01,4.30367E+01,4.30367E+01,4.30367E+01,4.30367E+01,4.30367E+01,4.30367E+01,4.30367E+01,1.57906E+01,4.30367E+01,4.30367E+01,4.30367E+01,4.30367E+01,4.30367E+01,4.30367E+01,4.30367E+01,4.30367E+01,4.30367E+01,4.30367E+01,4.30367E+01,4.30367E+01,4.30367E+01,4.30367E+01,4.30367E+01,4.30367E+01,4.30367E+01,4.30367E+01,4.30367E+01,5.22778E-01,4.30367E+01,4.30367E+01 
#t = 2.520E+03
4.30367E+01,4.30367E+01,4.30367E+01,4.30367E+01,4.30367E+01,4.30367E+01,4.30367E+01,4.30367E+01,4.30367E+01,4.30367E+01,4.30367E+01,4.30367E+01,4.30367E+01,4.30367E+01,4.30367E+01,4.30367E+01,4.30367E+01,4.30367E+01,4.30367E+01,4.30367E+01,4.30367E+01,7.88151E+00,4.30367E+01,4.30367E+01,9.51374E+00,5.30520E+01,5.30520E+01,4.30367E+01,4.30367E+01,4.30367E+01,5.30520E+01,4.30367E+01,4.30367E+01,5.30520E+01,4.30367E+01,4.30367E+01,4.57593E+00,4.30367E+01,4.30367E+01,4.30367E+01,4.30367E+01,4.30367E+01 
#t = 2.562E+03
4.30367E+01,4.30367E+01,4.30367E+01,4.30367E+01,4.30367E+01,4.30367E+01,4.30367E+01,5.30520E+01,4.30367E+01,4.30367E+01,5.30520E+01,4.30367E+01,4.30367E+01,4.30367E+01,4.30367E+01,5.30520E+01,5.30520E+01,4.30367E+01,4.30367E+01,4.30367E+01,5.30520E+01,4.30367E+01,4.30367E+01,4.30367E+01,5.30520E+01,4.30367E+01,5.30520E+01,2.26319E+00,4.30367E+01,4.30367E+01,4.30367E+01,5.30520E+01,5.30520E+01,4.30367E+01,2.81319E+00,4.30367E+01,4.30367E+01,4.64780E-01,5.30520E+01,4.30367E+01 
#t = 2.604E+03
4.30367E+01,4.30367E+01,4.30367E+01,5.30520E+01,4.30367E+01,4.30367E+01,4.30367E+01,4.30367E+01,4.30367E+01,4.30367E+01,4.30367E+01,4.30367E+01,5.30520E+01,4.30367E+01,5.30520E+01,4.30367E+01,4.30367E+01,4.30367E+01,4.30367E+01,5.30520E+01,5.30520E+01,4.30367E+01,4.30367E+01,4.30367E+01,5.30520E+01,4.30367E+01,5.30520E+01,4.30367E+01,4.30367E+01,4.30367E+01,4.30367E+01,4.30367E+01,5.30520E+01,5.30520E+01,4.30367E+01,4.30367E+01,4.30367E+01,4.30367E+01,5.30520E+01,4.30367E+01,4.30367E+01,1.00060E+00,4.99797E-01,4.30367E+01,4.30367E+01,4.30367E+01 
#t = 2.646E+03
4.30367E+01,4.30367E+01,4.30367E+01,4.30367E+01,4.30367E+01,4.30367E+01,4.30367E+01,4.30367E+01,4.30367E+01,4.30367E+01,4.30367E+01,4.30367E+01,4.30367E+01,4.30367E+01,4.30367E+01,4.30367E+01,4.30367E+01,4.30367E+01,4.30367E+01,4.30367E+01,4.30367E+01,4.30367E+01,4.30367E+01,4.30367E+01,4.30367E+01,4.30367E+01,1.19851E+00,4.30367E+01,4.30367E+01,4.30367E+01,4.30367E+01,4.30367E+01,4.30367E+01,4.30367E+01,2.90062E-01,4.30367E+01,4.30367E+01,4.30367E+01,4.30367E+01,1.02716E+00 
#t = 2.688E+03
4.30367E+01,4.30367E+01,4.30367E+01,4.30367E+01,4.30367E+01,4.30367E+01,4.30367E+01,4.30367E+01,4.30367E+01,4.30367E+01,4.30367E+01,4.30367E+01,4.30367E+01,4.30367E+01,5.32492E+01,4.30367E+01,4.30367E+01,4.30367E+01,4.30367E+01,4.30367E+01,3.05050E+01,4.30367E+01,4.30367E+01,8.32791E+00,4.30367E+01,4.30367E+01,4.30367E+01,4.30367E+01,1.49470E+01,3.05050E+01,4.30367E+01,4.30367E+01,4.30367E+01,4.30367E+01,4.30367E+01 
#t = 2.730E+03
4.30367E+01,4.30367E+01,4.30367E+01,4.30367E+01,3.05050E+01,4.30367E+01,4.30367E+01,4.30367E+01,4.30367E+01,1.49470E+01,4.30367E+01,4.30367E+01,4.30367E+01,4.30367E+01,4.30367E+01,4.30367E+01,4.30367E+01,4.30367E+01,4.30367E+01,4.30367E+01,4.30367E+01,4.30367E+01,4.30367E+01,4.30367E+01,1.84698E+00,1.49470E+01,4.30367E+01,4.30367E+01,4.30367E+01,4.30367E+01,3.05050E+01,1.32605E+00,4.30367E+01,4.30367E+01,3.05050E+01,4.30367E+01,4.30367E+01,4.30367E+01,6.34064E+00,4.30367E+01,4.30367E+01,1.36176E+00,4.30367E+01 
#t = 2.772E+03
4.30367E+01,4.30367E+01,4.30367E+01,4.30367E+01,4.30367E+01,4.30367E+01,4.30367E+01,4.30367E+01,4.30367E+01,4.30367E+01,4.30367E+01,4.30367E+01,4.30367E+01,4.30367E+01,4.30367E+01,4.30367E+01,4.30367E+01,4.30367E+01,4.30367E+01,4.30367E+01,4.30367E+01,4.30367E+01,4.30367E+01,1.45555E+00,1.29903E+00,4.30367E+01,4.30367E+01,4.30367E+01,4.30367E+01,4.30367E+01 
#t = 2.814E+03
4.30367E+01,4.30367E+01,4.30367E+01,4.30367E+01,4.30367E+01,4.30367E+01,4.30367E+01,4.30367E+01,4.30367E+01,4.30367E+01,4.30367E+01,4.30367E+01,4.30367E+01,4.30367E+01,4.30367E+01,4.30367E+01,4.30367E+01,4.30367E+01,4.30367E+01,4.30367E+01,4.30367E+01,4.30367E+01,4.30367E+01,1.17297E+01,4.30367E+01,4.30367E+01,4.30367E+01,4.30367E+01,4.30367E+01,4.30367E+01,2.19567E+01,4.30367E+01,4.30367E+01,2.46118E+00,4.30367E+01,4.30367E+01,4.30367E+01,4.30367E+01,4.19899E+00,4.30367E+01 
#t = 2.856E+03
4.30367E+01,4.30367E+01,4.30367E+01,4.30367E+01,4.30367E+01,4.30367E+01,4.30367E+01,4.30367E+01,4.30367E+01,4.30367E+01,4.30367E+01,4.30367E+01,4.30367E+01,4.30367E+01,4.30367E+01,4.30367E+01,4.30367E+01,4.30367E+01,4.30367E+01,4.30367E+01,4.30367E+01,4.30367E+01,4.30367E+01,4.30367E+01,4.30367E+01,4.30367E+01,4.30367E+01,4.30367E+01,4.30367E+01,4.30367E+01,4.30367E+01,4.30367E+01,4.30367E+01,4.30367E+01,4.30367E+01,4.30367E+01,4.30367E+01,4.30367E+01,4.30367E+01,4.30367E+01,4.30367E+01,3.06578E-01,4.30367E+01 
#t = 2.898E+03
4.30367E+01,4.30367E+01,4.30367E+01,4.30367E+01,4.30367E+01,4.30367E+01,4.30367E+01,4.30367E+01,4.30367E+01,4.30367E+01,4.30367E+01,4.30367E+01,4.30367E+01,4.30367E+01,4.30367E+01,4.30367E+01,4.30367E+01,4.30367E+01,6.57047E-01,4.30367E+01,4.30367E+01,3.74544E+00,4.30367E+01,4.30367E+01,4.30367E+01,4.30367E+01,4.30367E+01,4.30367E+01,2.99332E-01,4.30367E+01,4.30367E+01,4.30367E+01,4.30367E+01 
#t = 2.940E+03
4.30367E+01,4.30367E+01,4.30367E+01,4.30367E+01,4.30367E+01,4.30367E+01,4.30367E+01,4.30367E+01,4.30367E+01,4.30367E+01,4.30367E+01,4.30367E+01,4.30367E+01,4.30367E+01,4.30367E+01,4.30367E+01,4.30367E+01,4.30367E+01,4.30367E+01,4.31933E+00,4.30367E+01,4.30367E+01,4.30367E+01,4.30367E+01,4.30367E+01,4.30367E+01,4.30367E+01,4.30367E+01,4.30367E+01,8.58199E-01,4.30367E+01,4.30367E+01,4.30367E+01,4.30367E+01,4.30367E+01,4.30367E+01,4.30367E+01,4.30367E+01,4.30367E+01,4.30367E+01,4.30367E+01,4.30367E+01,4.30367E+01 
#t = 2.982E+03
4.30367E+01,4.30367E+01,4.30367E+01,4.30367E+01,4.30367E+01,4.30367E+01,4.30367E+01,4.30367E+01,4.30367E+01,4.30367E+01,4.30367E+01,4.30367E+01,4.30367E+01,4.30367E+01,4.30367E+01,4.30367E+01,4.30367E+01,4.30367E+01,4.30367E+01,4.30367E+01,4.30367E+01,4.30367E+01,4.30367E+01,4.30367E+01,4.30367E+01,4.30367E+01,4.30367E+01,4.30367E+01,4.30367E+01,4.30367E+01,4.30367E+01,4.30367E+01,4.30367E+01,9.80914E+00,1.15637E+01,4.30367E+01,4.30367E+01,1.15637E+01,4.30367E+01,2.85258E+01,4.30367E+01,3.44619E-01,4.30367E+01,4.30367E+01,4.30367E+01,4.30367E+01,1.15637E+01,4.30367E+01,4.30367E+01,4.30367E+01,4.30367E+01,4.30367E+01,4.30367E+01 
#t = 3.024E+03
4.30367E+01,4.30367E+01,4.30367E+01,4.30367E+01,4.30367E+01,4.30367E+01,4.30367E+01,4.30367E+01,4.30367E+01,4.30367E+01,4.30367E+01,2.85258E+01,4.30367E+01,4.30367E+01,4.30367E+01,4.30367E+01,4.30367E+01,4.30367E+01,4.30367E+01,4.30367E+01,4.30367E+01,4.30367E+01,4.30367E+01,4.30367E+01,4.30367E+01,4.30367E+01,4.30367E+01,4.30367E+01,4.30367E+01,4.30367E+01,4.30367E+01,4.30367E+01,4.30367E+01,4.30367E+01,4.30367E+01,4.30367E+01,4.30367E+01,2.75518E+00,4.30367E+01 
#t = 3.066E+03
4.30367E+01,4.30367E+01,4.30367E+01,4.30367E+01,4.30367E+01,4.30367E+01,4.48560E+01,4.30367E+01,4.30367E+01,4.30367E+01,4.30367E+01,4.48560E+01,4.07584E+01,4.30367E+01,4.30367E+01,4.30367E+01,4.30367E+01,4.07584E+01,4.30367E+01,4.30367E+01,4.30367E+01,4.30367E+01,4.07584E+01,5.14785E+00,4.30367E+01,4.30367E+01,4.30367E+01,4.30367E+01,4.30367E+01,4.30367E+01,4.30367E+01,4.07584E+01,4.39121E+00,4.30367E+01,4.30367E+01,4.07584E+01,4.30367E+01,4.30367E+01,4.07584E+01,4.30367E+01,4.07584E+01 
#t = 3.108E+03
4.30367E+01,4.30367E+01,4.30367E+01,4.30367E+01,4.30367E+01,4.30367E+01,4.30367E+01,4.30367E+01,4.07584E+01,4.30367E+01,4.30367E+01,4.30367E+01,4.30367E+01,4.30367E+01,4.30367E+01,3.51259E+01,4.30367E+01,4.30367E+01,4.30367E+01,4.30367E+01,4.30367E+01,4.30367E+01,4.30367E+01,4.30367E+01,4.30367E+01,4.30367E+01,4.30367E+01,4.30367E+01,4.07584E+01,4.30367E+01,4.30367E+01,4.30367E+01,4.30367E+01,2.55468E-01,4.30367E+01,4.30367E+01,4.30367E+01,4.30367E+01,2.29976E-01,4.30367E+01,4.30367E+01,4.07584E+01,4.07584E+01,3.32025E-01,4.07584E+01,4.30367E+01,4.30367E+01,4.30367E+01 
#t = 3.150E+03
4.30367E+01,4.30367E+01,4.30367E+01,4.30367E+01,4.30367E+01,4.30367E+01,4.30367E+01,4.30367E+01,4.30367E+01,4.30367E+01,4.30367E+01,1.08483E+01,4.30367E+01,4.30367E+01,4.30367E+01,4.30367E+01,4.30367E+01,4.30367E+01,4.30367E+01,1.13034E+01,4.07584E+01,4.30367E+01,4.30367E+01,4.30367E+01,4.30367E+01,4.30367E+01,4.07584E+01,4.30367E+01,3.46864E+01,4.30367E+01,4.30367E+01,4.30367E+01,4.30367E+01,4.30367E+01,4.30367E+01,4.30367E+01,4.30367E+01,4.30367E+01,4.30367E+01,4.30367E+01 
#t = 3.192E+03
4.30367E+01,4.30367E+01,4.07584E+01,4.30367E+01,4.30367E+01,4.30367E+01,4.30367E+01,4.30367E+01,4.30367E+01,4.30367E+01,4.30367E+01,4.30367E+01,4.30367E+01,3.46864E+01,4.30367E+01,3.46864E+01,4.30367E+01,4.30367E+01,4.30367E+01,4.30367E+01,4.30367E+01,4.30367E+01,4.30367E+01,4.30367E+01,4.30367E+01,4.30367E+01,4.30367E+01,4.30367E+01,4.30367E+01,4.30367E+01,4.30367E+01,4.30367E+01,4.30367E+01,4.30367E+01,4.30367E+01,4.30367E+01,4.30367E+01,4.07584E+01,4.30367E+01,4.30367E+01,4.30367E+01,4.30367E+01,4.30367E+01,4.30367E+01,4.30367E+01,4.30367E+01,2.37215E-01,1.18318E-01 
#t = 3.234E+03
4.30367E+01,4.30367E+01,3.46864E+01,4.30367E+01,4.30367E+01,4.30367E+01,4.30367E+01,4.30367E+01,4.30367E+01,4.30367E+01,4.30367E+01,4.30367E+01,4.30367E+01,4.30367E+01,4.30367E+01,4.30367E+01,4.30367E+01,4.30367E+01,4.30367E+01,4.30367E+01,4.30367E+01,4.30367E+01,3.46864E+01,4.30367E+01,4.30367E+01,4.30367E+01,3.46864E+01,4.30367E+01,1.46173E+01,4.30367E+01,4.30367E+01,4.30367E+01,4.30367E+01,4.30367E+01,4.30367E+01,2.64494E+00,4.30367E+01,4.30367E+01,4.30367E+01,3.50579E-01,3.46864E+01 
#t = 3.276E+03
4.30367E+01,4.30367E+01,4.30367E+01,4.30367E+01,4.30367E+01,4.30367E+01,4.30367E+01,4.30367E+01,4.30367E+01,4.30367E+01,4.30367E+01,4.30367E+01,4.30367E+01,4.30367E+01,4.30367E+01,4.30367E+01,4.30367E+01,4.30367E+01,4.30367E+01,4.30367E+01,4.30367E+01,4.30367E+01,3.35536E+00,4.30367E+01,2.03702E+00,4.30367E+01,9.91213E-01,4.30367E+01 
#t = 3.318E+03
4.30367E+01,4.30367E+01,4.30367E+01,4.30367E+01,4.30367E+01,4.30367E+01,1.66794E+01,4.30367E+01,4.30367E+01,4.30367E+01,4.30367E+01,4.30367E+01,4.30367E+01,4.30367E+01,4.30367E+01,4.30367E+01,4.30367E+01,4.30367E+01,4.30367E+01,4.30367E+01,4.30367E+01,4.30367E+01,4.30367E+01,4.30367E+01,4.30367E+01,3.01967E+01,4.30367E+01,4.30367E+01,4.34921E-01,4.30367E+01,4.30367E+01,4.30367E+01,4.30367E+01,1.34202E-01,4.30367E+01,1.83905E+00 
#t = 3.360E+03
4.30367E+01,3.01967E+01,4.30367E+01,4.30367E+01,1.26591E+01,4.30367E+01,4.30367E+01,4.30367E+01,4.30367E+01,4.30367E+01,4.30367E+01,4.30367E+01,4.30367E+01,4.30367E+01,4.30367E+01,4.30367E+01,4.30367E+01,4.30367E+01,4.30367E+01,4.30367E+01,1.26591E+01,9.41608E+00,5.46492E+00,4.30367E+01,4.30367E+01,4.30367E+01,3.69751E+00,4.30367E+01,4.30367E+01,1.43000E+01,4.30367E+01,4.30367E+01,4.30367E+01,4.30367E+01,4.30367E+01 
#t = 3.402E+03
4.30367E+01,4.30367E+01,4.30367E+01,4.30367E+01,4.30367E+01,4.30367E+01,3.01967E+01,1.26591E+01,4.30367E+01,4.30367E+01,1.26591E+01,4.30367E+01,3.01967E+01,4.30367E+01,6.87923E+00,4.30367E+01,4.30367E+01,4.30367E+01,4.30367E+01,4.30367E+01,4.30367E+01,4.30367E+01,4.30367E+01,4.30367E+01,4.30367E+01,4.30367E+01,4.30367E+01,4.30367E+01,1.26591E+01,4.30367E+01,4.30367E+01,4.30367E+01,4.30367E+01,4.30367E+01,1.26591E+01,4.30367E+01,4.30367E+01,4.30367E+01,1.26591E+01 
#t = 3.444E+03
4.30367E+01,4.30367E+01,4.30367E+01,4.30367E+01,4.30367E+01,3.01967E+01,4.30367E+01,4.30367E+01,4.30367E+01,3.01967E+01,4.30367E+01,3.01967E+01,3.01967E+01,4.30367E+01,3.01967E+01,4.30367E+01,4.30367E+01,3.01967E+01,3.01967E+01,4.30367E+01,4.30367E+01,4.30367E+01,3.01967E+01,4.30367E+01,4.30367E+01,4.30367E+01,4.30367E+01,4.30367E+01,4.30367E+01,4.30367E+01,4.30367E+01,4.30367E+01,4.30367E+01,4.28417E-01,4.30367E+01,3.01967E+01,4.91846E-01,1.38133E-01 
#t = 3.486E+03
4.30367E+01,4.30367E+01,4.30367E+01,4.30367E+01,4.30367E+01,4.30367E+01,4.30367E+01,4.30367E+01,1.00087E+02,4.30367E+01,4.30367E+01,4.30367E+01,4.30367E+01,4.30367E+01,4.30367E+01,3.01967E+01,2.12124E+01,3.01967E+01,4.30367E+01,4.30367E+01,4.30367E+01,4.30367E+01,3.01967E+01,4.30367E+01,4.30367E+01,4.30367E+01,1.00087E+02,4.30367E+01,4.30367E+01,4.30367E+01,4.30367E+01,3.01967E+01,4.30367E+01,1.56661E+01,7.03394E-01,1.56661E+01,4.30367E+01 
#t = 3.528E+03
4.30367E+01,4.30367E+01,1.00087E+02,4.30367E+01,4.30367E+01,4.30367E+01,4.30367E+01,4.30367E+01,4.30367E+01,4.30367E+01,1.16579E+01,4.30367E+01,4.30367E+01,2.12124E+01,4.30367E+01,4.30367E+01,4.30367E+01,1.00087E+02,4.30367E+01,3.01967E+01,4.30367E+01,4.30367E+01,1.16579E+01,4.30367E+01,4.30367E+01,4.30367E+01,4.30367E+01,4.30367E+01,1.00087E+02,4.30367E+01,4.30367E+01,1.14255E+00,4.30367E+01,4.30367E+01,2.12124E+01,4.30367E+01,4.30367E+01,4.30367E+01,2.39219E-01,4.30367E+01,4.30367E+01 
#t = 3.570E+03
4.30367E+01,4.30367E+01,2.12124E+01,1.00087E+02,2.61891E+01,4.30367E+01,4.30367E+01,4.30367E+01,4.30367E+01,4.30367E+01,4.30367E+01,4.30367E+01,1.00087E+02,4.30367E+01,4.30367E+01,4.30367E+01,1.00087E+02,4.30367E+01,4.30367E+01,1.00087E+02,4.30367E+01,1.00087E+02,4.30367E+01,2.12124E+01,4.30367E+01,1.00087E+02,4.30367E+01,1.00087E+02,4.30367E+01,1.00087E+02,2.11216E-01,4.30367E+01 
#t = 3.612E+03
1.00087E+02,4.30367E+01,4.30367E+01,1.00087E+02,4.30367E+01,1.00087E+02,2.66777E+01,4.30367E+01,1.09697E+01,1.00087E+02,1.00087E+02,4.30367E+01,4.30367E+01,1.00087E+02,1.00087E+02,4.30367E+01,4.30367E+01,7.65180E+00,4.30367E+01,4.30367E+01,6.35079E+00,4.30367E+01,4.30367E+01,8.00320E+00,4.30367E+01,4.30367E+01,4.30367E+01,4.30367E+01,2.12124E+01,4.30367E+01,4.30367E+01,4.30367E+01,4.30367E+01,1.00087E+02,4.30367E+01,4.30367E+01,1.00087E+02,4.30367E+01,1.00087E+02 
#t = 3.654E+03
4.30367E+01,4.30367E+01,1.00087E+02,4.30367E+01,1.00087E+02,4.30367E+01,1.00087E+02,1.00087E+02,1.00087E+02,4.30367E+01,1.00087E+02,1.00087E+02,1.00087E+02,1.00087E+02,4.30367E+01,4.30367E+01,1.00087E+02,1.00087E+02,1.00087E+02,4.30367E+01,1.00087E+02,1.00087E+02,1.00087E+02,1.00087E+02,4.30367E+01,4.30367E+01,1.96139E+01,1.00087E+02,1.00087E+02,1.03170E+01,1.00087E+02,4.30367E+01,1.00087E+02,1.00087E+02,1.00087E+02,1.00087E+02,1.00087E+02,1.00087E+02,1.00087E+02,1.00087E+02,6.05310E-01,1.00087E+02,1.00087E+02 
#t = 3.696E+03
1.00087E+02,1.00087E+02,1.00087E+02,1.00087E+02,1.96139E+01,1.00087E+02,1.00087E+02,1.00087E+02,1.00087E+02,1.00087E+02,1.00087E+02,1.00087E+02,1.00087E+02,1.00087E+02,1.00087E+02,1.00087E+02,4.30367E+01,1.00087E+02,1.00087E+02,1.00087E+02,1.00087E+02,1.00087E+02,1.72750E+01,1.00087E+02,4.30367E+01,1.00087E+02,1.00087E+02,4.30367E+01,1.00087E+02,1.00087E+02,1.00087E+02,1.00087E+02,1.96139E+01,3.87240E-01,8.07714E+00,1.00087E+02,1.00087E+02,1.12550E+00,1.00087E+02,4.29850E+00,1.00087E+02,1.00087E+02,2.51505E+01 
#t = 3.738E+03
1.00087E+02,1.00087E+02,2.51505E+01,1.00087E+02,1.00087E+02,1.00087E+02,4.30367E+01,1.00087E+02,4.30367E+01,4.30367E+01,1.00087E+02,1.00087E+02,1.00087E+02,1.00087E+02,1.00087E+02,1.00087E+02,2.51505E+01,1.96139E+01,1.00087E+02,1.00087E+02,1.00087E+02,1.00087E+02,1.00087E+02,1.00087E+02,1.00087E+02,1.00087E+02,1.00087E+02,1.00087E+02,4.30367E+01,1.00087E+02,1.00087E+02,1.00087E+02,1.00087E+02,1.00087E+02,1.00087E+02,1.00087E+02,4.30367E+01,1.00087E+02,1.00087E+02,1.00087E+02,1.00087E+02,1.00087E+02,2.51505E+01,1.00087E+02,1.00087E+02,1.00087E+02,2.01445E+01,6.07398E-01 
#t = 3.780E+03
2.51505E+01,1.00087E+02,1.96139E+01,1.00087E+02,2.51505E+01,1.00087E+02,1.00087E+02,2.51505E+01,1.00087E+02,1.00087E+02,1.00087E+02,1.00087E+02,1.00087E+02,1.00087E+02,5.88014E+00,2.51505E+01,1.00087E+02,1.00087E+02,1.00087E+02,1.00087E+02,1.00087E+02,2.51505E+01,1.00087E+02,1.18877E+01,1.00087E+02,5.55389E+02,1.00087E+02,2.51505E+01,1.00087E+02,2.61943E+00,1.00087E+02,1.00087E+02,2.51505E+01,1.00087E+02,1.00087E+02,1.00087E+02 
#t = 3.822E+03
2.51505E+01,1.18877E+01,1.00087E+02,1.00087E+02,1.00087E+02,1.96139E+01,1.00087E+02,1.96139E+01,1.00087E+02,1.96139E+01,1.18877E+01,1.00087E+02,1.00087E+02,1.00087E+02,1.00087E+02,1.00087E+02,2.51505E+01,1.00087E+02,2.93674E+01,1.00087E+02,2.51505E+01,1.00087E+02,2.51505E+01,1.96139E+01,1.00087E+02,1.00087E+02,1.96139E+01,1.96139E+01,1.00087E+02,1.00087E+02,1.00087E+02,6.75066E-01,1.00087E+02,1.96139E+01,1.00087E+02,1.00087E+02,2.53679E+01,1.00087E+02,4.52904E+00 
#t = 3.864E+03
1.00087E+02,1.00087E+02,1.96139E+01,1.00087E+02,1.00087E+02,1.00087E+02,1.00087E+02,1.00087E+02,1.96139E+01,1.00087E+02,1.00087E+02,1.00087E+02,1.00087E+02,1.00087E+02,1.00087E+02,1.00087E+02,1.00087E+02,7.51401E+00,1.00087E+02,1.00087E+02,1.00087E+02,1.00087E+02,1.96139E+01,1.00087E+02,1.00087E+02,1.00087E+02,1.00087E+02,1.00087E+02,1.96139E+01,1.00087E+02,1.96139E+01,1.96139E+01,1.00087E+02,1.00087E+02,1.00087E+02,1.00087E+02,1.00087E+02,1.00087E+02,1.00087E+02,1.00087E+02,1.00087E+02,1.96139E+01,1.96139E+01,1.00087E+02,1.00087E+02,1.00087E+02,1.96139E+01,1.00087E+02,8.36567E-01,4.89855E-01,2.69568E+00,1.00087E+02 
#t = 3.906E+03
1.00087E+02,1.00087E+02,1.00087E+02,1.00087E+02,1.00087E+02,1.00087E+02,1.00087E+02,1.00087E+02,1.00087E+02,1.00087E+02,1.96139E+01,1.00087E+02,1.00087E+02,1.00087E+02,1.00087E+02,1.00087E+02,1.00087E+02,3.80183E+01,1.00087E+02,1.00087E+02,1.00087E+02,1.00087E+02,1.00087E+02,1.96139E+01,1.00087E+02,1.00087E+02,1.00087E+02,1.00087E+02,1.00087E+02,1.00087E+02,1.00087E+02,1.00087E+02,1.00087E+02,1.00087E+02,1.00087E+02,5.42355E+00,1.00087E+02,1.00087E+02,1.10679E+02,1.00087E+02,1.00087E+02,1.00087E+02,1.00087E+02 
#t = 3.948E+03
1.00087E+02,1.00087E+02,1.00087E+02,1.00087E+02,1.00087E+02,3.80183E+01,1.42256E+01,1.00087E+02,1.96139E+01,1.96139E+01,1.42256E+01,1.20535E+01,1.00087E+02,1.00087E+02,1.00087E+02,1.10679E+02,1.00087E+02,1.00087E+02,1.00087E+02,1.00087E+02,3.19859E+00,3.80183E+01,1.00087E+02,1.00087E+02,1.00087E+02,1.00087E+02,1.00087E+02,1.00087E+02,3.80183E+01,1.00087E+02,1.00087E+02,7.77542E-01,3.80183E+01,1.00087E+02,1.00087E+02,1.00087E+02 
#t = 3.990E+03
1.00087E+02,1.00087E+02,1.00087E+02,1.00087E+02,1.00087E+02,1.00087E+02,1.00087E+02,1.00087E+02,1.00087E+02,1.00087E+02,1.00087E+02,1.00087E+02,1.00087E+02,1.00087E+02,1.00087E+02,3.80183E+01,1.00087E+02,1.00087E+02,1.00087E+02,1.00087E+02,1.00087E+02,1.00087E+02,1.00087E+02,1.00087E+02,1.00087E+02,1.80885E-01,1.00087E+02,1.00087E+02,1.00087E+02,1.00087E+02,1.00087E+02,1.00087E+02,1.00087E+02,1.00087E+02,1.00087E+02,1.00087E+02,1.00087E+02,1.00087E+02,1.00087E+02,1.00087E+02,1.00087E+02,1.00087E+02,5.04955E-02,1.00087E+02,1.00087E+02,1.00087E+02,1.00087E+02 
#t = 4.032E+03
1.00087E+02,1.00087E+02,1.00087E+02,1.00087E+02,1.00087E+02,1.00087E+02,1.00087E+02,1.00087E+02,1.00087E+02,1.00087E+02,1.00087E+02,1.00087E+02,1.00087E+02,1.00087E+02,1.00087E+02,1.00087E+02,1.00087E+02,1.00087E+02,1.00087E+02,1.00087E+02,1.00087E+02,1.00087E+02,1.00087E+02,1.00087E+02,1.00087E+02,1.00087E+02,1.00087E+02,1.34485E+00,1.00087E+02,5.42670E+00,1.00087E+02,1.00087E+02,1.00087E+02,1.31769E+00,1.00087E+02,1.91767E+01,1.00087E+02,1.00087E+02,1.09501E+00 
#t = 4.074E+03
1.00087E+02,1.00087E+02,1.00087E+02,1.00087E+02,1.00087E+02,1.00087E+02,1.00087E+02,1.00087E+02,1.00087E+02,1.00087E+02,1.00087E+02,1.00087E+02,1.00087E+02,1.00087E+02,1.00087E+02,1.00087E+02,1.00087E+02,1.00087E+02,1.00087E+02,1.00087E+02,1.00087E+02,1.00087E+02,1.00087E+02,1.00087E+02,1.00087E+02,1.00087E+02,1.00087E+02,1.00087E+02,1.00087E+02,1.00087E+02,1.00087E+02,1.00087E+02,1.00087E+02,1.00087E+02,1.00087E+02,1.00087E+02,1.00087E+02,1.00087E+02,6.88600E-01,1.00087E+02,1.00087E+02,1.00087E+02,1.00087E+02,1.00087E+02,1.00087E+02,1.00087E+02,1.00087E+02,1.00087E+02,1.00087E+02,1.00087E+02,1.00087E+02,1.00087E+02,1.00087E+02 
#t = 4.116E+03
1.00087E+02,1.00087E+02,1.00087E+02,1.00087E+02,1.00087E+02,1.00087E+02,1.00087E+02,1.00087E+02,1.00087E+02,1.00087E+02,1.00087E+02,1.00087E+02,1.00087E+02,1.00087E+02,9.77503E+00,1.00087E+02,1.00087E+02,1.00087E+02,1.00087E+02,1.00087E+02,1.00087E+02,1.00087E+02,1.00087E+02,1.00087E+02,1.00087E+02,1.00087E+02,1.00087E+02,1.00087E+02,1.00087E+02,1.00087E+02,3.89928E+00,1.00087E+02,4.76065E+00,1.00087E+02,1.00087E+02,1.00087E+02,1.00087E+02,1.00087E+02,1.00087E+02,1.00087E+02,1.00087E+02,1.38130E+00 
#t = 4.158E+03
1.00087E+02,1.00087E+02,1.00087E+02,1.00087E+02,1.00087E+02,1.00087E+02,1.00087E+02,1.00087E+02,1.00087E+02,1.00087E+02,1.00087E+02,1.00087E+02,1.00087E+02,1.00087E+02,1.00087E+02,1.00087E+02,1.00087E+02,1.00087E+02,1.00087E+02,1.00087E+02,1.00087E+02,1.00087E+02,1.00087E+02,6.77123E+00,1.00087E+02,1.00087E+02,1.00087E+02,1.00087E+02,1.00087E+02,1.00087E+02,1.00087E+02,4.84870E-01,1.00087E+02,1.00087E+02,4.29981E-01,1.00087E+02,1.00087E+02,1.00087E+02,7.61253E-01,1.00087E+02,1.00087E+02,1.00087E+02,1.00087E+02,1.00087E+02,1.00087E+02 
#t = 4.200E+03
1.00087E+02,1.00087E+02,1.00087E+02,1.00087E+02,1.00087E+02,1.00087E+02,1.00087E+02,1.00087E+02,5.65945E+00,1.00087E+02,1.00087E+02,1.00087E+02,1.00087E+02,1.00087E+02,1.00087E+02,1.00087E+02,1.00087E+02,1.00087E+02,1.00087E+02,1.00087E+02,1.00087E+02,1.00087E+02,1.00087E+02,1.00087E+02,1.00087E+02,1.00087E+02,1.00087E+02,1.00087E+02,1.00087E+02,1.00087E+02,1.00087E+02,1.00087E+02,1.00087E+02,1.00087E+02,1.00087E+02,1.00087E+02,1.00087E+02,1.00087E+02,1.00087E+02,1.00087E+02 
