#t = 0.000E+00
1.23389E+00,4.46039E-01,3.22712E-01,1.46938E+00,9.60836E-01 
#t = 4.200E+01
1.20546E+00,1.85464E-01 
#t = 8.400E+01
4.80726E+01,4.80726E+01,4.80726E+01,4.80726E+01,4.80726E+01,2.93090E+00,4.80726E+01,1.34059E+00,4.80726E+01 
#t = 1.260E+02
4.80726E+01,4.80726E+01,4.80726E+01,4.80726E+01,4.80726E+01,4.80726E+01,4.80726E+01,1.13964E+01,4.80726E+01,4.80726E+01,4.80726E+01,4.80726E+01,4.80726E+01,1.13964E+01,6.03883E+00,5.13148E+00,4.80726E+01,4.80726E+01 
#t = 1.680E+02
4.80726E+01,4.80726E+01,4.80726E+01,4.80726E+01,4.80726E+01,4.80726E+01,4.80726E+01,4.80726E+01,4.80726E+01,4.80726E+01,4.80726E+01,4.80726E+01,4.80726E+01,1.10894E+01,4.80726E+01,4.80726E+01,4.80726E+01,4.80726E+01,4.07453E+01,1.13964E+01,4.80726E+01,4.80726E+01,4.80726E+01,4.80726E+01,4.80726E+01,4.80726E+01,4.80726E+01,4.80726E+01,4.80726E+01,4.80726E+01,4.80726E+01,4.80726E+01,4.80726E+01,4.80726E+01,3.53496E+00,4.80726E+01,4.80726E+01,1.13964E+01,4.80726E+01,2.80991E+00,4.80726E+01 
#t = 2.100E+02
4.80726E+01,4.80726E+01,4.80726E+01,4.80726E+01,4.80726E+01,4.80726E+01,4.80726E+01,4.80726E+01,4.80726E+01,4.80726E+01,4.80726E+01,4.80726E+01,4.80726E+01,4.80726E+01,4.80726E+01,4.80726E+01,4.80726E+01,4.80726E+01,4.80726E+01,4.80726E+01,4.80726E+01,4.80726E+01,4.80726E+01,4.80726E+01,4.80726E+01,4.80726E+01,4.80726E+01,1.61002E+00,4.80726E+01,4.80726E+01,1.85419E-01,4.80726E+01,4.80726E+01,7.23032E+01,4.80726E+01,6.99250E-02 
#t = 2.520E+02
4.80726E+01,4.80726E+01,4.80726E+01,4.80726E+01,7.23032E+01,4.80726E+01,4.80726E+01,4.80726E+01,4.80726E+01,4.80726E+01,4.80726E+01,4.80726E+01,4.80726E+01,4.80726E+01,4.80726E+01,4.80726E+01,4.80726E+01,4.80726E+01,4.80726E+01,4.80726E+01,4.80726E+01,4.14125E+00,7.23032E+01,4.80726E+01,4.08538E-01,4.80726E+01,4.80726E+01,4.80726E+01,8.13463E+00,4.80726E+01,4.80726E+01,4.80726E+01,4.80726E+01,7.23032E+01,4.80726E+01,4.80726E+01,4.80726E+01 
#t = 2.940E+02
4.80726E+01,4.80726E+01,7.23032E+01,4.80726E+01,4.80726E+01,4.80726E+01,4.80726E+01,7.23032E+01,4.80726E+01,4.80726E+01,4.80726E+01,4.80726E+01,4.80726E+01,4.80726E+01,4.80726E+01,7.23032E+01,7.23032E+01,4.80726E+01,4.80726E+01,4.80726E+01,4.80726E+01,3.42303E+01,4.80726E+01,4.80726E+01,4.80726E+01,3.42303E+01,4.80726E+01,4.80726E+01,4.80726E+01,4.80726E+01,3.42303E+01,4.80726E+01,4.80726E+01,4.80726E+01,4.63511E+01,4.80726E+01,7.23032E+01,4.80726E+01 
#t = 3.360E+02
4.80726E+01,3.42303E+01,1.00752E+01,4.80726E+01,7.23032E+01,4.80726E+01,4.80726E+01,7.23032E+01,4.80726E+01,4.80726E+01,4.80726E+01,7.23032E+01,3.42303E+01,7.23032E+01,7.23032E+01,3.42303E+01,7.23032E+01,3.42303E+01,7.23032E+01,4.80726E+01,7.23032E+01,7.23032E+01,7.23032E+01,4.80726E+01,4.80726E+01,7.23032E+01,1.33093E+01,4.80726E+01,4.80726E+01,7.23032E+01,4.80726E+01,4.80726E+01,7.23032E+01,7.23032E+01,7.23032E+01,6.29382E+00,7.23032E+01,7.23032E+01,4.80726E+01,7.23032E+01,4.80726E+01 
#t = 3.780E+02
4.80726E+01,7.23032E+01,7.23032E+01,4.80726E+01,4.80726E+01,7.23032E+01,4.80726E+01,7.23032E+01,4.80726E+01,7.23032E+01,4.80726E+01,7.23032E+01,4.80726E+01,4.80726E+01,7.23032E+01,7.23032E+01,7.23032E+01,4.80726E+01,7.23032E+01,7.23032E+01,4.80726E+01,7.23032E+01,7.23032E+01,7.23032E+01,7.23032E+01,7.23032E+01,4.80726E+01,7.23032E+01,4.80726E+01,7.23032E+01,7.23032E+01,4.80726E+01,7.23032E+01,7.23032E+01,7.23032E+01,7.23032E+01,7.23032E+01,7.23032E+01,7.23032E+01,4.80726E+01,4.40552E-01,1.57581E+01,7.23032E+01 
#t = 4.200E+02
7.23032E+01,7.23032E+01,7.23032E+01,4.80726E+01,4.80726E+01,7.23032E+01,4.80726E+01,4.80726E+01,9.98544E+00,7.23032E+01,7.23032E+01,7.23032E+01,7.23032E+01,4.80726E+01,7.23032E+01,4.80726E+01,2.54118E+01,4.80726E+01,7.23032E+01,4.80726E+01,7.23032E+01,7.23032E+01,7.23032E+01,4.80726E+01,7.23032E+01,7.23032E+01,1.31200E+01,4.80726E+01,4.80726E+01,7.23032E+01,4.80726E+01,7.23032E+01,7.23032E+01,7.23032E+01,4.57325E+00,4.80726E+01,7.23032E+01,7.23032E+01,4.80726E+01,4.80726E+01,4.80726E+01,4.64787E+00,7.23032E+01,7.23032E+01,7.23032E+01,7.23032E+01 
#t = 4.620E+02
7.23032E+01,7.23032E+01,7.23032E+01,7.23032E+01,7.23032E+01,4.80726E+01,7.23032E+01,4.80726E+01,7.23032E+01,7.23032E+01,4.80726E+01,7.23032E+01,7.23032E+01,7.23032E+01,7.23032E+01,4.80726E+01,7.23032E+01,4.80726E+01,7.23032E+01,7.23032E+01,4.80726E+01,7.23032E+01,7.23032E+01,7.23032E+01,7.23032E+01,7.23032E+01,4.80726E+01,4.80726E+01,4.80726E+01,7.23032E+01,7.23032E+01,7.23032E+01,1.56315E-01,7.23032E+01,7.23032E+01,7.23032E+01,7.96652E+00,7.23032E+01,7.23032E+01,7.23032E+01,7.23032E+01 
#t = 5.040E+02
7.23032E+01,7.23032E+01,7.23032E+01,7.23032E+01,7.23032E+01,7.23032E+01,7.23032E+01,4.80726E+01,7.23032E+01,7.23032E+01,7.23032E+01,4.80726E+01,7.23032E+01,7.23032E+01,7.23032E+01,7.23032E+01,7.23032E+01,7.23032E+01,7.23032E+01,7.23032E+01,7.23032E+01,7.23032E+01,7.23032E+01,7.23032E+01,4.80726E+01,7.23032E+01,4.80726E+01,7.23032E+01,8.84535E-02,7.23032E+01,7.23032E+01,7.23032E+01,7.23032E+01,7.23032E+01,7.23032E+01,5.03484E-01,7.23032E+01,7.23032E+01,7.23032E+01,1.65098E+01,1.10887E+00,7.23032E+01,7.23032E+01 
#t = 5.460E+02
7.23032E+01,7.23032E+01,7.23032E+01,7.23032E+01,7.23032E+01,1.65098E+01,7.23032E+01,7.23032E+01,7.23032E+01,7.23032E+01,7.23032E+01,7.23032E+01,7.23032E+01,7.23032E+01,1.65098E+01,7.23032E+01,7.23032E+01,7.23032E+01,7.23032E+01,7.23032E+01,7.23032E+01,7.23032E+01,7.23032E+01,1.17035E+01,7.23032E+01,7.23032E+01,1.65098E+01,1.65098E+01,7.23032E+01,7.23032E+01,7.23032E+01,7.23032E+01,4.80726E+01,4.22386E-01,7.23032E+01,7.23032E+01,1.31545E+01,7.23032E+01,7.23032E+01,3.37561E-02,1.91702E-01,1.31545E+01 
#t = 5.880E+02
7.23032E+01,7.23032E+01,7.23032E+01,7.23032E+01,7.23032E+01,7.23032E+01,7.23032E+01,7.23032E+01,7.23032E+01,7.23032E+01,7.23032E+01,7.23032E+01,7.23032E+01,7.23032E+01,7.23032E+01,7.23032E+01,6.39318E+00,7.23032E+01,7.23032E+01,7.23032E+01,7.23032E+01,7.23032E+01,7.23032E+01,7.23032E+01,7.23032E+01,7.23032E+01,7.23032E+01,7.23032E+01,7.23032E+01,7.23032E+01,7.23032E+01,7.23032E+01,7.23032E+01,7.23032E+01,7.23032E+01,7.23032E+01,7.23032E+01,7.23032E+01,7.23032E+01,7.23032E+01,7.23032E+01,7.23032E+01,7.23032E+01,7.23032E+01,7.23032E+01,7.23032E+01,7.23032E+01,1.69876E+00,7.23032E+01 
#t = 6.300E+02
7.23032E+01,7.23032E+01,7.23032E+01,7.23032E+01,7.23032E+01,7.23032E+01,7.23032E+01,7.23032E+01,7.23032E+01,7.23032E+01,7.23032E+01,7.23032E+01,7.23032E+01,7.23032E+01,7.23032E+01,7.23032E+01,7.23032E+01,1.79201E+01,7.23032E+01,7.23032E+01,7.23032E+01,7.23032E+01,7.23032E+01,7.23032E+01,7.23032E+01,7.23032E+01,7.23032E+01,7.23032E+01,7.23032E+01,7.23032E+01,7.23032E+01,7.23032E+01,7.23032E+01,7.23032E+01,7.23032E+01,7.23032E+01,7.23032E+01,7.23032E+01,7.23032E+01,2.04312E-01,7.23032E+01,7.23032E+01,7.23032E+01,7.23032E+01,7.23032E+01,7.23032E+01,7.23032E+01 
#t = 6.720E+02
7.23032E+01,7.23032E+01,7.23032E+01,7.23032E+01,7.23032E+01,7.23032E+01,7.23032E+01,7.23032E+01,7.23032E+01,7.23032E+01,7.23032E+01,7.23032E+01,7.23032E+01,7.23032E+01,8.15974E+00,7.23032E+01,7.23032E+01,7.23032E+01,8.01215E+00,7.23032E+01,7.23032E+01,7.23032E+01,7.23032E+01,7.23032E+01,7.23032E+01,7.23032E+01,7.23032E+01,7.23032E+01,7.23032E+01,7.23032E+01,7.23032E+01,7.23032E+01,7.23032E+01,7.23032E+01,7.23032E+01,7.23032E+01,7.23032E+01,7.23032E+01,7.23032E+01,7.23032E+01,7.23032E+01 
#t = 7.140E+02
7.23032E+01,7.23032E+01,7.23032E+01,7.23032E+01,7.23032E+01,7.23032E+01,7.23032E+01,7.23032E+01,7.23032E+01,7.23032E+01,7.23032E+01,7.23032E+01,7.23032E+01,7.23032E+01,7.23032E+01,7.23032E+01,7.23032E+01,7.23032E+01,7.23032E+01,7.23032E+01,7.23032E+01,7.23032E+01,7.23032E+01,7.23032E+01,7.23032E+01,7.23032E+01,7.23032E+01,7.23032E+01,7.23032E+01,7.23032E+01,1.10636E+01,7.23032E+01,2.70311E+00,7.23032E+01,7.23032E+01,7.87281E-01,7.23032E+01,7.23032E+01,7.23032E+01,7.23032E+01 
#t = 7.560E+02
7.23032E+01,7.23032E+01,7.23032E+01,7.23032E+01,7.23032E+01,7.23032E+01,7.23032E+01,7.23032E+01,7.23032E+01,7.23032E+01,7.23032E+01,7.23032E+01,7.23032E+01,7.23032E+01,7.23032E+01,7.23032E+01,7.23032E+01,7.23032E+01,7.23032E+01,7.23032E+01,7.23032E+01,7.23032E+01,7.23032E+01,7.23032E+01,2.74971E+01,2.82676E+00,6.52134E+00,7.23032E+01,7.23032E+01,7.23032E+01,7.23032E+01,7.23032E+01,7.23032E+01,7.23032E+01,7.23032E+01,3.74355E+00,7.23032E+01 
#t = 7.980E+02
7.23032E+01,7.23032E+01,7.23032E+01,7.23032E+01,7.23032E+01,7.23032E+01,7.23032E+01,1.10946E+01,7.23032E+01,7.23032E+01,7.23032E+01,7.23032E+01,7.23032E+01,7.23032E+01,7.23032E+01,7.23032E+01,7.23032E+01,7.23032E+01,7.23032E+01,7.23032E+01,7.23032E+01,7.23032E+01,7.23032E+01,7.23032E+01,7.23032E+01,7.23032E+01,7.23032E+01,7.23032E+01,7.23032E+01,2.28466E+00,7.23032E+01,7.23032E+01,7.37075E-01,7.23032E+01,7.23032E+01,7.23032E+01,7.23032E+01,7.23032E+01,7.23032E+01,7.23032E+01,7.23032E+01 
#t = 8.400E+02
7.23032E+01,1.10946E+01,7.23032E+01,2.43169E+01,7.23032E+01,7.23032E+01,7.23032E+01,7.23032E+01,7.23032E+01,7.23032E+01,7.23032E+01,7.23032E+01,7.23032E+01,7.23032E+01,7.23032E+01,7.23032E+01,7.23032E+01,7.23032E+01,4.18162E+01,7.23032E+01,3.43563E+00,7.23032E+01,7.23032E+01,7.23032E+01,7.23032E+01,7.23032E+01,7.23032E+01,7.23032E+01,7.23032E+01,4.18162E+01,4.18162E+01,7.23032E+01,7.23032E+01,7.23032E+01,7.23032E+01,4.18162E+01,7.23032E+01,4.18162E+01,7.23032E+01,4.18162E+01,4.18162E+01,7.23032E+01,4.18162E+01,7.23032E+01,2.43169E+01,7.23032E+01,7.23032E+01,4.18162E+01 
#t = 8.820E+02
7.23032E+01,7.23032E+01,7.23032E+01,7.23032E+01,7.23032E+01,7.23032E+01,7.23032E+01,7.23032E+01,7.23032E+01,7.23032E+01,7.23032E+01,7.23032E+01,7.23032E+01,7.23032E+01,7.23032E+01,7.23032E+01,7.23032E+01,7.23032E+01,7.23032E+01,7.23032E+01,7.23032E+01,7.23032E+01,4.18162E+01,7.23032E+01,7.23032E+01,7.23032E+01,7.23032E+01,7.23032E+01,7.23032E+01,7.23032E+01,7.23032E+01,7.23032E+01,7.23032E+01,7.23032E+01,7.23032E+01,7.23032E+01,7.23032E+01,7.23032E+01,7.23032E+01,7.23032E+01,7.23032E+01,7.23032E+01,7.23032E+01,7.23032E+01,7.23032E+01,7.23032E+01,7.23032E+01,7.23032E+01,7.23032E+01,1.15505E+00,7.23032E+01,7.23032E+01,7.23032E+01,7.23032E+01,7.23032E+01 
#t = 9.240E+02
7.23032E+01,7.23032E+01,7.23032E+01,7.23032E+01,7.23032E+01,7.23032E+01,7.23032E+01,7.23032E+01,1.29010E+01,7.23032E+01,7.23032E+01,7.23032E+01,7.23032E+01,7.23032E+01,7.23032E+01,2.40481E+01,7.23032E+01,7.23032E+01,7.23032E+01,7.23032E+01,7.23032E+01,2.40481E+01,7.23032E+01,7.23032E+01,7.23032E+01,7.23032E+01,7.23032E+01,7.23032E+01,7.23032E+01,7.23032E+01,7.23032E+01,7.23032E+01,7.23032E+01,1.29010E+01,7.23032E+01,7.23032E+01,7.23032E+01,7.23032E+01,7.23032E+01,7.23032E+01,7.23032E+01,7.23032E+01,7.23032E+01,7.23032E+01,7.23032E+01 
#t = 9.660E+02
7.23032E+01,7.23032E+01,1.29010E+01,7.23032E+01,7.23032E+01,7.23032E+01,8.00916E+00,7.23032E+01,1.29010E+01,7.23032E+01,7.23032E+01,8.57444E+00,7.23032E+01,7.23032E+01,7.23032E+01,7.23032E+01,7.23032E+01,7.23032E+01,7.23032E+01,7.23032E+01,7.23032E+01,7.23032E+01,7.23032E+01,7.23032E+01,7.23032E+01,7.23032E+01,1.29010E+01,7.23032E+01,7.23032E+01,5.01800E+01,7.23032E+01,4.07723E+01,1.29010E+01,1.29010E+01,4.07723E+01,7.23032E+01,7.23032E+01,1.52244E+00,2.58799E+01,7.23032E+01 
#t = 1.008E+03
1.29010E+01,7.23032E+01,7.23032E+01,7.23032E+01,7.23032E+01,7.23032E+01,7.23032E+01,7.23032E+01,7.23032E+01,7.23032E+01,7.23032E+01,1.69207E+01,1.29010E+01,7.23032E+01,7.23032E+01,7.23032E+01,7.23032E+01,7.23032E+01,1.29010E+01,7.23032E+01,7.23032E+01,7.23032E+01,7.23032E+01,7.23032E+01,7.23032E+01,7.23032E+01,7.23032E+01,7.23032E+01,7.23032E+01,7.23032E+01,7.23032E+01,7.23032E+01,7.23032E+01,7.23032E+01,7.23032E+01,7.23032E+01,1.29010E+01,7.23032E+01,7.23032E+01,7.23032E+01 
#t = 1.050E+03
7.23032E+01,7.23032E+01,7.23032E+01,7.23032E+01,7.23032E+01,1.29010E+01,7.23032E+01,7.23032E+01,7.23032E+01,7.23032E+01,7.23032E+01,7.23032E+01,7.23032E+01,1.29010E+01,7.23032E+01,7.23032E+01,7.23032E+01,7.23032E+01,7.23032E+01,7.23032E+01,7.23032E+01,7.23032E+01,8.57284E+00,7.23032E+01,7.23032E+01,7.23032E+01,7.23032E+01,7.23032E+01,7.23032E+01,7.23032E+01,7.23032E+01,7.23032E+01,7.23032E+01,7.23032E+01,7.23032E+01,7.23032E+01,7.23032E+01,7.23032E+01,1.78100E-01,7.23032E+01 
#t = 1.092E+03
7.23032E+01,7.23032E+01,7.23032E+01,7.23032E+01,7.23032E+01,7.23032E+01,7.23032E+01,7.23032E+01,7.23032E+01,7.23032E+01,7.23032E+01,7.23032E+01,7.23032E+01,7.23032E+01,7.23032E+01,7.23032E+01,7.23032E+01,7.23032E+01,7.23032E+01,7.23032E+01,7.23032E+01,7.23032E+01,7.23032E+01,7.23032E+01,7.23032E+01,7.23032E+01,7.23032E+01,7.88439E+00,7.23032E+01,3.72761E+00,7.23032E+01,7.23032E+01,7.23032E+01,7.23032E+01,7.23032E+01,7.23032E+01,7.23032E+01,7.23032E+01,7.23032E+01,7.23032E+01,7.23032E+01,7.23032E+01,7.23032E+01,7.23032E+01,7.23032E+01,7.23032E+01,7.23032E+01,7.23032E+01,7.23032E+01,7.23032E+01,2.00347E-01,7.23032E+01 
#t = 1.134E+03
7.23032E+01,7.23032E+01,7.23032E+01,7.23032E+01,7.23032E+01,7.23032E+01,7.23032E+01,7.23032E+01,7.23032E+01,7.23032E+01,7.23032E+01,7.23032E+01,7.23032E+01,7.23032E+01,7.23032E+01,7.23032E+01,7.23032E+01,7.23032E+01,7.23032E+01,7.23032E+01,7.23032E+01,7.23032E+01,7.23032E+01,7.23032E+01,7.23032E+01,7.23032E+01,7.23032E+01,7.23032E+01,7.23032E+01,7.23032E+01,7.23032E+01,7.23032E+01,7.23032E+01,7.23032E+01,7.23032E+01,7.23032E+01,7.23032E+01,7.23032E+01,7.23032E+01,1.27625E+01,7.23032E+01,1.50947E-01,7.23032E+01,7.23032E+01,7.23032E+01,7.23032E+01,7.23032E+01,7.23032E+01,7.23032E+01,7.23032E+01 
#t = 1.176E+03
7.23032E+01,7.23032E+01,7.23032E+01,7.23032E+01,1.27625E+01,7.23032E+01,7.23032E+01,7.23032E+01,7.23032E+01,7.23032E+01,7.23032E+01,7.23032E+01,7.23032E+01,7.23032E+01,7.23032E+01,7.23032E+01,7.23032E+01,7.23032E+01,7.23032E+01,7.23032E+01,7.23032E+01,7.23032E+01,7.23032E+01,7.23032E+01,7.23032E+01,7.23032E+01,7.23032E+01,7.23032E+01,7.23032E+01,4.86529E+00,7.23032E+01,7.23032E+01,7.23032E+01,7.23032E+01,7.23032E+01,7.23032E+01,7.23032E+01,7.23032E+01,7.23032E+01,7.23032E+01,5.14167E+00,7.23032E+01,6.07521E-01,7.23032E+01,7.23032E+01,7.23032E+01,7.23032E+01,7.23032E+01 
#t = 1.218E+03
7.23032E+01,7.23032E+01,7.23032E+01,7.23032E+01,1.06059E+01,7.23032E+01,7.23032E+01,7.23032E+01,7.23032E+01,7.23032E+01,7.23032E+01,7.23032E+01,7.23032E+01,7.23032E+01,7.23032E+01,7.23032E+01,7.23032E+01,1.47200E+02,7.23032E+01,7.23032E+01,7.23032E+01,8.25325E+00,7.23032E+01,7.23032E+01,7.23032E+01,7.23032E+01,7.23032E+01,7.23032E+01,7.23032E+01,1.47200E+02,2.81884E-01,7.23032E+01,7.23032E+01,7.23032E+01,7.23032E+01,2.44241E+00,7.23032E+01,7.23032E+01 
#t = 1.260E+03
7.23032E+01,7.23032E+01,7.23032E+01,7.23032E+01,7.23032E+01,7.23032E+01,7.23032E+01,7.23032E+01,1.47200E+02,7.23032E+01,1.47200E+02,7.23032E+01,7.23032E+01,7.23032E+01,1.47200E+02,7.23032E+01,7.23032E+01,1.47200E+02,1.47200E+02,7.23032E+01,1.47200E+02,7.23032E+01,1.47200E+02,7.23032E+01,7.23032E+01,7.23032E+01,7.23032E+01,7.23032E+01,2.69407E-01,6.32725E+00,1.47200E+02,7.23032E+01,7.23032E+01,7.23032E+01,1.04660E-01,1.47200E+02,7.23032E+01,7.23032E+01 
#t = 1.302E+03
7.23032E+01,1.47200E+02,1.47200E+02,7.23032E+01,7.23032E+01,1.47200E+02,7.23032E+01,7.23032E+01,7.23032E+01,7.23032E+01,7.23032E+01,7.23032E+01,7.23032E+01,7.23032E+01,7.23032E+01,7.23032E+01,7.23032E+01,7.23032E+01,7.23032E+01,7.23032E+01,7.23032E+01,7.23032E+01,7.23032E+01,7.23032E+01,7.23032E+01,7.23032E+01,7.23032E+01,7.23032E+01,7.23032E+01,7.23032E+01,7.23032E+01,7.23032E+01,7.23032E+01,6.17860E+00,1.47200E+02,7.23032E+01,7.23032E+01,7.23032E+01,7.23032E+01,1.47200E+02,1.47200E+02,7.23032E+01,7.23032E+01,7.23032E+01,7.23032E+01,7.23032E+01,7.23032E+01,1.17563E+00,1.44740E+00 
#t = 1.344E+03
1.47200E+02,7.23032E+01,7.23032E+01,7.23032E+01,7.23032E+01,7.23032E+01,7.23032E+01,7.23032E+01,7.23032E+01,7.23032E+01,7.23032E+01,7.23032E+01,7.23032E+01,7.23032E+01,7.23032E+01,1.47200E+02,1.47200E+02,7.23032E+01,7.23032E+01,7.23032E+01,7.23032E+01,7.23032E+01,7.23032E+01,7.23032E+01,7.23032E+01,7.23032E+01,9.64593E+00,7.23032E+01,7.23032E+01,7.23032E+01,7.23032E+01,7.23032E+01,1.47200E+02,7.23032E+01,7.23032E+01,3.79563E+01,7.23032E+01,7.23032E+01,7.23032E+01,7.23032E+01,1.47200E+02,7.23032E+01,7.23032E+01,7.23032E+01,7.23032E+01,7.23032E+01,7.23032E+01,3.66089E-01,7.23032E+01,7.23032E+01,7.23032E+01 
#t = 1.386E+03
7.23032E+01,7.23032E+01,7.23032E+01,7.23032E+01,7.23032E+01,7.23032E+01,7.23032E+01,7.23032E+01,7.23032E+01,7.23032E+01,7.23032E+01,7.23032E+01,7.23032E+01,7.23032E+01,1.47200E+02,7.23032E+01,7.23032E+01,7.23032E+01,7.23032E+01,7.23032E+01,7.23032E+01,7.23032E+01,7.23032E+01,7.23032E+01,9.43262E+00,7.23032E+01,7.23032E+01,7.23032E+01,7.23032E+01,7.23032E+01,7.23032E+01,7.23032E+01,7.23032E+01,7.23032E+01,7.23032E+01,7.23032E+01,7.23032E+01,1.97865E+01,7.23032E+01,7.23032E+01,7.23032E+01,7.23032E+01,7.23032E+01,7.23032E+01,7.23032E+01,1.47200E+02,7.23032E+01,7.23032E+01,7.23032E+01,7.23032E+01,7.23032E+01,7.23032E+01,7.23032E+01,7.23032E+01,7.23032E+01 
#t = 1.428E+03
7.23032E+01,7.23032E+01,7.23032E+01,7.23032E+01,7.23032E+01,7.23032E+01,7.23032E+01,7.23032E+01,7.23032E+01,7.23032E+01,7.23032E+01,7.23032E+01,7.23032E+01,7.86300E+01,7.23032E+01,7.23032E+01,7.23032E+01,7.23032E+01,7.23032E+01,7.23032E+01,7.23032E+01,5.31769E+00,7.23032E+01,7.23032E+01,7.23032E+01,7.23032E+01,7.23032E+01,7.23032E+01,7.23032E+01,7.23032E+01,7.23032E+01,7.23032E+01,7.23032E+01,7.23032E+01,3.13065E+00,7.23032E+01,7.23032E+01,7.23032E+01,7.23032E+01,7.23032E+01,7.23032E+01,1.27797E-01,7.23032E+01,7.23032E+01,2.26923E-01,7.23032E+01,7.23032E+01 
#t = 1.470E+03
7.23032E+01,7.23032E+01,7.23032E+01,7.23032E+01,7.23032E+01,7.23032E+01,7.23032E+01,7.23032E+01,7.23032E+01,7.23032E+01,7.23032E+01,7.23032E+01,7.23032E+01,7.23032E+01,7.23032E+01,7.23032E+01,7.23032E+01,7.23032E+01,7.23032E+01,7.23032E+01,7.23032E+01,7.23032E+01,7.23032E+01,7.23032E+01,7.23032E+01,7.23032E+01,7.23032E+01,7.23032E+01,1.55724E+00,7.23032E+01,7.23032E+01,7.23032E+01,7.23032E+01,7.23032E+01,7.23032E+01,7.23032E+01,1.80020E+00,7.23032E+01,7.23032E+01,7.23032E+01,7.23032E+01,2.99164E+00,7.23032E+01,7.23032E+01 
#t = 1.512E+03
7.23032E+01,7.23032E+01,7.23032E+01,7.23032E+01,7.23032E+01,7.23032E+01,7.23032E+01,7.23032E+01,7.23032E+01,7.23032E+01,7.23032E+01,7.23032E+01,7.23032E+01,7.23032E+01,7.23032E+01,7.23032E+01,7.23032E+01,7.23032E+01,7.23032E+01,7.23032E+01,7.23032E+01,7.23032E+01,7.23032E+01,7.23032E+01,7.23032E+01,7.23032E+01,7.23032E+01,7.23032E+01,7.23032E+01,7.23032E+01,7.23032E+01,1.31968E+01,7.23032E+01,7.23032E+01,7.23032E+01,7.63152E+00,7.23032E+01,1.35932E+00,7.23032E+01,7.23032E+01,7.23032E+01,7.23032E+01,7.23032E+01,7.23032E+01,7.23032E+01 
#t = 1.554E+03
7.23032E+01,7.23032E+01,7.23032E+01,7.23032E+01,7.23032E+01,7.23032E+01,7.23032E+01,7.23032E+01,2.89532E+01,7.23032E+01,7.23032E+01,7.23032E+01,5.40914E+00,7.23032E+01,7.23032E+01,7.23032E+01,7.23032E+01,7.23032E+01,7.23032E+01,7.23032E+01,7.23032E+01,7.23032E+01,7.23032E+01,7.23032E+01,7.23032E+01,7.23032E+01,7.23032E+01,7.23032E+01,7.23032E+01,7.23032E+01,1.18315E+01,7.23032E+01,7.23032E+01,7.23032E+01,7.23032E+01,7.23032E+01,7.23032E+01,7.23032E+01,7.23032E+01,7.23032E+01,7.23032E+01,7.23032E+01,2.63196E+00,7.23032E+01,7.23032E+01,7.23032E+01,7.23032E+01,7.23032E+01,7.23032E+01,3.57069E-01 
#t = 1.596E+03
7.23032E+01,7.23032E+01,7.23032E+01,7.23032E+01,7.23032E+01,7.23032E+01,7.23032E+01,7.23032E+01,7.23032E+01,7.23032E+01,7.23032E+01,7.23032E+01,7.23032E+01,7.23032E+01,7.23032E+01,7.23032E+01,7.23032E+01,7.23032E+01,7.23032E+01,1.21186E+01,7.23032E+01,7.23032E+01,7.23032E+01,7.23032E+01,7.23032E+01,5.64498E-02,1.23676E+00,6.48193E+00,7.23032E+01,7.23032E+01,7.23032E+01,7.23032E+01,7.23032E+01,7.23032E+01,7.23032E+01,7.23032E+01,7.23032E+01,7.23032E+01 
#t = 1.638E+03
7.23032E+01,7.23032E+01,7.23032E+01,7.23032E+01,7.23032E+01,7.23032E+01,7.23032E+01,7.23032E+01,7.23032E+01,7.23032E+01,7.23032E+01,7.23032E+01,7.23032E+01,7.23032E+01,7.23032E+01,7.23032E+01,7.23032E+01,7.23032E+01,4.56851E-02,7.23032E+01,7.23032E+01,7.23032E+01,7.23032E+01,7.23032E+01,7.23032E+01,7.23032E+01,7.23032E+01,7.23032E+01,7.23032E+01,7.23032E+01,7.23032E+01,5.66351E+00,7.23032E+01,7.23032E+01,7.23032E+01,3.32819E+00,7.23032E+01,7.23032E+01 
#t = 1.680E+03
7.23032E+01,7.23032E+01,7.23032E+01,7.23032E+01,7.23032E+01,7.23032E+01,7.23032E+01,7.23032E+01,7.23032E+01,7.23032E+01,7.23032E+01,7.23032E+01,7.23032E+01,7.23032E+01,7.23032E+01,7.23032E+01,7.23032E+01,7.23032E+01,7.23032E+01,7.23032E+01,7.23032E+01,7.23032E+01,7.23032E+01,7.23032E+01,7.23032E+01,7.23032E+01,7.23032E+01,7.23032E+01,7.23032E+01,7.23032E+01,7.23032E+01,7.23032E+01,7.23032E+01,2.13690E+00,7.23032E+01,1.90650E-01,7.23032E+01,7.23032E+01,7.23032E+01,7.23032E+01,7.23032E+01,7.23032E+01,7.23032E+01,7.23032E+01,7.23032E+01 
#t = 1.722E+03
7.23032E+01,7.23032E+01,7.23032E+01,7.23032E+01,7.23032E+01,7.23032E+01,7.23032E+01,7.23032E+01,7.23032E+01,7.23032E+01,7.23032E+01,7.23032E+01,7.23032E+01,7.23032E+01,7.23032E+01,7.23032E+01,7.23032E+01,7.23032E+01,7.23032E+01,7.23032E+01,7.23032E+01,7.23032E+01,7.23032E+01,7.23032E+01,7.23032E+01,1.44047E-01,7.23032E+01,7.23032E+01,7.23032E+01,7.23032E+01,7.23032E+01,7.23032E+01,7.23032E+01,7.23032E+01,7.23032E+01 
#t = 1.764E+03
7.23032E+01,7.23032E+01,7.23032E+01,7.23032E+01,7.23032E+01,7.23032E+01,7.23032E+01,7.23032E+01,7.23032E+01,7.23032E+01,7.23032E+01,7.23032E+01,7.23032E+01,7.23032E+01,7.23032E+01,7.23032E+01,7.23032E+01,7.23032E+01,7.23032E+01,7.23032E+01,7.23032E+01,7.23032E+01,7.23032E+01,7.23032E+01,7.23032E+01,7.23032E+01,7.23032E+01,7.23032E+01,7.23032E+01,7.23032E+01,2.65362E+01,7.23032E+01,7.23032E+01,7.23032E+01,7.23032E+01,7.23032E+01,7.23032E+01,7.23032E+01,7.23032E+01,7.23032E+01,7.23032E+01,7.23032E+01,7.23032E+01,7.23032E+01,7.23032E+01,7.23032E+01,7.23032E+01,7.23032E+01,7.23032E+01,7.23032E+01,7.23032E+01 
#t = 1.806E+03
7.23032E+01,7.23032E+01,7.23032E+01,2.65362E+01,7.23032E+01,7.23032E+01,7.23032E+01,7.23032E+01,7.23032E+01,7.23032E+01,7.23032E+01,7.23032E+01,7.23032E+01,7.23032E+01,7.23032E+01,7.23032E+01,7.23032E+01,7.23032E+01,7.23032E+01,7.23032E+01,7.23032E+01,7.23032E+01,7.23032E+01,7.23032E+01,7.23032E+01,2.65362E+01,7.23032E+01,7.23032E+01,7.23032E+01,7.23032E+01,1.28124E+01,7.23032E+01,7.23032E+01,7.23032E+01,7.23032E+01,7.23032E+01,7.23032E+01,7.23032E+01,7.23032E+01,2.65362E+01 
#t = 1.848E+03
7.23032E+01,7.23032E+01,1.28124E+01,7.23032E+01,7.23032E+01,7.23032E+01,7.23032E+01,7.23032E+01,2.65362E+01,7.23032E+01,7.23032E+01,7.23032E+01,7.23032E+01,7.23032E+01,7.23032E+01,7.23032E+01,7.23032E+01,7.23032E+01,1.28124E+01,2.65362E+01,7.23032E+01,7.23032E+01,7.23032E+01,7.23032E+01,7.23032E+01,7.23032E+01,7.23032E+01,7.23032E+01,7.23032E+01,7.23032E+01,4.42171E-01,7.23032E+01,7.23032E+01,7.23032E+01,7.23032E+01,2.65362E+01,1.77389E+00,7.23032E+01,7.23032E+01,7.23032E+01,1.28124E+01,7.23032E+01,7.23032E+01,2.29917E+00,9.09497E-02,7.23032E+01,7.63784E-01 
#t = 1.890E+03
2.65362E+01,7.23032E+01,7.23032E+01,7.23032E+01,7.23032E+01,7.23032E+01,7.23032E+01,7.23032E+01,7.23032E+01,7.23032E+01,7.23032E+01,7.23032E+01,7.23032E+01,7.23032E+01,7.23032E+01,7.23032E+01,7.23032E+01,7.23032E+01,2.65362E+01,9.31827E+00,7.23032E+01,7.23032E+01,7.23032E+01,7.23032E+01,7.23032E+01,7.23032E+01,7.23032E+01,7.23032E+01,7.23032E+01,7.23032E+01,7.23032E+01,7.23032E+01,7.23032E+01,2.65362E+01,7.23032E+01,7.23032E+01,7.23032E+01,7.23032E+01,7.23032E+01,7.23032E+01,6.89029E+00,7.23032E+01,7.23032E+01,7.28154E-01,7.23032E+01,2.84326E-01 
#t = 1.932E+03
7.23032E+01,7.23032E+01,7.23032E+01,7.23032E+01,7.23032E+01,7.23032E+01,7.23032E+01,7.23032E+01,7.23032E+01,7.23032E+01,7.23032E+01,7.23032E+01,7.23032E+01,2.65362E+01,7.23032E+01,7.23032E+01,7.23032E+01,7.23032E+01,7.23032E+01,7.23032E+01,2.65362E+01,7.23032E+01,7.23032E+01,2.65362E+01,7.23032E+01,7.23032E+01,7.23032E+01,7.23032E+01,7.23032E+01,7.23032E+01,7.23032E+01,7.23032E+01,7.23032E+01,7.23032E+01,7.23032E+01,2.12860E+01,7.23032E+01,7.23032E+01,7.23032E+01,7.23032E+01,2.14062E+00,7.23032E+01,1.28263E+00,3.32191E-01 
#t = 1.974E+03
2.65362E+01,7.23032E+01,7.23032E+01,7.23032E+01,7.23032E+01,7.23032E+01,7.23032E+01,7.23032E+01,7.23032E+01,7.23032E+01,7.23032E+01,7.23032E+01,2.65362E+01,7.23032E+01,7.23032E+01,7.23032E+01,7.23032E+01,1.56837E+01,7.23032E+01,7.23032E+01,7.23032E+01,7.23032E+01,7.23032E+01,7.23032E+01,7.23032E+01,7.23032E+01,7.23032E+01,2.65362E+01,7.23032E+01,7.23032E+01,7.23032E+01,7.23032E+01,7.23032E+01,7.23032E+01,7.23032E+01,7.23032E+01,1.56837E+01,1.56837E+01,7.23032E+01,7.23032E+01,4.55663E+00,1.22803E+01,7.23032E+01,7.27808E-01,1.73573E-01,1.16159E+00,1.56837E+01,7.23032E+01,7.23032E+01,5.67499E+00 
#t = 2.016E+03
1.56837E+01,7.23032E+01,7.23032E+01,7.23032E+01,7.23032E+01,7.23032E+01,7.23032E+01,7.23032E+01,6.99573E+01,7.23032E+01,7.23032E+01,7.23032E+01,7.23032E+01,7.23032E+01,7.23032E+01,7.23032E+01,7.23032E+01,7.23032E+01,7.23032E+01,7.23032E+01,7.23032E+01,7.23032E+01,7.23032E+01,7.23032E+01,7.23032E+01,7.23032E+01,7.23032E+01,7.23032E+01,7.23032E+01,1.56837E+01,1.56837E+01,1.56837E+01,7.23032E+01,7.23032E+01,7.23032E+01,7.23032E+01,7.23032E+01,7.23032E+01,7.23032E+01 
#t = 2.058E+03
7.23032E+01,7.23032E+01,7.23032E+01,1.56837E+01,7.23032E+01,7.23032E+01,7.23032E+01,7.23032E+01,1.56837E+01,7.23032E+01,7.23032E+01,7.23032E+01,7.23032E+01,7.23032E+01,7.23032E+01,7.23032E+01,7.23032E+01,7.23032E+01,7.23032E+01,4.90780E+00,6.99573E+01,7.23032E+01,6.99573E+01,7.23032E+01,7.23032E+01,7.23032E+01,1.54218E-01,7.23032E+01,7.23032E+01,7.23032E+01,7.23032E+01,7.23032E+01,6.99573E+01,7.23032E+01,7.23032E+01,7.23032E+01,7.23032E+01,7.23032E+01,7.23032E+01,8.78919E-02,7.23032E+01,7.23032E+01,7.23032E+01,7.23032E+01,2.00941E+00 
#t = 2.100E+03
1.56837E+01,1.56837E+01,7.23032E+01,7.23032E+01,7.23032E+01,1.56837E+01,7.23032E+01,7.23032E+01,7.23032E+01,7.23032E+01,7.23032E+01,7.23032E+01,7.23032E+01,7.23032E+01,7.23032E+01,7.23032E+01,7.23032E+01,7.23032E+01,7.23032E+01,1.56837E+01,7.23032E+01,7.23032E+01,7.23032E+01,7.23032E+01,1.56837E+01,7.23032E+01,7.23032E+01,7.23032E+01,7.23032E+01,7.23032E+01,1.56837E+01,7.23032E+01,1.56837E+01,7.23032E+01,7.23032E+01,7.23032E+01,3.19188E+00,7.23032E+01,7.23032E+01,7.23032E+01 
#t = 2.142E+03
7.23032E+01,1.56837E+01,7.23032E+01,7.23032E+01,7.23032E+01,7.23032E+01,7.23032E+01,7.23032E+01,1.54857E+00,7.23032E+01,7.23032E+01,1.56837E+01,7.23032E+01,7.23032E+01,7.23032E+01,7.23032E+01,3.46764E+01,7.23032E+01,7.23032E+01,3.72024E-01,7.23032E+01,7.23032E+01,7.23032E+01,7.23032E+01,7.23032E+01,7.23032E+01,7.23032E+01,7.23032E+01,1.52101E-01,7.23032E+01,7.43659E-01,7.23032E+01,3.46764E+01,7.23032E+01 
#t = 2.184E+03
7.23032E+01,7.23032E+01,7.23032E+01,7.23032E+01,7.23032E+01,7.23032E+01,7.23032E+01,7.23032E+01,7.23032E+01,7.23032E+01,7.23032E+01,7.23032E+01,7.23032E+01,7.23032E+01,7.23032E+01,7.23032E+01,7.23032E+01,7.23032E+01,7.23032E+01,7.23032E+01,7.23032E+01,7.23032E+01,7.23032E+01,7.23032E+01,3.74817E+00,7.23032E+01,7.23032E+01,7.23032E+01,7.23032E+01,7.23032E+01,7.23032E+01,7.23032E+01,7.23032E+01,7.23032E+01,7.23032E+01,7.23032E+01,7.23032E+01,7.23032E+01,7.23032E+01 
#t = 2.226E+03
7.23032E+01,7.23032E+01,7.23032E+01,7.23032E+01,7.23032E+01,7.23032E+01,7.23032E+01,7.23032E+01,7.23032E+01,7.23032E+01,7.23032E+01,7.23032E+01,7.23032E+01,7.23032E+01,7.23032E+01,7.23032E+01,7.23032E+01,7.23032E+01,7.23032E+01,7.23032E+01,7.23032E+01,7.23032E+01,7.23032E+01,7.23032E+01,7.23032E+01,7.23032E+01,7.23032E+01,7.23032E+01,7.23032E+01,7.23032E+01,7.23032E+01,7.23032E+01,7.23032E+01,7.23032E+01,1.99342E+01,7.23032E+01,7.23032E+01,7.23032E+01,7.23032E+01,7.23032E+01,1.51319E+01,7.23032E+01,3.61805E+00,7.23032E+01,7.23032E+01,2.07959E-02,1.35526E+00,1.38256E+00,1.34655E+00,7.23032E+01,7.23032E+01 
#t = 2.268E+03
7.23032E+01,7.23032E+01,7.23032E+01,7.23032E+01,7.23032E+01,7.23032E+01,7.23032E+01,7.23032E+01,7.23032E+01,2.52940E+01,7.23032E+01,7.23032E+01,7.23032E+01,7.23032E+01,7.23032E+01,7.23032E+01,7.23032E+01,1.51319E+01,7.23032E+01,2.52940E+01,7.23032E+01,7.23032E+01,7.23032E+01,7.23032E+01,7.23032E+01,7.23032E+01,7.23032E+01,7.23032E+01,7.23032E+01,7.23032E+01,1.51319E+01,7.23032E+01,7.23032E+01,7.23032E+01,7.23032E+01,7.23032E+01,7.23032E+01,7.23032E+01,7.23032E+01,7.23032E+01,7.23032E+01,7.23032E+01,7.23032E+01,7.23032E+01,7.23032E+01,7.23032E+01,7.23032E+01,7.23032E+01 
#t = 2.310E+03
7.23032E+01,7.23032E+01,7.23032E+01,7.23032E+01,7.23032E+01,7.23032E+01,7.23032E+01,1.51319E+01,7.23032E+01,7.23032E+01,7.23032E+01,7.23032E+01,7.23032E+01,7.23032E+01,7.23032E+01,7.23032E+01,7.23032E+01,7.23032E+01,7.23032E+01,7.23032E+01,7.23032E+01,7.23032E+01,7.23032E+01,7.23032E+01,7.23032E+01,7.23032E+01,7.23032E+01,7.23032E+01,7.23032E+01,7.23032E+01,1.51319E+01,7.23032E+01,7.23032E+01,7.23032E+01,7.23032E+01,7.23032E+01,7.23032E+01,7.23032E+01,7.23032E+01 
#t = 2.352E+03
7.23032E+01,7.23032E+01,7.23032E+01,7.23032E+01,7.23032E+01,7.23032E+01,7.23032E+01,7.23032E+01,7.23032E+01,7.23032E+01,7.23032E+01,7.23032E+01,7.23032E+01,9.87882E+00,7.23032E+01,7.23032E+01,7.23032E+01,7.23032E+01,7.23032E+01,7.23032E+01,7.23032E+01,7.23032E+01,7.23032E+01,7.23032E+01,7.23032E+01,7.23032E+01,7.23032E+01,7.23032E+01,7.23032E+01,7.23032E+01,7.23032E+01,7.23032E+01,7.23032E+01,7.23032E+01,7.23032E+01,7.23032E+01,7.23032E+01,7.23032E+01,7.23032E+01,7.23032E+01,7.23032E+01,7.23032E+01,7.23032E+01,3.20113E+01,7.23032E+01,7.23032E+01 
#t = 2.394E+03
7.23032E+01,7.23032E+01,7.23032E+01,7.23032E+01,7.23032E+01,7.23032E+01,7.23032E+01,7.23032E+01,7.23032E+01,7.23032E+01,7.23032E+01,7.23032E+01,7.23032E+01,7.23032E+01,7.23032E+01,7.23032E+01,8.95802E+00,7.23032E+01,7.23032E+01,7.23032E+01,7.23032E+01,7.23032E+01,7.23032E+01,7.23032E+01,1.38979E+01,7.23032E+01,7.23032E+01,7.23032E+01,7.23032E+01,7.23032E+01,7.23032E+01,7.23032E+01,7.23032E+01,7.23032E+01,7.23032E+01,7.23032E+01,7.23032E+01,7.23032E+01,7.23032E+01,7.23032E+01,7.23032E+01,7.23032E+01,7.23032E+01,2.03961E+00 
#t = 2.436E+03
7.23032E+01,7.23032E+01,7.23032E+01,7.23032E+01,7.23032E+01,1.57656E+01,7.23032E+01,7.23032E+01,7.23032E+01,7.23032E+01,7.23032E+01,7.23032E+01,7.23032E+01,7.23032E+01,7.23032E+01,7.23032E+01,7.23032E+01,5.85104E-01,7.23032E+01,7.23032E+01,7.23032E+01,1.63148E+00,7.23032E+01,7.23032E+01,3.75137E-01,7.23032E+01,7.23032E+01,7.23032E+01,7.23032E+01,7.23032E+01 
#t = 2.478E+03
7.23032E+01,7.23032E+01,7.23032E+01,7.23032E+01,7.23032E+01,7.23032E+01,7.23032E+01,7.23032E+01,7.23032E+01,7.23032E+01,7.23032E+01,7.23032E+01,7.23032E+01,7.23032E+01,7.23032E+01,7.23032E+01,7.23032E+01,7.23032E+01,7.23032E+01,7.23032E+01,7.23032E+01,7.23032E+01,7.23032E+01,7.23032E+01,7.23032E+01,7.23032E+01,7.23032E+01,7.23032E+01,7.23032E+01,7.23032E+01,7.23032E+01,7.23032E+01,7.23032E+01,7.23032E+01,7.23032E+01,7.23032E+01,7.94502E+00,7.23032E+01,7.23032E+01,6.55056E+00,7.23032E+01,7.23032E+01,7.23032E+01,7.23032E+01,7.23032E+01,7.23032E+01,7.23032E+01,7.23032E+01,7.23032E+01,7.23032E+01 
#t = 2.520E+03
7.23032E+01,7.23032E+01,7.23032E+01,7.23032E+01,7.23032E+01,7.23032E+01,7.23032E+01,7.23032E+01,7.23032E+01,7.23032E+01,7.23032E+01,1.24046E+01,7.23032E+01,7.23032E+01,1.24046E+01,7.23032E+01,7.23032E+01,7.23032E+01,7.23032E+01,7.23032E+01,7.23032E+01,8.46819E+00,7.23032E+01,7.23032E+01,1.24046E+01,7.23032E+01,7.23032E+01,1.24046E+01,7.23032E+01,7.23032E+01,7.23032E+01,7.23032E+01,7.23032E+01,7.23032E+01,7.23032E+01,7.23032E+01,3.79732E-01,7.23032E+01,7.23032E+01,7.23032E+01,7.23032E+01,7.23032E+01,7.23032E+01,7.23032E+01,7.23032E+01,8.22157E+00,7.23032E+01,2.54804E+00 
#t = 2.562E+03
7.23032E+01,7.23032E+01,7.23032E+01,7.23032E+01,7.23032E+01,1.24046E+01,1.24046E+01,7.23032E+01,7.23032E+01,7.23032E+01,7.23032E+01,7.23032E+01,7.23032E+01,1.24046E+01,7.23032E+01,7.23032E+01,7.23032E+01,7.23032E+01,7.23032E+01,7.23032E+01,7.23032E+01,7.23032E+01,7.23032E+01,7.23032E+01,7.23032E+01,5.04486E+00,7.23032E+01,7.23032E+01,7.23032E+01,7.23032E+01,7.23032E+01,7.23032E+01,7.23032E+01,7.23032E+01,7.23032E+01,7.23032E+01,7.23032E+01,7.23032E+01,7.23032E+01,1.27558E+00,7.23032E+01,7.23032E+01,7.23032E+01,7.42496E+00,7.23032E+01 
#t = 2.604E+03
7.23032E+01,7.23032E+01,7.23032E+01,7.23032E+01,7.23032E+01,7.23032E+01,3.58160E+01,4.13554E+01,7.23032E+01,7.23032E+01,7.23032E+01,4.13554E+01,7.23032E+01,3.58160E+01,7.23032E+01,7.23032E+01,7.23032E+01,7.23032E+01,7.23032E+01,7.23032E+01,7.23032E+01,7.23032E+01,3.58160E+01,4.13554E+01,7.23032E+01,7.23032E+01,7.23032E+01,7.23032E+01,7.23032E+01,7.23032E+01,7.23032E+01,3.53741E-01,3.54790E-01,7.23032E+01,7.23032E+01,3.91938E+00,7.23032E+01,7.23032E+01 
#t = 2.646E+03
7.23032E+01,7.23032E+01,7.23032E+01,7.23032E+01,7.23032E+01,7.23032E+01,7.23032E+01,7.23032E+01,7.23032E+01,7.23032E+01,7.23032E+01,7.23032E+01,7.23032E+01,7.23032E+01,3.58160E+01,7.23032E+01,6.54006E+00,1.45745E+01,7.23032E+01,7.23032E+01,3.58160E+01,7.23032E+01,7.23032E+01,7.23032E+01,7.23032E+01,7.23032E+01,7.23032E+01,3.58160E+01,1.45745E+01,7.23032E+01,7.23032E+01,7.23032E+01,1.45745E+01,1.42883E+00,7.23032E+01,7.23032E+01,7.23032E+01,7.23032E+01,7.23032E+01,7.23032E+01,7.23032E+01,7.23032E+01,7.23032E+01,3.58160E+01,2.37888E-01,7.23032E+01,8.61401E-01 
#t = 2.688E+03
7.23032E+01,3.58160E+01,7.23032E+01,7.23032E+01,1.45745E+01,7.23032E+01,7.23032E+01,1.45745E+01,7.23032E+01,7.23032E+01,7.23032E+01,6.46535E+00,7.23032E+01,7.23032E+01,1.45745E+01,1.55945E+01,7.23032E+01,7.23032E+01,5.53077E+00,7.23032E+01,1.45745E+01,7.23032E+01,1.45745E+01,3.58160E+01,7.23032E+01,7.23032E+01,7.23032E+01,1.45745E+01,7.23032E+01,7.23032E+01,1.45745E+01,1.01322E+00,1.45745E+01,1.45745E+01,1.45745E+01,1.12538E+00,7.23032E+01,7.23032E+01 
#t = 2.730E+03
3.58160E+01,1.45745E+01,7.23032E+01,1.45745E+01,7.23032E+01,7.23032E+01,3.58160E+01,3.58160E+01,3.58160E+01,7.23032E+01,1.45745E+01,1.45745E+01,7.23032E+01,1.45745E+01,7.23032E+01,7.23032E+01,7.23032E+01,1.45745E+01,1.45745E+01,1.45745E+01,3.58139E+01,3.58160E+01,7.23032E+01,7.23032E+01,7.23032E+01,3.58139E+01,7.23032E+01,3.58160E+01,7.23032E+01,1.45745E+01,3.58139E+01,7.23032E+01,3.58160E+01,1.45745E+01,3.58160E+01,5.87881E-01,3.80220E-01,7.23032E+01 
#t = 2.772E+03
7.23032E+01,7.23032E+01,7.23032E+01,7.23032E+01,7.23032E+01,7.23032E+01,7.23032E+01,7.23032E+01,7.23032E+01,7.23032E+01,7.23032E+01,7.23032E+01,7.23032E+01,7.23032E+01,7.23032E+01,7.23032E+01,7.23032E+01,7.23032E+01,7.23032E+01,7.23032E+01,7.23032E+01,7.23032E+01,7.23032E+01,7.23032E+01,7.23032E+01,7.23032E+01,7.23032E+01,7.23032E+01,7.23032E+01,7.23032E+01,7.23032E+01,7.23032E+01,7.23032E+01,7.23032E+01,7.23032E+01,7.23032E+01,7.23032E+01,7.23032E+01,7.23032E+01,7.23032E+01,7.23032E+01,7.23032E+01,7.23032E+01,5.98844E+00,7.23032E+01,7.23032E+01,7.23032E+01,7.23032E+01,1.14840E-01 
#t = 2.814E+03
7.23032E+01,7.23032E+01,7.23032E+01,7.23032E+01,7.23032E+01,7.23032E+01,7.23032E+01,7.23032E+01,7.23032E+01,7.23032E+01,7.23032E+01,7.23032E+01,7.23032E+01,7.23032E+01,7.23032E+01,7.23032E+01,7.23032E+01,7.23032E+01,7.23032E+01,7.23032E+01,7.23032E+01,7.23032E+01,7.23032E+01,7.23032E+01,7.23032E+01,1.00119E+01,7.23032E+01,7.23032E+01,7.23032E+01,7.23032E+01,1.05002E+01,7.23032E+01,7.23032E+01,7.23032E+01,6.61013E-01,7.23032E+01,7.23032E+01,7.23032E+01,7.23032E+01,7.23032E+01,2.81063E+00,7.23032E+01,7.23032E+01,7.23032E+01,7.23032E+01,7.23032E+01,7.23032E+01 
#t = 2.856E+03
7.23032E+01,7.23032E+01,7.23032E+01,7.23032E+01,7.23032E+01,7.23032E+01,7.23032E+01,7.23032E+01,7.23032E+01,7.23032E+01,7.23032E+01,1.00342E+01,7.23032E+01,7.23032E+01,7.23032E+01,7.23032E+01,7.23032E+01,7.23032E+01,7.23032E+01,7.23032E+01,7.23032E+01,7.23032E+01,7.23032E+01,7.23032E+01,7.23032E+01,7.23032E+01,7.23032E+01,7.23032E+01,7.23032E+01,7.23032E+01,7.23032E+01,7.23032E+01,7.23032E+01,7.23032E+01,7.23032E+01,7.23032E+01,7.23032E+01,7.23032E+01,7.23032E+01,7.23032E+01,7.23032E+01,7.23032E+01,7.23032E+01,7.23032E+01,7.23032E+01,7.23032E+01,7.23032E+01 
#t = 2.898E+03
7.23032E+01,7.23032E+01,7.23032E+01,7.23032E+01,7.23032E+01,7.23032E+01,7.23032E+01,7.23032E+01,7.23032E+01,1.36955E+01,7.23032E+01,7.23032E+01,7.23032E+01,7.23032E+01,7.23032E+01,8.78310E+00,7.23032E+01,1.42471E+01,7.23032E+01,7.23032E+01,7.23032E+01,7.23032E+01,7.23032E+01,1.36955E+01,7.23032E+01,1.42471E+01,7.23032E+01,1.42471E+01,7.23032E+01,7.23032E+01,7.23032E+01,7.23032E+01,7.23032E+01,7.23032E+01,7.23032E+01,7.23032E+01,3.39621E+00,7.23032E+01,7.23032E+01,7.23032E+01,1.42471E+01,7.23032E+01,7.23032E+01 
#t = 2.940E+03
1.42471E+01,7.23032E+01,7.23032E+01,7.23032E+01,7.23032E+01,7.23032E+01,1.27842E+01,7.23032E+01,7.23032E+01,7.23032E+01,7.23032E+01,7.23032E+01,7.23032E+01,7.23032E+01,7.23032E+01,7.23032E+01,7.23032E+01,7.23032E+01,7.23032E+01,7.23032E+01,7.23032E+01,7.23032E+01,7.23032E+01,1.50702E+01,7.23032E+01,7.23032E+01,7.23032E+01,7.23032E+01,7.23032E+01,7.23032E+01,7.23032E+01,7.23032E+01,7.23032E+01,7.23032E+01,7.23032E+01,7.23032E+01,7.23032E+01,7.23032E+01,7.23032E+01 
#t = 2.982E+03
7.23032E+01,7.23032E+01,1.27842E+01,7.23032E+01,7.23032E+01,7.23032E+01,7.23032E+01,7.23032E+01,7.23032E+01,7.23032E+01,7.23032E+01,7.23032E+01,7.23032E+01,7.23032E+01,7.23032E+01,7.23032E+01,7.23032E+01,7.23032E+01,7.23032E+01,7.23032E+01,7.23032E+01,7.23032E+01,8.55912E-01,1.94993E-01,7.23032E+01,7.23032E+01,7.23032E+01,7.23032E+01,7.23032E+01,7.23032E+01,7.23032E+01,7.23032E+01,7.23032E+01,9.14454E-01,7.23032E+01,1.78341E-01 
#t = 3.024E+03
7.23032E+01,7.23032E+01,7.23032E+01,7.23032E+01,7.23032E+01,7.23032E+01,7.23032E+01,7.23032E+01,7.23032E+01,7.23032E+01,7.23032E+01,7.23032E+01,7.23032E+01,7.23032E+01,7.23032E+01,7.23032E+01,7.23032E+01,7.23032E+01,7.23032E+01,7.23032E+01,7.23032E+01,7.23032E+01,7.23032E+01,7.23032E+01,7.23032E+01,7.23032E+01,7.23032E+01,7.23032E+01,7.23032E+01,3.09558E+00,7.23032E+01,7.23032E+01,7.23032E+01,7.23032E+01 
#t = 3.066E+03
7.23032E+01,7.23032E+01,7.23032E+01,7.23032E+01,7.23032E+01,7.23032E+01,7.23032E+01,7.23032E+01,7.23032E+01,7.23032E+01,7.23032E+01,7.23032E+01,7.23032E+01,7.23032E+01,7.23032E+01,7.23032E+01,7.23032E+01,7.23032E+01,7.23032E+01,7.23032E+01,7.23032E+01,7.23032E+01,7.23032E+01,7.23032E+01,7.23032E+01,7.23032E+01,7.23032E+01,7.23032E+01,7.23032E+01,7.23032E+01,7.23032E+01,7.23032E+01,7.23032E+01,7.23032E+01,7.23032E+01 
#t = 3.108E+03
7.23032E+01,7.23032E+01,7.23032E+01,7.23032E+01,7.23032E+01,7.23032E+01,7.23032E+01,1.10631E+01,7.23032E+01,7.23032E+01,7.23032E+01,7.23032E+01,7.23032E+01,7.23032E+01,7.23032E+01,7.23032E+01,7.23032E+01,7.23032E+01,7.23032E+01,7.23032E+01,9.51365E+00,7.23032E+01,7.23032E+01,7.23032E+01,7.23032E+01,7.23032E+01,7.23032E+01,7.23032E+01,7.23032E+01,7.23032E+01,1.65385E+00,7.23032E+01,7.23032E+01,7.23032E+01,7.23032E+01,7.23032E+01,7.23032E+01,7.23032E+01,7.23032E+01,1.02202E+00,7.23032E+01,7.23032E+01,7.23032E+01,7.23032E+01,7.23032E+01 
#t = 3.150E+03
7.23032E+01,7.23032E+01,7.23032E+01,7.23032E+01,7.23032E+01,7.23032E+01,7.23032E+01,7.23032E+01,7.23032E+01,7.23032E+01,7.23032E+01,7.23032E+01,7.23032E+01,8.76400E+00,7.23032E+01,7.23032E+01,7.23032E+01,7.23032E+01,7.23032E+01,7.23032E+01,7.23032E+01,7.23032E+01,7.23032E+01,7.23032E+01,7.23032E+01,7.23032E+01,7.23032E+01,7.23032E+01,7.23032E+01,7.23032E+01,1.48368E-01,7.23032E+01,7.23032E+01,7.23032E+01,7.23032E+01,7.23032E+01 
#t = 3.192E+03
7.23032E+01,7.23032E+01,7.23032E+01,7.23032E+01,7.23032E+01,7.23032E+01,7.23032E+01,7.23032E+01,7.23032E+01,7.23032E+01,7.23032E+01,7.23032E+01,7.23032E+01,7.23032E+01,7.23032E+01,7.23032E+01,7.23032E+01,7.23032E+01,7.23032E+01,7.23032E+01,7.23032E+01,7.23032E+01,7.23032E+01,7.23032E+01,7.23032E+01,7.23032E+01,7.23032E+01,7.23032E+01,7.23032E+01,7.23032E+01,7.23032E+01,7.23032E+01,7.23032E+01,7.23032E+01,7.23032E+01,7.23032E+01,7.23032E+01,7.23032E+01,7.23032E+01,7.23032E+01,7.23032E+01,7.23032E+01,7.23032E+01,9.52510E-01,7.23032E+01,9.89581E+00,7.23032E+01,7.23032E+01,6.48336E-01,3.92788E+00 
#t = 3.234E+03
7.23032E+01,7.23032E+01,7.23032E+01,7.23032E+01,7.23032E+01,7.23032E+01,7.23032E+01,7.23032E+01,7.23032E+01,2.29433E+01,7.23032E+01,7.23032E+01,7.23032E+01,7.23032E+01,7.23032E+01,7.23032E+01,7.23032E+01,7.23032E+01,7.23032E+01,7.23032E+01,7.23032E+01,7.23032E+01,7.23032E+01,7.23032E+01,7.23032E+01,7.23032E+01,7.23032E+01,7.23032E+01,2.68407E+01,1.85869E+00,7.23032E+01,6.79750E+00,7.23032E+01,7.23032E+01,7.23032E+01,9.03757E+00,7.23032E+01,7.23032E+01,7.23032E+01 
#t = 3.276E+03
7.23032E+01,7.23032E+01,7.23032E+01,7.23032E+01,7.23032E+01,7.23032E+01,7.23032E+01,7.23032E+01,7.23032E+01,7.23032E+01,7.23032E+01,7.23032E+01,7.23032E+01,7.23032E+01,7.23032E+01,7.23032E+01,7.23032E+01,7.23032E+01,7.23032E+01,2.68407E+01,7.23032E+01,7.23032E+01,7.23032E+01,8.74599E+00,7.23032E+01,7.23032E+01,7.23032E+01,7.23032E+01,7.23032E+01,7.23032E+01,7.23032E+01,7.23032E+01,7.23032E+01,7.23032E+01,7.23032E+01,7.23032E+01,7.23032E+01,7.23032E+01,7.23032E+01,7.23032E+01,7.23032E+01,7.23032E+01,7.91660E+01,7.23032E+01,7.23032E+01,7.91660E+01,7.23032E+01,1.02384E+00 
#t = 3.318E+03
7.23032E+01,7.23032E+01,7.23032E+01,7.23032E+01,7.23032E+01,2.68407E+01,7.23032E+01,7.23032E+01,7.23032E+01,7.23032E+01,7.23032E+01,4.55906E+01,7.23032E+01,7.23032E+01,7.23032E+01,7.23032E+01,7.23032E+01,2.30490E+01,7.23032E+01,7.23032E+01,7.23032E+01,2.68407E+01,7.23032E+01,7.23032E+01,7.23032E+01,2.68407E+01,2.30490E+01,7.23032E+01,7.23032E+01,7.23032E+01,2.30490E+01,7.23032E+01,2.68407E+01,7.23032E+01,2.30490E+01,1.94874E+00,7.23032E+01,9.37586E+00,7.23032E+01,4.93628E+00,8.47418E-01,7.23032E+01 
#t = 3.360E+03
4.55906E+01,7.23032E+01,7.23032E+01,7.23032E+01,7.23032E+01,2.30490E+01,7.23032E+01,7.23032E+01,7.23032E+01,2.30490E+01,7.23032E+01,7.23032E+01,7.23032E+01,7.23032E+01,7.23032E+01,7.23032E+01,7.23032E+01,4.55906E+01,7.23032E+01,7.23032E+01,7.23032E+01,7.23032E+01,7.23032E+01,7.23032E+01,7.23032E+01,7.23032E+01,7.23032E+01,7.23032E+01,7.23032E+01,7.23032E+01,7.23032E+01,7.23032E+01,7.23032E+01,7.23032E+01,7.23032E+01,7.23032E+01,1.36082E+00,7.23032E+01,2.30490E+01 
#t = 3.402E+03
7.23032E+01,4.55906E+01,7.23032E+01,1.57237E+02,1.57237E+02,7.23032E+01,4.55906E+01,7.23032E+01,7.23032E+01,1.57237E+02,7.23032E+01,7.23032E+01,7.98712E+00,7.23032E+01,7.23032E+01,1.57237E+02,4.55906E+01,7.23032E+01,7.23032E+01,7.23032E+01,2.30490E+01,7.23032E+01,7.23032E+01,7.23032E+01,4.55906E+01,7.23032E+01,7.23032E+01,7.23032E+01,7.23032E+01,7.23032E+01,7.23032E+01,7.23032E+01,4.55906E+01,7.23032E+01,7.23032E+01,7.23032E+01,1.57237E+02,7.23032E+01,1.57237E+02,4.55906E+01,3.66027E-02,7.23032E+01,7.23032E+01,7.23032E+01 
#t = 3.444E+03
7.23032E+01,1.57237E+02,7.23032E+01,7.23032E+01,7.23032E+01,7.23032E+01,7.23032E+01,7.23032E+01,7.23032E+01,3.41195E+00,7.23032E+01,7.23032E+01,1.57237E+02,7.23032E+01,7.23032E+01,7.23032E+01,7.23032E+01,1.57237E+02,1.57237E+02,7.23032E+01,7.23032E+01,7.23032E+01,7.23032E+01,1.57237E+02,7.23032E+01,7.23032E+01,1.57237E+02,7.23032E+01,7.23032E+01,7.23032E+01,7.23032E+01,1.57237E+02,7.23032E+01,1.57237E+02,7.23032E+01,6.86708E-01,1.57237E+02,7.23032E+01,7.23032E+01,7.23032E+01,1.78506E+00,2.52574E-01,7.23032E+01,1.57237E+02 
#t = 3.486E+03
7.23032E+01,1.57237E+02,1.57237E+02,7.23032E+01,7.23032E+01,7.23032E+01,7.23032E+01,7.23032E+01,7.23032E+01,7.23032E+01,1.57237E+02,7.23032E+01,7.23032E+01,7.23032E+01,7.23032E+01,1.57237E+02,7.23032E+01,7.23032E+01,7.23032E+01,1.57237E+02,7.23032E+01,7.23032E+01,1.57237E+02,1.57237E+02,1.57237E+02,7.23032E+01,7.23032E+01,7.23032E+01,7.23032E+01,7.23032E+01,1.57237E+02,7.23032E+01,7.23032E+01,7.23032E+01,7.23032E+01,7.23032E+01,7.23032E+01,7.23032E+01,7.23032E+01,7.23032E+01,7.23032E+01,1.16009E+00,4.17942E+00,1.57237E+02,7.23032E+01,7.23032E+01,1.57237E+02 
#t = 3.528E+03
7.23032E+01,1.57237E+02,7.23032E+01,7.23032E+01,7.23032E+01,7.23032E+01,7.23032E+01,7.23032E+01,1.57237E+02,1.57237E+02,7.23032E+01,7.23032E+01,7.23032E+01,7.23032E+01,7.23032E+01,7.23032E+01,7.23032E+01,7.23032E+01,7.23032E+01,7.23032E+01,7.23032E+01,7.23032E+01,7.23032E+01,7.23032E+01,7.23032E+01,7.23032E+01,7.23032E+01,7.23032E+01,7.23032E+01,7.23032E+01,2.86719E-01,7.23032E+01,7.23032E+01,7.23032E+01,7.23032E+01,2.29241E-01 
#t = 3.570E+03
7.23032E+01,7.23032E+01,7.23032E+01,7.23032E+01,1.57237E+02,7.23032E+01,7.23032E+01,7.23032E+01,1.57237E+02,1.57237E+02,1.57237E+02,7.23032E+01,7.23032E+01,7.23032E+01,7.23032E+01,7.23032E+01,1.57237E+02,8.34413E+00,7.23032E+01,7.23032E+01,7.23032E+01,7.23032E+01,1.57237E+02,1.57237E+02,7.23032E+01,7.23032E+01,7.23032E+01,1.57237E+02,7.23032E+01,1.57237E+02,4.45652E-01,7.23032E+01,7.23032E+01,7.23032E+01,7.23032E+01 
#t = 3.612E+03
1.57237E+02,7.23032E+01,7.23032E+01,7.23032E+01,7.23032E+01,7.23032E+01,7.23032E+01,1.57237E+02,7.23032E+01,1.57237E+02,7.23032E+01,1.57237E+02,7.23032E+01,7.23032E+01,1.57237E+02,1.57237E+02,7.23032E+01,1.57237E+02,7.23032E+01,1.57237E+02,7.26006E+00,1.57237E+02,7.23032E+01,7.23032E+01,7.23032E+01,7.23032E+01,7.23032E+01,7.23032E+01,1.57237E+02,7.23032E+01,7.23032E+01,1.57237E+02,1.57237E+02,7.23032E+01,7.23032E+01,7.23032E+01,7.23032E+01,1.57237E+02,1.57237E+02,1.13085E+01,7.23032E+01,1.57237E+02,7.23032E+01,7.23032E+01,7.23032E+01,7.23032E+01,6.46560E+00 
#t = 3.654E+03
7.23032E+01,7.23032E+01,1.57237E+02,7.23032E+01,7.23032E+01,7.23032E+01,7.23032E+01,1.57237E+02,7.23032E+01,1.57237E+02,1.57237E+02,7.23032E+01,1.57237E+02,1.57237E+02,1.57237E+02,7.23032E+01,7.23032E+01,1.57237E+02,7.23032E+01,1.57237E+02,7.23032E+01,1.57237E+02,1.57237E+02,7.23032E+01,1.57237E+02,7.23032E+01,7.23032E+01,1.57237E+02,7.23032E+01,1.57237E+02,4.00594E-01,7.23032E+01,7.23032E+01,7.23032E+01,7.23032E+01,7.23032E+01,1.57237E+02,7.23032E+01,1.57237E+02,1.57237E+02,1.57237E+02,7.23032E+01,7.23032E+01,7.23032E+01,7.23032E+01,1.57237E+02,1.05593E+01,1.19022E+00 
#t = 3.696E+03
1.57237E+02,7.23032E+01,7.23032E+01,7.23032E+01,7.23032E+01,1.57237E+02,7.23032E+01,1.57237E+02,7.23032E+01,1.57237E+02,1.57237E+02,1.57237E+02,7.23032E+01,7.23032E+01,1.57237E+02,1.57237E+02,7.23032E+01,1.57237E+02,1.57237E+02,1.57237E+02,1.57237E+02,7.23032E+01,7.23032E+01,1.57237E+02,1.57237E+02,5.52964E+00,1.57237E+02,1.57237E+02,4.99194E+00,1.57237E+02,7.23032E+01,7.23032E+01,7.23032E+01,8.26037E-01,7.23032E+01,1.02525E+00,1.13466E+00 
#t = 3.738E+03
1.57237E+02,1.57237E+02,7.23032E+01,7.23032E+01,1.57237E+02,1.57237E+02,7.23032E+01,1.57237E+02,1.57237E+02,7.23032E+01,7.23032E+01,1.57237E+02,1.57237E+02,1.57237E+02,1.57237E+02,7.23032E+01,1.53874E+01,1.53874E+01,1.57237E+02,1.57237E+02,1.57237E+02,1.57237E+02,1.47794E+01,1.57237E+02,7.23032E+01,1.57237E+02,1.20656E+01,1.57237E+02,7.23032E+01,8.93936E-01,7.23032E+01,1.57237E+02,1.57237E+02,7.23032E+01,1.57237E+02,7.23032E+01,1.57237E+02,1.57237E+02,1.57237E+02 
#t = 3.780E+03
7.23032E+01,1.57237E+02,1.57237E+02,7.23032E+01,7.23032E+01,1.57237E+02,1.57237E+02,1.57237E+02,1.57237E+02,1.57237E+02,1.15587E+01,1.57237E+02,1.57237E+02,1.57237E+02,1.15587E+01,1.57237E+02,1.57237E+02,1.57237E+02,1.15587E+01,7.23032E+01,1.57237E+02,1.57237E+02,4.52416E+00,1.57237E+02,7.23032E+01,1.57237E+02,7.23032E+01,7.23032E+01,7.23032E+01,1.57237E+02,7.23032E+01,7.23032E+01,1.57237E+02,1.57237E+02,7.23032E+01,1.57237E+02,1.57237E+02,1.15587E+01 
#t = 3.822E+03
1.57237E+02,1.57237E+02,1.57237E+02,7.23032E+01,1.57237E+02,1.57237E+02,7.23032E+01,1.57237E+02,1.15587E+01,1.57237E+02,7.23032E+01,1.57237E+02,1.57237E+02,7.23032E+01,1.57237E+02,7.23032E+01,1.57237E+02,1.57237E+02,7.23032E+01,1.15587E+01,7.23032E+01,7.23032E+01,7.23032E+01,7.23032E+01,7.23032E+01,7.23032E+01,7.23032E+01,1.57237E+02,1.57237E+02,7.23032E+01,1.57237E+02,7.23032E+01,7.23032E+01,1.57237E+02,1.57237E+02,2.96107E+00,3.19753E+00,7.23032E+01,1.57237E+02,1.41975E+00,1.57237E+02 
#t = 3.864E+03
7.23032E+01,1.57237E+02,7.23032E+01,7.23032E+01,1.57237E+02,1.57237E+02,1.57237E+02,1.15587E+01,7.23032E+01,1.57237E+02,7.23032E+01,7.23032E+01,1.57237E+02,7.23032E+01,1.57237E+02,1.57237E+02,7.23032E+01,1.57237E+02,7.23032E+01,7.23032E+01,1.57237E+02,1.15587E+01,1.57237E+02,1.15587E+01,1.57237E+02,7.23032E+01,1.15587E+01,3.81657E+01,7.23032E+01,1.15587E+01,1.15587E+01,1.15587E+01,7.23032E+01,1.57237E+02,1.57237E+02,7.23032E+01,7.23032E+01,7.23032E+01,7.23032E+01,7.23032E+01,1.57237E+02,7.23032E+01,1.12434E+01,7.23032E+01,1.20959E+02,7.23032E+01,1.57237E+02,1.57237E+02,3.49470E-01,1.57237E+02,1.12434E+01 
#t = 3.906E+03
7.23032E+01,1.57237E+02,1.57237E+02,1.57237E+02,1.57237E+02,1.57237E+02,1.57237E+02,7.23032E+01,1.20959E+02,7.23032E+01,1.57237E+02,1.20959E+02,1.57237E+02,1.57237E+02,1.57237E+02,1.15587E+01,1.57237E+02,1.57237E+02,1.57237E+02,1.57237E+02,1.57237E+02,7.23032E+01,3.21481E+00,1.57237E+02,1.57237E+02,7.23032E+01,1.57237E+02,1.57237E+02,1.57237E+02,1.40279E+01,1.57237E+02,7.23032E+01,1.57237E+02,1.20959E+02,1.57237E+02,1.21817E-01 
#t = 3.948E+03
1.57237E+02,7.23032E+01,1.57237E+02,1.40279E+01,1.57237E+02,1.15587E+01,1.57237E+02,1.40279E+01,1.57237E+02,1.15587E+01,1.57237E+02,1.57237E+02,1.59529E+01,1.57237E+02,1.57237E+02,1.57237E+02,1.57237E+02,1.57237E+02,1.57237E+02,1.57237E+02,1.57237E+02,1.57237E+02,1.57237E+02,1.57237E+02,1.57237E+02,1.57237E+02,1.15587E+01,1.57237E+02,1.57237E+02,1.57237E+02,1.57237E+02,1.40279E+01,8.64689E-01,8.05669E+00,1.57237E+02,7.23032E+01,1.57237E+02,1.57237E+02,3.03944E+00,1.57237E+02,1.57237E+02,1.57237E+02 
#t = 3.990E+03
1.57237E+02,1.15587E+01,7.23032E+01,1.57237E+02,1.57237E+02,1.57237E+02,1.57237E+02,1.57237E+02,7.23032E+01,1.57237E+02,1.57237E+02,1.57237E+02,1.57237E+02,7.23032E+01,1.57237E+02,1.57237E+02,1.57237E+02,1.57237E+02,1.57237E+02,1.57237E+02,1.57237E+02,1.57237E+02,1.57237E+02,1.57237E+02,1.57237E+02,1.57237E+02,1.57237E+02,1.57237E+02,1.57237E+02,1.57237E+02,7.23032E+01,1.57237E+02,1.57237E+02,1.57237E+02,7.23032E+01,1.57237E+02,1.57237E+02,1.57237E+02,1.57237E+02,6.33915E-01,1.57237E+02,1.57237E+02,1.57237E+02,1.57237E+02,8.85503E-01 
#t = 4.032E+03
1.57237E+02,7.23032E+01,1.57237E+02,1.57237E+02,1.57237E+02,1.57237E+02,1.57237E+02,1.57237E+02,1.57237E+02,1.57237E+02,1.57237E+02,1.81759E+01,1.57237E+02,1.57237E+02,1.57237E+02,1.57237E+02,1.57237E+02,1.57237E+02,1.57237E+02,1.57237E+02,1.57237E+02,7.23032E+01,1.57237E+02,1.57237E+02,1.57237E+02,7.23032E+01,2.74567E+01,2.74567E+01,1.57237E+02,2.74567E+01,3.18906E+00,1.57237E+02,1.57237E+02,2.11904E+01,7.23032E+01,1.57237E+02,1.57237E+02,1.57237E+02,2.74567E+01,2.74567E+01,1.57237E+02,1.57237E+02,2.74567E+01,1.57237E+02,7.23032E+01,7.23032E+01,1.57237E+02,1.57237E+02,2.74567E+01,1.57237E+02,1.57237E+02,1.57237E+02,6.82770E-02,1.57237E+02,2.80490E-01 
#t = 4.074E+03
1.57237E+02,1.57237E+02,7.23032E+01,2.74567E+01,2.11904E+01,1.57237E+02,1.57237E+02,1.57237E+02,1.57237E+02,2.74567E+01,1.57237E+02,1.57237E+02,1.57237E+02,1.57237E+02,1.57237E+02,2.74567E+01,1.57237E+02,1.57237E+02,1.57237E+02,1.57237E+02,1.57237E+02,1.57237E+02,1.57237E+02,1.57237E+02,1.57237E+02,1.57237E+02,1.57237E+02,1.57237E+02,1.57237E+02,1.57237E+02,2.74567E+01,4.20764E+00,1.57237E+02,1.57237E+02,1.57237E+02,8.48034E-01,7.23032E+01,2.74567E+01,2.98915E-01,7.23032E+01,7.23032E+01,1.57237E+02,1.57237E+02 
#t = 4.116E+03
1.57237E+02,1.57237E+02,1.57237E+02,1.57237E+02,1.57237E+02,1.57237E+02,1.57237E+02,1.57237E+02,2.74567E+01,1.57237E+02,1.57237E+02,1.57237E+02,1.57237E+02,1.57237E+02,1.57237E+02,1.57237E+02,1.57237E+02,1.57237E+02,1.57237E+02,1.57237E+02,1.57237E+02,6.66502E+00,1.57237E+02,1.57237E+02,1.57237E+02,1.57237E+02,1.57237E+02,1.57237E+02,1.57237E+02,1.57237E+02,1.57237E+02,2.74567E+01,1.57237E+02,1.57237E+02,5.10947E-01,2.74567E+01,1.57237E+02,2.74567E+01,1.57237E+02,1.57237E+02,1.57237E+02,1.57237E+02,1.57237E+02 
#t = 4.158E+03
1.57237E+02,1.57237E+02,1.57237E+02,1.57237E+02,4.72062E+01,1.57237E+02,1.57237E+02,1.57237E+02,1.57237E+02,1.57237E+02,1.57237E+02,1.57237E+02,1.57237E+02,1.57237E+02,1.57237E+02,1.57237E+02,3.82868E+01,1.57237E+02,1.57237E+02,1.57237E+02,1.57237E+02,1.57237E+02,1.57237E+02,1.57237E+02,1.57237E+02,1.57237E+02,1.57237E+02,1.57237E+02,1.57237E+02,1.57237E+02,1.57237E+02,2.32228E+01,1.57237E+02,1.57237E+02,1.57237E+02,1.57237E+02,1.57237E+02,2.32228E+01,2.32228E+01,1.57237E+02,1.83371E+00,1.57237E+02 
#t = 4.200E+03
1.57237E+02,1.57237E+02,1.57237E+02,2.32228E+01,1.57237E+02,2.32228E+01,1.57237E+02,1.57237E+02,1.57237E+02,2.32228E+01,3.80863E+01,1.57237E+02,2.32228E+01,1.57237E+02,1.57237E+02,1.57237E+02,1.57237E+02,1.57237E+02,1.57237E+02,1.57237E+02,1.57237E+02,1.57237E+02,1.57237E+02,1.57237E+02,1.57237E+02,1.57237E+02,1.57237E+02,1.57237E+02,1.57237E+02,1.57237E+02,1.57237E+02,1.57237E+02,1.57237E+02,1.57237E+02,1.57237E+02,1.57237E+02,1.57237E+02,1.57237E+02,1.57237E+02,1.57237E+02,1.57237E+02,1.57237E+02,2.32228E+01,1.09324E+00,1.40992E+00,1.57237E+02,1.57237E+02 
