#t = 0.000E+00
4.18962E+00,3.12936E+00,6.22553E-02,1.47790E+00,1.36044E+00 
#t = 4.200E+01
3.06569E+01,3.06569E+01,3.06569E+01,3.06569E+01,3.06569E+01,3.06569E+01,3.06569E+01,3.06569E+01,3.06569E+01,1.31842E+02,7.08299E+00,3.06569E+01 
#t = 8.400E+01
3.06569E+01,3.06569E+01,3.06569E+01,3.06569E+01,3.06569E+01,3.06569E+01,3.06569E+01,3.06569E+01,3.06569E+01,3.06569E+01,3.06569E+01,3.06569E+01,3.06569E+01,3.06569E+01,3.06569E+01,3.06569E+01,3.06569E+01,3.06569E+01,3.06569E+01,3.06569E+01,3.06569E+01,3.06569E+01,3.06569E+01,3.06569E+01,3.06569E+01,3.06569E+01,3.06569E+01,1.30560E+00,3.06569E+01,3.06569E+01,3.06569E+01,6.55144E-01 
#t = 1.260E+02
3.06569E+01,3.06569E+01,3.06569E+01,3.06569E+01,3.06569E+01,3.06569E+01,3.06569E+01,3.06569E+01,3.06569E+01,3.06569E+01,3.06569E+01,3.06569E+01,3.06569E+01,3.06569E+01,3.06569E+01,3.06569E+01,3.06569E+01,3.06569E+01,3.06569E+01,3.06569E+01,2.12414E+01,3.06569E+01,3.06569E+01,3.06569E+01,1.18536E+00,3.06569E+01,3.06569E+01,9.33545E-01,2.91132E+00,2.70795E+00 
#t = 1.680E+02
3.06569E+01,3.06569E+01,3.06569E+01,3.06569E+01,3.06569E+01,3.06569E+01,3.06569E+01,3.06569E+01,1.68290E+01,1.68290E+01,3.06569E+01,3.06569E+01,3.06569E+01,3.06569E+01,3.06569E+01,3.06569E+01,3.06569E+01,1.68290E+01,3.06569E+01,1.68290E+01,1.68290E+01,1.68290E+01,3.06569E+01,3.06569E+01,1.68290E+01,3.06569E+01,3.06569E+01 
#t = 2.100E+02
1.68290E+01,3.06569E+01,3.06569E+01,3.06569E+01,3.06569E+01,3.06569E+01,3.06569E+01,9.07490E+00,3.06569E+01,3.06569E+01,3.06569E+01,3.06569E+01,3.06569E+01,3.06569E+01,3.06569E+01,3.06569E+01,3.06569E+01,3.06569E+01,3.06569E+01,3.06569E+01,3.06569E+01,3.06569E+01,3.06569E+01,3.06569E+01,3.06569E+01 
#t = 2.520E+02
3.06569E+01,3.06569E+01,3.06569E+01,3.06569E+01,3.06569E+01,3.06569E+01,3.06569E+01,3.06569E+01,3.06569E+01,3.06569E+01,3.06569E+01,3.06569E+01,3.06569E+01,3.06569E+01,6.18250E+01,3.06569E+01,3.06569E+01,3.06569E+01,4.99783E+00,3.06569E+01,3.06569E+01,3.06569E+01,3.06569E+01,3.06569E+01,3.06569E+01,3.06569E+01,3.06569E+01,3.06569E+01,1.40860E+01,3.06569E+01,3.06569E+01,1.41376E+01,3.06569E+01,3.06569E+01 
#t = 2.940E+02
3.06569E+01,3.06569E+01,3.06569E+01,3.06569E+01,3.06569E+01,6.18250E+01,3.06569E+01,1.82934E+01,3.06569E+01,3.06569E+01,1.82934E+01,3.06569E+01,3.06569E+01,3.06569E+01,3.06569E+01,1.82934E+01,1.82934E+01,3.06569E+01,3.06569E+01,3.06569E+01,1.82934E+01,3.06569E+01,1.82934E+01,3.06569E+01,3.06569E+01,3.06569E+01,3.06569E+01,3.06569E+01,3.06569E+01,1.90853E-01,3.06569E+01,2.89812E+00,1.82934E+01,3.06569E+01,3.06569E+01,1.73844E+00,3.06569E+01,3.06569E+01 
#t = 3.360E+02
1.82934E+01,3.06569E+01,3.06569E+01,3.06569E+01,3.06569E+01,3.06569E+01,3.06569E+01,3.06569E+01,3.06569E+01,3.06569E+01,3.06569E+01,3.06569E+01,3.62173E+00,1.82934E+01,3.06569E+01,3.06569E+01,1.82934E+01,3.06569E+01,3.06569E+01,1.82934E+01,1.82934E+01,3.06569E+01,3.06569E+01,5.58341E+01,3.06569E+01,3.06569E+01,1.82934E+01,3.06569E+01,3.06569E+01,3.06569E+01,3.06569E+01,1.82934E+01,3.06569E+01,8.93573E-02 
#t = 3.780E+02
3.06569E+01,3.06569E+01,3.06569E+01,3.06569E+01,3.06569E+01,3.06569E+01,3.06569E+01,3.06569E+01,3.06569E+01,3.06569E+01,1.18178E+01,3.06569E+01,3.06569E+01,1.18178E+01,3.06569E+01,3.06569E+01,3.06569E+01,1.81061E+01,1.33557E+00,3.06569E+01,1.81061E+01,3.06569E+01,1.22645E+01,7.17959E+00,3.06569E+01,3.06569E+01,6.88037E-02 
#t = 4.200E+02
3.06569E+01,3.06569E+01,3.06569E+01,3.06569E+01,3.06569E+01,3.06569E+01,3.06569E+01,3.06569E+01,3.57540E+00,3.06569E+01,3.06569E+01,3.06569E+01,3.06569E+01,3.06569E+01,3.06569E+01,3.06569E+01,3.06569E+01,3.06569E+01,3.06569E+01,3.06569E+01,3.06569E+01,3.06569E+01,3.06569E+01,4.11457E+01,3.06569E+01,3.06569E+01,3.06569E+01,3.06569E+01,3.06569E+01,3.06569E+01,3.06569E+01,3.06569E+01,4.11457E+01,3.06569E+01,3.06569E+01,2.13082E+01,4.11457E+01,3.06569E+01,3.06569E+01,1.46490E+01,3.06569E+01,3.06569E+01,3.06569E+01,3.06569E+01,3.06569E+01,3.06569E+01,3.06569E+01,3.33723E-01,3.06569E+01 
#t = 4.620E+02
3.06569E+01,3.06569E+01,3.06569E+01,3.06569E+01,3.06569E+01,3.06569E+01,3.06569E+01,1.41556E+01,3.06569E+01,3.06569E+01,3.06569E+01,4.09237E+01,3.06569E+01,3.06569E+01,2.36609E+01,2.91366E+01,4.09237E+01,3.06569E+01,3.06569E+01,3.06569E+01,3.06569E+01,3.06569E+01,3.06569E+01,3.06569E+01,3.06569E+01,3.06569E+01,3.06569E+01,4.09237E+01,1.96408E-01,4.38306E-01,3.06569E+01,3.06569E+01,9.94919E-02 
#t = 5.040E+02
3.06569E+01,3.06569E+01,3.06569E+01,3.06569E+01,3.06569E+01,3.06569E+01,1.41556E+01,4.09237E+01,4.09237E+01,3.06569E+01,3.06569E+01,3.06569E+01,2.91366E+01,3.06569E+01,3.06569E+01,3.06569E+01,2.91366E+01,3.06569E+01,3.06569E+01,3.06569E+01,3.06569E+01,3.06569E+01,3.06569E+01,3.06569E+01,3.06569E+01,1.41556E+01,3.06569E+01,3.06569E+01,2.91366E+01,1.07897E+00,2.91366E+01,4.09237E+01 
#t = 5.460E+02
3.06569E+01,3.06569E+01,3.06569E+01,3.06569E+01,3.06569E+01,3.06569E+01,3.06569E+01,1.46483E+01,2.91366E+01,4.09237E+01,3.06569E+01,3.06569E+01,1.39358E+01,3.06569E+01,4.09237E+01,1.46483E+01,4.09237E+01,1.39358E+01,1.41556E+01,4.09237E+01,2.91366E+01,4.09237E+01,3.06569E+01,3.06569E+01,3.06569E+01,3.06569E+01,1.39358E+01,4.09237E+01,1.39358E+01,3.06569E+01,7.99169E+00,4.01510E-01,1.39358E+01,3.06569E+01,1.41556E+01 
#t = 5.880E+02
3.06569E+01,3.06569E+01,3.06569E+01,3.06569E+01,3.06569E+01,3.06569E+01,4.09237E+01,3.06569E+01,3.06569E+01,3.06569E+01,3.06569E+01,3.06569E+01,4.09237E+01,3.06569E+01,3.06569E+01,4.09237E+01,3.06569E+01,3.06569E+01,4.09237E+01,4.09237E+01,3.06569E+01,3.06569E+01,3.06569E+01,3.06569E+01,3.06569E+01,4.09237E+01,3.06569E+01,4.09237E+01,3.06569E+01,3.06569E+01,6.06272E-01,3.06569E+01,3.06569E+01,3.06569E+01,3.06569E+01,3.06569E+01,3.06569E+01,3.06569E+01,3.06569E+01 
#t = 6.300E+02
3.06569E+01,3.06569E+01,3.06569E+01,3.06569E+01,3.06569E+01,3.06569E+01,4.09237E+01,3.06569E+01,3.06569E+01,3.06569E+01,3.06569E+01,4.19434E+00,3.06569E+01,3.06569E+01,3.06569E+01,3.06569E+01,3.06569E+01,3.06569E+01,3.06569E+01,3.06569E+01,3.06569E+01,4.09237E+01,4.09237E+01,4.09237E+01,3.06569E+01,3.06569E+01,3.06569E+01,4.92047E-02,4.09237E+01,4.09237E+01,3.62985E-01,3.06569E+01,3.06569E+01 
#t = 6.720E+02
3.06569E+01,3.06569E+01,4.09237E+01,3.06569E+01,3.06569E+01,3.06569E+01,3.06569E+01,3.06569E+01,3.06569E+01,3.06569E+01,3.06569E+01,3.06569E+01,3.06569E+01,4.09237E+01,3.06569E+01,4.09237E+01,1.71786E+01,4.09237E+01,4.09237E+01,3.06569E+01,3.06569E+01,3.06569E+01,3.06569E+01,3.06569E+01,3.06569E+01,3.06569E+01,3.06569E+01,4.09237E+01,3.06569E+01,4.38572E+00,3.06569E+01,3.06569E+01,3.06569E+01,3.06569E+01,3.06569E+01,9.47942E-01,3.06569E+01,3.06569E+01,6.49514E-01,5.47546E+01 
#t = 7.140E+02
4.09237E+01,5.47546E+01,4.09237E+01,3.06569E+01,3.06569E+01,4.09237E+01,3.06569E+01,3.06569E+01,3.06569E+01,3.06569E+01,3.06569E+01,3.06569E+01,3.06569E+01,4.09237E+01,3.06569E+01,4.09237E+01,3.06569E+01,3.06569E+01,3.06569E+01,3.06569E+01,4.09237E+01,3.24233E+00,3.06569E+01,3.06569E+01,3.06569E+01,7.95349E+00,4.09237E+01,3.06569E+01,3.06569E+01,3.06569E+01,4.00440E+00,3.06569E+01,4.09237E+01,3.06569E+01,1.43707E+00,4.09237E+01 
#t = 7.560E+02
3.06569E+01,4.09237E+01,3.06569E+01,3.06569E+01,4.09237E+01,3.06569E+01,3.06569E+01,4.28478E+01,4.28478E+01,3.06569E+01,3.06569E+01,4.09237E+01,3.06569E+01,4.09237E+01,4.09237E+01,2.36265E+01,3.06569E+01,3.06569E+01,3.06569E+01,3.06569E+01,3.06569E+01,4.09237E+01,3.06569E+01,4.09237E+01,3.06569E+01,3.06569E+01,3.06569E+01,4.09237E+01,4.09237E+01,3.06569E+01,4.09237E+01,4.09237E+01,4.09237E+01,3.06569E+01,4.09237E+01,3.06569E+01,4.09237E+01,4.09237E+01,4.09237E+01,4.09237E+01,3.06569E+01,4.09237E+01 
#t = 7.980E+02
4.28478E+01,3.06569E+01,3.06569E+01,3.06569E+01,4.09237E+01,4.09237E+01,2.36265E+01,2.36265E+01,4.09237E+01,3.06569E+01,4.09237E+01,3.06569E+01,3.06569E+01,3.06569E+01,4.09237E+01,4.09237E+01,3.06569E+01,4.09237E+01,4.09237E+01,4.09237E+01,4.09237E+01,3.06569E+01,4.09237E+01,3.06569E+01,2.36265E+01,3.06569E+01,4.09237E+01,3.06569E+01,4.09237E+01,3.06569E+01,4.09237E+01,3.06569E+01,4.09237E+01,4.09237E+01,3.06569E+01,2.36265E+01,3.06569E+01,3.06569E+01,4.09237E+01,3.06569E+01,3.06569E+01 
#t = 8.400E+02
2.36265E+01,4.09237E+01,4.09237E+01,4.09237E+01,4.09237E+01,4.09237E+01,4.09237E+01,3.06569E+01,3.06569E+01,4.09237E+01,4.09237E+01,4.09237E+01,4.09237E+01,4.09237E+01,4.09237E+01,4.09237E+01,4.09237E+01,4.09237E+01,2.36265E+01,4.09237E+01,4.09237E+01,4.09237E+01,2.36265E+01,4.09237E+01,4.09237E+01,6.93425E+00,4.09237E+01,4.09237E+01,3.06569E+01,4.09237E+01,4.61780E+00,4.09237E+01,4.09237E+01,4.09237E+01,4.09237E+01,4.09237E+01,3.06569E+01,4.09237E+01,3.06569E+01,4.09237E+01,4.09237E+01,4.09237E+01,1.52561E-01,4.09237E+01,4.09237E+01,1.83844E+00 
#t = 8.820E+02
2.36265E+01,4.09237E+01,4.09237E+01,4.09237E+01,4.09237E+01,3.06569E+01,1.61094E+01,1.61094E+01,4.09237E+01,3.06569E+01,1.61094E+01,3.87530E+00,4.09237E+01,1.61094E+01,1.61094E+01,1.61094E+01,4.09237E+01,4.09237E+01,1.61094E+01,4.09237E+01,3.06569E+01,4.09237E+01,4.09237E+01,3.06569E+01,1.61094E+01,3.06569E+01,1.61094E+01,1.61094E+01,4.58588E+01,4.09237E+01,3.40516E-01 
#t = 9.240E+02
4.09237E+01,1.61094E+01,3.06569E+01,4.09237E+01,1.61094E+01,4.09237E+01,4.09237E+01,4.58588E+01,4.09237E+01,4.09237E+01,4.09237E+01,4.09237E+01,1.61094E+01,4.09237E+01,4.09237E+01,4.09237E+01,1.61094E+01,2.36265E+01,4.09237E+01,4.09237E+01,2.36265E+01,2.36265E+01,4.09237E+01,1.61094E+01,4.09237E+01,1.61094E+01,4.09237E+01,4.09237E+01,4.09237E+01,4.09237E+01,4.09237E+01,4.09237E+01,4.09237E+01,1.57928E+01,4.09237E+01,4.09237E+01,8.93192E-01,1.61094E+01,1.86587E+01,4.09237E+01,4.09237E+01,4.09237E+01,4.09237E+01,4.09237E+01,4.09237E+01,4.09237E+01,4.11954E+00,4.09237E+01 
#t = 9.660E+02
4.09237E+01,4.09237E+01,4.09237E+01,2.36265E+01,4.09237E+01,4.09237E+01,4.09237E+01,4.09237E+01,1.80816E+01,4.09237E+01,4.09237E+01,4.09237E+01,4.09237E+01,4.09237E+01,4.09237E+01,4.09237E+01,4.09237E+01,1.80816E+01,4.09237E+01,4.09237E+01,4.09237E+01,4.09237E+01,4.09237E+01,3.38269E+00,1.80816E+01,4.09237E+01,4.09237E+01,4.09237E+01,4.09237E+01,2.07455E+00,4.09237E+01,4.09237E+01,4.09237E+01,3.44950E+00,1.11356E+01,4.09237E+01,4.09237E+01 
#t = 1.008E+03
4.09237E+01,1.11356E+01,4.09237E+01,4.09237E+01,4.09237E+01,4.09237E+01,4.09237E+01,4.09237E+01,4.09237E+01,1.11356E+01,4.09237E+01,2.51977E+01,4.09237E+01,4.09237E+01,4.09237E+01,4.09237E+01,4.09237E+01,1.80816E+01,4.09237E+01,1.80816E+01,2.51977E+01,4.09237E+01,2.51977E+01,1.80816E+01,4.09237E+01,4.09237E+01,4.09237E+01,2.51977E+01,4.09237E+01,2.51977E+01,4.09237E+01,2.51977E+01,4.09237E+01,4.09237E+01,4.09237E+01,4.09237E+01,9.74781E+00,4.09237E+01,4.09237E+01,4.09237E+01,1.11356E+01,4.09237E+01,3.18577E-01,2.74006E+00,4.09237E+01,2.74348E+00,4.09237E+01 
#t = 1.050E+03
1.11356E+01,1.80816E+01,4.09237E+01,2.51977E+01,2.07530E+01,4.09237E+01,4.09237E+01,4.09237E+01,4.09237E+01,1.11356E+01,4.09237E+01,2.51977E+01,4.09237E+01,4.09237E+01,4.09237E+01,4.09237E+01,4.09237E+01,4.09237E+01,4.09237E+01,2.51977E+01,4.09237E+01,4.09237E+01,4.09237E+01,4.09237E+01,4.09237E+01,4.09237E+01,4.09237E+01,4.09237E+01,4.09237E+01,4.09237E+01,4.09237E+01,4.09237E+01,4.09237E+01,4.09237E+01 
#t = 1.092E+03
1.11356E+01,2.07530E+01,4.09237E+01,4.09237E+01,4.09237E+01,4.09237E+01,4.09237E+01,4.09237E+01,1.11356E+01,2.51977E+01,4.09237E+01,1.37600E+01,2.51977E+01,4.09237E+01,4.09237E+01,2.07530E+01,4.09237E+01,4.09237E+01,4.09237E+01,4.09237E+01,4.09237E+01,4.09237E+01,4.09237E+01,4.09237E+01,2.07530E+01,4.09237E+01,4.09237E+01,4.09237E+01,4.09237E+01,4.09237E+01,4.09237E+01,4.09237E+01,4.09237E+01,2.51977E+01,4.09237E+01,4.09237E+01,1.32260E+00,4.09237E+01,1.11356E+01,4.09237E+01,2.46358E-02,4.09237E+01,4.09237E+01,4.09237E+01,4.09237E+01,4.09237E+01,4.09237E+01 
#t = 1.134E+03
4.09237E+01,4.09237E+01,2.51977E+01,2.07530E+01,4.09237E+01,4.09237E+01,4.09237E+01,4.09237E+01,4.09237E+01,4.09237E+01,4.09237E+01,4.09237E+01,2.51977E+01,4.09237E+01,4.09237E+01,4.09237E+01,4.09237E+01,4.09237E+01,2.51977E+01,4.09237E+01,1.86884E+01,4.09237E+01,1.14771E+01,4.09237E+01,1.19948E+01,4.09237E+01,1.14771E+01,4.09237E+01,2.54781E+00,4.09237E+01,4.09237E+01,2.51977E+01,4.09237E+01,1.58308E+00,4.09237E+01,4.09237E+01,2.51977E+01,4.09237E+01,4.09237E+01,4.09237E+01,1.44135E+00 
#t = 1.176E+03
4.09237E+01,4.09237E+01,2.51977E+01,1.14771E+01,4.09237E+01,4.09237E+01,2.51977E+01,4.09237E+01,4.09237E+01,4.09237E+01,2.51977E+01,2.51977E+01,2.51977E+01,2.51977E+01,2.51977E+01,4.09237E+01,4.09237E+01,2.51977E+01,4.09237E+01,4.09237E+01,4.09237E+01,4.09237E+01,4.09237E+01,1.14771E+01,4.09237E+01,2.51977E+01,2.51977E+01,4.09237E+01,4.09237E+01,4.09237E+01,2.51977E+01,2.51977E+01,2.51977E+01,4.09237E+01,4.09237E+01,4.09237E+01,4.09237E+01,4.09237E+01,4.09237E+01,4.09237E+01,2.51977E+01,4.09237E+01,4.09237E+01,2.51977E+01,4.09237E+01,4.09237E+01,2.51977E+01,2.51977E+01,4.09237E+01,2.51977E+01,4.09237E+01,4.09237E+01,2.51977E+01,4.09237E+01,4.09237E+01 
#t = 1.218E+03
2.51977E+01,2.51977E+01,2.51977E+01,2.51977E+01,4.09237E+01,2.51977E+01,2.51977E+01,2.51977E+01,4.09237E+01,2.51977E+01,4.09237E+01,2.51977E+01,4.09237E+01,2.51977E+01,2.51977E+01,4.09237E+01,4.09237E+01,2.51977E+01,4.09237E+01,2.51977E+01,2.51977E+01,2.51977E+01,4.09237E+01,4.09237E+01,2.51977E+01,1.01366E+01,2.51977E+01,2.51977E+01,2.51977E+01,2.51977E+01,2.51977E+01,2.51977E+01,4.09237E+01,2.51977E+01,4.09237E+01,4.09237E+01,2.51977E+01,2.51977E+01,2.51977E+01 
#t = 1.260E+03
2.51977E+01,2.51977E+01,1.53229E+01,2.51977E+01,2.51977E+01,2.51977E+01,2.53204E+01,2.51977E+01,2.51977E+01,2.51977E+01,4.09237E+01,2.51977E+01,2.51977E+01,2.51977E+01,2.51977E+01,2.51977E+01,2.51977E+01,4.09237E+01,2.51977E+01,2.51977E+01,2.51977E+01,2.33674E+01,4.09237E+01,2.51977E+01,7.91308E-01,6.10948E+00,4.09237E+01,4.09237E+01,2.51977E+01,9.33327E-01,4.09237E+01,1.53229E+01,2.33674E+01,2.53204E+01,2.51977E+01,2.51977E+01,2.53204E+01,2.51977E+01,1.25393E-01 
#t = 1.302E+03
2.51977E+01,2.51977E+01,2.51977E+01,1.53229E+01,4.09237E+01,2.51977E+01,2.51977E+01,4.09237E+01,2.51977E+01,4.09237E+01,4.09237E+01,2.51977E+01,2.51977E+01,4.09237E+01,4.09237E+01,2.51977E+01,4.09237E+01,2.51977E+01,7.56306E+00,2.51977E+01,2.51977E+01,4.09237E+01,2.51977E+01,2.51977E+01,4.09237E+01,2.51977E+01,5.87349E+01,4.09237E+01,2.51977E+01,2.51977E+01,2.51977E+01,4.09237E+01,2.51977E+01 
#t = 1.344E+03
4.09237E+01,2.51977E+01,4.09237E+01,2.51977E+01,2.51977E+01,2.51977E+01,5.87349E+01,2.51977E+01,2.51977E+01,2.51977E+01,4.09237E+01,4.09237E+01,4.09237E+01,4.09237E+01,4.09237E+01,4.09237E+01,4.09237E+01,2.51977E+01,4.09237E+01,4.09237E+01,4.09237E+01,2.51977E+01,1.08752E+00,2.51977E+01,4.09237E+01,2.51977E+01,2.51977E+01,4.09237E+01,4.09237E+01,2.51977E+01,2.90292E+00,9.96217E+00,5.92547E+00,4.09237E+01 
#t = 1.386E+03
2.51977E+01,2.51977E+01,1.47090E+01,4.09237E+01,4.09237E+01,4.09237E+01,2.55333E+01,4.09237E+01,4.09237E+01,2.23078E+02,4.09237E+01,4.09237E+01,4.09237E+01,4.09237E+01,4.09237E+01,4.09237E+01,4.09237E+01,4.09237E+01,4.09237E+01,1.47090E+01,4.09237E+01,4.09237E+01,2.23078E+02,2.55333E+01,4.09237E+01,4.09237E+01,2.27121E+00,4.09237E+01,2.23078E+02,2.23078E+02,4.09237E+01,7.75424E+00,2.55333E+01,2.51977E+01,5.94671E-01,8.50799E-01,2.55333E+01,4.09237E+01,2.55333E+01 
#t = 1.428E+03
2.51977E+01,4.09237E+01,2.23078E+02,4.09237E+01,4.09237E+01,2.51977E+01,2.51977E+01,4.09237E+01,2.55333E+01,4.09237E+01,2.55333E+01,2.55333E+01,4.09237E+01,4.09237E+01,4.09237E+01,4.09237E+01,4.09237E+01,4.09237E+01,4.09237E+01,4.09237E+01,4.09237E+01,2.23078E+02,4.09237E+01,2.23078E+02,4.09237E+01,2.51977E+01,4.09237E+01,4.09237E+01,1.47090E+01,4.09237E+01,2.51977E+01,1.47090E+01,4.09237E+01,4.09237E+01,4.09237E+01,2.23078E+02,2.23078E+02,5.12747E-01,2.23078E+02,2.55333E+01,2.23078E+02 
#t = 1.470E+03
4.09237E+01,2.23078E+02,4.09237E+01,4.09237E+01,4.09237E+01,4.09237E+01,2.23078E+02,4.09237E+01,4.09237E+01,4.09237E+01,4.09237E+01,4.09237E+01,4.09237E+01,4.09237E+01,4.09237E+01,8.67357E+00,4.09237E+01,1.52320E+01,4.09237E+01,4.09237E+01,4.09237E+01,4.09237E+01,4.09237E+01,4.09237E+01,4.09237E+01,5.35674E+00,4.09237E+01,4.09237E+01,5.46845E+00,4.09237E+01,4.09237E+01,4.09237E+01,4.09237E+01,4.75935E+00,4.09237E+01 
#t = 1.512E+03
4.09237E+01,8.67357E+00,4.09237E+01,4.09237E+01,4.09237E+01,4.09237E+01,4.09237E+01,4.09237E+01,4.09237E+01,4.09237E+01,4.09237E+01,4.09237E+01,4.09237E+01,4.09237E+01,4.09237E+01,4.09237E+01,4.09237E+01,4.09237E+01,4.09237E+01,4.09237E+01,4.09237E+01,4.09237E+01,4.09237E+01,4.09237E+01,4.09237E+01,4.09237E+01,4.09237E+01,4.09237E+01,4.09237E+01,2.23078E+02,4.09237E+01,4.09237E+01,4.09237E+01,6.33827E-01,2.24398E+00,4.09237E+01,4.09237E+01 
#t = 1.554E+03
4.09237E+01,4.09237E+01,4.09237E+01,4.09237E+01,4.09237E+01,4.09237E+01,1.57031E+01,4.09237E+01,4.09237E+01,4.09237E+01,4.09237E+01,4.09237E+01,7.02917E+01,4.09237E+01,4.09237E+01,4.09237E+01,4.09237E+01,4.09237E+01,4.09237E+01,4.09237E+01,4.09237E+01,4.09237E+01,4.09237E+01,4.09237E+01,4.09237E+01,7.02917E+01,4.09237E+01,4.09237E+01,4.09237E+01,4.09237E+01,4.09237E+01,4.09237E+01,4.09237E+01,4.09237E+01,4.09237E+01,7.02917E+01,4.09237E+01,7.66784E+00 
#t = 1.596E+03
4.09237E+01,4.09237E+01,4.09237E+01,4.09237E+01,4.09237E+01,3.71039E+01,4.09237E+01,4.09237E+01,4.09237E+01,4.09237E+01,4.09237E+01,4.09237E+01,4.09237E+01,4.09237E+01,4.09237E+01,4.09237E+01,4.09237E+01,4.09237E+01,4.09237E+01,4.09237E+01,4.09237E+01,4.09237E+01,4.09237E+01,4.09237E+01,4.09237E+01,4.09237E+01,4.09237E+01,4.09237E+01,4.09237E+01,4.09237E+01,4.09237E+01 
#t = 1.638E+03
4.09237E+01,4.09237E+01,4.09237E+01,4.09237E+01,4.09237E+01,4.09237E+01,4.09237E+01,4.09237E+01,4.09237E+01,4.09237E+01,4.09237E+01,4.09237E+01,4.09237E+01,4.09237E+01,4.09237E+01,4.09237E+01,4.09237E+01,4.09237E+01,4.09237E+01,4.09237E+01,4.09237E+01,4.09237E+01,4.09237E+01,4.09237E+01,4.09237E+01,4.09237E+01,4.09237E+01,4.09237E+01,4.09237E+01,4.09237E+01,4.09237E+01,4.09237E+01,4.09237E+01,9.55555E+00,3.50990E+00,4.09237E+01,4.09237E+01,4.09237E+01,4.09237E+01,4.09237E+01 
#t = 1.680E+03
4.09237E+01,4.09237E+01,4.09237E+01,4.09237E+01,4.09237E+01,5.77905E+01,4.09237E+01,4.09237E+01,4.09237E+01,4.09237E+01,4.09237E+01,4.09237E+01,5.77905E+01,4.09237E+01,4.09237E+01,4.09237E+01,4.09237E+01,4.09237E+01,4.09237E+01,4.09237E+01,4.09237E+01,4.09237E+01,4.09237E+01,4.09237E+01,4.09237E+01,4.09237E+01,4.09237E+01,4.09237E+01,4.09237E+01,1.71091E+01,5.86505E+01,4.09237E+01,6.19915E-01,4.09237E+01,4.09237E+01,4.09237E+01,5.86505E+01,4.09237E+01,9.40957E-01 
#t = 1.722E+03
4.09237E+01,4.09237E+01,4.09237E+01,4.09237E+01,4.09237E+01,4.09237E+01,4.09237E+01,4.09237E+01,4.09237E+01,4.09237E+01,5.77905E+01,4.09237E+01,4.09237E+01,4.09237E+01,5.77905E+01,4.09237E+01,1.99002E+01,4.09237E+01,4.09237E+01,4.09237E+01,4.09237E+01,4.09237E+01,4.09237E+01,4.09237E+01,4.09237E+01,1.71091E+01,1.99002E+01,4.09237E+01,4.09237E+01,1.71091E+01,4.09237E+01,4.09237E+01,4.09237E+01,2.46510E-01,4.09237E+01,4.09237E+01,4.09237E+01,3.47656E+00,5.77905E+01,4.09237E+01,4.09237E+01,4.09237E+01,4.09237E+01,4.09237E+01,5.77905E+01 
#t = 1.764E+03
4.09237E+01,4.09237E+01,4.09237E+01,4.09237E+01,4.09237E+01,5.77905E+01,4.09237E+01,5.77905E+01,5.77905E+01,4.09237E+01,2.71869E+01,1.71091E+01,4.09237E+01,4.09237E+01,5.77905E+01,4.09237E+01,4.09237E+01,4.09237E+01,4.09237E+01,4.09237E+01,4.09237E+01,4.09237E+01,4.09237E+01,4.09237E+01,4.09237E+01,4.09237E+01,5.06819E+00,1.13720E+01,1.71091E+01,1.82585E+01,4.09237E+01,1.71091E+01,8.00137E+00,4.09237E+01,4.09237E+01,4.09237E+01,6.20340E-01,1.71091E+01,5.77905E+01,1.46846E-01,1.02796E-01,5.77905E+01 
#t = 1.806E+03
4.09237E+01,4.09237E+01,2.77342E+01,4.09237E+01,4.09237E+01,4.09237E+01,4.09237E+01,5.77905E+01,4.09237E+01,4.09237E+01,4.09237E+01,2.77342E+01,4.09237E+01,4.09237E+01,4.09237E+01,5.77905E+01,4.09237E+01,4.09237E+01,4.09237E+01,4.09237E+01,4.09237E+01,2.77342E+01,4.09237E+01,4.09237E+01,2.77342E+01,4.09237E+01,4.09237E+01,4.09237E+01,4.09237E+01,4.09237E+01,4.09237E+01,2.77342E+01,2.17241E+00,4.09237E+01,4.09237E+01,4.09237E+01 
#t = 1.848E+03
2.77342E+01,4.09237E+01,4.09237E+01,4.09237E+01,4.09237E+01,2.77342E+01,4.09237E+01,2.77342E+01,2.77342E+01,4.09237E+01,8.46641E+00,4.09237E+01,4.09237E+01,5.77905E+01,4.09237E+01,1.11337E+01,4.09237E+01,5.77905E+01,5.77905E+01,4.09237E+01,3.33512E-01,4.09237E+01,2.77342E+01,2.77342E+01,4.09237E+01,5.83480E-01 
#t = 1.890E+03
4.09237E+01,2.77342E+01,4.09237E+01,4.09237E+01,4.09237E+01,5.77905E+01,4.09237E+01,5.77905E+01,4.09237E+01,2.77342E+01,2.77342E+01,4.09237E+01,4.09237E+01,4.09237E+01,4.09237E+01,4.09237E+01,4.09237E+01,4.75859E+00,4.09237E+01,2.77342E+01,4.09237E+01,4.09237E+01,4.09237E+01,4.09237E+01,4.09237E+01,5.77905E+01,4.09237E+01,4.09237E+01,4.09237E+01,4.09237E+01,2.77342E+01,2.77342E+01,5.77905E+01,4.09237E+01,4.09237E+01,2.77342E+01,2.77342E+01,4.09237E+01,4.09237E+01,2.56979E+00,5.77905E+01,8.02166E+00,4.09237E+01 
#t = 1.932E+03
4.09237E+01,4.09237E+01,4.09237E+01,4.09237E+01,5.77905E+01,4.09237E+01,5.77905E+01,5.77905E+01,4.09237E+01,5.77905E+01,5.77905E+01,4.09237E+01,4.09237E+01,5.77905E+01,4.09237E+01,1.58411E+01,4.09237E+01,4.09237E+01,5.77905E+01,4.09237E+01,4.09237E+01,4.09237E+01,4.09237E+01,4.09237E+01,4.09237E+01,5.77905E+01,4.09237E+01,4.09237E+01,4.09237E+01,5.77905E+01,5.77905E+01,2.48687E+00,5.77905E+01,5.77905E+01,5.77905E+01,4.09237E+01,4.09237E+01,4.09237E+01,4.09237E+01,1.21825E+00,1.58411E+01,4.09237E+01,5.77905E+01 
#t = 1.974E+03
4.09237E+01,4.09237E+01,5.77905E+01,4.09237E+01,4.71175E+01,4.71175E+01,4.09237E+01,4.09237E+01,4.09237E+01,4.09237E+01,5.77905E+01,4.09237E+01,4.09237E+01,4.09237E+01,4.09237E+01,4.09237E+01,4.09237E+01,4.09237E+01,4.71175E+01,5.77905E+01,5.77905E+01,4.09237E+01,5.77905E+01,1.61005E+00,8.05218E+00,5.77905E+01,4.09237E+01,4.09237E+01,4.09237E+01,5.77905E+01,4.09237E+01,4.09237E+01,4.09237E+01 
#t = 2.016E+03
4.09237E+01,5.77905E+01,4.09237E+01,4.09237E+01,4.09237E+01,4.09237E+01,4.09237E+01,4.09237E+01,4.09237E+01,4.09237E+01,4.09237E+01,4.09237E+01,4.09237E+01,4.09237E+01,5.77905E+01,4.09237E+01,4.09237E+01,4.09237E+01,4.09237E+01,5.77905E+01,4.09237E+01,4.09237E+01,4.71175E+01,4.09237E+01,2.55883E+01,4.70252E+00,4.09237E+01,4.09237E+01,4.09237E+01,4.09237E+01,4.09237E+01,1.84908E+00,4.71175E+01,4.09237E+01,4.71175E+01,5.08894E-01,4.71175E+01,4.09237E+01 
#t = 2.058E+03
4.09237E+01,5.77905E+01,4.71175E+01,4.09237E+01,1.10250E+01,4.09237E+01,4.09237E+01,2.55883E+01,4.09237E+01,5.77905E+01,5.77905E+01,4.09237E+01,4.09237E+01,4.09237E+01,4.09237E+01,4.09237E+01,5.77905E+01,5.77905E+01,5.77905E+01,4.71175E+01,5.77905E+01,1.33052E+00,2.55883E+01,5.77905E+01,4.09237E+01,1.10250E+01,4.09237E+01,5.77905E+01,4.09237E+01,4.09237E+01,3.19755E+00,3.11294E+00,4.09237E+01,1.05951E+00,4.09237E+01 
#t = 2.100E+03
4.09237E+01,5.77905E+01,4.09237E+01,5.77905E+01,5.77905E+01,4.09237E+01,5.77905E+01,4.09237E+01,5.77905E+01,4.09237E+01,4.09237E+01,4.09237E+01,5.77905E+01,2.55883E+01,4.09237E+01,4.09237E+01,5.77905E+01,5.77905E+01,4.09237E+01,4.09237E+01,4.09237E+01,5.77905E+01,1.33629E+01,4.09237E+01,4.09237E+01,5.77905E+01,5.77905E+01,5.77905E+01,4.09237E+01,5.77905E+01,5.77905E+01,4.09237E+01,4.09237E+01,5.77905E+01,5.77905E+01,4.09237E+01,4.09237E+01,4.09237E+01,5.77905E+01,5.77905E+01,5.77905E+01,4.09237E+01,4.09237E+01 
#t = 2.142E+03
5.77905E+01,4.09237E+01,5.77905E+01,5.77905E+01,1.14000E+01,5.77905E+01,4.09237E+01,5.77905E+01,5.77905E+01,5.77905E+01,5.77905E+01,5.77905E+01,1.33629E+01,5.77905E+01,5.77905E+01,5.77905E+01,5.77905E+01,4.09237E+01,4.09237E+01,4.09237E+01,5.77905E+01,5.77905E+01,5.77905E+01,5.77905E+01,5.77905E+01,4.09237E+01,5.77905E+01,5.77905E+01,5.77905E+01,4.09237E+01,4.09237E+01,1.77514E+00,4.09237E+01,5.77905E+01,5.77905E+01,5.77905E+01,5.77905E+01,5.50407E+00,1.63978E-01,5.77905E+01,5.77905E+01,9.92635E+00,1.33629E+01,5.77905E+01 
#t = 2.184E+03
5.77905E+01,5.77905E+01,5.77905E+01,5.77905E+01,5.77905E+01,5.77905E+01,5.77905E+01,5.77905E+01,5.77905E+01,5.77905E+01,3.49857E+01,5.77905E+01,5.77905E+01,5.77905E+01,5.77905E+01,4.09237E+01,5.77905E+01,5.77905E+01,5.77905E+01,5.77905E+01,5.77905E+01,5.77905E+01,4.09237E+01,5.77905E+01,5.77905E+01,5.77905E+01,5.77905E+01,5.77905E+01,4.09237E+01,5.77905E+01,5.77905E+01,5.77905E+01,5.77905E+01,1.67503E+00,5.77905E+01,5.77905E+01,1.26493E+00,5.77905E+01,5.77905E+01,8.16412E-01 
#t = 2.226E+03
5.77905E+01,5.77905E+01,5.77905E+01,5.77905E+01,5.77905E+01,5.77905E+01,5.77905E+01,5.77905E+01,5.77905E+01,4.09237E+01,5.77905E+01,5.77905E+01,5.77905E+01,9.16850E+00,5.77905E+01,5.77905E+01,5.77905E+01,5.77905E+01,5.77905E+01,5.77905E+01,5.77905E+01,5.77905E+01,7.22873E+00,5.77905E+01,5.77905E+01,5.77905E+01,5.77905E+01,5.77905E+01,5.77905E+01,5.77905E+01,5.77905E+01,5.77905E+01,6.37566E-01 
#t = 2.268E+03
4.09237E+01,5.77905E+01,5.77905E+01,5.77905E+01,5.77905E+01,5.77905E+01,5.77905E+01,5.77905E+01,5.77905E+01,5.77905E+01,4.09237E+01,5.77905E+01,5.77905E+01,5.77905E+01,5.77905E+01,5.77905E+01,5.77905E+01,5.77905E+01,5.77905E+01,5.77905E+01,5.77905E+01,5.77905E+01,5.77905E+01,5.77905E+01,5.77905E+01,5.77905E+01,5.77905E+01,4.09237E+01,5.77905E+01,5.77905E+01,5.77905E+01,5.77905E+01,5.77905E+01,4.09237E+01,5.77905E+01,4.09237E+01,5.77905E+01,5.77905E+01 
#t = 2.310E+03
5.77905E+01,5.77905E+01,5.77905E+01,4.09237E+01,5.77905E+01,5.77905E+01,4.09237E+01,5.77905E+01,5.77905E+01,5.77905E+01,5.77905E+01,5.77905E+01,4.09237E+01,9.54050E+00,5.77905E+01,5.77905E+01,5.77905E+01,5.77905E+01,5.77905E+01,5.77905E+01,5.77905E+01,5.77905E+01,5.77905E+01,5.77905E+01,5.77905E+01,5.77905E+01,5.77905E+01,5.77905E+01,5.77905E+01,5.77905E+01,5.77905E+01,5.77905E+01,5.77905E+01,5.77905E+01,5.77905E+01,5.77905E+01,5.77905E+01,5.77905E+01,5.77905E+01,8.94885E+00,4.09237E+01,5.77905E+01,5.77905E+01,5.77905E+01,5.77905E+01,5.77905E+01,5.77905E+01,4.09237E+01,5.77905E+01,1.82687E+00,5.77905E+01,2.75971E+00,5.77905E+01,5.77905E+01,5.77905E+01 
#t = 2.352E+03
5.77905E+01,5.77905E+01,5.77905E+01,5.77905E+01,5.77905E+01,5.77905E+01,2.26673E+01,5.77905E+01,5.77905E+01,5.77905E+01,5.77905E+01,5.77905E+01,1.73633E+01,5.77905E+01,5.77905E+01,5.77905E+01,5.77905E+01,2.26673E+01,5.77905E+01,5.77905E+01,5.77905E+01,5.77905E+01,5.77905E+01,5.77905E+01,5.77905E+01,2.26673E+01,5.77905E+01,5.77905E+01,5.77905E+01,5.77905E+01,5.77905E+01,5.77905E+01,5.77905E+01,5.01204E-01,7.95082E-01,5.77905E+01 
#t = 2.394E+03
2.26673E+01,5.77905E+01,5.77905E+01,5.77905E+01,5.77905E+01,5.77905E+01,5.77905E+01,5.77905E+01,5.77905E+01,5.77905E+01,5.77905E+01,5.77905E+01,5.77905E+01,5.77905E+01,5.77905E+01,5.77905E+01,5.77905E+01,5.77905E+01,5.77905E+01,5.77905E+01,5.77905E+01,5.77905E+01,5.77905E+01,5.77905E+01,5.77905E+01,5.77905E+01,5.77905E+01,5.77905E+01,5.77905E+01,2.00376E+00,5.77905E+01,4.47412E-01,5.77905E+01,5.77905E+01 
#t = 2.436E+03
5.77905E+01,5.77905E+01,5.77905E+01,5.77905E+01,5.77905E+01,5.77905E+01,5.77905E+01,5.77905E+01,5.77905E+01,5.77905E+01,5.77905E+01,5.77905E+01,5.77905E+01,5.77905E+01,5.77905E+01,5.77905E+01,5.77905E+01,5.77905E+01,5.77905E+01,5.77905E+01,5.77905E+01,1.33105E+01,5.77905E+01,3.62971E+01,5.77905E+01,5.77905E+01,5.77905E+01,3.62971E+01,5.77905E+01,3.45062E-01,3.62971E+01,5.77905E+01,5.77905E+01,5.77905E+01,5.77905E+01,2.55416E-01,5.77905E+01,5.77905E+01,5.77905E+01,5.77905E+01,1.25328E+00,5.77905E+01,5.77905E+01,9.87346E+00,1.28205E-01 
#t = 2.478E+03
5.77905E+01,5.77905E+01,5.77905E+01,5.77905E+01,5.77905E+01,5.77905E+01,5.77905E+01,1.19810E+01,5.77905E+01,5.77905E+01,5.77905E+01,5.77905E+01,5.77905E+01,5.77905E+01,5.77905E+01,5.77905E+01,5.77905E+01,5.77905E+01,5.77905E+01,5.77905E+01,5.77905E+01,5.77905E+01,5.77905E+01,5.77905E+01,5.77905E+01,5.77905E+01,5.77905E+01,5.77905E+01,5.77905E+01,5.77905E+01,5.77905E+01,5.77905E+01,5.77905E+01,5.77905E+01,5.77905E+01,5.77905E+01,1.36409E+01,5.77905E+01,5.77905E+01,8.64383E-02,5.77905E+01,5.77905E+01,5.77905E+01,5.77905E+01,5.77905E+01 
#t = 2.520E+03
5.77905E+01,5.77905E+01,5.77905E+01,5.77905E+01,1.19810E+01,5.77905E+01,5.77905E+01,5.77905E+01,5.77905E+01,1.19810E+01,5.77905E+01,5.77905E+01,5.77905E+01,5.77905E+01,5.77905E+01,5.77905E+01,5.77905E+01,5.77905E+01,5.77905E+01,5.77905E+01,5.77905E+01,5.77905E+01,5.77905E+01,5.77905E+01,5.77905E+01,5.77905E+01,5.77905E+01,5.77905E+01,5.77905E+01,5.77905E+01,5.16964E-02,5.77905E+01,5.77905E+01,5.77905E+01,5.77905E+01,5.77905E+01,5.77905E+01,5.77905E+01,1.20249E-01,5.77905E+01 
#t = 2.562E+03
5.77905E+01,5.77905E+01,5.77905E+01,5.77905E+01,5.77905E+01,5.77905E+01,1.19810E+01,5.77905E+01,5.77905E+01,5.77905E+01,5.77905E+01,5.77905E+01,5.77905E+01,5.77905E+01,5.77905E+01,5.77905E+01,5.77905E+01,5.77905E+01,5.77905E+01,5.77905E+01,5.77905E+01,5.77905E+01,5.77905E+01,5.77905E+01,5.77905E+01,5.77905E+01,5.77905E+01,5.77905E+01,1.00069E+01,5.77905E+01,5.77905E+01,5.77905E+01,5.77905E+01,5.77905E+01,2.95320E-01,5.77905E+01,5.77905E+01,5.77905E+01,5.77905E+01 
#t = 2.604E+03
5.77905E+01,5.77905E+01,5.77905E+01,5.77905E+01,5.77905E+01,5.77905E+01,5.77905E+01,5.77905E+01,5.77905E+01,9.83731E+00,5.77905E+01,5.77905E+01,5.77905E+01,1.01470E+01,5.77905E+01,5.77905E+01,5.77905E+01,5.77905E+01,5.77905E+01,5.77905E+01,5.77905E+01,5.77905E+01,5.77905E+01,5.77905E+01,5.77905E+01,5.77905E+01,5.77905E+01,5.77905E+01,5.77905E+01,5.77905E+01,5.77905E+01,2.57006E+00,5.77905E+01,5.77905E+01,5.77905E+01,5.77905E+01,8.17389E-01,5.77905E+01,5.77905E+01 
#t = 2.646E+03
5.77905E+01,5.77905E+01,5.77905E+01,1.46920E+01,5.77905E+01,1.46920E+01,5.77905E+01,5.77905E+01,5.77905E+01,5.77905E+01,5.77905E+01,5.77905E+01,5.77905E+01,5.77905E+01,5.77905E+01,5.77905E+01,5.77905E+01,5.77905E+01,5.77905E+01,5.77905E+01,5.77905E+01,5.77905E+01,5.77905E+01,5.77905E+01,5.77905E+01,5.77905E+01,5.77905E+01,5.77905E+01,1.46920E+01,5.77905E+01,5.77905E+01,5.77905E+01,5.77905E+01,1.95001E+00,4.62427E-02,1.46920E+01,5.77905E+01,5.77905E+01,5.77905E+01,5.77905E+01,5.77905E+01 
#t = 2.688E+03
1.46920E+01,5.77905E+01,5.77905E+01,5.77905E+01,5.77905E+01,5.77905E+01,5.77905E+01,5.77905E+01,5.77905E+01,5.77905E+01,5.77905E+01,5.77905E+01,5.77905E+01,5.77905E+01,5.77905E+01,5.77905E+01,5.77905E+01,5.77905E+01,5.77905E+01,5.77905E+01,5.77905E+01,5.77905E+01,5.77905E+01,5.77905E+01,5.77905E+01,5.77905E+01,5.77905E+01,5.77905E+01,5.77905E+01,5.77905E+01,1.07548E+01,5.77905E+01,5.77905E+01,5.77905E+01,5.77905E+01,5.77905E+01,5.77905E+01,5.77905E+01,5.77905E+01,5.77905E+01,5.77905E+01,5.77905E+01,2.75548E+00,5.77905E+01 
#t = 2.730E+03
5.77905E+01,5.77905E+01,5.77905E+01,5.77905E+01,5.77905E+01,5.77905E+01,5.77905E+01,1.40690E+01,5.77905E+01,5.77905E+01,5.77905E+01,5.77905E+01,5.77905E+01,5.77905E+01,5.77905E+01,5.77905E+01,5.77905E+01,5.77905E+01,1.08114E+01,5.77905E+01,5.77905E+01,5.77905E+01,5.77905E+01,5.77905E+01,5.77905E+01,5.77905E+01,5.77905E+01,5.77905E+01,5.77905E+01,5.77905E+01,5.77905E+01,5.77905E+01,5.77905E+01,5.77905E+01,5.77905E+01 
#t = 2.772E+03
5.77905E+01,5.77905E+01,5.77905E+01,5.77905E+01,5.77905E+01,5.77905E+01,5.77905E+01,5.77905E+01,5.77905E+01,5.77905E+01,5.77905E+01,5.77905E+01,5.77905E+01,5.77905E+01,5.77905E+01,5.77905E+01,5.77905E+01,5.77905E+01,5.77905E+01,5.77905E+01,5.77905E+01,5.77905E+01,5.77905E+01,5.77905E+01,5.77905E+01,5.77905E+01,5.77905E+01,5.77905E+01,5.77905E+01,5.77905E+01,5.77905E+01,5.77905E+01,5.77905E+01,5.77905E+01,5.77905E+01,5.77905E+01,5.77905E+01,5.77905E+01,5.77905E+01,5.77905E+01,5.77905E+01,5.77905E+01,5.77905E+01,1.55394E-01,3.31087E-01,8.18242E+00 
#t = 2.814E+03
5.77905E+01,5.77905E+01,5.77905E+01,5.77905E+01,5.77905E+01,5.77905E+01,5.77905E+01,5.77905E+01,5.77905E+01,5.77905E+01,5.77905E+01,5.77905E+01,5.77905E+01,5.77905E+01,5.77905E+01,5.77905E+01,5.77905E+01,5.77905E+01,5.77905E+01,5.77905E+01,5.77905E+01,9.36184E+00,7.29298E+00,5.77905E+01,5.77905E+01,5.77905E+01,5.77905E+01,5.77905E+01,5.77905E+01,5.77905E+01,2.67559E+00,5.77905E+01,5.77905E+01,5.77905E+01,5.77905E+01,5.77905E+01,5.77905E+01,5.77905E+01,5.77905E+01 
#t = 2.856E+03
5.77905E+01,5.77905E+01,5.77905E+01,5.77905E+01,5.77905E+01,5.77905E+01,5.77905E+01,5.77905E+01,5.77905E+01,5.77905E+01,1.02054E+01,5.77905E+01,5.77905E+01,5.77905E+01,5.77905E+01,5.77905E+01,5.77905E+01,5.77905E+01,1.55666E+01,5.77905E+01,5.77905E+01,5.77905E+01,5.77905E+01,5.77905E+01,5.77905E+01,5.77905E+01,5.77905E+01,5.77905E+01,5.77905E+01,5.77905E+01,5.77905E+01,5.77905E+01,1.77394E+01,5.77905E+01,5.77905E+01,5.77905E+01,1.91187E-01,5.77905E+01,5.77905E+01,5.77905E+01,5.77905E+01,5.77905E+01,5.77905E+01,5.77905E+01,5.77905E+01,5.77905E+01,5.77905E+01,5.77905E+01,5.77905E+01 
#t = 2.898E+03
5.77905E+01,5.77905E+01,5.77905E+01,5.77905E+01,5.77905E+01,5.77905E+01,5.77905E+01,5.77905E+01,5.77905E+01,5.77905E+01,1.38330E+01,5.77905E+01,5.77905E+01,5.77905E+01,5.77905E+01,5.77905E+01,5.77905E+01,5.77905E+01,5.77905E+01,5.77905E+01,5.77905E+01,5.77905E+01,5.77905E+01,5.77905E+01,5.77905E+01,5.77905E+01,1.38330E+01,5.77905E+01,5.77905E+01,5.77905E+01,5.77905E+01,5.77905E+01,6.48243E-01,5.77905E+01,5.77905E+01,5.77905E+01,5.77905E+01,5.77905E+01,5.77905E+01,5.77905E+01,5.77905E+01,5.77905E+01,5.77905E+01,5.77905E+01,5.77905E+01,5.77905E+01,5.77905E+01,5.77905E+01,5.77905E+01,1.38330E+01 
#t = 2.940E+03
5.77905E+01,5.77905E+01,5.77905E+01,5.77905E+01,5.77905E+01,5.77905E+01,5.77905E+01,5.77905E+01,5.77905E+01,5.77905E+01,5.77905E+01,5.77905E+01,5.77905E+01,5.77905E+01,5.77905E+01,5.77905E+01,5.77905E+01,5.77905E+01,5.77905E+01,5.77905E+01,5.77905E+01,5.77905E+01,5.77905E+01,5.77905E+01,5.77905E+01,5.77905E+01,5.77905E+01,5.77905E+01,5.77905E+01,5.77905E+01,5.77905E+01 
#t = 2.982E+03
5.77905E+01,5.77905E+01,5.77905E+01,5.77905E+01,5.77905E+01,5.77905E+01,5.77905E+01,5.77905E+01,5.77905E+01,5.77905E+01,5.77905E+01,5.77905E+01,5.77905E+01,5.77905E+01,5.77905E+01,5.77905E+01,5.77905E+01,5.77905E+01,5.77905E+01,5.77905E+01,5.77905E+01,5.77905E+01,5.77905E+01,5.77905E+01,5.77905E+01,1.49600E-01,2.88524E+01,5.77905E+01,5.77905E+01,5.77905E+01,5.77905E+01,5.77905E+01,5.00427E+01,5.77905E+01,5.77905E+01,1.97441E-01,5.77905E+01,5.77905E+01,5.77905E+01,5.77905E+01,5.77905E+01 
#t = 3.024E+03
5.77905E+01,5.77905E+01,5.77905E+01,5.77905E+01,5.77905E+01,5.77905E+01,5.77905E+01,1.72234E+02,5.77905E+01,5.77905E+01,5.77905E+01,5.77905E+01,5.77905E+01,5.77905E+01,5.77905E+01,5.77905E+01,5.77905E+01,5.77905E+01,1.72234E+02,5.77905E+01,5.77905E+01,5.77905E+01,5.77905E+01,5.77905E+01,5.77905E+01,5.77905E+01,5.77905E+01,5.77905E+01,5.77905E+01,5.77905E+01,5.77905E+01,5.77905E+01,5.77905E+01,9.38155E+00,5.77905E+01,5.77905E+01,5.77905E+01,5.77905E+01,5.77905E+01,5.77905E+01,5.77905E+01,5.77905E+01,5.77905E+01,5.77905E+01,5.77905E+01,5.77905E+01 
#t = 3.066E+03
5.77905E+01,5.77905E+01,5.77905E+01,5.77905E+01,5.77905E+01,5.77905E+01,5.77905E+01,5.77905E+01,1.72234E+02,5.77905E+01,5.77905E+01,5.77905E+01,5.77905E+01,1.72234E+02,5.77905E+01,5.77905E+01,5.77905E+01,5.77905E+01,5.77905E+01,5.77905E+01,5.77905E+01,5.77905E+01,5.77905E+01,5.77905E+01,5.77905E+01,5.77905E+01,5.77905E+01,5.77905E+01,5.77905E+01,5.77905E+01,4.27125E+00,5.77905E+01,5.77905E+01 
#t = 3.108E+03
5.77905E+01,5.77905E+01,3.57987E+01,5.77905E+01,5.77905E+01,5.77905E+01,5.77905E+01,5.77905E+01,5.77905E+01,5.77905E+01,5.77905E+01,5.77905E+01,5.77905E+01,5.77905E+01,5.77905E+01,5.77905E+01,5.77905E+01,6.23455E+00,5.77905E+01,5.77905E+01,5.77905E+01,5.77905E+01,5.77905E+01,5.77905E+01,5.77905E+01,5.77905E+01,5.77905E+01,3.57987E+01,5.77905E+01,5.77905E+01,5.77905E+01,5.77905E+01,3.57987E+01,5.77905E+01,5.77905E+01,1.56567E+00,5.77905E+01,3.47381E-01,5.77905E+01,1.02442E+01,5.77905E+01 
#t = 3.150E+03
5.77905E+01,5.77905E+01,5.77905E+01,5.77905E+01,5.77905E+01,5.77905E+01,5.77905E+01,5.77905E+01,5.77905E+01,3.57987E+01,5.77905E+01,5.77905E+01,5.77905E+01,3.57987E+01,5.77905E+01,5.77905E+01,5.77905E+01,5.77905E+01,5.77905E+01,5.77905E+01,5.77905E+01,5.77905E+01,5.77905E+01,5.77905E+01,5.77905E+01,5.77905E+01,5.77905E+01,5.77905E+01,5.77905E+01,5.77905E+01,5.77905E+01,5.77905E+01,5.77905E+01,5.77905E+01,4.96040E-01,5.77905E+01,5.77905E+01,5.77905E+01,5.77905E+01,5.77905E+01,5.77905E+01,5.77905E+01,5.77905E+01,5.77905E+01,5.77905E+01,5.77905E+01,5.77905E+01,1.18387E+00,5.77905E+01,5.77905E+01,5.77905E+01,5.77905E+01,5.77905E+01 
#t = 3.192E+03
5.77905E+01,5.77905E+01,5.77905E+01,5.77905E+01,5.77905E+01,5.77905E+01,5.77905E+01,5.77905E+01,3.57987E+01,5.77905E+01,5.77905E+01,5.77905E+01,5.77905E+01,3.57987E+01,6.45409E+00,5.77905E+01,5.77905E+01,5.77905E+01,5.77905E+01,5.77905E+01,5.77905E+01,5.77905E+01,5.77905E+01,5.77905E+01,5.77905E+01,5.77905E+01,5.77905E+01,5.77905E+01,5.77905E+01,5.77905E+01,5.77905E+01,5.77905E+01,5.77905E+01,5.77905E+01,5.77905E+01,5.77905E+01,5.77905E+01,5.77905E+01,5.77905E+01,2.74017E+01,4.85011E+00,5.77905E+01,5.77905E+01 
#t = 3.234E+03
5.77905E+01,5.77905E+01,5.77905E+01,5.77905E+01,5.77905E+01,5.77905E+01,5.77905E+01,5.77905E+01,5.77905E+01,5.77905E+01,5.77905E+01,5.77905E+01,5.77905E+01,5.77905E+01,5.77905E+01,5.77905E+01,5.77905E+01,5.77905E+01,5.77905E+01,5.77905E+01,5.77905E+01,5.77905E+01,5.94427E+01,5.77905E+01,5.77905E+01,5.77905E+01,5.77905E+01,5.77905E+01,5.77905E+01,5.77905E+01,5.77905E+01,4.13190E-01,5.77905E+01,5.77905E+01,4.19209E+00,5.77905E+01,5.77905E+01,5.77905E+01,5.77905E+01,2.15117E+00,5.77905E+01,5.94427E+01,6.67440E+00 
#t = 3.276E+03
5.77905E+01,5.77905E+01,5.77905E+01,5.77905E+01,5.77905E+01,5.77905E+01,5.77905E+01,4.12976E+01,5.77905E+01,5.77905E+01,5.77905E+01,5.77905E+01,5.77905E+01,5.77905E+01,5.77905E+01,5.77905E+01,5.77905E+01,5.77905E+01,5.77905E+01,5.77905E+01,5.77905E+01,5.77905E+01,5.77905E+01,5.77905E+01,5.77905E+01,5.77905E+01,5.77905E+01,5.77905E+01,5.77905E+01,5.77905E+01,5.77905E+01,5.77905E+01,5.77905E+01,5.77905E+01,5.77905E+01,5.77905E+01,5.77905E+01,3.05040E-01 
#t = 3.318E+03
5.77905E+01,5.77905E+01,5.77905E+01,5.77905E+01,5.77905E+01,5.77905E+01,5.77905E+01,5.77905E+01,1.05225E+01,5.77905E+01,5.77905E+01,5.77905E+01,5.77905E+01,5.77905E+01,5.77905E+01,5.77905E+01,5.77905E+01,5.77905E+01,5.77905E+01,5.77905E+01,1.16344E+01,5.77905E+01,5.77905E+01,5.77905E+01,5.77905E+01,5.77905E+01,5.77905E+01,5.77905E+01,5.77905E+01,6.36443E-01,5.77905E+01 
#t = 3.360E+03
5.77905E+01,5.77905E+01,5.77905E+01,5.77905E+01,5.77905E+01,5.77905E+01,5.77905E+01,5.77905E+01,5.77905E+01,5.77905E+01,5.77905E+01,5.77905E+01,5.77905E+01,5.77905E+01,5.77905E+01,5.77905E+01,5.77905E+01,5.77905E+01,1.06052E+01,5.77905E+01,5.77905E+01,1.79013E+01,5.77905E+01,5.77905E+01,5.77905E+01,5.77905E+01,1.79013E+01,5.77905E+01,5.77905E+01,5.77905E+01,5.77905E+01,5.77905E+01,5.77905E+01,5.77905E+01,5.77905E+01,5.77905E+01,5.77905E+01,5.15622E-01,5.77905E+01,1.79013E+01,1.79013E+01,6.91245E-01,5.77905E+01,5.77905E+01 
#t = 3.402E+03
5.77905E+01,1.06052E+01,5.77905E+01,1.79013E+01,5.77905E+01,5.77905E+01,5.77905E+01,5.77905E+01,5.77905E+01,5.77905E+01,5.77905E+01,5.77905E+01,5.77905E+01,5.77905E+01,1.79013E+01,5.77905E+01,1.79013E+01,2.55816E+01,2.55816E+01,2.55816E+01,5.77905E+01,5.77905E+01,5.77905E+01,5.77905E+01,3.09534E+01,1.79013E+01,5.77905E+01,5.77905E+01,2.55816E+01,1.79013E+01,3.26139E+00,5.77905E+01,5.77905E+01,2.55816E+01,5.77905E+01,5.77905E+01,5.77905E+01,5.77905E+01,5.77905E+01,5.77905E+01,1.79013E+01,5.77905E+01,1.79013E+01,5.77905E+01,2.63207E+00,5.77905E+01,5.77905E+01,5.77905E+01,5.77905E+01,5.77905E+01,5.77905E+01,7.61996E-01,5.77905E+01 
#t = 3.444E+03
5.77905E+01,5.77905E+01,5.77905E+01,1.79013E+01,5.77905E+01,5.77905E+01,5.77905E+01,5.77905E+01,5.77905E+01,5.77905E+01,5.77905E+01,1.54103E+01,5.77905E+01,5.77905E+01,5.77905E+01,5.77905E+01,5.77905E+01,5.77905E+01,5.77905E+01,5.77905E+01,5.77905E+01,5.77905E+01,5.77905E+01,5.77905E+01,5.77905E+01,5.77905E+01,5.77905E+01,5.77905E+01,5.77905E+01,5.77905E+01,1.54103E+01,8.75419E-01,1.54103E+01,5.77905E+01,5.77905E+01 
#t = 3.486E+03
5.77905E+01,5.77905E+01,5.77905E+01,5.77905E+01,5.77905E+01,5.77905E+01,5.77905E+01,1.54103E+01,5.77905E+01,5.77905E+01,5.77905E+01,5.77905E+01,5.77905E+01,5.77905E+01,5.77905E+01,5.77905E+01,5.77905E+01,5.77905E+01,5.77905E+01,5.77905E+01,5.77905E+01,5.77905E+01,5.77905E+01,5.77905E+01,5.77905E+01,5.77905E+01,5.77905E+01,5.77905E+01,5.77905E+01,9.02667E+00,5.77905E+01,5.77905E+01,4.94213E+00,7.32262E-01,5.77905E+01,5.77905E+01,5.77905E+01,5.77905E+01,5.77905E+01,5.77905E+01,5.77905E+01,7.29587E+00 
#t = 3.528E+03
5.77905E+01,5.77905E+01,5.77905E+01,5.77905E+01,5.77905E+01,5.77905E+01,5.77905E+01,5.77905E+01,5.77905E+01,5.77905E+01,5.77905E+01,5.77905E+01,5.77905E+01,5.77905E+01,5.77905E+01,5.77905E+01,5.77905E+01,2.22428E+00,5.53566E+00,5.77905E+01,5.77905E+01,5.77905E+01,5.77905E+01,5.77905E+01,5.77905E+01,5.77905E+01,6.37730E+00,5.77905E+01,5.77905E+01,5.77905E+01,5.77905E+01,5.77905E+01,5.77905E+01,5.77905E+01 
#t = 3.570E+03
5.77905E+01,5.77905E+01,5.77905E+01,5.77905E+01,5.77905E+01,5.77905E+01,5.77905E+01,5.77905E+01,5.77905E+01,5.77905E+01,5.77905E+01,5.77905E+01,5.77905E+01,5.77905E+01,5.77905E+01,5.77905E+01,5.77905E+01,5.77905E+01,5.77905E+01,5.77905E+01,5.77905E+01,5.77905E+01,5.77905E+01,5.77905E+01,5.77905E+01,5.77905E+01,5.77905E+01,5.77905E+01,5.77905E+01,5.77905E+01,5.77905E+01,5.77905E+01,5.77905E+01,1.05895E+00,5.77905E+01,5.77905E+01,3.20369E+00,5.77905E+01,5.77905E+01,5.77905E+01,5.48285E-01,5.77905E+01 
#t = 3.612E+03
5.77905E+01,5.77905E+01,5.77905E+01,5.77905E+01,5.77905E+01,5.77905E+01,5.77905E+01,5.77905E+01,5.77905E+01,5.77905E+01,5.77905E+01,5.77905E+01,5.77905E+01,5.77905E+01,5.77905E+01,5.77905E+01,5.77905E+01,5.77905E+01,5.77905E+01,5.77905E+01,5.77905E+01,5.77905E+01,5.77905E+01,5.77905E+01,5.77905E+01,5.77905E+01,5.77905E+01,5.77905E+01,5.77905E+01,5.77905E+01,5.77905E+01,5.77905E+01,5.77905E+01,5.77905E+01,5.77905E+01,1.27856E-01,5.77905E+01,5.53341E-01,3.98996E-01,5.77905E+01,8.98859E-02,5.77905E+01,5.77905E+01,5.77905E+01,5.77905E+01,5.77905E+01,5.77905E+01,4.98760E-01 
#t = 3.654E+03
5.77905E+01,5.77905E+01,5.77905E+01,5.77905E+01,5.77905E+01,5.77905E+01,5.77905E+01,5.77905E+01,5.77905E+01,5.77905E+01,5.77905E+01,5.77905E+01,5.77905E+01,5.77905E+01,5.77905E+01,5.77905E+01,5.77905E+01,5.77905E+01,5.77905E+01,5.77905E+01,5.77905E+01,5.77905E+01,5.77905E+01,5.77905E+01,5.77905E+01,5.77905E+01,5.77905E+01,5.77905E+01,5.77905E+01,5.77905E+01,5.77905E+01,5.77905E+01,5.77905E+01,5.77905E+01,5.77905E+01,5.77905E+01,5.77905E+01,5.77905E+01 
#t = 3.696E+03
5.77905E+01,5.77905E+01,5.77905E+01,5.77905E+01,5.77905E+01,5.77905E+01,5.77905E+01,5.77905E+01,5.77905E+01,5.77905E+01,5.77905E+01,5.77905E+01,5.77905E+01,5.77905E+01,5.77905E+01,5.77905E+01,5.77905E+01,5.77905E+01,5.77905E+01,5.77905E+01,5.77905E+01,5.77905E+01,5.77905E+01,5.77905E+01,5.77905E+01,5.77905E+01,5.77905E+01,5.77905E+01,5.77905E+01,5.77905E+01,5.77905E+01,5.77905E+01,5.77905E+01,5.77905E+01,5.77905E+01,5.77905E+01,5.77905E+01,5.77905E+01,5.77905E+01,5.77905E+01,5.77905E+01,5.77905E+01,5.77905E+01,5.77905E+01,3.17609E+00,5.77905E+01,2.33460E-01,7.64885E-01,5.77905E+01,4.76770E-01,6.92145E+00 
#t = 3.738E+03
5.77905E+01,5.77905E+01,5.77905E+01,5.77905E+01,5.77905E+01,5.77905E+01,5.77905E+01,5.77905E+01,5.77905E+01,5.77905E+01,5.77905E+01,5.77905E+01,5.77905E+01,5.77905E+01,5.77905E+01,5.77905E+01,5.77905E+01,5.77905E+01,5.77905E+01,5.77905E+01,5.77905E+01,5.77905E+01,5.77905E+01,5.77905E+01,5.77905E+01,5.77905E+01,5.77905E+01,5.77905E+01,5.77905E+01,5.77905E+01,5.77905E+01,5.77905E+01,5.77905E+01,5.77905E+01,5.77905E+01,5.77905E+01,5.77905E+01,5.77905E+01,5.77905E+01,5.77905E+01,1.71952E+01,5.77905E+01,5.77905E+01,9.28563E-02,5.77905E+01,5.77905E+01,5.77905E+01,5.77905E+01,5.77905E+01 
#t = 3.780E+03
5.77905E+01,5.77905E+01,5.77905E+01,5.77905E+01,5.77905E+01,5.77905E+01,5.77905E+01,5.77905E+01,5.77905E+01,5.77905E+01,5.77905E+01,5.77905E+01,5.77905E+01,5.77905E+01,5.77905E+01,5.77905E+01,5.77905E+01,3.88083E+00,5.77905E+01,5.77905E+01,5.77905E+01,5.77905E+01,5.77905E+01,5.77905E+01,5.77905E+01,5.77905E+01,5.77905E+01,5.77905E+01 
#t = 3.822E+03
5.77905E+01,5.77905E+01,5.77905E+01,5.77905E+01,5.77905E+01,5.77905E+01,5.77905E+01,5.77905E+01,5.77905E+01,5.77905E+01,5.77905E+01,5.77905E+01,5.77905E+01,5.77905E+01,5.77905E+01,5.77905E+01,5.77905E+01,5.77905E+01,5.77905E+01,5.77905E+01,5.77905E+01,5.77905E+01,5.77905E+01,5.77905E+01,5.77905E+01,5.77905E+01,5.77905E+01,5.77905E+01,5.77905E+01,5.77905E+01,5.77905E+01,5.77905E+01,5.77905E+01,5.77905E+01,5.77905E+01,5.77905E+01,5.77905E+01,5.77905E+01,5.77905E+01,7.17085E+00 
#t = 3.864E+03
5.77905E+01,5.77905E+01,5.77905E+01,5.77905E+01,5.77905E+01,5.77905E+01,5.77905E+01,5.77905E+01,5.77905E+01,5.77905E+01,5.77905E+01,5.77905E+01,5.77905E+01,5.77905E+01,5.77905E+01,5.77905E+01,5.77905E+01,5.77905E+01,5.77905E+01,5.77905E+01,5.77905E+01,5.77905E+01,1.05653E+01,5.77905E+01,5.77905E+01,5.77905E+01,5.77905E+01,5.77905E+01,5.77905E+01,5.77905E+01,5.77905E+01,5.77905E+01,5.77905E+01,5.77905E+01,5.77905E+01,5.77905E+01,5.77905E+01,5.77905E+01,5.77905E+01,5.77905E+01,5.77905E+01,5.77905E+01,2.19583E-02,5.22837E-01,5.77905E+01,7.87464E+00,5.77905E+01 
#t = 3.906E+03
5.77905E+01,5.77905E+01,5.77905E+01,5.77905E+01,5.77905E+01,5.77905E+01,5.77905E+01,5.77905E+01,5.77905E+01,5.77905E+01,5.77905E+01,1.28884E+01,1.28884E+01,5.77905E+01,5.77905E+01,5.77905E+01,1.28884E+01,5.77905E+01,5.77905E+01,5.77905E+01,5.77905E+01,5.77905E+01,5.77905E+01,5.77905E+01,5.77905E+01,5.77905E+01,5.77905E+01,5.77905E+01,1.28884E+01,5.77905E+01,5.77905E+01,5.77905E+01,5.77905E+01,5.77905E+01,5.77905E+01,5.77905E+01,5.77905E+01,5.77905E+01,5.77905E+01,5.77905E+01,5.77905E+01,5.77905E+01,5.77905E+01,3.01777E-01 
#t = 3.948E+03
5.77905E+01,5.77905E+01,5.77905E+01,1.28884E+01,5.77905E+01,5.77905E+01,5.77905E+01,1.35623E+01,5.77905E+01,1.28884E+01,1.28884E+01,5.77905E+01,5.77905E+01,5.77905E+01,1.35623E+01,5.77905E+01,5.77905E+01,5.77905E+01,5.77905E+01,5.77905E+01,5.77905E+01,5.77905E+01,5.77905E+01,1.35623E+01,5.77905E+01,5.77905E+01,5.77905E+01,1.28884E+01,5.57557E-01,5.77905E+01,5.77905E+01,5.77905E+01,5.77905E+01,5.77905E+01,5.77905E+01,5.77905E+01,5.77905E+01,1.28884E+01,5.77905E+01,5.77905E+01,1.35623E+01,5.77905E+01,5.83725E-01 
#t = 3.990E+03
5.77905E+01,5.77905E+01,5.77905E+01,5.77905E+01,1.35623E+01,5.77905E+01,5.77905E+01,5.77905E+01,5.77905E+01,3.39221E+01,5.49083E+01,5.77905E+01,5.77905E+01,5.77905E+01,1.13494E+01,5.77905E+01,5.77905E+01,1.35623E+01,1.28884E+01,5.77905E+01,5.77905E+01,5.77905E+01,5.77905E+01,1.35623E+01,5.77905E+01,1.35623E+01,5.77905E+01,5.77905E+01,5.77905E+01,5.77905E+01,1.33158E-01,5.77905E+01,1.28884E+01,5.77905E+01,3.90983E+00,5.77905E+01,1.28884E+01,5.77905E+01,5.77905E+01,1.35623E+01,1.35623E+01,1.82657E+00,6.70310E-02,1.28884E+01 
#t = 4.032E+03
3.39221E+01,5.77905E+01,1.28884E+01,1.35623E+01,5.77905E+01,5.77905E+01,5.77905E+01,5.77905E+01,5.77905E+01,5.77905E+01,1.13494E+01,5.77905E+01,1.13494E+01,5.77905E+01,5.77905E+01,5.49083E+01,1.35623E+01,5.77905E+01,1.47288E+01,5.77905E+01,5.77905E+01,1.28884E+01,5.49083E+01,5.77905E+01,1.13494E+01,1.35623E+01,5.77905E+01,5.77905E+01,1.28884E+01,5.77905E+01,5.77905E+01,5.77905E+01,7.04618E-01,1.35623E+01,5.77905E+01,5.77905E+01,5.77905E+01,5.77905E+01,2.63131E-01,5.77905E+01,1.35623E+01,5.77905E+01 
#t = 4.074E+03
1.13494E+01,5.77905E+01,5.77905E+01,5.77905E+01,5.77905E+01,1.28884E+01,1.28884E+01,5.77905E+01,1.28884E+01,2.31959E+01,5.77905E+01,5.77905E+01,5.77905E+01,2.31959E+01,5.77905E+01,5.77905E+01,5.77905E+01,5.77905E+01,5.77905E+01,5.77905E+01,5.77905E+01,5.77905E+01,5.77905E+01,5.77905E+01,5.77905E+01,5.77905E+01,5.77905E+01,1.28884E+01,5.77905E+01,5.77905E+01,5.77905E+01,2.02249E+00,5.77905E+01,5.87112E+00,5.77905E+01 
#t = 4.116E+03
5.77905E+01,5.77905E+01,5.77905E+01,5.77905E+01,5.77905E+01,5.77905E+01,5.77905E+01,5.77905E+01,5.77905E+01,5.77905E+01,5.77905E+01,5.77905E+01,5.77905E+01,5.77905E+01,5.77905E+01,5.77905E+01,5.77905E+01,5.77905E+01,5.77905E+01,5.77905E+01,5.77905E+01,5.77905E+01,5.77905E+01,5.77905E+01,5.77905E+01,5.77905E+01,5.77905E+01,5.77905E+01,1.62575E-01,5.77905E+01,5.77905E+01,1.44509E+00,9.88604E+00,7.44739E+00,5.77905E+01,5.77905E+01,5.77905E+01,1.75562E+00,4.53939E-01 
#t = 4.158E+03
5.77905E+01,5.77905E+01,5.77905E+01,5.77905E+01,5.77905E+01,5.77905E+01,5.77905E+01,5.77905E+01,5.77905E+01,5.77905E+01,6.43268E+01,5.77905E+01,5.77905E+01,5.77905E+01,5.77905E+01,6.43268E+01,5.77905E+01,5.77905E+01,5.77905E+01,5.77905E+01,5.77905E+01,5.77905E+01,5.77905E+01,5.77905E+01,5.77905E+01,5.77905E+01,5.77905E+01,5.77905E+01,5.77905E+01,5.77905E+01,5.77905E+01,5.77905E+01,5.77905E+01,2.39333E+00,5.77905E+01,5.77905E+01,5.77905E+01,5.77905E+01,5.77905E+01,5.77905E+01,5.77905E+01,1.24653E-01 
#t = 4.200E+03
5.77905E+01,5.77905E+01,5.77905E+01,5.77905E+01,5.77905E+01,5.77905E+01,5.77905E+01,5.77905E+01,5.77905E+01,5.77905E+01,5.77905E+01,5.77905E+01,5.77905E+01,5.77905E+01,5.77905E+01,5.77905E+01,5.77905E+01,5.77905E+01,5.77905E+01,5.77905E+01,5.77905E+01,5.77905E+01,5.77905E+01,5.77905E+01,5.77905E+01,5.77905E+01,5.77905E+01,5.77905E+01,5.77905E+01,5.77905E+01,1.93147E+01,5.77905E+01,5.77905E+01,5.77905E+01,5.77905E+01,5.77905E+01,5.77905E+01 
