#t = 0.000E+00
1.96256E-01,1.03956E+01,7.16255E-01,5.19290E-01,6.41881E-01 
#t = 4.200E+01
1.35933E+01,7.34280E-01,4.70724E+00,3.04000E-01,4.70745E+00 
#t = 8.400E+01
3.03307E+01,3.03307E+01,3.03307E+01,3.03307E+01,1.10480E+01,3.03307E+01,3.03307E+01,3.03307E+01,3.03307E+01 
#t = 1.260E+02
3.03307E+01,4.46715E+01,3.03307E+01,3.03307E+01,3.03307E+01,3.03307E+01,3.03307E+01,4.46715E+01,3.03307E+01,3.03307E+01,3.03307E+01,3.03307E+01,9.09368E+00,3.03307E+01,3.03307E+01,3.03307E+01,3.03307E+01,3.03307E+01,3.03307E+01,3.03307E+01,3.03307E+01,3.03307E+01,3.03307E+01,3.03307E+01,3.03307E+01,4.46715E+01,4.46715E+01,3.03307E+01,3.03307E+01,3.03307E+01,3.03307E+01,3.03307E+01,3.03307E+01,3.03307E+01,8.76098E-02,2.44475E-01 
#t = 1.680E+02
3.03307E+01,3.03307E+01,4.46715E+01,3.03307E+01,3.03307E+01,3.03307E+01,3.03307E+01,3.03307E+01,3.03307E+01,3.03307E+01,3.03307E+01,3.03307E+01,3.03307E+01,3.03307E+01,4.46715E+01,3.03307E+01,3.03307E+01,3.03307E+01,3.03307E+01,3.03307E+01,3.03307E+01,4.46715E+01,3.03307E+01,3.03307E+01,3.03307E+01,4.46715E+01,3.03307E+01,2.06538E+00,4.46715E+01,1.17532E+00,3.03307E+01,3.03307E+01,5.41115E+00 
#t = 2.100E+02
3.03307E+01,3.03307E+01,3.03307E+01,3.03307E+01,3.27290E+01,4.46715E+01,3.03307E+01,3.03307E+01,3.03307E+01,3.03307E+01,4.46715E+01,4.46715E+01,3.03307E+01,3.03307E+01,3.03307E+01,3.03307E+01,3.03307E+01,3.03307E+01,3.03307E+01,3.03307E+01,2.52398E+00,3.03307E+01,5.54101E+00,3.03307E+01,3.03307E+01,3.09729E+00,3.03307E+01,3.03307E+01,3.27290E+01,3.03307E+01,3.03307E+01,3.03307E+01 
#t = 2.520E+02
4.46715E+01,3.03307E+01,3.03307E+01,4.46715E+01,4.46715E+01,3.03307E+01,4.46715E+01,3.27290E+01,4.46715E+01,3.03307E+01,4.46715E+01,3.03307E+01,4.46715E+01,3.22354E+01,4.46715E+01,4.46715E+01,4.46715E+01,4.46715E+01,4.46715E+01,4.46715E+01,3.03307E+01,3.03307E+01,4.46715E+01,4.46715E+01,1.14480E+01,4.46715E+01,7.39223E+00,3.03307E+01,4.46715E+01,1.14480E+01,4.46715E+01,5.59636E-01,4.46715E+01,3.03307E+01 
#t = 2.940E+02
3.03307E+01,4.46715E+01,1.14480E+01,4.46715E+01,3.03307E+01,4.46715E+01,3.03307E+01,4.46715E+01,4.46715E+01,1.14480E+01,3.03307E+01,3.03307E+01,3.03307E+01,3.22354E+01,3.03307E+01,3.03307E+01,3.03307E+01,4.46715E+01,3.03307E+01,3.03307E+01,3.03307E+01,3.03307E+01,1.14480E+01,3.03307E+01,3.03307E+01,3.03307E+01,3.03307E+01,1.14480E+01,3.03307E+01,7.80459E+00,3.03307E+01,4.46715E+01,3.03307E+01,3.03307E+01,4.17008E+00,3.03307E+01,3.03307E+01,1.14480E+01,3.03307E+01,4.21761E-01 
#t = 3.360E+02
3.03307E+01,4.46715E+01,4.46715E+01,3.03307E+01,3.22354E+01,3.03307E+01,3.03307E+01,4.46715E+01,1.14480E+01,4.46715E+01,3.03307E+01,3.03307E+01,3.03307E+01,4.46715E+01,4.46715E+01,4.46715E+01,3.03307E+01,4.46715E+01,3.03307E+01,3.03307E+01,4.46715E+01,3.03307E+01,3.03307E+01,3.03307E+01,4.46715E+01,4.46715E+01,4.46715E+01,4.46715E+01,4.88492E+00,4.46715E+01,4.46715E+01,3.03307E+01,8.81853E+00,1.14480E+01,4.46715E+01 
#t = 3.780E+02
4.46715E+01,3.03307E+01,3.03307E+01,4.46715E+01,4.46715E+01,3.03307E+01,4.46715E+01,2.15342E+01,4.46715E+01,4.46715E+01,4.46715E+01,4.46715E+01,4.46715E+01,4.46715E+01,4.46715E+01,4.46715E+01,4.46715E+01,3.03307E+01,2.15342E+01,4.46715E+01,4.46715E+01,4.46715E+01,4.46715E+01,4.46715E+01,4.46715E+01,3.03307E+01,5.34936E+00,3.03307E+01 
#t = 4.200E+02
4.46715E+01,4.46715E+01,3.03307E+01,4.46715E+01,4.46715E+01,6.42336E+00,3.03307E+01,4.46715E+01,3.03307E+01,4.46715E+01,4.46715E+01,4.46715E+01,3.03307E+01,4.46715E+01,4.46715E+01,4.46715E+01,4.46715E+01,4.46715E+01,4.46715E+01,4.46715E+01,4.46715E+01,3.03307E+01,3.03307E+01,4.46715E+01 
#t = 4.620E+02
4.46715E+01,4.46715E+01,4.46715E+01,4.46715E+01,4.46715E+01,4.46715E+01,3.03307E+01,3.03307E+01,4.46715E+01,4.46715E+01,4.46715E+01,4.46715E+01,4.46715E+01,4.46715E+01,4.46715E+01,4.46715E+01,3.03307E+01,2.30119E-01,4.46715E+01,3.03307E+01,4.46715E+01,4.46715E+01,4.46715E+01,4.46715E+01,3.03307E+01,4.46715E+01,4.46715E+01,4.46715E+01,4.46715E+01,4.46715E+01,4.46715E+01,4.46715E+01,4.46715E+01,4.46715E+01,4.46715E+01,9.93871E-01,5.01096E+00,4.46715E+01,4.46715E+01,3.03307E+01,4.46715E+01,1.60402E+00 
#t = 5.040E+02
4.46715E+01,4.46715E+01,4.46715E+01,4.77889E+01,1.32248E+01,4.46715E+01,3.03307E+01,4.46715E+01,4.46715E+01,4.46715E+01,3.03307E+01,4.46715E+01,4.46715E+01,4.46715E+01,4.46715E+01,4.46715E+01,4.46715E+01,3.03307E+01,4.46715E+01,4.46715E+01,4.46715E+01,4.46715E+01,4.46715E+01,3.03307E+01,3.03307E+01,4.46715E+01,4.46715E+01,4.46715E+01,4.46715E+01,4.46715E+01,3.03307E+01,4.46715E+01,4.46715E+01 
#t = 5.460E+02
4.46715E+01,4.46715E+01,4.46715E+01,4.46715E+01,4.46715E+01,4.46715E+01,1.25255E+01,4.46715E+01,4.46715E+01,3.03307E+01,3.03307E+01,4.46715E+01,4.46715E+01,4.46715E+01,4.46715E+01,4.46715E+01,4.46715E+01,4.46715E+01,4.46715E+01,4.46715E+01,4.46715E+01,4.46715E+01,3.03307E+01,4.46715E+01,4.46715E+01,4.46715E+01,9.93521E+01,4.46715E+01,4.46715E+01,9.93521E+01,9.46237E-01,4.46715E+01,4.46715E+01,1.25255E+01 
#t = 5.880E+02
4.46715E+01,4.46715E+01,4.46715E+01,4.46715E+01,6.71124E+01,4.46715E+01,4.46715E+01,6.71124E+01,9.93521E+01,4.46715E+01,4.46715E+01,4.46715E+01,9.93521E+01,4.46715E+01,4.46715E+01,4.46715E+01,4.46715E+01,4.46715E+01,4.46715E+01,6.71124E+01,4.46715E+01,4.46715E+01,4.46715E+01,4.46715E+01,9.93521E+01,4.46715E+01,9.93521E+01,4.46715E+01,4.46715E+01,4.46715E+01,9.93521E+01,6.71124E+01,4.46715E+01,4.46715E+01,6.71124E+01,6.71124E+01,6.71124E+01 
#t = 6.300E+02
4.46715E+01,9.93521E+01,4.46715E+01,4.46715E+01,4.46715E+01,4.46715E+01,4.46715E+01,4.46715E+01,9.93521E+01,4.46715E+01,6.71124E+01,4.46715E+01,4.46715E+01,6.71124E+01,4.46715E+01,4.46715E+01,6.71124E+01,4.46715E+01,6.71124E+01,6.71124E+01,4.46715E+01,6.71124E+01,4.46715E+01,4.46715E+01,4.46715E+01,6.71124E+01,4.46715E+01,4.46715E+01,4.46715E+01,4.46715E+01,6.71124E+01,4.46715E+01,6.21053E+00,4.46715E+01,5.74452E+00,4.46715E+01,4.46715E+01,6.71124E+01 
#t = 6.720E+02
4.46715E+01,4.46715E+01,4.46715E+01,6.71124E+01,6.71124E+01,9.93521E+01,4.46715E+01,4.46715E+01,6.71124E+01,9.93521E+01,4.46715E+01,3.45411E+00,6.71124E+01,6.71124E+01,6.71124E+01,6.71124E+01,6.71124E+01,4.46715E+01,6.71124E+01,9.93521E+01,6.71124E+01,9.93521E+01,6.71124E+01,6.71124E+01,9.93521E+01,4.46715E+01,6.71124E+01,6.71124E+01,4.46715E+01,9.93521E+01,6.71124E+01,9.93521E+01,2.09000E+01,6.71124E+01,6.71124E+01,6.71124E+01,6.71124E+01,6.71124E+01,2.58377E+00 
#t = 7.140E+02
6.71124E+01,6.71124E+01,6.71124E+01,6.71124E+01,4.46715E+01,6.71124E+01,4.46715E+01,6.71124E+01,6.71124E+01,6.71124E+01,6.71124E+01,6.71124E+01,4.46715E+01,6.71124E+01,6.71124E+01,2.09000E+01,4.46715E+01,6.71124E+01,6.71124E+01,6.71124E+01,6.71124E+01,6.71124E+01,2.22520E+01,6.71124E+01,6.71124E+01,6.71124E+01,6.71124E+01,4.46715E+01,6.71124E+01,6.71124E+01,5.07133E+00,5.24780E-02,6.71124E+01,1.47281E+01,6.71124E+01,6.71124E+01,6.71124E+01,6.71124E+01,1.47281E+01,6.73813E+00,6.71124E+01,4.61242E-01 
#t = 7.560E+02
6.71124E+01,6.71124E+01,4.46715E+01,6.71124E+01,4.46715E+01,6.71124E+01,6.71124E+01,6.71124E+01,6.71124E+01,6.71124E+01,6.71124E+01,6.71124E+01,6.71124E+01,6.71124E+01,6.71124E+01,6.71124E+01,6.71124E+01,6.71124E+01,6.71124E+01,6.71124E+01,6.71124E+01,6.71124E+01,6.71124E+01,6.71124E+01,6.71124E+01,6.71124E+01,6.71124E+01,6.71124E+01,6.71124E+01,6.71124E+01,6.71124E+01,6.71124E+01,6.71124E+01,6.80003E-02,6.71124E+01,6.71124E+01,6.53414E-01,6.71124E+01,6.71124E+01,4.46715E+01,6.71124E+01,6.71124E+01,6.71124E+01,6.71124E+01,4.46715E+01,6.71124E+01 
#t = 7.980E+02
6.71124E+01,6.71124E+01,4.46715E+01,6.71124E+01,6.71124E+01,6.71124E+01,6.71124E+01,6.71124E+01,6.71124E+01,6.71124E+01,6.71124E+01,6.71124E+01,4.46715E+01,6.71124E+01,6.71124E+01,6.71124E+01,6.42803E+00,6.71124E+01,6.71124E+01,6.71124E+01,6.71124E+01,4.46715E+01,6.71124E+01,6.71124E+01,6.71124E+01,6.71124E+01,6.71124E+01,6.71124E+01,6.71124E+01,6.71124E+01,6.71124E+01,6.71124E+01,6.71124E+01,1.16278E+00,6.71124E+01 
#t = 8.400E+02
6.71124E+01,6.71124E+01,6.71124E+01,6.71124E+01,4.46715E+01,6.71124E+01,6.71124E+01,6.71124E+01,6.71124E+01,6.71124E+01,6.71124E+01,6.71124E+01,6.71124E+01,6.71124E+01,4.46715E+01,6.71124E+01,6.71124E+01,6.71124E+01,6.71124E+01,6.71124E+01,6.71124E+01,6.71124E+01,6.71124E+01,6.71124E+01,6.71124E+01,6.71124E+01,4.44434E+00,6.71124E+01,6.71124E+01,6.71124E+01,6.71124E+01,6.71124E+01,6.71124E+01,6.71124E+01,6.71124E+01,6.71124E+01,6.71124E+01,6.71124E+01,6.71124E+01,6.71124E+01,6.71124E+01,6.71124E+01,6.71124E+01,6.71124E+01,6.71124E+01,6.71124E+01,1.19293E+00,2.61112E-01 
#t = 8.820E+02
6.71124E+01,6.71124E+01,6.71124E+01,6.71124E+01,6.71124E+01,6.71124E+01,6.71124E+01,6.71124E+01,6.71124E+01,6.71124E+01,6.71124E+01,6.71124E+01,6.71124E+01,6.71124E+01,6.71124E+01,6.71124E+01,6.71124E+01,6.71124E+01,6.71124E+01,6.71124E+01,6.71124E+01,6.71124E+01,6.71124E+01,3.03099E+01,6.71124E+01,6.71124E+01,6.71124E+01,6.71124E+01,6.71124E+01,3.03099E+01,6.71124E+01,6.71124E+01,3.97854E+00,6.71124E+01,6.71124E+01,6.71124E+01,6.07084E-01,6.71124E+01,6.71124E+01,6.71124E+01,6.71124E+01,6.71124E+01,6.71124E+01,6.71124E+01,6.71124E+01 
#t = 9.240E+02
6.71124E+01,9.34714E+00,6.71124E+01,6.71124E+01,6.71124E+01,6.71124E+01,6.71124E+01,6.71124E+01,6.71124E+01,6.71124E+01,6.71124E+01,6.71124E+01,6.71124E+01,6.71124E+01,6.71124E+01,6.71124E+01,6.71124E+01,6.71124E+01,6.71124E+01,6.71124E+01,6.71124E+01,6.71124E+01,6.71124E+01,6.71124E+01,6.71124E+01,6.71124E+01,6.71124E+01,1.22818E+00,6.71124E+01,3.03099E+01,6.71124E+01,6.71124E+01,6.71124E+01,6.71124E+01,6.71124E+01,6.71124E+01,6.71124E+01,6.71124E+01,6.71124E+01,6.71124E+01 
#t = 9.660E+02
6.71124E+01,6.71124E+01,6.71124E+01,6.71124E+01,6.71124E+01,6.71124E+01,6.71124E+01,6.71124E+01,6.71124E+01,1.41871E+01,6.71124E+01,6.71124E+01,6.71124E+01,6.71124E+01,6.71124E+01,6.71124E+01,6.71124E+01,6.71124E+01,3.11988E+01,6.71124E+01,6.71124E+01,6.71124E+01,6.71124E+01,6.71124E+01,6.71124E+01,6.71124E+01,2.06988E+00,6.71124E+01,6.71124E+01,6.71124E+01,1.41871E+01,1.41871E+01,6.71124E+01,6.71124E+01,6.71124E+01,6.69276E+00,6.71124E+01,6.71124E+01,6.71124E+01,6.71124E+01,6.71124E+01,6.71124E+01,2.50641E+00 
#t = 1.008E+03
6.71124E+01,6.71124E+01,1.41871E+01,6.71124E+01,6.71124E+01,6.71124E+01,6.71124E+01,6.71124E+01,6.71124E+01,6.71124E+01,6.71124E+01,6.71124E+01,6.71124E+01,6.71124E+01,6.71124E+01,6.71124E+01,6.71124E+01,6.71124E+01,6.71124E+01,6.71124E+01,6.71124E+01,6.71124E+01,6.71124E+01,6.71124E+01,6.71124E+01,6.71124E+01,6.71124E+01,6.71124E+01,6.71124E+01,6.71124E+01,6.71124E+01,6.71124E+01,6.71124E+01,6.71124E+01,6.71124E+01,6.71124E+01,6.71124E+01,6.71124E+01,1.46881E-02,6.71124E+01,6.71124E+01,6.71124E+01,1.71454E+01 
#t = 1.050E+03
6.71124E+01,1.71454E+01,6.71124E+01,6.71124E+01,6.71124E+01,2.04697E+01,6.71124E+01,6.71124E+01,6.71124E+01,6.71124E+01,6.71124E+01,6.71124E+01,6.71124E+01,6.71124E+01,6.71124E+01,6.71124E+01,6.71124E+01,6.71124E+01,9.65830E+00,6.71124E+01,6.71124E+01,6.71124E+01,6.71124E+01,6.71124E+01,1.71454E+01,6.71124E+01,6.71124E+01,6.71124E+01,6.71124E+01,1.64075E+01,6.60197E-01,6.71124E+01,6.71124E+01,6.71124E+01,4.10541E-01 
#t = 1.092E+03
6.71124E+01,6.71124E+01,6.71124E+01,6.71124E+01,6.71124E+01,6.71124E+01,6.71124E+01,6.71124E+01,2.39175E+01,6.71124E+01,6.71124E+01,6.71124E+01,1.64075E+01,6.71124E+01,6.71124E+01,6.71124E+01,6.71124E+01,6.71124E+01,6.71124E+01,6.71124E+01,6.71124E+01,6.71124E+01,2.68779E+00,6.71124E+01,2.80639E+01,6.71124E+01,6.71124E+01,6.71124E+01,6.71124E+01,6.71124E+01,9.42394E+00,2.97871E-01,6.71124E+01,6.71124E+01,1.02435E+00,6.71124E+01 
#t = 1.134E+03
6.71124E+01,6.71124E+01,6.71124E+01,2.70736E+01,6.71124E+01,6.71124E+01,6.71124E+01,6.71124E+01,6.71124E+01,1.64075E+01,6.71124E+01,6.71124E+01,1.64075E+01,6.71124E+01,6.71124E+01,6.71124E+01,6.71124E+01,6.71124E+01,2.70736E+01,1.64075E+01,1.64075E+01,6.71124E+01,1.64075E+01,6.71124E+01,6.71124E+01,6.71124E+01,6.71124E+01,6.71124E+01,1.11793E+01,6.71124E+01,6.71124E+01,2.20980E-01,1.11793E+01,6.71124E+01,6.71124E+01,6.71124E+01,6.71124E+01,3.72681E+00,6.71124E+01,1.65857E+01,6.71124E+01,6.71124E+01,6.71124E+01,6.71124E+01,6.71124E+01 
#t = 1.176E+03
1.64075E+01,6.71124E+01,6.71124E+01,1.65857E+01,6.71124E+01,6.71124E+01,6.71124E+01,6.71124E+01,6.71124E+01,6.71124E+01,6.71124E+01,6.71124E+01,6.14561E+00,6.71124E+01,6.71124E+01,6.71124E+01,6.71124E+01,6.71124E+01,6.71124E+01,6.71124E+01,6.71124E+01,6.71124E+01,6.71124E+01,6.71124E+01,6.71124E+01,6.71124E+01,6.71124E+01,6.71124E+01,1.03345E+01,6.71124E+01,6.71124E+01,6.71124E+01,6.71124E+01,6.71124E+01,3.51030E+00,6.71124E+01,6.71124E+01,6.71124E+01,6.71124E+01,6.71124E+01,6.71124E+01 
#t = 1.218E+03
6.71124E+01,6.71124E+01,6.71124E+01,6.71124E+01,6.71124E+01,6.71124E+01,6.71124E+01,6.71124E+01,6.71124E+01,6.71124E+01,1.03345E+01,6.71124E+01,6.71124E+01,6.71124E+01,1.65857E+01,6.71124E+01,1.46143E+01,6.31568E+00,6.71124E+01,6.71124E+01,6.71124E+01,6.71124E+01,6.71124E+01,1.34410E+01,6.71124E+01,6.71124E+01,6.71124E+01,6.71124E+01,6.71124E+01,6.71124E+01,1.65857E+01,1.65857E+01,1.65857E+01,1.34410E+01,6.71124E+01,6.71124E+01,6.71124E+01,2.75143E+00,6.71124E+01,6.71124E+01,6.71124E+01,6.71124E+01 
#t = 1.260E+03
6.71124E+01,6.71124E+01,1.03345E+01,6.71124E+01,1.65857E+01,6.71124E+01,6.71124E+01,6.71124E+01,6.71124E+01,1.71602E+01,6.71124E+01,6.71124E+01,6.71124E+01,6.71124E+01,6.71124E+01,6.71124E+01,6.71124E+01,6.71124E+01,6.71124E+01,6.71124E+01,6.71124E+01,6.71124E+01,6.71124E+01,6.71124E+01,6.71124E+01,6.71124E+01,6.71124E+01,6.71124E+01,1.65857E+01,1.65857E+01,6.71124E+01,6.71124E+01,6.71124E+01,6.71124E+01,6.71124E+01,6.71124E+01,6.71124E+01,6.71124E+01,6.71124E+01,6.71124E+01,6.71124E+01,9.18785E+00,6.71124E+01,6.71124E+01,6.71124E+01,6.71124E+01,6.71124E+01,6.71124E+01,1.65857E+01,6.71124E+01,2.37938E+00 
#t = 1.302E+03
6.71124E+01,6.71124E+01,6.71124E+01,6.71124E+01,6.71124E+01,6.71124E+01,6.71124E+01,6.71124E+01,6.71124E+01,6.71124E+01,6.71124E+01,6.71124E+01,6.71124E+01,6.71124E+01,6.71124E+01,6.71124E+01,6.71124E+01,6.71124E+01,6.71124E+01,6.71124E+01,6.71124E+01,6.71124E+01,6.71124E+01,6.71124E+01,6.71124E+01,1.03381E+01,6.71124E+01,6.71124E+01,6.71124E+01,6.71124E+01,1.12127E+01,6.71124E+01,6.71124E+01,3.69671E-01,6.71124E+01,6.71124E+01,2.03546E-01,6.71124E+01,6.71124E+01,6.71124E+01,6.71124E+01,6.71124E+01,6.71124E+01 
#t = 1.344E+03
6.71124E+01,6.71124E+01,6.71124E+01,6.71124E+01,6.71124E+01,6.71124E+01,6.71124E+01,6.71124E+01,6.71124E+01,6.71124E+01,6.71124E+01,6.71124E+01,6.71124E+01,6.71124E+01,6.71124E+01,6.71124E+01,6.71124E+01,7.49422E+00,6.71124E+01,6.71124E+01,1.41534E+01,6.71124E+01,6.71124E+01,6.71124E+01,6.71124E+01,6.71124E+01,6.71124E+01,6.71124E+01,6.71124E+01,6.71124E+01,6.71124E+01,6.71124E+01,1.86477E-01,6.71124E+01,6.71124E+01,6.71124E+01,3.17949E+00,6.71124E+01,6.71124E+01,6.71124E+01,6.71124E+01,6.71124E+01,6.71124E+01,6.71124E+01,2.18748E+00 
#t = 1.386E+03
6.71124E+01,6.71124E+01,6.71124E+01,6.71124E+01,6.71124E+01,6.71124E+01,6.71124E+01,6.71124E+01,6.71124E+01,6.71124E+01,6.71124E+01,6.71124E+01,6.71124E+01,6.71124E+01,6.71124E+01,6.71124E+01,6.71124E+01,6.71124E+01,6.71124E+01,6.71124E+01,6.71124E+01,6.71124E+01,6.71124E+01,6.71124E+01,6.71124E+01,6.71124E+01,6.71124E+01,6.71124E+01,6.71124E+01,6.71124E+01,6.71124E+01,6.71124E+01,6.71124E+01,6.71124E+01,6.71124E+01,6.71124E+01,6.81541E+00,6.71124E+01,6.71124E+01,6.71124E+01,2.62312E-01,6.71124E+01,1.23505E+00 
#t = 1.428E+03
6.71124E+01,6.71124E+01,6.71124E+01,6.71124E+01,6.71124E+01,6.71124E+01,6.71124E+01,6.71124E+01,6.71124E+01,6.71124E+01,6.71124E+01,6.71124E+01,6.71124E+01,6.71124E+01,6.71124E+01,6.71124E+01,6.71124E+01,6.71124E+01,6.71124E+01,6.71124E+01,6.71124E+01,6.71124E+01,6.71124E+01,4.36070E+01,6.71124E+01,2.56668E+00,6.71124E+01,6.71124E+01,5.35431E+00,1.39013E+00,6.71124E+01,6.71124E+01,6.71124E+01,3.47599E-01,2.67428E+01,6.71124E+01,6.71124E+01,6.71124E+01 
#t = 1.470E+03
6.71124E+01,6.71124E+01,6.71124E+01,6.71124E+01,6.71124E+01,6.71124E+01,6.71124E+01,6.71124E+01,6.71124E+01,6.71124E+01,6.71124E+01,6.71124E+01,6.71124E+01,6.71124E+01,6.71124E+01,6.71124E+01,6.71124E+01,6.71124E+01,6.71124E+01,6.71124E+01,6.71124E+01,6.71124E+01,8.11334E-01,6.71124E+01,2.11174E+00,6.71124E+01,6.71124E+01,6.71124E+01,6.71124E+01,6.71124E+01,6.71124E+01,6.71124E+01,2.30939E+01,8.90877E+00 
#t = 1.512E+03
6.71124E+01,6.71124E+01,6.71124E+01,6.71124E+01,6.71124E+01,6.71124E+01,6.71124E+01,6.71124E+01,6.71124E+01,6.71124E+01,6.71124E+01,6.71124E+01,6.71124E+01,6.71124E+01,6.71124E+01,6.71124E+01,6.71124E+01,6.71124E+01,6.71124E+01,6.71124E+01,6.71124E+01,6.71124E+01,6.71124E+01,6.71124E+01,6.71124E+01,6.71124E+01,6.71124E+01,6.71124E+01,6.71124E+01,6.71124E+01,6.71124E+01,6.71124E+01 
#t = 1.554E+03
6.71124E+01,6.71124E+01,6.71124E+01,6.71124E+01,6.71124E+01,6.71124E+01,6.71124E+01,6.71124E+01,6.71124E+01,6.71124E+01,6.71124E+01,6.71124E+01,6.71124E+01,6.71124E+01,6.71124E+01,6.71124E+01,6.71124E+01,6.71124E+01,6.71124E+01,6.71124E+01,6.71124E+01,6.71124E+01,6.71124E+01,6.54160E+00,6.71124E+01,6.71124E+01,6.71124E+01,6.71124E+01,6.71124E+01,2.48623E-01,6.71124E+01,3.69670E+00,6.71124E+01,6.71124E+01,8.75460E-01,6.71124E+01,9.39096E-01,6.71124E+01,6.71124E+01,6.71124E+01,6.71124E+01,6.71124E+01,6.71124E+01,6.71124E+01 
#t = 1.596E+03
6.71124E+01,6.71124E+01,6.71124E+01,6.71124E+01,6.71124E+01,6.71124E+01,6.71124E+01,6.71124E+01,6.71124E+01,6.71124E+01,6.71124E+01,6.71124E+01,6.71124E+01,6.71124E+01,6.71124E+01,6.71124E+01,6.71124E+01,6.71124E+01,6.71124E+01,6.71124E+01,6.71124E+01,6.71124E+01,6.71124E+01,6.71124E+01,6.71124E+01,6.71124E+01,6.71124E+01,6.71124E+01,6.71124E+01,6.71124E+01,6.71124E+01,6.71124E+01,6.71124E+01,6.71124E+01,6.71124E+01,6.71124E+01,6.71124E+01,6.71124E+01,6.71124E+01,6.71124E+01,4.50686E+01,6.71124E+01,6.71124E+01,4.87539E-01,6.71124E+01,1.49906E+00 
#t = 1.638E+03
6.71124E+01,6.71124E+01,6.71124E+01,6.71124E+01,6.71124E+01,6.71124E+01,6.71124E+01,6.71124E+01,6.71124E+01,6.71124E+01,6.71124E+01,6.71124E+01,6.71124E+01,6.71124E+01,6.71124E+01,6.71124E+01,6.71124E+01,6.71124E+01,6.71124E+01,6.71124E+01,6.71124E+01,6.71124E+01,6.71124E+01,6.71124E+01,6.71124E+01,5.76407E-02,6.71124E+01,6.71124E+01,6.71124E+01,6.71124E+01,6.71124E+01,6.71124E+01,6.71124E+01,6.71124E+01,6.71124E+01,6.71124E+01,6.71124E+01,6.71124E+01,6.71124E+01,6.71124E+01,6.71124E+01,6.71124E+01,3.40758E-01 
#t = 1.680E+03
6.71124E+01,6.71124E+01,6.71124E+01,6.71124E+01,6.71124E+01,6.71124E+01,6.71124E+01,6.71124E+01,6.71124E+01,6.71124E+01,6.71124E+01,6.71124E+01,6.71124E+01,6.71124E+01,6.71124E+01,6.71124E+01,6.71124E+01,6.71124E+01,6.71124E+01,6.71124E+01,6.71124E+01,6.71124E+01,6.71124E+01,6.71124E+01,6.71124E+01,6.71124E+01,6.71124E+01,6.71124E+01,6.71124E+01,6.71124E+01,6.71124E+01,6.71124E+01,6.71124E+01,6.71124E+01,6.71124E+01,6.71124E+01,6.71124E+01,6.71124E+01,6.71124E+01 
#t = 1.722E+03
6.71124E+01,6.71124E+01,6.71124E+01,6.71124E+01,6.71124E+01,6.71124E+01,6.71124E+01,6.71124E+01,6.71124E+01,1.26428E+01,6.71124E+01,6.71124E+01,6.71124E+01,6.71124E+01,6.71124E+01,6.71124E+01,6.71124E+01,6.71124E+01,6.71124E+01,6.71124E+01,6.71124E+01,6.71124E+01,6.71124E+01,6.71124E+01,6.71124E+01,6.71124E+01,6.71124E+01,6.71124E+01,6.71124E+01,6.71124E+01,6.71124E+01,1.26428E+01,6.71124E+01,7.91870E-01,1.48425E-01,1.26428E+01,6.71124E+01,6.71124E+01,6.71124E+01 
#t = 1.764E+03
6.71124E+01,6.71124E+01,6.71124E+01,6.71124E+01,6.71124E+01,6.71124E+01,6.71124E+01,1.26428E+01,6.71124E+01,1.26428E+01,6.71124E+01,1.26428E+01,6.71124E+01,1.26428E+01,6.71124E+01,6.71124E+01,6.71124E+01,6.71124E+01,6.71124E+01,6.71124E+01,6.71124E+01,6.71124E+01,6.71124E+01,6.71124E+01,6.71124E+01,6.71124E+01,6.71124E+01,6.71124E+01,6.71124E+01,6.71124E+01,6.71124E+01,6.71124E+01,6.71124E+01,1.26428E+01,6.71124E+01,6.71124E+01,6.71124E+01,6.71124E+01,1.26428E+01,1.23390E+00,2.41887E-01,9.25709E-01 
#t = 1.806E+03
6.71124E+01,6.71124E+01,6.71124E+01,6.71124E+01,6.71124E+01,6.71124E+01,6.71124E+01,6.71124E+01,6.71124E+01,6.71124E+01,6.71124E+01,6.71124E+01,1.26428E+01,6.71124E+01,6.71124E+01,6.71124E+01,6.71124E+01,6.71124E+01,6.71124E+01,6.71124E+01,1.26428E+01,6.71124E+01,6.71124E+01,6.71124E+01,6.71124E+01,6.71124E+01,6.71124E+01,6.71124E+01,6.71124E+01,1.26428E+01,6.71124E+01,6.71124E+01,6.71124E+01,6.71124E+01,6.71124E+01,6.71124E+01,6.71124E+01,6.71124E+01,6.71124E+01,9.11286E+01,6.71124E+01,1.26428E+01,1.26428E+01,6.71124E+01,7.64348E+00,6.71124E+01,6.71124E+01,6.71124E+01,6.71124E+01,6.71124E+01,6.71124E+01,6.71124E+01 
#t = 1.848E+03
6.71124E+01,6.71124E+01,6.71124E+01,6.71124E+01,6.71124E+01,6.71124E+01,6.71124E+01,6.71124E+01,6.71124E+01,6.71124E+01,6.71124E+01,6.71124E+01,6.71124E+01,6.71124E+01,6.71124E+01,4.81269E+00,6.71124E+01,6.71124E+01,1.51697E+01,6.71124E+01,6.71124E+01,6.71124E+01,6.71124E+01,6.71124E+01,6.71124E+01,6.71124E+01,6.71124E+01,6.71124E+01,6.71124E+01,6.71124E+01,6.71124E+01,6.71124E+01,6.71124E+01,6.71124E+01,1.60255E-01,6.71124E+01,6.71124E+01,6.71124E+01,6.71124E+01,1.51697E+01,6.71124E+01,6.71124E+01 
#t = 1.890E+03
6.71124E+01,6.71124E+01,6.71124E+01,6.71124E+01,6.71124E+01,6.71124E+01,6.71124E+01,6.71124E+01,6.71124E+01,6.71124E+01,6.71124E+01,6.71124E+01,6.71124E+01,6.71124E+01,6.71124E+01,6.71124E+01,6.71124E+01,6.71124E+01,6.71124E+01,6.71124E+01,6.71124E+01,6.71124E+01,6.71124E+01,6.71124E+01,6.71124E+01,6.71124E+01,6.71124E+01,6.71124E+01,6.71124E+01,6.71124E+01,6.71124E+01,6.71124E+01,6.71124E+01,6.71124E+01,6.71124E+01,6.71124E+01,6.71124E+01,7.27799E+00,6.71124E+01,6.71124E+01,6.71124E+01,6.71124E+01,6.71124E+01,6.71124E+01,6.71124E+01,2.68457E+00,5.73919E+00,6.71124E+01 
#t = 1.932E+03
6.71124E+01,6.71124E+01,6.71124E+01,6.71124E+01,6.71124E+01,6.71124E+01,6.71124E+01,6.71124E+01,6.71124E+01,6.71124E+01,6.71124E+01,6.71124E+01,6.71124E+01,6.71124E+01,6.71124E+01,6.71124E+01,6.71124E+01,6.71124E+01,6.71124E+01,6.71124E+01,6.71124E+01,1.88525E+01,1.77566E+01,6.71124E+01,6.71124E+01,6.71124E+01,6.71124E+01,6.71124E+01,1.88525E+01,6.71124E+01,6.71124E+01,6.71124E+01,6.71124E+01,6.71124E+01,6.71124E+01,6.71124E+01,6.71124E+01,6.95453E+00,6.71124E+01,6.71124E+01,6.71124E+01,6.38752E+00,6.71124E+01,9.89734E-01 
#t = 1.974E+03
6.71124E+01,1.88525E+01,6.71124E+01,6.71124E+01,6.71124E+01,6.71124E+01,6.71124E+01,6.71124E+01,6.71124E+01,6.96145E+01,6.71124E+01,6.71124E+01,6.71124E+01,6.71124E+01,6.71124E+01,6.96145E+01,6.71124E+01,6.71124E+01,6.71124E+01,1.00826E+01,6.71124E+01,6.71124E+01,6.71124E+01,6.71124E+01,1.15079E+01,6.71124E+01,1.88525E+01,6.71124E+01,6.71124E+01,6.71124E+01,6.71124E+01,6.71124E+01,6.71124E+01,6.71124E+01,1.88525E+01,6.71124E+01,1.39467E+00,1.72829E+00,6.71124E+01,1.52905E+00,1.88525E+01 
#t = 2.016E+03
6.71124E+01,6.96145E+01,6.71124E+01,6.71124E+01,6.71124E+01,6.71124E+01,6.96145E+01,6.71124E+01,6.96145E+01,6.71124E+01,6.71124E+01,6.71124E+01,6.71124E+01,6.71124E+01,6.71124E+01,6.96145E+01,6.71124E+01,6.96145E+01,6.71124E+01,6.71124E+01,6.71124E+01,6.71124E+01,6.71124E+01,6.71124E+01,6.71124E+01,6.71124E+01,6.71124E+01,6.71124E+01,6.71124E+01,6.71124E+01,1.09487E+01,6.71124E+01,6.71124E+01,6.71124E+01,6.71124E+01,6.71124E+01,6.71124E+01,6.71124E+01,1.21831E+00 
#t = 2.058E+03
6.71124E+01,6.71124E+01,6.71124E+01,6.71124E+01,6.71124E+01,6.71124E+01,6.71124E+01,6.71124E+01,6.71124E+01,6.71124E+01,6.71124E+01,6.71124E+01,6.71124E+01,6.71124E+01,6.71124E+01,6.71124E+01,6.71124E+01,6.71124E+01,6.71124E+01,6.71124E+01,6.71124E+01,6.71124E+01,6.71124E+01,6.71124E+01,6.71124E+01,6.71124E+01,6.71124E+01,6.71124E+01,6.71124E+01,6.71124E+01,6.71124E+01,6.71124E+01,6.71124E+01,6.71124E+01,6.71124E+01,6.74208E+00,6.71124E+01,6.71124E+01,6.71124E+01,6.71124E+01,6.71124E+01,6.71124E+01,6.71124E+01,6.71124E+01,6.71124E+01,6.71124E+01,6.71124E+01,6.71124E+01,6.71124E+01,6.71124E+01,6.71124E+01,3.10802E+00,6.71124E+01,6.71124E+01,6.71124E+01,6.71124E+01,6.71124E+01,6.71124E+01 
#t = 2.100E+03
6.71124E+01,6.71124E+01,6.71124E+01,6.71124E+01,6.71124E+01,6.71124E+01,6.71124E+01,6.71124E+01,6.71124E+01,6.71124E+01,6.71124E+01,6.71124E+01,6.71124E+01,6.71124E+01,6.71124E+01,6.71124E+01,6.71124E+01,6.71124E+01,6.71124E+01,7.03447E-01,6.71124E+01,6.71124E+01,1.29385E+00,6.71124E+01,6.71124E+01,6.71124E+01,6.71124E+01,6.71124E+01,6.71124E+01,6.71124E+01,6.71124E+01,6.71124E+01,6.71124E+01,6.71124E+01 
#t = 2.142E+03
6.71124E+01,6.71124E+01,6.71124E+01,6.71124E+01,6.71124E+01,6.71124E+01,6.71124E+01,6.71124E+01,6.71124E+01,6.71124E+01,6.71124E+01,6.71124E+01,6.71124E+01,6.71124E+01,6.71124E+01,6.71124E+01,6.71124E+01,6.71124E+01,6.71124E+01,6.71124E+01,6.71124E+01,6.71124E+01,6.71124E+01,6.71124E+01,6.71124E+01,6.71124E+01,6.71124E+01,6.71124E+01,6.71124E+01,6.71124E+01,6.71124E+01,4.74786E+00,6.71124E+01,6.71124E+01,8.01580E-02,6.71124E+01,6.71124E+01,6.71124E+01,6.71124E+01,6.71124E+01,7.21082E+00 
#t = 2.184E+03
6.71124E+01,6.71124E+01,6.71124E+01,6.71124E+01,6.71124E+01,6.71124E+01,6.71124E+01,6.71124E+01,6.71124E+01,6.71124E+01,6.71124E+01,6.71124E+01,6.71124E+01,6.71124E+01,6.71124E+01,6.71124E+01,6.71124E+01,6.71124E+01,6.71124E+01,6.71124E+01,6.71124E+01,6.71124E+01,6.71124E+01,6.71124E+01,6.71124E+01,4.21854E+01,6.71124E+01,2.84900E+01,6.71124E+01,6.71124E+01,6.71124E+01,6.71124E+01,6.71124E+01,6.71124E+01,6.71124E+01,4.01848E+00,6.71124E+01,6.71124E+01,6.71124E+01,6.71124E+01,6.24844E-01,6.71124E+01,6.71124E+01,6.71124E+01 
#t = 2.226E+03
6.71124E+01,6.71124E+01,6.71124E+01,6.71124E+01,6.71124E+01,4.21854E+01,6.71124E+01,6.71124E+01,6.71124E+01,2.84900E+01,6.71124E+01,6.71124E+01,6.71124E+01,6.71124E+01,6.71124E+01,6.71124E+01,6.71124E+01,6.71124E+01,6.71124E+01,4.21854E+01,6.71124E+01,4.21854E+01,6.71124E+01,6.71124E+01,4.21854E+01,6.71124E+01,6.71124E+01,6.71124E+01,6.71124E+01,6.71124E+01,3.93826E+00,6.71124E+01,4.73161E+00,6.71124E+01,6.71124E+01,4.21854E+01,2.20363E+00,6.71124E+01,1.69633E+01,6.71124E+01 
#t = 2.268E+03
6.71124E+01,6.71124E+01,6.71124E+01,1.69633E+01,6.71124E+01,2.57777E+01,6.71124E+01,6.71124E+01,6.71124E+01,6.71124E+01,6.71124E+01,6.71124E+01,6.71124E+01,6.71124E+01,6.71124E+01,6.71124E+01,6.71124E+01,3.63861E+01,6.71124E+01,6.71124E+01,3.17265E+01,6.27376E+00,6.71124E+01,6.71124E+01,6.71124E+01,6.71124E+01,6.71124E+01,6.71124E+01,6.71124E+01,6.71124E+01,3.17265E+01,6.71124E+01,3.17265E+01,6.71124E+01,6.71124E+01,6.71124E+01,6.71124E+01,6.71124E+01,3.17265E+01,6.71124E+01,6.71124E+01,6.71124E+01,5.97854E+00,1.10823E+00,6.71124E+01,6.71124E+01,6.71124E+01,6.71124E+01 
#t = 2.310E+03
6.71124E+01,6.71124E+01,6.71124E+01,6.71124E+01,6.71124E+01,6.71124E+01,6.71124E+01,6.71124E+01,6.71124E+01,6.71124E+01,6.71124E+01,6.71124E+01,6.71124E+01,6.71124E+01,6.71124E+01,6.71124E+01,6.71124E+01,6.71124E+01,6.71124E+01,6.71124E+01,6.71124E+01,6.71124E+01,6.71124E+01,6.71124E+01,6.71124E+01,6.71124E+01,6.71124E+01,6.71124E+01,6.71124E+01,6.71124E+01,6.71124E+01,6.71124E+01,6.71124E+01,6.71124E+01,6.17364E+00,6.71124E+01,6.71124E+01,1.60954E+00,6.71124E+01,6.71124E+01,6.71124E+01,6.71124E+01,6.71124E+01,1.87880E+00,8.75699E+00,6.71124E+01,6.71124E+01,6.71124E+01,6.71124E+01,6.71124E+01,6.71124E+01,8.15387E+00,6.71124E+01,6.71124E+01,1.18654E+01,6.71124E+01 
#t = 2.352E+03
6.71124E+01,6.71124E+01,6.71124E+01,6.71124E+01,6.71124E+01,6.71124E+01,6.71124E+01,6.71124E+01,6.71124E+01,3.74449E+01,6.71124E+01,6.71124E+01,6.71124E+01,6.71124E+01,6.71124E+01,6.71124E+01,6.71124E+01,3.74449E+01,6.71124E+01,6.71124E+01,6.71124E+01,6.71124E+01,6.71124E+01,6.71124E+01,6.71124E+01,6.71124E+01,6.71124E+01,6.71124E+01,6.71124E+01,6.71124E+01,3.74449E+01,6.71124E+01,6.71124E+01,6.71124E+01,6.71124E+01,6.71124E+01,6.71124E+01,6.71124E+01,6.71124E+01,2.46368E+00,6.71124E+01 
#t = 2.394E+03
6.71124E+01,6.71124E+01,6.71124E+01,6.71124E+01,6.71124E+01,3.74449E+01,6.71124E+01,6.71124E+01,6.71124E+01,2.58738E+01,6.71124E+01,6.71124E+01,2.58738E+01,6.71124E+01,6.71124E+01,6.71124E+01,6.71124E+01,6.71124E+01,6.71124E+01,6.71124E+01,6.71124E+01,6.71124E+01,1.44693E+01,1.60912E+01,1.44693E+01,2.58738E+01,6.71124E+01,6.71124E+01,1.53325E+01,6.71124E+01,6.71124E+01,6.71124E+01,1.23821E+01,6.71124E+01,6.71124E+01,6.71124E+01,5.64365E+00,6.71124E+01,6.71124E+01,2.25932E-01 
#t = 2.436E+03
6.71124E+01,2.58738E+01,6.71124E+01,1.53325E+01,6.71124E+01,6.71124E+01,6.71124E+01,2.58738E+01,1.53325E+01,1.53325E+01,6.71124E+01,1.53325E+01,6.71124E+01,6.71124E+01,6.71124E+01,6.71124E+01,6.71124E+01,6.71124E+01,6.71124E+01,6.71124E+01,1.53325E+01,6.71124E+01,6.71124E+01,6.71124E+01,9.07786E+00,1.53325E+01,6.71124E+01,6.71124E+01,1.53325E+01,6.71124E+01,1.53325E+01,1.53325E+01,6.71124E+01,6.71124E+01,1.87593E+01,6.71124E+01,6.71124E+01,6.71124E+01,6.71124E+01,6.71124E+01,6.71124E+01,6.71124E+01,6.71124E+01,1.53325E+01,6.71124E+01,6.71124E+01 
#t = 2.478E+03
2.58738E+01,6.71124E+01,6.71124E+01,6.71124E+01,6.71124E+01,6.71124E+01,6.71124E+01,6.71124E+01,6.71124E+01,6.71124E+01,6.71124E+01,6.71124E+01,6.71124E+01,1.53325E+01,6.71124E+01,6.71124E+01,1.53325E+01,6.71124E+01,6.71124E+01,6.71124E+01,6.71124E+01,6.71124E+01,1.53325E+01,6.71124E+01,6.71124E+01,6.71124E+01,6.71124E+01,6.71124E+01,6.71124E+01,6.71124E+01,6.71124E+01,6.71124E+01,6.71124E+01,6.71124E+01,6.71124E+01,6.71124E+01,6.71124E+01,1.53325E+01,6.71124E+01 
#t = 2.520E+03
6.71124E+01,1.53325E+01,6.71124E+01,6.71124E+01,6.71124E+01,6.71124E+01,6.71124E+01,6.71124E+01,6.71124E+01,6.71124E+01,6.71124E+01,1.53325E+01,1.53325E+01,6.71124E+01,6.71124E+01,6.71124E+01,1.19659E+01,6.71124E+01,6.71124E+01,6.71124E+01,6.71124E+01,6.71124E+01,6.71124E+01,6.71124E+01,6.71124E+01,6.71124E+01,6.71124E+01,6.71124E+01,6.71124E+01,6.71124E+01,1.53325E+01,6.71124E+01,6.71124E+01,6.71124E+01,6.71124E+01,6.71124E+01,6.71124E+01,6.71124E+01,6.71124E+01,6.71124E+01 
#t = 2.562E+03
6.71124E+01,6.71124E+01,6.71124E+01,6.71124E+01,6.71124E+01,6.71124E+01,6.71124E+01,6.71124E+01,6.71124E+01,6.71124E+01,6.71124E+01,6.71124E+01,6.71124E+01,1.84861E+01,6.71124E+01,6.71124E+01,6.71124E+01,6.71124E+01,6.71124E+01,6.71124E+01,3.50632E+00,6.71124E+01,6.71124E+01,3.35918E+01,6.71124E+01,4.58705E+00,3.35918E+01,6.71124E+01,6.71124E+01,6.71124E+01,6.71124E+01,4.59571E+00,2.63262E-02,2.89961E+00,6.71124E+01 
#t = 2.604E+03
6.71124E+01,6.71124E+01,6.71124E+01,6.71124E+01,6.71124E+01,6.71124E+01,6.71124E+01,6.71124E+01,6.71124E+01,6.71124E+01,6.71124E+01,6.71124E+01,6.71124E+01,6.71124E+01,6.71124E+01,6.71124E+01,6.71124E+01,6.71124E+01,6.71124E+01,6.71124E+01,6.71124E+01,6.71124E+01,6.71124E+01,6.71124E+01,6.71124E+01,6.71124E+01,6.71124E+01,6.71124E+01,6.71124E+01,6.71124E+01,6.71124E+01,6.71124E+01,6.71124E+01,6.71124E+01,6.71124E+01,6.71124E+01,6.71124E+01,1.31579E+01,6.71124E+01,6.71124E+01,6.71124E+01,6.71124E+01,6.51468E-01 
#t = 2.646E+03
6.71124E+01,6.71124E+01,6.71124E+01,6.71124E+01,6.71124E+01,6.71124E+01,6.71124E+01,6.71124E+01,6.71124E+01,6.71124E+01,6.71124E+01,6.71124E+01,6.71124E+01,6.71124E+01,6.71124E+01,6.71124E+01,6.71124E+01,6.71124E+01,6.71124E+01,6.71124E+01,6.71124E+01,6.71124E+01,6.71124E+01,6.71124E+01,6.71124E+01,6.71124E+01,6.71124E+01,6.71124E+01,6.71124E+01,6.71124E+01,6.71124E+01,6.71124E+01,6.71124E+01,6.71124E+01,6.71124E+01 
#t = 2.688E+03
6.71124E+01,6.71124E+01,6.71124E+01,6.71124E+01,6.71124E+01,2.24394E+01,6.71124E+01,6.71124E+01,9.78515E+00,6.71124E+01,6.71124E+01,6.71124E+01,6.71124E+01,6.71124E+01,6.71124E+01,6.71124E+01,6.71124E+01,6.71124E+01,6.71124E+01,6.71124E+01,6.71124E+01,6.71124E+01,6.71124E+01,6.71124E+01,6.71124E+01,6.71124E+01,6.71124E+01,6.71124E+01,6.71124E+01,6.71124E+01,6.71124E+01,6.71124E+01,6.71124E+01,6.71124E+01,6.71124E+01,6.71124E+01,6.71124E+01,6.71124E+01,6.71124E+01,6.71124E+01,6.35758E-01,6.71124E+01,6.71124E+01 
#t = 2.730E+03
6.71124E+01,6.71124E+01,6.71124E+01,6.71124E+01,6.71124E+01,6.71124E+01,6.71124E+01,6.71124E+01,6.71124E+01,6.71124E+01,6.71124E+01,6.71124E+01,6.71124E+01,6.71124E+01,6.71124E+01,6.71124E+01,6.71124E+01,6.71124E+01,6.71124E+01,6.71124E+01,6.71124E+01,6.71124E+01,6.71124E+01,6.71124E+01,6.71124E+01,6.71124E+01,6.71124E+01,6.71124E+01,6.71124E+01,6.71124E+01,6.71124E+01,6.71124E+01,6.71124E+01,6.71124E+01,6.71124E+01,1.17535E+00,6.71124E+01,6.71124E+01,6.71124E+01,6.71124E+01,6.71124E+01,6.71124E+01,6.71124E+01,1.21717E+01,8.86913E-02,1.21717E+01,6.71124E+01,1.21717E+01,6.71124E+01,1.21717E+01 
#t = 2.772E+03
6.71124E+01,6.71124E+01,6.71124E+01,6.71124E+01,6.71124E+01,6.71124E+01,6.71124E+01,6.71124E+01,6.71124E+01,6.71124E+01,6.71124E+01,6.71124E+01,1.21717E+01,1.21717E+01,6.71124E+01,6.71124E+01,6.71124E+01,6.71124E+01,6.71124E+01,6.71124E+01,1.21717E+01,6.71124E+01,6.71124E+01,6.71124E+01,6.71124E+01,5.22373E-01,6.71124E+01,6.71124E+01,6.71124E+01,6.71124E+01,9.73437E-01,6.71124E+01,6.71124E+01,6.71124E+01,6.71124E+01,6.71124E+01,6.71124E+01,6.71124E+01,6.71124E+01 
#t = 2.814E+03
6.71124E+01,6.71124E+01,6.71124E+01,6.71124E+01,6.71124E+01,6.71124E+01,6.71124E+01,6.71124E+01,6.71124E+01,6.71124E+01,6.71124E+01,6.71124E+01,6.71124E+01,6.71124E+01,6.71124E+01,6.71124E+01,6.71124E+01,6.71124E+01,6.71124E+01,6.71124E+01,6.71124E+01,1.39094E+01,6.71124E+01,6.71124E+01,6.71124E+01,6.71124E+01,6.71124E+01,6.71124E+01,6.71124E+01,6.71124E+01,1.49357E+00,6.71124E+01,6.71124E+01,6.71124E+01,6.71124E+01,6.71124E+01,6.71124E+01,6.71124E+01,6.80570E-01,6.71124E+01 
#t = 2.856E+03
6.71124E+01,6.71124E+01,6.71124E+01,6.71124E+01,6.71124E+01,6.71124E+01,6.71124E+01,6.71124E+01,6.71124E+01,6.71124E+01,6.71124E+01,6.71124E+01,6.71124E+01,6.71124E+01,6.71124E+01,6.71124E+01,6.71124E+01,6.71124E+01,6.71124E+01,6.71124E+01,6.71124E+01,6.71124E+01,6.71124E+01,1.50520E+01,6.71124E+01,6.71124E+01,6.71124E+01,6.71124E+01,6.71124E+01,1.11929E+01,6.71124E+01,6.71124E+01,6.07346E+00,2.29653E-01,6.71124E+01,6.71124E+01,6.71124E+01,1.11929E+01,6.71124E+01,6.71124E+01,1.07018E+00,2.08517E+00,6.71124E+01,6.71124E+01,6.71124E+01,6.71124E+01,3.40028E+00,6.71124E+01 
#t = 2.898E+03
6.71124E+01,6.71124E+01,6.71124E+01,6.71124E+01,6.71124E+01,6.71124E+01,1.85399E+01,6.71124E+01,6.71124E+01,6.71124E+01,6.71124E+01,6.71124E+01,6.71124E+01,6.71124E+01,6.71124E+01,6.71124E+01,6.71124E+01,6.71124E+01,6.71124E+01,6.71124E+01,4.28865E+00,6.71124E+01,6.71124E+01,6.71124E+01,6.71124E+01,6.71124E+01,6.71124E+01,6.71124E+01,6.71124E+01,6.71124E+01,6.71124E+01,6.71124E+01,6.71124E+01,6.71124E+01,2.50622E+00,6.71124E+01,1.17730E+00,1.03790E+00 
#t = 2.940E+03
6.71124E+01,6.71124E+01,6.71124E+01,6.71124E+01,6.71124E+01,6.71124E+01,6.71124E+01,6.71124E+01,6.71124E+01,6.71124E+01,6.71124E+01,6.71124E+01,6.71124E+01,6.71124E+01,6.71124E+01,6.71124E+01,6.71124E+01,6.71124E+01,6.71124E+01,6.71124E+01,6.71124E+01,6.71124E+01,6.71124E+01,6.71124E+01,6.71124E+01,6.71124E+01,6.71124E+01,6.71124E+01,6.71124E+01,6.71124E+01,6.71124E+01,6.71124E+01,2.62339E-01 
#t = 2.982E+03
6.71124E+01,6.71124E+01,6.71124E+01,6.71124E+01,6.71124E+01,6.71124E+01,6.71124E+01,6.71124E+01,6.71124E+01,6.71124E+01,6.71124E+01,6.71124E+01,6.71124E+01,6.71124E+01,6.71124E+01,6.71124E+01,6.71124E+01,6.71124E+01,6.71124E+01,6.71124E+01,6.71124E+01,6.71124E+01,6.71124E+01,6.71124E+01,6.71124E+01,6.71124E+01,6.71124E+01,6.71124E+01,6.71124E+01,6.71124E+01,6.71124E+01,6.52913E+00,6.71124E+01,6.71124E+01,6.71124E+01,3.52904E+00,6.71124E+01 
#t = 3.024E+03
6.71124E+01,6.71124E+01,6.71124E+01,6.71124E+01,6.71124E+01,6.71124E+01,6.71124E+01,6.71124E+01,6.71124E+01,6.71124E+01,6.71124E+01,6.71124E+01,6.71124E+01,6.71124E+01,6.71124E+01,6.71124E+01,6.71124E+01,6.71124E+01,6.71124E+01,6.71124E+01,6.71124E+01,6.71124E+01,6.71124E+01,6.71124E+01,6.71124E+01,6.71124E+01,6.71124E+01,6.71124E+01,6.71124E+01,6.71124E+01,6.71124E+01,4.21570E-01,6.71124E+01,6.71124E+01,6.71124E+01,6.71124E+01,6.71124E+01,6.71124E+01,6.71124E+01,6.71124E+01,6.71124E+01 
#t = 3.066E+03
6.71124E+01,6.71124E+01,6.71124E+01,6.71124E+01,6.71124E+01,6.71124E+01,6.71124E+01,6.71124E+01,6.71124E+01,6.71124E+01,6.71124E+01,6.71124E+01,6.71124E+01,6.71124E+01,1.27816E+01,6.71124E+01,6.71124E+01,6.71124E+01,6.71124E+01,6.71124E+01,6.71124E+01,6.71124E+01,6.71124E+01,6.71124E+01,6.71124E+01,6.71124E+01,6.71124E+01,2.72273E-01,6.71124E+01,6.71124E+01,6.71124E+01,3.91477E-01,6.71124E+01,1.95762E+00,6.71124E+01,6.71124E+01,6.71124E+01,6.71124E+01,6.71124E+01,6.71124E+01,6.71124E+01 
#t = 3.108E+03
6.71124E+01,6.71124E+01,6.71124E+01,6.71124E+01,6.71124E+01,6.71124E+01,6.71124E+01,6.71124E+01,1.27816E+01,6.71124E+01,6.71124E+01,6.71124E+01,6.71124E+01,6.71124E+01,6.71124E+01,6.71124E+01,6.71124E+01,6.71124E+01,6.71124E+01,6.71124E+01,6.71124E+01,6.71124E+01,9.99891E+00,6.71124E+01,6.71124E+01,6.71124E+01,6.71124E+01,6.71124E+01,6.71124E+01,6.71124E+01,6.71124E+01,6.71124E+01,6.71124E+01,6.71124E+01,6.71124E+01,1.68083E+01,6.71124E+01,6.71124E+01,6.71124E+01,6.71124E+01,6.71124E+01,6.71124E+01,6.71124E+01,6.71124E+01,6.71124E+01,6.71124E+01,6.71124E+01,6.71124E+01,3.04646E+00,6.71124E+01,6.71124E+01,6.71124E+01,6.71124E+01 
#t = 3.150E+03
6.71124E+01,6.71124E+01,6.71124E+01,6.71124E+01,6.71124E+01,6.71124E+01,6.71124E+01,6.71124E+01,6.71124E+01,6.71124E+01,6.71124E+01,6.71124E+01,6.71124E+01,6.71124E+01,6.71124E+01,2.05394E+01,6.71124E+01,6.71124E+01,6.71124E+01,6.71124E+01,6.71124E+01,6.71124E+01,6.71124E+01,6.71124E+01,6.71124E+01,6.71124E+01,6.71124E+01,6.71124E+01,6.71124E+01,2.25301E+00,6.71124E+01,6.71124E+01,1.24381E+01,3.95177E+01,6.71124E+01,6.71124E+01,6.71124E+01,6.71124E+01,6.71124E+01,6.71124E+01,6.71124E+01,1.66619E+00,6.71124E+01,6.71124E+01,6.71124E+01,6.71124E+01,6.71124E+01,2.05394E+01 
#t = 3.192E+03
6.71124E+01,6.71124E+01,6.71124E+01,6.71124E+01,6.71124E+01,6.71124E+01,6.71124E+01,6.71124E+01,1.24381E+01,6.71124E+01,6.71124E+01,6.71124E+01,6.71124E+01,6.71124E+01,6.71124E+01,6.71124E+01,6.71124E+01,6.71124E+01,7.58225E+00,6.71124E+01,6.71124E+01,6.71124E+01,6.71124E+01,1.24614E+01,6.71124E+01,4.54713E-01,1.04122E-01,6.71124E+01,6.71124E+01,6.71124E+01 
#t = 3.234E+03
6.71124E+01,6.71124E+01,6.71124E+01,6.71124E+01,6.71124E+01,6.71124E+01,6.71124E+01,6.71124E+01,6.71124E+01,6.71124E+01,6.71124E+01,6.71124E+01,9.87723E+00,6.71124E+01,6.71124E+01,6.71124E+01,6.71124E+01,6.71124E+01,6.71124E+01,6.71124E+01,6.71124E+01,6.71124E+01,6.71124E+01,6.71124E+01,6.71124E+01,6.71124E+01,6.71124E+01,6.71124E+01,6.71124E+01,6.71124E+01,6.71124E+01,6.71124E+01,6.71124E+01,6.71124E+01,6.71124E+01,9.14586E+00,6.71124E+01,6.71124E+01,2.97977E+00,6.71124E+01,6.71124E+01,6.71124E+01,2.48706E-01,6.71124E+01,6.71124E+01,6.71124E+01,6.71124E+01,6.71124E+01,6.71124E+01,6.71124E+01,4.14210E+01,6.71124E+01 
#t = 3.276E+03
6.71124E+01,6.71124E+01,6.71124E+01,6.71124E+01,6.71124E+01,6.71124E+01,6.71124E+01,6.71124E+01,6.71124E+01,6.71124E+01,6.71124E+01,6.71124E+01,6.71124E+01,6.71124E+01,6.71124E+01,6.71124E+01,6.71124E+01,6.71124E+01,6.71124E+01,6.71124E+01,6.71124E+01,6.71124E+01,6.71124E+01,6.71124E+01,6.71124E+01,6.71124E+01,6.71124E+01,6.71124E+01,6.71124E+01,6.71124E+01 
#t = 3.318E+03
6.71124E+01,6.71124E+01,6.71124E+01,6.71124E+01,6.71124E+01,6.71124E+01,6.71124E+01,6.71124E+01,6.71124E+01,6.71124E+01,6.71124E+01,6.71124E+01,6.71124E+01,6.71124E+01,6.71124E+01,6.71124E+01,6.71124E+01,6.71124E+01,6.71124E+01,6.71124E+01,6.71124E+01,6.71124E+01,6.71124E+01,6.71124E+01,6.71124E+01,6.71124E+01,6.71124E+01,6.71124E+01,6.71124E+01,6.71124E+01,6.71124E+01,6.71124E+01,6.71124E+01,6.71124E+01,6.71124E+01,6.71124E+01,6.71124E+01,6.71124E+01,6.71124E+01,3.18988E+00,6.71124E+01,6.71124E+01,6.71124E+01 
#t = 3.360E+03
6.71124E+01,6.71124E+01,6.71124E+01,6.71124E+01,6.71124E+01,6.71124E+01,6.71124E+01,6.71124E+01,6.71124E+01,6.71124E+01,6.71124E+01,6.71124E+01,6.71124E+01,6.71124E+01,6.71124E+01,6.71124E+01,6.71124E+01,6.71124E+01,6.71124E+01,6.71124E+01,6.71124E+01,6.71124E+01,6.71124E+01,6.71124E+01,6.71124E+01,6.71124E+01,6.71124E+01,6.71124E+01,6.71124E+01,6.71124E+01,6.71124E+01,6.71124E+01,6.71124E+01,6.71124E+01,6.71124E+01,6.71124E+01,3.08720E-01,1.19373E+00,6.71124E+01,6.71124E+01,6.71124E+01,6.71124E+01,6.71124E+01,6.71124E+01,2.86426E+00,6.71124E+01 
#t = 3.402E+03
6.71124E+01,6.71124E+01,6.71124E+01,6.71124E+01,6.71124E+01,6.71124E+01,6.71124E+01,6.71124E+01,6.71124E+01,6.71124E+01,6.71124E+01,6.71124E+01,6.71124E+01,6.71124E+01,6.71124E+01,6.71124E+01,6.71124E+01,6.67500E+00,6.71124E+01,6.71124E+01,6.71124E+01,6.71124E+01,6.71124E+01,6.71124E+01,6.71124E+01,6.71124E+01,6.71124E+01,6.71124E+01,6.71124E+01,6.71124E+01,6.71124E+01,6.71124E+01,6.71124E+01,6.71124E+01,6.71124E+01,6.71124E+01,6.71124E+01,6.71124E+01,6.71124E+01,6.71124E+01 
#t = 3.444E+03
6.71124E+01,6.71124E+01,6.71124E+01,6.71124E+01,6.71124E+01,6.71124E+01,6.71124E+01,6.71124E+01,2.73907E+01,6.71124E+01,6.71124E+01,6.71124E+01,6.71124E+01,6.71124E+01,6.71124E+01,6.71124E+01,6.71124E+01,6.71124E+01,6.71124E+01,6.71124E+01,6.71124E+01,6.71124E+01,6.71124E+01,6.71124E+01,6.71124E+01,6.71124E+01,6.71124E+01,6.71124E+01,6.71124E+01,6.71124E+01,6.71124E+01,6.71124E+01,6.71124E+01,6.71124E+01,6.71124E+01,6.71124E+01,8.90500E-01,6.71124E+01,6.71124E+01,2.22948E+00 
#t = 3.486E+03
6.71124E+01,6.71124E+01,6.71124E+01,6.71124E+01,6.71124E+01,6.71124E+01,6.71124E+01,6.71124E+01,6.71124E+01,6.71124E+01,6.71124E+01,6.71124E+01,6.71124E+01,6.71124E+01,6.71124E+01,6.71124E+01,6.71124E+01,6.71124E+01,6.71124E+01,6.71124E+01,6.71124E+01,6.71124E+01,6.71124E+01,6.71124E+01,6.71124E+01,3.27601E+00,6.71124E+01,6.71124E+01,6.71124E+01,6.71124E+01,6.71124E+01,6.71124E+01,6.71124E+01,1.12190E+00,6.71124E+01,6.71124E+01,6.71124E+01 
#t = 3.528E+03
6.71124E+01,6.71124E+01,6.71124E+01,6.71124E+01,6.71124E+01,6.71124E+01,6.71124E+01,6.71124E+01,5.84628E+00,6.71124E+01,6.71124E+01,6.71124E+01,6.71124E+01,6.71124E+01,6.71124E+01,6.71124E+01,6.71124E+01,6.71124E+01,6.71124E+01,6.71124E+01,6.71124E+01,6.71124E+01,6.71124E+01,6.71124E+01,6.71124E+01,6.71124E+01,6.71124E+01,6.71124E+01,6.71124E+01,6.71124E+01,6.71124E+01,6.71124E+01,6.71124E+01,6.71124E+01,6.71124E+01,6.71124E+01,6.71124E+01,6.71124E+01,6.71124E+01,6.71124E+01,6.71124E+01,6.71124E+01,6.71124E+01,6.71124E+01,5.62807E+00,6.71124E+01,6.71124E+01,6.71124E+01,6.71124E+01,6.71124E+01,1.43852E+00,6.71124E+01,5.11358E-01,6.71124E+01,6.71124E+01 
#t = 3.570E+03
6.71124E+01,6.71124E+01,6.71124E+01,6.71124E+01,6.71124E+01,6.71124E+01,6.71124E+01,6.71124E+01,6.71124E+01,6.71124E+01,6.71124E+01,6.71124E+01,6.71124E+01,6.71124E+01,6.71124E+01,6.71124E+01,6.71124E+01,6.71124E+01,2.27601E+01,6.71124E+01,6.71124E+01,6.71124E+01,6.71124E+01,6.71124E+01,6.71124E+01,6.71124E+01,6.71124E+01,6.71124E+01,6.71124E+01,6.71124E+01,6.71124E+01,2.27601E+01,9.48156E+00,6.71124E+01,1.90268E+00,6.71124E+01,2.27601E+01,6.71124E+01,6.71124E+01,6.71124E+01,6.71124E+01,6.71124E+01,6.71124E+01 
#t = 3.612E+03
6.71124E+01,6.71124E+01,6.71124E+01,6.71124E+01,6.71124E+01,6.71124E+01,6.71124E+01,6.71124E+01,6.71124E+01,6.71124E+01,6.71124E+01,6.71124E+01,6.71124E+01,6.71124E+01,6.71124E+01,6.71124E+01,6.71124E+01,6.71124E+01,6.71124E+01,6.71124E+01,6.71124E+01,6.71124E+01,6.71124E+01,6.93599E+00,6.71124E+01,6.71124E+01,6.71124E+01,6.71124E+01,6.71124E+01,6.71124E+01,6.71124E+01,6.71124E+01,6.71124E+01,1.63787E+01,6.71124E+01,6.71124E+01,6.71124E+01,6.71124E+01,1.47374E+00,6.71124E+01,6.71124E+01,6.71124E+01,6.71124E+01,6.71124E+01,6.71124E+01,4.67712E-01,6.71124E+01,6.71124E+01,6.71124E+01,6.71124E+01,1.68820E-01,6.71124E+01 
#t = 3.654E+03
6.71124E+01,6.71124E+01,6.71124E+01,6.71124E+01,6.71124E+01,6.71124E+01,6.71124E+01,6.71124E+01,1.59511E+01,6.71124E+01,6.71124E+01,6.71124E+01,6.71124E+01,6.71124E+01,6.71124E+01,6.71124E+01,6.71124E+01,6.71124E+01,6.71124E+01,6.71124E+01,6.71124E+01,6.71124E+01,6.71124E+01,6.71124E+01,6.71124E+01,6.71124E+01,6.71124E+01,6.71124E+01,6.71124E+01,6.71124E+01,6.71124E+01,6.71124E+01,6.71124E+01,6.71124E+01,6.71124E+01,6.71124E+01,6.71124E+01,6.71124E+01,6.71124E+01,6.71124E+01,6.71124E+01,6.71124E+01,6.71124E+01,6.71124E+01,6.71124E+01,6.71124E+01,6.71124E+01 
#t = 3.696E+03
6.71124E+01,6.71124E+01,6.71124E+01,6.71124E+01,6.71124E+01,6.71124E+01,6.71124E+01,6.71124E+01,6.71124E+01,6.71124E+01,6.71124E+01,1.46817E+01,6.71124E+01,6.71124E+01,6.71124E+01,6.71124E+01,6.71124E+01,6.71124E+01,6.71124E+01,6.71124E+01,6.71124E+01,6.71124E+01,8.11983E+00,6.71124E+01,6.71124E+01,6.71124E+01,6.71124E+01,6.71124E+01,6.71124E+01,6.71124E+01,6.71124E+01,6.71124E+01,6.71124E+01,6.71124E+01,6.71124E+01,6.71124E+01,6.62890E-01,3.18856E+01,1.17186E+00,6.71124E+01,3.07357E+00,6.71124E+01,6.71124E+01,6.71124E+01 
#t = 3.738E+03
6.71124E+01,6.71124E+01,6.71124E+01,6.71124E+01,6.71124E+01,6.71124E+01,6.71124E+01,6.71124E+01,6.71124E+01,6.71124E+01,6.71124E+01,6.71124E+01,6.71124E+01,6.71124E+01,6.71124E+01,6.71124E+01,6.71124E+01,6.71124E+01,6.71124E+01,6.71124E+01,6.71124E+01,6.71124E+01,6.71124E+01,6.71124E+01,6.71124E+01,6.71124E+01,6.71124E+01,6.71124E+01,6.71124E+01,6.71124E+01,6.71124E+01,6.31078E+00,6.71124E+01,6.71124E+01,6.71124E+01,6.71124E+01,6.71124E+01 
#t = 3.780E+03
6.71124E+01,6.71124E+01,6.71124E+01,6.71124E+01,6.71124E+01,6.71124E+01,6.71124E+01,6.71124E+01,6.71124E+01,6.71124E+01,6.71124E+01,6.71124E+01,6.71124E+01,6.71124E+01,6.71124E+01,6.71124E+01,6.71124E+01,6.71124E+01,6.71124E+01,6.71124E+01,6.71124E+01,6.71124E+01,6.71124E+01,6.71124E+01,6.71124E+01,6.71124E+01,6.71124E+01,6.71124E+01,6.71124E+01,6.71124E+01,6.71124E+01,6.71124E+01,1.95225E+01,8.93798E-01,6.71124E+01,6.71124E+01,6.71124E+01,6.71124E+01,2.17693E-01,3.71536E-01,6.71124E+01,6.71124E+01,6.71124E+01,6.71124E+01,6.71124E+01,6.71124E+01 
#t = 3.822E+03
6.71124E+01,6.71124E+01,6.71124E+01,6.71124E+01,6.71124E+01,6.71124E+01,6.71124E+01,6.71124E+01,6.71124E+01,6.71124E+01,6.71124E+01,6.71124E+01,6.71124E+01,6.71124E+01,6.71124E+01,6.71124E+01,6.71124E+01,6.71124E+01,6.71124E+01,6.71124E+01,6.71124E+01,2.79519E+01,2.79519E+01,2.79519E+01,6.71124E+01,6.71124E+01,6.71124E+01,6.71124E+01,6.71124E+01,6.71124E+01,6.71124E+01,6.71124E+01,6.71124E+01,2.79519E+01,6.71124E+01,6.71124E+01,6.71124E+01,6.71124E+01,2.79519E+01,2.79519E+01,6.71124E+01,6.71124E+01,1.95232E+00,2.79519E+01,6.71124E+01,6.71124E+01 
#t = 3.864E+03
6.71124E+01,6.71124E+01,6.71124E+01,6.71124E+01,6.71124E+01,6.71124E+01,6.71124E+01,2.79519E+01,2.79519E+01,6.71124E+01,6.71124E+01,6.71124E+01,6.71124E+01,6.71124E+01,6.71124E+01,6.71124E+01,6.71124E+01,2.79519E+01,6.71124E+01,6.71124E+01,6.71124E+01,6.71124E+01,6.71124E+01,6.71124E+01,6.71124E+01,2.79519E+01,6.71124E+01,6.71124E+01,6.71124E+01,6.71124E+01,6.71124E+01,6.71124E+01,6.71124E+01,6.71124E+01,6.71124E+01,6.71124E+01 
#t = 3.906E+03
6.71124E+01,2.79519E+01,6.71124E+01,6.71124E+01,6.71124E+01,6.71124E+01,6.71124E+01,6.71124E+01,6.71124E+01,6.71124E+01,6.71124E+01,6.71124E+01,6.71124E+01,6.71124E+01,6.71124E+01,6.71124E+01,6.71124E+01,6.71124E+01,6.71124E+01,6.71124E+01,6.71124E+01,6.71124E+01,6.71124E+01,6.71124E+01,6.71124E+01,6.71124E+01,6.71124E+01,6.71124E+01,6.71124E+01,6.71124E+01,6.71124E+01,6.71124E+01,6.71124E+01,6.71124E+01,3.70832E-01,6.71124E+01,1.95191E-01,6.71124E+01,6.71124E+01 
#t = 3.948E+03
6.71124E+01,6.71124E+01,6.71124E+01,6.71124E+01,6.71124E+01,6.71124E+01,6.71124E+01,6.71124E+01,6.71124E+01,6.71124E+01,6.71124E+01,6.71124E+01,6.71124E+01,6.71124E+01,6.71124E+01,6.71124E+01,6.71124E+01,6.71124E+01,6.71124E+01,6.71124E+01,1.71460E+01,6.71124E+01,6.71124E+01,6.71124E+01,1.71460E+01,6.71124E+01,6.71124E+01,6.71124E+01,6.71124E+01,6.71124E+01,6.71124E+01,6.71124E+01,6.71124E+01,6.71124E+01,6.71124E+01,6.71124E+01,6.71124E+01,6.71124E+01 
#t = 3.990E+03
6.71124E+01,6.71124E+01,6.71124E+01,6.71124E+01,6.71124E+01,6.71124E+01,6.71124E+01,6.71124E+01,6.71124E+01,6.71124E+01,6.71124E+01,6.71124E+01,6.71124E+01,6.71124E+01,6.71124E+01,6.71124E+01,6.71124E+01,6.71124E+01,6.71124E+01,6.71124E+01,6.71124E+01,6.71124E+01,6.71124E+01,6.71124E+01,6.71124E+01,6.71124E+01,6.71124E+01,6.71124E+01,6.71124E+01,6.71124E+01,6.71124E+01,8.70680E-01,6.71124E+01,6.71124E+01,6.71124E+01,6.71124E+01,3.07840E-01 
#t = 4.032E+03
6.71124E+01,6.71124E+01,6.71124E+01,6.71124E+01,6.71124E+01,6.71124E+01,6.71124E+01,6.71124E+01,7.40704E+01,6.71124E+01,6.71124E+01,6.71124E+01,6.71124E+01,6.71124E+01,6.71124E+01,6.71124E+01,6.71124E+01,6.71124E+01,6.71124E+01,6.71124E+01,6.71124E+01,6.71124E+01,6.71124E+01,6.71124E+01,6.71124E+01,6.71124E+01,6.71124E+01,6.71124E+01,6.71124E+01,6.71124E+01,6.71124E+01,6.71124E+01,6.71124E+01,6.71124E+01,6.71124E+01,6.71124E+01,6.71124E+01,6.71124E+01,6.71124E+01,6.71124E+01,6.71124E+01,6.71124E+01,6.71124E+01,6.71124E+01,3.16912E+00,6.71124E+01,6.71124E+01,6.71124E+01,6.71124E+01,6.71124E+01,6.71124E+01,2.77552E+00,6.71124E+01,6.71124E+01,6.71124E+01 
#t = 4.074E+03
6.71124E+01,6.71124E+01,6.71124E+01,6.71124E+01,6.71124E+01,6.71124E+01,6.71124E+01,6.71124E+01,6.71124E+01,6.71124E+01,6.71124E+01,6.71124E+01,6.71124E+01,6.71124E+01,6.71124E+01,6.71124E+01,6.71124E+01,6.71124E+01,6.71124E+01,1.50448E+01,6.71124E+01,6.71124E+01,6.71124E+01,6.71124E+01,6.71124E+01,6.71124E+01,1.50315E+00,6.71124E+01,6.71124E+01,6.71124E+01,6.71124E+01,6.71124E+01,6.71124E+01,6.71124E+01,6.71124E+01,6.71124E+01,6.71124E+01,6.71124E+01,6.71124E+01,6.71124E+01,6.71124E+01 
#t = 4.116E+03
6.71124E+01,6.71124E+01,6.71124E+01,6.71124E+01,6.71124E+01,6.71124E+01,6.71124E+01,6.71124E+01,6.71124E+01,6.71124E+01,6.71124E+01,6.71124E+01,6.71124E+01,6.71124E+01,6.71124E+01,6.71124E+01,6.71124E+01,6.71124E+01,6.71124E+01,6.71124E+01,6.71124E+01,6.71124E+01,6.71124E+01,6.71124E+01,6.71124E+01,6.71124E+01,6.71124E+01,6.71124E+01,6.71124E+01,6.71124E+01,6.71124E+01,6.71124E+01,6.71124E+01,6.71124E+01,6.71124E+01,6.71124E+01,6.71124E+01,6.71124E+01,6.71124E+01,6.71124E+01,6.71124E+01,6.71124E+01 
#t = 4.158E+03
6.71124E+01,6.71124E+01,6.71124E+01,6.71124E+01,6.71124E+01,6.71124E+01,6.71124E+01,6.71124E+01,6.71124E+01,6.71124E+01,6.71124E+01,6.71124E+01,6.71124E+01,6.71124E+01,6.71124E+01,6.71124E+01,6.71124E+01,6.71124E+01,6.71124E+01,6.71124E+01,6.71124E+01,6.71124E+01,6.71124E+01,6.71124E+01,6.71124E+01,6.71124E+01,6.71124E+01,6.71124E+01,1.79446E+01,6.71124E+01,8.51954E+00,6.71124E+01,6.71124E+01,6.71124E+01,6.71124E+01,6.71124E+01,6.71124E+01,6.71124E+01,6.71124E+01 
#t = 4.200E+03
6.71124E+01,6.71124E+01,6.71124E+01,6.71124E+01,6.71124E+01,6.71124E+01,6.71124E+01,6.71124E+01,6.71124E+01,6.71124E+01,6.71124E+01,6.71124E+01,6.71124E+01,6.71124E+01,6.71124E+01,6.71124E+01,6.71124E+01,6.71124E+01,6.71124E+01,6.71124E+01,6.71124E+01,6.71124E+01,6.71124E+01,6.71124E+01,6.71124E+01,6.71124E+01,6.71124E+01,6.71124E+01,6.71124E+01,6.71124E+01,6.71124E+01,6.71124E+01,6.71124E+01,6.71124E+01,6.71124E+01,6.71124E+01,6.71124E+01,6.71124E+01 
