#t = 0.000E+00
4.24277E-02,1.26586E+00,4.40875E-01,7.08546E-02,1.59277E-01 
#t = 4.200E+01
5.73784E+00 
#t = 8.400E+01
1.12932E+01,1.12932E+01,1.12932E+01,1.12932E+01,8.05625E-02 
#t = 1.260E+02
1.16056E+00 
#t = 1.680E+02
1.16981E+01,1.16981E+01,1.16981E+01,1.05503E+01,1.24160E+01,1.16981E+01,1.05503E+01,1.47789E+01,1.16981E+01,3.54260E-01,1.16981E+01,1.16981E+01,1.16981E+01 
#t = 2.100E+02
1.17420E+01,1.24160E+01,2.55512E+00,1.16981E+01,1.16981E+01,1.16981E+01,5.74746E-01,1.24160E+01,7.82462E-01 
#t = 2.520E+02
2.51350E+01,1.17420E+01,1.47331E+01,5.35903E+01,1.90012E+01,5.35903E+01,2.51350E+01,1.27267E+01,1.47331E+01,5.35903E+01,5.35903E+01,5.35903E+01,4.92034E-01,1.06062E+00,1.42977E+00,5.35903E+01 
#t = 2.940E+02
5.35903E+01,5.35903E+01,5.35903E+01,5.35903E+01,5.35903E+01,5.35903E+01,5.35903E+01,5.35903E+01,5.35903E+01,5.35903E+01,5.35903E+01,5.35903E+01,1.51070E+01,5.35903E+01,5.35903E+01,5.35903E+01,5.35903E+01,5.35903E+01,5.35903E+01,5.35903E+01,5.35903E+01,5.35903E+01,5.35903E+01,5.35903E+01,5.35903E+01,5.35903E+01,5.35903E+01,5.35903E+01,5.35903E+01,5.35903E+01,5.35903E+01,5.35903E+01,1.49371E+00,1.77673E+00,5.35903E+01,5.35903E+01,5.35903E+01,7.20384E+00,5.35903E+01 
#t = 3.360E+02
5.35903E+01,5.35903E+01,1.64072E+01,5.35903E+01,5.35903E+01,5.35903E+01,5.35903E+01,5.35903E+01,5.35903E+01,5.35903E+01,5.35903E+01,5.35903E+01,5.35903E+01,5.35903E+01,5.35903E+01,5.35903E+01,5.35903E+01,5.35903E+01,1.64072E+01,5.35903E+01,5.35903E+01,5.35903E+01,5.35903E+01,5.35903E+01,5.35903E+01,5.35903E+01,5.35903E+01,5.35903E+01,5.35903E+01,1.24851E+01,5.35903E+01,5.35903E+01,5.35903E+01,5.35903E+01 
#t = 3.780E+02
5.35903E+01,5.35903E+01,5.35903E+01,5.35903E+01,5.35903E+01,5.35903E+01,1.77615E+02,5.35903E+01,5.35903E+01,5.35903E+01,5.35903E+01,5.35903E+01,5.35903E+01,5.35903E+01,5.35903E+01,5.35903E+01,5.35903E+01,9.68780E+00,5.35903E+01,5.35903E+01,5.35903E+01,5.35903E+01,5.35903E+01,5.35903E+01,5.35903E+01,5.35903E+01,5.35903E+01,5.35903E+01,5.35903E+01,5.35903E+01,1.77615E+02,1.12022E+01,5.35903E+01,5.35903E+01,5.35903E+01,5.35903E+01,5.35903E+01,5.35903E+01,5.35903E+01,5.35903E+01,5.35903E+01,5.35903E+01,5.35903E+01,5.35903E+01,5.35903E+01,5.35903E+01,5.35903E+01,6.22799E-01,5.35903E+01,2.51340E+01,5.35903E+01 
#t = 4.200E+02
5.35903E+01,5.35903E+01,5.35903E+01,5.35903E+01,5.35903E+01,5.35903E+01,5.35903E+01,5.35903E+01,5.35903E+01,5.35903E+01,5.35903E+01,5.35903E+01,5.35903E+01,9.12593E+00,5.35903E+01,5.35903E+01,5.35903E+01,5.35903E+01,5.35903E+01,5.35903E+01,5.35903E+01,5.35903E+01,5.35903E+01,5.35903E+01,5.35903E+01,5.35903E+01,5.35903E+01,5.35903E+01,5.35903E+01,5.35903E+01,5.35903E+01,5.35903E+01,5.35903E+01,5.35903E+01,5.35903E+01,5.35903E+01,5.35903E+01,5.35903E+01,5.35903E+01,5.35903E+01,5.35903E+01,5.35903E+01,5.35903E+01,5.35903E+01,5.35903E+01,5.09808E-01,5.35903E+01,5.35903E+01,5.35903E+01,5.35903E+01,1.29239E+01 
#t = 4.620E+02
5.35903E+01,5.35903E+01,5.35903E+01,5.35903E+01,5.35903E+01,5.35903E+01,5.35903E+01,5.35903E+01,5.35903E+01,5.35903E+01,5.35903E+01,5.35903E+01,5.35903E+01,5.35903E+01,5.35903E+01,5.35903E+01,5.35903E+01,5.35903E+01,1.29239E+01,5.35903E+01,5.35903E+01,5.35903E+01,5.35903E+01,5.35903E+01,5.35903E+01,5.35903E+01,1.29239E+01,5.35903E+01,5.35903E+01,5.35903E+01,5.35903E+01,5.35903E+01,5.35903E+01,8.55737E+00,5.35903E+01,5.35903E+01,5.35903E+01,5.35903E+01,5.35903E+01,5.35903E+01,5.35903E+01,5.35903E+01,3.91479E+00,5.35903E+01,5.35903E+01,5.35903E+01,5.35903E+01,5.35903E+01,5.35903E+01,5.35903E+01,5.35903E+01,5.35903E+01,5.35903E+01,5.35903E+01,5.35903E+01,5.35903E+01,5.35903E+01,5.35903E+01,5.35903E+01,1.89796E+00,8.25786E-01,5.35903E+01,5.35903E+01,5.35903E+01 
#t = 5.040E+02
5.35903E+01,5.35903E+01,1.29239E+01,5.35903E+01,5.35903E+01,5.35903E+01,5.35903E+01,5.35903E+01,5.35903E+01,5.35903E+01,5.35903E+01,5.35903E+01,5.35903E+01,5.35903E+01,5.35903E+01,5.35903E+01,5.35903E+01,5.35903E+01,5.35903E+01,5.35903E+01,5.35903E+01,5.35903E+01,5.35903E+01,2.38202E+01,5.35903E+01,5.35903E+01,5.35903E+01,5.35903E+01,5.35903E+01,1.29239E+01,5.35903E+01,5.35903E+01,5.35903E+01,5.35903E+01,5.35903E+01,5.35903E+01,5.35903E+01 
#t = 5.460E+02
5.35903E+01,5.35903E+01,5.35903E+01,5.35903E+01,5.35903E+01,5.35903E+01,1.29239E+01,5.35903E+01,5.35903E+01,5.35903E+01,5.35903E+01,5.35903E+01,5.35903E+01,5.35903E+01,5.35903E+01,1.29239E+01,5.35903E+01,5.35903E+01,5.35903E+01,5.35903E+01,5.35903E+01,5.35903E+01,5.35903E+01,5.35903E+01,5.35903E+01,5.35903E+01,5.35903E+01,5.35903E+01,5.35903E+01,5.35903E+01,5.35903E+01,5.35903E+01,5.35903E+01,5.35903E+01,5.35903E+01,1.76177E+00,5.35903E+01,5.35903E+01,5.35903E+01 
#t = 5.880E+02
5.35903E+01,5.35903E+01,5.35903E+01,5.35903E+01,5.35903E+01,5.35903E+01,5.35903E+01,5.35903E+01,5.35903E+01,5.35903E+01,5.35903E+01,5.35903E+01,5.35903E+01,5.35903E+01,5.35903E+01,5.35903E+01,5.35903E+01,5.35903E+01,5.35903E+01,5.35903E+01,5.35903E+01,5.35903E+01,5.35903E+01,5.35903E+01,1.01718E+00,5.35903E+01,5.35903E+01,5.35903E+01,2.84433E+00,5.35903E+01,5.35903E+01,5.35903E+01,5.35903E+01,9.23171E-01 
#t = 6.300E+02
5.35903E+01,5.35903E+01,5.35903E+01,5.35903E+01,5.35903E+01,2.55897E+01,6.13903E+00,5.35903E+01,5.35903E+01,5.35903E+01,5.35903E+01,5.35903E+01,5.35903E+01,5.35903E+01,5.35903E+01,2.55897E+01,5.35903E+01,5.35903E+01,5.35903E+01,5.35903E+01,5.35903E+01,5.35903E+01,5.35903E+01,5.35903E+01,5.35903E+01,9.70898E+00,5.35903E+01,5.35903E+01,5.35903E+01,5.35903E+01,5.35903E+01,5.35903E+01,5.35903E+01,5.35903E+01,5.35903E+01,5.35903E+01,5.35903E+01,8.32384E-02,5.35903E+01,5.35903E+01,5.35903E+01,1.18007E+00,2.46995E+00 
#t = 6.720E+02
5.35903E+01,5.35903E+01,5.35903E+01,5.35903E+01,5.35903E+01,5.35903E+01,5.35903E+01,5.35903E+01,5.35903E+01,2.55897E+01,5.35903E+01,5.35903E+01,5.35903E+01,5.35903E+01,5.35903E+01,2.55897E+01,5.35903E+01,1.96695E+01,5.35903E+01,1.96695E+01,5.35903E+01,5.35903E+01,5.35903E+01,5.35903E+01,5.35903E+01,5.35903E+01,5.35903E+01,2.55897E+01,5.35903E+01,5.35903E+01,5.35903E+01,5.35903E+01,2.55897E+01,5.35903E+01,5.35903E+01,5.35903E+01,5.35903E+01,4.27039E+00,5.35903E+01,5.35903E+01,5.35903E+01 
#t = 7.140E+02
1.96695E+01,5.35903E+01,5.35903E+01,5.35903E+01,5.35903E+01,5.35903E+01,5.35903E+01,2.55897E+01,5.35903E+01,5.35903E+01,5.35903E+01,1.96695E+01,5.35903E+01,1.96695E+01,5.35903E+01,5.35903E+01,5.35903E+01,2.55897E+01,5.35903E+01,5.35903E+01,5.35903E+01,5.35903E+01,5.35903E+01,5.35903E+01,5.35903E+01,5.06561E+00,5.35903E+01,4.56280E+01,8.08695E-01,5.35903E+01,5.35903E+01,5.35903E+01,5.35903E+01,5.35903E+01,5.35903E+01,5.35903E+01,5.35903E+01,5.35903E+01,5.35903E+01,5.35903E+01 
#t = 7.560E+02
5.35903E+01,1.47457E+01,5.35903E+01,5.35903E+01,5.35903E+01,5.35903E+01,5.35903E+01,1.96695E+01,5.35903E+01,5.35903E+01,5.35903E+01,5.35903E+01,5.35903E+01,5.35903E+01,5.35903E+01,1.47457E+01,5.35903E+01,5.35903E+01,5.35903E+01,5.35903E+01,5.35903E+01,5.35903E+01,5.35903E+01,5.35903E+01,5.35903E+01,5.35903E+01,1.96695E+01,5.35903E+01,5.35903E+01,5.35903E+01,5.35903E+01,5.35903E+01,5.35903E+01,5.35903E+01,5.35903E+01,1.15813E+01,5.35903E+01,5.35903E+01,5.35903E+01,5.35903E+01,5.35903E+01,5.35903E+01,5.35903E+01,1.15813E+01,5.35903E+01 
#t = 7.980E+02
5.35903E+01,1.96695E+01,5.35903E+01,5.35903E+01,1.15813E+01,5.35903E+01,5.35903E+01,5.35903E+01,1.47457E+01,5.35903E+01,5.35903E+01,1.38720E+01,5.35903E+01,1.21092E+01,1.15813E+01,1.38720E+01,5.35903E+01,5.35903E+01,1.15813E+01,5.35903E+01,5.35903E+01,5.35903E+01,5.35903E+01,5.35903E+01,5.35903E+01,5.35903E+01,5.35903E+01,5.35903E+01,5.35903E+01,5.35903E+01,5.35903E+01,1.15813E+01,5.35903E+01,5.35903E+01,5.35903E+01,5.35903E+01,5.35903E+01,5.35903E+01,5.35903E+01,5.35903E+01,5.35903E+01,1.87068E+01,1.87068E+01 
#t = 8.400E+02
5.35903E+01,5.35903E+01,5.35903E+01,5.35903E+01,5.35903E+01,5.35903E+01,5.35903E+01,5.35903E+01,5.35903E+01,5.35903E+01,5.35903E+01,5.35903E+01,5.35903E+01,5.35903E+01,5.35903E+01,5.35903E+01,5.35903E+01,5.35903E+01,5.35903E+01,5.35903E+01,5.35903E+01,5.35903E+01,5.35903E+01,5.35903E+01,5.35903E+01,5.35903E+01,5.35903E+01,5.35903E+01,5.35903E+01,5.35903E+01,5.35903E+01,7.47270E-02,5.35903E+01,5.35903E+01,5.35903E+01,5.35903E+01,5.35903E+01,1.37286E+01,5.35903E+01 
#t = 8.820E+02
5.35903E+01,5.35903E+01,5.35903E+01,5.35903E+01,5.35903E+01,5.35903E+01,5.35903E+01,1.38027E+01,5.35903E+01,5.35903E+01,5.35903E+01,5.35903E+01,5.35903E+01,5.35903E+01,5.35903E+01,5.35903E+01,5.35903E+01,5.35903E+01,5.35903E+01,5.35903E+01,5.35903E+01,5.35903E+01,5.35903E+01,9.43363E+00,4.63693E+00,5.35903E+01,5.35903E+01,5.35903E+01,5.35903E+01,1.38027E+01,5.35903E+01,5.35903E+01,3.56445E+00,5.35903E+01,5.35903E+01,1.50562E-01,5.35903E+01,5.35903E+01,5.35903E+01,2.48846E+00 
#t = 9.240E+02
5.35903E+01,5.35903E+01,5.35903E+01,5.35903E+01,5.35903E+01,5.35903E+01,5.35903E+01,1.16185E+01,5.35903E+01,5.35903E+01,5.35903E+01,5.35903E+01,5.35903E+01,5.35903E+01,5.35903E+01,5.35903E+01,5.35903E+01,5.35903E+01,5.35903E+01,5.35903E+01,5.35903E+01,5.35903E+01,5.35903E+01,5.35903E+01,5.35903E+01,5.35903E+01,5.35903E+01,5.35903E+01,6.73620E+01,5.35903E+01,5.35903E+01,5.35903E+01,5.35903E+01,5.35903E+01,5.35903E+01 
#t = 9.660E+02
5.35903E+01,5.35903E+01,5.35903E+01,5.35903E+01,5.35903E+01,5.35903E+01,5.35903E+01,5.35903E+01,5.35903E+01,5.35903E+01,5.35903E+01,5.35903E+01,5.35903E+01,6.34905E+00,5.35903E+01,5.35903E+01,5.35903E+01,5.35903E+01,5.35903E+01,5.35903E+01,5.35903E+01,5.35903E+01,5.35903E+01,5.35903E+01,5.35903E+01,5.35903E+01,5.35903E+01,5.35903E+01,5.35903E+01,2.28283E-01,7.60971E+00,5.35903E+01,5.35903E+01,5.35903E+01,5.35903E+01,5.35903E+01,1.46626E+01,5.35903E+01,5.35903E+01 
#t = 1.008E+03
5.35903E+01,5.35903E+01,5.35903E+01,5.35903E+01,5.35903E+01,5.35903E+01,1.46626E+01,5.35903E+01,1.46626E+01,5.35903E+01,5.35903E+01,5.35903E+01,5.35903E+01,1.25783E+01,5.35903E+01,5.35903E+01,5.35903E+01,5.35903E+01,5.35903E+01,5.35903E+01,5.35903E+01,5.35903E+01,5.35903E+01,5.35903E+01,1.99579E+01,5.35903E+01,5.35903E+01,5.35903E+01,9.61920E+00,1.54017E+01,5.35903E+01,5.35903E+01,5.35903E+01,5.35903E+01,5.35903E+01,9.57394E-01,5.35903E+01,1.25783E+01 
#t = 1.050E+03
5.35903E+01,5.35903E+01,5.35903E+01,5.35903E+01,5.35903E+01,5.35903E+01,8.30485E+01,5.35903E+01,5.35903E+01,8.16021E+00,5.35903E+01,5.35903E+01,5.35903E+01,5.35903E+01,5.35903E+01,8.30485E+01,5.35903E+01,5.35903E+01,5.35903E+01,5.35903E+01,5.35903E+01,5.35903E+01,5.35903E+01,8.30485E+01,5.35903E+01,5.35903E+01 
#t = 1.092E+03
8.30485E+01,8.30485E+01,8.30485E+01,5.35903E+01,5.35903E+01,5.35903E+01,8.30485E+01,5.35903E+01,1.49998E+01,5.35903E+01,5.35903E+01,8.30485E+01,8.30485E+01,8.30485E+01,8.30485E+01,8.30485E+01,5.35903E+01,5.35903E+01,1.34430E+01,8.30485E+01,5.35903E+01,8.30485E+01,8.30485E+01,5.35903E+01,5.35903E+01,8.30485E+01,5.35903E+01,5.35903E+01,8.30485E+01,8.30485E+01,8.30485E+01,8.30485E+01,5.35903E+01,5.35903E+01,8.30485E+01,5.35903E+01,3.22948E-01,8.30485E+01,5.35903E+01,5.35903E+01,8.30485E+01,5.35903E+01,8.30485E+01,8.30485E+01,8.30485E+01,5.35903E+01,5.35903E+01,8.30485E+01,5.35903E+01,8.30485E+01,8.30485E+01 
#t = 1.134E+03
8.30485E+01,8.30485E+01,5.35903E+01,5.35903E+01,8.30485E+01,5.35903E+01,8.30485E+01,8.30485E+01,5.35903E+01,5.35903E+01,8.30485E+01,5.35903E+01,5.35903E+01,8.30485E+01,8.30485E+01,5.35903E+01,8.30485E+01,8.30485E+01,8.30485E+01,8.30485E+01,8.30485E+01,8.30485E+01,8.30485E+01,5.35903E+01,5.35903E+01,8.30485E+01,8.30485E+01,8.30485E+01,8.30485E+01,5.35903E+01,5.35903E+01,5.35903E+01,8.30485E+01,4.02579E+00,5.35903E+01,8.30485E+01,5.35903E+01,5.54493E+00,5.35903E+01,8.30485E+01,8.30485E+01,8.30485E+01 
#t = 1.176E+03
5.35903E+01,5.35903E+01,8.30485E+01,5.35903E+01,1.07648E+01,5.35903E+01,5.35903E+01,5.35903E+01,8.30485E+01,8.30485E+01,8.30485E+01,8.30485E+01,5.35903E+01,8.30485E+01,8.30485E+01,5.35903E+01,8.30485E+01,8.30485E+01,8.30485E+01,8.30485E+01,8.30485E+01,8.30485E+01,8.30485E+01,2.57110E+01,5.35903E+01,8.30485E+01,5.35903E+01,1.70855E+00,8.30485E+01,8.30485E+01,5.35903E+01,3.67603E+00 
#t = 1.218E+03
8.30485E+01,8.30485E+01,8.30485E+01,8.30485E+01,8.30485E+01,6.57444E+00,8.30485E+01,3.04232E+01,8.30485E+01,8.30485E+01,8.30485E+01,8.30485E+01,8.30485E+01,8.30485E+01,8.30485E+01,8.30485E+01,8.30485E+01,8.30485E+01,5.35903E+01,5.35903E+01,5.35903E+01,8.30485E+01,8.30485E+01,8.30485E+01,8.30485E+01,8.30485E+01,1.64024E+00,5.35903E+01,5.35903E+01,8.30485E+01,8.30485E+01,8.30485E+01,8.41407E-01,8.30485E+01,7.40046E-01,8.30485E+01 
#t = 1.260E+03
8.30485E+01,3.04232E+01,8.30485E+01,8.30485E+01,8.30485E+01,8.30485E+01,8.30485E+01,8.30485E+01,8.30485E+01,8.30485E+01,3.04232E+01,8.30485E+01,8.30485E+01,8.30485E+01,8.30485E+01,8.30485E+01,8.30485E+01,8.30485E+01,8.30485E+01,3.04232E+01,8.30485E+01,8.30485E+01,8.30485E+01,8.30485E+01,8.30485E+01,8.30485E+01,8.30485E+01,8.30485E+01,8.30485E+01,8.30485E+01,8.30485E+01,8.30485E+01,8.30485E+01,8.30485E+01,8.30485E+01,9.66732E+00,8.30485E+01,8.30485E+01,8.30485E+01,8.30485E+01,3.04232E+01,8.30485E+01,8.30485E+01,8.30485E+01,8.30485E+01,1.18639E+00,8.30485E+01 
#t = 1.302E+03
8.30485E+01,3.04232E+01,8.30485E+01,8.30485E+01,8.30485E+01,8.30485E+01,8.30485E+01,8.30485E+01,8.30485E+01,8.30485E+01,3.04232E+01,8.30485E+01,8.30485E+01,8.30485E+01,8.30485E+01,8.30485E+01,1.74982E+02,8.30485E+01,8.30485E+01,8.30485E+01,8.30485E+01,8.30485E+01,8.30485E+01,8.30485E+01,8.30485E+01,8.30485E+01,8.30485E+01,8.30485E+01,8.30485E+01,8.30485E+01,8.30485E+01,8.30485E+01,8.30485E+01,8.30485E+01,3.04232E+01,8.30485E+01,8.30485E+01,1.50790E-01,8.30485E+01,8.30485E+01,8.30485E+01,2.03393E+00,8.30485E+01 
#t = 1.344E+03
8.30485E+01,8.30485E+01,8.30485E+01,8.30485E+01,8.30485E+01,8.30485E+01,8.30485E+01,8.30485E+01,8.30485E+01,8.30485E+01,8.30485E+01,8.30485E+01,8.30485E+01,8.30485E+01,8.30485E+01,8.30485E+01,8.30485E+01,8.30485E+01,8.30485E+01,8.30485E+01,8.30485E+01,9.43867E+00,8.30485E+01,8.30485E+01,8.30485E+01,8.30485E+01,4.39059E-01,8.30485E+01,8.30485E+01,3.04232E+01,8.30485E+01,3.04232E+01,8.30485E+01,8.30485E+01,8.30485E+01,8.30485E+01,8.30485E+01,1.07279E-01 
#t = 1.386E+03
8.30485E+01,8.30485E+01,8.30485E+01,8.30485E+01,1.15452E+01,8.30485E+01,8.30485E+01,8.30485E+01,1.15452E+01,3.04232E+01,8.30485E+01,8.30485E+01,8.30485E+01,8.30485E+01,8.30485E+01,8.30485E+01,8.30485E+01,3.04232E+01,8.30485E+01,8.30485E+01,8.30485E+01,8.30485E+01,8.30485E+01,8.30485E+01,3.04232E+01,3.04232E+01,8.30485E+01,3.04232E+01,3.04232E+01,8.30485E+01,3.04232E+01,8.30485E+01,8.30485E+01,9.39664E-02,3.04232E+01,8.30485E+01,8.30485E+01,3.04232E+01,8.30485E+01,1.10819E+00 
#t = 1.428E+03
8.30485E+01,8.30485E+01,3.04232E+01,8.30485E+01,8.30485E+01,8.30485E+01,8.30485E+01,8.30485E+01,8.30485E+01,3.04232E+01,3.04232E+01,3.04232E+01,3.04232E+01,8.30485E+01,8.30485E+01,8.30485E+01,8.30485E+01,3.04232E+01,8.30485E+01,8.30485E+01,8.30485E+01,8.30485E+01,3.04232E+01,8.30485E+01,3.04232E+01,8.30485E+01,8.30485E+01,3.04232E+01,8.30485E+01,3.04232E+01,8.30485E+01,3.04232E+01,3.04232E+01,1.94529E+00,3.04232E+01,3.04232E+01,2.97883E+00,8.30485E+01,8.30485E+01,3.04232E+01,3.04232E+01,8.30485E+01 
#t = 1.470E+03
3.04232E+01,3.04232E+01,3.04232E+01,8.30485E+01,8.30485E+01,8.30485E+01,8.30485E+01,8.30485E+01,8.30485E+01,8.30485E+01,8.30485E+01,8.30485E+01,8.30485E+01,3.04232E+01,8.30485E+01,8.30485E+01,8.30485E+01,3.04232E+01,8.30485E+01,3.04232E+01,8.30485E+01,8.30485E+01,8.30485E+01,8.30485E+01,8.30485E+01,8.30485E+01,8.30485E+01,8.30485E+01,1.00698E-01,3.04232E+01,8.30485E+01,8.30485E+01,8.30485E+01 
#t = 1.512E+03
3.04232E+01,3.04232E+01,8.30485E+01,8.30485E+01,8.30485E+01,8.30485E+01,8.30485E+01,8.30485E+01,8.30485E+01,8.30485E+01,8.30485E+01,8.30485E+01,8.30485E+01,8.30485E+01,8.30485E+01,8.30485E+01,8.30485E+01,3.04232E+01,8.30485E+01,8.30485E+01,8.30485E+01,8.30485E+01,8.30485E+01,8.30485E+01,1.30032E+01,8.30485E+01,8.30485E+01,3.04232E+01,3.70213E+00,3.04232E+01,8.30485E+01,8.30485E+01,3.04232E+01,8.30485E+01,1.30032E+01,3.04232E+01,2.63336E-01,8.30485E+01,8.30485E+01 
#t = 1.554E+03
8.30485E+01,8.30485E+01,8.30485E+01,3.04232E+01,8.30485E+01,8.37548E+01,8.30485E+01,8.30485E+01,8.30485E+01,8.30485E+01,8.30485E+01,8.30485E+01,8.30485E+01,8.30485E+01,8.30485E+01,8.30485E+01,8.30485E+01,8.30485E+01,8.30485E+01,3.04232E+01,8.30485E+01,8.30485E+01,8.30485E+01,8.30485E+01,3.04232E+01,8.30485E+01,8.30485E+01,8.30485E+01,8.30485E+01,8.30485E+01,8.30485E+01,8.30485E+01,1.80620E+00,3.04232E+01 
#t = 1.596E+03
8.30485E+01,8.30485E+01,8.30485E+01,8.30485E+01,3.04232E+01,8.30485E+01,8.30485E+01,8.30485E+01,8.30485E+01,8.30485E+01,8.30485E+01,8.30485E+01,8.30485E+01,8.30485E+01,8.30485E+01,8.30485E+01,8.30485E+01,1.26262E+01,8.30485E+01,8.30485E+01,8.30485E+01,8.30485E+01,8.30485E+01,1.26262E+01,8.30485E+01,8.30485E+01,8.30485E+01,8.30485E+01,8.30485E+01,8.30485E+01,8.30485E+01,8.30485E+01,8.30485E+01,8.30485E+01,8.30485E+01,8.30485E+01,3.04232E+01,8.30485E+01,8.30485E+01,8.30485E+01,8.30485E+01,8.30485E+01,8.30485E+01,8.30485E+01,8.30485E+01,8.24969E+00,8.30485E+01,1.26262E+01,8.30485E+01,8.30485E+01,4.24578E+00 
#t = 1.638E+03
8.30485E+01,8.30485E+01,8.30485E+01,1.26262E+01,8.30485E+01,8.30485E+01,8.30485E+01,8.30485E+01,8.30485E+01,8.30485E+01,8.30485E+01,8.30485E+01,8.30485E+01,1.26262E+01,8.30485E+01,8.30485E+01,8.30485E+01,1.26262E+01,8.30485E+01,8.30485E+01,8.30485E+01,1.26262E+01,8.30485E+01,8.30485E+01,8.30485E+01,8.30485E+01,1.06834E+01,8.30485E+01,8.30485E+01,1.89089E+00,1.98845E+00,8.30485E+01,8.30485E+01,4.60396E-01,1.26262E+01,1.26262E+01,1.79372E+01,8.30485E+01,8.30485E+01,8.30485E+01,8.30485E+01 
#t = 1.680E+03
8.30485E+01,8.30485E+01,8.30485E+01,8.30485E+01,8.30485E+01,8.30485E+01,8.30485E+01,8.30485E+01,1.26262E+01,2.10461E+01,8.30485E+01,8.30485E+01,8.30485E+01,2.10461E+01,8.30485E+01,2.35030E+01,8.30485E+01,8.30485E+01,8.30485E+01,8.30485E+01,8.30485E+01,8.30485E+01,8.30485E+01,8.30485E+01,8.30485E+01,8.30485E+01,8.30485E+01,8.30485E+01,8.30485E+01,8.30485E+01,8.30485E+01,8.30485E+01,8.30485E+01,2.10461E+01,8.30485E+01,8.30485E+01,1.43480E+00,2.35030E+01,2.10461E+01,2.18341E+00,8.30485E+01,8.30485E+01,2.35030E+01,3.35333E+00,1.26262E+01 
#t = 1.722E+03
8.30485E+01,8.30485E+01,8.30485E+01,8.30485E+01,8.30485E+01,8.30485E+01,8.30485E+01,8.30485E+01,8.30485E+01,8.30485E+01,8.30485E+01,1.14994E+01,2.10461E+01,8.30485E+01,8.30485E+01,2.10461E+01,4.04217E+00,8.30485E+01,8.30485E+01,2.10461E+01,8.30485E+01,8.30485E+01,8.30485E+01,8.30485E+01,8.30485E+01,8.30485E+01,8.30485E+01,8.30485E+01,8.30485E+01,8.30485E+01,7.15434E-01,8.30485E+01,8.30485E+01,8.30485E+01,8.30485E+01,2.10461E+01,8.30485E+01,6.39596E+00,8.30485E+01,8.30485E+01,8.30485E+01 
#t = 1.764E+03
8.30485E+01,8.30485E+01,8.30485E+01,8.30485E+01,8.30485E+01,8.30485E+01,8.30485E+01,8.30485E+01,8.30485E+01,8.30485E+01,8.30485E+01,8.30485E+01,8.30485E+01,1.35078E+01,8.30485E+01,8.30485E+01,8.30485E+01,8.30485E+01,8.30485E+01,2.72045E+01,8.30485E+01,8.30485E+01,8.30485E+01,2.10461E+01,8.30485E+01,8.30485E+01,2.10461E+01,8.30485E+01,8.30485E+01,8.30485E+01,8.30485E+01,8.30485E+01,4.38548E+00,8.30485E+01,8.30485E+01,8.30485E+01,8.30485E+01,8.30485E+01,8.30485E+01,8.30485E+01,4.29342E+00,3.95109E+00,8.30485E+01,8.30485E+01,8.30485E+01 
#t = 1.806E+03
8.30485E+01,8.30485E+01,2.10461E+01,8.30485E+01,8.30485E+01,8.30485E+01,8.30485E+01,8.30485E+01,8.30485E+01,8.30485E+01,8.30485E+01,8.30485E+01,8.30485E+01,8.30485E+01,8.30485E+01,8.30485E+01,8.30485E+01,8.30485E+01,8.30485E+01,8.30485E+01,2.10461E+01,8.30485E+01,8.30485E+01,8.30485E+01,8.30485E+01,8.30485E+01,1.84838E+01,8.30485E+01,8.30485E+01,6.18667E+01,8.30485E+01,8.30485E+01,8.63996E+00,1.34982E+00,8.30485E+01,2.81695E+00 
#t = 1.848E+03
8.30485E+01,8.30485E+01,7.57355E+00,1.04753E+01,8.30485E+01,8.30485E+01,8.30485E+01,8.30485E+01,8.30485E+01,8.30485E+01,8.30485E+01,8.30485E+01,8.30485E+01,8.30485E+01,8.30485E+01,8.30485E+01,8.30485E+01,8.30485E+01,8.30485E+01,8.30485E+01,8.30485E+01,8.30485E+01,8.30485E+01,8.30485E+01,8.30485E+01,8.30485E+01,8.30485E+01,8.30485E+01,8.30485E+01,8.30485E+01,8.30485E+01,8.30485E+01,8.30485E+01,1.11489E+01,8.30485E+01,8.30485E+01,8.30485E+01,8.30485E+01,8.30485E+01,8.30485E+01,8.30485E+01,1.34942E+01 
#t = 1.890E+03
1.04753E+01,8.30485E+01,8.30485E+01,8.30485E+01,8.30485E+01,8.30485E+01,8.30485E+01,8.30485E+01,8.30485E+01,8.30485E+01,8.30485E+01,8.30485E+01,8.30485E+01,8.30485E+01,8.30485E+01,8.30485E+01,8.30485E+01,8.30485E+01,8.30485E+01,8.30485E+01,8.30485E+01,8.30485E+01,8.30485E+01,8.30485E+01,8.30485E+01,8.30485E+01,8.30485E+01,8.30485E+01,8.30485E+01,8.30485E+01,8.30485E+01,1.03469E-01,8.30485E+01,8.30485E+01,8.30485E+01,8.30485E+01,8.30485E+01,1.28654E+00,8.30485E+01,8.30485E+01,8.30485E+01 
#t = 1.932E+03
8.30485E+01,8.30485E+01,8.30485E+01,8.30485E+01,8.30485E+01,8.30485E+01,8.30485E+01,8.30485E+01,8.30485E+01,8.30485E+01,8.30485E+01,8.30485E+01,8.30485E+01,8.30485E+01,8.30485E+01,8.30485E+01,8.30485E+01,8.30485E+01,8.30485E+01,8.30485E+01,8.30485E+01,8.30485E+01,8.30485E+01,8.30485E+01,8.30485E+01,8.30485E+01,8.30485E+01,8.30485E+01,8.30485E+01,8.30485E+01,8.30485E+01,8.30485E+01,8.30485E+01,8.30485E+01,8.30485E+01,8.30485E+01,8.30485E+01,8.30485E+01,8.30485E+01,1.28767E+00,8.30485E+01,1.42100E+01,1.47424E+00,8.30485E+01,8.30485E+01,7.28579E+00,8.30485E+01,8.30485E+01,2.39744E+00,7.69291E-01 
#t = 1.974E+03
8.30485E+01,8.30485E+01,8.30485E+01,8.30485E+01,8.30485E+01,8.30485E+01,8.30485E+01,8.30485E+01,8.30485E+01,8.30485E+01,8.30485E+01,8.30485E+01,8.30485E+01,8.30485E+01,8.30485E+01,8.30485E+01,8.30485E+01,8.30485E+01,8.30485E+01,1.50879E+01,1.68008E+01,8.30485E+01,8.30485E+01,8.30485E+01,8.30485E+01,8.30485E+01,8.30485E+01,8.30485E+01,1.68008E+01,8.30485E+01,8.30485E+01,8.30485E+01,8.30485E+01,8.30485E+01,8.30485E+01,8.30485E+01,8.30485E+01,1.08962E+01,8.30485E+01,1.68008E+01,8.30485E+01,8.30485E+01 
#t = 2.016E+03
8.30485E+01,8.30485E+01,8.30485E+01,8.30485E+01,8.30485E+01,8.30485E+01,8.30485E+01,8.30485E+01,8.30485E+01,8.30485E+01,8.30485E+01,8.30485E+01,8.30485E+01,1.50879E+01,8.30485E+01,8.30485E+01,8.30485E+01,8.30485E+01,8.30485E+01,8.30485E+01,8.30485E+01,8.30485E+01,8.30485E+01,8.30485E+01,8.30485E+01,8.30485E+01,8.30485E+01,8.30485E+01,8.30485E+01,8.30485E+01,8.30485E+01,8.30485E+01,8.30485E+01,8.30485E+01,8.30485E+01,8.30485E+01,8.30485E+01,8.30485E+01,8.30485E+01,2.60734E-01,8.30485E+01,8.30485E+01 
#t = 2.058E+03
8.30485E+01,8.30485E+01,8.30485E+01,8.30485E+01,8.30485E+01,8.30485E+01,8.30485E+01,8.30485E+01,8.30485E+01,8.30485E+01,8.30485E+01,8.30485E+01,8.30485E+01,8.30485E+01,8.30485E+01,8.30485E+01,8.30485E+01,8.30485E+01,8.30485E+01,8.30485E+01,8.30485E+01,8.30485E+01,8.30485E+01,8.30485E+01,8.30485E+01,8.30485E+01,8.30485E+01,8.30485E+01,7.18188E+00,8.30485E+01,8.30485E+01,8.30485E+01,8.30485E+01,5.88048E+00,8.30485E+01,8.30485E+01,8.30485E+01,8.30485E+01,8.30485E+01,8.30485E+01,8.30485E+01,8.30485E+01,8.30485E+01,8.30485E+01,8.30485E+01,8.30485E+01 
#t = 2.100E+03
8.30485E+01,8.30485E+01,8.30485E+01,8.30485E+01,8.30485E+01,8.30485E+01,8.30485E+01,8.30485E+01,8.30485E+01,8.30485E+01,8.30485E+01,8.30485E+01,8.30485E+01,8.30485E+01,8.30485E+01,8.30485E+01,8.30485E+01,8.30485E+01,8.30485E+01,8.30485E+01,1.01108E+01,8.30485E+01,8.30485E+01,8.30485E+01,8.30485E+01,8.30485E+01,8.30485E+01,8.30485E+01,8.30485E+01,8.30485E+01,8.30485E+01,8.30485E+01,8.30485E+01,8.30485E+01,8.30485E+01,1.23478E+00,8.30485E+01,8.30485E+01,8.30485E+01,8.30485E+01,8.30485E+01,8.30485E+01,8.30485E+01,8.30485E+01,8.30485E+01,2.54997E-01,8.30485E+01,1.21679E+00 
#t = 2.142E+03
8.30485E+01,8.30485E+01,8.30485E+01,8.30485E+01,8.30485E+01,8.30485E+01,8.30485E+01,8.30485E+01,8.30485E+01,8.30485E+01,8.30485E+01,8.30485E+01,8.30485E+01,8.30485E+01,8.30485E+01,8.30485E+01,8.30485E+01,8.30485E+01,8.30485E+01,8.30485E+01,8.30485E+01,8.30485E+01,8.30485E+01,8.30485E+01,8.30485E+01,8.30485E+01,8.30485E+01,8.30485E+01,8.30485E+01,8.30485E+01,8.30485E+01,8.30485E+01,8.30485E+01,8.30485E+01,8.30485E+01,8.30485E+01,8.30485E+01,8.30485E+01,8.30485E+01,8.30485E+01,2.64165E-01,8.30485E+01,8.30485E+01,8.30485E+01 
#t = 2.184E+03
8.30485E+01,8.30485E+01,8.30485E+01,8.30485E+01,8.30485E+01,8.30485E+01,8.30485E+01,8.30485E+01,8.30485E+01,8.30485E+01,8.30485E+01,8.30485E+01,8.30485E+01,8.30485E+01,8.30485E+01,8.30485E+01,8.30485E+01,8.30485E+01,8.30485E+01,8.30485E+01,8.30485E+01,8.30485E+01,8.30485E+01,8.30485E+01,8.30485E+01,8.30485E+01,8.30485E+01,8.30485E+01,8.30485E+01,8.30485E+01,8.30485E+01,8.30485E+01,8.30485E+01,8.30485E+01,5.12137E+00,8.30485E+01,8.30485E+01,8.30485E+01,8.30485E+01,3.01349E-02,3.25750E-01 
#t = 2.226E+03
8.30485E+01,8.30485E+01,8.30485E+01,8.30485E+01,8.30485E+01,8.30485E+01,8.30485E+01,8.30485E+01,8.30485E+01,8.30485E+01,8.30485E+01,8.30485E+01,8.30485E+01,8.30485E+01,8.30485E+01,8.30485E+01,8.30485E+01,8.30485E+01,8.30485E+01,8.30485E+01,8.30485E+01,8.30485E+01,8.30485E+01,8.30485E+01,8.30485E+01,8.30485E+01,8.30485E+01,8.30485E+01,8.30485E+01,8.30485E+01,8.30485E+01,8.30485E+01,8.30485E+01,8.30485E+01,8.30485E+01,8.30485E+01,8.30485E+01,8.30485E+01,8.30485E+01,8.30485E+01,8.30485E+01,8.30485E+01,8.30485E+01,8.30485E+01,8.30485E+01,8.30485E+01,8.30485E+01,1.06961E+01,8.30485E+01,8.30485E+01,8.30485E+01 
#t = 2.268E+03
8.30485E+01,8.30485E+01,8.30485E+01,8.30485E+01,8.30485E+01,8.30485E+01,8.30485E+01,8.30485E+01,8.30485E+01,8.30485E+01,8.30485E+01,8.30485E+01,8.30485E+01,8.30485E+01,8.30485E+01,8.30485E+01,8.30485E+01,8.30485E+01,8.30485E+01,8.30485E+01,8.30485E+01,8.30485E+01,8.30485E+01,8.30485E+01,8.30485E+01,8.30485E+01,8.30485E+01,2.10315E+01,8.30485E+01,1.92452E+01,8.30485E+01,8.30485E+01,8.30485E+01,8.30485E+01,1.92452E+01,8.30485E+01,8.30485E+01,8.30485E+01,8.30485E+01,8.30485E+01,5.30218E-01,1.05521E+00,8.30485E+01,8.30485E+01,8.30485E+01,8.30485E+01 
#t = 2.310E+03
8.30485E+01,8.30485E+01,8.30485E+01,8.30485E+01,8.30485E+01,8.30485E+01,8.30485E+01,8.30485E+01,8.30485E+01,8.30485E+01,8.30485E+01,8.30485E+01,2.10315E+01,8.30485E+01,8.30485E+01,8.30485E+01,8.30485E+01,8.30485E+01,8.30485E+01,8.30485E+01,8.30485E+01,8.30485E+01,8.30485E+01,8.30485E+01,2.42123E+00,8.30485E+01,8.30485E+01,8.30485E+01,2.53439E-01,8.30485E+01,8.30485E+01,8.30485E+01,8.30485E+01,8.30485E+01,8.30485E+01,8.30485E+01 
#t = 2.352E+03
8.30485E+01,8.30485E+01,8.30485E+01,8.30485E+01,8.30485E+01,8.30485E+01,8.30485E+01,8.30485E+01,8.30485E+01,8.30485E+01,8.30485E+01,8.30485E+01,8.30485E+01,2.08939E+01,8.30485E+01,8.30485E+01,8.30485E+01,8.30485E+01,8.30485E+01,8.30485E+01,8.30485E+01,8.30485E+01,8.30485E+01,8.30485E+01,8.30485E+01,2.08939E+01,8.30485E+01,8.30485E+01,8.30485E+01,8.30485E+01,8.30485E+01,8.30485E+01,8.30485E+01,1.10435E+00,8.30485E+01,8.30485E+01,8.30485E+01,8.30485E+01,8.30485E+01,8.30485E+01,8.30485E+01,8.30485E+01,8.30485E+01,8.30485E+01,8.30485E+01,8.30485E+01 
#t = 2.394E+03
8.30485E+01,8.30485E+01,8.30485E+01,8.30485E+01,8.30485E+01,8.30485E+01,8.30485E+01,8.30485E+01,8.30485E+01,8.30485E+01,8.30485E+01,8.30485E+01,8.30485E+01,8.30485E+01,8.30485E+01,8.30485E+01,8.30485E+01,8.30485E+01,8.30485E+01,8.30485E+01,8.30485E+01,8.30485E+01,1.50092E+01,8.30485E+01,8.30485E+01,8.30485E+01,8.30485E+01,8.30485E+01,8.30485E+01,1.50092E+01,8.30485E+01,8.30485E+01,1.50092E+01,8.30485E+01,8.30485E+01,8.30485E+01,1.50092E+01,8.30485E+01,8.30485E+01,1.50092E+01,5.28954E+00,8.30485E+01,8.30485E+01,8.30485E+01,8.30485E+01,8.30485E+01 
#t = 2.436E+03
8.30485E+01,8.30485E+01,8.30485E+01,8.30485E+01,8.30485E+01,8.30485E+01,8.30485E+01,8.30485E+01,1.50092E+01,8.30485E+01,1.50092E+01,8.30485E+01,8.30485E+01,1.50092E+01,1.50092E+01,8.30485E+01,1.50092E+01,8.30485E+01,8.30485E+01,1.50092E+01,6.54032E+00,8.30485E+01,8.30485E+01,8.30485E+01,1.50092E+01,1.50092E+01,1.50092E+01,5.16329E+00,8.30485E+01,8.30485E+01,6.97200E-01,8.30485E+01,6.72807E+00,8.30485E+01,8.30485E+01,1.50092E+01,1.50092E+01,1.44852E+01,8.30485E+01,8.30485E+01,8.30485E+01,8.30485E+01,2.83606E-01,7.44877E-01,8.78150E+00,1.44852E+01 
#t = 2.478E+03
8.30485E+01,8.30485E+01,8.30485E+01,8.30485E+01,1.50092E+01,8.30485E+01,8.30485E+01,6.22076E+01,1.50092E+01,8.30485E+01,1.50092E+01,1.50092E+01,8.30485E+01,8.30485E+01,8.30485E+01,8.30485E+01,8.30485E+01,8.30485E+01,1.50092E+01,8.30485E+01,6.22076E+01,1.50092E+01,6.22076E+01,1.50092E+01,8.30485E+01,8.30485E+01,8.30485E+01,8.30485E+01,8.30485E+01,8.30485E+01,8.30485E+01,4.17929E-01,8.30485E+01,8.30485E+01,6.22076E+01,8.30485E+01,8.30485E+01,2.01253E+00,1.79996E+00,8.30485E+01,1.64328E-01,8.30485E+01,1.50092E+01,1.72006E+01,8.30485E+01,1.03686E+01,5.33519E-01 
#t = 2.520E+03
6.22076E+01,8.30485E+01,8.30485E+01,1.50092E+01,1.50092E+01,8.30485E+01,8.30485E+01,8.30485E+01,6.22076E+01,8.30485E+01,6.22076E+01,8.30485E+01,8.30485E+01,8.30485E+01,8.30485E+01,8.30485E+01,6.22076E+01,8.30485E+01,6.22076E+01,8.30485E+01,1.50092E+01,6.22076E+01,8.30485E+01,3.34514E-01,8.30485E+01,1.50092E+01,8.30485E+01,8.30485E+01,5.59124E+00,8.30485E+01,8.30485E+01,8.30485E+01,8.30485E+01,8.30485E+01,8.30485E+01,8.30485E+01,1.48657E+00,4.06684E+00,8.30485E+01,6.22076E+01,8.30485E+01,1.50092E+01,8.30485E+01,8.30485E+01,8.30485E+01,8.30485E+01,6.22076E+01,1.50092E+01,1.50092E+01,1.50092E+01,8.30485E+01,6.22076E+01 
#t = 2.562E+03
8.30485E+01,8.30485E+01,8.30485E+01,1.50092E+01,8.30485E+01,8.30485E+01,8.30485E+01,6.22076E+01,8.30485E+01,8.30485E+01,8.30485E+01,8.30485E+01,8.30485E+01,8.30485E+01,8.30485E+01,6.22076E+01,8.30485E+01,8.30485E+01,6.22076E+01,8.30485E+01,6.22076E+01,8.30485E+01,8.30485E+01,6.22076E+01,6.22076E+01,6.22076E+01,8.30485E+01,6.22076E+01,6.22076E+01,8.30485E+01,8.30485E+01,8.30485E+01,8.30485E+01,8.30485E+01,8.30485E+01,6.22076E+01,8.30485E+01,6.22076E+01,8.30485E+01,8.30485E+01,8.30485E+01,8.30485E+01,4.88047E+00,8.30485E+01,8.30485E+01,8.30485E+01,6.22076E+01,8.30485E+01,8.30485E+01,8.30485E+01 
#t = 2.604E+03
8.30485E+01,8.30485E+01,8.30485E+01,8.30485E+01,8.30485E+01,8.30485E+01,6.22076E+01,1.11462E+01,8.30485E+01,8.30485E+01,8.30485E+01,8.30485E+01,8.30485E+01,8.30485E+01,8.30485E+01,8.30485E+01,8.30485E+01,8.30485E+01,8.30485E+01,6.22076E+01,8.30485E+01,8.30485E+01,6.22076E+01,6.22076E+01,8.30485E+01,8.30485E+01,8.30485E+01,8.30485E+01,6.22076E+01,6.22076E+01,8.30485E+01,8.30485E+01,8.30485E+01,8.30485E+01,8.30485E+01,8.30485E+01,8.30485E+01,8.30485E+01,2.17200E-01,8.30485E+01,1.11462E+01,8.30485E+01 
#t = 2.646E+03
8.30485E+01,6.22076E+01,8.30485E+01,8.30485E+01,8.30485E+01,6.22076E+01,8.30485E+01,8.30485E+01,8.30485E+01,8.30485E+01,8.30485E+01,8.30485E+01,1.41345E+01,9.03135E+00,8.30485E+01,8.30485E+01,8.30485E+01,8.30485E+01,8.30485E+01,8.30485E+01,8.30485E+01,1.11462E+01,8.30485E+01,6.22076E+01,8.30485E+01,6.38206E-01,8.30485E+01,8.30485E+01,8.30485E+01,8.30485E+01,6.22076E+01,8.30485E+01,6.22076E+01,8.30485E+01,6.22076E+01,6.22076E+01,8.30485E+01,8.30485E+01,8.30485E+01,8.30485E+01 
#t = 2.688E+03
8.30485E+01,6.22076E+01,8.30485E+01,8.30485E+01,8.30485E+01,8.30485E+01,8.30485E+01,8.30485E+01,8.30485E+01,8.30485E+01,8.30485E+01,8.30485E+01,8.30485E+01,8.30485E+01,6.22076E+01,8.30485E+01,8.30485E+01,8.30485E+01,8.30485E+01,8.30485E+01,8.30485E+01,8.30485E+01,8.30485E+01,8.30485E+01,8.30485E+01,8.30485E+01,8.30485E+01,8.30485E+01,8.30485E+01,8.30485E+01,8.30485E+01,8.30485E+01,9.51925E-01,8.30485E+01,8.30485E+01,3.43989E+00,8.30485E+01,8.10800E-01,8.30485E+01,6.22076E+01 
#t = 2.730E+03
8.30485E+01,8.30485E+01,8.30485E+01,8.30485E+01,8.30485E+01,8.30485E+01,8.30485E+01,8.30485E+01,8.30485E+01,8.30485E+01,8.30485E+01,8.30485E+01,8.30485E+01,8.30485E+01,8.30485E+01,8.30485E+01,8.30485E+01,4.45826E+00,6.22076E+01,8.30485E+01,6.22076E+01,8.30485E+01,6.22076E+01,8.30485E+01,8.30485E+01,8.30485E+01,8.30485E+01,8.30485E+01,6.22076E+01,8.30485E+01,5.07338E+00,8.30485E+01,8.30485E+01,8.30485E+01,8.30485E+01,8.30485E+01,8.30485E+01,1.85103E-01,8.30485E+01 
#t = 2.772E+03
8.30485E+01,8.30485E+01,8.30485E+01,8.30485E+01,8.30485E+01,8.30485E+01,8.30485E+01,8.30485E+01,8.30485E+01,8.30485E+01,8.30485E+01,8.30485E+01,8.30485E+01,8.30485E+01,8.30485E+01,8.30485E+01,8.30485E+01,8.30485E+01,8.30485E+01,1.42686E+01,1.59683E+01,8.30485E+01,8.30485E+01,8.30485E+01,8.30485E+01,8.30485E+01,8.30485E+01,1.59683E+01,8.30485E+01,8.30485E+01,8.30485E+01,8.30485E+01,8.30485E+01,8.30485E+01,1.59683E+01,8.30485E+01,8.30485E+01,8.30485E+01,1.59683E+01,8.30485E+01,8.30485E+01,8.30485E+01 
#t = 2.814E+03
8.30485E+01,8.30485E+01,8.30485E+01,1.59683E+01,8.30485E+01,1.59683E+01,8.30485E+01,8.30485E+01,1.59683E+01,8.30485E+01,8.30485E+01,8.30485E+01,8.30485E+01,8.30485E+01,8.30485E+01,1.42686E+01,8.30485E+01,8.30485E+01,8.30485E+01,8.30485E+01,8.30485E+01,8.30485E+01,8.30485E+01,8.30485E+01,1.42686E+01,8.30485E+01,8.30485E+01,8.30485E+01,8.30485E+01,8.30485E+01,8.30485E+01,8.30485E+01,8.30485E+01,8.30485E+01,1.59683E+01,8.30485E+01,8.30485E+01,8.30485E+01,8.30485E+01,8.30485E+01,1.42686E+01,8.30485E+01,1.42686E+01,8.30485E+01,8.30485E+01,1.59683E+01 
#t = 2.856E+03
8.30485E+01,8.30485E+01,8.30485E+01,8.30485E+01,8.30485E+01,8.30485E+01,8.30485E+01,8.30485E+01,8.30485E+01,1.59683E+01,8.30485E+01,8.30485E+01,8.30485E+01,8.30485E+01,8.30485E+01,8.30485E+01,7.85364E+00,8.30485E+01,8.30485E+01,1.59683E+01,8.30485E+01,8.30485E+01,8.30485E+01,8.30485E+01,1.59683E+01,8.30485E+01,8.30485E+01,8.30485E+01,8.30485E+01,8.30485E+01,8.30485E+01,1.59683E+01,7.13986E+00,8.30485E+01,8.30485E+01 
#t = 2.898E+03
8.30485E+01,8.30485E+01,8.30485E+01,8.30485E+01,8.30485E+01,8.30485E+01,8.30485E+01,8.30485E+01,8.30485E+01,8.30485E+01,8.30485E+01,8.30485E+01,8.30485E+01,8.30485E+01,8.30485E+01,8.30485E+01,1.26825E-01,1.68788E+01,1.68788E+01,1.68788E+01,8.30485E+01,8.30485E+01,8.30485E+01,9.82584E+00,8.30485E+01,8.30485E+01,8.30485E+01,8.30485E+01,8.30485E+01,8.30485E+01,8.30485E+01,8.30485E+01,8.30485E+01,8.30485E+01,8.30485E+01,7.50230E-01,8.30485E+01 
#t = 2.940E+03
8.30485E+01,8.30485E+01,8.30485E+01,8.30485E+01,8.30485E+01,8.30485E+01,8.30485E+01,8.30485E+01,8.30485E+01,8.30485E+01,8.30485E+01,8.30485E+01,1.68788E+01,8.30485E+01,8.30485E+01,8.30485E+01,8.30485E+01,8.30485E+01,8.30485E+01,8.30485E+01,3.52207E+00,8.30485E+01,8.30485E+01,8.30485E+01,8.30485E+01,8.30485E+01,8.30485E+01,8.30485E+01,8.30485E+01,8.30485E+01,8.30485E+01,8.30485E+01,2.09771E+00,8.30485E+01,8.30485E+01,2.66947E+00 
#t = 2.982E+03
8.30485E+01,8.30485E+01,8.30485E+01,8.30485E+01,8.30485E+01,8.30485E+01,8.30485E+01,8.30485E+01,8.30485E+01,8.30485E+01,8.30485E+01,8.30485E+01,8.30485E+01,8.30485E+01,9.94862E+01,8.30485E+01,8.30485E+01,8.30485E+01,9.94862E+01,8.30485E+01,8.30485E+01,8.30485E+01,8.30485E+01,8.30485E+01,8.30485E+01,8.30485E+01,8.30485E+01,8.30485E+01,8.30485E+01,8.30485E+01,8.30485E+01,3.52333E+00,8.30485E+01,8.30485E+01,8.30485E+01,8.30485E+01,8.30485E+01,8.30485E+01,8.30485E+01,8.30485E+01,8.30485E+01 
#t = 3.024E+03
8.30485E+01,8.30485E+01,8.30485E+01,8.30485E+01,8.30485E+01,8.30485E+01,8.30485E+01,8.30485E+01,8.30485E+01,8.30485E+01,8.30485E+01,1.73505E+01,8.30485E+01,8.30485E+01,8.30485E+01,8.30485E+01,8.30485E+01,8.30485E+01,8.30485E+01,8.30485E+01,8.30485E+01,8.30485E+01,8.30485E+01,8.30485E+01,8.30485E+01,8.30485E+01,8.30485E+01,8.30485E+01,8.30485E+01,8.30485E+01,8.30485E+01,8.30485E+01,8.30485E+01,8.30485E+01,8.30485E+01,8.30485E+01,8.30485E+01,8.30485E+01,8.30485E+01,2.34442E-01,3.91637E+00 
#t = 3.066E+03
8.30485E+01,8.30485E+01,8.30485E+01,8.30485E+01,8.30485E+01,8.30485E+01,8.30485E+01,8.30485E+01,8.30485E+01,8.30485E+01,1.19790E+01,8.30485E+01,8.30485E+01,8.30485E+01,8.30485E+01,8.30485E+01,8.30485E+01,8.30485E+01,8.30485E+01,8.30485E+01,5.39388E+00,8.30485E+01,8.30485E+01,8.30485E+01,8.30485E+01,1.19790E+01,8.30485E+01,8.30485E+01,8.30485E+01,6.23615E-01,8.30485E+01,8.30485E+01,8.30485E+01,1.19790E+01,1.22048E+00,8.30485E+01 
#t = 3.108E+03
8.30485E+01,8.30485E+01,8.30485E+01,8.30485E+01,8.30485E+01,8.30485E+01,8.30485E+01,8.30485E+01,8.30485E+01,8.30485E+01,8.30485E+01,8.30485E+01,9.65201E+00,8.30485E+01,8.30485E+01,8.30485E+01,8.30485E+01,8.30485E+01,8.30485E+01,8.30485E+01,8.30485E+01,1.22534E+01,1.22534E+01,8.30485E+01,8.30485E+01,8.30485E+01,8.30485E+01,8.30485E+01,8.30485E+01,8.30485E+01,8.30485E+01,8.30485E+01,8.30485E+01,5.85127E+00,8.30485E+01,6.43001E-01,8.30485E+01,8.30485E+01,8.30485E+01,8.30485E+01,3.66300E-01,8.30485E+01,8.30485E+01,8.30485E+01,8.30485E+01 
#t = 3.150E+03
8.30485E+01,8.30485E+01,8.30485E+01,8.30485E+01,8.30485E+01,8.30485E+01,8.30485E+01,8.30485E+01,8.30485E+01,8.30485E+01,8.30485E+01,1.41585E+01,8.30485E+01,8.30485E+01,8.30485E+01,8.30485E+01,8.30485E+01,8.30485E+01,8.30485E+01,8.30485E+01,8.30485E+01,8.30485E+01,8.30485E+01,8.30485E+01,8.30485E+01,8.30485E+01,8.30485E+01,8.30485E+01,8.30485E+01,8.30485E+01,8.30485E+01,8.30485E+01,8.30485E+01,8.30485E+01,8.30485E+01,8.30485E+01,4.43256E+01,8.30485E+01,8.30485E+01,8.30485E+01,8.30485E+01,8.30485E+01,8.30485E+01,1.26102E+00,8.30485E+01,8.30485E+01,4.43256E+01,8.30485E+01,8.30485E+01,8.30485E+01 
#t = 3.192E+03
8.30485E+01,8.30485E+01,8.30485E+01,8.30485E+01,8.30485E+01,8.30485E+01,8.30485E+01,8.30485E+01,8.30485E+01,8.30485E+01,8.30485E+01,8.30485E+01,8.30485E+01,8.89989E+00,8.30485E+01,8.30485E+01,8.30485E+01,8.30485E+01,8.30485E+01,8.30485E+01,4.43256E+01,8.30485E+01,8.30485E+01,5.73395E+00,8.30485E+01,8.30485E+01,8.30485E+01,8.30485E+01,8.30485E+01,8.30485E+01,8.30485E+01,8.30485E+01,8.30485E+01,8.30485E+01,3.60806E+00,8.30485E+01,8.30485E+01,8.30485E+01,8.30485E+01,8.30485E+01,8.30485E+01,8.30485E+01,8.30485E+01 
#t = 3.234E+03
8.30485E+01,8.30485E+01,8.30485E+01,8.30485E+01,4.43256E+01,8.30485E+01,8.30485E+01,8.30485E+01,8.30485E+01,8.30485E+01,8.30485E+01,8.30485E+01,8.30485E+01,8.30485E+01,1.31254E+01,8.30485E+01,8.30485E+01,8.30485E+01,8.30485E+01,8.30485E+01,8.30485E+01,8.30485E+01,8.30485E+01,8.30485E+01,8.30485E+01,8.30485E+01,8.30485E+01,8.30485E+01,8.30485E+01,8.30485E+01,8.30485E+01,8.30485E+01,8.30485E+01,8.30485E+01,8.30485E+01,8.30485E+01,8.75637E-01,8.30485E+01,8.30485E+01,8.30485E+01,1.31254E+01,8.30485E+01,8.30485E+01,7.01572E-01,8.30485E+01 
#t = 3.276E+03
8.30485E+01,8.30485E+01,8.30485E+01,8.30485E+01,8.30485E+01,6.99482E+00,8.30485E+01,8.30485E+01,8.30485E+01,8.30485E+01,8.30485E+01,8.30485E+01,8.30485E+01,1.94007E+01,1.94007E+01,8.30485E+01,8.30485E+01,8.30485E+01,8.30485E+01,8.30485E+01,8.30485E+01,1.94007E+01,8.30485E+01,8.30485E+01,8.30485E+01,8.30485E+01,8.30485E+01,8.30485E+01,8.30485E+01,8.30485E+01,8.30485E+01,8.30485E+01,8.30485E+01,8.30485E+01,8.30485E+01,8.30485E+01,1.29519E+00,8.30485E+01,8.30485E+01,8.30485E+01,1.81794E-01,1.81885E+00,8.30485E+01,8.30485E+01,4.47746E-01 
#t = 3.318E+03
8.30485E+01,8.30485E+01,8.30485E+01,8.30485E+01,8.30485E+01,8.30485E+01,8.30485E+01,8.30485E+01,8.30485E+01,1.10139E+01,8.30485E+01,8.30485E+01,1.87068E+01,8.30485E+01,8.30485E+01,8.30485E+01,8.30485E+01,8.30485E+01,8.30485E+01,8.30485E+01,8.30485E+01,8.30485E+01,8.30485E+01,8.30485E+01,8.30485E+01,8.30485E+01,8.30485E+01,3.03299E+01,8.30485E+01,1.10139E+01,8.30485E+01,8.30485E+01,4.88161E+00,8.30485E+01,8.30485E+01,6.80216E-01 
#t = 3.360E+03
8.30485E+01,8.30485E+01,7.71264E+00,8.30485E+01,8.30485E+01,8.30485E+01,8.30485E+01,8.30485E+01,8.30485E+01,8.30485E+01,8.30485E+01,8.30485E+01,8.30485E+01,8.30485E+01,8.30485E+01,8.30485E+01,8.30485E+01,8.30485E+01,8.30485E+01,1.87068E+01,8.30485E+01,8.30485E+01,8.30485E+01,8.30485E+01,8.30485E+01,8.30485E+01,8.30485E+01,8.30485E+01,8.30485E+01,8.30485E+01,8.30485E+01,1.75951E+00,8.30485E+01,6.47982E+00,8.30485E+01,8.30485E+01,8.30485E+01,8.30485E+01,8.30485E+01,7.54556E-01,8.30485E+01,3.72502E-01,8.30485E+01 
#t = 3.402E+03
8.30485E+01,8.30485E+01,8.30485E+01,8.30485E+01,8.30485E+01,8.30485E+01,8.30485E+01,1.87068E+01,8.30485E+01,8.30485E+01,8.30485E+01,8.30485E+01,1.87068E+01,8.30485E+01,8.30485E+01,8.30485E+01,8.30485E+01,8.30485E+01,8.30485E+01,8.30485E+01,8.30485E+01,8.30485E+01,1.87068E+01,8.30485E+01,8.30485E+01,8.30485E+01,8.30485E+01,8.30485E+01,8.30485E+01,8.30485E+01,8.30485E+01,8.30485E+01,8.30485E+01,8.30485E+01,8.30485E+01,8.30485E+01,6.74726E-01,8.30485E+01,5.84192E-01,8.30485E+01 
#t = 3.444E+03
8.30485E+01,8.30485E+01,8.30485E+01,8.30485E+01,8.30485E+01,8.30485E+01,8.30485E+01,8.30485E+01,8.30485E+01,8.30485E+01,8.30485E+01,8.30485E+01,8.30485E+01,8.30485E+01,8.30485E+01,8.30485E+01,8.30485E+01,8.30485E+01,8.30485E+01,8.30485E+01,5.64750E+01,8.30485E+01,8.30485E+01,8.30485E+01,8.30485E+01,8.30485E+01,1.35602E+00,8.30485E+01,8.30485E+01,8.30485E+01,8.30485E+01,8.30485E+01,8.30485E+01,8.30485E+01 
#t = 3.486E+03
8.30485E+01,8.30485E+01,8.30485E+01,5.64750E+01,8.30485E+01,5.64750E+01,8.30485E+01,8.30485E+01,8.30485E+01,8.30485E+01,8.30485E+01,2.50526E+01,8.30485E+01,8.30485E+01,8.30485E+01,8.30485E+01,8.30485E+01,8.30485E+01,8.30485E+01,8.30485E+01,8.30485E+01,8.30485E+01,8.30485E+01,8.30485E+01,8.30485E+01,8.30485E+01,8.30485E+01,8.30485E+01,8.30485E+01,8.30485E+01,8.30485E+01,8.30485E+01,8.30485E+01,8.30485E+01,8.30485E+01,8.30485E+01,8.30485E+01,8.30485E+01,8.30485E+01,8.30485E+01,8.30485E+01,8.30485E+01,8.30485E+01,7.32402E+00 
#t = 3.528E+03
8.30485E+01,8.30485E+01,8.30485E+01,5.64750E+01,8.30485E+01,8.30485E+01,8.30485E+01,8.30485E+01,8.30485E+01,8.30485E+01,7.66418E+00,8.30485E+01,8.30485E+01,8.30485E+01,1.11279E+01,8.30485E+01,8.30485E+01,2.45987E+01,8.30485E+01,8.30485E+01,8.30485E+01,8.30485E+01,8.30485E+01,8.30485E+01,8.30485E+01,8.30485E+01,8.30485E+01,8.30485E+01,8.30485E+01,2.45987E+01,8.30485E+01,8.30485E+01,8.30485E+01,8.30485E+01,8.30485E+01,8.30485E+01,3.13673E+00,8.30485E+01,2.02760E+00,8.30485E+01,8.30485E+01,8.30485E+01,2.38077E-01 
#t = 3.570E+03
8.30485E+01,8.30485E+01,8.30485E+01,2.45987E+01,8.30485E+01,8.30485E+01,8.30485E+01,8.30485E+01,8.30485E+01,2.45987E+01,8.30485E+01,8.30485E+01,8.30485E+01,8.30485E+01,2.45987E+01,8.30485E+01,8.30485E+01,8.30485E+01,2.45987E+01,8.30485E+01,8.30485E+01,8.30485E+01,8.30485E+01,2.45987E+01,8.30485E+01,2.45987E+01,8.30485E+01,3.68268E+00,8.30485E+01,2.45987E+01,8.30485E+01,2.45987E+01,2.62401E-01,2.45987E+01,8.30485E+01,2.45987E+01,8.30485E+01,7.91133E-01,8.30485E+01,8.30485E+01 
#t = 3.612E+03
8.30485E+01,8.30485E+01,8.30485E+01,8.30485E+01,2.45987E+01,2.45987E+01,2.45987E+01,8.30485E+01,2.45987E+01,8.30485E+01,8.30485E+01,2.45987E+01,2.45987E+01,8.30485E+01,2.45987E+01,8.30485E+01,8.30485E+01,8.30485E+01,8.30485E+01,2.45987E+01,8.30485E+01,8.30485E+01,8.30485E+01,2.45987E+01,8.30485E+01,2.45987E+01,8.30485E+01,8.30485E+01,8.30485E+01,8.30485E+01,8.30485E+01,8.30485E+01,8.30485E+01,8.30485E+01,8.30485E+01,2.45987E+01,8.30485E+01 
#t = 3.654E+03
8.30485E+01,8.30485E+01,8.30485E+01,8.30485E+01,8.30485E+01,8.30485E+01,8.30485E+01,4.86730E+01,8.30485E+01,8.30485E+01,8.30485E+01,8.30485E+01,8.30485E+01,8.30485E+01,8.30485E+01,8.30485E+01,8.30485E+01,8.30485E+01,8.30485E+01,8.30485E+01,8.30485E+01,8.30485E+01,8.30485E+01,8.30485E+01,2.99185E+00,2.45987E+01,8.30485E+01,8.30485E+01,2.73529E+00,1.38945E+00,8.30485E+01,8.30485E+01,8.30485E+01,8.30485E+01,8.30485E+01,8.30485E+01,8.30485E+01 
#t = 3.696E+03
8.30485E+01,8.30485E+01,4.86730E+01,8.30485E+01,8.30485E+01,8.30485E+01,8.30485E+01,8.30485E+01,8.30485E+01,8.30485E+01,8.30485E+01,8.30485E+01,8.30485E+01,8.30485E+01,8.30485E+01,8.30485E+01,8.30485E+01,8.30485E+01,8.30485E+01,8.30485E+01,8.30485E+01,8.30485E+01,8.30485E+01,8.30485E+01,8.30485E+01,8.30485E+01,8.30485E+01,8.30485E+01,8.30485E+01,8.30485E+01,8.30485E+01,8.30485E+01,8.30485E+01,8.30485E+01,8.30485E+01,8.30485E+01,8.30485E+01,8.30485E+01,8.30485E+01,8.30485E+01,3.73789E+00,7.17759E-01,8.30485E+01,8.30485E+01,8.30485E+01,8.30485E+01,8.30485E+01 
#t = 3.738E+03
8.30485E+01,8.30485E+01,8.30485E+01,8.30485E+01,8.30485E+01,8.30485E+01,8.30485E+01,8.30485E+01,8.30485E+01,8.30485E+01,8.30485E+01,8.30485E+01,8.30485E+01,8.30485E+01,8.30485E+01,8.30485E+01,8.30485E+01,8.30485E+01,8.30485E+01,8.30485E+01,8.30485E+01,8.30485E+01,8.30485E+01,8.30485E+01,8.30485E+01,3.01504E-01,8.30485E+01,8.30485E+01,8.30485E+01,8.30485E+01,8.30485E+01,8.30485E+01,8.30485E+01,8.30485E+01,8.30485E+01,8.30485E+01,8.30485E+01,8.30485E+01,8.30485E+01,4.83293E+00,8.30485E+01,8.30485E+01,8.30485E+01,6.69456E+00,8.30485E+01,8.30485E+01,1.53285E+00,8.30485E+01,8.30485E+01,3.36418E-01,8.30485E+01,8.30485E+01 
#t = 3.780E+03
8.30485E+01,8.30485E+01,8.30485E+01,8.30485E+01,8.30485E+01,8.30485E+01,8.30485E+01,8.30485E+01,8.30485E+01,8.30485E+01,8.30485E+01,8.30485E+01,8.30485E+01,8.30485E+01,8.30485E+01,8.30485E+01,8.30485E+01,8.30485E+01,8.30485E+01,8.30485E+01,8.30485E+01,8.30485E+01,8.30485E+01,8.30485E+01,8.30485E+01,8.30485E+01,8.30485E+01,1.36777E+01,8.30485E+01,1.36777E+01,8.30485E+01,1.36777E+01,1.36777E+01,8.30485E+01,8.30485E+01,8.30485E+01,8.30485E+01,2.24724E+00,8.30485E+01,8.30485E+01,3.85781E+00,8.30485E+01,8.30485E+01 
#t = 3.822E+03
8.30485E+01,8.30485E+01,8.30485E+01,8.30485E+01,8.30485E+01,8.30485E+01,8.30485E+01,8.30485E+01,8.30485E+01,8.30485E+01,8.30485E+01,8.30485E+01,8.30485E+01,8.30485E+01,8.30485E+01,8.30485E+01,8.30485E+01,8.30485E+01,8.30485E+01,8.30485E+01,8.30485E+01,8.30485E+01,8.30485E+01,8.30485E+01,8.30485E+01,8.30485E+01,8.30485E+01,8.30485E+01,4.39317E-01,8.30485E+01,8.30485E+01,1.43086E+00,8.30485E+01,8.30485E+01,6.62095E-01,8.30485E+01,8.30485E+01,8.30485E+01,8.30485E+01,8.30485E+01,2.61807E+01,8.30485E+01,8.30485E+01,8.30485E+01 
#t = 3.864E+03
8.30485E+01,8.30485E+01,8.30485E+01,8.30485E+01,8.30485E+01,8.30485E+01,8.30485E+01,3.67420E+01,8.30485E+01,8.30485E+01,8.30485E+01,8.30485E+01,8.30485E+01,8.30485E+01,8.30485E+01,8.30485E+01,8.30485E+01,8.30485E+01,8.30485E+01,8.30485E+01,8.30485E+01,8.30485E+01,8.30485E+01,8.30485E+01,3.67420E+01,8.30485E+01,8.30485E+01,8.30485E+01,8.30485E+01,8.30485E+01,8.30485E+01,8.30485E+01,8.30485E+01,8.30485E+01,3.67420E+01,8.30485E+01,8.30485E+01,8.30485E+01,8.30485E+01,8.30485E+01 
#t = 3.906E+03
8.30485E+01,8.30485E+01,8.30485E+01,8.30485E+01,3.67420E+01,8.30485E+01,8.30485E+01,8.30485E+01,8.30485E+01,8.30485E+01,4.93433E+01,8.30485E+01,8.30485E+01,8.30485E+01,8.30485E+01,8.30485E+01,8.30485E+01,8.30485E+01,8.30485E+01,6.63140E+01,8.30485E+01,8.30485E+01,8.30485E+01,8.30485E+01,8.30485E+01,4.93433E+01,8.30485E+01,8.30485E+01,8.30485E+01,1.59230E+01,8.30485E+01,8.30485E+01,3.67420E+01,1.00282E-01,8.30485E+01,8.30485E+01,8.30485E+01,8.30485E+01,8.52476E-01,8.30485E+01,3.67420E+01,8.30485E+01,3.67420E+01,8.30485E+01,8.30485E+01,4.93433E+01,8.30485E+01,8.30485E+01,9.38508E-02 
#t = 3.948E+03
8.30485E+01,8.30485E+01,8.30485E+01,8.30485E+01,8.30485E+01,4.93433E+01,8.30485E+01,8.30485E+01,8.30485E+01,8.30485E+01,3.67420E+01,8.30485E+01,8.30485E+01,8.30485E+01,8.30485E+01,8.30485E+01,8.30485E+01,8.30485E+01,8.30485E+01,8.30485E+01,8.30485E+01,8.30485E+01,8.30485E+01,8.30485E+01,2.76394E+01,8.30485E+01,8.30485E+01,8.30485E+01,8.30485E+01,2.76394E+01,3.74594E+00,8.30485E+01,8.30485E+01,8.30485E+01,8.30485E+01,8.30485E+01,8.30485E+01,8.30485E+01,8.30485E+01,3.55905E-01,9.99794E-01 
#t = 3.990E+03
8.30485E+01,8.30485E+01,8.30485E+01,8.30485E+01,8.30485E+01,8.30485E+01,8.30485E+01,8.30485E+01,8.30485E+01,8.30485E+01,8.30485E+01,8.30485E+01,8.30485E+01,8.30485E+01,8.30485E+01,8.30485E+01,8.30485E+01,8.30485E+01,8.30485E+01,8.30485E+01,8.30485E+01,8.30485E+01,8.30485E+01,8.30485E+01,8.30485E+01,8.30485E+01,8.30485E+01,8.30485E+01,8.30485E+01,4.02357E+00,8.30485E+01,8.30485E+01,8.30485E+01,8.30485E+01,8.30485E+01,6.52103E+00,8.30485E+01,8.30485E+01,8.30485E+01,8.30485E+01,8.30485E+01 
#t = 4.032E+03
8.30485E+01,8.30485E+01,8.30485E+01,8.30485E+01,8.30485E+01,8.30485E+01,8.30485E+01,8.30485E+01,8.30485E+01,8.30485E+01,1.08575E+02,8.30485E+01,8.30485E+01,8.30485E+01,8.30485E+01,8.30485E+01,8.30485E+01,8.30485E+01,8.30485E+01,8.30485E+01,8.30485E+01,8.30485E+01,8.30485E+01,8.30485E+01,8.30485E+01,8.30485E+01,8.30485E+01,8.30485E+01,8.30485E+01,8.30485E+01,8.30485E+01,8.30485E+01,8.30485E+01,8.30485E+01,8.30485E+01,8.30485E+01,8.30485E+01,8.30485E+01,8.30485E+01,8.30485E+01 
#t = 4.074E+03
8.30485E+01,1.08575E+02,8.30485E+01,8.30485E+01,8.30485E+01,8.30485E+01,8.30485E+01,8.30485E+01,8.30485E+01,8.30485E+01,8.30485E+01,8.30485E+01,1.08575E+02,8.30485E+01,8.30485E+01,8.30485E+01,8.30485E+01,8.30485E+01,8.30485E+01,8.30485E+01,8.30485E+01,8.30485E+01,8.30485E+01,8.30485E+01,8.30485E+01,8.30485E+01,8.30485E+01,1.48890E+01,8.30485E+01,8.30485E+01,8.30485E+01,8.30485E+01,8.30485E+01,8.30485E+01,8.30485E+01,9.86027E-01,8.30485E+01,8.30485E+01,8.30485E+01,3.22689E+00,8.30485E+01,8.30485E+01,8.30485E+01,8.30485E+01 
#t = 4.116E+03
8.30485E+01,8.30485E+01,8.30485E+01,8.30485E+01,8.30485E+01,8.30485E+01,8.30485E+01,8.30485E+01,8.30485E+01,8.30485E+01,8.30485E+01,8.30485E+01,8.30485E+01,8.30485E+01,8.30485E+01,8.30485E+01,8.30485E+01,8.30485E+01,8.30485E+01,8.30485E+01,8.30485E+01,1.50202E+01,1.08575E+02,8.30485E+01,8.30485E+01,8.30485E+01,8.30485E+01,8.30485E+01,8.30485E+01,8.30485E+01,8.30485E+01,2.30569E+00,8.30485E+01,8.30485E+01,8.30485E+01,8.30485E+01,8.30485E+01,8.30485E+01,8.30485E+01,8.30485E+01,1.33751E+00,8.30485E+01,3.44698E-01,7.13526E-01 
#t = 4.158E+03
8.30485E+01,8.30485E+01,1.27780E+02,8.30485E+01,8.30485E+01,8.30485E+01,8.30485E+01,8.30485E+01,8.30485E+01,8.30485E+01,8.30485E+01,8.30485E+01,8.30485E+01,8.30485E+01,8.30485E+01,8.30485E+01,8.30485E+01,8.30485E+01,8.30485E+01,1.61990E+01,8.30485E+01,7.37020E+01,8.30485E+01,4.68963E+00,8.30485E+01,8.30485E+01,8.30485E+01,8.30485E+01,8.30485E+01,8.30485E+01,1.22592E+01,8.30485E+01,8.30485E+01,8.30485E+01,8.30485E+01,8.30485E+01,1.61990E+01,7.37020E+01,8.30485E+01,8.30485E+01,8.30485E+01,8.30485E+01,8.30485E+01,8.21222E-02,8.30485E+01,8.30485E+01,8.30485E+01 
#t = 4.200E+03
8.30485E+01,8.30485E+01,8.30485E+01,8.30485E+01,8.30485E+01,8.30485E+01,8.30485E+01,8.30485E+01,8.30485E+01,8.30485E+01,8.30485E+01,8.30485E+01,8.30485E+01,8.30485E+01,8.30485E+01,8.30485E+01,8.30485E+01,8.30485E+01,8.30485E+01,8.30485E+01,1.22592E+01,8.30485E+01,8.30485E+01,6.21112E+00,8.30485E+01,1.22592E+01,8.30485E+01,8.30485E+01,8.30485E+01,8.30485E+01,1.22592E+01,1.22592E+01,8.30485E+01,8.30485E+01,8.30485E+01,8.30485E+01,1.61990E+01,8.30485E+01,8.30485E+01,8.30485E+01,1.22592E+01,8.30485E+01,8.30485E+01,8.30485E+01,8.54227E-01,8.30485E+01,8.30485E+01,8.30485E+01,3.01039E+00,8.30485E+01,2.60876E+00,9.16322E-02 
