#t = 0.000E+00
3.84467E-01,4.06171E+00,2.70309E+00,4.25669E+00,3.37920E+00 
#t = 4.200E+01
4.05755E+00,4.00011E+00,7.42386E+00,2.82296E+00,4.64372E+00 
#t = 8.400E+01
6.43471E-01,7.69200E+00,4.93358E+00 
#t = 1.260E+02
1.31107E+01,5.45525E+00,2.95710E+00 
#t = 1.680E+02
4.09691E+00 
#t = 2.100E+02
5.27972E+00,2.96023E+00,7.10429E+00,1.15923E+00 
#t = 2.520E+02
6.29759E+00,3.05297E+00,3.24283E+00 
#t = 2.940E+02
7.38670E+00,6.79653E+00,5.96037E+00,3.31789E+00,5.38079E+00 
#t = 3.360E+02
5.07552E+00,2.29595E+00,1.75757E+00 
#t = 3.780E+02
5.82090E+00,5.32794E+00,1.79102E+00,4.00280E+00,5.73554E+00,1.11597E+00 
#t = 4.200E+02
3.89857E+00,2.38949E+00 
#t = 4.620E+02
4.13768E+00,3.39348E+00 
#t = 5.040E+02
5.75287E+00 
#t = 5.460E+02
6.01952E+00,4.62721E+00,2.21434E+00,3.29049E+00,2.85966E+00,3.37229E+00 
#t = 5.880E+02
7.86004E+00,5.15911E+00,2.23926E+00,3.03555E+00,4.43335E+00,2.45675E+00 
#t = 6.300E+02
6.88730E+00,4.77946E+00,9.72486E-01,2.04550E+00,2.02818E+00 
#t = 6.720E+02
3.37129E+00,5.06330E+00,2.92666E+00,1.54276E+00 
#t = 7.140E+02
9.10634E+00,1.21540E+00,1.85521E+00,7.40884E+00,2.11177E+00 
#t = 7.560E+02
8.25557E+00,8.46496E+00,2.28483E+00,2.04268E+00 
#t = 7.980E+02
5.62606E+00,2.99472E+00,6.43485E+00,1.41244E+00,3.46901E+00,6.08983E+00 
#t = 8.400E+02
5.36173E+00,1.65607E+00 
#t = 8.820E+02
8.99728E+00,1.77528E+00,1.46190E+00 
#t = 9.240E+02
4.89048E+00,1.95731E+00,2.83090E+00 
#t = 9.660E+02
2.82441E+00,4.19763E+00,2.69067E+00,4.65676E+00,2.41218E+00,1.18500E+01 
#t = 1.008E+03
2.48120E+00,3.89469E+00 
#t = 1.050E+03
1.56493E+00,4.03218E+00,2.30287E+00,2.86288E+00,5.49117E+00,3.28705E+00 
#t = 1.092E+03
3.61787E+00,1.66755E+00,5.01731E+00 
#t = 1.134E+03
9.38018E+00,5.13539E+00,6.67011E+00,3.63639E+00,3.57055E+00 
#t = 1.176E+03
4.68667E+00,8.46395E+00,5.69830E-01 
#t = 1.218E+03
1.23584E+01,1.02308E+01 
#t = 1.260E+03
7.69235E+00,4.04286E+00,3.30430E+00 
#t = 1.302E+03
-9.99900E+03
#t = 1.344E+03
2.80360E+00,2.76515E+00 
#t = 1.386E+03
3.92086E+00,5.84977E+00,3.41468E+00,3.96614E+00,4.70653E+00,3.60134E+00 
#t = 1.428E+03
2.03666E+00,4.97842E+00 
#t = 1.470E+03
2.24139E+00,1.73409E+00,4.08872E+00 
#t = 1.512E+03
1.77434E+01,6.06734E+00,1.06003E+01,7.12388E+00,4.82495E+00,8.34864E-01 
#t = 1.554E+03
1.77434E+01,1.77434E+01,1.77434E+01,5.40455E+00,2.11322E+00,1.77434E+01,2.61182E+00,1.77434E+01,2.32811E+00 
#t = 1.596E+03
1.77434E+01,1.77434E+01,1.77434E+01,1.35387E+00,1.96910E+00 
#t = 1.638E+03
1.77434E+01,4.10664E+00,5.16513E+00 
#t = 1.680E+03
6.57058E+00,2.34350E+00 
#t = 1.722E+03
8.51393E+00,2.89984E+00,1.74302E+00 
#t = 1.764E+03
5.02696E+00,2.09399E+00,2.25515E+00 
#t = 1.806E+03
6.13884E+00,1.92142E+00,5.17739E+00 
#t = 1.848E+03
2.02669E+00 
#t = 1.890E+03
3.16122E+00 
#t = 1.932E+03
8.93564E+00,2.26409E+00,1.54511E+00,2.21612E+00 
#t = 1.974E+03
6.02767E+00,4.72521E+00,3.10655E+00,4.29461E+00 
#t = 2.016E+03
1.02276E+01,3.10151E+00,2.35669E+00,4.95388E+00,2.59221E+00,2.16628E+01 
#t = 2.058E+03
2.16628E+01,2.16628E+01,2.16628E+01,2.16628E+01,2.16628E+01,2.16628E+01,3.40600E+00,2.16628E+01,1.02369E+00,8.30046E+00,2.16628E+01 
#t = 2.100E+03
8.30046E+00,2.16628E+01,2.16628E+01,2.16628E+01,2.16628E+01,1.78572E+00,2.16628E+01,2.16628E+01,1.57633E+00,1.26977E+00,5.26459E+00,3.87774E+00,2.31919E+00 
#t = 2.142E+03
2.16628E+01,2.16628E+01,2.16628E+01,2.16628E+01,2.16628E+01,2.65080E+00,2.16628E+01,2.16628E+01,2.16628E+01,2.16628E+01,2.16628E+01,2.16628E+01,2.16628E+01,1.74534E+00,1.06862E+00,8.58518E-01,2.16628E+01,3.64346E+00 
#t = 2.184E+03
2.16628E+01,2.16628E+01,2.16628E+01,2.16628E+01,2.16628E+01,2.16628E+01,2.16628E+01,2.16628E+01,5.60283E+00,2.16628E+01,2.16628E+01,2.16628E+01,2.16628E+01,2.16628E+01,2.16628E+01,2.16628E+01,3.31588E+00,5.09358E+00,1.76689E+00,2.16628E+01,2.16628E+01,2.18098E+00 
#t = 2.226E+03
2.16628E+01,2.16628E+01,2.16628E+01,2.16628E+01,2.16628E+01,2.16628E+01,2.16628E+01,2.16628E+01,2.16628E+01,2.16628E+01,2.16628E+01,2.22845E+00,2.16628E+01,2.16628E+01,2.16628E+01,5.93675E+00,3.64702E+00,2.16628E+01,2.16628E+01,2.16628E+01,2.21370E+00,2.16628E+01 
#t = 2.268E+03
2.16628E+01,2.16628E+01,2.16628E+01,2.16628E+01,2.16628E+01,2.16628E+01,2.16628E+01,2.16628E+01,2.16628E+01,2.16628E+01,2.16628E+01,2.16628E+01,2.16628E+01,1.83746E+00,5.61304E+00,2.16628E+01,1.02966E+01,2.16628E+01,2.16628E+01,1.98668E+00,3.30807E+00 
#t = 2.310E+03
2.16628E+01,2.16628E+01,2.16628E+01,2.16628E+01,2.16628E+01,2.16628E+01,2.16628E+01,2.16628E+01,2.16628E+01,2.16628E+01,2.16628E+01,2.16628E+01,2.16628E+01,2.16628E+01,2.16628E+01,4.80862E+00,2.16628E+01,2.16628E+01,2.16628E+01,2.16628E+01,2.16628E+01,2.16628E+01,2.16628E+01,2.16628E+01,2.16628E+01,2.16628E+01,2.16628E+01,2.16628E+01,1.57812E+00,2.16628E+01 
#t = 2.352E+03
2.16628E+01,2.16628E+01,2.16628E+01,2.16628E+01,2.16628E+01,9.51224E+00,1.20592E+01,2.16628E+01,6.48586E+00,2.16628E+01,8.63209E+00,2.16628E+01,2.16628E+01,2.16628E+01,2.16628E+01,2.16628E+01,2.16628E+01,1.99845E+00,2.16628E+01,1.12023E+01,4.95274E+00,2.16628E+01,1.33979E+00,2.16628E+01 
#t = 2.394E+03
2.16628E+01,1.20592E+01,2.16628E+01,2.16628E+01,1.12023E+01,2.16628E+01,2.16628E+01,2.16628E+01,2.16628E+01,2.16628E+01,2.16628E+01,2.16628E+01,2.16628E+01,2.16628E+01,2.16628E+01,2.16628E+01,2.16628E+01,6.76227E+00,2.16628E+01,2.16628E+01,2.16628E+01,2.16628E+01,4.25144E+00,1.27140E+00,2.16628E+01,2.27826E+00,2.16628E+01,4.81527E+00,2.16628E+01 
#t = 2.436E+03
2.16628E+01,1.20592E+01,2.16628E+01,1.12023E+01,2.16628E+01,2.16628E+01,2.16628E+01,2.16628E+01,2.16628E+01,2.16628E+01,2.16628E+01,2.16628E+01,2.16628E+01,8.11074E+00,2.16628E+01,2.16628E+01,3.49839E+00,2.51310E+00,2.16628E+01,1.12023E+01 
#t = 2.478E+03
1.12023E+01,2.16628E+01,2.16628E+01,2.16628E+01,2.16628E+01,2.16628E+01,2.16628E+01,2.16628E+01,2.16628E+01,2.16628E+01,2.16628E+01,2.16628E+01,2.16628E+01,2.16628E+01,1.46623E+00,2.16628E+01,2.16628E+01,4.26040E+00 
#t = 2.520E+03
1.12023E+01,2.16628E+01,2.16628E+01,2.16628E+01,2.16628E+01,2.16628E+01,2.16628E+01,2.16628E+01,2.16628E+01,2.16628E+01,2.16628E+01,6.14921E+00,2.16628E+01,3.49768E+00,2.16628E+01,4.87456E+00,2.16628E+01,2.16628E+01,6.42449E+00,2.28143E+00,1.35667E+00,1.47112E+00,2.16628E+01,1.43644E+00,3.09188E+00 
#t = 2.562E+03
2.16628E+01,2.16628E+01,2.16628E+01,2.16628E+01,2.16628E+01,2.16628E+01,2.16628E+01,2.16628E+01,2.16628E+01,2.16628E+01,2.16628E+01,1.26717E+00 
#t = 2.604E+03
2.16628E+01,2.16628E+01,2.16628E+01,2.16628E+01,2.16628E+01,2.16628E+01,2.16628E+01,2.16628E+01,2.16628E+01,2.16628E+01,2.16628E+01,2.16628E+01,2.16628E+01,2.16628E+01,2.16628E+01,2.16628E+01,2.16628E+01,2.16628E+01,2.16628E+01,2.16628E+01,2.16628E+01,2.85424E+00,2.13848E+00,3.14604E+00 
#t = 2.646E+03
2.16628E+01,2.16628E+01,2.16628E+01,2.16628E+01,2.16628E+01,2.16628E+01,2.16628E+01,2.16628E+01,2.16628E+01,2.16628E+01,2.16628E+01,2.16628E+01,2.16628E+01,2.16628E+01,2.16628E+01,2.16628E+01,2.16628E+01,2.16628E+01,2.16628E+01,2.16628E+01,2.16628E+01,2.16628E+01,2.16628E+01,2.16628E+01,2.16628E+01,2.16628E+01,2.16628E+01,2.16628E+01,2.16628E+01,2.16628E+01,2.16628E+01,2.16628E+01,2.16628E+01,2.16628E+01,2.16628E+01,2.16628E+01,2.16628E+01,2.16628E+01 
#t = 2.688E+03
2.16628E+01,2.16628E+01,2.16628E+01,2.16628E+01,2.16628E+01,2.16628E+01,2.16628E+01,2.16628E+01,2.16628E+01,2.16628E+01,2.16628E+01,2.16628E+01,2.16628E+01,2.16628E+01,2.16628E+01,2.16628E+01,2.16628E+01,2.16628E+01,2.16628E+01,3.37315E+00,3.82338E+00,2.16628E+01,2.16628E+01,2.16628E+01,2.16628E+01,2.16628E+01 
#t = 2.730E+03
2.16628E+01,2.16628E+01,2.16628E+01,2.16628E+01,2.16628E+01,2.16628E+01,2.16628E+01,2.16628E+01,2.16628E+01,2.16628E+01,2.16628E+01,2.16628E+01,2.16628E+01,2.16628E+01,9.59139E+00,2.16628E+01,2.16628E+01,2.16628E+01,2.16628E+01,2.16628E+01,2.16628E+01,2.16628E+01,2.16628E+01,2.16628E+01,6.11881E+00,2.16628E+01,2.16628E+01,2.16628E+01 
#t = 2.772E+03
2.16628E+01,2.16628E+01,2.16628E+01,2.16628E+01,2.16628E+01,2.16628E+01,2.16628E+01,2.16628E+01,2.16628E+01,1.42084E+01,2.16628E+01,2.16628E+01,2.16628E+01,2.16628E+01,1.42084E+01,2.16628E+01,2.16628E+01,2.16628E+01,5.13678E+00,2.16628E+01,1.67334E+00,2.16628E+01,1.42084E+01,2.16628E+01,2.16628E+01,2.16628E+01,2.16628E+01,2.16628E+01,3.23317E+00,4.00585E+00,2.16628E+01 
#t = 2.814E+03
2.16628E+01,2.16628E+01,2.16628E+01,2.16628E+01,2.16628E+01,2.16628E+01,1.42084E+01,2.16628E+01,2.16628E+01,2.16628E+01,2.16628E+01,2.16628E+01,2.16628E+01,2.16628E+01,2.16628E+01,2.16628E+01,2.16628E+01,2.16628E+01,2.16628E+01,2.16628E+01,2.16628E+01,2.16628E+01,2.16628E+01,2.16628E+01,2.16628E+01,6.32133E+00,2.16628E+01,2.16628E+01,2.16628E+01,2.16628E+01,2.16628E+01,2.16628E+01,2.16628E+01,2.16628E+01,2.16628E+01,2.16628E+01,1.18301E+01,2.16628E+01,2.16628E+01,2.16628E+01,2.16628E+01,2.16628E+01 
#t = 2.856E+03
2.16628E+01,2.16628E+01,2.16628E+01,2.16628E+01,2.16628E+01,2.16628E+01,2.16628E+01,2.16628E+01,2.16628E+01,2.16628E+01,2.16628E+01,2.16628E+01,2.16628E+01,2.16628E+01,2.16628E+01,2.16628E+01,2.16628E+01,2.16628E+01,2.16628E+01,2.16628E+01,8.97859E+00,2.65656E+00,2.16628E+01,2.16628E+01,2.16628E+01 
#t = 2.898E+03
2.16628E+01,2.16628E+01,2.16628E+01,2.16628E+01,2.16628E+01,8.34776E+00,2.16628E+01,2.16628E+01,2.16628E+01,2.16628E+01,2.16628E+01,2.16628E+01,9.36648E+00,2.16628E+01,2.16628E+01,2.16628E+01,8.91007E+00,2.16628E+01,2.74673E+00,2.16628E+01,2.16628E+01,2.16628E+01 
#t = 2.940E+03
2.16628E+01,2.16628E+01,2.16628E+01,2.16628E+01,4.83301E+00,2.16628E+01,2.16628E+01,6.52322E+00,2.16628E+01,2.16628E+01,2.16628E+01,2.16628E+01,2.16628E+01,2.16628E+01,2.16628E+01,2.16628E+01,2.16628E+01,2.13352E+00 
#t = 2.982E+03
2.16628E+01,2.16628E+01,2.16628E+01,2.16628E+01,2.16628E+01,2.16628E+01,2.16628E+01,8.06120E+00,2.16628E+01,2.16628E+01,9.54367E+00,3.54373E+00,2.16628E+01,4.02370E+00,2.16628E+01,3.30778E+00 
#t = 3.024E+03
2.16628E+01,2.16628E+01,1.41977E+01,2.16628E+01,2.16628E+01,2.16628E+01,2.16628E+01,2.16628E+01,8.03973E+00,2.16628E+01,2.16628E+01,2.16628E+01,1.41977E+01 
#t = 3.066E+03
1.41977E+01,1.41977E+01,1.41977E+01,2.16628E+01,2.16628E+01,1.41977E+01,2.16628E+01,1.41977E+01,2.16628E+01,2.16628E+01,2.16628E+01,3.88201E+00,1.41977E+01,2.16628E+01,2.16628E+01,2.16628E+01,3.98734E+00 
#t = 3.108E+03
2.16628E+01,2.16628E+01,2.16628E+01,2.16628E+01,5.74058E+00,2.16628E+01,2.16628E+01,2.16628E+01,2.16628E+01,2.16628E+01,2.16628E+01,7.61459E+00,2.16628E+01,2.62785E+00,3.63395E+00 
#t = 3.150E+03
2.16628E+01,2.16628E+01,2.16628E+01,2.16628E+01,2.16628E+01,2.16628E+01,2.16628E+01,2.16628E+01,2.16628E+01,2.16628E+01,2.16628E+01,2.16628E+01,3.93143E+00,2.16628E+01,2.16628E+01,3.16025E+00,2.16628E+01,2.16628E+01,2.16628E+01,2.16628E+01,2.16628E+01,2.16628E+01,2.84735E+00,2.16628E+01 
#t = 3.192E+03
2.16628E+01,2.16628E+01,2.16628E+01,2.16628E+01,2.16628E+01,2.16628E+01,2.16628E+01,2.16628E+01,2.16628E+01,2.16628E+01,2.16628E+01,2.16628E+01,2.16628E+01,2.16628E+01,2.16628E+01,2.16628E+01,2.16628E+01,2.16628E+01,1.56049E+00,2.16628E+01,2.16628E+01,3.34362E+00 
#t = 3.234E+03
2.16628E+01,2.16628E+01,2.16628E+01,2.16628E+01,2.16628E+01,2.16628E+01,2.16628E+01,2.16628E+01,2.16628E+01,2.16628E+01,2.16628E+01,2.16628E+01,2.16628E+01,2.16628E+01,1.13280E+00,2.16628E+01,2.16628E+01 
#t = 3.276E+03
2.16628E+01,2.16628E+01,2.16628E+01,2.16628E+01,2.16628E+01,2.16628E+01,2.16628E+01,2.16628E+01,2.16628E+01,2.16628E+01,2.16628E+01,2.16628E+01,2.16628E+01,2.16628E+01,2.16628E+01,2.16628E+01,2.16628E+01,2.16628E+01,2.16628E+01,2.16628E+01,2.16628E+01,3.16591E+00,2.16628E+01,2.16628E+01,2.16628E+01,2.16628E+01,2.16628E+01,2.29257E+00 
#t = 3.318E+03
2.16628E+01,2.16628E+01,2.16628E+01,2.16628E+01,2.16628E+01,2.16628E+01,2.16628E+01,2.16628E+01,2.16628E+01,2.16628E+01,2.16628E+01,2.16628E+01,2.16628E+01,2.16628E+01,2.16628E+01,2.16628E+01,2.16628E+01,2.16628E+01,2.16628E+01,2.16628E+01,2.16628E+01,2.16628E+01,2.16628E+01,2.16628E+01,2.16628E+01,2.16628E+01,2.16628E+01,2.16628E+01,2.16628E+01,6.47790E+00,2.16628E+01,5.74322E+00,3.48905E+00,2.16628E+01 
#t = 3.360E+03
2.16628E+01,2.16628E+01,2.16628E+01,2.16628E+01,2.16628E+01,2.16628E+01,2.16628E+01,2.16628E+01,2.16628E+01,2.16628E+01,2.16628E+01,2.16628E+01,2.16628E+01,2.16628E+01,2.16628E+01,2.16628E+01,2.16628E+01,2.16628E+01,2.16628E+01,2.16628E+01,2.16628E+01,1.15708E+00,9.18700E+00 
#t = 3.402E+03
2.16628E+01,2.16628E+01,2.16628E+01,2.16628E+01,2.16628E+01,7.91755E+00,2.16628E+01,2.16628E+01,2.16628E+01,2.16628E+01,2.16628E+01,2.16628E+01,2.16628E+01,2.16628E+01,2.16628E+01,2.16628E+01,2.16628E+01 
#t = 3.444E+03
2.16628E+01,2.16628E+01,2.16628E+01,2.16628E+01,2.16628E+01,2.16628E+01,2.16628E+01,2.16628E+01,2.16628E+01,2.16628E+01,2.89285E+00,2.16628E+01,2.16628E+01,9.31355E+00,2.16628E+01,2.16628E+01,2.50971E+00,2.16628E+01,2.16628E+01,2.16628E+01,2.16628E+01 
#t = 3.486E+03
2.16628E+01,2.16628E+01,2.16628E+01,2.16628E+01,2.16628E+01,2.16628E+01,2.16628E+01,2.16628E+01,3.81127E+00,2.16628E+01,2.16628E+01,2.16628E+01,2.16628E+01,2.16628E+01,2.16628E+01,2.16628E+01,2.16628E+01,2.16628E+01,2.16628E+01,4.45626E+00,3.10249E+00,2.16628E+01,3.20672E+00,2.16628E+01,1.32715E+00 
#t = 3.528E+03
2.16628E+01,2.16628E+01,2.16628E+01,2.16628E+01,2.16628E+01,2.16628E+01,2.16628E+01,2.16628E+01,2.16628E+01,2.16628E+01,2.16628E+01,2.16628E+01,2.16628E+01,2.16628E+01,1.40921E+01,2.16628E+01,1.40921E+01,2.16628E+01,2.16628E+01,2.16628E+01,2.16628E+01,4.24996E+00,2.16628E+01,2.16628E+01,2.16628E+01 
#t = 3.570E+03
2.16628E+01,2.16628E+01,2.16628E+01,2.16628E+01,1.40921E+01,2.16628E+01,2.16628E+01,2.16628E+01,1.40921E+01,2.16628E+01,1.40921E+01,1.40921E+01,2.16628E+01,1.40921E+01,2.16628E+01,2.16628E+01,1.40921E+01,2.16628E+01,4.72413E+00,2.16628E+01,1.40921E+01,1.40921E+01,1.40921E+01,2.16628E+01,2.16628E+01,2.16628E+01,2.16628E+01,1.40921E+01,1.40921E+01,2.16628E+01 
#t = 3.612E+03
2.16628E+01,2.16628E+01,1.40921E+01,2.16628E+01,2.16628E+01,1.40921E+01,1.40921E+01,2.16628E+01,1.40921E+01,2.16628E+01,2.16628E+01,7.33646E+00,2.16628E+01,2.16628E+01,2.16628E+01,2.16628E+01,2.16628E+01,1.40921E+01,2.16628E+01,2.16628E+01,2.16628E+01,1.40921E+01,3.71951E+00,2.16628E+01,2.16628E+01,3.87018E+00,2.16628E+01,7.17232E+00,2.16628E+01,2.16628E+01,6.17071E+00,1.62351E+00,1.40921E+01,2.16628E+01 
#t = 3.654E+03
2.16628E+01,2.16628E+01,2.16628E+01,2.16628E+01,2.16628E+01,2.16628E+01,2.16628E+01,2.16628E+01,2.16628E+01,2.16628E+01,6.19668E+00,2.16628E+01,2.16628E+01,2.16628E+01,5.43036E+00,2.16628E+01,2.16628E+01,2.16628E+01,2.16628E+01,2.16628E+01,2.69940E+00,2.16628E+01,3.51843E+00,4.41242E+00,2.16628E+01,3.31906E+00 
#t = 3.696E+03
2.16628E+01,2.16628E+01,2.16628E+01,2.16628E+01,2.16628E+01,2.16628E+01,2.16628E+01,2.16628E+01,2.16628E+01,2.16628E+01,2.16628E+01,2.16628E+01,4.54957E+00,2.16628E+01,2.16628E+01,2.16628E+01,2.16628E+01,2.16628E+01,3.18945E+00,2.16628E+01,2.16628E+01,2.16628E+01,2.16628E+01,2.16628E+01,2.16628E+01,2.16628E+01,2.16628E+01,2.16628E+01,2.64822E+00,4.01721E+00,2.16628E+01,2.16628E+01,1.99715E+00 
#t = 3.738E+03
2.16628E+01,2.16628E+01,2.16628E+01,2.16628E+01,2.16628E+01,2.16628E+01,2.16628E+01,2.16628E+01,2.16628E+01,2.16628E+01,2.16628E+01,2.16628E+01,2.16628E+01,3.30580E+00,2.16628E+01,2.16628E+01,2.16628E+01,4.44801E+00,2.16628E+01,2.16628E+01,2.16628E+01,2.16628E+01,2.16628E+01,3.46735E+00,2.16628E+01,2.16628E+01,2.16628E+01,2.16628E+01,2.16628E+01,2.16628E+01,2.16628E+01,2.16628E+01,2.16628E+01,6.67763E+00 
#t = 3.780E+03
2.16628E+01,2.16628E+01,2.16628E+01,2.16628E+01,2.16628E+01,2.16628E+01,2.16628E+01,2.16628E+01,2.16628E+01,2.16628E+01,2.16628E+01,2.16628E+01,3.56333E+00,2.16628E+01,2.16628E+01,2.16628E+01,4.00435E+00,2.16628E+01,2.16628E+01,2.80488E+00,2.16628E+01,2.16628E+01,2.16628E+01,2.16628E+01,2.16628E+01,2.16628E+01,2.16628E+01,2.16628E+01,2.16628E+01,2.16628E+01,2.16628E+01,2.16628E+01,4.79600E+00 
#t = 3.822E+03
2.16628E+01,2.16628E+01,2.16628E+01,2.16628E+01,2.16628E+01,2.16628E+01,2.16628E+01,2.16628E+01,2.16628E+01,2.16628E+01,2.16628E+01,2.16628E+01,2.16628E+01,1.70158E+00,2.16628E+01,1.11586E+00,2.16628E+01,2.16628E+01,1.73142E+01,1.41076E+00,2.16628E+01,2.16628E+01,2.16628E+01,2.16628E+01,1.73142E+01,2.16628E+01,2.16628E+01,2.26462E+00 
#t = 3.864E+03
2.16628E+01,2.16628E+01,2.16628E+01,2.16628E+01,2.16628E+01,2.16628E+01,2.16628E+01,2.16628E+01,2.16628E+01,2.16628E+01,2.16628E+01,2.16628E+01,2.16628E+01,7.39012E+00,2.16628E+01,2.16628E+01,1.73142E+01,2.16628E+01,2.16628E+01,2.16628E+01,2.16628E+01,2.82357E+00,8.69386E+00,1.73142E+01,2.16628E+01,2.16628E+01,2.16628E+01,2.16628E+01,1.54796E+00,2.16628E+01,2.18202E+00,2.16628E+01,2.16628E+01,2.16628E+01,2.16628E+01,2.16628E+01 
#t = 3.906E+03
2.16628E+01,2.16628E+01,2.16628E+01,2.16628E+01,2.16628E+01,2.16628E+01,2.16628E+01,2.16628E+01,2.16628E+01,4.57806E+00,2.16628E+01,2.16628E+01,2.16628E+01,2.16628E+01,2.16628E+01,2.16628E+01,2.16628E+01,2.16628E+01,2.16628E+01,3.86519E+00 
#t = 3.948E+03
2.16628E+01,2.16628E+01,2.16628E+01,2.16628E+01,2.16628E+01,2.16628E+01,2.16628E+01,2.16628E+01,2.16628E+01,2.16628E+01,2.16628E+01,2.16628E+01,2.16628E+01,2.16628E+01,2.16628E+01,2.16628E+01,2.16628E+01,2.16628E+01,2.16628E+01,2.16628E+01,2.16628E+01,2.16628E+01,2.16628E+01,2.16628E+01,2.16628E+01,2.16628E+01,2.16628E+01,2.16628E+01,2.16628E+01,2.16628E+01,2.16628E+01,2.48090E+00,2.16628E+01,2.16628E+01,2.16628E+01,2.16628E+01,7.86191E+00,2.16628E+01,2.16628E+01 
#t = 3.990E+03
2.16628E+01,2.16628E+01,2.16628E+01,2.16628E+01,2.16628E+01,2.16628E+01,2.16628E+01,2.16628E+01,2.16628E+01,2.16628E+01,2.16628E+01,2.16628E+01,2.16628E+01,2.16628E+01,2.16628E+01,2.16628E+01,2.16628E+01,2.16628E+01,2.16628E+01,2.16628E+01,2.16628E+01,2.16628E+01,2.16628E+01,2.16628E+01,2.16628E+01,2.16628E+01,2.16628E+01,2.16628E+01,2.16628E+01,2.16628E+01,2.16628E+01,2.16628E+01,2.16628E+01,2.16628E+01,2.16628E+01,2.16628E+01 
#t = 4.032E+03
2.16628E+01,2.16628E+01,2.16628E+01,2.16628E+01,2.16628E+01,2.16628E+01,2.16628E+01,2.16628E+01,2.16628E+01,2.16628E+01,2.16628E+01,2.16628E+01,2.16628E+01,2.16628E+01,2.16628E+01,2.16628E+01,2.16628E+01,2.16628E+01,2.77171E+00,2.16628E+01,2.16628E+01,2.16628E+01,4.73958E+00,1.61633E+00,3.97222E+00 
#t = 4.074E+03
2.16628E+01,2.16628E+01,2.16628E+01,2.16628E+01,2.16628E+01,2.16628E+01,2.16628E+01,2.16628E+01,2.16628E+01,2.16628E+01,2.16628E+01,2.16628E+01,2.21634E+00,2.16628E+01,2.16628E+01,2.16628E+01,2.47161E+00,2.16628E+01,2.16628E+01,2.16628E+01,2.16628E+01,3.42571E+00,2.16628E+01,2.16628E+01 
#t = 4.116E+03
2.16628E+01,2.16628E+01,2.16628E+01,2.16628E+01,2.16628E+01,2.16628E+01,2.16628E+01,2.16628E+01,2.16628E+01,9.56807E+00,2.16628E+01,2.16628E+01,2.16628E+01,2.16628E+01,2.16628E+01,2.16628E+01,2.16628E+01 
#t = 4.158E+03
2.16628E+01,2.16628E+01,2.16628E+01,2.16628E+01,2.16628E+01,2.16628E+01,1.07469E+01,2.16628E+01,2.16628E+01,2.93023E+00,2.16628E+01,2.16628E+01 
#t = 4.200E+03
2.16628E+01,2.16628E+01,2.16628E+01,2.16628E+01,2.16628E+01,2.16628E+01,2.16628E+01,2.16628E+01,2.16628E+01,2.16628E+01,6.56257E+00,2.16628E+01,2.16628E+01,2.16628E+01,2.19066E+00,2.16628E+01,2.23091E+00,2.16628E+01,3.88064E+00,2.16628E+01 
