#t = 0.000E+00
2.21873E+00,4.36579E+00,7.17589E-01,2.08022E+00,3.59883E+00 
#t = 4.200E+01
4.13681E+00,4.68085E+00 
#t = 8.400E+01
2.89605E+00,2.79827E+00,1.73545E+00,2.33103E+00 
#t = 1.260E+02
7.95284E+00,2.62661E+00 
#t = 1.680E+02
7.75752E+00,1.95825E+00,5.27535E+00,3.15378E+00,2.69349E+00,2.25358E+00,4.24285E+00,2.21862E+00 
#t = 2.100E+02
4.65006E+00,7.34973E+00 
#t = 2.520E+02
6.99449E+00,6.53993E+00,1.69899E+00,1.53414E+00,2.89535E+00,4.54327E+00 
#t = 2.940E+02
8.83206E+00,9.72853E+00,2.08453E+00,4.22468E+00,5.35314E+00 
#t = 3.360E+02
8.83206E+00,3.43532E+00,3.40981E+00,2.62570E+00,1.55411E+00 
#t = 3.780E+02
2.77763E+00,1.29165E+00,9.14527E-01,3.61288E+00 
#t = 4.200E+02
3.80675E+00,1.56726E+00,4.01362E+00,2.41312E+00 
#t = 4.620E+02
1.70795E+00,3.18530E+00,2.03281E+00,3.76798E+00,3.41574E+00,1.47087E+00,6.96131E+00 
#t = 5.040E+02
9.11964E+00,4.90787E+00,2.10072E+00,1.06179E+00 
#t = 5.460E+02
4.11986E+00,1.17408E+00,2.19857E+00 
#t = 5.880E+02
1.04285E+01,5.18232E+00,3.57466E+00 
#t = 6.300E+02
4.92095E+00,1.10798E+00,1.93754E+00 
#t = 6.720E+02
3.94139E+00,1.40795E+00 
#t = 7.140E+02
4.79739E+00,1.88241E+00 
#t = 7.560E+02
4.13789E+00,3.30686E+00 
#t = 7.980E+02
2.20831E+00 
#t = 8.400E+02
3.26503E+00,1.53817E+01,1.53817E+01,1.53817E+01,1.53817E+01,1.53817E+01,1.53817E+01,4.03328E+00,1.53817E+01 
#t = 8.820E+02
1.53817E+01,1.53817E+01,1.53817E+01,1.53817E+01,1.53817E+01,8.80389E+00,1.53817E+01,1.53817E+01,1.53817E+01,1.53817E+01,1.53817E+01,4.16950E+00,1.16777E+00,1.53817E+01,3.20498E+00,1.53817E+01,1.53817E+01 
#t = 9.240E+02
1.53817E+01,1.53817E+01,1.53817E+01,1.53817E+01,1.53817E+01,1.53817E+01,1.53817E+01,1.53817E+01,6.65270E+00,1.53817E+01 
#t = 9.660E+02
1.53817E+01,1.53817E+01,1.53817E+01,1.53817E+01,6.26718E+00,7.20538E+00,1.53817E+01,3.00712E+00,9.02807E-01,1.53817E+01 
#t = 1.008E+03
1.53817E+01,1.53817E+01,1.53817E+01,1.53817E+01,6.22117E+00,6.38174E+00,2.94821E+00,6.55916E+00 
#t = 1.050E+03
1.53817E+01,1.53817E+01,2.74515E+00,1.53817E+01,3.60889E+00,7.04099E+00,1.53817E+01,2.43132E+00,1.53817E+01 
#t = 1.092E+03
1.53817E+01,5.88674E+00,1.53817E+01,7.98394E+00,1.53817E+01,4.38352E+00,8.66090E+00,1.53817E+01,4.52339E+00,1.07690E+00,1.57122E+00,7.89527E-01 
#t = 1.134E+03
1.53817E+01,1.53817E+01,1.53817E+01,1.53817E+01,3.17578E+00,7.27861E+00,4.99954E+00,4.27268E+00,6.70905E+00,3.35958E+00 
#t = 1.176E+03
7.25843E+00,1.53817E+01,1.53817E+01,5.11921E+00 
#t = 1.218E+03
1.53817E+01,1.53817E+01,1.53817E+01,1.53817E+01,1.53817E+01,1.53817E+01,1.63652E+00,1.53817E+01,1.53817E+01 
#t = 1.260E+03
1.53817E+01,4.30398E+00,1.06074E+00,8.39986E-01 
#t = 1.302E+03
4.90850E+00,4.56914E+00,1.32151E+00,2.27264E+00,2.60901E+00 
#t = 1.344E+03
3.67041E+00,3.28928E+00,7.19629E+00,6.27184E+00,3.91109E+00,3.58332E+00,2.75479E+00 
#t = 1.386E+03
1.06597E+01,2.93786E+00,9.69104E-01,2.59577E+00,4.53532E+00 
#t = 1.428E+03
8.93868E+00,1.86748E+00,2.05583E+00 
#t = 1.470E+03
8.93868E+00,4.73415E+00,1.06356E+01,1.83018E+00 
#t = 1.512E+03
1.18006E+01,2.76788E+00 
#t = 1.554E+03
6.38990E+00,3.26310E+00,5.67251E+00,1.37137E+00 
#t = 1.596E+03
9.90828E-01,1.61785E+00,1.07151E+00,2.02175E+00,3.49137E+00 
#t = 1.638E+03
3.65388E+00,3.61538E+00,1.55284E+00,1.99986E+00,2.11787E+00 
#t = 1.680E+03
1.87215E+01,7.60173E+00,1.87215E+01,1.10498E+00,4.54335E+00,3.92066E+00 
#t = 1.722E+03
1.87215E+01,1.87215E+01,8.82678E+00,1.87215E+01,1.87215E+01,5.26690E+00,1.87215E+01,3.13030E+00,1.87215E+01,1.87215E+01,2.31955E+00,1.87215E+01,1.87215E+01,1.02435E+00,1.87215E+01,2.72892E+00,2.62194E+00 
#t = 1.764E+03
1.87215E+01,1.87215E+01,1.87215E+01,1.87215E+01,4.02503E+00,1.87215E+01,1.87215E+01,1.87215E+01,1.87215E+01,1.87215E+01,1.87215E+01,1.23628E+00,1.87215E+01,1.87215E+01,1.23682E+00 
#t = 1.806E+03
1.87215E+01,1.87215E+01,1.87215E+01,1.87215E+01,1.87215E+01,1.87215E+01,1.87215E+01,1.87215E+01,4.57335E+00,1.87215E+01,1.87215E+01,1.87215E+01,1.87215E+01,1.87215E+01,1.87215E+01,1.87215E+01,1.87215E+01,1.87215E+01,1.87215E+01,1.87215E+01,3.33104E+00,1.87215E+01,1.87215E+01,1.87215E+01,1.87215E+01,1.87215E+01,1.87215E+01,2.65808E+00 
#t = 1.848E+03
1.87215E+01,1.87215E+01,1.87215E+01,1.87215E+01,1.87215E+01,1.87215E+01,1.87215E+01,1.87215E+01,1.87215E+01,1.87215E+01,1.87215E+01,1.87215E+01,1.87215E+01,1.87215E+01,1.87215E+01,1.87215E+01,1.87215E+01,1.87215E+01,1.87215E+01,1.87215E+01,1.87215E+01,1.87215E+01,1.87215E+01,1.87215E+01,1.87215E+01,1.87215E+01,1.87215E+01,1.87215E+01,1.87215E+01,2.39660E+00,1.87215E+01,1.87215E+01,1.87215E+01,1.30788E+00,1.87215E+01,1.79018E+00,1.87215E+01,1.87215E+01,1.87215E+01,3.28847E+00,1.87215E+01 
#t = 1.890E+03
1.87215E+01,1.87215E+01,1.87215E+01,1.87215E+01,1.87215E+01,1.87215E+01,1.87215E+01,1.87215E+01,1.87215E+01,1.87215E+01,1.87215E+01,3.46295E+00,1.87215E+01,2.24926E+00,1.87215E+01,1.87215E+01,1.87215E+01,1.10194E+00 
#t = 1.932E+03
1.87215E+01,1.87215E+01,1.87215E+01,1.87215E+01,1.87215E+01,1.87215E+01,1.87215E+01,8.41470E+00,1.87215E+01,1.87215E+01,1.87215E+01,6.96540E+00,1.30677E+01,1.30677E+01,1.87215E+01,1.87215E+01,1.87215E+01,4.76041E+00,1.87215E+01 
#t = 1.974E+03
1.87215E+01,1.87215E+01,1.87215E+01,1.87215E+01,1.87215E+01,1.87215E+01,5.01027E+00,1.87215E+01,3.83795E+00,1.87215E+01,1.87215E+01,2.54186E+00,1.87215E+01,1.87215E+01,1.87215E+01,3.05596E+00,1.87215E+01,1.87215E+01,1.87215E+01,1.87215E+01,1.87215E+01 
#t = 2.016E+03
1.87215E+01,1.87215E+01,1.87215E+01,1.87215E+01,1.87215E+01,1.87215E+01,1.87215E+01,1.87215E+01,1.87215E+01,1.87215E+01,8.97291E+00,1.87215E+01,1.87215E+01,1.87215E+01,1.87215E+01,1.87215E+01,1.87215E+01,1.87215E+01,1.87215E+01,5.15008E+00,1.87215E+01,1.87215E+01,1.87215E+01,3.14869E+00,1.00606E+01,4.09735E+00 
#t = 2.058E+03
1.87215E+01,1.87215E+01,1.87215E+01,1.87215E+01,1.87215E+01,1.87215E+01,1.87215E+01,1.87215E+01,1.87215E+01,1.87215E+01,1.87215E+01,1.87215E+01,1.87215E+01,1.87215E+01,1.87215E+01,1.87215E+01,1.87215E+01,1.90453E+00,1.87215E+01,1.87215E+01,1.87215E+01 
#t = 2.100E+03
1.87215E+01,1.87215E+01,1.87215E+01,1.87215E+01,1.87215E+01,1.87215E+01,1.87215E+01,1.87215E+01,1.87215E+01,1.87215E+01,1.87215E+01,1.87215E+01,1.87215E+01,8.51496E+00,1.87215E+01,1.87215E+01,1.87215E+01,1.87215E+01,1.87215E+01,1.87215E+01,1.87215E+01,1.87215E+01,1.87215E+01,1.87215E+01,1.87215E+01,1.87215E+01,1.87215E+01,3.09575E+00,1.46937E+00,1.87215E+01,3.93349E+00,1.87215E+01,1.87215E+01,1.87215E+01,1.87215E+01,1.87215E+01,1.87215E+01 
#t = 2.142E+03
1.87215E+01,1.87215E+01,1.87215E+01,1.87215E+01,1.87215E+01,1.87215E+01,1.87215E+01,1.87215E+01,1.87215E+01,1.87215E+01,1.87215E+01,1.87215E+01,1.87215E+01,1.87215E+01,1.87215E+01,1.87215E+01,2.38452E+00,1.87215E+01,1.87215E+01,1.87215E+01,1.87215E+01,1.87215E+01,1.87215E+01,1.87215E+01,1.87215E+01,4.87668E+00,1.87215E+01,2.49981E+00,1.87215E+01,1.87215E+01 
#t = 2.184E+03
1.87215E+01,1.87215E+01,1.87215E+01,1.87215E+01,1.87215E+01,1.87215E+01,1.87215E+01,1.87215E+01,1.87215E+01,1.87215E+01,1.87215E+01,1.87215E+01,1.87215E+01,1.87215E+01,1.87215E+01,1.87215E+01,1.87215E+01,1.87215E+01,1.87215E+01,1.87215E+01,1.87215E+01,1.87215E+01,1.87215E+01,1.87215E+01,1.87050E+00,1.87215E+01,3.10005E+00,1.87215E+01,5.30365E+00,1.29157E+00,1.86568E+00 
#t = 2.226E+03
1.87215E+01,1.87215E+01,1.87215E+01,1.87215E+01,1.87215E+01,1.87215E+01,1.87215E+01,1.87215E+01,1.87215E+01,1.87215E+01,1.87215E+01,1.87215E+01,1.87215E+01,1.87215E+01,1.87215E+01,2.01621E+00,1.87215E+01,1.87215E+01,2.86581E+00,2.34502E+00 
#t = 2.268E+03
1.87215E+01,1.87215E+01,1.87215E+01,1.87215E+01,1.87215E+01,1.87215E+01,1.87215E+01,1.87215E+01,1.87215E+01,1.87215E+01,1.87215E+01,1.87215E+01,1.87215E+01,1.87215E+01,1.87215E+01,1.87215E+01,4.03376E+00,1.87215E+01,1.87215E+01,1.87215E+01,7.99877E+00,1.21974E+00,1.87215E+01,1.87215E+01,1.87215E+01,1.87215E+01,1.77948E+00 
#t = 2.310E+03
1.87215E+01,1.87215E+01,1.87215E+01,1.87215E+01,1.87215E+01,1.87215E+01,1.87215E+01,1.87215E+01,1.87215E+01,1.87215E+01,1.87215E+01,1.87215E+01,1.87215E+01,1.87215E+01,1.87215E+01,1.87215E+01,6.32950E+00,1.87215E+01,1.87215E+01,1.87215E+01,2.45642E+00,1.87215E+01,1.87215E+01,1.50046E+00,1.87215E+01,3.14021E+00,2.87313E+00,4.59325E+00,1.87215E+01 
#t = 2.352E+03
1.87215E+01,1.87215E+01,1.87215E+01,1.87215E+01,1.87215E+01,1.87215E+01,1.87215E+01,1.87215E+01,1.87215E+01,8.69493E+00,1.87215E+01,1.87215E+01,1.87215E+01,1.87215E+01,1.87215E+01,1.87215E+01,1.87215E+01,1.87215E+01,1.87215E+01,1.87215E+01,1.87215E+01,1.87215E+01,3.68488E+00,1.87215E+01 
#t = 2.394E+03
1.87215E+01,8.69493E+00,1.87215E+01,1.87215E+01,1.87215E+01,1.87215E+01,1.87215E+01,1.87215E+01,1.87215E+01,1.87215E+01,1.87215E+01,1.87215E+01,1.87215E+01,3.94493E+00,2.34296E+00,2.60800E+00 
#t = 2.436E+03
8.69493E+00,1.87215E+01,1.87215E+01,8.25827E+00,1.87215E+01,1.87215E+01,1.87215E+01,5.17104E+00,1.87215E+01 
#t = 2.478E+03
1.87215E+01,1.87215E+01,1.87215E+01,1.87215E+01,1.87215E+01,1.87215E+01,1.87215E+01,2.73465E+00,1.87215E+01,1.87215E+01,1.87215E+01,1.87215E+01,3.44707E+00,2.61229E+00,2.02491E+00 
#t = 2.520E+03
1.87215E+01,1.87215E+01,1.87215E+01,1.87215E+01,6.33888E+00,1.87215E+01,1.87215E+01,1.87215E+01,5.85800E+00,1.87215E+01,7.43637E+00,3.37474E+00,1.87215E+01,3.19359E+00,1.87215E+01,2.45858E+00,1.87215E+01,6.13820E+00,9.23104E+00 
#t = 2.562E+03
1.87215E+01,1.87215E+01,1.87215E+01,1.87215E+01,1.87215E+01,1.87215E+01,1.87215E+01,1.87215E+01,1.87215E+01,1.87215E+01,1.87215E+01,1.87215E+01,1.87215E+01,1.87215E+01,2.08326E+00,1.87215E+01,1.87215E+01,1.87215E+01,1.87215E+01,1.87215E+01 
#t = 2.604E+03
1.87215E+01,1.87215E+01,1.87215E+01,1.87215E+01,1.87215E+01,1.87215E+01,1.87215E+01,1.87215E+01,1.87215E+01,1.87215E+01,4.06151E+00,1.87215E+01,1.87215E+01,2.12823E+00,4.78379E+00,1.49009E+00,1.87215E+01 
#t = 2.646E+03
1.87215E+01,7.08659E+00,8.63659E+00,1.87215E+01,1.87215E+01,1.87215E+01,1.87215E+01,1.87215E+01,5.35392E+00,6.39966E+00,1.87215E+01,2.80543E+00 
#t = 2.688E+03
8.63659E+00,1.87215E+01,1.87215E+01,1.87215E+01,1.87215E+01,1.87215E+01,1.87215E+01,1.87215E+01,1.87215E+01,1.87215E+01,1.87215E+01,8.83038E+00,1.87215E+01,2.35393E+00,1.47417E+00,3.99871E+00 
#t = 2.730E+03
1.87215E+01,1.87215E+01,1.87215E+01,1.87215E+01,6.54913E+00,1.87215E+01,3.14908E+00,9.73809E-01,3.97817E+00 
#t = 2.772E+03
1.87215E+01,1.87215E+01,1.87215E+01,8.53037E+00,1.15658E+01,1.87215E+01,1.87215E+01,1.61317E+00,1.87215E+01,1.29235E+00 
#t = 2.814E+03
1.87215E+01,1.87215E+01,1.87215E+01,1.87215E+01,1.87215E+01,1.87215E+01,6.02759E+00,1.88122E+00,3.09764E+00,1.68753E+00,3.10428E+00 
#t = 2.856E+03
1.87215E+01,1.87215E+01,1.87215E+01,1.87215E+01,5.11084E+00,1.87215E+01,1.87215E+01,1.87215E+01,1.87215E+01,1.87215E+01,1.87215E+01,3.50627E+00,1.87215E+01,1.58304E+00,1.04481E+01,3.52999E+00 
#t = 2.898E+03
1.87215E+01,1.87215E+01,1.87215E+01,1.87215E+01,1.87215E+01,1.87215E+01,1.87215E+01,1.87215E+01,1.87215E+01,1.87215E+01,5.23117E+00,1.87215E+01,4.81011E+00,1.87215E+01,3.13100E+00 
#t = 2.940E+03
1.87215E+01,1.87215E+01,1.87215E+01,3.89075E+00,1.87215E+01,5.79216E+00,3.79231E+00,1.87215E+01,5.99229E+00,2.31638E+00 
#t = 2.982E+03
1.87215E+01,1.96584E+00,3.46004E+00,1.17618E+00 
#t = 3.024E+03
5.74320E+00,4.26036E+00 
#t = 3.066E+03
6.35225E+00,6.12235E+00,6.22024E+00,1.71951E+00 
#t = 3.108E+03
6.07159E+00,2.65629E+00,2.96853E+00,2.15252E+00,6.54031E+00 
#t = 3.150E+03
8.75326E+00,8.80276E+00,5.24262E+00,2.44043E+00,2.45115E+00 
#t = 3.192E+03
3.51328E+00,3.45852E+00,2.53513E+00,1.65940E+00 
#t = 3.234E+03
6.97352E+00 
#t = 3.276E+03
1.12586E+01,1.12586E+01,1.12586E+01,3.64412E+00,1.12586E+01,8.35769E-01,6.71259E+00,1.12586E+01 
#t = 3.318E+03
1.12586E+01,1.12586E+01,1.12586E+01,1.12586E+01,1.12586E+01,1.39625E+00,8.51379E+00,2.40162E+00,2.41968E+00,7.73915E+00,1.51934E+00,2.02857E+00 
#t = 3.360E+03
1.12586E+01,1.12586E+01,1.12586E+01,1.12586E+01,1.21098E+00,8.85708E-01,1.12586E+01,2.75157E+00,1.12586E+01,1.03899E+00 
#t = 3.402E+03
1.12586E+01,1.12586E+01,3.77443E+00,3.90782E+00,1.36701E+00,1.01527E+01 
#t = 3.444E+03
3.72262E+00,3.92435E+00,4.56658E+00,1.75823E+00 
#t = 3.486E+03
5.93418E+00,6.20048E+00,2.87029E+00,5.32281E+00,3.26793E+00 
#t = 3.528E+03
1.14111E+01,4.15921E+00,3.65391E+00,4.91683E+00,5.35983E+00 
#t = 3.570E+03
1.32603E+00,8.85070E-01,2.17568E+00 
#t = 3.612E+03
4.26513E+00,1.02375E+01,6.48378E+00,3.91377E+00,1.43361E+00,4.31445E+00 
#t = 3.654E+03
1.02375E+01,2.60313E+00,4.92905E+00 
#t = 3.696E+03
1.69025E+01,3.28710E+00,1.04414E+00 
#t = 3.738E+03
1.69025E+01,1.34636E+00,9.45784E+00,6.28013E+00,1.61240E+00 
#t = 3.780E+03
1.69025E+01,3.01194E+00,7.27382E+00,4.43184E+00 
#t = 3.822E+03
4.63363E+00,2.29981E+00,1.26806E+00 
#t = 3.864E+03
3.04228E+00,7.13133E+00 
#t = 3.906E+03
8.90467E+00,8.09330E+00,1.98457E+00,9.49888E+00,2.52672E+00,1.71005E+00 
#t = 3.948E+03
8.21243E+00,7.86329E+00,5.09311E+00,5.02017E+00 
#t = 3.990E+03
3.30722E+00 
#t = 4.032E+03
1.49443E+00,7.70058E+00 
#t = 4.074E+03
5.52030E+00,5.41684E+00 
#t = 4.116E+03
6.19616E+00 
#t = 4.158E+03
3.55956E+00,2.07126E+00,2.67298E+00,2.12772E+00,1.93567E+00 
#t = 4.200E+03
4.44129E+00,2.21111E+00 
