#t = 0.000E+00
2.48122E+00,2.83537E+00,8.10410E+00,2.23021E+00,2.85785E+00 
#t = 4.200E+01
5.43247E+00,5.12842E+00,5.66665E+00 
#t = 8.400E+01
5.32658E+00,3.21081E+00,4.19589E+00,4.12325E+00,4.49949E+00 
#t = 1.260E+02
9.61232E+00,5.66742E+00,1.81832E+00,4.88431E+00,3.67258E+00,3.25674E+00 
#t = 1.680E+02
5.65662E+00,5.48651E+00 
#t = 2.100E+02
3.03670E+00,5.20349E+00 
#t = 2.520E+02
8.29986E+00,5.12692E+00,3.49578E+00,1.53937E+00 
#t = 2.940E+02
5.95542E+00,7.39306E+00,2.14327E+00,4.00054E+00,2.52789E+00 
#t = 3.360E+02
2.22253E+00,3.42177E+00,3.26467E+00,5.98482E+00,1.19529E+00 
#t = 3.780E+02
9.13566E+00,2.73527E+00,5.68670E+00,6.63984E+00,4.78277E+00 
#t = 4.200E+02
3.04511E+00,8.26928E-01 
#t = 4.620E+02
1.74993E+00,4.53874E+00,2.12736E+00 
#t = 5.040E+02
2.23801E+00,2.08922E+00,3.63216E+00,2.84741E+00 
#t = 5.460E+02
2.14016E+00,5.49698E+00,5.27186E+00,3.35098E+00 
#t = 5.880E+02
6.36265E+00 
#t = 6.300E+02
4.68535E+00 
#t = 6.720E+02
4.98302E+00,1.67613E+00,1.49284E+00 
#t = 7.140E+02
4.22328E+00,1.57627E+00 
#t = 7.560E+02
6.32376E+00,4.46855E+00,5.12282E+00,5.07653E+00,8.90551E-01,3.55386E+00 
#t = 7.980E+02
1.39003E+00,3.52031E+00 
#t = 8.400E+02
6.10647E+00,6.08458E+00,9.08595E+00,3.91134E+00,1.65763E+00,5.37677E+00,4.39598E+00,1.75119E+00 
#t = 8.820E+02
2.61211E+00,6.59313E+00,2.92899E+00 
#t = 9.240E+02
7.64539E+00,9.43725E-01,1.91779E+00,2.45345E+00 
#t = 9.660E+02
2.92855E+00,3.18831E+00,1.41952E+00,3.49188E+00 
#t = 1.008E+03
2.47661E+00,4.12355E+00,2.02132E+00,2.58204E+00,3.66855E+00 
#t = 1.050E+03
7.06851E+00,9.19506E+00,7.71059E+00,3.36729E+00,4.97289E+00,1.52472E+00 
#t = 1.092E+03
6.88445E+00,1.63650E+01,8.56733E+00,4.61440E+00,1.63650E+01,1.59295E+00 
#t = 1.134E+03
9.82231E+00 
#t = 1.176E+03
2.14287E+00,2.77802E+00,1.57439E+00,1.44258E+00 
#t = 1.218E+03
3.53120E+00,4.71186E+00,4.02758E+00,5.29727E+00,3.67609E+00,2.55148E+00,2.09778E+00,1.24090E+00 
#t = 1.260E+03
6.95961E+00,3.90238E+00,6.97824E+00,2.23458E+00 
#t = 1.302E+03
6.26533E+00,2.65978E+00,6.77645E+00,2.78100E+00 
#t = 1.344E+03
2.11029E+00,4.46907E+00 
#t = 1.386E+03
5.88253E+00,4.35436E+00 
#t = 1.428E+03
2.87338E+00,3.82351E+00,1.12636E+00,3.58575E+00,4.71474E+00 
#t = 1.470E+03
3.57112E+00,3.86268E+00,3.52546E+00,2.13287E+00 
#t = 1.512E+03
4.36481E+00,6.07527E+00,1.06892E+01,1.06892E+01,1.65981E+00,5.49575E+00,2.10073E+00,1.93654E+00 
#t = 1.554E+03
8.59276E+00,7.77723E+00 
#t = 1.596E+03
6.14494E+00,5.46731E+00,1.95600E+00,2.16186E+00 
#t = 1.638E+03
7.11129E+00,6.97864E+00,2.18503E+00,1.17596E+00 
#t = 1.680E+03
1.29092E+01,3.75816E+00,7.11623E+00,1.53728E+00,4.11010E+00,9.25030E-01,8.68489E+00,1.66640E+00 
#t = 1.722E+03
7.11623E+00,1.48038E+00,6.03065E+00,4.90434E+00 
#t = 1.764E+03
2.30131E+00,1.56937E+00 
#t = 1.806E+03
9.10228E+00,1.50565E+01,9.09859E+00,1.23508E+00,1.50565E+01,1.50565E+01 
#t = 1.848E+03
9.10228E+00,4.68039E+00,3.26619E+00,2.90151E+00 
#t = 1.890E+03
3.85208E+00,1.83533E+00 
#t = 1.932E+03
5.68104E+00,1.20653E+00,5.25139E+00 
#t = 1.974E+03
2.05117E+00 
#t = 2.016E+03
4.11039E+00 
#t = 2.058E+03
1.55992E+00 
#t = 2.100E+03
3.40580E+00,5.14322E+00,1.14264E+01,3.62677E+00 
#t = 2.142E+03
7.29681E+00,2.26574E+00,2.57692E+00,1.40133E+00 
#t = 2.184E+03
6.84066E+00,2.62131E+00,4.64218E+00,3.06327E+00,3.44253E+00,3.32959E+00 
#t = 2.226E+03
3.00860E+00,7.16963E-01 
#t = 2.268E+03
6.41863E+00,3.88780E+00,2.07515E+00,2.31305E+00 
#t = 2.310E+03
4.50564E+00,1.59992E+00,3.35716E+00 
#t = 2.352E+03
2.92934E+00,5.85707E+00,6.00462E+00,1.41257E+00,5.08679E+00,3.26630E+00,8.86916E+00 
#t = 2.394E+03
7.56946E+00,5.36032E+00,3.20548E+00,1.56526E+00,1.55224E+00 
#t = 2.436E+03
8.28927E+00,8.89320E+00,2.06505E+00,3.92214E+00 
#t = 2.478E+03
6.01609E+00,5.06555E+00,2.89859E+00 
#t = 2.520E+03
8.55699E+00,7.67086E+00,4.03333E+00 
#t = 2.562E+03
4.75741E+00,2.69679E+00 
#t = 2.604E+03
9.34068E+00,5.01940E+00,2.27128E+00 
#t = 2.646E+03
8.94932E+00,6.80925E+00,8.05965E-01,2.10646E+00 
#t = 2.688E+03
9.90421E+00,4.40660E+00,9.25291E+00,6.43499E+00,2.06267E+00,3.35692E+00 
#t = 2.730E+03
9.23935E+00,1.00374E+01,3.32689E+00 
#t = 2.772E+03
1.00374E+01,8.70537E+00,1.40764E+00,7.10103E+00,4.18011E+00,4.20578E+00,6.93044E+00 
#t = 2.814E+03
4.46415E+00,1.95493E+00,5.62544E+00 
#t = 2.856E+03
3.73636E+00,2.71007E+00,8.29665E+00 
#t = 2.898E+03
1.49168E+01,5.65954E+00,4.49473E+00,1.98807E+00,5.37114E+00,2.08680E+00 
#t = 2.940E+03
4.99277E+00,2.69952E+00,1.54457E+00,6.48295E+00,1.32762E+00,3.61730E+00 
#t = 2.982E+03
7.18544E+00,4.27728E+00,1.61971E+00,1.44340E+00 
#t = 3.024E+03
8.31513E+00,7.64168E+00,2.71154E+00,1.10948E+00,1.46093E+00,1.46271E+00 
#t = 3.066E+03
4.16898E+00,1.60961E+00,1.54601E+00,2.93143E+00,5.39465E+00 
#t = 3.108E+03
3.74415E+00,2.51980E+00,3.02098E+00,2.62741E+00 
#t = 3.150E+03
9.58496E+00,8.73215E+00,2.09847E+00,4.03550E+00 
#t = 3.192E+03
1.17749E+01,1.17749E+01,5.31524E+00,4.25445E+00,3.50846E+00 
#t = 3.234E+03
1.17749E+01,1.17749E+01,1.17749E+01,1.17749E+01,1.17749E+01,1.17749E+01,2.28546E+00,2.35328E+00 
#t = 3.276E+03
1.17749E+01,4.73212E+00,1.78898E+00,2.50881E+00,8.94513E-01,4.05915E+00,2.75042E+00,2.22840E+00 
#t = 3.318E+03
1.17749E+01,1.17749E+01,1.17749E+01,1.17749E+01,5.65349E+00,7.38036E-01,8.11711E-01 
#t = 3.360E+03
1.17749E+01,1.17749E+01,1.17749E+01,1.17749E+01,1.17749E+01,3.88688E+00,1.17749E+01,1.17749E+01,1.17749E+01,1.41813E+01,1.17749E+01,1.17749E+01,1.17749E+01,3.46543E+00,2.36534E+00,1.17749E+01 
#t = 3.402E+03
1.17749E+01,1.17749E+01,1.17749E+01,1.17749E+01,1.17749E+01,1.17749E+01,1.17749E+01,1.17749E+01,1.17749E+01,3.66206E+00,2.08432E+00 
#t = 3.444E+03
1.17749E+01,1.17749E+01,1.17749E+01,1.17749E+01,1.17749E+01,2.83016E+00,5.26755E+00,4.61807E+00,2.31713E+00,3.23423E+00,5.67753E+00 
#t = 3.486E+03
7.86789E+00,1.16717E+00,3.02927E+00 
#t = 3.528E+03
7.86789E+00,4.13503E+00,2.78892E+00 
#t = 3.570E+03
5.48714E+00,5.32201E+00,3.48398E+00 
#t = 3.612E+03
9.10749E+00,8.98466E+00,1.85988E+00 
#t = 3.654E+03
4.12694E+00,4.83823E+00,3.76608E+00,3.44006E+00,8.22885E+00,2.30985E+00 
#t = 3.696E+03
3.55742E+00 
#t = 3.738E+03
2.72279E+00,5.10703E+00 
#t = 3.780E+03
5.25678E+00,3.93072E+00 
#t = 3.822E+03
1.75158E+00,2.77367E+00,4.40619E+00 
#t = 3.864E+03
4.12713E+00,2.40800E+00,2.51824E+00 
#t = 3.906E+03
6.57559E+00,2.05527E+00,3.32825E+00,2.26261E+00 
#t = 3.948E+03
2.73479E+00,1.39978E+00 
#t = 3.990E+03
2.69365E+00,8.29463E+00,1.49863E+00,3.33436E+00 
#t = 4.032E+03
8.29463E+00,9.51434E+00,9.12942E+00,4.43233E+00,2.92020E+00,3.49310E+00 
#t = 4.074E+03
2.26419E+00,6.25878E+00,7.02969E+00,7.55558E+00,1.74150E+00,1.71642E+00 
#t = 4.116E+03
6.05184E+00,1.98599E+00,1.91332E+00,3.10409E+00,3.99735E+00 
#t = 4.158E+03
3.27329E+00,4.15016E+00 
#t = 4.200E+03
1.43649E+00,2.56696E+00,1.65361E+00,3.57226E+00,1.12505E+01 
