#t = 0.000E+00
2.60507E+00,2.48166E+00,2.81688E+00,2.34986E+00,7.36882E+00 
#t = 4.200E+01
2.06299E+00,3.05615E+00,5.68255E+00 
#t = 8.400E+01
1.02961E+00,2.24086E+00,4.93176E+00,4.05421E+00 
#t = 1.260E+02
2.76936E+00,6.59435E+00,5.94097E+00 
#t = 1.680E+02
2.88222E+00,4.20477E+00 
#t = 2.100E+02
6.50452E+00,1.43727E+00,5.10518E+00 
#t = 2.520E+02
3.34074E+00,1.91904E+00 
#t = 2.940E+02
8.86482E+00,1.22100E+01,3.89196E+00,3.18085E+00 
#t = 3.360E+02
1.22100E+01,1.22100E+01,2.19591E+00,3.09899E+00 
#t = 3.780E+02
3.22730E+00,9.26425E+00,3.01786E+00,2.37952E+00 
#t = 4.200E+02
3.70072E+00,5.56016E+00,9.63973E+00 
#t = 4.620E+02
1.92914E+00 
#t = 5.040E+02
1.98049E+00,5.96121E+00,3.36015E+00,6.32463E+00 
#t = 5.460E+02
2.32177E+00,2.01430E+00,3.75014E+00,9.87098E-01 
#t = 5.880E+02
8.24034E+00,1.34332E+00,2.59707E+00 
#t = 6.300E+02
-9.99900E+03
#t = 6.720E+02
2.31297E+00 
#t = 7.140E+02
2.45164E+00,3.07450E+00 
#t = 7.560E+02
4.30379E+00 
#t = 7.980E+02
2.26834E+00,2.47447E+00 
#t = 8.400E+02
8.57305E+00,4.91084E+00,2.44870E+00,4.44149E+00 
#t = 8.820E+02
1.76343E+00,2.85590E+00,4.66481E+00,1.49974E+00,2.82638E+00 
#t = 9.240E+02
5.57385E+00,8.08411E+00 
#t = 9.660E+02
4.64364E+00,1.80168E+00 
#t = 1.008E+03
2.63795E+00,2.29715E+00 
#t = 1.050E+03
2.71476E+00,6.17476E+00,5.04734E+00,8.91165E+00,2.06687E+00 
#t = 1.092E+03
2.77448E+00,7.38585E+00,2.98797E+00 
#t = 1.134E+03
5.52840E+00,1.61494E+00,9.51937E+00,2.11496E+00,3.60468E+00,5.17156E+00 
#t = 1.176E+03
1.87005E+00,3.79092E+00,3.52628E+00 
#t = 1.218E+03
3.26872E+00 
#t = 1.260E+03
6.58140E+00,5.59779E+00,6.46798E+00,2.93832E+00,7.61653E-01,3.68787E+00 
#t = 1.302E+03
3.86252E+00,1.60791E+00,2.39426E+00,2.17913E+00 
#t = 1.344E+03
6.96479E+00,9.63305E+00,8.26901E+00,3.51039E+00,3.18198E+00,3.30792E+00 
#t = 1.386E+03
2.38827E+00,2.87624E+00,1.26710E+00 
#t = 1.428E+03
1.72527E+01,1.72527E+01,1.72527E+01,1.72527E+01,1.72527E+01,1.72527E+01,6.54629E+00,1.72527E+01,2.13543E+00 
#t = 1.470E+03
1.72527E+01,1.72527E+01,1.72527E+01,1.02467E+01,1.72527E+01,1.72527E+01,2.68558E+00 
#t = 1.512E+03
8.25832E+00,2.47532E+00,2.82010E+00,1.02467E+01,2.61759E+00,1.61902E+00 
#t = 1.554E+03
1.02467E+01,1.03180E+01,3.95652E+00,5.52543E+00,8.73942E+00,4.48430E+00,2.27825E+00 
#t = 1.596E+03
1.02467E+01,4.74629E+00 
#t = 1.638E+03
6.41979E+00,5.41164E+00,3.26558E+00,1.09797E+00,1.03578E+00,2.76028E+00 
#t = 1.680E+03
5.46189E+00,1.25461E+01,1.25461E+01,7.34340E+00,3.33475E+00,2.76659E+00 
#t = 1.722E+03
1.06444E+01,1.25461E+01,1.35230E+00,1.25461E+01,1.78786E+00 
#t = 1.764E+03
1.25461E+01,1.25461E+01,1.25461E+01,6.78911E+00,5.95660E+00,5.13731E+00 
#t = 1.806E+03
1.25461E+01,1.25461E+01,1.30702E+00 
#t = 1.848E+03
1.25461E+01,1.25461E+01,1.25461E+01,1.25461E+01,1.25461E+01,1.25461E+01,1.25461E+01,1.25461E+01,1.25461E+01,2.13897E+00,1.25461E+01,1.51406E+00,1.74190E+00,3.92491E+00,1.66348E+00 
#t = 1.890E+03
1.25461E+01,1.25461E+01,1.25461E+01,1.25461E+01,1.25461E+01,1.25461E+01,1.25461E+01,1.25461E+01,1.25461E+01,1.25461E+01,9.17108E+00,9.40847E+00 
#t = 1.932E+03
1.25461E+01,1.25461E+01,5.30142E+00,8.25848E+00,1.25461E+01,1.25461E+01,1.25461E+01,1.25461E+01,1.25461E+01,1.25461E+01,1.49134E+01,1.49134E+01,1.25461E+01 
#t = 1.974E+03
1.25461E+01,1.25461E+01,1.25461E+01,6.39056E+00,4.74068E+00,1.25461E+01,1.25461E+01,1.25461E+01,1.25461E+01 
#t = 2.016E+03
2.94768E+00 
#t = 2.058E+03
9.99352E+00 
#t = 2.100E+03
2.52215E+00,1.93064E+00,4.35272E+00 
#t = 2.142E+03
3.49252E+00,5.57358E+00,4.64184E+00,4.17117E+00,3.52371E+00,8.84924E+00 
#t = 2.184E+03
1.04093E+00,4.71109E+00,4.06230E+00,9.18800E-01 
#t = 2.226E+03
4.67567E+00,2.56212E+00,2.01804E+00,7.24035E-01,2.53898E+00 
#t = 2.268E+03
5.09683E+00,3.96048E+00,3.05577E+00,9.60619E+00 
#t = 2.310E+03
8.21237E+00,2.30969E+00,4.24092E+00,2.31419E+00,4.69340E+00,2.98715E+00 
#t = 2.352E+03
5.69546E+00,7.30799E+00 
#t = 2.394E+03
1.00557E+01 
#t = 2.436E+03
1.00557E+01,6.29399E+00,5.47474E+00,4.61781E+00,2.98112E+00,1.87890E+00,2.25827E+00,1.29549E+00 
#t = 2.478E+03
9.99237E+00 
#t = 2.520E+03
3.13874E+00,4.26803E+00,2.34348E+00,4.18063E+00 
#t = 2.562E+03
3.22418E+00,4.61274E+00,1.51685E+00 
#t = 2.604E+03
2.63164E+00,4.48661E+00,5.99941E+00,2.96941E+00 
#t = 2.646E+03
6.48298E+00 
#t = 2.688E+03
6.48298E+00,7.23004E+00,1.64677E+00 
#t = 2.730E+03
-9.99900E+03
#t = 2.772E+03
2.23282E+00,3.19282E+00 
#t = 2.814E+03
-9.99900E+03
#t = 2.856E+03
8.21097E+00,6.26222E+00,1.36059E+01,2.76045E+00,2.74748E+00 
#t = 2.898E+03
7.88262E+00,5.36256E+00,3.52113E+00,9.33795E+00,2.13719E+00,2.78784E+00 
#t = 2.940E+03
1.79910E+00,1.87029E+00 
#t = 2.982E+03
2.42760E+00,8.71046E-01,3.71301E+00,3.85367E+00,1.91782E+00,1.21023E+00 
#t = 3.024E+03
6.05554E+00,4.70868E+00,2.19720E+00,4.30525E+00 
#t = 3.066E+03
-9.99900E+03
#t = 3.108E+03
8.42243E+00,3.38923E+00,5.14457E+00 
#t = 3.150E+03
5.29575E+00,6.68532E+00,9.49081E+00,2.14550E+00,1.60365E+00 
#t = 3.192E+03
1.53091E+01,3.59868E+00,2.42182E+00,1.53091E+01,3.68556E+00,3.23568E+00 
#t = 3.234E+03
1.53091E+01,1.53091E+01,1.53091E+01,1.53091E+01,5.97753E+00,2.86363E+00,2.81626E+00,1.53091E+01 
#t = 3.276E+03
1.53091E+01,1.53091E+01,7.19436E+00,1.79938E+00,1.53091E+01,1.53091E+01,1.53091E+01,7.22069E+00,1.53091E+01,1.53091E+01,1.31487E+00,1.53091E+01,1.53091E+01 
#t = 3.318E+03
1.53091E+01,1.53091E+01,1.53091E+01,1.53091E+01,1.53091E+01,1.53091E+01,1.53091E+01,1.53091E+01,1.53091E+01,1.53091E+01,4.65744E+00 
#t = 3.360E+03
1.53091E+01,1.53091E+01,1.53091E+01,1.53091E+01,1.53091E+01,6.72833E+00,1.53091E+01,7.67393E+00,1.53091E+01,1.45638E+00,1.53091E+01,1.53091E+01 
#t = 3.402E+03
1.53091E+01,1.53091E+01,1.53091E+01,2.08957E+00,1.53091E+01,2.08441E+00,7.67803E+00,2.98565E+00 
#t = 3.444E+03
1.53091E+01,9.39960E+00,1.53091E+01 
#t = 3.486E+03
6.91567E+00,1.62883E+00,4.13637E+00,2.29889E+00,2.98213E+00 
#t = 3.528E+03
2.27941E+00,9.22269E-01,4.68728E+00 
#t = 3.570E+03
1.03256E+00,4.25578E+00 
#t = 3.612E+03
2.47257E+00,8.15748E+00,1.58918E+00 
#t = 3.654E+03
9.01050E+00,1.97860E+00 
#t = 3.696E+03
5.69187E+00,8.15043E+00,4.71234E+00,1.05159E+00 
#t = 3.738E+03
8.15043E+00,2.11874E+00,3.98429E+00 
#t = 3.780E+03
3.00432E+00,4.83211E+00,2.36736E+00,2.63479E+00,3.38599E+00,3.88154E+00,4.26499E+00 
#t = 3.822E+03
1.63304E+01,5.72857E+00,4.75578E+00,3.29523E+00,2.75536E+00,3.02579E+00,3.24843E+00,3.36199E+00 
#t = 3.864E+03
1.63304E+01,1.63304E+01,1.63304E+01,1.63304E+01,1.63304E+01,3.20422E+00,2.60990E+00,3.15813E+00,3.72830E+00,5.40083E+00 
#t = 3.906E+03
1.63304E+01,2.93699E+00,1.44515E+01,3.78099E+00,2.20708E+00 
#t = 3.948E+03
1.44515E+01,8.52793E+00,1.44515E+01,1.15059E+00,1.91995E+00,2.64578E+00,4.28218E+00 
#t = 3.990E+03
6.24074E+00,7.91390E+00,4.67433E+00 
#t = 4.032E+03
9.01103E+00,3.96727E+00,3.31875E+00,3.15650E+00 
#t = 4.074E+03
2.12156E+00,1.39676E+00,4.39379E+00 
#t = 4.116E+03
9.45151E+00 
#t = 4.158E+03
3.29221E+00,7.65893E-01,2.88574E+00,2.10100E+00,6.28634E+00,1.97009E+00 
#t = 4.200E+03
5.77581E+00,1.08822E+00,2.02346E+00,5.31848E+00 
