#t = 0.000E+00
2.40666E+00,2.54685E+00,1.60390E+00,9.22696E+00,4.93225E+00 
#t = 4.200E+01
9.22696E+00,3.49003E+00,3.35786E+00 
#t = 8.400E+01
9.22696E+00,3.81311E+00,2.17250E+00,2.15202E+00,1.16845E+00,4.95750E+00,2.30943E+00 
#t = 1.260E+02
4.30945E+00,1.41099E+00,4.25119E+00 
#t = 1.680E+02
7.26888E+00,5.30239E+00,1.90066E+00,3.81882E+00,4.57895E+00 
#t = 2.100E+02
1.39572E+00,2.82178E+00,7.49645E+00 
#t = 2.520E+02
4.35561E+00,7.24414E+00 
#t = 2.940E+02
3.74431E+00,8.08129E+00,7.66965E+00 
#t = 3.360E+02
6.66225E+00,1.87975E+00,2.85104E+00 
#t = 3.780E+02
6.63478E+00,2.29098E+00,5.87797E-01,3.34283E+00,6.48566E+00 
#t = 4.200E+02
7.04339E+00,4.84098E+00,3.48002E+00 
#t = 4.620E+02
8.17975E+00,5.11889E+00,1.77138E+00,3.00583E+00,2.79723E+00,2.76254E+00 
#t = 5.040E+02
7.14899E+00 
#t = 5.460E+02
6.90670E+00,4.17473E+00,1.89247E+00 
#t = 5.880E+02
1.32386E+01,4.47285E+00,2.54695E+00,2.41690E+00,2.51243E+00,3.94196E+00 
#t = 6.300E+02
1.05102E+01,7.90990E-01,1.36581E+00 
#t = 6.720E+02
1.05102E+01,1.14459E+00,3.06473E+00,4.41867E+00,4.15149E+00,1.90774E+00,3.32710E+00,2.99545E+00 
#t = 7.140E+02
1.11598E+01,5.08211E+00,3.07138E+00 
#t = 7.560E+02
1.09351E+01,1.09351E+01,7.94921E+00,1.33370E+00,2.11346E+00 
#t = 7.980E+02
1.09351E+01,4.19313E+00,1.29286E+00,4.82189E+00 
#t = 8.400E+02
1.70035E+00 
#t = 8.820E+02
-9.99900E+03
#t = 9.240E+02
4.53233E+00,4.89542E+00 
#t = 9.660E+02
9.29137E+00,2.47266E+00 
#t = 1.008E+03
8.42241E+00,8.10466E+00,2.54003E+00 
#t = 1.050E+03
4.21165E+00,1.91450E+00,2.94141E+00 
#t = 1.092E+03
4.08471E+00,5.18290E+00,2.48675E+00,9.87200E-01,3.36018E+00,1.10063E+00 
#t = 1.134E+03
7.00092E+00,4.97472E+00,1.47229E+00,5.52234E+00,1.98977E+00 
#t = 1.176E+03
2.54378E+00,1.71174E+00,1.77299E+00 
#t = 1.218E+03
2.04798E+00,1.65891E+01,1.80738E+00,1.06297E+00 
#t = 1.260E+03
4.11991E+00 
#t = 1.302E+03
4.63042E+00,1.00174E+00,1.21070E+00,1.71715E+00 
#t = 1.344E+03
8.34600E+00,3.83735E+00,2.77860E+00,3.29077E+00 
#t = 1.386E+03
1.42489E+00 
#t = 1.428E+03
8.66152E+00,5.70742E+00 
#t = 1.470E+03
4.35613E+00,4.42331E+00,2.36498E+00 
#t = 1.512E+03
1.32099E+01,3.81369E+00,1.32099E+01 
#t = 1.554E+03
1.85418E+00,3.49733E+00,1.01487E+01,4.47130E+00,1.56699E+00,3.85300E+00 
#t = 1.596E+03
1.01487E+01,9.19209E+00,5.39362E+00,2.56192E+00,1.66509E+00,1.91918E+00 
#t = 1.638E+03
9.19209E+00 
#t = 1.680E+03
7.25394E+00 
#t = 1.722E+03
1.09683E+01,4.73832E+00 
#t = 1.764E+03
4.56131E+00,4.69489E+00,1.71249E+00,1.33833E+01 
#t = 1.806E+03
1.13294E+01,3.82894E+00,1.48497E+00,1.63483E+00,2.19069E+00,1.56743E+00,1.70720E+00,2.53508E+00 
#t = 1.848E+03
1.54624E+00 
#t = 1.890E+03
3.73858E+00,3.92041E+00 
#t = 1.932E+03
7.24356E+00,5.98086E+00,1.25877E+00,3.60654E+00,2.65098E+00,3.23060E+00,4.37023E+00 
#t = 1.974E+03
3.66224E+00,2.29291E+00 
#t = 2.016E+03
9.14313E+00,2.12470E+00 
#t = 2.058E+03
1.04975E+01,1.81048E+00,5.04204E+00 
#t = 2.100E+03
8.84254E+00,9.60102E-01,3.22370E+00 
#t = 2.142E+03
4.76711E+00,2.73496E+00,1.98631E+00 
#t = 2.184E+03
3.37743E+00 
#t = 2.226E+03
2.25481E+00 
#t = 2.268E+03
4.27564E+00,1.01732E+00,2.09044E+00,3.10050E+00,2.45698E+00,3.94081E+00,2.11721E+00 
#t = 2.310E+03
2.22395E+00,8.92145E+00,1.57149E+00 
#t = 2.352E+03
-9.99900E+03
#t = 2.394E+03
8.74874E+00,2.61063E+00,3.39755E+00,1.52862E+00,2.81032E+00 
#t = 2.436E+03
3.57027E+00 
#t = 2.478E+03
5.64255E+00,5.44353E+00,1.00481E+00,4.59206E+00,3.31922E+00,4.07040E+00 
#t = 2.520E+03
1.22873E+01,1.22873E+01,1.22873E+01,1.22873E+01,1.22873E+01,1.22873E+01,1.22873E+01,1.22873E+01,3.44624E+00,1.22873E+01,1.22873E+01,1.22873E+01,3.29932E+00,5.44624E+00,1.22873E+01,1.22873E+01 
#t = 2.562E+03
1.22873E+01,1.22873E+01,1.22873E+01,1.22873E+01,1.22873E+01,1.22873E+01,1.22873E+01,1.22873E+01,1.22873E+01,1.22873E+01,1.22873E+01,1.22873E+01,1.22873E+01,1.22873E+01,1.22873E+01,1.22873E+01,1.22873E+01,1.22873E+01,1.22873E+01,1.22873E+01,3.80142E+00,1.22873E+01,1.22873E+01,1.22873E+01,1.22873E+01,1.22873E+01,1.22873E+01,1.22873E+01,1.22873E+01,1.22873E+01,1.22873E+01,2.69188E+01,1.22873E+01,1.22873E+01,1.22873E+01,1.22873E+01,2.71903E+00,1.22873E+01,1.22873E+01 
#t = 2.604E+03
1.22873E+01,1.22873E+01,1.22873E+01,1.22873E+01,1.22873E+01,1.22873E+01,1.22873E+01,1.22873E+01,1.22873E+01,1.22873E+01,1.22873E+01,1.22873E+01,1.22873E+01,1.22873E+01,1.22873E+01,1.22873E+01,1.22873E+01,1.22873E+01,1.22873E+01,1.22873E+01,1.22873E+01,1.22873E+01,1.22873E+01,1.22873E+01,1.22873E+01,2.93891E+00,1.22873E+01,1.22873E+01,1.22873E+01,1.22873E+01,1.22873E+01,1.22873E+01,1.22873E+01,1.22873E+01,1.22873E+01,1.22873E+01,1.22873E+01,4.60301E+00,1.22873E+01,1.99218E+00,1.22873E+01 
#t = 2.646E+03
1.22873E+01,1.22873E+01,1.22873E+01,1.22873E+01,1.22873E+01,1.22873E+01,1.22873E+01,1.22873E+01,1.22873E+01,1.22873E+01,1.22873E+01,1.22873E+01,1.22873E+01,1.22873E+01,1.22873E+01,1.22873E+01,1.22873E+01,1.22873E+01,1.22873E+01,1.22873E+01,1.22873E+01,1.22873E+01,1.22873E+01,1.22873E+01,1.22873E+01,1.22873E+01,1.22873E+01,1.22873E+01,1.22873E+01,1.22873E+01,1.22873E+01,1.22873E+01,1.22873E+01,1.22873E+01,1.22873E+01 
#t = 2.688E+03
1.22873E+01,1.22873E+01,1.22873E+01,1.22873E+01,1.22873E+01,1.22873E+01,1.22873E+01,6.76195E+00,1.22873E+01,1.22873E+01,1.22873E+01,1.22873E+01,1.79126E+00,1.22873E+01,3.77242E+00,1.22873E+01,1.22873E+01,1.22873E+01 
#t = 2.730E+03
1.22873E+01,1.22873E+01,1.22873E+01,1.22873E+01,1.22873E+01,1.22873E+01,1.22873E+01,1.22873E+01,1.22873E+01,1.22873E+01,1.22873E+01,1.22873E+01,1.22873E+01,1.22873E+01,8.38600E-01 
#t = 2.772E+03
1.22873E+01,1.22873E+01,1.22873E+01,1.22873E+01,1.22873E+01,1.22873E+01,3.11900E+00,1.22873E+01,1.22873E+01,5.15961E+00,2.46143E+00 
#t = 2.814E+03
1.22873E+01,1.22873E+01,1.22873E+01,1.22873E+01,1.22873E+01,1.22873E+01,1.22873E+01,1.22873E+01,1.22873E+01,1.22873E+01,5.29660E+00,1.22873E+01,5.50289E+00,6.27675E+00 
#t = 2.856E+03
1.22873E+01,1.22873E+01,1.22873E+01,1.22873E+01,1.22873E+01,1.22873E+01,1.22873E+01,1.22873E+01,1.22873E+01,1.22873E+01,1.22873E+01,1.22873E+01,1.22873E+01,4.65839E+00,1.39008E+01,2.74698E+00,1.22873E+01,1.22873E+01 
#t = 2.898E+03
1.22873E+01,1.39008E+01,1.22873E+01,1.39008E+01,1.22873E+01,1.22873E+01,1.22873E+01,1.22873E+01,3.63239E+00,5.92047E+00,1.22873E+01,1.22873E+01,1.22873E+01,4.71591E+00,1.22873E+01,1.39008E+01,1.39008E+01,1.22873E+01,1.22873E+01,1.22873E+01,1.22873E+01 
#t = 2.940E+03
1.22873E+01,1.22873E+01,1.22873E+01,1.22873E+01,1.22873E+01,1.22873E+01,1.22873E+01,1.22873E+01,1.39008E+01,1.22873E+01,1.22873E+01,1.22873E+01,1.22873E+01,1.22873E+01,1.39008E+01,1.22873E+01,1.39008E+01,1.22873E+01,1.22873E+01,7.24804E+00,1.22873E+01,1.22873E+01,1.22873E+01,4.27757E+00,1.22873E+01,4.51607E+00 
#t = 2.982E+03
1.22873E+01,1.22873E+01,1.22873E+01,1.22873E+01,1.22873E+01,1.22873E+01,1.22873E+01,1.22873E+01,1.22873E+01,1.22873E+01,1.22873E+01,1.22873E+01,1.22873E+01,1.22873E+01,1.22873E+01,1.22873E+01,4.28206E+00,1.46048E+00,1.22873E+01 
#t = 3.024E+03
1.22873E+01,1.22873E+01,1.22873E+01,1.22873E+01,1.22873E+01,1.22873E+01,1.22873E+01,1.22873E+01,6.83808E+00,1.22873E+01,1.22873E+01,1.22873E+01,1.22873E+01,1.22873E+01,1.38425E+00,1.79805E+00,4.35372E+00,1.46695E+00,7.59884E+00 
#t = 3.066E+03
1.22873E+01,1.14057E+01,1.22873E+01,1.22873E+01,1.22873E+01,1.22873E+01,1.22873E+01,1.22873E+01,1.14057E+01,1.22873E+01,1.22873E+01,1.22873E+01,1.22873E+01,1.14057E+01,1.22873E+01,1.22873E+01,1.22873E+01,1.22873E+01,6.62370E+00,1.22873E+01,1.22873E+01,1.22873E+01,3.47662E+00,1.22873E+01,1.22873E+01,5.51709E+00 
#t = 3.108E+03
1.22873E+01,1.22873E+01,1.22873E+01,8.18754E+00,1.22873E+01,1.22873E+01,1.22873E+01,1.22873E+01,1.22873E+01,1.08954E+01,1.22873E+01,1.22873E+01,1.22873E+01,1.14057E+01,3.05203E+00,1.22873E+01,1.22873E+01,1.22873E+01,1.22873E+01,1.22873E+01,1.22873E+01,5.17941E+00,1.22873E+01,1.14057E+01,1.14057E+01,1.22873E+01,4.73450E+00,1.71311E+00,1.22873E+01,1.22873E+01,2.20180E+00,3.69520E+00,1.22873E+01 
#t = 3.150E+03
1.22873E+01,1.22873E+01,1.22873E+01,1.22873E+01,1.22873E+01,1.22873E+01,1.22873E+01,1.22873E+01,1.22873E+01,1.22873E+01,1.22873E+01,1.22873E+01,1.22873E+01,1.22873E+01,1.22873E+01,1.22873E+01,1.22873E+01,4.29560E+00,1.22873E+01,1.22873E+01,1.22873E+01,1.22873E+01,1.39032E+00 
#t = 3.192E+03
1.22873E+01,1.22873E+01,1.22873E+01,1.22873E+01,1.22873E+01,1.22873E+01,1.22873E+01,1.22873E+01,1.22873E+01,1.22873E+01,1.22873E+01,1.22873E+01,5.38223E+00,3.48609E+00,1.22873E+01,1.22873E+01,3.07181E+00 
#t = 3.234E+03
1.22873E+01,1.22873E+01,1.22873E+01,1.22873E+01,1.22873E+01,1.22873E+01,1.22873E+01,1.22873E+01,1.22873E+01,1.22873E+01,1.22873E+01,1.22873E+01,1.22873E+01,3.45487E+00,1.22873E+01,3.55411E+00,1.22873E+01,1.22873E+01,1.22873E+01,6.22741E-01,7.75207E+00,1.66291E+00 
#t = 3.276E+03
1.22873E+01,1.22873E+01,1.22873E+01,1.22873E+01,1.22873E+01,1.22873E+01,3.38086E+00,1.22873E+01,2.33263E+00 
#t = 3.318E+03
1.22873E+01,1.22873E+01,1.22873E+01,1.22873E+01,1.22873E+01,1.22873E+01,1.22873E+01,1.22873E+01,1.22873E+01,1.22873E+01,1.22873E+01,1.22873E+01,1.22873E+01,1.22873E+01,1.22873E+01,1.22873E+01,1.22873E+01,4.67607E+00,1.22873E+01,3.37545E+00 
#t = 3.360E+03
1.22873E+01,1.22873E+01,1.22873E+01,1.22873E+01,1.22873E+01,1.22873E+01,1.22873E+01,1.22873E+01,1.22873E+01,1.22873E+01,1.22873E+01,1.22873E+01,1.22873E+01,1.22873E+01,1.22873E+01,1.22873E+01,1.22873E+01,1.22873E+01,1.22873E+01,1.22873E+01,1.22873E+01,1.22873E+01,1.22873E+01,1.22873E+01,4.29245E+00,1.22873E+01,1.22873E+01,1.44377E+00,3.95409E+00,3.98210E+00,1.22873E+01,1.22873E+01,1.60836E+00 
#t = 3.402E+03
1.22873E+01,1.22873E+01,1.22873E+01,1.22873E+01,1.22873E+01,1.22873E+01,1.22873E+01,1.22873E+01,1.22873E+01,1.22873E+01,1.22873E+01,1.22873E+01,1.22873E+01,1.22873E+01,1.22873E+01,5.67330E+00,1.22873E+01,1.22873E+01 
#t = 3.444E+03
1.22873E+01,1.22873E+01,1.22873E+01,1.22873E+01,1.22873E+01,1.22873E+01,1.06274E+01,1.22873E+01,1.22873E+01,1.22873E+01,9.47240E+00,5.26053E+00,1.22873E+01,1.22873E+01 
#t = 3.486E+03
1.22873E+01,9.47240E+00,1.22873E+01,1.22873E+01,1.22873E+01,1.22873E+01,1.22873E+01,1.22873E+01,1.22873E+01,1.22873E+01,1.07426E+01,1.22873E+01,1.22873E+01,1.22873E+01,1.22873E+01,1.22873E+01,1.22873E+01,1.22873E+01,1.22873E+01,3.34811E+00,1.22873E+01 
#t = 3.528E+03
1.22873E+01,1.22873E+01,8.31603E+00,1.22873E+01,1.22873E+01,4.04819E+00,1.22873E+01,4.78366E+00,2.52160E+00 
#t = 3.570E+03
1.22873E+01,1.22873E+01,1.24421E+00 
#t = 3.612E+03
1.22873E+01,1.22873E+01,1.22873E+01,5.45572E+00,1.22873E+01,3.05257E+00,4.87915E+00 
#t = 3.654E+03
1.22873E+01,1.22873E+01,5.87029E+00,1.77752E+00 
#t = 3.696E+03
1.22873E+01,1.22873E+01,1.22873E+01,1.22873E+01 
#t = 3.738E+03
1.22873E+01,8.37120E+00,6.03607E+00,3.60170E+00,3.94050E+00,1.46445E+00 
#t = 3.780E+03
2.85633E+00,2.18151E+00 
#t = 3.822E+03
8.31959E+00,3.95930E+00,2.40266E+00 
#t = 3.864E+03
8.31959E+00,7.57877E+00,2.58317E+00,3.49210E+00,8.60458E-01 
#t = 3.906E+03
6.40625E+00,1.34133E+00,3.62396E+00 
#t = 3.948E+03
1.06486E+01,3.61831E+00,5.68759E+00,2.06796E+00,2.19968E+00,4.50892E+00 
#t = 3.990E+03
5.23977E+00 
#t = 4.032E+03
8.67121E+00,1.79994E+00 
#t = 4.074E+03
4.21090E+00,2.75530E+00 
#t = 4.116E+03
6.31789E+00,3.26671E+00,1.43490E+00,2.56992E+00,8.85717E-01 
#t = 4.158E+03
1.03102E+01,7.02619E+00,1.44670E+00,2.05097E+00,3.91707E+00 
#t = 4.200E+03
1.03102E+01,2.87444E+00,2.10785E+00 
