#t = 0.000E+00
4.69661E+00,5.64948E+00,2.54486E+00,4.10132E+00,1.30930E+00 
#t = 4.200E+01
8.91395E+00,7.76860E+00,6.34156E+00,4.26663E+00,3.29677E+00,4.84373E+00 
#t = 8.400E+01
8.91395E+00,1.20427E+01,3.97239E+00,2.84845E+00 
#t = 1.260E+02
1.97364E+00,3.33220E+00,2.20308E+00 
#t = 1.680E+02
8.18914E+00,3.86278E+00,1.60311E+01 
#t = 2.100E+02
1.84200E+00,5.65192E+00,2.86225E+00,4.65076E+00 
#t = 2.520E+02
9.70448E+00,2.48340E+00,2.51655E+00,9.82265E-01,2.63143E+00 
#t = 2.940E+02
9.70448E+00,3.91132E+00,1.58049E+00,9.64051E+00 
#t = 3.360E+02
2.28277E+00,3.53534E+00,3.43865E+00,3.13741E+00 
#t = 3.780E+02
5.76532E+00,3.45618E+00,4.32480E+00,7.08069E+00,3.46916E+00 
#t = 4.200E+02
9.25852E+00,2.68745E+00,5.73459E+00,2.82545E+00 
#t = 4.620E+02
3.80032E+00,5.24448E+00,2.11933E+00,3.25956E+00 
#t = 5.040E+02
1.70880E+00,2.13804E+00 
#t = 5.460E+02
5.44990E+00,3.33473E+00,2.09413E+00,5.45766E+00,3.95539E+00,4.26840E+00 
#t = 5.880E+02
1.21758E+01,2.55189E+00,2.34350E+00,5.91899E+00,1.76814E+00,2.47976E+00 
#t = 6.300E+02
9.19376E+00,7.14062E+00,1.53049E+00,5.31213E+00 
#t = 6.720E+02
-9.99900E+03
#t = 7.140E+02
8.76683E+00 
#t = 7.560E+02
5.21706E+00 
#t = 7.980E+02
1.47776E+01,7.53076E-01,8.44783E-01 
#t = 8.400E+02
1.47776E+01,1.47776E+01,1.47776E+01,6.26132E+00,1.47776E+01,1.99045E+00,1.47776E+01,1.83279E+00,1.47776E+01,3.07029E+00 
#t = 8.820E+02
9.09180E+00,1.41546E+01,4.24581E+00,1.76649E+00 
#t = 9.240E+02
1.41546E+01,4.39002E+00,3.89405E+00 
#t = 9.660E+02
4.80832E+00,4.15477E+00,6.70378E+00,2.41280E+00 
#t = 1.008E+03
1.29351E+01,3.65404E+00,2.75426E+00,3.85394E+00 
#t = 1.050E+03
1.29351E+01,1.29351E+01,1.22751E+01,4.31845E+00,1.29351E+01,1.29351E+01 
#t = 1.092E+03
1.29351E+01,1.41063E+00,1.29351E+01,3.74637E+00,3.42542E+00,2.64973E+00,1.56607E+00 
#t = 1.134E+03
1.29351E+01,7.33479E+00,1.29351E+01,1.29351E+01,3.04530E+00 
#t = 1.176E+03
1.29351E+01,1.29351E+01,1.29351E+01,1.29351E+01,1.29351E+01,1.29351E+01,1.29351E+01,1.29351E+01,1.42268E+00,7.87516E+00,1.29351E+01,1.39620E+00,5.83299E+00 
#t = 1.218E+03
1.29351E+01,1.29351E+01,1.29351E+01,1.29351E+01,1.94627E+00 
#t = 1.260E+03
1.29351E+01,6.95918E+00,4.41179E+00 
#t = 1.302E+03
6.23107E+00,1.33689E+01,1.33689E+01,1.84495E+00 
#t = 1.344E+03
1.33689E+01,1.33689E+01,1.33689E+01,1.33689E+01,1.33689E+01,2.84678E+00,2.85107E+00 
#t = 1.386E+03
1.33689E+01,1.74791E+00,1.33689E+01,6.97295E+00,1.33689E+01,1.33689E+01,2.19102E+00,2.67146E+00,2.05871E+00 
#t = 1.428E+03
5.92085E+00,1.80002E+00 
#t = 1.470E+03
1.99439E+00,3.10833E+00,2.80355E+00,2.28264E+00,2.69967E+00 
#t = 1.512E+03
7.81127E+00,2.40402E+00,2.95013E+00,1.20959E+00 
#t = 1.554E+03
6.51134E+00,1.57706E+01,4.38751E+00 
#t = 1.596E+03
3.13143E+00,3.78506E+00 
#t = 1.638E+03
-9.99900E+03
#t = 1.680E+03
1.68376E+00,2.62002E+00,7.63461E+00,7.42617E+00 
#t = 1.722E+03
9.46870E+00,4.73081E+00 
#t = 1.764E+03
1.21457E+01,7.32188E+00,6.98164E+00 
#t = 1.806E+03
4.04989E+00,7.63999E+00 
#t = 1.848E+03
5.89381E+00,2.87540E+00 
#t = 1.890E+03
3.95284E+00,6.47880E+00,4.06905E+00,3.24273E+00,1.75134E+00 
#t = 1.932E+03
4.66697E+00,3.53516E+00,4.91451E+00,1.78060E+00 
#t = 1.974E+03
3.79259E+00,5.58381E+00,3.82438E+00,1.71637E+00 
#t = 2.016E+03
7.06908E+00,2.48444E+00,5.79969E+00,1.38540E+00,4.01904E+00,1.64995E+00 
#t = 2.058E+03
9.19229E+00,6.72843E+00,3.41987E+00 
#t = 2.100E+03
1.22118E+01,8.28630E+00,1.22118E+01,1.22118E+01,1.22118E+01,1.22118E+01,1.22118E+01,9.69295E-01 
#t = 2.142E+03
1.22118E+01,1.22118E+01,1.22118E+01,1.22118E+01,1.22118E+01,1.22118E+01,5.28901E+00,1.22118E+01,1.22118E+01,1.22118E+01,5.65276E+00,1.22118E+01,9.96425E-01,1.22118E+01,1.22118E+01,1.22118E+01,1.22118E+01,3.11222E+00 
#t = 2.184E+03
8.43997E+00,1.22118E+01,1.22118E+01,1.22118E+01,1.22118E+01,1.22118E+01,1.22118E+01,1.22118E+01,1.22118E+01,1.22118E+01,1.60373E+00,6.58404E+00,1.70358E+00,1.22118E+01,2.40369E+00,1.07643E+01,1.94592E+00,3.55801E+00 
#t = 2.226E+03
1.22118E+01,1.22118E+01,1.22118E+01,7.14001E+00,5.54049E+00,5.26430E+00,1.22118E+01,1.44968E+00,3.01999E+00,1.22118E+01 
#t = 2.268E+03
1.22118E+01,9.66555E+00,6.30039E+00,3.83694E+00,1.03932E+01,1.22118E+01,1.41736E+00,2.22103E+00,9.26900E-01,7.21594E+00 
#t = 2.310E+03
1.03932E+01,8.42569E+00,3.84015E+00,3.77918E+00,3.39693E+00,2.49610E+00 
#t = 2.352E+03
1.03932E+01,3.66615E+00,1.90067E+00,2.02494E+00 
#t = 2.394E+03
4.61224E+00,1.26049E+00,3.32746E+00,1.93567E+00 
#t = 2.436E+03
4.79523E+00,4.61390E+00,1.02192E+01 
#t = 2.478E+03
9.26887E+00,4.82796E+00 
#t = 2.520E+03
2.35055E+00,9.16428E+00 
#t = 2.562E+03
6.16212E+00,3.07567E+00,5.45323E+00,1.05938E+01 
#t = 2.604E+03
1.05938E+01,2.13180E+00,1.46178E+00 
#t = 2.646E+03
4.78911E+00,1.40857E+01,3.15057E+00,8.91436E+00 
#t = 2.688E+03
8.85494E+00,4.75496E+00 
#t = 2.730E+03
1.36550E+00,2.57892E+00 
#t = 2.772E+03
2.20839E+00,5.19860E+00,8.24615E-01 
#t = 2.814E+03
7.15574E+00,6.84782E+00,6.59772E+00,3.12395E+00,2.67294E+00 
#t = 2.856E+03
3.51958E+00,4.24850E+00,1.84866E+00,3.67624E+00 
#t = 2.898E+03
5.49900E+00,1.73310E+00,6.66381E+00 
#t = 2.940E+03
8.75110E+00,2.06587E+00,1.07156E+01,4.13500E+00 
#t = 2.982E+03
1.07156E+01,6.65567E+00,1.84652E+00,6.11853E+00 
#t = 3.024E+03
9.70603E+00,4.13032E+00 
#t = 3.066E+03
7.89615E+00,6.10466E+00,2.36642E+00,2.55358E+00,3.34820E+00 
#t = 3.108E+03
2.22917E+00,3.63789E+00,1.75823E+00,2.09133E+00 
#t = 3.150E+03
-9.99900E+03
#t = 3.192E+03
1.21677E+01 
#t = 3.234E+03
5.63675E+00,5.39213E+00,1.22996E+01,3.19860E+00,9.08963E-01 
#t = 3.276E+03
3.20857E+00 
#t = 3.318E+03
4.13673E+00,2.35001E+00,3.22319E+00,1.02483E+00,1.05727E+01 
#t = 3.360E+03
7.52582E+00,3.18068E+00 
#t = 3.402E+03
8.39397E+00,2.54523E+00,6.44287E+00 
#t = 3.444E+03
2.26823E+00,1.13227E+00,4.34600E+00,2.19929E+00 
#t = 3.486E+03
2.73153E+00,3.54884E+00,1.51995E+00 
#t = 3.528E+03
3.85812E+00,1.98096E+00,5.89598E+00 
#t = 3.570E+03
5.77410E+00,8.36576E+00 
#t = 3.612E+03
8.36576E+00,6.85854E+00,1.47820E+00,4.70213E+00 
#t = 3.654E+03
6.26592E+00,2.59987E+00,2.97182E+00,7.33320E+00,1.25328E+00 
#t = 3.696E+03
5.07146E+00,2.97754E+00,7.59312E+00,4.47862E+00,1.61789E+00 
#t = 3.738E+03
1.90172E+00,1.74453E+00,1.73806E+00 
#t = 3.780E+03
2.82878E+00,2.61363E+00 
#t = 3.822E+03
2.01604E+01,4.28224E+00 
#t = 3.864E+03
2.01604E+01,2.01604E+01,2.01604E+01,2.01604E+01,2.01604E+01,2.01604E+01,2.01604E+01,2.01604E+01,2.01604E+01,8.02031E+00,2.01604E+01,2.01604E+01,3.89099E+00,2.01604E+01,5.14759E+00,3.54483E+00,4.41039E+00 
#t = 3.906E+03
2.01604E+01,2.01604E+01,2.01604E+01,2.01604E+01,2.01604E+01,6.37383E+00,5.17531E+00,2.01604E+01,2.01604E+01,2.01604E+01,5.47886E+00,2.01604E+01,1.71695E+00,2.01604E+01,2.62176E+00,2.50232E+00,4.06482E+00,6.32668E-01 
#t = 3.948E+03
2.01604E+01,2.01604E+01,8.23560E+00,2.01604E+01,2.01604E+01,2.01604E+01,2.01604E+01,2.01604E+01,2.01604E+01,7.50718E+00,2.01604E+01,2.01604E+01,2.01604E+01,2.01604E+01,1.94836E+00,1.42681E+00,2.01604E+01 
#t = 3.990E+03
2.01604E+01,2.01604E+01,2.01604E+01,2.01604E+01,2.01604E+01,1.31678E+00,2.01604E+01,2.01604E+01,2.70483E+00 
#t = 4.032E+03
2.01604E+01,2.01604E+01,2.01604E+01,2.01604E+01,2.01604E+01,2.01604E+01,3.19608E+00,2.01604E+01,2.01604E+01,5.68270E+00,2.14903E+00,2.01604E+01,6.12494E+00,2.01604E+01,8.50614E-01,6.48729E-01 
#t = 4.074E+03
2.01604E+01,2.01604E+01,2.01604E+01,5.65988E+00,5.69972E+00,1.01566E+00 
#t = 4.116E+03
1.70919E+00,3.69714E+00,3.67524E+00,8.70522E-01 
#t = 4.158E+03
5.34831E+00,2.19889E+00,2.51662E+00,3.29388E+00 
#t = 4.200E+03
6.36177E+00,3.84778E+00,3.01502E+00,2.79488E+00,9.11660E-01 
