#t = 0.000E+00
2.21152E+00,5.94528E+00,3.71848E+00,6.36896E+00,3.15126E+00 
#t = 4.200E+01
1.99547E+01,3.73841E+00,1.99547E+01,1.64510E+00 
#t = 8.400E+01
1.99547E+01,7.85356E+00,5.46158E+00,1.99547E+01 
#t = 1.260E+02
1.88678E+00,5.68205E+00,2.21443E+00,1.13026E+01,5.25498E+00 
#t = 1.680E+02
7.29247E+00,8.26492E+00,3.96706E+00,7.26824E+00,5.59197E+00,3.41314E+00,5.06194E+00 
#t = 2.100E+02
2.27858E+00,4.87930E+00 
#t = 2.520E+02
6.55907E+00,6.25484E+00,5.62306E+00 
#t = 2.940E+02
6.49275E+00,9.87370E-01,1.63008E+00,5.07049E+00,3.77481E+00,2.92848E+00 
#t = 3.360E+02
6.49959E+00,8.72392E+00,1.96228E+00,1.54819E+00,2.32021E+00,9.92320E-01,1.54248E+00 
#t = 3.780E+02
3.99257E+00 
#t = 4.200E+02
7.84722E+00,7.82906E+00,3.89937E+00,7.22453E+00 
#t = 4.620E+02
4.10721E+00,8.36959E+00,6.95451E+00,2.97512E+00,5.53588E+00 
#t = 5.040E+02
7.99580E+00,8.93856E+00,3.28407E+00,2.54543E+00,2.74141E+00 
#t = 5.460E+02
2.17626E+00,1.41680E+01,3.71440E+00,1.12492E+00 
#t = 5.880E+02
2.52693E+00,3.89373E+00 
#t = 6.300E+02
4.08665E+00,2.14047E+00,4.68811E+00,4.30964E+00,3.44243E+00,2.48322E+00,3.10588E+00,9.88826E+00 
#t = 6.720E+02
9.50696E+00,7.17460E+00 
#t = 7.140E+02
-9.99900E+03
#t = 7.560E+02
-9.99900E+03
#t = 7.980E+02
3.34540E+00,1.98229E+00,1.34689E+00 
#t = 8.400E+02
1.28079E+01,1.15743E+01,4.20996E+00,4.00010E+00,2.75656E+00 
#t = 8.820E+02
2.94108E+00,5.17302E+00,2.18842E+00 
#t = 9.240E+02
9.34139E+00,6.02917E+00,3.55609E+00,6.45398E+00,2.49382E+00,1.42875E+00,4.23352E+00,2.99254E+00 
#t = 9.660E+02
5.72509E+00,3.80705E+00,4.24668E+00 
#t = 1.008E+03
4.61055E+00,4.61222E+00,3.79505E+00,2.36253E+00,1.83619E+00 
#t = 1.050E+03
4.65417E+00,1.04007E+01,3.42769E+00,1.19450E+01,4.90645E+00 
#t = 1.092E+03
1.04007E+01,1.04007E+01,2.80399E+00,1.04007E+01,1.06400E+01,4.17761E+00,1.85487E+00,5.39576E+00,6.80685E+00,3.13387E+00,1.03192E+00,3.74663E+00 
#t = 1.134E+03
8.53998E+00,2.68972E+00,1.26405E+00 
#t = 1.176E+03
2.71412E+00 
#t = 1.218E+03
1.02774E+00,3.54576E+00 
#t = 1.260E+03
1.09049E+01,2.10248E+00 
#t = 1.302E+03
4.95413E+00,1.99643E+00,3.21148E+00,3.75702E+00,3.12492E+00 
#t = 1.344E+03
8.98469E+00,1.10511E+01,2.84943E+00,5.98135E+00 
#t = 1.386E+03
5.76573E+00,3.11141E+00 
#t = 1.428E+03
8.47253E+00,1.15218E+01,1.67537E+00,3.74874E+00 
#t = 1.470E+03
3.39196E+00 
#t = 1.512E+03
2.41480E+00,4.61883E+00 
#t = 1.554E+03
1.96085E+01,1.96085E+01,1.96085E+01 
#t = 1.596E+03
1.96085E+01,1.96085E+01,6.81670E+00,1.96085E+01,1.96085E+01,1.96085E+01,1.85415E+00,1.96085E+01 
#t = 1.638E+03
1.96085E+01,1.96085E+01,1.96085E+01,1.96085E+01,1.96085E+01,1.96085E+01,1.96085E+01,1.96085E+01,1.96085E+01,1.96085E+01,1.96085E+01,1.96085E+01,1.96085E+01,1.96085E+01 
#t = 1.680E+03
1.96085E+01,1.96085E+01,1.96085E+01,1.96085E+01,1.96085E+01,7.35609E+00,1.96085E+01,1.96085E+01,1.96085E+01,1.70393E+00,5.04853E+00,2.06441E+00 
#t = 1.722E+03
1.96085E+01,1.96085E+01,1.96085E+01,1.96085E+01,1.96085E+01,1.96085E+01,4.57980E+00,1.96085E+01,1.96085E+01,1.96085E+01,1.96085E+01,1.96085E+01,5.58442E+00,1.96085E+01,2.71224E+00,3.85629E+00,3.70989E+00,1.96085E+01,2.66507E+00 
#t = 1.764E+03
1.96085E+01,1.96085E+01,1.96085E+01,1.96085E+01,1.96085E+01,1.96085E+01,1.96085E+01,1.96085E+01,1.96085E+01,1.96085E+01,1.96085E+01,1.96085E+01,1.96085E+01,1.96085E+01,1.96085E+01,1.96085E+01,1.96085E+01,3.48661E+00,1.96085E+01,1.96085E+01,1.96085E+01,1.96085E+01,4.06955E+00,4.92009E+00,1.96085E+01,1.96085E+01,9.27850E+00,1.96085E+01,1.96085E+01,1.84670E+00 
#t = 1.806E+03
1.96085E+01,1.96085E+01,1.96085E+01,1.96085E+01,1.96085E+01,1.96085E+01,1.96085E+01,1.96085E+01,1.96085E+01,1.96085E+01,1.96085E+01,1.96085E+01,1.96085E+01,1.96085E+01,1.96085E+01,1.96085E+01,1.96085E+01,1.96085E+01,1.96085E+01,1.96085E+01,1.96085E+01,1.96085E+01,3.14558E+00,1.96085E+01,1.14014E+01,1.96085E+01 
#t = 1.848E+03
1.96085E+01,1.96085E+01,1.96085E+01,1.14014E+01,1.96085E+01,1.96085E+01,1.96085E+01,1.96085E+01,1.96085E+01,1.96085E+01,1.14014E+01,1.96085E+01,1.96085E+01,1.14014E+01,1.96085E+01,1.96085E+01,7.09415E+00,1.96085E+01,1.14014E+01,5.18244E+00,7.02683E+00,3.40916E+00,2.92355E+00,1.36249E+00,1.34522E+00 
#t = 1.890E+03
1.96085E+01,1.14014E+01,1.14014E+01,1.96085E+01,1.14014E+01,1.14014E+01,1.14014E+01,1.14014E+01,1.14014E+01,1.14014E+01,1.14014E+01,1.96085E+01,1.96085E+01,1.96085E+01,1.14014E+01,1.96085E+01,1.96085E+01,1.14014E+01,1.14014E+01,1.14014E+01,1.96085E+01,1.14014E+01,1.14014E+01,1.14014E+01,1.14014E+01,6.36308E+00,1.96085E+01,2.10412E+00,1.96085E+01 
#t = 1.932E+03
1.14014E+01,1.14014E+01,1.14014E+01,1.96085E+01,1.14014E+01,1.96085E+01,1.96085E+01,1.14014E+01,1.96085E+01,1.96085E+01,1.96085E+01,1.96085E+01,1.96085E+01,1.96085E+01,1.96085E+01,1.96085E+01,1.96085E+01,1.14014E+01,1.96085E+01,1.96085E+01,1.96085E+01,1.96085E+01,1.96085E+01,2.54750E+00,1.96085E+01,1.96085E+01,1.96085E+01,1.13134E+00,1.14014E+01,3.96593E+00,1.96085E+01,8.17485E+00,1.96085E+01,1.96085E+01,1.96085E+01 
#t = 1.974E+03
1.96085E+01,1.96085E+01,1.96085E+01,1.96085E+01,1.96085E+01,1.14014E+01,1.96085E+01,1.96085E+01,1.96085E+01,1.96085E+01,1.96085E+01,1.96085E+01,1.96085E+01,1.96085E+01,2.85808E+00,1.96085E+01,3.48970E+00,3.18228E+00,5.44162E+00 
#t = 2.016E+03
1.96085E+01,1.96085E+01,1.96085E+01,1.96085E+01,7.41760E+00,1.96085E+01,1.96085E+01,1.96085E+01,1.96085E+01,1.96085E+01,1.96085E+01,1.96085E+01 
#t = 2.058E+03
1.96085E+01,1.96085E+01,1.96085E+01,1.96085E+01,1.96085E+01,1.96085E+01,1.96085E+01,1.96085E+01,1.96085E+01,1.96085E+01,1.96085E+01,6.76480E+00,2.14979E+00,1.96085E+01,1.96085E+01,1.96085E+01,1.96085E+01,2.30171E+00 
#t = 2.100E+03
1.96085E+01,1.96085E+01,1.96085E+01,1.96085E+01,1.96085E+01,1.96085E+01,1.96085E+01,5.28387E+00,2.56801E+00,1.96085E+01,3.01613E+00 
#t = 2.142E+03
1.96085E+01,1.96085E+01,1.96085E+01,1.96085E+01,1.96085E+01,1.96085E+01,1.16136E+01,1.96085E+01,9.70683E+00,1.96085E+01,1.67364E+00,4.59010E+00,3.09433E+00,6.07965E+00,1.96085E+01 
#t = 2.184E+03
1.96085E+01,9.70683E+00,1.96085E+01,1.96085E+01,1.96085E+01,1.96085E+01,1.96085E+01,1.96085E+01,1.96085E+01,1.96085E+01,1.96085E+01,1.96085E+01,2.83630E+00,2.04414E+00,1.96085E+01,1.96085E+01 
#t = 2.226E+03
1.96085E+01,1.96085E+01,1.96085E+01,1.96085E+01,1.96085E+01,1.96085E+01,4.54372E+00,1.96085E+01,3.32190E+00,3.61025E+00,1.96085E+01,5.17848E+00,1.50089E+00,1.96085E+01,9.11589E-01 
#t = 2.268E+03
1.96085E+01,1.96085E+01,1.96085E+01,1.96085E+01,1.96085E+01,1.96085E+01,1.96085E+01,1.96085E+01,5.89422E+00,1.96085E+01,3.61585E+00,1.22937E+00,3.09141E+00,1.96085E+01,5.58084E+00 
#t = 2.310E+03
1.96085E+01,1.96085E+01,1.96085E+01,1.96085E+01,1.96085E+01,1.96085E+01,1.96085E+01,1.96085E+01,1.96085E+01,4.17906E+00,1.96085E+01,5.68154E+00,6.80876E+00,1.94574E+00,3.34031E+00 
#t = 2.352E+03
1.96085E+01,1.96085E+01,1.96085E+01,1.96085E+01,1.96085E+01,1.96085E+01,2.78752E+00,1.96085E+01,6.45230E+00,1.96085E+01,1.96085E+01,1.96085E+01,2.38380E+00 
#t = 2.394E+03
1.96085E+01,1.96085E+01,1.96085E+01,1.96085E+01,1.96085E+01,1.96085E+01,1.96085E+01,1.96085E+01,1.96085E+01,1.96085E+01,4.35850E+00,1.96085E+01,1.96085E+01,1.96085E+01,1.96085E+01,2.79424E+00,2.46078E+00,5.07901E+00,3.59601E+00,1.96085E+01,3.19924E+00,7.02533E+00 
#t = 2.436E+03
1.96085E+01,1.96085E+01,1.96085E+01,1.96085E+01,1.96085E+01,1.96085E+01,1.96085E+01,1.96085E+01,1.96085E+01,1.96085E+01,1.96085E+01,1.96085E+01,3.69588E+00,1.96085E+01,1.04672E+00,1.96085E+01,1.96085E+01,1.96085E+01,1.96085E+01,1.96085E+01,1.96085E+01 
#t = 2.478E+03
1.96085E+01,1.96085E+01,1.96085E+01,1.96085E+01,1.96085E+01,4.93772E+00,1.96085E+01,4.62119E+00,2.32597E+00,1.96085E+01,1.80520E+00,2.31491E+00 
#t = 2.520E+03
1.96085E+01,1.96085E+01,1.96085E+01,1.96085E+01,1.96085E+01,1.96085E+01,1.96085E+01,1.37446E+00,1.96085E+01,1.96085E+01 
#t = 2.562E+03
1.96085E+01,1.96085E+01,1.96085E+01,1.96085E+01,1.96085E+01,1.96085E+01,1.96085E+01,1.96085E+01,1.76200E+00 
#t = 2.604E+03
1.96085E+01,1.96085E+01,1.96085E+01,1.96085E+01,1.96085E+01,1.96085E+01,1.96085E+01,1.96085E+01,1.96085E+01,1.96085E+01,1.96085E+01,1.96085E+01,5.74909E+00,1.96085E+01,1.96085E+01,1.96085E+01,1.96085E+01 
#t = 2.646E+03
1.96085E+01,1.96085E+01,1.96085E+01,1.96085E+01,1.96085E+01,1.96085E+01,1.96085E+01,1.96085E+01,1.96085E+01,1.96085E+01,1.96085E+01,1.96085E+01,1.96085E+01,1.96085E+01,1.96085E+01,1.96085E+01,1.96085E+01,1.96085E+01,1.96085E+01,1.96085E+01,1.96085E+01,1.96085E+01,1.96085E+01,1.96085E+01,1.96085E+01,1.95334E+00,1.33376E+00 
#t = 2.688E+03
1.96085E+01,1.96085E+01,1.96085E+01,1.96085E+01,8.22457E+00,1.96085E+01,1.96085E+01,6.78549E+00,1.96085E+01,1.96085E+01,1.96085E+01,1.96085E+01,1.96085E+01,1.96085E+01,1.96085E+01,1.96085E+01,1.96085E+01,1.96085E+01,1.96085E+01,1.12105E+00,1.96085E+01,1.96085E+01,1.96085E+01,1.96085E+01,7.76485E+00,1.96085E+01,1.96085E+01,5.90405E+00,3.38109E+00,1.96085E+01 
#t = 2.730E+03
1.96085E+01,1.96085E+01,1.96085E+01,1.96085E+01,1.96085E+01,1.96085E+01,1.96085E+01,1.96085E+01,1.96085E+01,1.96085E+01,1.96085E+01,1.96085E+01,1.96085E+01,1.96085E+01,1.96085E+01,1.96085E+01,1.96085E+01,1.96085E+01,1.96085E+01,1.96085E+01,1.96085E+01,1.96085E+01,1.53689E+00,1.96085E+01,2.74826E+00 
#t = 2.772E+03
1.96085E+01,1.96085E+01,1.96085E+01,1.96085E+01,1.96085E+01,1.96085E+01,1.96085E+01,1.96085E+01,1.96085E+01,1.96085E+01,1.96085E+01,1.96085E+01,1.96085E+01,1.96085E+01,1.96085E+01,1.96085E+01,1.96085E+01,1.96085E+01,1.96085E+01,7.02333E+00,1.96085E+01,1.96085E+01,1.96085E+01,1.96085E+01,1.96085E+01,4.66201E+00,4.39132E+00,1.96085E+01,1.96085E+01,1.96085E+01,1.96085E+01,1.96085E+01,1.96085E+01,1.96085E+01,1.96085E+01,1.96085E+01,2.44836E+00,1.96085E+01,1.68972E+00,1.96085E+01 
#t = 2.814E+03
1.96085E+01,1.96085E+01,1.96085E+01,1.96085E+01,1.96085E+01,1.96085E+01,1.96085E+01,1.96085E+01,1.96085E+01,1.96085E+01,1.96085E+01,1.96085E+01,1.96085E+01,1.96085E+01,1.96085E+01,1.96085E+01,9.74854E+00,1.96085E+01,1.96085E+01,7.42242E+00,1.96085E+01,1.96085E+01,1.96085E+01,8.28198E+00,1.96085E+01,1.96085E+01,1.96085E+01,1.96085E+01,1.96085E+01,4.27679E+00 
#t = 2.856E+03
1.96085E+01,9.74854E+00,8.28198E+00,1.96085E+01,1.96085E+01,1.96085E+01,1.96085E+01,1.96085E+01,1.96085E+01,1.96085E+01,1.96085E+01,1.96085E+01,6.02924E+00,1.96085E+01,1.96085E+01,1.96085E+01,1.96085E+01,1.96085E+01,1.96085E+01,1.96085E+01,1.96085E+01,1.96085E+01,1.96085E+01,1.96085E+01,1.96085E+01,1.96085E+01,3.64053E+00,1.96085E+01,4.49669E+00,6.28320E+00,1.96085E+01,1.96085E+01,1.96085E+01,1.96085E+01,1.96085E+01,1.96085E+01,3.16769E+00,1.96085E+01,1.96085E+01,1.96085E+01,1.96085E+01,1.96085E+01,1.96085E+01 
#t = 2.898E+03
1.96085E+01,1.96085E+01,1.96085E+01,1.96085E+01,1.96085E+01,1.96085E+01,1.96085E+01,1.96085E+01,1.96085E+01,1.96085E+01,1.96085E+01,1.96085E+01,1.96085E+01,1.96085E+01,1.96085E+01,1.96085E+01,1.96085E+01,1.96085E+01,1.96085E+01,1.96085E+01,1.96085E+01,1.96085E+01,1.96085E+01,1.96085E+01,2.90603E+00,4.29153E+00,1.96085E+01,1.96085E+01,1.96085E+01,1.96085E+01,1.96085E+01,3.99518E+00,6.25207E+00,1.96085E+01,3.07278E+00,2.75485E+00,1.09641E+00 
#t = 2.940E+03
1.96085E+01,1.96085E+01,1.96085E+01,1.96085E+01,1.96085E+01,1.96085E+01,1.96085E+01,1.96085E+01,1.96085E+01,1.96085E+01,1.96085E+01,1.96085E+01,5.41704E+00,1.96085E+01,1.96085E+01,1.96085E+01,1.96085E+01,1.96085E+01,1.96085E+01,6.40793E+00,1.96085E+01,1.96085E+01,1.96085E+01,1.96085E+01,1.96085E+01,1.96085E+01,1.96085E+01,1.96085E+01,1.96085E+01,1.96085E+01,1.96085E+01,1.51490E+00,1.96085E+01,2.68492E+00,1.96085E+01,1.96085E+01,1.96085E+01,1.96085E+01,1.96085E+01,1.96085E+01,1.96085E+01,1.96085E+01 
#t = 2.982E+03
1.96085E+01,1.96085E+01,1.96085E+01,1.96085E+01,1.96085E+01,1.96085E+01,1.96085E+01,1.96085E+01,1.96085E+01,1.96085E+01,1.96085E+01,1.96085E+01,1.96085E+01,1.96085E+01,1.96085E+01,1.96085E+01,1.96085E+01,1.96085E+01,1.96085E+01,1.96085E+01,1.96085E+01,1.96085E+01,1.96085E+01,1.96085E+01,1.96085E+01,5.14031E+00,1.96085E+01,1.96085E+01,1.96085E+01,1.96085E+01,1.96085E+01,1.96085E+01,1.96085E+01,1.96085E+01,1.33693E+00,1.96085E+01,1.75851E+00,3.81039E+00,1.96085E+01 
#t = 3.024E+03
1.96085E+01,1.96085E+01,1.96085E+01,1.96085E+01,1.96085E+01,1.96085E+01,1.96085E+01,1.96085E+01,1.96085E+01,1.96085E+01,1.96085E+01,1.96085E+01,1.96085E+01,1.96085E+01,1.96085E+01,1.96085E+01,1.96085E+01,1.96085E+01,1.96085E+01,1.96085E+01,1.96085E+01,1.96085E+01,1.96085E+01,1.96085E+01,1.96085E+01,1.96085E+01,1.96085E+01,1.96085E+01,1.26533E+00,1.96085E+01,1.96085E+01,1.96085E+01,2.19138E+00 
#t = 3.066E+03
1.96085E+01,1.96085E+01,1.96085E+01,1.96085E+01,1.96085E+01,1.96085E+01,1.96085E+01,1.96085E+01,1.96085E+01,1.96085E+01,1.96085E+01,1.96085E+01,4.58882E+00,1.96085E+01,1.96085E+01,1.96085E+01,1.96085E+01,1.96085E+01,1.96085E+01,1.49748E+00,1.96085E+01,1.96085E+01,1.96085E+01,1.96085E+01,1.96085E+01,4.04996E+00,1.96085E+01,1.96085E+01 
#t = 3.108E+03
1.96085E+01,1.96085E+01,1.96085E+01,1.96085E+01,1.96085E+01,1.96085E+01,1.96085E+01,1.96085E+01,1.96085E+01,1.96085E+01,1.96085E+01,1.96085E+01,1.96085E+01,1.96085E+01,4.60256E+00,1.96085E+01,1.96085E+01,1.96085E+01 
#t = 3.150E+03
1.96085E+01,1.96085E+01,1.96085E+01,9.95839E+00,1.96085E+01,1.96085E+01,1.96085E+01,1.96085E+01,2.70127E+00,1.96085E+01,5.52684E+00,1.96085E+01,5.23476E+00,2.79251E+00,1.96085E+01,6.46625E+00,2.95324E+00,1.96085E+01 
#t = 3.192E+03
1.96085E+01,1.96085E+01,1.37043E+01,8.92904E+00,1.96085E+01,1.96085E+01,1.96085E+01,1.96085E+01,1.37043E+01,1.37043E+01,1.96085E+01,5.32602E+00,1.96085E+01,1.96085E+01,1.96085E+01,1.96085E+01,1.96085E+01,1.37043E+01,6.60687E+00,7.86971E-01 
#t = 3.234E+03
1.96085E+01,1.96085E+01,1.37043E+01,1.96085E+01,1.96085E+01,1.96085E+01,1.96085E+01,1.96085E+01,1.96085E+01,1.96085E+01,1.37043E+01,1.96085E+01,1.96085E+01,1.96085E+01,3.09581E+00,3.36391E+00,1.96085E+01,2.73993E+00,3.25910E+00 
#t = 3.276E+03
1.96085E+01,1.96085E+01,1.96085E+01,1.96085E+01,1.37043E+01,1.96085E+01,1.37043E+01,1.96085E+01,1.96085E+01,1.37043E+01,1.96085E+01,1.96085E+01,1.96085E+01,2.21093E+00,1.37043E+01,1.96085E+01,1.37043E+01,1.37043E+01,1.96085E+01,1.90878E+00,1.96085E+01,1.37043E+01 
#t = 3.318E+03
1.96085E+01,1.96085E+01,1.96085E+01,1.96085E+01,4.81686E+00,1.96085E+01,1.96085E+01,1.96085E+01,1.96085E+01,1.96085E+01,3.77931E+00,1.37043E+01,1.96085E+01,1.96085E+01,1.96085E+01,1.96085E+01,1.96085E+01,1.96085E+01,2.47120E+00 
#t = 3.360E+03
1.96085E+01,1.96085E+01,1.96085E+01,1.96085E+01,1.96085E+01,1.96085E+01,1.96085E+01,1.96085E+01,1.96085E+01,1.96085E+01,1.96085E+01,1.96085E+01,1.96085E+01,1.96085E+01,1.96085E+01,1.63774E+00,1.96085E+01,1.96085E+01,1.10724E+01,3.06588E+00 
#t = 3.402E+03
1.96085E+01,1.10724E+01,1.96085E+01,1.96085E+01,1.96085E+01,1.96085E+01,1.96085E+01,1.96085E+01,8.36086E+00,1.96085E+01,1.96085E+01,1.96085E+01,1.96085E+01,1.96085E+01,1.96085E+01,2.36946E+00,2.74786E+00,1.63880E+00,6.49210E+00,3.00430E+00 
#t = 3.444E+03
1.96085E+01,1.96085E+01,1.96085E+01,1.96085E+01,1.96085E+01,1.96085E+01,1.96085E+01,1.96085E+01,1.96085E+01,1.96085E+01,1.96085E+01,1.96085E+01,1.96085E+01,1.96085E+01,1.96085E+01,1.96085E+01,1.96085E+01,1.96085E+01,4.88109E+00,1.96085E+01,1.96085E+01,1.96085E+01,1.96085E+01,1.96085E+01,3.34725E+00,1.96085E+01,1.96085E+01,4.15880E+00,1.96085E+01,1.06560E+01,1.41719E+00,1.96085E+01,1.96085E+01,1.39156E+00,1.96085E+01 
#t = 3.486E+03
1.96085E+01,1.96085E+01,1.96085E+01,1.96085E+01,1.96085E+01,1.96085E+01,1.96085E+01,1.96085E+01,1.96085E+01,1.96085E+01,1.96085E+01,1.96085E+01,1.96085E+01,1.96085E+01,1.96085E+01,1.96085E+01,1.96085E+01,1.96085E+01,1.96085E+01,1.96085E+01,1.96085E+01,1.96085E+01,1.96085E+01,1.96085E+01,1.96085E+01,1.96085E+01,1.96085E+01,1.96085E+01,1.96085E+01,1.96085E+01,1.96085E+01,1.96085E+01,1.96085E+01,1.96085E+01,1.96085E+01,1.96085E+01,1.96085E+01,2.20164E+00,1.29159E+00,1.96085E+01 
#t = 3.528E+03
1.96085E+01,1.96085E+01,1.96085E+01,1.96085E+01,1.96085E+01,1.96085E+01,1.96085E+01,1.96085E+01,1.96085E+01,1.96085E+01,1.96085E+01,1.96085E+01,1.96085E+01,1.96085E+01,1.96085E+01,1.96085E+01,1.96085E+01,1.96085E+01,1.96085E+01,1.96085E+01,1.96085E+01,1.96085E+01,1.96085E+01,1.96085E+01,1.96085E+01,4.06542E+00,1.96085E+01,1.96085E+01,1.96085E+01,1.96085E+01,2.43895E+00 
#t = 3.570E+03
1.96085E+01,1.96085E+01,1.96085E+01,1.96085E+01,1.96085E+01,1.96085E+01,1.96085E+01,1.96085E+01,1.96085E+01,1.96085E+01,1.96085E+01,1.96085E+01,1.96085E+01,1.96085E+01,1.96085E+01,1.96085E+01,1.96085E+01,1.96085E+01,2.92722E+00,1.96085E+01,1.96085E+01,1.96085E+01,1.96085E+01,1.96085E+01,1.96085E+01,1.96085E+01,1.96085E+01,3.69054E+00,1.96085E+01,1.96085E+01,1.96085E+01 
#t = 3.612E+03
1.96085E+01,1.96085E+01,1.96085E+01,1.96085E+01,1.96085E+01,1.96085E+01,1.96085E+01,1.96085E+01,1.96085E+01,1.96085E+01,1.96085E+01,1.96085E+01,1.96085E+01,9.98318E+00,1.96085E+01,1.94285E+00,1.96085E+01,7.66410E+00,1.96085E+01,1.96085E+01,4.22789E+00,1.96085E+01,1.96085E+01 
#t = 3.654E+03
1.96085E+01,1.96085E+01,7.24373E+00,1.96085E+01,1.96085E+01,2.74948E+00 
#t = 3.696E+03
4.16765E+00 
#t = 3.738E+03
2.52499E+00,2.25355E+00,2.58651E+00 
#t = 3.780E+03
6.34972E+00,3.22416E+00,2.42457E+00,2.57563E+00,4.99948E+00 
#t = 3.822E+03
8.64803E+00,2.82420E+00,1.40050E+00,4.81585E+00,2.73302E+00 
#t = 3.864E+03
8.64803E+00,5.58808E+00,4.31234E+00 
#t = 3.906E+03
8.64803E+00,8.75840E+00,6.22744E+00,2.47180E+00,3.82472E+00,2.50136E+00,5.26232E+00,4.04171E-01,3.37556E+00,1.94608E+00,2.79707E+00,6.23088E+00 
#t = 3.948E+03
3.15201E+00,5.39863E+00,3.41377E+00,4.67479E+00,4.77267E+00 
#t = 3.990E+03
6.17997E+00,6.60060E-01,2.22283E+00 
#t = 4.032E+03
7.35713E+00,6.09820E+00,2.18460E+00 
#t = 4.074E+03
9.59124E+00,4.75231E+00,1.50452E+00,3.26581E+00,2.92070E+00,2.40255E+00 
#t = 4.116E+03
9.80841E+00,3.10550E+00,5.53430E+00,7.80351E+00,2.17390E+00,2.54911E+00 
#t = 4.158E+03
1.51773E+01 
#t = 4.200E+03
1.51773E+01,1.51773E+01,1.51773E+01,5.59259E+00,1.51773E+01,7.65095E+00,1.51773E+01,1.51773E+01,1.28856E+00,1.51773E+01,7.25286E+00,1.51773E+01,1.51773E+01,2.48368E+00,1.51773E+01 
