#t = 0.000E+00
1.41383E+00,3.41120E+00,2.00675E+00,8.64137E-01,1.07070E+00 
#t = 4.201E+01
4.15493E+00,5.16517E+00,2.10683E+00,2.06043E+00,3.06055E+00,2.29104E+00 
#t = 8.401E+01
3.07418E+00,2.74339E+00,3.02944E+00,1.00371E+00 
#t = 1.260E+02
9.07794E+00,6.11631E+00,3.06833E+00,3.69956E+00 
#t = 1.680E+02
4.55331E+00,5.86695E+00 
#t = 2.100E+02
-9.99900E+03
#t = 2.520E+02
5.21646E+00,1.10188E+00,3.91028E+00,3.70274E+00,6.16270E+00 
#t = 2.940E+02
3.00366E+00,8.20763E-01,7.35083E+00,3.94206E+00,1.79848E+00,5.98856E+00 
#t = 3.360E+02
1.00059E+01,3.56197E+00 
#t = 3.780E+02
4.60207E+00,1.64543E+00,5.64548E+00,1.44075E+00 
#t = 4.200E+02
6.22905E-01,1.70299E+00,2.55935E+00 
#t = 4.620E+02
3.90623E+00,8.98075E+00,2.21105E+00 
#t = 5.040E+02
8.98075E+00,7.50904E+00,5.19776E+00,3.20930E+00,3.37211E+00,4.29147E+00 
#t = 5.460E+02
1.10178E+01,3.38574E+00,3.30137E+00,1.10178E+01,1.10178E+01 
#t = 5.880E+02
3.13647E+00,4.87879E+00 
#t = 6.300E+02
2.09485E+00,1.90631E+00 
#t = 6.720E+02
6.64918E+00,3.79050E+00,1.46296E+00,1.77951E+00,3.70645E+00,2.62672E+00,7.57773E+00 
#t = 7.140E+02
7.41947E+00,2.27053E+00 
#t = 7.560E+02
1.07072E+01,2.44779E+00,1.67394E+00,3.31393E+00,8.01391E-01 
#t = 7.980E+02
1.07072E+01,2.98967E+00,1.47150E+00 
#t = 8.400E+02
1.62635E+00 
#t = 8.820E+02
7.59463E-01,7.60895E-01 
#t = 9.240E+02
3.39759E+00,4.43453E+00,1.54542E+00,4.13119E+00,2.25193E+00 
#t = 9.660E+02
3.99623E+00,5.07062E+00,4.63000E+00,1.86551E+01,1.88006E+00,3.04778E+00 
#t = 1.008E+03
1.27082E+01,1.27082E+01,1.27082E+01,4.38060E+00 
#t = 1.050E+03
1.27082E+01,1.27082E+01,1.27082E+01,2.95270E+00,1.27082E+01,1.39846E+00,5.44347E+00,1.27082E+01,1.27082E+01,2.51796E+00,4.78605E+00 
#t = 1.092E+03
1.27082E+01,1.27082E+01,1.27082E+01,1.27082E+01,1.27082E+01,1.27082E+01,6.17880E+00,2.05117E+00,1.27082E+01 
#t = 1.134E+03
1.27082E+01,1.27082E+01,1.27082E+01,1.27082E+01,1.27082E+01,1.27082E+01,1.27082E+01,1.27082E+01,1.27082E+01,1.27082E+01,1.27082E+01,1.27082E+01,1.27082E+01,2.82245E+00,2.39965E+00,1.27082E+01,1.27082E+01,1.27082E+01,1.27082E+01,1.27082E+01,4.03072E+00,2.05057E+00,1.27082E+01,3.65710E+00,1.94562E+00 
#t = 1.176E+03
1.27082E+01,1.27082E+01,1.27082E+01,6.41168E+00,1.27082E+01,1.27082E+01,1.27082E+01,1.27082E+01,1.27082E+01,1.27082E+01,1.27082E+01,1.27082E+01,1.27082E+01,3.85916E+00,1.27082E+01,1.27082E+01,1.27082E+01,1.27082E+01,9.46410E-01 
#t = 1.218E+03
1.27082E+01,1.27082E+01,1.27082E+01,1.27082E+01,1.27082E+01,1.27082E+01,1.27082E+01,1.27082E+01,1.27082E+01,1.27082E+01,1.27082E+01,1.27082E+01,5.48431E+00,3.93823E+00,5.84334E+00,1.27082E+01,4.57485E+00,1.27082E+01,1.33077E+00,4.10879E+00,1.27082E+01 
#t = 1.260E+03
1.27082E+01,1.27082E+01,1.27082E+01,1.27082E+01,1.27082E+01,1.27082E+01,1.27082E+01,1.27082E+01,1.27082E+01,1.27082E+01,1.27082E+01,6.27771E+00,1.27082E+01,9.21686E+00,1.27082E+01,1.27082E+01,1.27082E+01,1.13923E+00,1.27082E+01,1.27082E+01,1.27082E+01,1.27082E+01 
#t = 1.302E+03
1.27082E+01,1.27082E+01,1.27082E+01,1.27082E+01,1.27082E+01,1.27082E+01,1.27082E+01,1.27082E+01,9.87633E+00,1.27082E+01,1.27082E+01,1.27082E+01,1.27082E+01,3.15106E+00,3.71992E+00,3.30993E+00,1.27082E+01,1.27082E+01 
#t = 1.344E+03
1.27082E+01,1.27082E+01,1.27082E+01,1.27082E+01,1.27082E+01,1.27082E+01,1.27082E+01,1.27082E+01,1.27082E+01,2.95707E+00,1.27082E+01,1.27082E+01,1.27082E+01,1.27082E+01,1.27082E+01,1.27082E+01,1.27082E+01,1.27082E+01,1.27082E+01,1.27082E+01,4.82718E+00 
#t = 1.386E+03
1.27082E+01,1.27082E+01,1.27082E+01,1.27082E+01,1.27082E+01,1.27082E+01,5.02458E+00,2.04217E+00,1.27082E+01,1.71272E+00 
#t = 1.428E+03
1.27082E+01,1.27082E+01,1.27082E+01,1.27082E+01,6.87956E+00,3.33972E+00,1.99138E+00 
#t = 1.470E+03
1.27082E+01,7.16608E+00,1.25597E+01,5.38078E+00,3.16964E+00,3.13783E+00,1.17662E+00 
#t = 1.512E+03
6.45375E+00,1.25597E+01,1.25597E+01,5.20641E+00,2.89338E+00 
#t = 1.554E+03
1.25597E+01,1.25597E+01,4.69230E+00,1.80908E+00,1.25597E+01,3.11619E+00 
#t = 1.596E+03
1.25597E+01,1.25597E+01,1.25597E+01,1.25597E+01,1.25597E+01,6.29858E+00,8.41726E+00,2.96737E+00,8.97431E+00,5.46797E+00,1.25597E+01,2.70911E+00,1.25597E+01,1.38782E+00 
#t = 1.638E+03
1.25597E+01,8.14483E+00,3.01778E+00,7.69639E+00,2.83711E+00 
#t = 1.680E+03
9.33537E+00,8.47892E+00,3.37528E+00,3.58955E+00 
#t = 1.722E+03
8.47892E+00,4.67899E+00,6.42163E+00,3.46133E+00,3.87506E+00,7.05512E+00,5.50178E+00,1.20163E+00 
#t = 1.764E+03
5.53079E+00,3.45055E+00,1.98009E+00 
#t = 1.806E+03
9.80778E+00,9.39887E+00,1.20317E+00,2.04562E+00 
#t = 1.848E+03
1.02959E+01,6.64654E+00,5.46431E+00,2.94515E+00,4.44478E+00 
#t = 1.890E+03
4.11051E+00,6.24694E+00,4.08843E+00 
#t = 1.932E+03
8.89332E+00,2.84450E+00 
#t = 1.974E+03
6.06759E+00,2.78318E+00,4.67835E+00,4.90388E+00 
#t = 2.016E+03
5.25935E+00 
#t = 2.058E+03
5.63988E+00,4.83928E+00,6.26989E-01 
#t = 2.100E+03
8.82024E+00,5.26062E+00,4.03636E+00,4.21477E+00,3.06462E+00,2.46572E+00 
#t = 2.142E+03
1.38826E+00,4.17693E+00 
#t = 2.184E+03
3.15850E+00 
#t = 2.226E+03
3.97000E+00,2.50747E+00 
#t = 2.268E+03
2.51021E+00,5.73138E+00 
#t = 2.310E+03
6.58070E+00,1.06167E+01,3.90673E+00 
#t = 2.352E+03
1.06167E+01,6.30030E+00,1.06167E+01 
#t = 2.394E+03
1.08619E+01,1.30475E+00,3.01962E+00,3.18047E+00 
#t = 2.436E+03
1.06445E+01,4.58326E+00 
#t = 2.478E+03
4.14172E+00,2.27567E+00 
#t = 2.520E+03
6.81833E+00,1.47919E+00,2.67446E+00,1.60433E+00 
#t = 2.562E+03
9.14314E+00,1.25537E+01,5.00299E+00,1.14820E+00,4.72679E+00,1.99239E+00,7.55774E-01 
#t = 2.604E+03
1.25537E+01,3.51107E+00,3.60141E+00,5.51595E+00,2.42420E+00,1.25537E+01,4.14734E+00 
#t = 2.646E+03
1.20591E+00 
#t = 2.688E+03
5.45660E+00,1.35099E+00,2.67527E+00,4.16713E+00,4.33599E+00 
#t = 2.730E+03
8.06022E+00,4.14760E+00,3.69539E+00,3.58584E+00,3.25187E+00,2.03441E+00 
#t = 2.772E+03
1.10508E+01,1.10508E+01,1.10508E+01 
#t = 2.814E+03
1.10508E+01,2.90526E+00,8.09072E+00,1.10508E+01,1.10508E+01,2.40505E+00,4.78961E+00,1.24156E+00,2.97432E+00,1.10508E+01 
#t = 2.856E+03
1.10508E+01,1.22140E+00,1.21397E+01,2.42441E+00 
#t = 2.898E+03
1.21397E+01,1.55873E+00,1.42836E+00,7.89204E-01 
#t = 2.940E+03
1.21397E+01,1.21397E+01,1.21397E+01,1.21397E+01,1.21397E+01,6.61426E+00,6.83842E-01,2.05098E+00,1.70372E+00 
#t = 2.982E+03
5.17395E+00,6.90689E+00,2.65047E+00,3.44333E+00,3.98147E+00,4.09847E+00,1.55027E+00 
#t = 3.024E+03
8.26785E+00,5.16755E+00,9.02500E+00,4.18226E+00 
#t = 3.066E+03
8.26785E+00,6.61444E+00,4.44380E+00,1.92745E+00,2.60438E+00,1.71291E+00 
#t = 3.108E+03
1.29823E+01 
#t = 3.150E+03
1.29823E+01,1.29823E+01,1.29823E+01,1.29823E+01,1.29823E+01,6.41081E+00,4.44186E+00,1.29823E+01,1.29823E+01,1.29823E+01,1.29823E+01 
#t = 3.192E+03
1.29823E+01,1.29823E+01,1.29823E+01,8.60258E+00,1.29823E+01,1.29823E+01,6.15493E+00,1.49509E+00,3.45925E+00,3.19619E+00,1.29823E+01 
#t = 3.234E+03
8.60258E+00,1.29823E+01,4.36045E+00,3.35068E+00,8.72882E+00,2.80230E+00 
#t = 3.276E+03
1.48709E+01,3.41915E+00 
#t = 3.318E+03
3.33461E+00,2.39774E+00 
#t = 3.360E+03
2.17989E+00,5.54952E+00 
#t = 3.402E+03
4.35792E+00,1.34619E+00 
#t = 3.444E+03
5.88606E+00,1.52932E+00,2.16027E+00 
#t = 3.486E+03
1.23599E+01,1.23599E+01,4.55928E+00,1.84079E+00,1.94923E+00,2.33118E+00 
#t = 3.528E+03
1.53889E+00,4.56523E+00,4.22343E+00,2.27377E+00,5.94032E+00 
#t = 3.570E+03
7.36521E+00,3.24362E+00,1.11272E+01,3.95215E+00,3.48178E+00,1.11272E+01,1.47425E+00,4.59681E+00 
#t = 3.612E+03
1.11272E+01,1.11272E+01,1.11272E+01,1.11272E+01,1.11272E+01,3.53835E+00 
#t = 3.654E+03
1.11272E+01,1.11272E+01,1.11272E+01,1.11272E+01,6.58676E+00,1.11272E+01,7.93786E+00,1.11272E+01,1.11272E+01,1.11272E+01,2.69391E+00,4.49954E+00,4.57862E+00 
#t = 3.696E+03
1.11272E+01,1.50536E+00,4.24363E+00 
#t = 3.738E+03
4.02401E+00 
#t = 3.780E+03
1.53828E+00,4.63038E+00 
#t = 3.822E+03
3.07594E+00,5.55925E+00,8.72122E+00,4.77163E+00,3.24498E+00,3.20776E+00 
#t = 3.864E+03
5.87815E+00,2.39735E+00,8.79657E-01,3.05016E+00 
#t = 3.906E+03
4.53129E+00,3.31151E+00,3.73730E+00,5.65178E+00,1.11028E+00,4.37998E+00 
#t = 3.948E+03
9.45267E+00,2.08049E+00,1.33885E+00,5.07258E+00,3.97128E+00 
#t = 3.990E+03
3.48721E+00,1.46892E+00 
#t = 4.032E+03
7.34859E+00 
#t = 4.074E+03
8.28993E+00,7.40434E+00,6.61659E+00,3.77313E+00,3.40265E+00,2.36361E+00 
#t = 4.116E+03
8.61003E+00,1.44214E+00 
#t = 4.158E+03
3.70377E+00,2.04648E+00,1.45790E+01,1.03574E+00,2.90427E+00,3.10275E+00,5.38614E+00 
#t = 4.200E+03
1.24635E+01,1.24635E+01,3.02751E+00,1.24635E+01,3.50313E+00 
