#t = 0.000E+00
2.59245E+00,3.95162E+00,5.91945E+00,5.49958E+00,3.24772E+00 
#t = 4.200E+01
1.02801E+01,1.42702E+01,1.34616E+01,1.34616E+01,1.34616E+01,8.48857E-01,1.74562E+00,3.93389E+00 
#t = 8.400E+01
8.85647E+00,6.78990E+00,1.20276E+00 
#t = 1.260E+02
3.02207E+00,1.33682E+00,9.76992E+00 
#t = 1.680E+02
4.57347E+00,3.19418E+00,1.38975E+00,5.22946E+00,4.83854E+00 
#t = 2.100E+02
1.08530E+00 
#t = 2.520E+02
1.98683E+00 
#t = 2.940E+02
1.54421E+00,3.64199E+00,5.92561E+00,5.00059E+00 
#t = 3.360E+02
2.03019E+00,4.96843E+00,3.92053E+00,1.98544E+00,6.40010E+00 
#t = 3.780E+02
1.46777E+01,1.30833E+01 
#t = 4.200E+02
3.67203E+00,1.08734E+01,2.88031E+00,5.17049E+00,3.16428E+00,1.08734E+01,3.06379E+00,3.57164E+00,6.28026E-01 
#t = 4.620E+02
1.19344E+01,4.79884E+00,7.26472E+00,2.54294E+00,1.39347E+00,5.06146E+00 
#t = 5.040E+02
1.19344E+01,1.19344E+01,1.19344E+01,4.38476E+00,1.40806E+01,3.11270E+00,1.40806E+01 
#t = 5.460E+02
1.40806E+01,1.40806E+01,1.40806E+01,6.24365E+00,5.23815E+00,3.60423E+00,3.17874E+00,8.11387E-01,4.31798E+00 
#t = 5.880E+02
1.40806E+01,1.40806E+01,1.40806E+01,1.40806E+01,1.40806E+01,1.40806E+01,1.40806E+01,1.40806E+01,1.40806E+01 
#t = 6.300E+02
1.40806E+01,1.40806E+01,1.40806E+01,1.40806E+01,1.40806E+01,1.40806E+01,3.53424E+00,5.43421E+00,1.40806E+01,1.28411E+00,4.61694E+00,2.47031E+00,3.11662E+00,2.89353E+00 
#t = 6.720E+02
1.40806E+01,1.40806E+01,1.40806E+01,1.40806E+01,1.40806E+01,1.40806E+01,1.40806E+01,1.40806E+01,1.40806E+01,1.40806E+01,2.45961E+00,1.40806E+01,1.40806E+01,1.40806E+01 
#t = 7.140E+02
1.40806E+01,1.40806E+01,1.40806E+01,1.40806E+01,1.40806E+01,1.40806E+01,1.40806E+01,7.32806E+00,1.69012E+00 
#t = 7.560E+02
1.40806E+01,1.40806E+01,3.70365E+00,8.10513E+00,7.64784E+00,1.40806E+01,7.17641E+00,3.38026E+00,1.40806E+01 
#t = 7.980E+02
1.40806E+01,1.40806E+01,5.27231E+00,2.04106E+00 
#t = 8.400E+02
2.21659E+00,6.37145E+00 
#t = 8.820E+02
4.32005E+00,3.58147E+00,2.64681E+00,2.09327E+00,2.31800E+00 
#t = 9.240E+02
5.14050E+00,4.88496E+00,1.16900E+01,7.11724E+00,2.60507E+00 
#t = 9.660E+02
8.76557E+00,4.16958E+00,4.38683E+00,2.17220E+00 
#t = 1.008E+03
8.48782E+00,4.01273E+00,4.29422E+00,3.28186E+00,3.61845E+00 
#t = 1.050E+03
6.54355E+00,6.18411E+00,7.06105E+00,7.03255E+00 
#t = 1.092E+03
3.41503E+00,1.90536E+00,2.24514E+00,2.08289E+00 
#t = 1.134E+03
1.19137E+01,4.32272E+00,7.88921E+00 
#t = 1.176E+03
6.79476E+00,1.23584E+01,1.23584E+01,1.23584E+01,1.23584E+01,6.15233E+00 
#t = 1.218E+03
1.23584E+01,8.47426E+00,5.76923E+00,6.85462E+00,3.84615E+00,3.88078E+00 
#t = 1.260E+03
7.57982E+00 
#t = 1.302E+03
7.39814E+00,4.04184E+00 
#t = 1.344E+03
2.07344E+00,3.79967E+00,2.76947E+00,3.24204E+00 
#t = 1.386E+03
8.07286E+00 
#t = 1.428E+03
5.24843E+00,6.42848E+00,4.17508E+00 
#t = 1.470E+03
1.28087E+00,1.62763E+00,3.61558E+00 
#t = 1.512E+03
3.00155E+00,2.38367E+00 
#t = 1.554E+03
2.80829E+00 
#t = 1.596E+03
6.62229E+00,2.92425E+00,6.84047E+00,2.24583E+00 
#t = 1.638E+03
2.43053E+00,1.99293E+00,5.69168E+00 
#t = 1.680E+03
5.75562E+00,2.55444E+00,7.61166E+00 
#t = 1.722E+03
4.90048E+00,6.11846E+00,2.07932E+00,1.65931E+00 
#t = 1.764E+03
2.30836E+00 
#t = 1.806E+03
6.27140E+00,4.39043E+00,3.74407E+00 
#t = 1.848E+03
7.24479E+00,4.02386E+00,2.10439E+00 
#t = 1.890E+03
3.45247E+00,5.53473E+00,4.74599E+00 
#t = 1.932E+03
2.78037E+00,8.08631E-01,2.73006E+00 
#t = 1.974E+03
1.09966E+01,7.09380E+00 
#t = 2.016E+03
4.40728E+00 
#t = 2.058E+03
1.76584E+00,6.00885E-01,3.73674E+00,4.55623E+00 
#t = 2.100E+03
4.23952E+00,2.40394E+00,3.80966E+00 
#t = 2.142E+03
5.73857E+00,3.81589E+00,4.76093E+00 
#t = 2.184E+03
1.05796E+01,1.06982E+01,3.00976E+00,3.67606E+00 
#t = 2.226E+03
1.05796E+01,6.10945E+00,4.83446E+00,2.10469E+00 
#t = 2.268E+03
3.26007E+00,2.87211E+00 
#t = 2.310E+03
5.89211E+00 
#t = 2.352E+03
9.87755E+00,7.84264E+00,5.46696E+00,5.49977E+00,3.35459E+00 
#t = 2.394E+03
1.21740E+00 
#t = 2.436E+03
8.23291E+00,1.91336E+00,1.18037E+00,1.56013E+00,3.03563E+00,7.27996E-01 
#t = 2.478E+03
3.02041E+00,2.04173E+00,2.11492E+00,2.66565E+00,7.57474E+00,3.15066E+00 
#t = 2.520E+03
2.59941E+00 
#t = 2.562E+03
6.40588E+00,5.87022E+00,1.21431E+00,1.73180E+00 
#t = 2.604E+03
8.47324E+00,6.43987E+00,6.76592E+00,2.93383E+00 
#t = 2.646E+03
6.49534E+00,5.17934E+00,2.43093E+00,1.30890E+00,2.63023E+00 
#t = 2.688E+03
3.73526E+00 
#t = 2.730E+03
8.78340E+00,6.73969E+00,2.41910E+00 
#t = 2.772E+03
9.87834E+00 
#t = 2.814E+03
3.83315E+00,5.09543E+00,4.88108E+00,2.60605E+00 
#t = 2.856E+03
1.71153E+00,1.43089E+00,2.44677E+00,7.64532E-01 
#t = 2.898E+03
1.46748E+01,3.71923E+00,1.35197E+00,3.04250E+00,3.84498E+00 
#t = 2.940E+03
1.46748E+01,1.46748E+01,1.46748E+01,1.46748E+01,1.46748E+01,2.53534E+00 
#t = 2.982E+03
1.46748E+01,1.46748E+01,4.74205E+00,2.10902E+00,2.15655E+00,5.77264E+00 
#t = 3.024E+03
1.46748E+01,1.46748E+01,1.46748E+01,1.46748E+01,1.46748E+01,6.77437E+00,5.73685E+00,1.46748E+01 
#t = 3.066E+03
1.46748E+01,7.89569E+00,1.46748E+01,2.13773E+00 
#t = 3.108E+03
1.46748E+01,8.94803E+00,1.46748E+01,3.29587E+00,1.46748E+01,4.79889E+00,1.46748E+01,3.87849E+00,1.46748E+01,1.46748E+01,6.09277E+00,3.01484E+00 
#t = 3.150E+03
8.94803E+00,1.46748E+01,1.46748E+01,1.46748E+01,1.46748E+01,1.46748E+01,1.46748E+01,1.46748E+01,4.48643E+00,1.46748E+01,2.93242E+00,6.16618E+00,4.21702E+00,1.46748E+01,1.46748E+01,1.64802E+00,1.46748E+01,1.46748E+01,3.80853E+00 
#t = 3.192E+03
1.46748E+01,1.46748E+01,1.46748E+01,1.46748E+01,1.46748E+01,1.46748E+01,1.46748E+01,1.46748E+01,1.46748E+01,1.46748E+01,3.71148E+00,1.46748E+01,1.46748E+01,1.46748E+01,1.46748E+01,1.46748E+01,1.46748E+01,1.46748E+01,1.46748E+01,1.46748E+01 
#t = 3.234E+03
1.46748E+01,1.46748E+01,9.54923E+00,1.46748E+01,1.46748E+01,1.46748E+01,1.46748E+01,1.46748E+01,5.63120E+00,1.46748E+01,3.29388E+00,1.46748E+01,1.46748E+01,1.46748E+01,1.46748E+01 
#t = 3.276E+03
1.55441E+01,1.46748E+01,1.46748E+01,1.46748E+01,2.09846E+00,1.52976E+00,1.65488E+00,2.84785E+00,1.55441E+01,5.66524E+00,1.64021E+00,1.14500E+00 
#t = 3.318E+03
4.58991E+00,3.44970E+00,2.36799E+00 
#t = 3.360E+03
9.78947E+00,6.94403E+00,4.14813E+00,2.22087E+00 
#t = 3.402E+03
6.39594E+00,3.62800E+00,1.51828E+00,1.00362E+00,3.16288E+00,5.36898E+00 
#t = 3.444E+03
2.66164E+00 
#t = 3.486E+03
6.04819E+00,5.10010E+00,1.61421E+00,3.25527E+00,8.46748E-01 
#t = 3.528E+03
1.18682E+01,2.73625E+00,2.26767E+00,3.83406E+00 
#t = 3.570E+03
1.76591E+00,2.12122E+00,3.23384E+00 
#t = 3.612E+03
8.30403E+00,4.95570E+00,2.30571E+00,2.47877E+00 
#t = 3.654E+03
1.23513E+01,1.23513E+01,1.23513E+01,5.73090E+00,2.16192E+00,5.66738E+00,5.55941E+00,3.48373E+00 
#t = 3.696E+03
1.49162E+00,5.79039E+00,3.39646E+00,2.94946E+00 
#t = 3.738E+03
7.22778E+00,4.09984E+00,2.83001E+00 
#t = 3.780E+03
9.03562E+00,5.91894E+00,5.08513E+00,4.83677E+00 
#t = 3.822E+03
1.99818E+00,3.22710E+00,1.45884E+00,1.04211E+00 
#t = 3.864E+03
1.36762E+00,5.19780E+00 
#t = 3.906E+03
7.72998E+00,4.88352E+00,4.71320E+00,1.02484E+01 
#t = 3.948E+03
5.41237E+00,1.28149E+00,2.24060E+00,3.63317E+00,2.30132E+00 
#t = 3.990E+03
6.16054E+00 
#t = 4.032E+03
2.30733E+00,3.15120E+00,3.95280E+00,2.99611E+00 
#t = 4.074E+03
1.89402E+00 
#t = 4.116E+03
3.66933E+00,2.03534E+00,2.96660E+00 
#t = 4.158E+03
2.07473E+00,5.53006E+00 
#t = 4.200E+03
7.70369E+00 
