#t = 0.000E+00
7.52038E+00,9.16285E+00,1.33990E+00,1.94514E+00,1.39231E+00 
#t = 4.200E+01
5.66103E+00,9.05180E+00,2.59463E+00,2.92701E+00 
#t = 8.400E+01
6.80647E+00,3.08522E+00,3.30137E+00 
#t = 1.260E+02
9.37520E+00,1.02242E+01 
#t = 1.680E+02
1.11323E+00,3.21596E+00,3.96438E+00 
#t = 2.100E+02
1.39748E+00,3.83203E+00 
#t = 2.520E+02
5.46311E+00,3.98195E+00,9.41239E+00,3.14398E+00,1.78439E+00 
#t = 2.940E+02
8.51464E+00,3.92803E+00,4.17038E+00,2.33323E+00,2.34071E+00 
#t = 3.360E+02
5.07073E+00,1.25362E+01,1.25362E+01,2.60552E+00,1.62222E+00,9.31043E+00,3.06446E+00 
#t = 3.780E+02
5.30250E+00,1.52590E+00,3.09903E+00 
#t = 4.200E+02
6.60841E+00,6.90281E+00,2.36557E+00 
#t = 4.620E+02
4.57720E+00,3.92486E+00,2.22192E+00,2.15025E+00 
#t = 5.040E+02
3.57791E+00 
#t = 5.460E+02
3.79548E+00,1.02300E+00,2.89033E+00,2.99505E+00 
#t = 5.880E+02
1.92464E+00 
#t = 6.300E+02
1.12486E+01,4.35753E+00,1.80233E+00,1.87598E+00,2.28300E+00 
#t = 6.720E+02
6.02359E+00,4.53165E+00,3.03615E+00 
#t = 7.140E+02
1.01979E+00,5.01971E+00,3.85284E+00,4.24604E+00 
#t = 7.560E+02
1.04209E+01,2.47137E+00 
#t = 7.980E+02
1.90838E+01,1.47544E+00,2.82915E+00 
#t = 8.400E+02
1.90838E+01,1.90838E+01,1.90838E+01,1.90838E+01,1.90838E+01,1.90838E+01,1.90838E+01,1.89632E+00,3.12406E+00 
#t = 8.820E+02
1.90838E+01,7.32650E+00,1.90838E+01,2.70741E+00,3.41150E+00,2.32852E+00,1.32181E+00,7.28821E+00,5.30253E+00,2.24701E+00 
#t = 9.240E+02
1.90838E+01,1.90838E+01,1.90838E+01,1.90838E+01,1.90838E+01,1.90838E+01,1.90838E+01,1.90838E+01,1.90838E+01,2.99115E+00,1.90838E+01,1.90838E+01,1.90838E+01,5.23795E+00,1.90838E+01,1.64411E+00,1.90838E+01,1.90838E+01 
#t = 9.660E+02
1.90838E+01,1.90838E+01,1.90838E+01,1.06366E+01,1.90838E+01,1.90838E+01,1.90838E+01,1.90838E+01,1.90838E+01,1.90838E+01,1.90838E+01,1.90838E+01 
#t = 1.008E+03
1.90838E+01,1.90838E+01,1.90838E+01,1.90838E+01,1.90838E+01,1.90838E+01,1.90838E+01,1.90838E+01,1.90838E+01,1.90838E+01,1.90838E+01,1.90838E+01,1.90838E+01,1.90838E+01,1.90838E+01,2.64081E+00,1.72655E+00,1.33376E+00 
#t = 1.050E+03
1.90838E+01,1.90838E+01,1.90838E+01,1.90838E+01,1.90838E+01,1.90838E+01,1.90838E+01,1.90838E+01,1.90838E+01,1.90838E+01,1.90838E+01,1.90838E+01,4.44735E+00,1.90838E+01,1.90838E+01,1.90838E+01,1.90838E+01,1.90838E+01,1.81645E+00,1.90838E+01,1.90838E+01 
#t = 1.092E+03
1.90838E+01,1.90838E+01,1.90838E+01,1.90838E+01,1.90838E+01,1.90838E+01,1.90838E+01,1.90838E+01,1.90838E+01,1.90838E+01,7.33089E+00,2.96915E+00,1.11076E+00,9.26664E-01 
#t = 1.134E+03
1.90838E+01,1.90838E+01,1.90838E+01,1.90838E+01,1.90838E+01,1.90838E+01,1.90838E+01,1.90838E+01,1.90838E+01,1.90838E+01,1.90838E+01,1.90838E+01,1.90838E+01,1.90838E+01,1.90838E+01,1.90838E+01,1.90838E+01,2.43114E+00,1.90838E+01,2.49268E+00,8.34799E+00 
#t = 1.176E+03
1.90838E+01,1.90838E+01,1.90838E+01,1.90838E+01,1.90838E+01,1.90838E+01,1.90838E+01,1.90838E+01,1.90838E+01,1.90838E+01,1.90838E+01,1.90838E+01,1.90838E+01,4.28253E+00,1.90838E+01,1.90838E+01,1.90838E+01 
#t = 1.218E+03
1.90838E+01,1.90838E+01,1.90838E+01,1.90838E+01,1.90838E+01,1.90838E+01,1.90838E+01,6.85988E+00,1.90838E+01,1.90838E+01,1.68730E+00 
#t = 1.260E+03
1.90838E+01,1.90838E+01,1.90838E+01,1.71331E+00,1.90838E+01,7.26485E+00,1.90838E+01,8.46505E+00 
#t = 1.302E+03
1.90838E+01,1.90838E+01,1.90838E+01,1.90838E+01,1.90838E+01,1.90838E+01,4.75095E+00,4.56022E+00,3.77970E+00,1.90838E+01,1.90838E+01,2.24980E+00,1.90838E+01,3.72303E+00 
#t = 1.344E+03
1.90838E+01,1.90838E+01,1.90838E+01,1.90838E+01,1.90838E+01,1.90838E+01,1.90838E+01,1.90838E+01,1.90838E+01,1.90838E+01,1.90838E+01,9.11102E+00,1.36844E+00,1.90838E+01,1.90838E+01,1.90838E+01,1.90838E+01,5.53805E+00,7.64702E+00 
#t = 1.386E+03
1.90838E+01,1.90838E+01,1.90838E+01,1.90838E+01,1.90838E+01,1.90838E+01,1.90838E+01,1.90838E+01,1.90838E+01,1.90838E+01,1.90838E+01,1.90838E+01,1.90838E+01,1.90838E+01,1.90838E+01,1.90838E+01,1.90838E+01,1.90838E+01,1.90838E+01,1.90838E+01,1.90838E+01,1.90838E+01,1.90838E+01,1.90838E+01,1.90838E+01,1.90838E+01,1.90838E+01,1.90838E+01,1.90838E+01,1.90838E+01,1.90838E+01,1.90838E+01,1.90838E+01,1.90838E+01,1.90838E+01,1.90838E+01,1.90838E+01,1.90838E+01,1.90838E+01 
#t = 1.428E+03
1.90838E+01,1.90838E+01,1.90838E+01,1.90838E+01,1.90838E+01,1.90838E+01,1.90838E+01,1.90838E+01,1.90838E+01,1.90838E+01,1.90838E+01,1.90838E+01,1.90838E+01,1.90838E+01,1.90838E+01,1.90838E+01,1.90838E+01,1.90838E+01,1.90838E+01,9.07210E+00,1.90838E+01,1.90838E+01,1.90838E+01,1.90838E+01,1.90838E+01,1.90838E+01,1.90838E+01,1.90838E+01,5.35296E+00,1.90838E+01,1.90838E+01,4.61919E+00,6.37376E+00,1.90838E+01,1.90838E+01 
#t = 1.470E+03
1.90838E+01,9.07210E+00,1.90838E+01,1.90838E+01,1.90838E+01,1.90838E+01,1.90838E+01,1.90838E+01,1.90838E+01,8.42319E+00,7.08706E+00,1.90838E+01,1.90838E+01,1.90838E+01,1.90838E+01,1.90838E+01,1.90838E+01,5.84008E+00,4.91434E+00,3.43504E+00,1.90838E+01,3.25386E+00,1.90838E+01,1.90838E+01,1.90838E+01 
#t = 1.512E+03
1.90838E+01,1.90838E+01,1.90838E+01,1.90838E+01,1.90838E+01,1.90838E+01,1.90838E+01,1.90838E+01,1.90838E+01,1.90838E+01,1.90838E+01,1.90838E+01,1.90838E+01,1.90838E+01,1.90838E+01,1.90838E+01,1.90838E+01,1.90838E+01,3.06764E+00,1.90838E+01,1.56893E+00,1.90838E+01,1.90838E+01,2.06013E+00 
#t = 1.554E+03
1.90838E+01,1.90838E+01,2.05147E+00,1.90838E+01,1.90838E+01,1.49458E+00 
#t = 1.596E+03
1.90838E+01,1.90838E+01,1.85832E+00,2.72355E+00,1.90838E+01 
#t = 1.638E+03
1.90838E+01,1.90838E+01,1.90838E+01,1.90838E+01,1.90838E+01,1.90838E+01,1.90838E+01,1.90838E+01,2.02401E+00,1.90838E+01,1.81391E+00,6.86241E+00,1.59421E+00,1.54745E+00 
#t = 1.680E+03
8.03214E+00,1.90838E+01,1.90838E+01,1.90838E+01,1.90838E+01,5.10284E+00,1.90838E+01,5.48001E+00,6.34349E+00,1.90838E+01,2.46950E+00,2.06082E+00 
#t = 1.722E+03
1.90838E+01,8.53290E+00,1.90838E+01,1.90838E+01,1.90838E+01,1.90838E+01,1.90838E+01,1.90838E+01,2.47488E+00,4.19354E+00,1.73965E+00,7.73397E+00,7.05125E-01,3.17693E+00 
#t = 1.764E+03
1.90838E+01,1.90838E+01,1.90838E+01,1.90838E+01,5.90771E+00,1.90838E+01,5.74308E+00,2.96966E+00,4.06916E+00,6.11231E+00,3.11641E+00,4.87002E+00 
#t = 1.806E+03
1.90838E+01,1.90838E+01,1.90838E+01,1.90838E+01,1.90838E+01,1.90838E+01,1.90838E+01,6.96258E+00,1.90838E+01,1.54999E+00,2.75959E+00,1.90838E+01,5.39890E+00 
#t = 1.848E+03
1.90838E+01,1.90838E+01,1.90838E+01,1.90838E+01,1.90838E+01,1.90838E+01,1.90838E+01,1.90838E+01,1.90838E+01,4.22314E+00,1.90838E+01,1.90838E+01,1.90838E+01,1.90838E+01,2.79573E+00 
#t = 1.890E+03
1.90838E+01,1.90838E+01,1.90838E+01,1.90838E+01,1.90838E+01,1.90838E+01,1.90838E+01,6.77280E+00,1.90838E+01,1.90838E+01,1.90838E+01,1.90838E+01,1.90838E+01,1.90838E+01,1.90838E+01,1.90838E+01,1.90838E+01,1.90838E+01,1.90838E+01,1.90838E+01,2.56468E+00 
#t = 1.932E+03
1.90838E+01,1.90838E+01,1.90838E+01,1.90838E+01,1.90838E+01,1.90838E+01,1.90838E+01,1.90838E+01,1.90838E+01,1.90838E+01,1.90838E+01,1.90838E+01,4.05209E+00,1.90838E+01,1.90838E+01,1.90838E+01,1.90838E+01,1.90838E+01,1.90838E+01,1.90838E+01,2.45329E+00,1.84589E+00,1.90838E+01,1.41759E+00,1.90838E+01,1.90838E+01,1.90838E+01 
#t = 1.974E+03
1.90838E+01,1.90838E+01,1.90838E+01,1.90838E+01,1.90838E+01,1.90838E+01,1.90838E+01,1.90838E+01,1.90838E+01,1.90838E+01,1.90838E+01,1.90838E+01,1.90838E+01,1.90838E+01,3.62558E+00,1.90838E+01,1.90838E+01,2.63740E+00 
#t = 2.016E+03
1.90838E+01,1.90838E+01,1.90838E+01,1.90838E+01,1.90838E+01,1.90838E+01,1.90838E+01,1.90838E+01,1.90838E+01,1.90838E+01,6.27128E+00,1.90838E+01,1.90838E+01,1.90838E+01,5.15332E+00 
#t = 2.058E+03
1.90838E+01,1.90838E+01,1.90838E+01,1.90838E+01,1.90838E+01,1.90838E+01,1.90838E+01,1.90838E+01,1.90838E+01,1.90838E+01,1.90838E+01,1.90838E+01,1.90838E+01,1.90838E+01,1.90838E+01,2.02275E+00,1.90838E+01,1.90838E+01,1.90838E+01,1.90838E+01,1.90838E+01,1.90838E+01,3.32858E+00,1.90838E+01,6.29343E+00,1.90838E+01,1.90838E+01,1.90838E+01,1.90838E+01,9.11285E+00,5.65067E+00,1.84638E+00,1.90838E+01,1.90838E+01,1.90838E+01,1.90838E+01,1.90838E+01,1.90838E+01,1.90838E+01,1.90838E+01,1.90838E+01,2.01932E+00 
#t = 2.100E+03
1.90838E+01,1.90838E+01,1.90838E+01,1.90838E+01,1.90838E+01,1.90838E+01,1.90838E+01,1.90838E+01,1.90838E+01,1.90838E+01,1.90838E+01,1.90838E+01,1.90838E+01,1.90838E+01,1.90838E+01,1.90838E+01,1.90838E+01,1.90838E+01,1.90838E+01,5.41426E+00,1.90838E+01,1.90838E+01,1.90838E+01,1.90838E+01,2.37527E+00,1.90838E+01,1.90838E+01,1.90838E+01,1.90838E+01,1.90838E+01,1.90838E+01,1.90838E+01,1.90838E+01,1.90838E+01,1.90838E+01,1.90838E+01,1.90838E+01 
#t = 2.142E+03
1.90838E+01,1.90838E+01,1.90838E+01,1.90838E+01,1.90838E+01,1.90838E+01,1.90838E+01,1.90838E+01,1.90838E+01,1.90838E+01,1.90838E+01,1.90838E+01,1.90838E+01,1.90838E+01,3.00103E+00,3.26548E+00,1.90838E+01,1.90838E+01,1.90838E+01,1.90838E+01,1.90838E+01,1.90838E+01,1.90838E+01,1.90838E+01,1.90838E+01,1.90838E+01,1.90838E+01,1.90838E+01,4.49821E+00,1.90838E+01,1.90838E+01,1.90838E+01,1.90838E+01,1.90838E+01 
#t = 2.184E+03
1.90838E+01,1.90838E+01,1.90838E+01,1.90838E+01,1.90838E+01,1.90838E+01,1.90838E+01,1.90838E+01,1.90838E+01,1.90838E+01,1.90838E+01,1.90838E+01,1.90838E+01,1.90838E+01,1.90838E+01,1.90838E+01,1.90838E+01,1.90838E+01,1.90838E+01,1.19691E+00,1.90838E+01,1.90838E+01,1.51168E+00 
#t = 2.226E+03
1.90838E+01,1.90838E+01,1.90838E+01,1.90838E+01,1.90838E+01,1.90838E+01,1.90838E+01,1.90838E+01,8.05181E+00,1.90838E+01,1.90838E+01,1.90838E+01,1.90838E+01,1.90838E+01,1.90838E+01,1.90838E+01,1.90838E+01,1.90838E+01 
#t = 2.268E+03
1.90838E+01,1.90838E+01,1.90838E+01,1.90838E+01,1.90838E+01,1.90838E+01,1.90838E+01,1.90838E+01,1.90838E+01,1.90838E+01,1.90838E+01,5.63597E+00,1.90838E+01,1.90838E+01,1.90838E+01,7.53896E-01,1.90838E+01,1.90838E+01,1.90838E+01,1.90838E+01,1.90838E+01,1.90838E+01,3.25647E+00,1.90838E+01,1.90838E+01 
#t = 2.310E+03
1.90838E+01,1.90838E+01,1.90838E+01,1.90838E+01,1.90838E+01,1.90838E+01,1.90838E+01,1.90838E+01,1.90838E+01,1.90838E+01,1.90838E+01,1.90838E+01,1.90838E+01,1.90838E+01,1.90838E+01,1.90838E+01,1.90838E+01,1.90838E+01,1.90838E+01,4.14966E+00,1.90838E+01,1.90838E+01 
#t = 2.352E+03
1.90838E+01,1.90838E+01,8.08991E+00,1.90838E+01,1.90838E+01,8.15429E+00,2.38397E+00,2.13893E+00 
#t = 2.394E+03
3.01612E+00,3.11855E+00,2.57499E+00,5.29770E+00,4.23168E+00,9.53046E-01,2.46729E+00,9.98485E+00,5.79179E+00,4.46114E+00,2.08744E+00 
#t = 2.436E+03
9.98485E+00,2.85852E+00 
#t = 2.478E+03
5.89686E+00,3.60015E+00,2.54732E+00 
#t = 2.520E+03
9.45177E+00,5.66326E+00,1.23460E+00 
#t = 2.562E+03
2.55848E+00,1.86743E+00,2.14514E+00 
#t = 2.604E+03
2.64553E+00,9.16068E+00 
#t = 2.646E+03
9.16068E+00,3.18175E+00 
#t = 2.688E+03
7.27796E+00,3.88081E+00,5.39098E+00,2.63949E+00,3.73988E+00,2.79638E+00,8.47217E+00 
#t = 2.730E+03
1.20370E+01,1.20370E+01,2.71476E+00,3.82635E+00 
#t = 2.772E+03
1.20370E+01,7.30962E+00,2.52438E+00,1.20370E+01 
#t = 2.814E+03
9.61082E+00,3.86744E+00,3.78761E+00,9.53710E-01 
#t = 2.856E+03
2.72189E+00,2.22541E+00 
#t = 2.898E+03
5.22929E+00,4.20362E+00,2.96015E+00,3.36896E+00 
#t = 2.940E+03
9.34053E+00,2.79715E+00,3.28910E+00,1.73795E+00,2.53780E+00 
#t = 2.982E+03
3.51093E+00,6.08552E+00,1.88630E+00 
#t = 3.024E+03
5.33429E+00,4.46847E+00,4.30765E+00,2.94865E+00 
#t = 3.066E+03
-9.99900E+03
#t = 3.108E+03
5.45025E+00,3.67949E+00,3.67614E+00,7.44922E+00,1.41520E+00 
#t = 3.150E+03
6.53066E+00,4.32234E+00,2.38744E+00 
#t = 3.192E+03
1.36763E+00,6.30201E+00 
#t = 3.234E+03
3.12645E+00,3.10141E+00,4.07789E+00 
#t = 3.276E+03
2.21321E+00,4.43262E+00,3.25724E+00,3.47569E+00,7.35252E+00,2.09530E+00,3.64037E+00,2.85902E+00 
#t = 3.318E+03
9.18249E+00,1.03968E+01,9.15754E+00,2.88709E+00,2.88186E+00,2.45124E+00 
#t = 3.360E+03
8.72826E+00,6.64751E+00,7.76158E+00,1.35669E+00 
#t = 3.402E+03
8.72826E+00,1.93718E+00,6.41326E-01 
#t = 3.444E+03
2.49464E+00,6.99439E+00,2.66002E+00 
#t = 3.486E+03
1.34145E+00,4.50452E+00,2.82255E+00 
#t = 3.528E+03
4.43667E+00,1.20751E+00,1.34906E+00 
#t = 3.570E+03
1.07137E+01,2.85737E+00,6.22288E+00,3.57773E+00,3.26422E+00 
#t = 3.612E+03
1.15882E+01,1.15882E+01,4.12422E+00,3.68423E+00 
#t = 3.654E+03
2.10592E+00,6.15639E+00,1.52771E+00 
#t = 3.696E+03
8.18732E+00,9.59694E+00,1.59887E+00 
#t = 3.738E+03
8.18732E+00,1.05772E+01,1.05772E+01,6.66676E+00,2.99036E+00,1.56136E+00,2.98065E+00,3.46212E+00 
#t = 3.780E+03
3.00030E+00,4.70795E+00 
#t = 3.822E+03
5.49162E+00,2.98712E+00 
#t = 3.864E+03
2.43742E+00,2.30637E+00,4.68772E+00,1.91806E+00 
#t = 3.906E+03
7.52375E+00,1.88839E+00,2.67666E+00 
#t = 3.948E+03
4.08009E+00,6.71047E+00,1.86527E+00,8.52189E+00 
#t = 3.990E+03
8.52189E+00,6.90137E+00,3.08034E+00,1.91952E+00 
#t = 4.032E+03
1.13343E+01,1.48824E+00,3.24108E+00,1.88692E+00,1.29632E+00 
#t = 4.074E+03
8.25441E+00,1.05401E+01,1.13343E+01,1.05401E+01,1.13343E+01,4.37862E+00,3.51374E+00,1.05401E+01 
#t = 4.116E+03
1.13343E+01,4.21889E+00,8.35274E+00,1.13343E+01,2.94917E+00,4.57964E+00 
#t = 4.158E+03
1.78330E+00,5.71933E+00,1.62921E+00,7.12935E+00,2.76725E+00 
#t = 4.200E+03
8.79584E+00,5.04460E+00,4.12792E+00 
