#t = 0.000E+00
1.94400E+00,5.75415E+00,1.70383E+00,3.74441E+00,4.34204E+00 
#t = 4.200E+01
9.21999E+00,4.31222E+00,3.43595E+00 
#t = 8.400E+01
1.91697E+00,3.62233E+00 
#t = 1.260E+02
6.72362E+00,2.36483E+00,4.49104E+00,5.53105E+00,4.27823E+00 
#t = 1.680E+02
2.72130E+00,2.83812E+00,7.11317E+00,2.23753E+00,3.12567E+00 
#t = 2.100E+02
8.19958E+00,1.63044E+01,2.03722E+00,3.06247E+00 
#t = 2.520E+02
8.19958E+00,2.20591E+00 
#t = 2.940E+02
5.49294E+00,2.15190E+00,1.59337E+00,1.15327E+00 
#t = 3.360E+02
4.21352E+00,6.22306E+00,2.36267E+00,5.17799E+00,1.94279E+00 
#t = 3.780E+02
6.65907E+00 
#t = 4.200E+02
1.01216E+01,5.78486E+00,1.62227E+00,1.84919E+00 
#t = 4.620E+02
8.33190E+00,3.45811E+00,2.33332E+00,5.89619E+00 
#t = 5.040E+02
5.44558E+00,5.62032E+00,2.03806E+00,3.63969E+00,1.23754E+00 
#t = 5.460E+02
1.19218E+01,1.19218E+01,8.72046E+00,1.19218E+01,1.19218E+01,9.46250E-01 
#t = 5.880E+02
7.96279E+00,7.13980E+00,1.23283E+01,1.77581E+00,1.23283E+01 
#t = 6.300E+02
1.23283E+01,1.23283E+01,1.23283E+01,3.80591E+00,4.32845E+00 
#t = 6.720E+02
1.23283E+01,1.23283E+01,1.23283E+01,1.23283E+01,1.03202E+01,1.37055E+01,1.37055E+01,1.23283E+01,1.23283E+01,1.23283E+01,1.23283E+01,3.46355E+00 
#t = 7.140E+02
1.23283E+01,1.23283E+01,1.23283E+01,2.65574E+00,1.23283E+01 
#t = 7.560E+02
1.23283E+01,1.23283E+01,1.23283E+01,1.23283E+01,1.23283E+01,1.23283E+01,3.32724E+00,2.52445E+00,1.23283E+01,1.23283E+01 
#t = 7.980E+02
1.23283E+01,1.23283E+01,1.23283E+01,1.23283E+01,1.23283E+01,1.23283E+01,1.23283E+01,1.23283E+01,1.23283E+01,1.23283E+01,5.37096E+00,1.23283E+01,1.23283E+01,1.23283E+01,1.23283E+01,1.23283E+01,2.41972E+00,1.23283E+01,1.23309E+00,1.23283E+01,9.72696E-01,1.23283E+01,1.12686E+00,1.23283E+01 
#t = 8.400E+02
1.23283E+01,1.23283E+01,1.23283E+01,1.23283E+01,1.23283E+01,1.23283E+01,1.23283E+01,1.23283E+01,1.23283E+01,1.23283E+01,1.23283E+01,1.23283E+01,1.23283E+01,1.23283E+01,1.23283E+01,1.23283E+01,1.23283E+01,1.23283E+01,1.23283E+01,1.23283E+01,2.32994E+00,1.23283E+01,1.23283E+01,1.23283E+01,2.64165E+00,1.63768E+00,1.23283E+01,1.23283E+01,3.34879E+00,2.13940E+00,1.23283E+01 
#t = 8.820E+02
1.23283E+01,1.23283E+01,1.23283E+01,1.23283E+01,1.23283E+01,1.23283E+01,1.23283E+01,2.38584E+00,1.23283E+01,9.91969E+00 
#t = 9.240E+02
1.23283E+01,5.87101E+00,2.81400E+00,4.11804E+00,1.66814E+00,1.05117E+00 
#t = 9.660E+02
5.74177E+00 
#t = 1.008E+03
2.41877E+00,2.23982E+00,2.04044E+00 
#t = 1.050E+03
3.74849E+00,7.46846E+00,1.76046E+00,4.79948E+00,2.48651E+00,2.44718E+00 
#t = 1.092E+03
3.45587E+00 
#t = 1.134E+03
-9.99900E+03
#t = 1.176E+03
1.03734E+01,4.26501E+00,6.06077E+00,8.42403E+00 
#t = 1.218E+03
1.03734E+01,5.55928E+00,2.13292E+00 
#t = 1.260E+03
8.60364E+00,1.64358E+00,4.23382E+00 
#t = 1.302E+03
6.13441E+00,5.58216E+00,3.05703E+00,3.39521E+00 
#t = 1.344E+03
1.64633E+00,4.61232E+00 
#t = 1.386E+03
4.43683E+00,6.71904E+00,5.09611E+00 
#t = 1.428E+03
6.08093E+00,2.02931E+00,3.12364E+00 
#t = 1.470E+03
1.28870E+01 
#t = 1.512E+03
4.33294E+00,1.27016E+01,3.95107E+00 
#t = 1.554E+03
1.27016E+01,1.27016E+01,1.27016E+01,1.27016E+01,1.27016E+01,1.27016E+01,4.18972E+00,4.07805E+00,1.27016E+01,1.27016E+01,1.27016E+01 
#t = 1.596E+03
1.27016E+01,8.20910E+00,1.27016E+01,8.96307E+00,3.15195E+00,1.27016E+01,1.27016E+01,4.11790E+00 
#t = 1.638E+03
1.27016E+01,1.27016E+01,1.27016E+01,2.15994E+00,6.82549E+00,2.88150E+00 
#t = 1.680E+03
2.36823E+00 
#t = 1.722E+03
1.63537E+00 
#t = 1.764E+03
6.65266E+00,8.33330E+00,8.32176E+00,4.31542E+00,2.59660E+00,5.32084E+00,3.67778E+00 
#t = 1.806E+03
2.20694E+00,3.74831E+00,2.57885E+00,1.16796E+00,3.09126E+00 
#t = 1.848E+03
1.39499E+01,4.21991E+00,3.22398E+00,1.39499E+01 
#t = 1.890E+03
1.39499E+01,1.39499E+01,5.40338E+00,4.71571E+00,3.48190E+00,6.23520E+00,7.44926E+00,5.47379E+00,1.32562E+00 
#t = 1.932E+03
1.39499E+01,1.39499E+01,1.39499E+01,1.39499E+01,1.48670E+01,1.39499E+01,1.80273E+00,6.90611E+00,1.39499E+01,3.53385E+00,6.19583E+00 
#t = 1.974E+03
7.64418E+00,2.99143E+00,6.22829E+00,4.35993E+00,3.96551E+00,2.29882E+00,2.85505E+00,2.06141E+00 
#t = 2.016E+03
1.20024E+01,7.49541E+00,2.51115E+00,4.29325E+00,3.61397E+00 
#t = 2.058E+03
-9.99900E+03
#t = 2.100E+03
6.68862E+00 
#t = 2.142E+03
4.56874E+00,4.27255E+00 
#t = 2.184E+03
4.40874E+00,4.20163E+00,2.39564E+00,5.22691E+00,1.90271E+00,3.76282E+00 
#t = 2.226E+03
1.02615E+01,1.95729E+00,3.54355E+00,1.02615E+01,5.53654E+00,1.62859E+00 
#t = 2.268E+03
8.36003E+00,5.75750E+00 
#t = 2.310E+03
9.14551E+00,5.67460E+00,1.98666E+00,2.79465E+00,5.31843E+00,7.13179E+00,1.71976E+00 
#t = 2.352E+03
1.54694E+00,2.48243E+00,2.40997E+00,9.13503E-01 
#t = 2.394E+03
7.27875E+00,3.46007E+00,4.45152E+00,3.45635E+00 
#t = 2.436E+03
1.58325E+01 
#t = 2.478E+03
9.14182E+00,3.59944E+00,2.80182E+00 
#t = 2.520E+03
6.89402E+00,6.64064E+00,2.81437E+00,4.25126E+00 
#t = 2.562E+03
4.97540E+00,6.36501E+00,1.58325E+00 
#t = 2.604E+03
9.53978E+00,2.88193E+00,3.78462E+00,4.21699E+00,2.78388E+00 
#t = 2.646E+03
1.97138E+00,1.84243E+00,4.04057E+00,4.54405E+00 
#t = 2.688E+03
6.63306E+00 
#t = 2.730E+03
6.63306E+00,3.56582E+00,4.81491E+00,9.73863E+00,3.05725E+00 
#t = 2.772E+03
6.63306E+00,1.20181E+00,2.46212E+00,7.06163E+00,1.24898E+00,3.70840E+00,8.01827E+00 
#t = 2.814E+03
2.85127E+00,2.93192E+00,5.68497E+00,1.39688E+00 
#t = 2.856E+03
2.51223E+00,1.63245E+00,4.55780E+00,4.51290E+00 
#t = 2.898E+03
5.00008E+00,3.47152E+00,3.60171E+00 
#t = 2.940E+03
5.41195E+00,1.24033E+00,5.35152E+00,5.06462E+00 
#t = 2.982E+03
5.63914E+00,2.03539E+00 
#t = 3.024E+03
3.62705E+00,2.08352E+00,1.71108E+00,2.77079E+00,5.21829E+00,4.90617E+00 
#t = 3.066E+03
4.45257E+00,4.13615E+00,3.78756E+00,1.69822E+00 
#t = 3.108E+03
9.40672E+00,4.66489E+00 
#t = 3.150E+03
1.00871E+01,4.41089E+00,2.54353E+00,1.26960E+01 
#t = 3.192E+03
8.62705E+00,5.26405E+00,3.87891E+00,1.80608E+00 
#t = 3.234E+03
5.53480E+00,5.05277E+00,1.22300E+01,2.80402E+00,1.31103E+00 
#t = 3.276E+03
4.98275E+00,1.22300E+01,1.22300E+01,6.29176E+00,1.22300E+01,4.59067E+00 
#t = 3.318E+03
4.52602E+00,9.19162E-01,3.21969E+00,5.23759E+00 
#t = 3.360E+03
7.21290E+00,5.84386E+00,2.38819E+00,4.91705E+00 
#t = 3.402E+03
7.91625E+00,3.16165E+00,2.63877E+00,9.03085E+00,2.81724E+00,2.07536E+00 
#t = 3.444E+03
7.00462E+00,2.27106E+00,4.11320E+00,2.85802E+00 
#t = 3.486E+03
9.67756E+00,1.15879E+00 
#t = 3.528E+03
9.77837E+00 
#t = 3.570E+03
9.47915E+00,1.14867E+00,1.35417E+00,2.59639E+00,3.18057E+00 
#t = 3.612E+03
4.05107E+00,1.54135E+00,1.69041E+00,1.14495E+00 
#t = 3.654E+03
3.46229E+00,3.82711E+00 
#t = 3.696E+03
1.12957E+01,1.12957E+01,1.12957E+01,4.32232E+00,1.75024E+00 
#t = 3.738E+03
1.12957E+01,1.12957E+01,8.84988E+00,8.76881E+00,1.62549E+01,1.62549E+01,4.16637E+00,4.61092E+00,1.84388E+00,1.85437E+00 
#t = 3.780E+03
1.12957E+01,1.62549E+01,1.07073E+01,1.62549E+01,1.12957E+01,1.12957E+01,1.62549E+01,1.12957E+01,1.12957E+01,1.12957E+01,3.35738E+00,1.12957E+01,1.62549E+01,2.27590E+00,1.62549E+01,1.12957E+01,1.62549E+01,1.62549E+01,2.01865E+00,1.62549E+01 
#t = 3.822E+03
1.12957E+01,1.62549E+01,1.62549E+01,1.12957E+01,1.12957E+01,1.12957E+01,1.62549E+01,1.12957E+01,1.12957E+01,1.12957E+01,7.30424E+00,1.62549E+01,1.12957E+01,1.12957E+01,1.12957E+01,1.62549E+01,1.12957E+01,1.12957E+01,1.62549E+01,1.12957E+01,1.12957E+01,4.14726E+00,1.62549E+01,1.12957E+01,3.31616E+00,2.64164E+00,2.92358E+00 
#t = 3.864E+03
1.12957E+01,1.12957E+01,1.12957E+01,1.16856E+01,1.12957E+01,1.16856E+01,1.12957E+01,1.12957E+01,8.91783E+00,8.88958E+00,1.12957E+01,1.12957E+01,1.12957E+01,1.16856E+01 
#t = 3.906E+03
1.12957E+01,1.12957E+01,1.16856E+01,1.16856E+01,1.12957E+01,1.12957E+01,1.16856E+01,1.16856E+01,1.16856E+01,1.16856E+01,1.37119E+01,1.12957E+01,1.16856E+01,1.12957E+01,1.12957E+01,5.40440E+00,1.16856E+01,1.70127E+00,1.16856E+01,1.16856E+01,4.78990E+00 
#t = 3.948E+03
1.12957E+01,1.12957E+01,1.12957E+01,1.16856E+01,1.16856E+01,1.16856E+01,1.16856E+01,1.12957E+01,1.12957E+01 
#t = 3.990E+03
1.12957E+01,1.12957E+01,2.56493E+00,1.55935E+00,1.41588E+00,2.54430E+00 
#t = 4.032E+03
2.87719E+00,7.64242E+00,3.28179E+00,1.45756E+00 
#t = 4.074E+03
3.98716E+00,1.03237E+01,6.18886E+00,1.28825E+00,2.22227E+00 
#t = 4.116E+03
2.82147E+00 
#t = 4.158E+03
5.85696E+00 
#t = 4.200E+03
3.76249E+00,1.16768E+00 
