#t = 0.000E+00
2.46992E+00,1.17642E+00,1.02141E+00,3.88404E+00,1.79703E+00 
#t = 4.201E+01
6.58358E+00,4.74185E+00,6.40926E+00,1.75277E+00,1.71847E+00 
#t = 8.401E+01
9.60588E+00,4.33401E+00,2.70546E+00 
#t = 1.260E+02
3.12172E+00,1.83634E+00,6.00543E+00 
#t = 1.680E+02
4.30382E+00 
#t = 2.100E+02
2.39272E+00 
#t = 2.520E+02
5.87737E+00,2.55998E+00,1.37268E+00,6.28429E+00,8.41297E-01,4.24304E+00 
#t = 2.940E+02
3.05011E+00 
#t = 3.360E+02
5.74580E+00,1.07729E+01,1.07729E+01,1.28242E+00,2.08735E+00 
#t = 3.780E+02
1.00229E+01,8.94316E+00,3.68091E+00,3.16087E+00 
#t = 4.200E+02
9.13335E+00,4.78233E+00,5.10772E+00,5.03785E+00,3.14826E+00,6.38591E+00,1.36859E+00,2.74045E+00,3.53858E+00,4.61161E+00,1.60364E+00 
#t = 4.620E+02
3.82104E+00,5.36074E+00,2.25440E+00,4.13963E+00,2.43572E+00,3.50240E+00,2.52734E+00,1.20068E+00 
#t = 5.040E+02
1.02946E+00,5.51959E+00,1.71549E+00,1.18379E+00 
#t = 5.460E+02
6.18427E+00,1.43794E+00,2.13422E+00,1.12644E+01,2.41789E+00 
#t = 5.880E+02
1.01034E+01,1.32974E+00 
#t = 6.300E+02
1.01034E+01,6.23305E+00,1.00892E+00,2.89974E+00,5.49410E+00 
#t = 6.720E+02
6.80286E+00,6.81873E+00,2.09893E+00,4.75605E+00 
#t = 7.140E+02
6.02535E+00,1.61156E+00,1.22550E+01,6.53510E+00,2.68641E+00,1.25965E+00 
#t = 7.560E+02
1.22550E+01,1.58664E+00,3.69406E+00,1.98087E+00,6.17233E+00 
#t = 7.980E+02
7.59525E+00,1.43409E+01,2.21883E+00,5.37994E+00,1.41675E+00,3.10830E+00,2.63906E+00 
#t = 8.400E+02
7.77788E+00,1.92052E+00,3.98239E+00,6.59090E+00,2.25167E+00 
#t = 8.820E+02
6.54206E+00,2.81666E+00,4.23229E+00 
#t = 9.240E+02
1.60884E+00,5.11295E+00 
#t = 9.660E+02
1.97721E+00,1.72693E+00 
#t = 1.008E+03
3.92473E+00,1.25615E+00,5.39021E+00 
#t = 1.050E+03
4.57252E+00,3.39757E+00,2.39971E+00 
#t = 1.092E+03
4.21626E+00,2.65938E+00,3.15275E+00 
#t = 1.134E+03
2.19632E+00 
#t = 1.176E+03
5.46914E+00,1.55242E+00,2.46394E+00 
#t = 1.218E+03
7.14396E+00,4.88378E+00,5.34946E+00,6.56778E+00,2.37000E+00 
#t = 1.260E+03
7.89195E+00,5.85877E+00,2.67282E+00,5.28862E+00 
#t = 1.302E+03
2.23546E+00,1.30521E+00,2.34767E+00 
#t = 1.344E+03
5.23801E+00,3.50111E+00 
#t = 1.386E+03
9.10103E+00 
#t = 1.428E+03
1.14966E+00 
#t = 1.470E+03
3.15008E+00,5.32585E+00,5.15281E+00,7.01205E+00,3.57507E+00,2.15196E+00 
#t = 1.512E+03
1.36953E+01,1.36953E+01,4.39608E+00,5.06687E+00,1.36953E+01,3.95768E+00,2.25829E+00,1.52480E+00,6.93918E+00 
#t = 1.554E+03
1.20338E+01,5.04311E+00 
#t = 1.596E+03
9.37663E+00,4.02594E+00,1.21937E+01,2.34085E+00,1.21937E+01 
#t = 1.638E+03
1.21937E+01,1.21937E+01,1.21937E+01,1.21937E+01,1.21937E+01 
#t = 1.680E+03
1.21937E+01,1.21937E+01,1.21937E+01,1.21937E+01,1.21937E+01,1.21937E+01,1.21937E+01,1.21937E+01,1.90427E+00 
#t = 1.722E+03
1.21937E+01,1.21937E+01,1.21937E+01,1.21937E+01,1.21937E+01,1.21937E+01,1.21937E+01,1.21937E+01,1.21937E+01,1.21937E+01,1.21937E+01 
#t = 1.764E+03
1.21937E+01,3.82163E+00,6.36899E+00,1.21937E+01,1.21937E+01,1.21937E+01,1.21937E+01 
#t = 1.806E+03
1.21937E+01,1.21937E+01,4.95917E+00,1.21937E+01,8.75511E+00,1.21937E+01,4.87923E+00,2.70314E+00,1.21937E+01,2.21102E+00,8.88156E+00 
#t = 1.848E+03
1.21937E+01,1.21937E+01,1.21937E+01,1.47449E+01,1.21937E+01,1.21937E+01,1.21937E+01,1.21937E+01,1.21937E+01,1.21937E+01,5.35017E+00,1.21937E+01,1.21937E+01,1.47449E+01,1.23050E+01,9.33026E+00,3.01053E+00,1.21937E+01,1.58279E+00,1.21937E+01,1.21937E+01,3.20254E+00,1.21937E+01 
#t = 1.890E+03
1.47449E+01,1.21937E+01,1.21937E+01,1.21937E+01,1.47449E+01,1.47449E+01,1.21937E+01,1.21937E+01,1.47449E+01,1.47449E+01,1.47449E+01,1.21937E+01,1.21937E+01,1.47449E+01,1.21937E+01,1.47449E+01,1.47449E+01,1.47449E+01,1.21937E+01,1.47449E+01,1.21937E+01,1.21937E+01,1.21937E+01,1.47449E+01,1.21937E+01,1.47449E+01,1.21937E+01,1.47449E+01,1.72593E+00,1.21937E+01,1.47449E+01,1.47449E+01,1.47449E+01,1.21937E+01,2.80667E+00,1.47449E+01,2.43341E+00,1.21937E+01,1.47449E+01,1.21937E+01,1.47449E+01,1.21937E+01,1.47449E+01,1.28249E+00 
#t = 1.932E+03
1.21937E+01,1.21937E+01,1.47449E+01,1.21937E+01,1.21937E+01,1.21937E+01,1.47449E+01,7.15800E+00,1.21937E+01,1.47449E+01,1.21937E+01,1.47449E+01,1.47449E+01,1.21937E+01,1.21937E+01,1.21937E+01,1.21937E+01,1.21937E+01,1.21937E+01,1.21937E+01,1.47449E+01,1.21937E+01,1.21937E+01,1.21937E+01,1.21937E+01,1.21937E+01,1.21937E+01,1.47449E+01,1.47449E+01,1.47449E+01,1.47449E+01,1.21937E+01,1.47449E+01,1.47449E+01,1.21937E+01,1.21937E+01,1.47449E+01,1.47449E+01,1.47449E+01,1.47449E+01,1.47449E+01,5.50690E+00,1.47449E+01,3.88675E+00,1.21937E+01,1.21937E+01,1.21937E+01,1.21937E+01 
#t = 1.974E+03
1.21937E+01,1.47449E+01,1.21937E+01,1.47449E+01,1.21937E+01,1.47449E+01,1.47449E+01,1.47449E+01,1.47449E+01,1.21937E+01,1.47449E+01,1.47449E+01,1.21937E+01,1.47449E+01,1.21937E+01,1.47449E+01,1.47449E+01,1.47449E+01,8.89816E+00,1.47449E+01,1.21937E+01,1.47449E+01,1.47449E+01,1.21937E+01,3.60138E+00,1.47449E+01,1.47449E+01,2.43713E+00,1.47449E+01,1.21937E+01,1.21937E+01,1.47449E+01,2.34139E+00,1.17324E+00 
#t = 2.016E+03
1.47449E+01,1.47449E+01,1.47449E+01,1.47449E+01,1.47449E+01,1.47449E+01,1.47449E+01,1.47449E+01,1.47449E+01,1.47449E+01,2.18575E+00,1.47449E+01,1.47449E+01,1.47449E+01,1.47449E+01,1.47449E+01,1.06175E+00,1.47449E+01,1.47449E+01,1.47449E+01,4.95487E+00 
#t = 2.058E+03
1.47449E+01,1.47449E+01,1.47449E+01,1.47449E+01,1.47449E+01,1.47449E+01,1.47449E+01,1.47449E+01,1.47449E+01,2.49521E+00,4.40261E+00,1.47449E+01,2.71261E+00,9.62043E-01,1.56871E+00 
#t = 2.100E+03
1.47449E+01,1.47449E+01,1.47449E+01,1.47449E+01,1.47449E+01,1.47449E+01,1.47449E+01,1.47449E+01,1.47449E+01,1.47449E+01,1.47449E+01,1.47449E+01,1.47449E+01,1.47449E+01,1.47449E+01,2.07663E+00,1.47449E+01,1.47449E+01,1.65148E+00,1.47449E+01,1.47449E+01,2.51603E+00 
#t = 2.142E+03
1.47449E+01,1.47449E+01,1.47449E+01,1.47449E+01,1.47449E+01,1.47449E+01,1.47449E+01,1.47449E+01,1.47449E+01,1.47449E+01,1.47449E+01,1.47449E+01,1.47449E+01,2.81336E+00,1.47449E+01,9.86534E-01 
#t = 2.184E+03
1.47449E+01,1.47449E+01,3.81111E+00,1.47449E+01 
#t = 2.226E+03
6.75461E+00,2.39011E+00 
#t = 2.268E+03
7.27089E+00,8.26033E+00 
#t = 2.310E+03
-9.99900E+03
#t = 2.352E+03
4.39727E+00 
#t = 2.394E+03
6.32621E+00 
#t = 2.436E+03
2.89080E+00,2.43619E+00,1.11915E+00 
#t = 2.478E+03
4.08932E+00 
#t = 2.520E+03
1.09698E+01,9.86720E+00,1.88097E+00,2.07838E+00 
#t = 2.562E+03
5.30237E+00,1.72932E+00 
#t = 2.604E+03
8.01550E+00,8.14485E+00,2.98607E+00,8.50704E-01 
#t = 2.646E+03
7.60284E+00,6.94461E+00,2.32320E+00 
#t = 2.688E+03
1.37179E+01,5.04285E+00,3.45147E+00,1.37179E+01 
#t = 2.730E+03
4.47919E+00,3.51721E+00,1.36727E+00 
#t = 2.772E+03
7.35807E-01,2.83383E+00 
#t = 2.814E+03
1.20525E+01,4.87886E+00,4.45690E+00,7.21824E+00,2.22635E+00 
#t = 2.856E+03
4.85350E+00,7.15834E+00 
#t = 2.898E+03
7.04090E+00,4.07792E+00,9.89932E-01,3.37881E+00,2.39898E+00 
#t = 2.940E+03
1.06491E+01,7.80980E+00,1.06491E+01,1.06491E+01 
#t = 2.982E+03
1.00394E+00,1.42809E+00,3.66869E+00,9.90945E-01,8.54701E-01 
#t = 3.024E+03
1.96052E+00,2.01201E+00,2.89772E+00,1.58349E+00,5.61399E+00 
#t = 3.066E+03
6.23796E+00,4.77964E+00,7.21597E+00,7.59232E+00 
#t = 3.108E+03
1.00312E+01 
#t = 3.150E+03
1.50847E+00 
#t = 3.192E+03
3.23553E+00,7.95757E+00,3.04204E+00,1.22430E+00,2.09037E+00 
#t = 3.234E+03
6.07945E+00,6.89386E-01,3.20106E+00 
#t = 3.276E+03
-9.99900E+03
#t = 3.318E+03
2.81404E+00,2.21013E+00,3.47148E+00,4.34950E+00,3.77490E+00 
#t = 3.360E+03
3.50125E+00 
#t = 3.402E+03
1.90442E+00,1.19446E+00 
#t = 3.444E+03
2.80321E+00,1.13996E+00,1.65481E+00 
#t = 3.486E+03
1.75667E+00,2.26752E+00,4.73201E+00,9.98851E-01 
#t = 3.528E+03
1.14093E+01,3.57127E+00,5.72212E+00,2.10109E+00,2.86220E+00,1.33587E+00,7.30994E-01 
#t = 3.570E+03
4.33131E+00,4.05273E+00,7.35586E-01,4.61468E+00,1.16348E+00,1.70819E+00 
#t = 3.612E+03
8.02504E-01,4.96339E+00 
#t = 3.654E+03
3.19363E+00,2.75978E+00 
#t = 3.696E+03
5.18341E+00,1.06188E+01,4.24810E+00,1.06188E+01,5.07681E+00,1.54253E+00 
#t = 3.738E+03
1.06188E+01,2.34259E+00,7.29399E+00,1.75729E+00,3.32787E+00 
#t = 3.780E+03
3.35925E+00,1.68294E+00 
#t = 3.822E+03
8.50000E+00,3.74122E+00,1.03104E+01,1.28975E+00 
#t = 3.864E+03
4.99359E+00,2.63320E+00,3.09260E+00,2.67091E+00 
#t = 3.906E+03
5.29745E+00,1.35441E+00 
#t = 3.948E+03
1.07964E+00,9.47614E-01,2.96529E+00 
#t = 3.990E+03
1.02411E+01,2.58054E+00,3.92923E+00 
#t = 4.032E+03
1.02411E+01,7.69528E+00,4.70740E+00,3.69006E+00,1.03603E+00,1.89811E+00 
#t = 4.074E+03
1.02411E+01,5.62762E+00,9.62044E+00,4.74098E+00,1.60250E+00,8.11086E+00 
#t = 4.116E+03
5.58551E+00,2.68569E+00,2.56521E+00,8.34218E-01 
#t = 4.158E+03
-9.99900E+03
#t = 4.200E+03
3.70188E+00,6.40475E+00,4.37955E+00,7.74540E+00,3.23822E+00,2.95866E+00,2.66594E+00,3.34108E+00,2.34691E+00 
