#t = 0.000E+00
3.66874E+00,2.80403E+00,1.20472E+00,3.97821E+00,1.29390E+00 
#t = 4.200E+01
3.42000E+00,4.00101E+00 
#t = 8.400E+01
4.15764E+00,8.08745E+00,6.62434E+00,3.06004E+00 
#t = 1.260E+02
8.39295E+00,1.82187E+00,4.31664E+00,5.30388E+00 
#t = 1.680E+02
5.63595E+00,7.95985E+00,1.82297E+00,2.17042E+00 
#t = 2.100E+02
7.95985E+00,8.07262E+00,3.86729E+00,8.24869E+00 
#t = 2.520E+02
8.07262E+00,8.17674E+00,1.59333E+00,2.87321E+00,1.60471E+00,1.48794E+00 
#t = 2.940E+02
8.17674E+00,8.59550E+00,4.00632E+00 
#t = 3.360E+02
8.59550E+00,1.38335E+00 
#t = 3.780E+02
8.59550E+00,4.97514E+00,2.65495E+00,7.38364E+00,1.15367E+00 
#t = 4.200E+02
4.26857E+00,8.51319E+00,1.00129E+01,2.34808E+00,1.70904E+00,5.97358E-01 
#t = 4.620E+02
8.51319E+00,1.16362E+01,1.16362E+01,1.16362E+01,5.73617E+00,1.92565E+00,1.79085E+00,3.30258E+00,3.21215E+00,3.56610E+00 
#t = 5.040E+02
1.16362E+01,1.16362E+01,1.16362E+01,2.97922E+00,4.74617E+00,4.67525E+00,1.16362E+01 
#t = 5.460E+02
1.16362E+01,1.16362E+01,1.16362E+01,1.07287E+01,3.48759E+00,1.16362E+01,1.16362E+01,1.16362E+01 
#t = 5.880E+02
5.05280E+00,1.08590E+00,3.66433E+00,2.64810E+00,2.33920E+00 
#t = 6.300E+02
5.32028E+00,2.07594E+00 
#t = 6.720E+02
2.53899E+00 
#t = 7.140E+02
6.14875E+00,4.26244E+00,6.36430E+00,3.90068E+00 
#t = 7.560E+02
8.90572E+00,6.25902E+00,5.78608E+00,1.88004E+00 
#t = 7.980E+02
4.43994E+00,9.61666E-01,1.99451E+00 
#t = 8.400E+02
3.23955E+00,1.91098E+00,4.71797E+00 
#t = 8.820E+02
5.16564E+00,5.64987E+00,4.27171E+00,5.40990E+00,3.50950E+00 
#t = 9.240E+02
8.60608E+00,4.59936E+00,7.37959E+00,1.62515E+00,3.04341E+00,2.10989E+00 
#t = 9.660E+02
4.42714E+00,1.84537E+00 
#t = 1.008E+03
1.53741E+01,6.80546E+00,1.53741E+01,3.99314E+00 
#t = 1.050E+03
9.74520E+00,1.93108E+00,6.94853E+00 
#t = 1.092E+03
9.74520E+00,3.58619E+00,4.42630E+00 
#t = 1.134E+03
4.48890E+00,8.59597E+00,3.51189E+00,2.66777E+00 
#t = 1.176E+03
1.49369E+01,6.63309E+00,5.47356E+00 
#t = 1.218E+03
1.49369E+01,3.65387E+00,1.46173E+00,3.87182E+00,1.57251E+00,1.84402E+00,3.26876E+00,3.35381E+00 
#t = 1.260E+03
7.29847E+00,2.14710E+00 
#t = 1.302E+03
1.34686E+01,6.35595E-01,3.26635E+00,3.90936E+00,4.22837E+00,1.92631E+00 
#t = 1.344E+03
1.25589E+01,1.75945E+00,3.96923E+00,2.75699E+00,2.72580E+00,3.81003E+00 
#t = 1.386E+03
1.25589E+01,5.62166E+00 
#t = 1.428E+03
1.25589E+01,7.24608E+00,5.49409E+00,1.80418E+00,1.56967E+00,7.60633E+00,1.52087E+00 
#t = 1.470E+03
5.57570E+00,1.28619E+00 
#t = 1.512E+03
8.38191E+00,1.07264E+01,6.19700E+00,4.75616E+00,5.75818E+00 
#t = 1.554E+03
1.93676E+00,4.99586E+00,1.69221E+00 
#t = 1.596E+03
8.11545E+00,7.69685E+00,8.92853E+00,6.95384E+00,5.14436E+00,7.00560E+00,1.88908E+00,1.74453E+00,5.10420E+00 
#t = 1.638E+03
2.10026E+00,1.93117E+00 
#t = 1.680E+03
5.07981E+00,8.08517E+00,5.40847E+00,1.56040E+00,4.33099E+00,2.32538E+00,1.50751E+00 
#t = 1.722E+03
8.08517E+00,6.18268E+00,1.83065E+00,3.82718E+00 
#t = 1.764E+03
3.40169E+00,8.84770E-01,2.39259E+00,3.00016E+00 
#t = 1.806E+03
3.43322E+00,5.16662E+00,2.04119E+00,5.53377E+00,1.78349E+00 
#t = 1.848E+03
9.84034E+00,1.19827E+00,1.37884E+00,1.62878E+00 
#t = 1.890E+03
4.82565E+00,2.99259E+00,4.06886E+00,1.13417E+01,1.13417E+01,1.08967E+00,7.66130E+00 
#t = 1.932E+03
1.13417E+01,1.13417E+01,1.13417E+01 
#t = 1.974E+03
1.13417E+01,1.13417E+01,1.81662E+00,2.15231E+00,3.32875E+00,3.53187E+00,8.06732E-01 
#t = 2.016E+03
1.13417E+01,1.13417E+01,6.06216E+00,7.30500E+00,1.57530E+00,1.13417E+01 
#t = 2.058E+03
1.13417E+01,1.13417E+01,1.13417E+01,6.07328E+00,1.13417E+01,1.13417E+01,1.96382E+00,1.13417E+01,1.13417E+01,1.13417E+01,1.13417E+01,1.40466E+00,1.13417E+01,1.13417E+01,2.29296E+00,1.13417E+01 
#t = 2.100E+03
1.13417E+01,1.13417E+01,1.13417E+01,1.13417E+01,1.13417E+01,2.04943E+00,1.13417E+01,1.13417E+01,1.13417E+01,1.13417E+01,1.13417E+01 
#t = 2.142E+03
1.13417E+01,1.13417E+01,1.13417E+01,1.13417E+01,1.13417E+01,1.13417E+01,1.13417E+01,1.13417E+01,1.13417E+01,1.13417E+01,1.13417E+01,4.64186E+00,8.90661E-01,1.13417E+01,1.13417E+01,1.62971E+00,4.15030E+00,1.13417E+01 
#t = 2.184E+03
1.13417E+01,1.13417E+01,1.13417E+01,1.13417E+01,1.13417E+01,4.72277E+00,1.13417E+01,4.72722E+00,1.13417E+01,7.24971E+00,3.36287E+00,1.13417E+01,5.14492E+00,1.41423E+00,4.77041E+00,2.19717E+00 
#t = 2.226E+03
1.13417E+01,1.13417E+01,1.01432E+01,3.80083E+00,1.10903E+01,8.86357E+00,3.78926E+00 
#t = 2.268E+03
1.10903E+01,1.13417E+01,1.10903E+01,1.10903E+01,1.10903E+01,2.69119E+00 
#t = 2.310E+03
8.24978E+00,6.44066E+00,7.15756E+00,4.02222E+00 
#t = 2.352E+03
8.24978E+00,5.42133E+00,1.00039E+00,1.92925E+00,1.62870E+00 
#t = 2.394E+03
2.11657E+00,5.54276E+00,1.58620E+00,3.07525E+00 
#t = 2.436E+03
1.06886E+01,3.57215E+00 
#t = 2.478E+03
2.65168E+00,2.52787E+00,2.51645E+00 
#t = 2.520E+03
6.43615E+00,7.50788E+00,8.51921E+00,2.88235E+00 
#t = 2.562E+03
5.72076E+00,2.10266E+00,7.32363E+00 
#t = 2.604E+03
1.53775E+01,1.53775E+01,1.53775E+01 
#t = 2.646E+03
9.08138E+00,1.53775E+01 
#t = 2.688E+03
4.84698E+00,1.07731E+01,3.66489E+00,4.02641E+00,3.79535E+00 
#t = 2.730E+03
3.71721E+00,1.58499E+00 
#t = 2.772E+03
1.54230E+01,1.77867E+00,1.54230E+01,1.23460E+00,1.54230E+01 
#t = 2.814E+03
1.54230E+01,1.54230E+01,1.54230E+01,1.54230E+01,1.54230E+01,1.87327E+00,3.69818E+00 
#t = 2.856E+03
1.54230E+01,5.01325E+00,1.54230E+01,3.59530E+00 
#t = 2.898E+03
8.31316E+00,3.83384E+00,5.16731E+00,3.46155E+00,6.01000E+00,4.98955E+00,4.40090E+00 
#t = 2.940E+03
2.69483E+00,1.83757E+00,1.16113E+00 
#t = 2.982E+03
2.30376E+00,1.07025E+00,3.12679E+00,1.29137E+00 
#t = 3.024E+03
2.01276E+00,4.50631E+00 
#t = 3.066E+03
8.40368E+00,3.05457E+00,2.33064E+00,3.30713E+00,2.90300E+00 
#t = 3.108E+03
3.74948E+00,4.38448E+00,4.14539E+00 
#t = 3.150E+03
1.59258E+00,1.85387E+00,9.44258E+00 
#t = 3.192E+03
5.33326E+00,2.71809E+00 
#t = 3.234E+03
7.98991E+00,8.80468E+00,1.38173E+00,2.19641E+00,2.67304E+00 
#t = 3.276E+03
1.24180E+01,1.24180E+01,1.24180E+01,1.24180E+01,4.45767E+00 
#t = 3.318E+03
7.52449E+00,2.04415E+00,1.88009E+00,3.83658E+00 
#t = 3.360E+03
6.54612E+00,2.62066E+00 
#t = 3.402E+03
6.85843E+00,3.52085E+00,2.60832E+00 
#t = 3.444E+03
4.04361E+00,4.53625E+00,2.49792E+00,1.37607E+00,1.86427E+00 
#t = 3.486E+03
2.64672E+00,6.35722E+00,2.78683E+00 
#t = 3.528E+03
3.79834E+00,5.88537E+00,5.16739E+00,5.94307E+00,2.13743E+00,1.24267E+00,3.56062E+00 
#t = 3.570E+03
3.55075E+00,4.32490E+00 
#t = 3.612E+03
1.01330E+01,2.08219E+00,1.88222E+00,3.13673E+00,1.18368E+00,2.55163E+00 
#t = 3.654E+03
3.61934E+00,5.83495E+00,5.39310E+00,1.66622E+00,1.88793E+00,4.72257E+00,1.97899E+00 
#t = 3.696E+03
1.96993E+00,3.44422E+00,1.37821E+00 
#t = 3.738E+03
4.77552E+00,4.14858E+00,3.63726E+00 
#t = 3.780E+03
1.79802E+01,4.27839E+00,7.05947E-01 
#t = 3.822E+03
6.52413E+00,1.08575E+01,2.75529E+00,1.08575E+01 
#t = 3.864E+03
1.08575E+01,1.08575E+01,1.08575E+01,1.10797E+01,6.33566E+00,5.73888E+00,1.08575E+01,4.31793E+00,3.39223E+00,1.73722E+00 
#t = 3.906E+03
1.08575E+01,2.32734E+00,3.09923E+00 
#t = 3.948E+03
8.66466E+00,4.76851E+00,2.82681E+00,6.16384E+00,4.19162E+00,3.14197E+00 
#t = 3.990E+03
5.73358E+00 
#t = 4.032E+03
4.51401E+00 
#t = 4.074E+03
3.74511E+00,8.24500E+00,6.68542E+00 
#t = 4.116E+03
5.01354E+00,3.36389E+00,6.42074E+00,8.75597E+00,7.10856E+00,3.92468E+00 
#t = 4.158E+03
1.62035E+00,9.37139E-01,1.04532E+00 
#t = 4.200E+03
4.81095E+00,2.42526E+00,5.38813E+00,2.12495E+00 
