#t = 0.000E+00
2.32957E+00,1.60943E+00,2.19342E+00,3.56757E+00,1.39181E+00 
#t = 4.200E+01
6.14527E+00,8.31527E+00 
#t = 8.400E+01
1.06108E+01,1.06108E+01,1.06108E+01,4.98537E+00,1.06108E+01 
#t = 1.260E+02
1.06108E+01,1.06108E+01,4.36042E+00,2.23235E+00,6.81281E+00,4.17580E+00 
#t = 1.680E+02
1.06108E+01,9.31590E+00,7.21006E+00,1.06108E+01,2.91411E+00 
#t = 2.100E+02
1.92895E+00 
#t = 2.520E+02
8.17937E+00,2.31744E+00,2.58265E+00,2.44523E+00,3.63844E+00,2.61012E+00 
#t = 2.940E+02
1.59145E+00,3.54538E+00,4.57908E+00,1.62502E+00,7.14541E+00,2.02263E+00,3.27946E+00 
#t = 3.360E+02
3.92901E+00,4.79462E+00,2.82183E+00 
#t = 3.780E+02
1.37210E+00,3.03931E+00 
#t = 4.200E+02
2.93090E+00,4.15179E+00,6.38848E+00,9.76643E-01,2.26706E+00 
#t = 4.620E+02
6.16965E+00,5.62799E+00,2.77028E+00,8.54833E-01,4.90577E+00 
#t = 5.040E+02
4.28740E+00,4.44315E+00,3.82614E+00,2.51053E+00 
#t = 5.460E+02
1.02782E+01,5.35071E+00,4.21147E+00 
#t = 5.880E+02
5.52455E+00,3.08245E+00,9.85120E+00,3.10414E+00 
#t = 6.300E+02
2.12624E+00 
#t = 6.720E+02
9.44656E+00,7.89817E+00,2.22594E+00 
#t = 7.140E+02
7.02134E+00,9.40668E+00,3.84115E+00 
#t = 7.560E+02
3.84043E+00,6.26816E+00,7.20068E+00,2.73589E+00,5.39957E+00,7.68598E+00 
#t = 7.980E+02
8.16401E+00,5.27366E+00,1.00328E+00 
#t = 8.400E+02
2.77883E+00,2.08874E+00,2.03662E+00,3.01714E+00 
#t = 8.820E+02
6.27650E+00 
#t = 9.240E+02
6.03436E+00,1.28014E+01,3.18378E+00,3.36602E+00,4.20172E+00,1.28014E+01 
#t = 9.660E+02
4.39410E+00,1.28014E+01,1.28014E+01,1.63449E+00,1.28014E+01,9.76364E+00,1.28014E+01,1.28014E+01,6.16984E+00,6.52937E+00 
#t = 1.008E+03
1.28014E+01,1.28014E+01,1.28014E+01,1.28014E+01,1.28014E+01,1.59926E+00,1.99478E+00,5.27738E+00 
#t = 1.050E+03
4.06931E+00,3.00547E+00,6.12229E+00,3.14071E+00,7.31662E+00 
#t = 1.092E+03
4.01015E+00,1.25919E+00,2.12034E+00,4.72974E+00,1.66304E+00,2.35533E+00 
#t = 1.134E+03
5.62904E+00,2.52584E+00,4.09688E+00,4.47310E+00,9.81450E-01 
#t = 1.176E+03
6.42598E+00 
#t = 1.218E+03
7.69128E+00,5.57413E+00,2.73812E+00,9.55161E-01 
#t = 1.260E+03
6.55785E+00,4.51897E+00,2.77922E+00 
#t = 1.302E+03
3.87809E+00 
#t = 1.344E+03
6.26152E+00,6.22785E+00,7.44946E+00,3.96075E+00,3.93683E+00 
#t = 1.386E+03
2.69037E+00 
#t = 1.428E+03
3.13938E+00,1.11131E+00,3.72619E+00 
#t = 1.470E+03
2.98193E+00,2.50114E+00,2.82227E+00 
#t = 1.512E+03
2.95215E+00,1.49115E+00 
#t = 1.554E+03
9.09524E+00,5.00872E+00,1.73654E+00 
#t = 1.596E+03
5.98103E+00,7.98831E+00,5.66435E+00 
#t = 1.638E+03
1.95273E+00 
#t = 1.680E+03
1.27900E+01,1.04215E+01,1.27900E+01,1.27900E+01,3.26730E+00,1.27900E+01 
#t = 1.722E+03
4.34946E+00,1.17997E+00 
#t = 1.764E+03
7.96002E+00,3.30173E+00,2.21672E+00 
#t = 1.806E+03
2.92040E+00 
#t = 1.848E+03
9.98450E-01 
#t = 1.890E+03
6.82662E+00 
#t = 1.932E+03
6.10557E+00,1.68198E+00 
#t = 1.974E+03
6.40151E+00,1.99303E+00,1.25702E+00,1.99368E+00,4.30303E+00,4.17436E+00 
#t = 2.016E+03
6.40151E+00,9.94977E+00,8.29043E+00,1.05780E+01,1.05780E+01,4.19259E+00,2.36673E+00 
#t = 2.058E+03
8.29043E+00,1.79762E+00,2.43357E+00,5.42143E+00 
#t = 2.100E+03
5.99388E+00,5.97759E+00,4.08934E+00,3.70435E+00,2.47905E+00 
#t = 2.142E+03
7.64739E+00,9.18819E+00,4.93340E+00,8.73186E+00,2.92636E+00,8.84584E+00,2.47543E+00 
#t = 2.184E+03
3.00842E+00,2.73287E+00,6.92042E+00,7.08123E+00,5.64435E+00 
#t = 2.226E+03
1.08069E+01,1.84504E+00,1.24821E+00 
#t = 2.268E+03
1.74931E+00,3.45674E+00,1.51725E+00 
#t = 2.310E+03
1.05015E+01,8.46605E+00,4.00388E+00,3.38525E+00 
#t = 2.352E+03
8.46605E+00,4.02422E+00,3.22668E+00 
#t = 2.394E+03
6.77595E+00,5.58101E+00,3.55252E+00 
#t = 2.436E+03
6.99006E+00,2.33823E+00,8.87237E-01,5.89593E+00 
#t = 2.478E+03
7.85722E+00,3.48556E+00,1.43383E+00 
#t = 2.520E+03
8.48060E+00,4.19763E+00,1.58001E+00 
#t = 2.562E+03
8.48060E+00,2.15034E+00,9.80674E-01 
#t = 2.604E+03
8.80266E+00,4.19939E+00,3.87806E+00,2.49715E+00,1.61612E+00 
#t = 2.646E+03
4.23319E+00,8.97573E+00,7.76036E+00,2.05929E+00,5.20157E+00,9.95908E-01 
#t = 2.688E+03
2.76652E+00,1.61669E+00 
#t = 2.730E+03
1.45411E+00,6.29780E+00,2.14435E+00,2.74829E+00,2.98867E+00,2.78014E+00 
#t = 2.772E+03
7.43077E+00,7.83062E+00,2.49448E+00 
#t = 2.814E+03
1.32518E+00,4.67442E+00,2.23765E+00,3.26128E+00,1.55590E+00 
#t = 2.856E+03
7.70321E+00,3.73949E+00,5.49514E+00,5.35463E+00,1.71609E+00 
#t = 2.898E+03
7.77597E+00,4.78162E+00,3.16901E+00 
#t = 2.940E+03
7.32645E+00,1.02217E+01,5.05889E+00,1.02217E+01,5.22446E+00,3.36709E+00,7.74603E-01 
#t = 2.982E+03
1.46966E+01,3.60904E+00,2.71347E+00,4.21721E+00,1.60606E+00,2.49052E+00 
#t = 3.024E+03
2.10565E+00 
#t = 3.066E+03
3.35060E+00,2.42582E+00,4.26495E+00,2.27101E+00 
#t = 3.108E+03
4.48923E+00,3.54295E+00 
#t = 3.150E+03
4.30758E+00,7.78165E+00,2.63425E+00,2.20559E+00,1.70844E+00 
#t = 3.192E+03
1.98074E+00,1.48926E+01 
#t = 3.234E+03
7.96917E+00,5.17280E+00,4.26549E+00,2.69584E+00 
#t = 3.276E+03
3.74841E+00,1.15288E+00,1.99075E+00 
#t = 3.318E+03
9.35360E+00,3.71394E+00,3.12825E+00,1.89568E+00,2.21286E+00 
#t = 3.360E+03
5.23920E+00 
#t = 3.402E+03
1.95508E+00 
#t = 3.444E+03
1.86633E+00,2.66431E+00,2.26990E+00 
#t = 3.486E+03
4.45941E+00,7.04775E+00,3.92483E+00,4.02271E+00,2.89282E+00,4.09045E+00 
#t = 3.528E+03
7.04775E+00,1.14998E+01,8.16388E+00,3.38916E+00,4.02136E+00,4.08705E+00,3.05259E+00 
#t = 3.570E+03
8.92505E+00,5.71863E+00,1.33517E+01,2.63761E+00 
#t = 3.612E+03
1.50591E+00,5.02406E+00 
#t = 3.654E+03
5.24526E+00,9.53552E+00,4.89719E+00,2.56183E+00,2.20221E+00 
#t = 3.696E+03
1.53868E+00,2.98956E+00 
#t = 3.738E+03
6.66670E+00,1.02150E+00 
#t = 3.780E+03
1.02198E+01,6.21490E+00,1.02198E+01,3.66168E+00 
#t = 3.822E+03
9.42993E+00,8.26923E+00,3.03454E+00,3.84771E+00,6.47711E+00,2.98975E+00 
#t = 3.864E+03
8.64780E+00,2.06247E+00,3.41955E+00,1.69245E+00,4.05140E+00 
#t = 3.906E+03
7.93643E+00,8.28672E+00,2.84072E+00,5.41074E+00,4.58753E+00,2.86235E+00,1.74508E+00 
#t = 3.948E+03
1.54325E+01,1.49466E+00,4.80838E+00 
#t = 3.990E+03
2.30053E+00,2.01119E+00,1.06077E+00,3.70827E+00 
#t = 4.032E+03
2.08598E+00,4.72207E+00,3.20760E+00,3.79302E+00,1.66085E+00 
#t = 4.074E+03
4.50316E+00 
#t = 4.116E+03
6.74448E+00,3.24522E+00,4.10619E+00 
#t = 4.158E+03
4.16252E+00,1.90681E+00,5.59974E+00 
#t = 4.200E+03
1.34178E+00,9.88087E-01 
