#t = 0.000E+00
1.67538E+00,1.71525E+00,1.17954E+00,1.31175E+00,1.85865E+00 
#t = 4.200E+01
3.27956E+00,4.68583E+00,3.52291E+00,3.35036E+00,2.16075E+00 
#t = 8.400E+01
2.98069E+00,5.30421E+00,2.45358E+00,3.40531E+00,1.24461E+00,2.97210E+00 
#t = 1.260E+02
3.35554E+00,3.81503E+00,3.00975E+00 
#t = 1.680E+02
2.31598E+00 
#t = 2.100E+02
8.15009E+00,4.38480E+00,6.71701E+00,2.38430E+00,4.51147E+00,3.46643E+00 
#t = 2.520E+02
8.15009E+00,6.93288E+00,7.99219E+00,3.86435E+00,8.08620E+00,1.64744E+00,1.97485E+00 
#t = 2.940E+02
8.42278E+00,3.31881E+00,3.26545E+00 
#t = 3.360E+02
7.12468E+00,6.55515E+00,1.29282E+00,1.70057E+00,2.83356E+00 
#t = 3.780E+02
6.56662E+00,2.60404E+00,3.13620E+00 
#t = 4.200E+02
8.21545E+00,9.10200E+00,2.11255E+00,5.68763E+00,1.15821E+00 
#t = 4.620E+02
8.21545E+00,6.77229E+00,5.31117E+00,2.08408E+00,2.25303E+00 
#t = 5.040E+02
8.95005E+00,4.19189E+00,4.86920E+00 
#t = 5.460E+02
4.15480E+00,1.52603E+00 
#t = 5.880E+02
2.37570E+00,2.63478E+00 
#t = 6.300E+02
8.41213E+00,1.11183E+01,1.11183E+01,1.11183E+01,1.11183E+01,1.11183E+01,1.11183E+01,1.11183E+01,3.85834E+00,1.63156E+00,2.76062E+00,1.11183E+01,1.11183E+01 
#t = 6.720E+02
1.11183E+01,1.11183E+01,1.11183E+01,1.11183E+01,1.11183E+01,1.11183E+01,8.50524E+00,1.11183E+01,1.11183E+01,4.89771E+00 
#t = 7.140E+02
1.11183E+01,1.11183E+01,1.11183E+01,1.11183E+01,1.41744E+00 
#t = 7.560E+02
1.16787E+01,1.16787E+01,1.16787E+01,1.16787E+01,1.16787E+01,5.05210E+00,1.16787E+01,1.06159E+00 
#t = 7.980E+02
1.16787E+01,1.16787E+01,1.16787E+01,1.16787E+01,3.36040E+00,1.13844E+00,1.00803E+00,6.14788E+00 
#t = 8.400E+02
1.16787E+01,1.16787E+01,1.16787E+01,1.16787E+01,7.99893E+00,7.54069E+00,1.16787E+01,1.16787E+01,1.16787E+01,4.55446E+00,1.16787E+01,1.16787E+01,3.91608E+00,3.94002E+00 
#t = 8.820E+02
1.16787E+01,1.16787E+01,1.16787E+01,1.16787E+01,1.16787E+01,1.23250E+01,1.16787E+01,1.16787E+01,5.46036E+00 
#t = 9.240E+02
1.16787E+01,1.23250E+01,1.23250E+01,1.16787E+01,1.23250E+01,1.23250E+01,6.86530E+00,1.16787E+01,1.16787E+01,1.16787E+01,8.55227E+00,3.56078E+00,7.57865E+00,1.23250E+01,7.10759E-01 
#t = 9.660E+02
6.97713E+00,5.75267E+00,3.33985E+00,3.87894E+00 
#t = 1.008E+03
8.45317E+00,1.05861E+01,1.05861E+01,1.05861E+01,6.83341E+00,3.26246E+00,1.20654E+00,8.82780E-01 
#t = 1.050E+03
8.45317E+00,1.05861E+01,2.52251E+00,1.26800E+00,3.51114E+00 
#t = 1.092E+03
1.81700E+01,2.99563E+00,3.03012E+00,3.66199E+00,1.28933E+00,3.34441E+00 
#t = 1.134E+03
8.94069E+00 
#t = 1.176E+03
1.67211E+00,1.00512E+00,2.60671E+00,3.32659E+00 
#t = 1.218E+03
1.56797E+01,1.56797E+01,5.45328E+00,1.41230E+00 
#t = 1.260E+03
1.56797E+01,8.10521E+00,1.81597E+00,4.36898E+00 
#t = 1.302E+03
4.87172E+00,6.13540E+00,4.17646E+00,1.98817E+00 
#t = 1.344E+03
7.22462E+00 
#t = 1.386E+03
3.69849E+00 
#t = 1.428E+03
5.27633E+00,1.54576E+00,3.32815E+00 
#t = 1.470E+03
1.51480E+00,6.70642E+00,6.03172E+00,2.13275E+00,1.29485E+00,5.18247E-01 
#t = 1.512E+03
8.13862E+00,4.14325E+00,1.20150E+01,2.56148E+00,5.22053E+00,1.20150E+01,1.21955E+00,3.48479E+00 
#t = 1.554E+03
1.20150E+01,6.35664E+00,4.28043E+00,3.07162E+00,2.14539E+00 
#t = 1.596E+03
3.87955E+00,1.22365E+00 
#t = 1.638E+03
3.59968E+00,8.97952E+00 
#t = 1.680E+03
6.38951E+00 
#t = 1.722E+03
7.47142E+00,2.34965E+00,5.39192E+00,1.39285E+00 
#t = 1.764E+03
2.72886E+00 
#t = 1.806E+03
4.73169E+00,3.76866E+00,1.53044E+00,3.45931E+00,1.47641E+00 
#t = 1.848E+03
1.95364E+00,2.26345E+00,3.01426E+00 
#t = 1.890E+03
6.84170E+00,3.62227E+00,2.09438E+00,3.95375E+00 
#t = 1.932E+03
4.14047E+00,6.52401E+00 
#t = 1.974E+03
-9.99900E+03
#t = 2.016E+03
3.66845E+00,3.38245E+00,3.01073E+00 
#t = 2.058E+03
2.97689E+00 
#t = 2.100E+03
5.06706E+00,3.91391E+00,3.47818E+00,4.22709E+00 
#t = 2.142E+03
9.23954E+00,3.29969E+00,2.77378E+00,2.41759E+00 
#t = 2.184E+03
1.25369E+01,1.22104E+01,1.22104E+01,1.25369E+01,1.22104E+01,4.07206E+00,2.06456E+00 
#t = 2.226E+03
1.25369E+01,1.25369E+01,1.22104E+01,1.25369E+01,1.25369E+01,8.48376E+00,1.22104E+01,1.25369E+01,1.25369E+01,1.25369E+01,1.25369E+01,5.90551E-01,1.25369E+01,2.28732E+00,2.70353E+00,1.25369E+01,5.09645E+00 
#t = 2.268E+03
1.22104E+01,1.25369E+01,1.25369E+01,1.25369E+01,1.25369E+01,1.25369E+01,1.25369E+01,1.25369E+01,1.25369E+01,2.16648E+00,1.96554E+00,1.22104E+01,6.57852E+00,7.19915E+00,1.25369E+01 
#t = 2.310E+03
1.22104E+01,1.22104E+01,1.25369E+01,1.22104E+01,1.22104E+01,1.22104E+01,6.77173E+00,1.22104E+01,1.22104E+01,1.25369E+01,2.01561E+00,1.18095E+00,1.79608E+00 
#t = 2.352E+03
1.22104E+01,1.25369E+01,1.22104E+01,1.22104E+01,1.22104E+01,1.22104E+01,1.22104E+01,1.22104E+01,1.22104E+01,1.22104E+01,1.22104E+01,1.22104E+01,1.22104E+01,1.25369E+01,1.22104E+01,1.22104E+01,1.22104E+01,2.74048E+00,2.09300E+00 
#t = 2.394E+03
1.22104E+01,1.22104E+01,1.25369E+01,1.22104E+01,1.22104E+01,1.25369E+01,1.22104E+01,1.22104E+01,1.22104E+01,1.22104E+01,1.22104E+01,1.22104E+01,1.22104E+01,1.25369E+01,1.22104E+01,1.22104E+01,1.22104E+01,1.25369E+01,1.22104E+01,1.22104E+01,1.25369E+01,1.50829E+00,1.22104E+01,1.22104E+01,1.22104E+01,6.22308E-01,1.22104E+01,1.22104E+01,1.22104E+01,1.22104E+01,1.22104E+01 
#t = 2.436E+03
1.25369E+01,1.22104E+01,1.22104E+01,1.22104E+01,1.22104E+01,1.22104E+01,1.22104E+01,1.22104E+01,1.25369E+01,1.22104E+01,1.22104E+01,1.22104E+01,1.22104E+01,1.22104E+01,1.22104E+01,1.22104E+01,1.22104E+01,5.12713E+00,1.22104E+01,1.22104E+01,1.22104E+01,1.22104E+01,1.22104E+01,1.22104E+01,1.22104E+01,1.22104E+01,1.22104E+01,1.22104E+01,1.71723E+00 
#t = 2.478E+03
1.22104E+01,1.22104E+01,1.22104E+01,1.22104E+01,1.22104E+01,1.22104E+01,1.22104E+01,1.22104E+01,1.22104E+01,1.22104E+01,1.22104E+01,1.22104E+01,1.22104E+01,1.22104E+01,1.22104E+01,7.91694E+00,1.38606E+00,4.38647E+00,1.22104E+01 
#t = 2.520E+03
1.22104E+01,1.22104E+01,1.22104E+01,1.22104E+01,8.40389E+00,1.22104E+01,1.22104E+01,1.22104E+01,1.22104E+01,1.22104E+01,1.22104E+01,1.22104E+01,1.22104E+01,8.24404E+00,7.72679E+00,1.22104E+01,1.23790E+00,1.22104E+01,1.22104E+01,1.22104E+01,1.22104E+01,1.22104E+01,1.22104E+01,2.09177E+00,1.22104E+01,1.22104E+01,1.22104E+01 
#t = 2.562E+03
1.22104E+01,1.22104E+01,1.22104E+01,1.22104E+01,1.22104E+01,1.22104E+01,1.22104E+01,1.22104E+01,1.22104E+01,1.22104E+01,4.12091E+00,1.90524E+00,2.61526E+00,2.26225E+00,1.22104E+01,2.24434E+00,2.68756E+00 
#t = 2.604E+03
1.22104E+01,1.22104E+01,1.22104E+01,1.22104E+01,5.27447E+00,1.22104E+01,1.22104E+01,1.22104E+01,1.22104E+01,1.22104E+01,1.22104E+01,1.22104E+01,1.22104E+01,1.22104E+01,1.22104E+01,1.22104E+01,1.22104E+01,1.22104E+01,2.56317E+00 
#t = 2.646E+03
1.22104E+01,1.22104E+01,1.22104E+01,1.22104E+01,1.22104E+01,1.22104E+01,1.22104E+01,1.22104E+01,1.24768E+01,1.22104E+01,1.99532E+00,1.22104E+01,1.22104E+01 
#t = 2.688E+03
1.22104E+01,1.22104E+01,1.22104E+01,1.22104E+01,1.22104E+01,1.22104E+01,1.22104E+01,1.22104E+01,1.22104E+01,1.24768E+01,1.22104E+01,1.24768E+01,9.56796E+00,1.24768E+01,1.22104E+01,1.22104E+01,1.22104E+01,1.22104E+01,6.79392E+00,2.49329E+00,1.22104E+01,3.69028E+00,1.22104E+01,1.22104E+01,1.22104E+01 
#t = 2.730E+03
1.22104E+01,1.22104E+01,1.22104E+01,1.22104E+01,1.24768E+01,1.22104E+01,1.22104E+01,1.22104E+01,1.22104E+01,3.74989E+00,2.41276E+00,1.39587E+00,1.22104E+01,1.35557E+00 
#t = 2.772E+03
1.22104E+01,9.59413E+00,1.22104E+01,1.22104E+01,1.22104E+01,1.22104E+01,1.22104E+01,1.22104E+01,1.22104E+01,1.22104E+01,1.22104E+01,1.22104E+01,2.37828E+00,1.69577E+00 
#t = 2.814E+03
1.22104E+01,1.22104E+01,8.45872E+00,1.22104E+01,4.67949E+00,5.46186E+00,5.76029E+00,5.61911E+00,3.09867E+00,3.86871E+00 
#t = 2.856E+03
4.03666E+00,9.03511E-01 
#t = 2.898E+03
1.30188E+00,2.36608E+00 
#t = 2.940E+03
1.19047E+00,4.33952E+00,3.69233E+00 
#t = 2.982E+03
4.27393E+00,2.01086E+00,5.95794E+00,3.49005E+00,3.36012E+00,3.86431E+00 
#t = 3.024E+03
2.35830E+00,1.07893E+00,2.04749E+00 
#t = 3.066E+03
8.26496E+00,3.25999E+00,3.58607E+00,6.05584E+00 
#t = 3.108E+03
5.14966E+00,3.55503E+00,2.09486E+00,3.58161E+00,1.94419E+00 
#t = 3.150E+03
-9.99900E+03
#t = 3.192E+03
5.87193E+00 
#t = 3.234E+03
4.28984E+00,2.73816E+00,2.34552E+00,1.39463E+00 
#t = 3.276E+03
4.85985E+00,3.58262E+00,1.98005E+00 
#t = 3.318E+03
4.11219E+00,8.77940E+00,4.59062E+00 
#t = 3.360E+03
7.04731E+00,6.43223E-01 
#t = 3.402E+03
9.21438E+00,5.64560E+00,2.02315E+00 
#t = 3.444E+03
5.23580E+00,3.28023E+00,3.03360E+00 
#t = 3.486E+03
4.10942E+00,2.55026E+00,2.95340E+00 
#t = 3.528E+03
6.70696E+00,1.22713E+00,3.45372E+00 
#t = 3.570E+03
4.08126E+01,3.98491E+00,4.30576E+00,3.84314E+00 
#t = 3.612E+03
4.08126E+01,9.65564E+00,2.81516E+00 
#t = 3.654E+03
3.80821E+00,4.23064E+00,4.11383E+00,4.88473E+00,1.36840E+00,1.34802E+00 
#t = 3.696E+03
3.63841E+00,6.29965E+00,3.05094E+00,1.67671E+00 
#t = 3.738E+03
5.78563E+00,3.29454E+00,3.06456E+00,2.71890E+00,2.45125E+00 
#t = 3.780E+03
1.46539E+00,3.85086E+00 
#t = 3.822E+03
9.54020E+00,6.66008E+00 
#t = 3.864E+03
4.95865E+00,1.10798E+01,1.10798E+01 
#t = 3.906E+03
6.89417E+00,1.51870E+00,2.08803E+00 
#t = 3.948E+03
4.79719E+00,7.58480E+00,3.78928E+00,1.73147E+00 
#t = 3.990E+03
5.52909E+00 
#t = 4.032E+03
9.51936E+00,1.49899E+01,1.49899E+01,2.46315E+00,6.55807E+00,1.49899E+01,7.59591E+00,1.49899E+01 
#t = 4.074E+03
-9.99900E+03
#t = 4.116E+03
8.09549E+00,3.10879E+00,6.50140E+00,6.74507E+00,3.35910E+00 
#t = 4.158E+03
1.81512E+01,4.15640E+00 
#t = 4.200E+03
3.21556E+00,4.19022E+00,2.86920E+00 
