#t = 0.000E+00
2.29714E+00,3.34498E+00,1.83957E+00,4.38480E+00,3.35813E+00 
#t = 4.200E+01
3.08842E+00,7.85672E+00 
#t = 8.400E+01
2.09680E+00,4.16008E+00 
#t = 1.260E+02
2.69620E+00,1.35418E+00 
#t = 1.680E+02
-9.99900E+03
#t = 2.100E+02
8.59466E+00,1.62378E+00,3.17884E+00 
#t = 2.520E+02
1.12254E+00,2.09743E+00 
#t = 2.940E+02
5.33027E+00,2.54823E+00,9.84429E+00 
#t = 3.360E+02
6.36864E+00,1.90110E+00 
#t = 3.780E+02
4.51452E+00,4.37443E+00,1.58690E+00,3.21719E+00 
#t = 4.200E+02
1.21465E+01,1.09388E+00,4.77941E+00 
#t = 4.620E+02
1.95658E+00,1.59904E+00 
#t = 5.040E+02
3.22972E+00,1.53324E+00,5.75726E+00,3.04154E+00 
#t = 5.460E+02
5.13255E+00,4.78179E+00,3.90533E+00 
#t = 5.880E+02
1.27356E+00,2.58752E+00 
#t = 6.300E+02
1.00984E+01,6.46564E+00,3.38983E+00 
#t = 6.720E+02
5.33590E+00,4.10906E+00,1.58423E+00 
#t = 7.140E+02
3.66318E+00,1.79382E+00 
#t = 7.560E+02
9.16636E+00,2.74104E+00,3.25368E+00,2.90002E+00 
#t = 7.980E+02
2.53160E+00 
#t = 8.400E+02
6.48711E+00,4.79393E+00,6.03522E+00,8.68547E+00,9.63682E-01,2.53060E+00,2.14057E+00,3.16143E+00 
#t = 8.820E+02
3.98054E+00,1.35931E+00 
#t = 9.240E+02
5.01033E+00,3.39138E+00 
#t = 9.660E+02
2.08569E+00,3.50013E+00,1.52927E+00,2.39221E+00,3.76519E+00,7.50444E-01 
#t = 1.008E+03
1.16804E+01,1.16804E+01,1.16804E+01,1.16804E+01,1.16804E+01,1.16804E+01,1.91714E+00 
#t = 1.050E+03
1.16804E+01,1.16804E+01,1.16804E+01,1.16804E+01,1.16804E+01,1.16804E+01,1.16804E+01,5.26504E+00 
#t = 1.092E+03
1.16804E+01,9.48257E+00,4.25301E+00,1.16804E+01,1.19270E+01,1.16804E+01,1.19270E+01,4.14609E+00 
#t = 1.134E+03
1.19270E+01,1.19270E+01,1.19270E+01,1.19270E+01,1.19270E+01,1.19270E+01,1.19270E+01,1.19270E+01,1.19270E+01,4.05594E+00,1.19270E+01,2.45514E+00,1.19270E+01,1.76538E+00,2.61244E+00,1.19270E+01,3.95095E+00 
#t = 1.176E+03
1.19270E+01,1.19270E+01,1.19270E+01,1.19270E+01,1.19270E+01,4.87250E+00,1.19270E+01,1.19270E+01,1.19270E+01,1.19270E+01,1.19270E+01,3.31257E+00,1.19270E+01,4.89962E+00 
#t = 1.218E+03
1.19270E+01,1.19270E+01,1.19270E+01,1.19270E+01,1.19270E+01,1.19270E+01,1.19270E+01,1.19270E+01,1.19270E+01,1.19270E+01,1.19270E+01,1.01924E+00,1.19270E+01,3.19305E+00,1.19270E+01,1.19270E+01,1.12881E+01 
#t = 1.260E+03
1.19270E+01,1.19270E+01,1.19270E+01,1.05544E+01,1.19270E+01,1.19270E+01,1.19270E+01,1.19270E+01,1.12881E+01,4.54978E+00,5.60949E+00,1.19270E+01,1.19270E+01,1.19270E+01,1.19270E+01,3.05259E+00,2.51770E+00,6.08457E-01,8.03437E-01 
#t = 1.302E+03
1.84592E+00,4.00030E+00,6.59502E+00 
#t = 1.344E+03
9.94820E+00,6.12488E+00,2.39609E+00,5.03925E+00,1.12522E+00,4.48921E+00,2.48991E+00 
#t = 1.386E+03
5.46681E+00,1.82626E+00,2.44644E+00,9.66216E-01,3.47740E+00,1.03536E+00 
#t = 1.428E+03
1.77575E+00,1.21854E+00 
#t = 1.470E+03
2.66016E+00 
#t = 1.512E+03
3.74648E+00,3.95196E+00 
#t = 1.554E+03
2.31349E+00,4.09746E+00,3.97375E+00 
#t = 1.596E+03
5.12450E+00,9.27713E+00,2.79555E+00,1.23603E+00,2.33374E+00 
#t = 1.638E+03
7.72445E+00 
#t = 1.680E+03
2.39625E+00,1.47814E+00,1.91051E+00 
#t = 1.722E+03
1.80827E+00,2.43060E+00,2.04287E+00,4.64412E+00 
#t = 1.764E+03
1.23384E+00,5.73110E+00,2.43309E+00 
#t = 1.806E+03
1.43938E+00,2.64843E+00 
#t = 1.848E+03
2.71721E+00,5.02266E+00,2.46953E+00 
#t = 1.890E+03
3.96255E+00,9.98601E-01,1.17400E+00,6.32506E+00 
#t = 1.932E+03
4.05161E+00,6.26361E+00 
#t = 1.974E+03
4.80570E+00,3.45317E+00 
#t = 2.016E+03
1.17075E+01,3.29992E+00,2.85303E+00,1.13571E+01,2.58692E+00,2.21762E+00,2.26388E+00 
#t = 2.058E+03
1.13571E+01,1.13571E+01,1.17075E+01,1.13571E+01,1.13571E+01,1.13571E+01,1.14767E+00,1.13571E+01,1.13571E+01 
#t = 2.100E+03
1.13571E+01,2.51775E+00,7.11284E+00,1.93261E+00,3.40677E+00 
#t = 2.142E+03
2.96488E+00 
#t = 2.184E+03
1.35880E+01,1.35880E+01,5.91507E+00,2.88339E+00,1.75306E+00 
#t = 2.226E+03
1.35880E+01,1.35880E+01,1.35880E+01,1.35880E+01,1.35880E+01,1.35880E+01,1.35880E+01,1.35880E+01,2.91758E+00,1.35880E+01,1.35880E+01,2.57225E+00,4.84196E+00,1.35880E+01,1.35880E+01,1.35880E+01,1.35880E+01 
#t = 2.268E+03
1.35880E+01,1.35880E+01,1.05458E+01,1.35880E+01,1.35880E+01,1.35880E+01,1.35880E+01,1.35880E+01,1.35880E+01,1.35880E+01,3.90856E+00,1.50077E+00,1.40166E+00 
#t = 2.310E+03
1.35880E+01,9.75368E+00,4.13934E+00,3.28860E+00,1.35880E+01 
#t = 2.352E+03
1.35880E+01,1.35880E+01,1.35880E+01,8.89316E-01,2.15346E+00,5.12377E+00 
#t = 2.394E+03
3.92390E+00,5.14383E+00 
#t = 2.436E+03
2.40016E+00,5.82830E+00 
#t = 2.478E+03
1.18633E+01,4.74948E+00,4.05339E+00,2.06695E+00 
#t = 2.520E+03
1.18633E+01,3.83969E+00,6.36754E+00,1.71475E+00 
#t = 2.562E+03
5.62596E+00,4.35757E+00,2.38866E+00 
#t = 2.604E+03
6.76755E+00,2.37113E+00,4.00802E+00 
#t = 2.646E+03
2.48647E+00,5.89856E+00 
#t = 2.688E+03
5.04550E+00,5.54840E+00 
#t = 2.730E+03
6.89374E+00,4.59149E+00 
#t = 2.772E+03
8.06060E+00 
#t = 2.814E+03
9.48195E+00,4.30865E+00,4.11125E+00,4.62085E+00,4.11524E+00,4.21004E+00 
#t = 2.856E+03
2.49822E+00,4.07406E+00,3.57197E+00 
#t = 2.898E+03
3.49892E+00 
#t = 2.940E+03
5.14589E+00 
#t = 2.982E+03
1.43704E+00,6.75677E+00,2.39354E+00 
#t = 3.024E+03
1.34903E+01,1.34903E+01,7.86159E+00,3.46570E+00,2.16761E+00 
#t = 3.066E+03
1.34903E+01,6.26786E+00 
#t = 3.108E+03
1.22290E+00 
#t = 3.150E+03
1.02249E+01,3.45441E+00 
#t = 3.192E+03
4.05445E+00 
#t = 3.234E+03
4.10301E+00,3.58552E+00 
#t = 3.276E+03
1.43498E+00 
#t = 3.318E+03
8.49890E+00,9.30207E-01 
#t = 3.360E+03
2.75195E+00 
#t = 3.402E+03
6.13031E+00,4.04556E+00,3.18888E+00,4.03369E+00 
#t = 3.444E+03
1.03848E+01,2.11759E+00 
#t = 3.486E+03
1.23287E+01,4.11564E+00,2.65394E+00 
#t = 3.528E+03
1.22861E+01,1.22861E+01,1.83794E+00,8.16843E+00,3.37955E+00,3.16731E+00,3.27798E+00 
#t = 3.570E+03
7.54716E+00,2.98781E+00,2.00539E+00,3.20203E+00,4.29415E+00 
#t = 3.612E+03
3.55245E+00,2.73264E+00,4.22822E+00,1.49265E+00 
#t = 3.654E+03
2.89524E+00 
#t = 3.696E+03
7.96507E+00,2.09037E+00,3.38824E+00 
#t = 3.738E+03
-9.99900E+03
#t = 3.780E+03
4.75158E+00,1.67752E+00 
#t = 3.822E+03
1.35254E+01,6.75642E+00,6.34481E+00,1.01212E+01 
#t = 3.864E+03
8.39291E+00,6.87104E+00,1.85877E+00,4.18624E+00,4.06582E+00,3.28365E+00 
#t = 3.906E+03
9.44885E+00,6.24745E+00,2.47404E+00,3.53337E+00 
#t = 3.948E+03
3.45590E+00,1.53988E+00,2.07737E+00,1.01869E+01 
#t = 3.990E+03
1.01869E+01,4.94717E+00,3.84815E+00 
#t = 4.032E+03
5.23682E+00,2.17971E+00,4.36012E+00 
#t = 4.074E+03
3.11818E+00,5.31297E+00,2.63511E+00,3.98448E+00 
#t = 4.116E+03
2.78609E+01,2.78609E+01,5.04601E+00,1.86091E+00,4.49569E+00,2.94664E+00,1.63854E+00 
#t = 4.158E+03
3.19515E+00 
#t = 4.200E+03
5.35232E+00,1.74911E+00 
