#t = 0.000E+00
6.27143E+00,4.07211E+00,2.83947E+00,2.72977E+00,2.73489E+00 
#t = 4.200E+01
3.00911E+00,1.93557E+00,4.29031E+00 
#t = 8.400E+01
5.44104E+00,4.94307E+00,4.65329E+00 
#t = 1.260E+02
4.88282E+00,9.91598E-01,6.35700E+00 
#t = 1.680E+02
1.99449E+01,1.99449E+01,4.56768E+00 
#t = 2.100E+02
1.99449E+01,1.99449E+01,1.99449E+01,1.99449E+01,1.99449E+01,5.47162E+00,1.99449E+01,9.38355E+00,2.32139E+00,1.99449E+01,1.47814E+00 
#t = 2.520E+02
1.99449E+01,1.99449E+01,1.99449E+01,2.42183E+00,3.05151E+00,2.12177E+00 
#t = 2.940E+02
1.99449E+01,1.99449E+01,1.99449E+01,1.99449E+01,1.99449E+01,1.99449E+01,1.99449E+01 
#t = 3.360E+02
1.99449E+01,1.99449E+01,1.99449E+01,1.99449E+01,1.99449E+01,1.99449E+01,1.99449E+01,1.99449E+01,4.44770E+00,4.39495E+00,3.19659E+00,1.99449E+01,1.99449E+01,2.33421E+00,1.99449E+01,4.49756E+00,1.99449E+01 
#t = 3.780E+02
1.99449E+01,1.99449E+01,1.99449E+01,1.99449E+01,1.99449E+01,1.99449E+01,1.99449E+01,7.64066E+00,1.99449E+01,2.58627E+00,3.37491E+00,3.41625E+00 
#t = 4.200E+02
1.99449E+01,1.99449E+01,1.99449E+01,1.99449E+01,1.99449E+01,1.99449E+01,1.99449E+01,1.99449E+01,1.99449E+01,1.99449E+01,1.94770E+00,1.99449E+01,1.99449E+01 
#t = 4.620E+02
1.99449E+01,1.99449E+01,5.15008E+00,1.99449E+01 
#t = 5.040E+02
4.17362E+00,4.05380E+00 
#t = 5.460E+02
1.11863E+01,4.06597E+00 
#t = 5.880E+02
1.32728E+01,1.58394E+00,1.21390E+00 
#t = 6.300E+02
5.87301E+00,6.00204E+00,5.10104E+00,3.87943E+00,1.91879E+00,1.48043E+00 
#t = 6.720E+02
6.41339E+00 
#t = 7.140E+02
1.10614E+01,1.10614E+01,2.91370E+00,4.37792E+00,2.71427E+00,1.10614E+01,7.36403E+00 
#t = 7.560E+02
8.24900E+00,1.10614E+01,6.68570E+00,1.65318E+00,1.10614E+01,1.10614E+01,2.80493E+00,1.10614E+01,2.07404E+00,1.36519E+00 
#t = 7.980E+02
2.64422E+00,2.60401E+00,2.77214E+00 
#t = 8.400E+02
4.17495E+00,1.29279E+00 
#t = 8.820E+02
6.26245E+00,3.29725E+00,5.06338E+00,5.08395E+00 
#t = 9.240E+02
6.60097E+00,2.32348E+00,3.02159E+00,4.48743E+00 
#t = 9.660E+02
4.32838E+00,2.77182E+00 
#t = 1.008E+03
3.12350E+00,2.27712E+00,3.20651E+00,2.78010E+00,2.10936E+00 
#t = 1.050E+03
3.25457E+00,1.25387E+00,2.14115E+00,3.18911E+00,4.32638E+00 
#t = 1.092E+03
8.35376E+00,9.42692E-01,2.49002E+00,5.10987E+00 
#t = 1.134E+03
4.74060E+00 
#t = 1.176E+03
1.44343E+01,1.35304E+00 
#t = 1.218E+03
4.39660E+00,6.60071E+00,8.49734E+00,1.16889E+00 
#t = 1.260E+03
8.53195E+00,2.45186E+00 
#t = 1.302E+03
5.39778E+00,1.66655E+00,6.00309E+00 
#t = 1.344E+03
1.75460E+00,7.49122E+00,6.58571E+00 
#t = 1.386E+03
3.29523E+00,1.87143E+00 
#t = 1.428E+03
4.05563E+00 
#t = 1.470E+03
3.44165E+00,1.71503E+00 
#t = 1.512E+03
1.02151E+00,6.77735E+00,2.42913E+00 
#t = 1.554E+03
2.62072E+00,4.12470E+00,9.23858E+00,3.24809E+00 
#t = 1.596E+03
3.03920E+00,1.68317E+00 
#t = 1.638E+03
2.85740E+00 
#t = 1.680E+03
6.45875E+00,2.97519E+00 
#t = 1.722E+03
4.89188E+00,4.85294E+00,1.42855E+00,4.81866E+00,4.50340E+00 
#t = 1.764E+03
3.41030E+00 
#t = 1.806E+03
1.58479E+00 
#t = 1.848E+03
2.36403E+00 
#t = 1.890E+03
5.49672E+00,9.87729E-01,3.30632E+00 
#t = 1.932E+03
7.14266E+00,1.57834E+00,4.12471E+00 
#t = 1.974E+03
3.05478E+00,1.26654E+00 
#t = 2.016E+03
4.75753E+00,2.14567E+00,1.65192E+00,1.41071E+00,4.09263E+00 
#t = 2.058E+03
1.05403E+01,4.25255E+00,7.02777E+00,2.26284E+00,8.46636E-01 
#t = 2.100E+03
3.74229E+00,5.38856E+00,2.52784E+00 
#t = 2.142E+03
2.66150E+00,9.76382E+00,7.41953E+00,5.63194E+00,4.52596E+00,2.66825E+00 
#t = 2.184E+03
8.95598E+00,7.91111E+00,1.45104E+01,4.30085E+00 
#t = 2.226E+03
1.45104E+01,1.45104E+01,5.43018E+00,4.54418E+00,4.19603E+00 
#t = 2.268E+03
5.68322E+00,3.25273E+00 
#t = 2.310E+03
1.91411E+00,4.18005E+00,2.86439E+00 
#t = 2.352E+03
6.92400E+00,7.44891E+00,8.84005E+00,6.35419E+00 
#t = 2.394E+03
-9.99900E+03
#t = 2.436E+03
4.32554E+00,3.41831E+00,3.26287E+00,1.10287E+00 
#t = 2.478E+03
1.91476E+01,1.91476E+01,1.91476E+01,1.91476E+01,3.32238E+00,1.02108E+01,1.91476E+01 
#t = 2.520E+03
1.91476E+01,1.91476E+01,1.91476E+01,1.91476E+01,1.91476E+01,6.02304E+00,8.04989E+00 
#t = 2.562E+03
1.91476E+01,1.91476E+01,1.25712E+01,1.91476E+01,1.91476E+01,1.38161E+00,7.62553E+00,1.91476E+01,4.29251E+00,2.03350E+00,4.20918E+00,1.91476E+01 
#t = 2.604E+03
1.91476E+01,1.91476E+01,1.91476E+01,1.91476E+01,1.91476E+01,1.91476E+01,1.91476E+01 
#t = 2.646E+03
1.91476E+01,1.91476E+01,8.09212E+00,1.91476E+01,1.91476E+01,1.91476E+01,1.91476E+01,1.91476E+01,4.84090E+00,1.91476E+01,1.83685E+00 
#t = 2.688E+03
1.91476E+01,4.85020E+00,9.68484E-01,4.78486E+00 
#t = 2.730E+03
4.53122E+00,1.06250E+01,1.06250E+01,5.84570E+00,1.06250E+01 
#t = 2.772E+03
-9.99900E+03
#t = 2.814E+03
1.19810E+01,2.60805E+00,9.16350E+00,2.82408E+00,5.09560E+00,1.19810E+01 
#t = 2.856E+03
1.19810E+01,4.75441E+00,1.19810E+01,1.19810E+01,1.19810E+01,1.19810E+01,1.19810E+01,1.19810E+01,1.19810E+01,1.19810E+01,4.82125E+00,1.19810E+01,1.19810E+01,1.19810E+01,1.19810E+01,5.04142E+00,4.14238E+00,4.16971E+00 
#t = 2.898E+03
1.19810E+01,1.19810E+01,1.19810E+01,1.19810E+01,1.19810E+01,1.19810E+01,1.19810E+01,1.19810E+01 
#t = 2.940E+03
1.19810E+01,1.19810E+01,1.19810E+01,1.19810E+01,1.19810E+01,4.96863E+00,8.74744E+00,1.19810E+01,4.75152E+00,3.55936E+00,5.54113E+00,3.50666E+00 
#t = 2.982E+03
1.19810E+01,1.19810E+01,1.19810E+01,1.19810E+01,1.19810E+01,7.88000E+00,1.19810E+01 
#t = 3.024E+03
1.19810E+01,1.19810E+01,2.15280E+00 
#t = 3.066E+03
6.94005E+00,3.07014E+00,1.25180E+00,3.77909E+00,1.06102E+01 
#t = 3.108E+03
4.22997E+00,4.08200E+00,4.00002E+00,9.40854E+00 
#t = 3.150E+03
2.69598E+00 
#t = 3.192E+03
3.17315E+00,6.09406E-01 
#t = 3.234E+03
5.98948E+00,4.04099E+00 
#t = 3.276E+03
1.00801E+01,1.20414E+01,2.35740E+00,2.04509E+00,1.44677E+00,3.10370E+00 
#t = 3.318E+03
1.67947E+00 
#t = 3.360E+03
4.64742E+00 
#t = 3.402E+03
2.86658E+00,1.77037E+00 
#t = 3.444E+03
6.60029E-01 
#t = 3.486E+03
2.25936E+00,4.81458E+00,5.58589E+00,4.72968E+00 
#t = 3.528E+03
2.99071E+00,3.94909E+00,4.18628E+00,3.26125E+00 
#t = 3.570E+03
6.80306E+00 
#t = 3.612E+03
4.06290E+00,4.19251E+00 
#t = 3.654E+03
3.34151E+00,1.57493E+00 
#t = 3.696E+03
-9.99900E+03
#t = 3.738E+03
7.33130E+00 
#t = 3.780E+03
3.63852E+00 
#t = 3.822E+03
3.63339E+00,3.98721E+00,4.44099E+00,4.76962E+00 
#t = 3.864E+03
6.70143E+00 
#t = 3.906E+03
5.46563E+00,1.17820E+00,2.71873E+00,2.44129E+00 
#t = 3.948E+03
2.17909E+00,2.17170E+00,1.26004E+00,9.74872E-01 
#t = 3.990E+03
4.75507E+00,2.84672E+00,2.48589E+00,3.55286E+00 
#t = 4.032E+03
-9.99900E+03
#t = 4.074E+03
2.07148E+01,3.05544E+00,2.07148E+01,5.20336E+00,2.07148E+01,3.94368E+00,1.50818E+00 
#t = 4.116E+03
7.20283E+00,2.89818E+00,1.77896E+00,1.57786E+00,3.73869E+00 
#t = 4.158E+03
1.20540E+01 
#t = 4.200E+03
1.20540E+01,1.20540E+01,4.24145E+00,4.06637E+00,7.83319E+00,1.98855E+00 
