#t = 0.000E+00
6.46715E+00,6.82585E+00,4.40114E+00,7.56987E+00,3.58649E+00 
#t = 4.201E+01
1.91933E+00,3.04908E+00 
#t = 8.401E+01
1.12481E+01,1.12481E+01,1.12481E+01,1.12481E+01,1.12481E+01,1.12481E+01,2.52890E+00,1.12481E+01,1.12481E+01,3.61013E+00,1.12481E+01,1.12481E+01,1.45428E+00 
#t = 1.260E+02
1.12481E+01,1.12481E+01,8.16008E+00,2.56689E+00,3.81291E+00,3.70266E+00 
#t = 1.680E+02
1.12481E+01,1.62039E+01,3.77673E+00,2.53644E+00,4.74750E+00,2.13519E+00 
#t = 2.100E+02
1.62039E+01,2.44406E+00,1.11830E+00 
#t = 2.520E+02
1.62039E+01,2.36447E+00,2.03870E+00 
#t = 2.940E+02
1.55914E+01,8.46547E+00,2.81506E+00,4.35725E+00 
#t = 3.360E+02
1.55914E+01,1.55914E+01,1.55914E+01,1.55914E+01,1.55914E+01 
#t = 3.780E+02
1.55914E+01,1.02583E+00,1.55914E+01,4.54578E+00,1.55914E+01,1.55914E+01 
#t = 4.200E+02
1.55914E+01,1.55914E+01,1.55914E+01,1.55914E+01,1.55914E+01,1.92827E+00,1.20224E+00,1.17432E+00,3.33453E+00,1.49090E+00,2.71912E+00,1.30610E+00 
#t = 4.620E+02
1.55914E+01,3.08544E+00,2.22030E+00,3.48941E+00 
#t = 5.040E+02
1.67848E+00,6.01209E+00 
#t = 5.460E+02
5.73298E+00,4.22764E+00,9.41867E+00,2.34168E+00,2.76234E+00 
#t = 5.880E+02
3.76345E+00,2.59353E+00,5.62524E+00 
#t = 6.300E+02
7.06712E+00 
#t = 6.720E+02
6.44860E+00,3.26747E+00,2.17046E+00,4.47395E+00 
#t = 7.140E+02
1.33298E+01,1.33298E+01,1.33298E+01,3.61626E+00,1.33298E+01,1.45646E+00,2.79225E+00 
#t = 7.560E+02
1.33298E+01,1.32089E+00 
#t = 7.980E+02
2.21857E+00 
#t = 8.400E+02
5.30034E+00,1.82888E+00 
#t = 8.820E+02
2.81919E+00,2.05496E+00,1.49325E+00,2.42533E+00 
#t = 9.240E+02
8.81346E+00,4.24017E+00,4.28391E+00,4.39157E+00 
#t = 9.660E+02
5.55030E+00,1.35047E+00 
#t = 1.008E+03
1.07409E+01,5.86846E+00,3.95656E+00,1.21367E+00 
#t = 1.050E+03
2.20197E+00 
#t = 1.092E+03
2.25451E+00,3.35162E+00 
#t = 1.134E+03
6.96907E+00,2.57479E+00,1.41331E+01 
#t = 1.176E+03
3.82621E+00,2.39609E+00,6.39556E-01 
#t = 1.218E+03
1.14186E+01,1.14186E+01,4.54511E+00,5.78970E+00,2.88538E+00,1.98940E+00,7.14358E+00 
#t = 1.260E+03
1.14186E+01,1.14186E+01,1.14186E+01,1.14186E+01,5.34211E+00,9.31748E+00,1.14186E+01,1.68543E+00,2.27486E+00,3.18199E+00,8.97718E+00,1.14186E+01,1.25591E+00,3.73179E+00 
#t = 1.302E+03
1.14186E+01,1.14186E+01,1.14186E+01,1.14186E+01,1.14186E+01,8.48346E+00,1.14186E+01,1.14186E+01,1.14186E+01,1.14186E+01,3.64425E+00,1.08921E+00,1.14186E+01 
#t = 1.344E+03
1.14186E+01,1.14611E+01,1.32240E+01,1.14611E+01,1.32240E+01,1.32240E+01,1.14186E+01,3.68051E+00,1.32240E+01 
#t = 1.386E+03
1.14186E+01,1.14186E+01,1.14186E+01,1.14186E+01,1.14186E+01,1.14186E+01,1.14186E+01,1.14186E+01,1.14186E+01,1.14186E+01,1.14186E+01,1.14186E+01,1.14186E+01,1.14186E+01,3.48903E+00 
#t = 1.428E+03
1.14186E+01,1.14186E+01,1.14186E+01,1.14186E+01,1.14186E+01,1.14186E+01,1.14186E+01,1.39810E+00,9.66947E-01,2.15235E+00,3.27189E+00 
#t = 1.470E+03
1.14186E+01,1.14186E+01,1.14186E+01,1.14186E+01,1.14186E+01,9.44550E+00,1.14186E+01,1.14186E+01,1.14186E+01,1.14186E+01,1.14186E+01,1.75853E+00,3.32660E+00,1.14186E+01,1.14186E+01,1.22604E+00,2.72710E+00,2.37940E+00 
#t = 1.512E+03
1.14186E+01,5.07470E+00,2.43625E+00,1.14186E+01,6.86267E+00 
#t = 1.554E+03
1.14186E+01,1.14186E+01,3.43326E+00,1.14186E+01 
#t = 1.596E+03
1.14186E+01,1.14186E+01,1.14186E+01,1.14186E+01,1.14186E+01,1.54193E+00,3.30665E+00,2.68356E+00,6.84633E+00,7.69067E+00 
#t = 1.638E+03
1.14186E+01,1.14186E+01,1.14186E+01,1.14186E+01,2.24355E+00,1.14186E+01,1.14186E+01,3.58964E+00,4.82653E+00,5.73408E+00,3.77880E+00,1.83040E+00 
#t = 1.680E+03
1.14186E+01,1.14186E+01,1.14186E+01,1.14186E+01,1.14186E+01,1.14186E+01,1.14186E+01,3.41527E+00,6.34849E+00,2.19160E+00,4.40976E-01,2.95783E+00 
#t = 1.722E+03
1.14186E+01,3.65099E+00,2.74134E+00 
#t = 1.764E+03
1.14186E+01,1.14186E+01,1.14186E+01,2.94357E+00,4.16594E+00 
#t = 1.806E+03
3.61849E+00,3.29399E+00 
#t = 1.848E+03
4.08219E+00,9.74313E+00,1.38946E+00,1.99124E+00 
#t = 1.890E+03
2.65279E+00 
#t = 1.932E+03
3.88869E+00,3.12072E+00 
#t = 1.974E+03
9.56245E-01 
#t = 2.016E+03
6.68303E+00,5.02255E+00,1.60920E+00 
#t = 2.058E+03
2.43982E+00,2.02744E+00 
#t = 2.100E+03
3.61460E+00,2.63882E+00 
#t = 2.142E+03
1.79903E+01,7.80656E+00,3.85201E+00,5.60104E+00,5.40792E+00,2.90686E+00,1.88595E+00 
#t = 2.184E+03
3.02896E+00,2.74099E+00 
#t = 2.226E+03
9.24091E+00,4.38801E+00,1.24665E+01 
#t = 2.268E+03
5.34856E+00,2.36824E+00 
#t = 2.310E+03
6.61659E+00,1.51977E+00,4.56500E+00 
#t = 2.352E+03
1.88232E+00,4.77876E+00,1.63402E+00 
#t = 2.394E+03
7.08653E+00,7.79919E+00,7.54101E+00 
#t = 2.436E+03
5.05985E+00,2.64868E+00,1.21896E+01 
#t = 2.478E+03
6.13287E-01,3.04442E+00,2.22131E+00 
#t = 2.520E+03
6.16628E+00,1.76795E+00,5.56031E+00,2.08211E+00 
#t = 2.562E+03
1.65467E+00,1.49064E+00,1.61806E+00 
#t = 2.604E+03
2.59758E+00,4.59379E+00 
#t = 2.646E+03
7.51478E+00,1.10862E+00 
#t = 2.688E+03
1.47320E+00,3.91629E+00,4.10777E+00 
#t = 2.730E+03
5.69610E+00,2.53506E+00,1.22842E+01,2.28060E+00,4.98540E+00 
#t = 2.772E+03
3.56060E+00,2.52959E+00,6.16451E+00 
#t = 2.814E+03
5.13294E+00,7.87351E+00,2.13620E+00,2.39062E+00,3.84351E+00,3.08758E+00,4.69088E+00 
#t = 2.856E+03
6.98749E+00,9.26199E+00,2.76431E+00,4.69007E+00 
#t = 2.898E+03
4.58647E+00,8.93355E-01,3.19441E+00 
#t = 2.940E+03
5.39259E+00,1.16949E+01,2.61920E+00 
#t = 2.982E+03
1.46835E+01 
#t = 3.024E+03
7.05242E+00,3.74827E+00 
#t = 3.066E+03
6.59343E+00,1.57517E+00 
#t = 3.108E+03
8.29579E+00,3.34188E+00,5.58447E+00,2.58881E+00,1.12855E+00 
#t = 3.150E+03
5.97035E+00,2.18848E+00,6.21966E+00,4.75644E+00,5.92415E+00 
#t = 3.192E+03
2.93904E+00,5.04087E+00,1.61036E+00,3.93016E+00,2.70469E+00,2.69071E+00 
#t = 3.234E+03
3.44211E+00 
#t = 3.276E+03
9.92423E+00,2.88671E+00 
#t = 3.318E+03
1.02667E+01 
#t = 3.360E+03
5.85916E+00,2.84105E+00,8.72291E+00 
#t = 3.402E+03
4.77087E+00,1.03169E+01,7.21545E+00,1.13050E+01 
#t = 3.444E+03
2.99398E+00 
#t = 3.486E+03
4.00715E+00,2.97380E+00,3.37428E+00,2.36568E+00 
#t = 3.528E+03
3.77587E+00,2.45710E+00 
#t = 3.570E+03
1.98007E+00,2.74908E+00 
#t = 3.612E+03
5.54075E+00,5.27883E+00 
#t = 3.654E+03
-9.99900E+03
#t = 3.696E+03
3.15560E+00,3.28028E+00 
#t = 3.738E+03
2.91352E+00,1.74384E+00,3.05314E+00,1.98839E+00 
#t = 3.780E+03
3.09606E+00,2.67967E+00 
#t = 3.822E+03
2.04151E+00,1.40907E+00 
#t = 3.864E+03
1.32071E+01 
#t = 3.906E+03
1.38495E+01,5.65311E+00,1.80931E+00,3.40945E+00,5.54344E+00 
#t = 3.948E+03
3.94269E+00 
#t = 3.990E+03
3.55910E+00,5.41973E+00,3.33304E+00 
#t = 4.032E+03
5.59111E+00,7.54226E+00,3.52706E+00,2.12971E+00,3.74102E+00,5.10402E+00,2.49113E+00 
#t = 4.074E+03
1.82751E+00,5.02603E+00,3.35302E+00 
#t = 4.116E+03
4.37168E+00,2.93425E+00,2.31425E+00 
#t = 4.158E+03
3.56293E+00,1.26589E+00,2.69552E+00 
#t = 4.200E+03
2.80532E+00 
