#t = 0.000E+00
1.87730E+00,1.66177E+00,1.64664E+00,9.97749E-01,2.91166E+00 
#t = 4.200E+01
1.29679E+00,4.23588E+00,4.02800E+00,3.61539E+00,3.73273E+00 
#t = 8.400E+01
2.90234E+00,4.71481E+00,3.77339E+00,1.83371E+00,2.00403E+00,1.28534E+00 
#t = 1.260E+02
2.77870E+00,4.73320E+00,9.03698E+00 
#t = 1.680E+02
5.96101E+00,7.84358E+00,3.97465E+00,1.64950E+00 
#t = 2.100E+02
3.76358E+00,4.68277E+00,1.04216E+00 
#t = 2.520E+02
1.42416E+01,1.42416E+01,1.42416E+01,5.94282E+00,3.90430E+00,1.42416E+01 
#t = 2.940E+02
6.03648E+00,9.28251E+00,5.07111E+00 
#t = 3.360E+02
3.58393E+00,3.43501E+00 
#t = 3.780E+02
8.77249E+00,5.39121E+00,2.51168E+00,1.37434E+00,5.58951E+00,2.50039E+00 
#t = 4.200E+02
8.21746E+00,3.32555E+00,7.81876E-01,1.40869E+00 
#t = 4.620E+02
6.06643E+00,4.92327E+00,1.93252E+00,2.78890E+00,2.64103E+00 
#t = 5.040E+02
-9999       
#t = 5.460E+02
2.68791E+00,1.83270E+00,8.93283E+00,2.08460E+00,4.28256E+00 
#t = 5.880E+02
9.26899E-01 
#t = 6.300E+02
6.32190E+00 
#t = 6.720E+02
3.11441E+00,2.18354E+00 
#t = 7.140E+02
4.54404E+00,3.71683E+00,4.29273E+00,1.52488E+00 
#t = 7.560E+02
3.07306E+00,4.43321E+00 
#t = 7.980E+02
4.46930E+00,3.38131E+00,2.91617E+00 
#t = 8.400E+02
3.52436E+00 
#t = 8.820E+02
4.71767E+00,4.61013E+00 
#t = 9.240E+02
1.53470E+01,1.53470E+01,1.53470E+01,3.54157E+00,6.89799E+00,8.10510E+00,6.16427E+00,3.87454E+00 
#t = 9.660E+02
1.53470E+01,1.53470E+01,1.53470E+01,1.18792E+01,1.53470E+01,1.53470E+01,6.19176E+00,1.53470E+01,2.28550E+00,1.18792E+01 
#t = 1.008E+03
1.06010E+01,2.02211E+00,9.90999E+00,1.53470E+01,1.21829E+00 
#t = 1.050E+03
2.55104E+00,3.68609E+00,4.79968E+00,1.37035E+00 
#t = 1.092E+03
9.95904E+00,8.20959E+00,8.15892E+00,4.10040E+00,7.78678E-01 
#t = 1.134E+03
2.49348E+00,3.42159E+00,3.34669E+00,1.53274E+00 
#t = 1.176E+03
4.68919E+00,3.93000E+00,1.43047E+00,4.29991E+00 
#t = 1.218E+03
4.31806E+00,7.62760E+00,2.33304E+00,6.83675E+00,5.19246E+00,3.09103E+00,2.13916E+00 
#t = 1.260E+03
2.21836E+00,5.13163E+00,1.10181E+01,3.08191E+00,1.47293E+00 
#t = 1.302E+03
2.65929E+00,2.84835E+00 
#t = 1.344E+03
3.21865E+00,3.29216E+00,2.40403E+00,2.90670E+00 
#t = 1.386E+03
-9999       
#t = 1.428E+03
2.46966E+00,4.72495E+00,2.36877E+00,1.66694E+00,4.71048E+00 
#t = 1.470E+03
4.97628E+00,1.85113E+00,5.52970E+00 
#t = 1.512E+03
1.00933E+01,1.10303E+01,1.10303E+01,1.10303E+01,3.11178E+00 
#t = 1.554E+03
5.70759E+00 
#t = 1.596E+03
1.04763E+01,1.04763E+01,1.04763E+01,1.14551E+00,1.52161E+00,9.32643E-01 
#t = 1.638E+03
1.52545E+00,6.85954E+00,2.57251E+00,2.33771E+00,4.82475E+00,1.01876E+00 
#t = 1.680E+03
3.27745E+00,2.48960E+00 
#t = 1.722E+03
1.19761E+01,2.80406E+00 
#t = 1.764E+03
1.15665E+01,3.86730E+00 
#t = 1.806E+03
1.15665E+01,1.15665E+01,4.29223E+00 
#t = 1.848E+03
1.15665E+01,1.06123E+01,3.39166E+00,1.66755E+00 
#t = 1.890E+03
-9999       
#t = 1.932E+03
2.70424E+00,1.44984E+00,4.97731E+00 
#t = 1.974E+03
3.45129E+00,8.72305E-01 
#t = 2.016E+03
6.18922E+00,7.09179E+00,1.70861E+00 
#t = 2.058E+03
2.00180E+00,3.13345E+00,3.65360E+00 
#t = 2.100E+03
4.05067E+00,4.11983E+00,7.45771E+00,2.38175E+00,3.91977E+00,1.10394E+00,2.87733E+00 
#t = 2.142E+03
3.43321E+00,4.92520E+00,1.90652E+00 
#t = 2.184E+03
5.34772E+00,8.09585E+00 
#t = 2.226E+03
2.47485E+00 
#t = 2.268E+03
1.75954E+00,1.98245E+00,4.75534E+00 
#t = 2.310E+03
2.07732E+00 
#t = 2.352E+03
5.19876E+00 
#t = 2.394E+03
1.65444E+00 
#t = 2.436E+03
7.72458E+00,2.10304E+00 
#t = 2.478E+03
1.21697E+01,1.21697E+01,1.21697E+01,1.21697E+01,1.21697E+01,1.21697E+01,3.23170E+00,1.21697E+01 
#t = 2.520E+03
6.95178E+00,1.02533E+00,4.67509E+00,1.63842E+00 
#t = 2.562E+03
5.04371E+00 
#t = 2.604E+03
3.67555E+00 
#t = 2.646E+03
1.75453E+00 
#t = 2.688E+03
-9999       
#t = 2.730E+03
7.00945E+00,5.79764E+00 
#t = 2.772E+03
5.59070E+00,3.82744E+00 
#t = 2.814E+03
1.23271E+01 
#t = 2.856E+03
5.02505E+00,1.79103E+00,9.70558E-01,4.71556E+00 
#t = 2.898E+03
6.15140E+00 
#t = 2.940E+03
6.81877E+00,3.18848E+00,5.80013E+00,2.64488E+00,1.07869E+00 
#t = 2.982E+03
1.14221E+01,2.39844E+00,1.14221E+01,1.54465E+00,1.86112E+00,1.04661E+01 
#t = 3.024E+03
1.14221E+01,1.14221E+01,1.14221E+01,1.04661E+01,1.14221E+01,3.97823E+00,1.14221E+01,1.14221E+01,1.14221E+01,1.14221E+01,4.47592E+00 
#t = 3.066E+03
1.14221E+01,1.14221E+01,1.14221E+01,1.14221E+01,7.42930E+00,1.14221E+01,1.14221E+01,1.14221E+01,1.14221E+01,1.14221E+01,4.03557E+00,1.97403E+00,2.41682E+00,3.53877E+00 
#t = 3.108E+03
1.14221E+01,1.14221E+01,1.14221E+01,1.14221E+01,1.14221E+01,4.07562E+00,5.95394E+00,1.14221E+01,1.14221E+01,1.14221E+01,1.14221E+01 
#t = 3.150E+03
1.14221E+01,1.14221E+01,1.14221E+01,1.14221E+01,3.96778E+00,1.14221E+01,1.14221E+01,1.14221E+01 
#t = 3.192E+03
1.14221E+01,8.09535E+00,2.93118E+00,4.16174E+00,3.32472E+00,5.74540E+00,2.63303E+00,1.37240E+01,2.93863E+00,1.49012E+00 
#t = 3.234E+03
5.23976E+00,4.82959E+00,2.36107E+00,2.86187E+00,3.08227E+00 
#t = 3.276E+03
6.09959E+00,1.82989E+00,2.67765E+00 
#t = 3.318E+03
7.08647E+00,2.15160E+00,5.17788E+00,1.89300E+00 
#t = 3.360E+03
3.77202E+00,1.81488E+00 
#t = 3.402E+03
9.80437E+00,4.88212E+00,6.59131E+00,4.54996E+00 
#t = 3.444E+03
1.15380E+01,1.15380E+01,1.15380E+01,1.37910E+00,2.02866E+00,6.05143E+00,1.98393E+00 
#t = 3.486E+03
1.15380E+01,5.16893E+00,3.25902E+00,1.15380E+01 
#t = 3.528E+03
1.15380E+01,1.15380E+01,4.61741E+00,4.95562E+00,1.17641E+00 
#t = 3.570E+03
1.15380E+01,1.15380E+01,1.15380E+01,1.24521E+00,2.12695E+00,1.15380E+01 
#t = 3.612E+03
6.03299E+00,4.14016E+00,5.47972E+00,3.27051E+00,9.21524E+00,5.40988E+00 
#t = 3.654E+03
4.84093E+00,1.96817E+00 
#t = 3.696E+03
5.89515E+00,1.92983E+00,2.64209E+00 
#t = 3.738E+03
4.81332E+00 
#t = 3.780E+03
4.06653E+00,6.90886E+00,1.75004E+00 
#t = 3.822E+03
6.69987E+00,5.92725E+00,1.86245E+00,4.19094E+00 
#t = 3.864E+03
3.80841E+00,3.38327E+00,1.11947E+00 
#t = 3.906E+03
6.34881E+00,1.96240E+00,2.39400E+00,3.40720E+00 
#t = 3.948E+03
-9999       
#t = 3.990E+03
8.37379E+00,5.25199E+00,3.02450E+00,2.92503E+00,7.41163E-01 
#t = 4.032E+03
2.72297E+00,3.43791E+00,2.00868E+00 
#t = 4.074E+03
3.28367E+00 
#t = 4.116E+03
5.31627E+00,1.58258E+00 
#t = 4.158E+03
1.84517E+00,3.00003E+00,5.04726E+00 
#t = 4.200E+03
3.83000E+00,2.63110E+00,1.60558E+00,6.19381E+00 
