#t = 0.000E+00
3.72721E+00,4.37333E+00,9.32022E+00,9.94241E-01,5.18607E+00 
#t = 4.200E+01
9.54314E+00 
#t = 8.400E+01
5.78868E+00 
#t = 1.260E+02
7.60755E+00,6.19345E+00,3.76248E+00,4.00846E+00 
#t = 1.680E+02
3.02274E+00,2.05795E+00,2.14102E+00 
#t = 2.100E+02
5.50691E-01,2.79433E+00,2.27100E+00 
#t = 2.520E+02
4.56806E+00,3.00469E+00,7.08876E+00,2.56418E+00,5.29731E+00,3.36544E+00,2.19029E+00,1.82011E+00,2.71449E+00 
#t = 2.940E+02
2.40853E+00,5.18832E+00,2.17944E+00,2.06724E+00,2.75723E+00 
#t = 3.360E+02
9.12236E+00,7.26173E+00,3.63421E+00,1.05173E+01 
#t = 3.780E+02
1.73666E+00,2.14053E+00,1.53116E+01,1.53116E+01 
#t = 4.200E+02
1.53116E+01,1.53116E+01,1.53116E+01,6.61153E+00,3.98450E+00,3.06828E+00,1.46927E+00,2.73143E+00,2.95216E+00,5.62803E+00,3.97908E+00 
#t = 4.620E+02
1.53116E+01,1.10358E+01,2.81407E+00,1.53116E+01,1.31318E+00 
#t = 5.040E+02
1.53116E+01,1.53116E+01,1.53116E+01,6.08355E+00,5.91476E+00,1.94513E+00 
#t = 5.460E+02
9.30616E+00,2.88609E+00 
#t = 5.880E+02
-9999       
#t = 6.300E+02
2.90215E+00,4.33622E+00,3.59442E+00,1.85734E+00 
#t = 6.720E+02
9.91948E+00,2.73970E+00,2.93767E+00 
#t = 7.140E+02
1.11418E+00,3.32015E+00,2.69304E+00 
#t = 7.560E+02
8.54237E+00,2.13207E+00,1.69080E+00 
#t = 7.980E+02
1.40146E+00 
#t = 8.400E+02
9.44297E+00 
#t = 8.820E+02
3.82860E+00,4.88671E+00,3.60637E+00 
#t = 9.240E+02
3.21182E+00,1.11129E+01,2.33856E+00,1.45305E+00,5.66197E+00,3.14182E+00 
#t = 9.660E+02
4.23423E+00,2.17354E+00 
#t = 1.008E+03
4.69889E+00 
#t = 1.050E+03
9.92417E+00,3.42895E+00 
#t = 1.092E+03
9.92417E+00,2.45065E+00,6.18527E+00 
#t = 1.134E+03
1.75678E+00,4.85050E+00 
#t = 1.176E+03
4.21065E+00,2.74083E+00 
#t = 1.218E+03
3.46820E+00,2.88542E+00 
#t = 1.260E+03
1.06617E+01,1.01161E+01,5.22283E+00,1.10524E+00 
#t = 1.302E+03
3.61107E+00,2.06569E+00,5.26450E+00 
#t = 1.344E+03
5.85718E+00,3.63909E+00,4.07895E+00,1.20494E+00,2.93067E+00 
#t = 1.386E+03
3.97593E+00,4.96110E+00,1.56642E+00 
#t = 1.428E+03
6.77784E+00,6.78864E+00,2.45883E+00 
#t = 1.470E+03
9.29066E+00,1.53587E+01 
#t = 1.512E+03
4.06675E+00,1.35015E+01,2.45679E+00,8.45260E+00,2.51788E+00,5.90410E-01 
#t = 1.554E+03
5.65182E+00,1.70751E+00,2.24066E+00,2.85265E+00 
#t = 1.596E+03
1.54636E+00,6.82717E+00,1.29099E+00 
#t = 1.638E+03
-9999       
#t = 1.680E+03
4.89897E+00 
#t = 1.722E+03
3.01462E+00,2.66004E+00 
#t = 1.764E+03
6.82208E+00 
#t = 1.806E+03
3.28340E+00,3.89764E+00,2.51102E+00,9.04366E-01 
#t = 1.848E+03
4.38607E+00,4.66233E+00,1.40974E+01,5.19606E+00,3.94490E+00,1.40974E+01,2.08910E+01 
#t = 1.890E+03
2.08910E+01,2.08910E+01,2.08910E+01,6.90197E+00,2.08910E+01,2.08910E+01,3.14766E+00,2.77144E+00,1.23037E+01,1.95053E+00,1.56809E+00,2.08910E+01,1.56375E+00 
#t = 1.932E+03
2.08910E+01,2.08910E+01,2.08910E+01,2.08910E+01,3.39041E+00,2.08910E+01,2.08910E+01,2.08910E+01,2.08910E+01,5.36636E+00 
#t = 1.974E+03
2.08910E+01,2.08910E+01,2.08910E+01,2.08910E+01,2.08910E+01,3.62248E+00,2.08910E+01,2.34822E+00,3.39703E+00,2.08910E+01 
#t = 2.016E+03
2.08910E+01,2.08910E+01,2.30306E+00,5.20719E+00,4.23148E+00,2.08910E+01,2.08910E+01,3.75342E+00 
#t = 2.058E+03
2.08910E+01,2.08910E+01,2.08910E+01,2.08910E+01,2.08910E+01,2.08910E+01,3.57528E+00,2.08910E+01,2.08910E+01,6.83666E+00,2.08910E+01,2.08910E+01,2.08910E+01,2.01563E+00,3.15592E+00,4.26997E+00 
#t = 2.100E+03
2.08910E+01,2.08910E+01,2.08910E+01,2.08910E+01,2.08910E+01,2.08910E+01,2.08910E+01,2.08910E+01,2.08910E+01,2.08910E+01,2.21397E+00,2.08910E+01,2.08910E+01,2.08910E+01,2.08910E+01,2.08910E+01,2.08910E+01,4.61160E+00,4.04563E+00,3.46197E+00,2.08910E+01,2.08910E+01 
#t = 2.142E+03
2.08910E+01,2.08910E+01,2.08910E+01,2.08910E+01,3.03370E+00,3.37717E+00,1.09153E+01,1.09777E+00,2.04902E+00 
#t = 2.184E+03
2.08910E+01,4.14813E+00,2.08910E+01,2.08910E+01,2.08910E+01,5.34423E+00,2.08910E+01,1.71205E+00 
#t = 2.226E+03
1.23182E+00 
#t = 2.268E+03
3.41285E+00,1.57618E+00,5.08044E+00,3.09132E+00 
#t = 2.310E+03
8.17370E+00,4.17395E+00,5.08597E+00,5.84571E+00 
#t = 2.352E+03
3.49959E+00,2.17103E+00,4.71599E+00 
#t = 2.394E+03
5.71550E+00 
#t = 2.436E+03
5.54003E+00,2.16712E+00 
#t = 2.478E+03
2.32651E+00,2.94963E+00,4.18869E+00 
#t = 2.520E+03
-9999       
#t = 2.562E+03
3.86700E+00,4.06560E+00 
#t = 2.604E+03
8.72969E+00,4.34801E+00,3.82583E+00 
#t = 2.646E+03
7.08214E+00,5.48718E+00,4.75200E+00,2.65718E+00 
#t = 2.688E+03
1.15810E+00,6.09684E+00,1.78544E+00 
#t = 2.730E+03
2.60625E+00 
#t = 2.772E+03
7.19540E+00,2.61699E+00 
#t = 2.814E+03
4.91551E+00 
#t = 2.856E+03
2.03750E+00,2.43020E+00 
#t = 2.898E+03
7.41799E+00,3.76215E+00,3.57496E+00,2.90435E+00 
#t = 2.940E+03
2.41338E+00,1.86506E+00,3.56697E+00 
#t = 2.982E+03
5.64475E+00,4.89361E+00 
#t = 3.024E+03
4.33165E+00,2.27275E+00,9.08750E+00,4.71530E+00 
#t = 3.066E+03
5.26456E+00,2.31689E+00 
#t = 3.108E+03
-9999       
#t = 3.150E+03
2.49063E+00,1.31542E+00 
#t = 3.192E+03
5.35815E+00,8.17461E+00,2.64291E+00,1.51236E+00,2.24213E+00 
#t = 3.234E+03
2.53039E+00,2.97654E+00 
#t = 3.276E+03
2.56194E+00 
#t = 3.318E+03
-9999       
#t = 3.360E+03
8.88913E+00,5.05697E+00,3.26944E+00,2.96903E+00,3.66074E+00,1.95038E+00 
#t = 3.402E+03
1.05888E+01,9.98880E-01,2.36135E+00 
#t = 3.444E+03
2.07778E+00,2.80386E+00,6.76083E-01,5.73764E+00,4.48385E+00 
#t = 3.486E+03
3.47769E+00,3.37470E+00 
#t = 3.528E+03
1.93621E+00 
#t = 3.570E+03
1.07943E+01,4.08399E+00 
#t = 3.612E+03
1.09090E+01,2.30693E+00 
#t = 3.654E+03
4.67864E-01 
#t = 3.696E+03
6.56778E+00,6.80307E+00,5.85009E+00 
#t = 3.738E+03
1.10916E+01,1.10916E+01,1.10916E+01,1.10916E+01,1.10916E+01,4.06846E+00,4.05727E+00,7.55089E+00 
#t = 3.780E+03
1.10916E+01,1.10916E+01,1.10916E+01,1.10916E+01,1.10916E+01,2.63944E+00,1.10916E+01,1.10916E+01,4.46861E+00 
#t = 3.822E+03
1.10916E+01,1.10916E+01,1.10916E+01,1.47955E+00,1.10916E+01,5.20728E+00 
#t = 3.864E+03
1.10916E+01,3.31287E+00,1.22467E+00,5.63927E+00,3.05626E+00 
#t = 3.906E+03
4.83887E+00,9.16727E+00,1.29195E+00 
#t = 3.948E+03
5.69056E+00,1.95010E+00,2.20846E+00,3.81374E+00,3.86834E+00 
#t = 3.990E+03
3.55092E+00,2.34323E+00,3.11683E+00 
#t = 4.032E+03
-9999       
#t = 4.074E+03
7.80937E+00,4.79935E+00,7.90694E-01 
#t = 4.116E+03
4.98871E+00,3.21009E+00,6.18159E+00,5.22182E+00,3.18109E+00 
#t = 4.158E+03
4.81049E+00,4.83544E+00,4.79072E+00,1.13718E+00,5.41483E+00 
#t = 4.200E+03
9.61727E+00,1.46531E+01,4.03964E+00,1.46531E+01,2.39775E+00,3.84732E+00 
