#t = 0.000E+00
2.94812E+00,2.66403E+00,2.90136E+00,6.82109E+00,2.10758E+00 
#t = 4.200E+01
4.41032E+00,2.60206E+00,2.33989E+00 
#t = 8.400E+01
4.14981E+00,5.08722E+00,2.39892E+00 
#t = 1.260E+02
3.70961E+00,2.55099E+00,5.46408E+00,5.74796E+00 
#t = 1.680E+02
3.59446E+00,2.12950E+00,5.29160E+00,3.26463E+00 
#t = 2.100E+02
1.19499E+01,2.32884E+00,2.01650E+00 
#t = 2.520E+02
2.32864E+00,1.95356E+00 
#t = 2.940E+02
3.94814E+00,4.15375E+00,5.48245E+00,2.64892E+00,2.67856E+00 
#t = 3.360E+02
6.79896E+00 
#t = 3.780E+02
4.75752E+00,2.14741E+00 
#t = 4.200E+02
2.65875E+00 
#t = 4.620E+02
6.20362E+00,3.09259E+00 
#t = 5.040E+02
5.29830E+00,6.70211E+00 
#t = 5.460E+02
4.21461E+00,1.93388E+00,5.53412E+00,4.64221E+00 
#t = 5.880E+02
6.20125E+00,3.37416E+00 
#t = 6.300E+02
2.15768E+00,6.31322E+00,5.86407E+00,4.00555E+00,6.63986E+00 
#t = 6.720E+02
4.53529E+00,3.99090E+00,3.55436E+00,2.06374E+00 
#t = 7.140E+02
3.51035E+00,3.45169E+00,3.17799E+00,1.25249E+00,1.05512E+01 
#t = 7.560E+02
2.10601E+00 
#t = 7.980E+02
3.03545E+00,2.91211E+00,3.24488E+00 
#t = 8.400E+02
2.22936E+00,2.78685E+00,4.77430E+00,4.64700E+00,7.21875E+00,2.88486E+00 
#t = 8.820E+02
2.69654E+00 
#t = 9.240E+02
5.56583E+00,4.26373E+00 
#t = 9.660E+02
1.52103E+01,4.11101E+00,7.31104E+00 
#t = 1.008E+03
2.47580E+00,3.68840E+00,1.25150E+00 
#t = 1.050E+03
2.44364E+00,3.09064E+00 
#t = 1.092E+03
7.34217E+00,4.10547E+00,2.80577E+00,2.77961E+00,2.20033E+00,1.45379E+00 
#t = 1.134E+03
2.69189E+00,2.54910E+00 
#t = 1.176E+03
1.53645E+00,4.51021E+00 
#t = 1.218E+03
3.00465E+00 
#t = 1.260E+03
4.30800E+00,1.43040E+00 
#t = 1.302E+03
1.65506E+00 
#t = 1.344E+03
1.83416E+00,7.24973E+00,3.55041E+00 
#t = 1.386E+03
-9999       
#t = 1.428E+03
6.48581E+00,4.23425E+00,2.47372E+00,4.22777E+00,3.01944E+00,3.33668E+00 
#t = 1.470E+03
6.95319E+00,8.66117E+00,1.85001E+00,3.71134E+00 
#t = 1.512E+03
2.58591E+00,3.17977E+00 
#t = 1.554E+03
7.28509E+00 
#t = 1.596E+03
1.19151E+00,1.37521E+00,1.80643E+00 
#t = 1.638E+03
3.66277E+00,5.50731E+00,2.03457E+00,1.21889E+00 
#t = 1.680E+03
3.78843E+00,2.53719E+00 
#t = 1.722E+03
1.21523E+01,1.21523E+01,1.21523E+01,1.21523E+01,1.21523E+01,3.15100E+00,1.21523E+01,1.47027E+00,9.54514E+00 
#t = 1.764E+03
1.21523E+01,1.21523E+01,1.21523E+01,3.24880E+00,1.93482E+00 
#t = 1.806E+03
6.91275E+00,6.00787E+00 
#t = 1.848E+03
4.13054E+00,4.55446E+00 
#t = 1.890E+03
4.61922E+00,2.84280E+00,2.16382E+00 
#t = 1.932E+03
3.67936E+00,7.30242E+00,2.39527E+00,2.93081E+00 
#t = 1.974E+03
1.58728E+00,9.51598E-01,3.56228E+00 
#t = 2.016E+03
1.66644E+00,2.94907E+00,1.57735E+00,2.71805E+00,3.22475E+00 
#t = 2.058E+03
1.42008E+00,3.16279E+00,4.23484E+00,2.92450E+00,1.16531E+00,2.03407E+00,2.73303E+00 
#t = 2.100E+03
2.76582E+00 
#t = 2.142E+03
4.53134E+00,2.28483E+00,3.49693E+00,3.74169E+00 
#t = 2.184E+03
3.72758E+00,4.73146E+00 
#t = 2.226E+03
1.09529E+00,2.26620E+00 
#t = 2.268E+03
3.79696E+00,2.88670E+00 
#t = 2.310E+03
5.03891E+00 
#t = 2.352E+03
8.33384E+00,5.42058E+00,2.11633E+00,5.93846E+00,3.74902E+00,3.47112E+00 
#t = 2.394E+03
6.46091E+00 
#t = 2.436E+03
6.11409E+00,8.29035E+00 
#t = 2.478E+03
-9999       
#t = 2.520E+03
-9999       
#t = 2.562E+03
3.99851E+00,2.38492E+00,1.34799E+00 
#t = 2.604E+03
5.87178E+00,1.73558E+00,4.95959E+00,7.61345E+00,4.91360E+00,3.74056E+00,2.83626E+00,1.63670E+00 
#t = 2.646E+03
5.08800E+00,3.72827E+00 
#t = 2.688E+03
1.11993E+01,1.31995E+01,9.71822E+00,1.31995E+01,1.31995E+01,1.92744E+00,2.44807E+00 
#t = 2.730E+03
3.31604E+00 
#t = 2.772E+03
1.19919E+01,6.71515E+00,6.28412E+00,2.80151E+00,3.54123E+00,2.68760E+00 
#t = 2.814E+03
1.19919E+01,1.19919E+01,1.19919E+01,1.19919E+01,2.54299E+00,2.68816E+00,2.87811E+00 
#t = 2.856E+03
1.19919E+01,9.82984E+00,1.19919E+01,1.19919E+01,1.19919E+01,2.46560E+00,1.19919E+01,1.19919E+01,2.58249E+00 
#t = 2.898E+03
1.19919E+01,1.19919E+01,1.19919E+01,1.19919E+01,1.19919E+01,1.19919E+01,1.19919E+01,1.19919E+01,1.19919E+01,1.42508E+00,1.19919E+01,4.46525E+00,1.19919E+01,1.19919E+01,1.19919E+01 
#t = 2.940E+03
1.19919E+01,1.19919E+01,1.19919E+01,1.19919E+01,1.19919E+01,1.19919E+01,1.19919E+01,1.19919E+01,1.19919E+01,1.19919E+01,1.19919E+01,1.19919E+01,1.19919E+01,1.19919E+01,1.19919E+01,1.19919E+01,1.19919E+01,1.19919E+01 
#t = 2.982E+03
1.19919E+01,1.19919E+01,1.19919E+01,1.19919E+01,1.19919E+01,1.19919E+01,1.89441E+00 
#t = 3.024E+03
1.19919E+01,1.42533E+00 
#t = 3.066E+03
1.19919E+01,9.71433E+00,1.19919E+01,3.60393E+00,1.19919E+01,1.66383E+00,3.11517E+00 
#t = 3.108E+03
1.19919E+01,4.69744E+00,1.19919E+01,4.54599E+00,2.40073E+00,2.40392E+00 
#t = 3.150E+03
7.79530E+00,8.40812E+00 
#t = 3.192E+03
5.01799E+00,4.06663E+00 
#t = 3.234E+03
3.89249E+00 
#t = 3.276E+03
6.10462E+00,1.18464E+00,4.71061E+00,5.80299E+00 
#t = 3.318E+03
6.01909E+00,6.26288E+00,1.72514E+00,1.10415E+01 
#t = 3.360E+03
2.41060E+00,2.03262E+00,3.13065E+00 
#t = 3.402E+03
1.10241E+00,4.80865E+00,2.30916E+00 
#t = 3.444E+03
2.08497E+00,2.70988E+00,6.72294E+00,3.33995E+00 
#t = 3.486E+03
1.27912E+01,5.32183E+00,1.12953E+00,3.75904E+00,9.29466E-01 
#t = 3.528E+03
1.27912E+01,6.33165E+00,3.57620E+00,3.05467E+00,1.33339E+00,4.70792E+00,1.40629E+00,4.38362E+00,8.01161E+00 
#t = 3.570E+03
5.29614E+00,3.04745E+00,1.03828E+00 
#t = 3.612E+03
1.02193E+01 
#t = 3.654E+03
1.02193E+01,4.92962E+00,2.27516E+00,3.54173E+00 
#t = 3.696E+03
4.20796E+00 
#t = 3.738E+03
6.59147E+00,1.58264E+00,3.73717E+00,3.61767E+00,3.03744E+00 
#t = 3.780E+03
9.84752E+00,1.93914E+00,7.32227E+00,2.51295E+00 
#t = 3.822E+03
2.47459E+00,2.62371E+00 
#t = 3.864E+03
7.89182E+00,2.12899E+01,3.41665E+00 
#t = 3.906E+03
2.12899E+01,2.12899E+01,1.34732E+00,2.32618E+00,4.01644E+00,2.28635E+00,1.95486E+00 
#t = 3.948E+03
2.12899E+01,1.21572E+01,2.12899E+01,2.12899E+01,2.83571E+00,2.12899E+01,7.21553E+00,3.33603E+00 
#t = 3.990E+03
1.21572E+01,2.12899E+01,2.12899E+01,2.12899E+01,4.26193E+00,2.12899E+01,3.13718E+00,2.12899E+01,2.12899E+01,2.12899E+01,2.12899E+01,2.12899E+01,2.07160E+00,2.12899E+01,2.12899E+01,2.12899E+01 
#t = 4.032E+03
2.12899E+01,2.12899E+01,9.66725E+00,2.12899E+01,2.12899E+01,2.12899E+01,2.12899E+01,2.12899E+01,2.12899E+01,2.12899E+01,6.82052E+00,3.74647E+00,1.43397E+00,2.12899E+01,1.81861E+00 
#t = 4.074E+03
2.12899E+01,2.12899E+01,2.12899E+01,2.12899E+01,2.12899E+01,2.12899E+01,2.12899E+01,2.12899E+01,1.62770E+01,2.12899E+01,2.12899E+01,2.12899E+01,2.12899E+01,2.12899E+01,2.12899E+01,2.12899E+01,2.12899E+01,2.12899E+01,2.12899E+01,4.26780E+00,2.12899E+01,2.12899E+01,2.12899E+01,7.36618E+00,2.51282E+00 
#t = 4.116E+03
2.12899E+01,2.12899E+01,2.12899E+01,2.12899E+01,2.12899E+01,2.12899E+01,2.12899E+01,2.12899E+01,2.12899E+01,2.12899E+01,2.12899E+01,2.12899E+01,2.12899E+01,1.62770E+01,2.12899E+01,2.12899E+01,2.12899E+01,2.12899E+01,2.12899E+01,9.25448E+00,2.12899E+01,2.12899E+01,2.12899E+01,2.12899E+01,8.38715E+00,2.12899E+01,5.45570E+00,2.13335E+00,2.12899E+01 
#t = 4.158E+03
2.12899E+01,2.12899E+01,2.12899E+01,2.12899E+01,2.12899E+01,2.12899E+01,9.96784E+00,2.12899E+01,2.12899E+01,2.12899E+01,2.12899E+01,2.12899E+01,2.12899E+01,2.12899E+01,2.12899E+01,1.08572E+00,5.64200E+00,2.12899E+01,2.12899E+01,2.50198E+00,1.65514E+00,2.12899E+01,2.12899E+01,2.12899E+01,2.01546E+00,4.20654E+00 
#t = 4.200E+03
2.12899E+01,2.12899E+01,2.12899E+01,2.12899E+01,2.12899E+01,2.12899E+01,2.12899E+01,2.12899E+01,2.12899E+01,2.12899E+01,3.22729E+00,2.12899E+01,2.12899E+01,3.01944E+00,2.12899E+01 
