#t = 0.000E+00
1.17893E+00,2.81819E+00,1.55031E+00,1.53455E+00,3.00730E+00 
#t = 4.200E+01
-9999       
#t = 8.400E+01
2.58692E+00,1.10590E+00 
#t = 1.260E+02
3.77560E+00,4.24107E+00,6.35314E+00,1.55478E+00,7.76511E+00,4.11326E+00,3.33413E+00 
#t = 1.680E+02
5.48028E+00,7.84639E+00,1.08749E+00 
#t = 2.100E+02
9.66740E+00,8.93092E-01 
#t = 2.520E+02
3.74394E+00 
#t = 2.940E+02
4.72567E+00,3.49133E+00 
#t = 3.360E+02
1.01506E+01,5.37583E+00,6.29904E+00,5.90066E+00 
#t = 3.780E+02
1.80388E+00,3.14094E+00 
#t = 4.200E+02
3.12443E+00,2.68327E+00 
#t = 4.620E+02
5.70084E+00,1.76830E+00,5.72526E+00 
#t = 5.040E+02
4.06079E+00,1.31228E+00,2.78978E+00,1.44512E+00 
#t = 5.460E+02
6.87759E+00,1.65854E+00,7.36183E+00,1.24478E+00,2.86555E+00 
#t = 5.880E+02
7.35155E-01,2.30771E+00 
#t = 6.300E+02
1.11990E+01,1.11990E+01,1.14976E+00,1.83869E+00,2.75081E+00,1.98404E+00 
#t = 6.720E+02
6.22756E+00,5.12572E+00,3.78980E+00,1.29571E+00 
#t = 7.140E+02
2.92012E+00 
#t = 7.560E+02
7.28501E+00,3.73589E+00,2.67362E+00,2.41496E+00 
#t = 7.980E+02
3.85141E+00,1.26917E+00,2.39294E+00,5.04603E+00,1.95198E+00,2.07203E+00 
#t = 8.400E+02
2.48758E+00 
#t = 8.820E+02
4.47786E+00,1.64780E+00 
#t = 9.240E+02
8.18607E+00,1.00894E+01 
#t = 9.660E+02
8.84531E+00,3.89858E+00,3.39939E+00,1.37982E+00,7.82226E-01 
#t = 1.008E+03
2.63973E+00,2.46971E+00 
#t = 1.050E+03
4.25510E+00,3.94832E+00,1.35140E+00,2.00597E+00,9.06589E-01 
#t = 1.092E+03
1.67188E+00,2.23884E+00 
#t = 1.134E+03
7.22137E+00,6.14355E+00,2.25319E+00,3.99279E+00 
#t = 1.176E+03
3.04012E+00 
#t = 1.218E+03
6.16540E+00,3.70929E+00 
#t = 1.260E+03
2.95873E+00 
#t = 1.302E+03
5.98950E+00,2.07097E+00 
#t = 1.344E+03
2.53349E+00,3.27800E+00,7.70867E+00 
#t = 1.386E+03
1.40224E+01,1.28305E+00,2.72965E+00,6.56369E+00 
#t = 1.428E+03
3.58041E+00,2.96987E+00 
#t = 1.470E+03
1.19166E+01,1.19166E+01,1.19166E+01,3.82187E+00,4.96167E+00 
#t = 1.512E+03
1.19166E+01,1.19166E+01,1.19166E+01,1.19166E+01,2.52552E+00,1.37599E+00,1.19166E+01,1.70032E+00 
#t = 1.554E+03
1.19166E+01,1.19166E+01,1.19166E+01,1.19166E+01,1.19166E+01,1.19166E+01,1.19166E+01,4.25712E+00,1.19166E+01,1.19166E+01,1.19166E+01,1.19166E+01,1.19166E+01,1.19166E+01,1.19166E+01,1.19166E+01,1.19166E+01,1.19166E+01,1.19166E+01,1.19166E+01,1.19166E+01,1.19166E+01,1.19166E+01,1.19166E+01,2.30226E+00,1.19166E+01 
#t = 1.596E+03
1.19166E+01,1.19166E+01,1.19166E+01,1.19166E+01,1.19166E+01,1.19166E+01,1.19166E+01,1.19166E+01,1.19166E+01,1.19166E+01,1.19166E+01,1.19166E+01,1.19166E+01,1.19166E+01,1.19166E+01,1.19166E+01,1.19166E+01,1.19166E+01,1.19166E+01,1.19166E+01,1.19166E+01,1.19166E+01,1.19166E+01,1.19166E+01,1.19166E+01,1.19166E+01,1.19166E+01,1.19166E+01,1.19166E+01,1.19166E+01,4.57187E+00 
#t = 1.638E+03
1.19166E+01,1.19166E+01,1.19166E+01,1.19166E+01,1.19166E+01,1.19166E+01,1.19166E+01,1.19166E+01,1.19166E+01,1.19166E+01,1.19166E+01,1.19166E+01,1.19166E+01,1.19166E+01,1.19166E+01,1.19166E+01,1.19166E+01,1.19166E+01,1.19166E+01,1.19166E+01,1.85618E+00,1.19166E+01 
#t = 1.680E+03
1.19166E+01,1.19166E+01,1.15403E+01,1.19166E+01,1.19166E+01,2.36666E+01,1.19166E+01,1.19166E+01,2.36666E+01,1.19166E+01,1.19166E+01,2.36666E+01,4.18602E+00,8.23098E-01,1.19166E+01,2.36666E+01,2.36666E+01 
#t = 1.722E+03
1.19166E+01,2.36666E+01,2.36666E+01,2.36666E+01,2.36666E+01,1.15865E+01,1.19166E+01,2.36666E+01,2.36666E+01,1.15865E+01,1.15865E+01,2.36666E+01,2.36666E+01,2.36666E+01,2.36666E+01,3.25936E+00,1.15865E+01,2.36666E+01,1.15865E+01,1.19166E+01,1.84138E+00,2.36666E+01,2.36666E+01,4.25102E+00,2.73099E+00,2.44647E+00,1.19166E+01 
#t = 1.764E+03
1.19166E+01,2.36666E+01,1.15865E+01,2.36666E+01,2.36666E+01,2.36666E+01,1.15865E+01,2.36666E+01,3.21646E+00,1.15865E+01,2.36666E+01,1.15865E+01,1.15865E+01,1.15865E+01,1.15865E+01,1.19166E+01,3.92095E+00,1.15865E+01,2.36666E+01,9.20865E-01 
#t = 1.806E+03
1.15865E+01,2.36666E+01,1.15865E+01,2.36666E+01,1.15865E+01,2.36666E+01,2.36666E+01,2.36666E+01,2.36666E+01,2.36666E+01,2.36666E+01,2.36666E+01,1.15865E+01,2.36666E+01,2.36666E+01,2.36666E+01,1.15865E+01,1.15865E+01,1.15865E+01,5.77795E+00,2.36666E+01,2.36666E+01,1.42381E+00,2.36666E+01,2.36666E+01 
#t = 1.848E+03
2.36666E+01,1.15865E+01,2.36666E+01,2.36666E+01,2.36666E+01,2.36666E+01,2.36666E+01,2.36666E+01,2.36666E+01,2.36666E+01,2.36666E+01,2.36666E+01,2.36666E+01,2.36666E+01,1.74495E+00,3.56985E+00,2.36666E+01 
#t = 1.890E+03
2.36666E+01,2.36666E+01,2.36666E+01,2.36666E+01,2.36666E+01,2.36666E+01,2.36666E+01,2.36666E+01,2.36666E+01,2.36666E+01,2.36666E+01,2.36666E+01,2.36666E+01,2.36666E+01,2.36666E+01,2.36666E+01,2.36666E+01,2.36666E+01,2.36666E+01 
#t = 1.932E+03
2.36666E+01,2.36666E+01,2.36666E+01,2.36666E+01,7.75776E+00,2.36666E+01,2.36666E+01,2.36666E+01,2.36666E+01,2.36666E+01,2.36666E+01,2.36666E+01,2.36666E+01,2.36666E+01,2.36666E+01,2.36666E+01,2.36666E+01,2.36666E+01 
#t = 1.974E+03
2.36666E+01,2.36666E+01,2.36666E+01,2.36666E+01,2.36666E+01,2.36666E+01,2.36666E+01,2.36666E+01,2.36666E+01,2.36666E+01,2.36666E+01,2.36666E+01,2.36666E+01,2.36666E+01,2.36666E+01,2.36666E+01,2.36666E+01,2.36666E+01,2.36666E+01,2.36666E+01,2.36666E+01,2.36666E+01,2.36666E+01,2.36666E+01,2.36666E+01,2.36666E+01,2.36666E+01,2.36666E+01,3.15467E+00,2.36666E+01,2.36666E+01,9.31672E+00,1.22575E+00,2.36666E+01,3.79295E+00 
#t = 2.016E+03
2.36666E+01,2.36666E+01,2.36666E+01,2.36666E+01,2.36666E+01,2.36666E+01,2.36666E+01,2.36666E+01,2.36666E+01,2.36666E+01,2.36666E+01,2.36666E+01,2.36666E+01,2.36666E+01,2.36666E+01,2.36666E+01,2.36666E+01,2.36666E+01,2.36666E+01,2.98754E+00,8.38599E+00,2.36666E+01,2.36666E+01,2.36666E+01,2.36666E+01,2.36666E+01 
#t = 2.058E+03
2.36666E+01,2.36666E+01,1.00690E+01,9.87628E+00,2.36666E+01,2.36666E+01,2.36666E+01,2.36666E+01,3.89158E+00,2.36666E+01,2.36666E+01,2.36666E+01,2.36666E+01,6.06226E+00,2.36666E+01,2.36666E+01,2.36666E+01,2.36666E+01,2.36666E+01,2.36666E+01,2.36666E+01,2.36666E+01,2.36666E+01,2.36666E+01,1.39619E+00 
#t = 2.100E+03
1.00690E+01,2.36666E+01,2.36666E+01,2.36666E+01,2.36666E+01,2.36666E+01,2.36666E+01,2.36666E+01,2.36666E+01,2.36666E+01,2.36666E+01,3.47094E+00,2.36666E+01,1.79681E+00,2.36666E+01 
#t = 2.142E+03
2.36666E+01,2.36666E+01,2.36666E+01,2.36666E+01,2.36666E+01,6.30484E+00,2.36666E+01,2.36666E+01,2.36666E+01,2.36666E+01,2.36666E+01,2.36666E+01,2.36666E+01,2.36666E+01,2.36666E+01,2.36666E+01,2.36666E+01,2.36666E+01,2.36666E+01 
#t = 2.184E+03
2.36666E+01,2.36666E+01,2.36666E+01,2.36666E+01,2.36666E+01,2.36666E+01,2.36666E+01,2.36666E+01,2.36666E+01,2.36666E+01,2.36666E+01,2.36666E+01,2.36666E+01,2.36666E+01,2.36666E+01,2.36666E+01,2.36666E+01,2.36666E+01,2.36666E+01,2.36666E+01 
#t = 2.226E+03
2.36666E+01,2.36666E+01,2.36666E+01,2.36666E+01,2.36666E+01,5.83796E+00,1.27012E+01,2.06862E+00,2.47127E+00,2.36666E+01,2.36666E+01 
#t = 2.268E+03
1.27012E+01,2.36666E+01,2.36666E+01,6.02051E+00,2.36666E+01,2.36666E+01,2.36666E+01,2.36666E+01,2.36666E+01,2.36666E+01,2.36666E+01,2.74059E+00,2.36666E+01,6.36534E+00,2.36666E+01,3.81703E+00,3.27480E+00,2.36666E+01,2.36666E+01,2.36666E+01,2.36666E+01,2.36666E+01,5.32989E+00,4.64116E+00 
#t = 2.310E+03
2.36666E+01,2.36666E+01,2.36666E+01,2.36666E+01,2.36666E+01,2.36666E+01,2.36666E+01,2.36666E+01,2.36666E+01,2.36666E+01,2.36666E+01,2.36666E+01,2.36666E+01,2.36666E+01,2.36666E+01,2.36666E+01,2.36666E+01,2.36666E+01,2.36666E+01,3.01765E+00,2.36666E+01,2.99281E+00,1.08698E+00 
#t = 2.352E+03
2.36666E+01,2.36666E+01,2.36666E+01,2.36666E+01,2.36666E+01,2.36666E+01,2.36666E+01,2.36666E+01,2.36666E+01,2.36666E+01,2.36666E+01,2.36666E+01,2.36666E+01,2.36666E+01,1.59936E+00,8.68150E+00,2.36666E+01,2.36666E+01,3.29403E+00,2.36666E+01,2.36666E+01,2.36666E+01,5.82462E+00 
#t = 2.394E+03
2.36666E+01,2.36666E+01,2.36666E+01,2.36666E+01,2.36666E+01,2.36666E+01,2.36666E+01,2.36666E+01,2.36666E+01,2.36666E+01,2.22865E+00,2.36666E+01,2.36666E+01,3.17909E+00,2.36666E+01,3.38531E+00,4.02547E+00,5.51982E+00 
#t = 2.436E+03
2.36666E+01,2.36666E+01,2.36666E+01,2.36666E+01,2.36666E+01,2.36666E+01,2.36666E+01,2.36666E+01,2.36666E+01,2.36666E+01,2.36666E+01,2.36666E+01,2.36666E+01,2.36666E+01,2.36666E+01,2.36666E+01,2.36666E+01,2.36666E+01,2.36666E+01,2.36666E+01,2.36666E+01,2.36666E+01,2.36666E+01,2.36666E+01,1.82672E+00,2.33895E+00 
#t = 2.478E+03
2.36666E+01,2.36666E+01,2.36666E+01,2.36666E+01,2.36666E+01,2.36666E+01,2.36666E+01,2.36666E+01,2.36666E+01,2.36666E+01,2.36666E+01,3.86743E+00,2.36666E+01,2.36666E+01,2.36666E+01 
#t = 2.520E+03
2.36666E+01,2.36666E+01,2.36666E+01,2.36666E+01,2.36666E+01,2.36666E+01,2.36666E+01,2.36666E+01,2.36666E+01,2.36666E+01,2.36666E+01,2.36666E+01,2.32553E+00,4.38780E+00,2.04530E+00,1.72107E+00,2.18508E+00 
#t = 2.562E+03
2.36666E+01,2.36666E+01,2.36666E+01,2.36666E+01,2.36666E+01,2.36666E+01,2.36666E+01,2.36666E+01,2.36666E+01,2.36666E+01,2.36666E+01,2.36666E+01,2.36666E+01,2.36666E+01,2.36666E+01,2.36666E+01,2.36666E+01,2.36666E+01,2.36666E+01,2.36666E+01,2.36666E+01,2.36666E+01,2.36666E+01,2.36666E+01,2.36666E+01 
#t = 2.604E+03
2.36666E+01,2.36666E+01,2.36666E+01,2.36666E+01,2.36666E+01,2.36666E+01,2.36666E+01,2.36666E+01,4.35748E+00,2.36666E+01,2.36666E+01,3.13184E+00,2.36666E+01 
#t = 2.646E+03
2.36666E+01,2.36666E+01,2.36666E+01,2.36666E+01,2.36666E+01,2.36666E+01,5.96849E+00,2.36666E+01,2.36666E+01,2.36666E+01 
#t = 2.688E+03
2.36666E+01,2.36666E+01,7.18608E+00,7.25404E+00 
#t = 2.730E+03
8.48575E+00,2.36666E+01,1.87507E+00,2.36666E+01,2.61094E+00,2.36666E+01,1.82990E+00 
#t = 2.772E+03
2.36666E+01,2.36666E+01,2.36666E+01,2.36666E+01,2.36666E+01,2.36666E+01,2.36666E+01,2.36666E+01,2.36666E+01,1.29942E+00,2.36666E+01,2.36666E+01,2.36666E+01,2.36666E+01,2.36666E+01,3.22337E+00,9.74620E+00,2.36666E+01,2.36666E+01,2.36666E+01,3.12386E+00,2.36666E+01,2.36666E+01,3.47498E+00 
#t = 2.814E+03
2.36666E+01,2.36666E+01,2.36666E+01,2.36666E+01,2.36666E+01,2.36666E+01,2.36666E+01,2.36666E+01,2.36666E+01,2.36666E+01,2.36666E+01,2.36666E+01,2.36666E+01,2.36666E+01,2.36666E+01,2.36666E+01,2.36666E+01,2.36666E+01,2.36666E+01,2.36666E+01,1.73794E+00,2.36666E+01,3.86234E+00,3.06123E+00 
#t = 2.856E+03
2.36666E+01,2.36666E+01,2.36666E+01,2.36666E+01,2.36666E+01,2.36666E+01,2.36666E+01,6.34328E+00,2.36666E+01,6.69595E+00,2.36666E+01,2.36666E+01,1.23923E+01,2.36666E+01,4.71409E+00,1.08128E+00,2.75570E+00,2.36666E+01 
#t = 2.898E+03
2.36666E+01,2.36666E+01,2.36666E+01,2.36666E+01,2.36666E+01,2.36666E+01,2.36666E+01,3.81941E+00,7.38944E+00,6.03706E+00,5.11676E+00,2.36666E+01,2.36666E+01,5.24844E+00,3.59834E+00,2.36666E+01 
#t = 2.940E+03
2.36666E+01,2.36666E+01,2.36666E+01,2.36666E+01,2.36666E+01,2.36666E+01,2.36666E+01,2.36666E+01,2.36666E+01,2.36666E+01,2.36666E+01,2.36666E+01,2.36666E+01,2.36666E+01,1.14866E+00,2.36666E+01 
#t = 2.982E+03
2.36666E+01,2.36666E+01,2.36666E+01,2.36666E+01,2.36666E+01,2.36666E+01,2.36666E+01,2.36666E+01,2.36666E+01,2.36666E+01,2.36666E+01,2.36666E+01,2.36666E+01,2.36666E+01,2.36666E+01,2.36666E+01,2.43782E+00,2.36666E+01,2.36666E+01,4.28634E+00,2.58480E+00,2.36666E+01 
#t = 3.024E+03
2.36666E+01,2.36666E+01,2.36666E+01,2.36666E+01,7.20864E+00,2.36666E+01,2.36666E+01,2.36666E+01,2.36666E+01,2.36666E+01,2.36666E+01,2.36666E+01,2.36666E+01,2.36666E+01,2.36666E+01,2.36666E+01,2.36666E+01,2.36666E+01,1.04932E+00,2.36666E+01,2.36666E+01,2.36666E+01,4.39904E+00,2.36666E+01,2.36666E+01,1.61505E+00 
#t = 3.066E+03
2.36666E+01,2.36666E+01,2.36666E+01,2.36666E+01,2.36666E+01,2.36666E+01,2.36666E+01,2.36666E+01,2.36666E+01,2.36666E+01,2.36666E+01,2.36666E+01,2.36666E+01,2.36666E+01,2.36666E+01,2.36666E+01,2.36666E+01,2.36666E+01,2.36666E+01,2.36666E+01,2.36666E+01,2.36666E+01,2.36666E+01,2.35229E+00,7.98982E+00,2.36666E+01 
#t = 3.108E+03
2.36666E+01,2.36666E+01,2.36666E+01,2.36666E+01,2.36666E+01,2.36666E+01,2.36666E+01,2.36666E+01,2.36666E+01,2.36666E+01,2.36666E+01,2.36666E+01,2.36666E+01,2.36666E+01,2.36666E+01,2.36666E+01,2.36666E+01,2.36666E+01,2.36666E+01,2.36666E+01,3.29182E+00,2.38466E+00 
#t = 3.150E+03
2.36666E+01,2.36666E+01,2.36666E+01,2.36666E+01,2.36666E+01,2.36666E+01,2.36666E+01,2.36666E+01,9.15697E+00,2.36666E+01,2.36666E+01,2.88895E+00,4.99582E+00,2.36666E+01,3.74665E+00 
#t = 3.192E+03
2.36666E+01,2.36666E+01,2.36666E+01,9.50538E+00,2.36666E+01,2.36666E+01,2.36666E+01,2.36666E+01,2.36666E+01,2.36666E+01,2.36666E+01,2.36666E+01,2.36666E+01,2.36666E+01,2.36666E+01,4.49138E+00,2.36666E+01,2.36666E+01,2.36666E+01,2.36666E+01 
#t = 3.234E+03
2.36666E+01,2.36666E+01,2.36666E+01,2.36666E+01,2.44465E+00,2.36666E+01,6.99676E-01,2.36666E+01,9.34827E+00 
#t = 3.276E+03
2.36666E+01,2.36666E+01,2.36666E+01,2.36666E+01,2.36666E+01,2.36666E+01,2.36666E+01,2.36666E+01,2.36666E+01,2.36666E+01,2.36666E+01,2.36666E+01,2.36666E+01,2.36666E+01,2.36666E+01,2.36666E+01,2.36666E+01,2.36666E+01,2.36666E+01,2.36666E+01,2.36666E+01 
#t = 3.318E+03
2.36666E+01,2.36666E+01,2.36666E+01,2.36666E+01,2.36666E+01,2.36666E+01,2.36666E+01,2.36666E+01,2.36666E+01,2.36666E+01,2.36666E+01,2.12014E+00,2.36666E+01,2.36666E+01,2.36666E+01,2.36666E+01,2.36666E+01,2.36666E+01,2.36666E+01,5.62558E+00,2.36666E+01,2.36666E+01,2.36666E+01,2.36666E+01,4.96887E+00,2.36666E+01,2.36666E+01 
#t = 3.360E+03
2.36666E+01,2.36666E+01,2.36666E+01,2.36666E+01,2.36666E+01,2.36666E+01,2.36666E+01,2.36666E+01,2.36666E+01,2.36666E+01,2.36666E+01,2.36666E+01,2.36666E+01,2.36666E+01,2.36666E+01,2.36666E+01,2.36666E+01,3.73243E+00,2.36666E+01,2.36666E+01,2.36666E+01 
#t = 3.402E+03
2.36666E+01,2.36666E+01,2.36666E+01,2.36666E+01,2.36666E+01,2.36666E+01,2.36666E+01,2.36666E+01,2.36666E+01,2.36666E+01,2.36666E+01,2.36666E+01,2.36666E+01,2.36666E+01,2.36666E+01,2.36666E+01,2.36666E+01,2.36666E+01,2.30556E+00,2.36666E+01,2.36666E+01,2.36666E+01,2.36666E+01,9.00714E-01,2.36666E+01,2.70897E+00 
#t = 3.444E+03
2.36666E+01,2.36666E+01,2.36666E+01,2.36666E+01,2.36666E+01,2.36666E+01,2.36666E+01,2.36666E+01,2.36666E+01,2.36666E+01,2.36666E+01,2.36666E+01,2.36666E+01,2.36666E+01,2.36666E+01,2.36666E+01,2.36666E+01,1.81397E+00,2.36666E+01,2.36666E+01,2.36666E+01,2.36666E+01,2.36666E+01,2.36666E+01,2.36666E+01 
#t = 3.486E+03
2.36666E+01,2.36666E+01,2.36666E+01,2.36666E+01,2.36666E+01,2.36666E+01,2.36666E+01,2.36666E+01,2.36666E+01,2.96408E+00,2.36666E+01,1.18923E+00,2.36666E+01,3.14224E+00,2.97701E+00,2.36666E+01,5.14293E+00,4.25621E+00,2.36666E+01,1.53692E+00,2.36666E+01,2.36666E+01,5.18470E+00 
#t = 3.528E+03
2.36666E+01,2.36666E+01,1.37578E+01,2.36666E+01,2.36666E+01,2.36666E+01,4.32862E+00,2.36666E+01,2.36666E+01,2.36666E+01,2.36666E+01,2.36666E+01,2.36666E+01,2.36666E+01,5.69929E+00,2.36666E+01,2.36666E+01,2.36666E+01,2.36666E+01,2.36666E+01,2.36666E+01,3.30142E+00,1.24878E+00 
#t = 3.570E+03
2.36666E+01,2.36666E+01,2.36666E+01,2.36666E+01,2.36666E+01,2.36666E+01,2.36666E+01,2.36666E+01,2.36666E+01,1.32299E+01,2.36666E+01,2.36666E+01,2.36666E+01,2.36666E+01,2.36666E+01,2.36666E+01,2.36666E+01,2.36666E+01,2.36666E+01,2.36666E+01,2.36666E+01,2.36666E+01,1.85784E+00,5.30498E+00 
#t = 3.612E+03
2.36666E+01,1.32299E+01,2.36666E+01,2.36666E+01,2.36666E+01,2.36666E+01,2.36666E+01,2.36666E+01,2.36666E+01,2.36666E+01,2.36666E+01,2.36666E+01,2.36666E+01,2.36666E+01,2.36666E+01,6.54439E+00,2.36666E+01,8.66513E-01,2.36666E+01,2.36666E+01,2.36666E+01,2.36666E+01 
#t = 3.654E+03
2.36666E+01,2.36666E+01,2.36666E+01,2.36666E+01,2.36666E+01,2.36666E+01,2.36666E+01,2.36666E+01,2.36666E+01,2.36666E+01,2.36666E+01,2.36666E+01,3.63091E+00,2.36666E+01,2.36666E+01,2.36666E+01,2.36666E+01,2.36666E+01,2.36666E+01,2.36666E+01,2.36666E+01,1.82473E+00,1.96330E+00 
#t = 3.696E+03
2.36666E+01,2.36666E+01,2.36666E+01,2.36666E+01,2.36666E+01,2.36666E+01,2.36666E+01,2.36666E+01,2.36666E+01,2.36666E+01,2.36666E+01,2.36666E+01,2.65308E+00,2.36666E+01,2.36666E+01,3.54759E+00,2.36666E+01,1.74713E+00,1.44012E+00,1.61594E+00,2.36666E+01 
#t = 3.738E+03
2.36666E+01,2.36666E+01,2.36666E+01,2.36666E+01,2.36666E+01,2.36666E+01,2.36666E+01,2.36666E+01,2.36666E+01,2.36666E+01,2.36666E+01,2.36666E+01,2.36666E+01,2.36666E+01,2.36666E+01,2.36666E+01,2.36666E+01,2.36666E+01,2.36666E+01,2.36666E+01,2.36666E+01,2.36666E+01,1.36281E+00,2.36666E+01,5.82941E+00,2.36666E+01,2.36666E+01,1.88621E+00,2.36666E+01,2.36666E+01,2.36666E+01 
#t = 3.780E+03
2.36666E+01,2.36666E+01,2.36666E+01,2.36666E+01,2.36666E+01,2.36666E+01,2.36666E+01,2.36666E+01,2.36666E+01,2.36666E+01,2.36666E+01,2.36666E+01,2.36666E+01,2.36666E+01,2.36666E+01,2.36666E+01,2.36666E+01,2.36666E+01,2.36666E+01,2.36666E+01,2.36666E+01,2.36666E+01,2.36666E+01,2.36666E+01,2.36666E+01,2.36666E+01,2.36666E+01,2.36666E+01 
#t = 3.822E+03
2.36666E+01,2.36666E+01,2.36666E+01,2.36666E+01,2.36666E+01,2.36666E+01,2.36666E+01,2.36666E+01,2.36666E+01,2.36666E+01,2.36666E+01,2.36666E+01,2.36666E+01,2.36666E+01,3.62753E+00,2.36666E+01,2.36666E+01,2.88355E+00,2.36666E+01,2.32039E+00,2.36666E+01,4.03380E+00 
#t = 3.864E+03
2.36666E+01,2.36666E+01,2.36666E+01,2.36666E+01,2.36666E+01,2.36666E+01,2.36666E+01,2.36666E+01,2.36666E+01,2.36666E+01,2.36666E+01,2.36666E+01,2.36666E+01,2.36666E+01,2.36666E+01,7.39738E+00,2.36666E+01,2.36666E+01,5.39943E+00,2.36666E+01,2.36666E+01 
#t = 3.906E+03
2.36666E+01,2.36666E+01,2.36666E+01,2.36666E+01,2.36666E+01,2.36666E+01,2.36666E+01,2.36666E+01,2.36666E+01,2.36666E+01,2.36666E+01,2.36666E+01,2.36666E+01,2.36666E+01,5.68641E+00,2.36666E+01,2.36666E+01,2.36666E+01,2.36666E+01,2.36666E+01,2.36666E+01,2.36666E+01,2.36666E+01,2.36666E+01,2.36666E+01,2.36666E+01,2.36666E+01 
#t = 3.948E+03
2.36666E+01,2.36666E+01,2.36666E+01,2.36666E+01,2.36666E+01,2.36666E+01,2.36666E+01,2.36666E+01,2.36666E+01,2.36666E+01,2.36666E+01,2.36666E+01,2.36666E+01,2.36666E+01,2.36666E+01,2.36666E+01,2.36666E+01,2.36666E+01,2.36666E+01,2.36666E+01,2.99039E+00,2.36666E+01,2.36666E+01,2.36666E+01 
#t = 3.990E+03
2.36666E+01,2.36666E+01,2.36666E+01,2.36666E+01,2.36666E+01,2.36666E+01,2.36666E+01,2.36666E+01,2.36666E+01,2.36666E+01,2.36666E+01,7.04638E+00,2.36666E+01,2.36666E+01,4.86226E+00,2.36666E+01,2.36666E+01,2.36666E+01,2.96459E+00,2.36666E+01,2.36666E+01,1.06982E+00,2.36666E+01,2.36666E+01,2.00695E+00,2.36666E+01,1.81255E+00 
#t = 4.032E+03
2.36666E+01,2.36666E+01,2.36666E+01,2.36666E+01,2.36666E+01,2.36666E+01,2.36666E+01,2.36666E+01,2.36666E+01,2.36666E+01,2.36666E+01,2.36666E+01,2.36666E+01,2.36666E+01,2.36666E+01,2.36666E+01,2.36666E+01,2.36666E+01,2.36666E+01,4.34517E+00,2.36666E+01,2.36666E+01,2.36666E+01,2.36666E+01,2.36666E+01,3.25644E+00,1.47066E+00,2.36666E+01,8.23567E-01 
#t = 4.074E+03
2.36666E+01,2.36666E+01,2.36666E+01,2.36666E+01,2.36666E+01,2.36666E+01,2.36666E+01,2.36666E+01,2.36666E+01,2.36666E+01,2.36666E+01,2.36666E+01,2.23762E+00,2.36666E+01,4.36031E+00,2.36666E+01,2.36666E+01 
#t = 4.116E+03
2.36666E+01,2.36666E+01,2.36666E+01,2.36666E+01,2.36666E+01,2.36666E+01,2.36666E+01,2.36666E+01,2.36666E+01,2.36666E+01,2.36666E+01,2.36666E+01,2.36666E+01,2.36666E+01,2.36666E+01,2.36666E+01,2.36666E+01,2.36666E+01,2.36666E+01,3.15557E+00,2.36666E+01,8.98431E+00 
#t = 4.158E+03
2.36666E+01,2.36666E+01,2.36666E+01,2.36666E+01,2.36666E+01,2.36666E+01,2.36666E+01,2.36666E+01,2.36666E+01,2.36666E+01,2.36666E+01,2.36666E+01,2.36666E+01,2.36666E+01,2.36666E+01,2.36666E+01,2.36666E+01,5.43901E+00,2.36666E+01,1.33072E+00,4.04172E+00,9.01194E+00 
#t = 4.200E+03
2.36666E+01,2.36666E+01,2.36666E+01,2.36666E+01,2.36666E+01,2.36666E+01,6.48802E+00,2.36666E+01,2.36666E+01,2.36666E+01,2.36666E+01,2.36666E+01,2.36666E+01,2.36666E+01,2.36666E+01,2.36666E+01,2.36666E+01,2.36666E+01,3.83154E+00,2.36666E+01,2.36666E+01,2.36666E+01,2.36666E+01,1.61371E+00,2.36666E+01,2.36666E+01,2.38571E+00,2.43711E+00,1.75285E+00 
