#t = 0.000E+00
1.16868E+00,9.60883E-01,2.52670E+00,3.92507E+00,2.32882E+00 
#t = 4.200E+01
1.57731E+01,8.70120E+00,2.46590E+00,1.55246E+00,2.93174E+00 
#t = 8.400E+01
5.03368E+00 
#t = 1.260E+02
3.80643E+00,4.17652E+00 
#t = 1.680E+02
1.02654E+01,2.83344E+00,2.05082E+00,3.93202E+00,4.92375E+00 
#t = 2.100E+02
9.72535E+00,6.08634E+00,2.15541E+00 
#t = 2.520E+02
6.42557E+00,3.28105E+00,1.69133E+00,2.15205E+00 
#t = 2.940E+02
1.21829E+01,5.80571E+00,9.24655E+00,3.63014E+00,4.52758E+00 
#t = 3.360E+02
2.27291E+00,2.33509E+00,4.98085E+00 
#t = 3.780E+02
4.07147E+00,3.38104E+00 
#t = 4.200E+02
2.90084E+00 
#t = 4.620E+02
2.97442E+00 
#t = 5.040E+02
1.16271E+01,3.22066E+00,6.16396E+00 
#t = 5.460E+02
1.04201E+01,7.14061E+00,1.98648E+00,2.20278E+00 
#t = 5.880E+02
3.82078E+00,7.78466E+00 
#t = 6.300E+02
5.75399E+00 
#t = 6.720E+02
9.82575E+00,7.23652E+00,7.14039E+00,5.18957E+00 
#t = 7.140E+02
7.83686E+00,1.91162E+00,2.22247E+00,5.56591E+00 
#t = 7.560E+02
2.05018E+00,3.33407E+00,3.71487E+00 
#t = 7.980E+02
2.00719E+00,2.97663E+00,4.08672E+00 
#t = 8.400E+02
9.85050E+00,4.76716E+00,5.65920E+00,2.62093E+00,4.64491E+00,7.90571E+00,2.00344E+00,4.41584E+00,8.38773E-01 
#t = 8.820E+02
5.78914E+00 
#t = 9.240E+02
2.30496E+00 
#t = 9.660E+02
2.31956E+00,2.08887E+00,1.51609E+00,6.67641E+00,6.01486E+00,2.65925E+00,3.98310E+00 
#t = 1.008E+03
2.76480E+00,4.03525E+00,1.88444E+00 
#t = 1.050E+03
-9999       
#t = 1.092E+03
3.55783E+00,1.00696E+01 
#t = 1.134E+03
3.93154E+00 
#t = 1.176E+03
4.49716E+00,2.50398E+00 
#t = 1.218E+03
4.57627E+00,7.53710E+00 
#t = 1.260E+03
2.69077E+00,2.57132E+00,3.65541E+00 
#t = 1.302E+03
5.20851E+00,3.05176E+00,2.27555E+00,3.59762E+00,2.65092E+00 
#t = 1.344E+03
3.30171E+00,2.88110E+00,3.05258E+00,2.30296E+00 
#t = 1.386E+03
2.66100E+00,3.89832E+00,3.91885E+00,9.80450E+00 
#t = 1.428E+03
2.07989E+00,6.52245E+00,5.65933E+00,1.52792E+00,1.61435E+00 
#t = 1.470E+03
6.62369E+00,2.56707E+00,3.77883E+00 
#t = 1.512E+03
4.35908E+00,8.69741E+00,1.12504E+00,4.16042E+00 
#t = 1.554E+03
7.93189E+00,2.28130E+00,2.72237E+00 
#t = 1.596E+03
6.77977E+00,4.76758E+00,7.94264E+00,1.79659E+00 
#t = 1.638E+03
3.89633E+00,4.84361E+00,2.01059E+00 
#t = 1.680E+03
1.21174E+01,4.19421E+00,1.21174E+01 
#t = 1.722E+03
1.21174E+01,9.73830E+00,1.21174E+01,4.19880E+00,1.21174E+01 
#t = 1.764E+03
1.21174E+01,1.21174E+01,1.21174E+01,1.21174E+01,2.62056E+00,1.21174E+01,1.21174E+01 
#t = 1.806E+03
1.21174E+01,1.21174E+01,1.21174E+01,1.21174E+01,1.21174E+01,7.13126E+00,1.21174E+01,3.60107E+00,1.21174E+01 
#t = 1.848E+03
1.21174E+01,1.21174E+01,1.21174E+01,1.21174E+01,1.21174E+01,1.21174E+01,1.21174E+01,1.21174E+01,1.21174E+01,1.21174E+01,1.21174E+01,3.55849E+00,1.95165E+00 
#t = 1.890E+03
1.21174E+01,1.21174E+01,1.21174E+01,1.21174E+01,1.21174E+01,1.21174E+01,1.21174E+01,5.79632E+00,1.21174E+01,1.21174E+01,1.21174E+01,1.21174E+01,3.84430E+00,1.21174E+01 
#t = 1.932E+03
1.21174E+01,1.21174E+01,1.21174E+01,1.21174E+01,1.21174E+01,1.21174E+01,1.21174E+01,1.21174E+01,1.21174E+01,4.39108E+00,1.21174E+01,1.11369E+00,1.21174E+01,1.21174E+01,1.21174E+01 
#t = 1.974E+03
1.21174E+01,1.21174E+01,1.21174E+01,1.21174E+01,1.21174E+01,1.21174E+01,1.21174E+01,1.07800E+01,1.21174E+01,1.21174E+01,2.10263E+00,1.21174E+01,1.21174E+01,1.21174E+01,1.21174E+01,2.77575E+00,6.82654E+00,1.21174E+01,2.15788E+00 
#t = 2.016E+03
1.21174E+01,4.14545E+00,1.76812E+00,2.76948E+00,3.44431E+00,3.67213E+00 
#t = 2.058E+03
2.45350E+00,1.67162E+00,3.77908E+00 
#t = 2.100E+03
2.84755E+00,7.40738E-01,1.11267E+00 
#t = 2.142E+03
-9999       
#t = 2.184E+03
3.38478E+00,3.23037E+00,8.87876E+00,2.79965E+00,1.22608E+00,4.07992E+00,4.46027E+00 
#t = 2.226E+03
4.26269E+00 
#t = 2.268E+03
4.33357E+00,5.85808E+00,2.75654E+00 
#t = 2.310E+03
3.02935E+00 
#t = 2.352E+03
7.11886E+00,3.65666E+00,4.56687E+00,7.74581E-01 
#t = 2.394E+03
2.48542E+00 
#t = 2.436E+03
6.19850E+00,6.86599E-01,1.42440E+00,4.31884E+00 
#t = 2.478E+03
4.28464E+00,3.76806E+00,4.25405E+00,3.50440E+00,1.51044E+00 
#t = 2.520E+03
1.31292E+01,9.69920E+00,3.23999E+00 
#t = 2.562E+03
3.84325E-01 
#t = 2.604E+03
-9999       
#t = 2.646E+03
2.05009E+00 
#t = 2.688E+03
1.11470E+01,9.13549E-01,1.67985E+00 
#t = 2.730E+03
1.94067E+00,3.72598E+00,2.89490E+00 
#t = 2.772E+03
8.27726E+00,3.47385E+00,3.84901E+00,1.47195E+00,1.55178E+00,2.61458E+00,5.20747E+00 
#t = 2.814E+03
3.88398E+00 
#t = 2.856E+03
1.45397E+00,1.89676E+00,1.10972E+00,1.70796E+00 
#t = 2.898E+03
1.70167E+00,4.20652E+00,2.67072E+00,2.35879E+00 
#t = 2.940E+03
5.65716E+00,1.54902E+00,2.26168E+00 
#t = 2.982E+03
6.32756E+00,3.84987E+00,4.70055E+00,3.68769E+00 
#t = 3.024E+03
3.09234E+00 
#t = 3.066E+03
4.90321E+00,3.26759E+00,2.81475E+00,5.20046E+00 
#t = 3.108E+03
3.53899E+00 
#t = 3.150E+03
3.38673E+00 
#t = 3.192E+03
3.49857E+00,4.58899E+00,3.89962E+00,3.19866E+00,1.17556E+00 
#t = 3.234E+03
2.84636E+00,6.06274E+00 
#t = 3.276E+03
-9999       
#t = 3.318E+03
5.91979E+00 
#t = 3.360E+03
1.09939E+01,2.06319E+00,1.09939E+01,1.09939E+01,1.17790E+00 
#t = 3.402E+03
1.44019E+01,3.29756E+00,3.89438E+00 
#t = 3.444E+03
1.44019E+01,1.44019E+01,1.44019E+01,1.44019E+01,1.44019E+01,5.86957E+00,3.80671E+00,1.44019E+01 
#t = 3.486E+03
1.44019E+01,1.44019E+01,1.44019E+01,1.44019E+01,2.49982E+00,1.44019E+01,3.79314E+00,4.89543E+00,1.44019E+01 
#t = 3.528E+03
1.44019E+01,4.97232E+00,1.02827E+01,1.59847E+00,5.60669E+00 
#t = 3.570E+03
1.28320E+01,1.21407E+00,2.90102E+00 
#t = 3.612E+03
1.13163E+01,1.13950E+01,1.13950E+01,1.13950E+01,1.13950E+01,1.13950E+01,2.12571E+00,1.13163E+01,1.13163E+01,1.61113E+00 
#t = 3.654E+03
1.13163E+01,1.13950E+01,1.13163E+01,1.13163E+01,4.34096E+00,1.13163E+01,1.13163E+01,1.13163E+01,1.13950E+01,1.13950E+01,1.13163E+01,1.13950E+01,1.13950E+01,1.13950E+01 
#t = 3.696E+03
1.13950E+01,1.13163E+01,1.13163E+01,1.13163E+01,1.13163E+01,5.76022E+00,1.13950E+01,1.13163E+01,3.45353E+00,1.62080E+00,1.62025E+00,2.00062E+00 
#t = 3.738E+03
5.07700E+00,2.35290E+00,1.53051E+00,1.29118E+00,2.11384E+00 
#t = 3.780E+03
5.35018E+00 
#t = 3.822E+03
-9999       
#t = 3.864E+03
4.48989E+00,1.63848E+00,3.89261E+00,3.55881E+00 
#t = 3.906E+03
7.75986E+00,5.67675E+00,3.96179E+00,2.79005E+00,4.52001E+00 
#t = 3.948E+03
3.27464E+00,1.16366E+01,3.72820E+00,1.26758E+00 
#t = 3.990E+03
1.16366E+01,2.87328E+00,1.16366E+01,3.87329E+00,1.16366E+01,2.32452E+00,1.92275E+00 
#t = 4.032E+03
5.87078E+00,6.91342E-01,3.03007E+00 
#t = 4.074E+03
1.05262E+00,2.75931E+00 
#t = 4.116E+03
7.68391E+00,2.10852E+00 
#t = 4.158E+03
5.45052E+00,2.66988E+00,2.56038E+00,1.91930E+00 
#t = 4.200E+03
2.35870E+00,1.34007E+00 
