#t = 0.000E+00
4.00050E+00,2.93422E+00,2.31071E+00,5.57178E+00,3.15968E+00 
#t = 4.200E+01
-9999       
#t = 8.400E+01
1.25620E+01,1.25620E+01 
#t = 1.260E+02
8.70290E+00,4.14447E+00 
#t = 1.680E+02
5.53541E+00,3.90458E+00,4.75773E+00,4.62279E+00,2.06560E+00 
#t = 2.100E+02
2.29164E+00,1.20414E+00,6.09962E+00,3.17422E+00 
#t = 2.520E+02
2.52648E+00,3.89431E+00,1.45716E+00,1.03168E+01 
#t = 2.940E+02
5.13551E+00,6.46818E+00,7.36018E+00,2.20081E+00,2.05316E+00,3.54243E+00 
#t = 3.360E+02
4.96101E+00 
#t = 3.780E+02
-9999       
#t = 4.200E+02
1.12207E+01,1.00587E+01,4.18644E+00,2.95136E+00 
#t = 4.620E+02
2.18202E+00,3.48301E+00,2.67749E+00 
#t = 5.040E+02
-9999       
#t = 5.460E+02
4.62601E+00,4.76624E+00,2.19522E+00,2.51638E+00 
#t = 5.880E+02
5.78580E+00,2.09154E+00 
#t = 6.300E+02
6.67625E+00,2.79961E+00,1.05590E+00 
#t = 6.720E+02
2.03379E+00 
#t = 7.140E+02
1.93655E+00,1.37656E+00,3.54957E+00,3.54471E+00,3.94323E+00 
#t = 7.560E+02
7.64931E+00 
#t = 7.980E+02
1.16569E+01,1.16569E+01,4.38337E+00 
#t = 8.400E+02
7.16362E+00,2.16311E+00 
#t = 8.820E+02
1.10511E+01 
#t = 9.240E+02
3.72111E+00 
#t = 9.660E+02
3.71702E+00,3.88185E+00 
#t = 1.008E+03
2.14490E+00,5.70869E+00,1.92243E+00 
#t = 1.050E+03
1.65548E+00,1.06006E+01,2.38028E+00 
#t = 1.092E+03
1.06006E+01,1.21959E+00,2.43062E+00,4.00548E+00,2.56376E+00 
#t = 1.134E+03
1.06006E+01,9.53106E+00,1.06006E+01,8.06888E+00,2.96029E+00 
#t = 1.176E+03
1.68452E+00,3.68761E+00,2.62313E+00 
#t = 1.218E+03
6.92586E+00 
#t = 1.260E+03
6.13397E+00,4.82264E+00,2.74012E+00,1.55334E+00,3.95764E+00 
#t = 1.302E+03
9.89389E+00,5.99588E+00,8.24762E-01,3.01690E+00 
#t = 1.344E+03
1.83297E+00,3.39763E+00,3.41102E+00 
#t = 1.386E+03
2.96123E+00,2.92450E+00,2.67831E+00,4.90436E+00 
#t = 1.428E+03
5.76523E+00,1.38748E+00,1.63689E+00,2.33279E+00,8.00656E+00,2.68462E+00 
#t = 1.470E+03
2.61091E+00 
#t = 1.512E+03
7.78503E+00,2.25893E+00,2.39095E+00 
#t = 1.554E+03
2.48570E+00,1.59958E+00,7.00498E+00 
#t = 1.596E+03
4.21783E+00,3.11145E+00,3.49407E+00,2.88339E+00,3.68043E+00,6.47602E+00 
#t = 1.638E+03
2.71394E+00,5.86529E+00 
#t = 1.680E+03
1.71249E+00,3.56066E+00,5.61012E+00,5.71156E+00 
#t = 1.722E+03
9.49027E+00 
#t = 1.764E+03
1.87867E+00,1.88479E+00,7.84485E+00 
#t = 1.806E+03
5.00991E+00,4.78212E+00,3.14067E+00 
#t = 1.848E+03
1.73333E+00,1.58782E+00,2.47701E+00 
#t = 1.890E+03
4.56088E+00,1.21535E+01 
#t = 1.932E+03
1.21535E+01,1.90707E+01,1.49366E+00,1.90707E+01,1.90707E+01,5.46208E+00,1.90707E+01,1.21535E+01,1.90707E+01 
#t = 1.974E+03
1.90707E+01,1.21535E+01,1.90707E+01,1.90707E+01,1.21535E+01,1.90707E+01,1.90707E+01,1.90707E+01,1.90707E+01,1.90707E+01,1.21535E+01,1.90707E+01,1.90707E+01,1.62798E+00,1.90707E+01,2.89609E+00 
#t = 2.016E+03
1.90707E+01,1.90707E+01,1.90707E+01,1.90707E+01,1.90707E+01,1.21535E+01,6.57057E+00,1.21535E+01 
#t = 2.058E+03
1.90707E+01,1.21535E+01,1.21535E+01,1.90707E+01,1.21535E+01,1.21535E+01,2.56619E+00,1.21535E+01,1.21535E+01,1.21535E+01,1.21535E+01,6.06098E+00 
#t = 2.100E+03
1.21535E+01,1.21535E+01,1.17462E+01,2.47354E+00,1.21535E+01,2.21503E+00,1.17462E+01,7.12307E+00,1.28167E+00 
#t = 2.142E+03
1.21535E+01,1.17462E+01,6.92874E+00,4.23886E+00 
#t = 2.184E+03
1.21535E+01,5.91572E+00,6.91098E-01,1.21535E+01 
#t = 2.226E+03
1.21535E+01,1.21535E+01,1.21535E+01,1.21535E+01,8.40497E+00,1.21535E+01,1.21535E+01,5.75795E+00,1.21535E+01,1.21535E+01,1.24551E+00,1.21535E+01,3.95233E+00 
#t = 2.268E+03
1.21535E+01,2.79089E+00,5.73462E+00 
#t = 2.310E+03
1.21535E+01,6.53250E+00,3.21890E+00 
#t = 2.352E+03
1.21535E+01,1.21535E+01,2.72708E+00,3.39467E+00,1.21535E+01,2.78535E+00 
#t = 2.394E+03
1.21535E+01,4.02294E+00,3.26998E+00,9.66064E-01,4.06208E+00,2.27055E+00,2.10608E+00 
#t = 2.436E+03
4.88206E+00,3.88165E+00 
#t = 2.478E+03
1.63430E+01,1.63430E+01,1.63430E+01,1.63430E+01,2.05975E+00,1.63430E+01,4.01946E+00 
#t = 2.520E+03
1.63430E+01,1.63430E+01,8.24966E+00,2.02410E+00,2.47985E+00,3.20502E+00,1.43644E+00,2.22923E+00 
#t = 2.562E+03
1.63430E+01,1.18947E+01,1.63430E+01,1.94186E+00,1.18947E+01,1.48971E+00,1.63430E+01,3.11525E+00 
#t = 2.604E+03
1.63430E+01,1.18947E+01,1.18947E+01,1.63430E+01,2.99340E+01,2.99340E+01,2.99340E+01,2.99340E+01,2.99340E+01,2.99340E+01,2.99340E+01,1.18947E+01,1.18947E+01,4.32373E+00,1.83214E+00,2.99340E+01,2.99340E+01 
#t = 2.646E+03
1.18947E+01,2.99340E+01,2.99340E+01,2.99340E+01,2.99340E+01,2.99340E+01,2.99340E+01,2.99340E+01,2.99340E+01,2.99340E+01,2.99340E+01,2.99340E+01,2.99340E+01,2.99340E+01,2.99340E+01,2.99340E+01,2.99340E+01,2.99340E+01,2.99340E+01,2.99340E+01,2.99340E+01,2.99340E+01,2.99340E+01,2.99340E+01,2.99340E+01,2.99340E+01,2.99340E+01,2.99340E+01,2.99340E+01,2.99340E+01,2.99340E+01,2.99340E+01,2.25458E+00,2.99340E+01,2.99340E+01,2.99340E+01,2.99340E+01,2.99340E+01,8.65073E-01,6.24233E+00,2.99340E+01 
#t = 2.688E+03
2.99340E+01,2.99340E+01,2.99340E+01,2.99340E+01,2.99340E+01,2.99340E+01,2.99340E+01,2.99340E+01,2.99340E+01,2.99340E+01,2.99340E+01,2.99340E+01,2.99340E+01,2.99340E+01,2.99340E+01,2.99340E+01,2.99340E+01,2.99340E+01,2.99340E+01,2.99340E+01,2.99340E+01,2.99340E+01,2.41006E+00,2.99340E+01,2.99340E+01 
#t = 2.730E+03
2.99340E+01,2.99340E+01,2.99340E+01,2.99340E+01,2.99340E+01,2.99340E+01,2.99340E+01,2.99340E+01,2.99340E+01,2.99340E+01,2.99340E+01,2.99340E+01,2.99340E+01,2.99340E+01,2.99340E+01,2.99340E+01,1.20995E+01,2.99340E+01,2.99340E+01,2.99340E+01,2.99340E+01,2.99340E+01,2.99340E+01,2.99340E+01,2.99340E+01,2.99340E+01,2.99340E+01,2.99340E+01,2.99340E+01,2.99340E+01,5.95258E+00,2.99340E+01,2.99340E+01,1.32380E+00,2.99340E+01,2.99340E+01,1.37204E+01 
#t = 2.772E+03
2.99340E+01,2.99340E+01,2.99340E+01,2.99340E+01,2.99340E+01,2.99340E+01,2.99340E+01,2.99340E+01,2.99340E+01,2.99340E+01,2.99340E+01,2.99340E+01,2.99340E+01,2.99340E+01,2.99340E+01,2.99340E+01,2.99340E+01,1.06895E+01,2.99340E+01,2.99340E+01,2.99340E+01,2.99340E+01,2.99340E+01,2.99340E+01,2.99340E+01,2.99340E+01,2.99340E+01,2.99340E+01,2.99340E+01,2.99340E+01,3.42890E+00,2.99340E+01,2.99340E+01,2.99340E+01,2.99340E+01 
#t = 2.814E+03
2.99340E+01,2.99340E+01,2.99340E+01,2.99340E+01,2.99340E+01,2.99340E+01,2.99340E+01,2.99340E+01,2.99340E+01,2.99340E+01,2.99340E+01,2.99340E+01,2.99340E+01,2.99340E+01,2.99340E+01,2.99340E+01,2.99340E+01,2.99340E+01,2.99340E+01,2.99340E+01,2.99340E+01,2.99340E+01,2.99340E+01,2.99340E+01,2.99340E+01,2.99340E+01,2.99340E+01,1.49148E+01,2.99340E+01,2.99340E+01,2.99340E+01,2.99340E+01,2.99340E+01,2.99340E+01,2.99340E+01,2.99340E+01,2.99340E+01,2.99340E+01,2.99340E+01,2.99340E+01,2.99340E+01,2.99340E+01,2.99340E+01,2.99340E+01,2.99340E+01,1.88313E+00,2.99340E+01,2.99340E+01,2.99340E+01,2.99340E+01,2.99340E+01,2.99340E+01,2.99340E+01 
#t = 2.856E+03
2.99340E+01,2.99340E+01,2.99340E+01,2.99340E+01,2.99340E+01,2.99340E+01,2.99340E+01,2.99340E+01,2.99340E+01,2.99340E+01,2.99340E+01,2.99340E+01,2.99340E+01,2.99340E+01,2.99340E+01,2.99340E+01,2.99340E+01,2.99340E+01,2.99340E+01,2.99340E+01,2.99340E+01,2.99340E+01,2.99340E+01,2.99340E+01,2.99340E+01,2.99340E+01,2.99340E+01,2.46038E+00,2.99340E+01,2.99340E+01,2.99340E+01,3.80769E+00,2.99340E+01,2.37085E+00,2.99340E+01,2.24014E+00,2.99340E+01,2.99340E+01,2.99340E+01,3.58897E+00 
#t = 2.898E+03
2.99340E+01,2.99340E+01,2.99340E+01,2.99340E+01,2.99340E+01,2.99340E+01,2.99340E+01,2.99340E+01,2.99340E+01,2.99340E+01,2.99340E+01,2.99340E+01,2.99340E+01,2.99340E+01,2.99340E+01,2.99340E+01,2.99340E+01,2.99340E+01,2.99340E+01,2.99340E+01,2.99340E+01,2.99340E+01,2.99340E+01,2.99340E+01,2.99340E+01,2.99340E+01,2.99340E+01 
#t = 2.940E+03
2.99340E+01,2.99340E+01,2.99340E+01,2.99340E+01,2.99340E+01,2.99340E+01,2.99340E+01,2.99340E+01,2.99340E+01,2.99340E+01,2.99340E+01,2.99340E+01,2.99340E+01,2.99340E+01,2.99340E+01,2.99340E+01,2.99340E+01,2.99340E+01,2.99340E+01,2.99340E+01,2.99340E+01,2.99340E+01,7.47562E+00,2.99340E+01,2.99340E+01,2.99340E+01,4.19668E+00,2.99340E+01,2.99340E+01 
#t = 2.982E+03
2.99340E+01,2.99340E+01,2.99340E+01,2.99340E+01,2.99340E+01,2.99340E+01,2.99340E+01,2.99340E+01,2.99340E+01,2.99340E+01,2.99340E+01,2.99340E+01,2.99340E+01,2.99340E+01,2.99340E+01,2.99340E+01,2.99340E+01,8.65732E+00,2.99340E+01,2.99340E+01,2.99340E+01,2.99340E+01,2.99340E+01,2.99340E+01,2.99340E+01,2.99340E+01,2.99340E+01 
#t = 3.024E+03
2.99340E+01,2.99340E+01,2.99340E+01,2.99340E+01,2.99340E+01,2.99340E+01,2.99340E+01,2.99340E+01,2.99340E+01,2.99340E+01,2.99340E+01,2.99340E+01,2.99340E+01,2.99340E+01,2.99340E+01,2.99340E+01,2.99340E+01,2.99340E+01,2.99340E+01,2.99340E+01,2.99340E+01,2.99340E+01,2.99340E+01,2.99340E+01,2.99340E+01,2.47495E+00,2.99340E+01,1.15632E+01,2.99340E+01,4.92777E+00 
#t = 3.066E+03
2.99340E+01,2.99340E+01,2.99340E+01,2.99340E+01,2.99340E+01,2.99340E+01,2.99340E+01,2.99340E+01,2.99340E+01,2.99340E+01,2.99340E+01,2.99340E+01,2.99340E+01,2.99340E+01,2.99340E+01,2.99340E+01,2.99340E+01,2.99340E+01,2.99340E+01,2.99340E+01,2.99340E+01,2.99340E+01,2.99340E+01,2.99340E+01,2.99340E+01,3.77546E+00,2.99340E+01,2.99340E+01,2.99340E+01,2.99340E+01,2.99340E+01,2.99340E+01,8.90729E+00,2.99340E+01,2.99340E+01,2.99340E+01,2.99340E+01 
#t = 3.108E+03
2.99340E+01,2.99340E+01,2.99340E+01,2.99340E+01,2.99340E+01,2.99340E+01,2.99340E+01,2.99340E+01,2.99340E+01,2.99340E+01,2.99340E+01,2.99340E+01,2.99340E+01,2.99340E+01,2.99340E+01,2.99340E+01,2.99340E+01,2.99340E+01,2.99340E+01,2.99340E+01,2.99340E+01,2.99340E+01,2.99340E+01,2.99340E+01,6.94665E+00,2.99340E+01,2.99340E+01,2.99340E+01,2.99340E+01,2.99340E+01,2.99340E+01,2.99340E+01,2.99340E+01 
#t = 3.150E+03
2.99340E+01,2.99340E+01,2.99340E+01,2.99340E+01,2.99340E+01,2.99340E+01,2.99340E+01,2.99340E+01,2.99340E+01,2.99340E+01,2.99340E+01,2.99340E+01,2.99340E+01,2.99340E+01,2.99340E+01,2.99340E+01,2.99340E+01,2.99340E+01,2.99340E+01,2.99340E+01,2.99340E+01,2.99340E+01,2.93803E+00,4.16030E+00,1.95015E+00,4.03785E+00 
#t = 3.192E+03
2.99340E+01,2.99340E+01,2.99340E+01,2.99340E+01,2.99340E+01,2.99340E+01,2.99340E+01,2.99340E+01,2.99340E+01,2.99340E+01,2.99340E+01,2.99340E+01,2.99340E+01,2.99340E+01,2.99340E+01,2.99340E+01,2.99340E+01,2.99340E+01,2.99340E+01,2.99340E+01,2.99340E+01,2.99340E+01,2.99340E+01,2.99340E+01,2.99340E+01,2.99340E+01,2.99340E+01,2.99340E+01,3.47575E+00,2.99340E+01,2.99340E+01,2.99340E+01,2.99340E+01,2.99340E+01,2.99340E+01,2.99340E+01,2.99340E+01,2.99340E+01,2.99340E+01,2.99340E+01,2.99340E+01,2.99340E+01,1.76599E+00,2.46605E+00,2.99340E+01,2.99340E+01 
#t = 3.234E+03
2.99340E+01,2.99340E+01,2.99340E+01,2.99340E+01,2.99340E+01,2.99340E+01,2.99340E+01,2.99340E+01,2.99340E+01,2.99340E+01,2.99340E+01,4.91854E+00,2.99340E+01,2.99340E+01,2.99340E+01,2.99340E+01,2.99340E+01,2.99340E+01,6.42921E+00,2.99340E+01,2.25938E+00,2.99340E+01,2.99340E+01,2.99340E+01,9.00947E-01,2.99340E+01,2.99340E+01,2.99340E+01,2.99340E+01,2.99340E+01,2.99340E+01,2.99340E+01,2.15013E+00 
#t = 3.276E+03
2.99340E+01,2.99340E+01,2.99340E+01,2.99340E+01,2.99340E+01,2.99340E+01,2.99340E+01,2.99340E+01,2.99340E+01,2.99340E+01,2.99340E+01,2.99340E+01,2.99340E+01,2.99340E+01,2.99340E+01,2.99340E+01,2.99340E+01,2.99340E+01,2.99340E+01,2.99340E+01,2.99340E+01,2.99340E+01,2.99340E+01,2.99340E+01,2.99340E+01,2.99340E+01,2.99340E+01,2.99340E+01,2.99340E+01,2.99340E+01,2.99340E+01,2.99340E+01,2.99340E+01,2.99340E+01,2.99340E+01,2.99340E+01,2.99340E+01,2.99340E+01,2.99340E+01,3.81300E+00,2.99340E+01,2.88747E+00,2.99340E+01,3.84062E+00 
#t = 3.318E+03
2.99340E+01,2.99340E+01,2.99340E+01,2.99340E+01,2.99340E+01,2.99340E+01,2.99340E+01,2.99340E+01,1.04710E+01,2.99340E+01,2.99340E+01,2.99340E+01,2.99340E+01,2.99340E+01,2.99340E+01,2.99340E+01,2.99340E+01,2.99340E+01,2.99340E+01,2.99340E+01,2.99340E+01,2.99340E+01,2.99340E+01,2.99340E+01,2.99340E+01,2.99340E+01,3.04952E+00,1.15871E+00,2.99340E+01,1.80497E+00,1.32235E+00,2.99340E+01,2.99340E+01,2.88687E+00,1.99908E+00 
#t = 3.360E+03
2.99340E+01,2.99340E+01,2.99340E+01,2.99340E+01,2.99340E+01,2.99340E+01,2.99340E+01,2.99340E+01,2.99340E+01,2.99340E+01,2.23327E+00,2.99340E+01,2.99340E+01,2.69436E+00,2.99340E+01,2.99340E+01,2.99340E+01,2.99340E+01,2.99340E+01,2.99340E+01,2.99340E+01,2.99340E+01,2.99340E+01,2.99340E+01,2.99340E+01,2.99340E+01,1.37512E+00 
#t = 3.402E+03
2.99340E+01,2.99340E+01,2.99340E+01,2.99340E+01,2.99340E+01,2.99340E+01,2.99340E+01,2.99340E+01,2.99340E+01,2.99340E+01,2.99340E+01,2.99340E+01,2.99340E+01,2.99340E+01,2.99340E+01,2.99340E+01,2.99340E+01,2.99340E+01,2.99340E+01,2.99340E+01,2.99340E+01,2.99340E+01,2.99340E+01,2.99340E+01,2.99340E+01,2.99340E+01,2.99340E+01,2.99340E+01,2.99340E+01,2.99340E+01,2.99340E+01,2.99340E+01,2.99340E+01,2.99340E+01,2.99340E+01,2.99340E+01,3.17037E+00,2.26339E+00 
#t = 3.444E+03
2.99340E+01,2.99340E+01,2.99340E+01,2.99340E+01,2.99340E+01,2.99340E+01,2.99340E+01,2.99340E+01,2.99340E+01,2.99340E+01,2.99340E+01,2.99340E+01,2.99340E+01,7.48993E+00,2.99340E+01,2.99340E+01,2.99340E+01,2.99340E+01,2.99340E+01,2.99340E+01,4.25736E+00,2.99340E+01,2.99340E+01,2.99340E+01,2.99340E+01,2.99340E+01,2.99340E+01,2.99340E+01 
#t = 3.486E+03
2.99340E+01,2.99340E+01,2.99340E+01,2.99340E+01,2.99340E+01,2.99340E+01,2.99340E+01,2.99340E+01,2.99340E+01,2.99340E+01,2.99340E+01,2.99340E+01,2.99340E+01,2.99340E+01,2.99340E+01,2.99340E+01,2.99340E+01,2.99340E+01,2.99340E+01,2.99340E+01,2.99340E+01,2.99340E+01,2.99340E+01,5.13002E+00,2.99340E+01,2.99340E+01,2.99340E+01,2.99340E+01 
#t = 3.528E+03
2.99340E+01,2.99340E+01,2.99340E+01,2.99340E+01,2.99340E+01,2.99340E+01,2.99340E+01,2.99340E+01,2.99340E+01,2.99340E+01,2.99340E+01,2.99340E+01,2.99340E+01,2.99340E+01,2.99340E+01,2.99340E+01,2.99340E+01,2.99340E+01,2.99340E+01,2.99340E+01,2.99340E+01,3.40512E+00,4.18333E+00,2.99340E+01,2.99340E+01,2.99340E+01,2.99340E+01,2.99340E+01,2.99340E+01 
#t = 3.570E+03
2.99340E+01,2.99340E+01,2.99340E+01,2.99340E+01,2.99340E+01,2.99340E+01,2.99340E+01,2.99340E+01,2.99340E+01,2.99340E+01,2.99340E+01,2.99340E+01,2.99340E+01,2.99340E+01,2.99340E+01,2.99340E+01,2.99340E+01,2.99340E+01,2.99340E+01,2.99340E+01,2.99340E+01,2.99340E+01,2.99340E+01,2.99340E+01,2.99340E+01,2.99340E+01,2.99340E+01,2.99340E+01,2.99340E+01,2.99340E+01,2.99340E+01,2.99340E+01,2.99340E+01,2.99340E+01,2.99340E+01,2.99340E+01,2.99340E+01,2.99340E+01,2.99340E+01 
#t = 3.612E+03
2.99340E+01,2.99340E+01,2.99340E+01,2.99340E+01,2.99340E+01,2.99340E+01,2.99340E+01,2.99340E+01,2.99340E+01,2.99340E+01,2.99340E+01,2.99340E+01,2.99340E+01,2.99340E+01,2.99340E+01,2.99340E+01,2.99340E+01,2.99340E+01,2.99340E+01,2.99340E+01,2.99340E+01,2.99340E+01,2.99340E+01,2.99340E+01,2.99340E+01,2.99340E+01,7.23512E+00,6.84366E+00,2.99340E+01,2.43527E+00,9.92855E-01,2.99340E+01,2.99340E+01,2.99340E+01,2.99340E+01 
#t = 3.654E+03
2.99340E+01,2.99340E+01,2.99340E+01,2.99340E+01,2.99340E+01,2.99340E+01,2.99340E+01,2.99340E+01,2.99340E+01,2.99340E+01,2.99340E+01,2.99340E+01,2.99340E+01,2.99340E+01,2.99340E+01,2.99340E+01,2.99340E+01,2.99340E+01,2.99340E+01,2.99340E+01,2.99340E+01,2.99340E+01,2.99340E+01,2.99340E+01,2.99340E+01,4.30688E+00,2.99340E+01,2.99340E+01,2.99340E+01,2.99340E+01 
#t = 3.696E+03
2.99340E+01,2.99340E+01,2.99340E+01,2.99340E+01,2.99340E+01,2.99340E+01,2.99340E+01,2.99340E+01,2.99340E+01,2.99340E+01,2.99340E+01,2.99340E+01,2.99340E+01,2.99340E+01,2.99340E+01,2.99340E+01,2.99340E+01,2.99340E+01,2.99340E+01,2.99340E+01,2.99340E+01,2.99340E+01,2.99340E+01,2.99340E+01,2.99340E+01,2.99340E+01,2.99340E+01,2.99340E+01,2.99340E+01,1.07368E+00 
#t = 3.738E+03
2.99340E+01,2.99340E+01,2.99340E+01,2.99340E+01,2.99340E+01,2.99340E+01,2.99340E+01,2.99340E+01,2.99340E+01,2.99340E+01,2.99340E+01,2.99340E+01,2.99340E+01,2.99340E+01,2.99340E+01,2.99340E+01,2.99340E+01,2.99340E+01,2.99340E+01,2.99340E+01,2.99340E+01,3.68921E+00,2.99340E+01,2.99340E+01,2.99340E+01,2.56263E+00,2.99340E+01,2.99340E+01,2.99340E+01 
#t = 3.780E+03
2.99340E+01,2.99340E+01,2.99340E+01,2.99340E+01,2.99340E+01,2.99340E+01,2.99340E+01,2.99340E+01,2.99340E+01,2.99340E+01,2.99340E+01,2.99340E+01,2.99340E+01,2.99340E+01,2.99340E+01,2.99340E+01,2.99340E+01,2.99340E+01,2.99340E+01,2.99340E+01,2.99340E+01,2.99340E+01,2.99340E+01,2.99340E+01,6.50818E+00,2.99340E+01,2.99340E+01,2.99340E+01,2.99340E+01,2.99340E+01,1.83900E+00,2.99340E+01,2.99340E+01,3.84819E+00 
#t = 3.822E+03
2.99340E+01,2.99340E+01,2.99340E+01,2.99340E+01,2.99340E+01,2.99340E+01,2.99340E+01,2.99340E+01,2.99340E+01,2.99340E+01,2.99340E+01,2.99340E+01,2.99340E+01,2.99340E+01,2.99340E+01,2.99340E+01,2.99340E+01,2.99340E+01,2.99340E+01,2.99340E+01,2.99340E+01,5.04077E+00,2.99340E+01,7.24780E+00,2.99340E+01,2.99340E+01,2.66764E+00,1.20637E+00,1.83647E+00,1.02558E+00,2.99340E+01,2.99340E+01,2.99340E+01 
#t = 3.864E+03
2.99340E+01,2.99340E+01,2.99340E+01,2.99340E+01,2.99340E+01,2.99340E+01,2.99340E+01,2.99340E+01,2.99340E+01,2.99340E+01,2.99340E+01,2.99340E+01,2.99340E+01,2.99340E+01,2.99340E+01,2.99340E+01,2.99340E+01,2.99340E+01,2.99340E+01,2.99340E+01,2.99340E+01,2.99340E+01,3.11325E+00,2.99340E+01 
#t = 3.906E+03
2.99340E+01,2.99340E+01,2.99340E+01,2.99340E+01,2.99340E+01,2.99340E+01,2.99340E+01,2.99340E+01,2.99340E+01,2.99340E+01,2.99340E+01,2.99340E+01,2.99340E+01,2.99340E+01,2.99340E+01,2.99340E+01,2.99340E+01,2.99340E+01,2.99340E+01,2.99340E+01,2.99340E+01,2.99340E+01,2.99340E+01,2.99340E+01,2.99340E+01,2.99340E+01,2.99340E+01,2.99340E+01,2.99340E+01,2.99340E+01,2.99340E+01,2.99340E+01,2.99340E+01,2.99340E+01,2.99340E+01,3.70728E+00 
#t = 3.948E+03
2.99340E+01,2.99340E+01,2.99340E+01,2.99340E+01,2.99340E+01,2.99340E+01,2.99340E+01,2.99340E+01,2.99340E+01,2.99340E+01,2.99340E+01,2.99340E+01,2.99340E+01,2.99340E+01,2.99340E+01,2.99340E+01,2.99340E+01,2.99340E+01,2.99340E+01,2.99340E+01,2.99340E+01,2.99340E+01,2.99340E+01,2.99340E+01,2.99340E+01,7.19706E+00,2.99340E+01,6.56103E+00,2.99340E+01,2.99340E+01,2.99340E+01,5.93928E+00,2.99340E+01,3.43607E+00,2.99340E+01,2.99340E+01,2.99340E+01,1.95813E+00,2.99340E+01,1.02520E+00,2.99340E+01,2.99340E+01,2.99340E+01,2.99340E+01,2.99340E+01,1.79956E+00 
#t = 3.990E+03
2.99340E+01,2.99340E+01,2.99340E+01,2.99340E+01,2.99340E+01,2.99340E+01,2.99340E+01,2.99340E+01,2.99340E+01,2.99340E+01,2.99340E+01,2.99340E+01,2.99340E+01,2.99340E+01,2.99340E+01,2.99340E+01,2.99340E+01,2.99340E+01,2.99340E+01,3.80766E+00,2.99340E+01,2.99340E+01,5.37231E+00 
#t = 4.032E+03
2.99340E+01,2.99340E+01,2.99340E+01,2.99340E+01,2.99340E+01,2.99340E+01,2.99340E+01,2.99340E+01,2.99340E+01,2.99340E+01,2.99340E+01,2.99340E+01,2.99340E+01,2.99340E+01,2.99340E+01,2.99340E+01,1.15729E+01,2.99340E+01,2.99340E+01,2.99340E+01,2.99340E+01,2.99340E+01,2.99340E+01,2.99340E+01,3.90145E+00,2.99340E+01,3.37657E+00,2.99340E+01,6.91425E-01,2.99340E+01,2.99340E+01,2.99340E+01,2.99340E+01,2.99340E+01,2.99340E+01 
#t = 4.074E+03
1.15729E+01,2.99340E+01,2.99340E+01,2.99340E+01,2.99340E+01,2.99340E+01,2.99340E+01,2.99340E+01,2.99340E+01,2.99340E+01,2.99340E+01,2.99340E+01,2.99340E+01,2.99340E+01,2.99340E+01,2.99340E+01,6.85143E+00,2.99340E+01,2.99340E+01,2.99340E+01,2.99340E+01,2.99340E+01,2.99340E+01,2.99340E+01,2.99340E+01,2.99340E+01,2.99340E+01,2.99340E+01,6.82644E+00,2.99340E+01,2.99340E+01,4.40632E+00,4.77005E+00 
#t = 4.116E+03
2.99340E+01,2.99340E+01,2.99340E+01,2.99340E+01,2.99340E+01,2.99340E+01,2.99340E+01,6.01462E+00,2.99340E+01,2.99340E+01,2.99340E+01,7.97494E+00,2.99340E+01,2.99340E+01,2.99340E+01,2.99340E+01,2.99340E+01,2.99340E+01,2.99340E+01,2.99340E+01,2.99340E+01,2.99340E+01,2.99340E+01,2.99340E+01,2.99340E+01,2.18628E+00,2.99340E+01,2.99340E+01 
#t = 4.158E+03
2.99340E+01,2.99340E+01,2.99340E+01,2.99340E+01,2.99340E+01,2.99340E+01,2.99340E+01,7.44217E+00,2.99340E+01,2.99340E+01,2.99340E+01,2.99340E+01,2.99340E+01,2.99340E+01,2.99340E+01,2.99340E+01,2.99340E+01,9.04262E+00,2.99340E+01,2.99340E+01,2.99340E+01,2.99340E+01,2.99340E+01,2.99340E+01,1.65720E+00,1.76939E+00,7.23477E+00,2.99340E+01,2.99340E+01 
#t = 4.200E+03
2.99340E+01,2.99340E+01,2.99340E+01,2.99340E+01,2.99340E+01,2.99340E+01,2.99340E+01,2.99340E+01,2.99340E+01,2.99340E+01,2.99340E+01,2.99340E+01,2.99340E+01,2.99340E+01,2.99340E+01,2.99340E+01,2.99340E+01,2.99340E+01,2.99340E+01,2.99340E+01,2.99340E+01,2.99340E+01,2.99340E+01,2.99340E+01,2.99340E+01,2.99340E+01,2.99340E+01,2.99340E+01,2.99340E+01,2.21416E+00,2.99340E+01,2.99340E+01,2.99340E+01,2.99340E+01 
