#t = 0.000E+00
4.63993E+00,3.60164E+00,2.79314E+00,3.82535E+00,3.59940E+00 
#t = 4.200E+01
1.00451E+01,3.81755E+00,1.12715E+00,2.24476E+00 
#t = 8.401E+01
2.49088E+00,9.49146E-01,1.39247E+00,3.18941E+00,9.48093E-01,2.21177E+00 
#t = 1.260E+02
2.72342E+00,6.94068E+00 
#t = 1.680E+02
6.88862E+00,6.79618E+00,1.14341E+00,1.54399E+00 
#t = 2.100E+02
9.40077E+00,3.58184E+00 
#t = 2.520E+02
8.54463E+00,3.16576E+00 
#t = 2.940E+02
2.33434E+00,8.64428E+00,3.01735E+00,5.61172E+00 
#t = 3.360E+02
1.40504E+00,3.75842E+00 
#t = 3.780E+02
2.51751E+00,2.25838E+00,1.09249E+00,2.56995E+00 
#t = 4.200E+02
5.09799E+00,3.31297E+00,5.93096E+00 
#t = 4.620E+02
2.08368E+00,5.99877E+00,6.44397E+00 
#t = 5.040E+02
3.94556E+00,4.25824E+00,2.43439E+00,3.48219E+00 
#t = 5.460E+02
1.24918E+00 
#t = 5.880E+02
3.09386E+00,2.46615E+00 
#t = 6.300E+02
8.31055E+00,2.05011E+00,2.66411E+00 
#t = 6.720E+02
4.43237E+00,4.71365E+00,2.28875E+00,3.13893E+00,4.39336E+00,4.31259E+00,3.97231E+00 
#t = 7.140E+02
6.66410E-01,3.18980E+00 
#t = 7.560E+02
2.77541E+00,7.32759E+00,1.89825E+00 
#t = 7.980E+02
3.63894E+00,3.85419E+00,2.96456E+00,4.67571E+00 
#t = 8.400E+02
1.55928E+01,5.53746E+00,2.50171E+00,1.00250E+00,3.71489E+00 
#t = 8.820E+02
3.64675E+00,4.29501E+00,1.59680E+00 
#t = 9.240E+02
4.76779E+00,2.87640E+00,1.37245E+00,2.62676E+00,8.30365E+00 
#t = 9.660E+02
4.10742E+00 
#t = 1.008E+03
3.26798E+00,7.47745E+00,1.13109E+01,1.29490E+00,3.70525E+00,2.44310E+00 
#t = 1.050E+03
3.19528E+00,1.28023E+01,1.28023E+01,8.59664E+00,1.54515E+00 
#t = 1.092E+03
1.94408E+00,2.78074E+00,4.46727E+00,2.41274E+00,6.32065E+00,9.99929E+00,6.02204E+00,2.43650E+00,2.30692E+00 
#t = 1.134E+03
6.24930E+00,2.07831E+00,4.23912E+00 
#t = 1.176E+03
6.78150E+00,6.54031E+00,4.92177E+00,2.54103E+00 
#t = 1.218E+03
6.78150E+00,4.17402E+00,1.21518E+00,1.49569E+00,1.59062E+00,1.30336E+00 
#t = 1.260E+03
7.95849E-01,9.61165E-01 
#t = 1.302E+03
3.62494E+00,1.18717E+00,3.98896E+00,1.67043E+00,4.14775E+00 
#t = 1.344E+03
3.44424E+00,5.29536E+00,1.01370E+00 
#t = 1.386E+03
1.71148E+01,1.71148E+01,5.08556E+00 
#t = 1.428E+03
6.66149E+00,4.13435E+00,3.14345E+00,3.47912E+00,2.13473E+00 
#t = 1.470E+03
8.57930E+00,5.56820E+00,1.58602E+01,1.53527E+00,3.02248E+00,3.21300E+00 
#t = 1.512E+03
5.94708E+00,2.10040E+00,3.58523E+00,4.03308E+00 
#t = 1.554E+03
8.29511E+00,5.17093E+00,6.22959E+00,5.42054E+00,2.74657E+00,1.36983E+00,1.04237E+01 
#t = 1.596E+03
7.29054E-01,1.59739E+00 
#t = 1.638E+03
5.62722E+00,4.70116E+00,8.22128E+00,3.40200E+00,2.15668E+00 
#t = 1.680E+03
2.12482E+00,3.44410E+00,7.60135E+00,4.74495E+00 
#t = 1.722E+03
-9.99900E+03
#t = 1.764E+03
3.42704E+00,2.27094E+00,2.95214E+00 
#t = 1.806E+03
8.49457E+00,1.74365E+00,2.87755E+00,2.59057E+00 
#t = 1.848E+03
6.76946E+00,1.29062E+00,6.19181E-01,2.32214E+00,9.92721E-01 
#t = 1.890E+03
5.72892E+00,1.62117E+01,4.17788E+00,1.71710E+00 
#t = 1.932E+03
4.22243E+00,3.39780E+00,1.97559E+00 
#t = 1.974E+03
6.30327E+00,5.43046E+00,6.52237E+00,1.72798E+00,1.70939E+00 
#t = 2.016E+03
6.30327E+00,1.25842E+01,1.57374E+00,1.52952E+00 
#t = 2.058E+03
4.83856E+00,1.37430E+00 
#t = 2.100E+03
3.13967E+00,3.40621E+00,2.27311E+00 
#t = 2.142E+03
4.97331E+00 
#t = 2.184E+03
5.24888E+00,5.17577E+00,2.44907E+00 
#t = 2.226E+03
5.83449E+00,1.09846E+00,1.64366E+00 
#t = 2.268E+03
8.53996E+00,7.96243E+00,3.68966E+00,3.34846E+00 
#t = 2.310E+03
5.83300E+00,5.60880E+00,2.25758E+00,4.05717E+00,6.23543E-01 
#t = 2.352E+03
6.62652E+00,1.13488E+00,1.99341E+00,6.78598E+00 
#t = 2.394E+03
7.20714E+00,2.05198E+00,2.79783E+00 
#t = 2.436E+03
5.27503E+00,1.27541E+00,4.10804E+00,4.84392E+00 
#t = 2.478E+03
5.36653E+00,1.61551E+00,4.30330E+00,2.47628E+00 
#t = 2.520E+03
8.99277E+00,5.25826E+00,3.97697E+00,5.63452E+00,2.96457E+00 
#t = 2.562E+03
8.99277E+00,9.63138E+00,5.47692E+00,1.12556E+01,2.80105E+00 
#t = 2.604E+03
1.12556E+01,4.35671E+00,3.65943E+00 
#t = 2.646E+03
1.12556E+01,1.12556E+01,1.12556E+01,1.12556E+01,1.12556E+01,1.12556E+01,1.12556E+01,1.12556E+01,1.12556E+01,2.04329E+01,2.04329E+01,1.12556E+01,2.04329E+01,3.05384E+00,2.04329E+01,3.59798E+00,2.22476E+00,1.12556E+01 
#t = 2.688E+03
1.12556E+01,1.12556E+01,8.42906E+00,1.12556E+01,1.12556E+01,1.12556E+01,1.12556E+01,1.12556E+01,1.12556E+01,6.17511E+00,1.12556E+01,1.12556E+01 
#t = 2.730E+03
1.12556E+01,1.12556E+01,1.12556E+01,1.12556E+01,1.12556E+01,1.12556E+01,1.12556E+01,1.12556E+01,1.12556E+01,3.44739E+00,1.12556E+01,1.12556E+01,1.12556E+01 
#t = 2.772E+03
1.12556E+01,1.12556E+01,1.12556E+01,1.12556E+01,1.12556E+01,4.32336E+00,2.76923E+00,3.13083E+00 
#t = 2.814E+03
7.40800E+00,5.10203E+00 
#t = 2.856E+03
-9.99900E+03
#t = 2.898E+03
1.05699E+01,5.04789E+00,5.20187E+00,1.05699E+01,3.46650E+00,3.96792E+00,2.85864E+00 
#t = 2.940E+03
1.05699E+01,6.31181E+00,1.37436E+01,1.37436E+01,4.77100E+00,1.05699E+01,2.51542E+00,1.37436E+01,4.29349E+00 
#t = 2.982E+03
1.37436E+01,1.10785E+01,1.37436E+01,1.10785E+01,4.61916E+00,6.35332E+00,1.37436E+01 
#t = 3.024E+03
1.02828E+01,1.10785E+01,1.10785E+01,1.37436E+01,1.10785E+01,1.10785E+01,1.10785E+01,1.10785E+01,7.75684E+00,2.78885E+00,1.79048E+00 
#t = 3.066E+03
1.10785E+01,1.10785E+01,1.10785E+01,1.10785E+01,1.10785E+01,5.45517E+00,8.50243E+00,6.64821E+00,1.10785E+01,4.03294E+00,6.39589E+00,3.06679E+00,2.23678E+00,6.21506E+00 
#t = 3.108E+03
1.10785E+01,1.10785E+01,1.55456E+00,1.10785E+01,1.48410E+00,4.06347E+00,1.34574E+00 
#t = 3.150E+03
2.06709E+00,3.96209E+00,2.81221E+00,1.52970E+01,4.97973E+00 
#t = 3.192E+03
1.52970E+01,7.23553E+00,1.50165E+00,1.04874E+01,1.29309E+01 
#t = 3.234E+03
1.04874E+01,3.42570E+00,4.22130E+00,1.04874E+01,6.02825E+00,1.42272E+00,1.43658E+00 
#t = 3.276E+03
1.04874E+01,3.34152E+00,3.58168E+00 
#t = 3.318E+03
2.74179E+00,5.45940E+00,6.14061E+00,2.16778E+00,4.46714E+00,2.40285E+00 
#t = 3.360E+03
9.39959E-01,8.93165E+00,1.36195E+00 
#t = 3.402E+03
5.59633E+00,3.79520E+00,2.88285E+00,3.60813E+00,2.81315E-01 
#t = 3.444E+03
4.34775E+00,4.33374E+00,1.94964E+00,3.47886E+00,5.24684E+00 
#t = 3.486E+03
2.53323E+00,5.92706E+00 
#t = 3.528E+03
5.14729E+00,3.52015E+00 
#t = 3.570E+03
9.70937E-01,2.45468E+00 
#t = 3.612E+03
7.80398E+00,2.48102E+00 
#t = 3.654E+03
5.30995E+00,5.21714E+00,1.91485E+00,1.06283E+00,1.87770E+00 
#t = 3.696E+03
4.49816E+00,5.87709E+00,2.23608E+00,5.71803E+00 
#t = 3.738E+03
9.62400E+00,2.26058E+00,2.32879E+00,3.65204E+00 
#t = 3.780E+03
6.90114E+00,4.43824E+00,4.10503E+00,6.57221E+00,7.01361E+00,1.92523E+00 
#t = 3.822E+03
4.28698E+00,3.33777E+00,2.47675E+00 
#t = 3.864E+03
6.68188E+00,2.72758E+00,6.08003E+00,4.24294E+00,4.56943E+00 
#t = 3.906E+03
7.01564E+00,7.48082E+00,3.43757E+00,2.71237E+00 
#t = 3.948E+03
5.14227E+00,6.06157E+00,3.16709E+00 
#t = 3.990E+03
4.50031E+00,3.85327E+00 
#t = 4.032E+03
-9.99900E+03
#t = 4.074E+03
8.52959E+00,3.34521E+00,2.70779E+00,1.92283E+00,5.95669E+00,2.39629E+00,1.40465E+00 
#t = 4.116E+03
1.29489E+00,3.70390E+00,3.90583E+00 
#t = 4.158E+03
1.08444E+01,6.64233E+00,5.28470E+00 
#t = 4.200E+03
2.11738E+00,2.22133E+00 
