#t = 0.000E+00
2.19645E+00,2.99611E+00,4.16787E+00,3.80853E+00,2.80591E+00 
#t = 4.200E+01
9.82226E+00,2.93933E+00,1.90402E+00 
#t = 8.400E+01
9.16888E+00,4.16883E+00,4.22403E+00 
#t = 1.260E+02
3.32390E+00,3.65810E+00,5.45720E+00 
#t = 1.680E+02
3.96449E+00,6.51869E+00,4.10788E+00 
#t = 2.100E+02
1.55391E+00,4.60951E+00,7.20402E+00,4.51412E+00,2.44259E+00 
#t = 2.520E+02
6.52113E+00,5.51897E+00,3.90348E+00,1.69310E+00 
#t = 2.940E+02
-9.99900E+03
#t = 3.360E+02
1.77451E+00 
#t = 3.780E+02
1.19242E+01,1.10347E+01 
#t = 4.200E+02
1.19242E+01,1.10347E+01,1.10347E+01,1.10347E+01,8.61668E-01,1.19242E+01,1.10347E+01,6.79648E+00,1.19242E+01,1.10347E+01 
#t = 4.620E+02
1.10347E+01,1.10347E+01,3.57667E+00,5.10006E+00 
#t = 5.040E+02
1.10347E+01,1.10347E+01,1.10347E+01,1.10347E+01,1.10347E+01,1.75314E+00,2.02105E+00,1.97711E+00,3.29470E+00,2.22957E+00 
#t = 5.460E+02
1.10347E+01,1.10347E+01,3.41357E+00,6.98113E+00,9.32354E-01,1.72308E+00 
#t = 5.880E+02
1.25289E+01,1.01029E+01,1.10347E+01,1.10347E+01,1.54035E+00,1.61408E+00,1.13996E+00 
#t = 6.300E+02
4.34124E+00,1.81414E+00,1.80432E+00,2.60449E+00 
#t = 6.720E+02
1.62201E+00,5.73502E+00 
#t = 7.140E+02
4.64210E+00,5.33725E+00,5.58379E+00 
#t = 7.560E+02
1.53562E+00,2.84364E+00 
#t = 7.980E+02
2.01748E+00,6.21353E+00,4.34187E+00,2.66756E+00,1.26960E+00,5.16638E+00,1.15038E+01 
#t = 8.400E+02
8.14487E+00,3.41631E+00,2.82695E+00,4.62745E+00 
#t = 8.820E+02
6.71936E+00,4.26113E+00,1.54014E+00 
#t = 9.240E+02
1.18144E+01 
#t = 9.660E+02
4.42095E+00,5.33925E+00,1.87313E+00 
#t = 1.008E+03
1.41856E+01,4.60527E+00,3.93477E+00 
#t = 1.050E+03
1.41856E+01,1.41856E+01,1.41856E+01,9.71158E-01,1.27984E+00,3.21382E+00 
#t = 1.092E+03
-9.99900E+03
#t = 1.134E+03
6.20204E+00 
#t = 1.176E+03
2.75652E+00,2.17774E+00,2.36691E+00,5.18282E+00,5.72929E+00 
#t = 1.218E+03
4.57907E+00,2.87483E+00,4.59629E+00 
#t = 1.260E+03
2.17543E+00,5.42492E+00,2.77555E+00 
#t = 1.302E+03
2.19622E+00 
#t = 1.344E+03
-9.99900E+03
#t = 1.386E+03
4.24853E+00,1.68495E+00,2.92339E+00,6.13479E+00 
#t = 1.428E+03
1.78670E+00,1.86220E+00 
#t = 1.470E+03
3.36795E+00,1.49576E+00,2.20706E+00,1.72777E+00,5.82624E+00 
#t = 1.512E+03
8.66682E+00,1.52681E+01,1.52681E+01,2.47959E+00,2.59429E+00,4.66225E+00 
#t = 1.554E+03
6.12242E+00,1.06193E+01,1.24674E+00 
#t = 1.596E+03
7.15259E+00 
#t = 1.638E+03
1.01845E+01,3.45358E+00,3.24781E+00,2.38242E+00,3.46472E+00,1.57017E+00 
#t = 1.680E+03
4.65216E+00,3.51124E+00,3.29599E+00,1.54284E+00 
#t = 1.722E+03
5.84164E+00,3.79091E+00,8.18270E+00,4.31790E+00,6.36325E+00,4.94688E+00,4.29383E+00 
#t = 1.764E+03
7.07888E+00,2.12786E+00,2.77196E+00,3.67688E+00,3.46121E+00 
#t = 1.806E+03
8.57240E+00,2.75658E+00,1.82753E+00 
#t = 1.848E+03
1.77089E+00,3.84940E+00 
#t = 1.890E+03
8.76901E+00,6.30784E+00,3.15684E+00 
#t = 1.932E+03
4.59799E+00,7.38699E+00,4.19918E+00,2.38688E+00 
#t = 1.974E+03
9.24778E+00,7.06142E+00 
#t = 2.016E+03
5.27709E+00,2.92773E+00,1.79488E+00,2.72720E+00,5.10681E+00,2.09879E+00,1.85622E+00 
#t = 2.058E+03
1.28294E+00,2.81193E+00,2.30041E+00,2.63100E+00 
#t = 2.100E+03
3.34373E+00,3.05771E+00,1.71873E+00 
#t = 2.142E+03
1.16164E+01,3.56829E+00,1.16164E+01 
#t = 2.184E+03
7.29168E+00,1.39645E+00,1.71376E+00 
#t = 2.226E+03
5.38696E+00,4.26050E+00,2.73632E+00,4.74027E+00,4.54890E+00,2.08853E+00 
#t = 2.268E+03
5.32445E+00,2.60138E+00,3.17025E+00 
#t = 2.310E+03
6.28869E+00 
#t = 2.352E+03
5.42874E+00,2.36626E+00,3.48815E+00,9.38441E+00,4.08278E+00 
#t = 2.394E+03
2.08100E+00,2.73676E+00,4.08881E+00,4.84878E+00,1.35703E+01,5.09812E+00 
#t = 2.436E+03
8.98026E+00,2.29502E+00,4.56750E+00 
#t = 2.478E+03
9.86843E+00,4.00874E+00 
#t = 2.520E+03
6.52029E+00,6.33546E+00,2.57558E+00 
#t = 2.562E+03
8.30872E+00,4.45573E+00,2.12218E+00,3.76672E+00,3.09942E+00 
#t = 2.604E+03
4.30879E+00,3.12719E+00,1.59767E+00,4.16874E+00,8.90445E+00,2.72781E+00,3.00810E+00 
#t = 2.646E+03
1.30378E+01,1.30378E+01,1.30378E+01,8.16116E+00 
#t = 2.688E+03
1.13304E+01,1.47095E+00,5.40094E+00 
#t = 2.730E+03
1.13304E+01,1.13304E+01,1.13304E+01,8.27306E+00,9.05108E+00,5.86106E+00,1.13304E+01,2.20511E+00,1.13304E+01 
#t = 2.772E+03
1.13304E+01,5.99534E+00,3.25495E+00,1.55767E+00,4.48934E+00,2.11174E+00,1.42044E+00 
#t = 2.814E+03
3.11257E+00,1.11766E+01,1.45237E+00 
#t = 2.856E+03
7.23907E+00,5.95071E+00,4.47473E+00,2.09297E+00,9.38959E+00,1.72878E+00,3.44859E+00 
#t = 2.898E+03
1.08351E+01,1.08351E+01,6.40108E+00,6.78297E-01,3.15178E+00 
#t = 2.940E+03
1.08351E+01,7.41357E+00 
#t = 2.982E+03
1.08351E+01,8.37638E+00,3.64868E+00,5.65551E+00 
#t = 3.024E+03
2.07385E+00,5.76823E+00,1.80191E+01,2.06736E+00 
#t = 3.066E+03
1.80191E+01,1.80191E+01,1.80191E+01,1.80191E+01,4.46288E+00,1.80191E+01,2.58619E+00,2.14266E+00,2.84966E+00 
#t = 3.108E+03
1.80191E+01,1.80191E+01,1.80191E+01,1.80191E+01,1.80191E+01,1.80191E+01,1.80191E+01,1.80191E+01,9.19420E-01,2.09192E+00 
#t = 3.150E+03
1.80191E+01,1.80191E+01,1.80191E+01,3.39003E+00,8.80255E+00,1.80191E+01,7.55576E+00,2.76178E+00 
#t = 3.192E+03
1.80191E+01,1.80191E+01,1.00530E+01,1.80191E+01,3.31388E+00,1.80191E+01,1.80191E+01,1.80191E+01,2.88423E+00,3.97819E+00,2.76139E+00 
#t = 3.234E+03
1.80191E+01,1.75866E+00,5.05977E+00 
#t = 3.276E+03
3.59282E+00,2.30876E+00,8.76809E-01 
#t = 3.318E+03
8.69097E+00,4.84883E+00,2.90867E+00,2.76444E+00,3.47011E+00,4.40129E+00,1.66495E+00,3.60127E+00,2.67559E+00,3.80889E+00,3.37342E+00,2.36406E+00 
#t = 3.360E+03
2.40176E+00,2.91898E+00 
#t = 3.402E+03
5.81415E+00 
#t = 3.444E+03
6.23324E+00,3.39477E+00,3.90056E+00,2.78318E+00 
#t = 3.486E+03
3.96383E+00,6.29719E+00,3.78076E+00,3.13615E+00,5.36640E+00 
#t = 3.528E+03
5.66157E+00,2.94239E+00,1.27743E+00,2.06253E+00,2.99021E+00,1.14351E+00 
#t = 3.570E+03
3.35694E+00,1.44639E+00,5.36280E+00,2.15050E+00 
#t = 3.612E+03
5.25008E+00,1.46034E+00,6.23239E+00 
#t = 3.654E+03
6.01628E+00,2.71999E+00,2.04972E+00,3.27437E+00 
#t = 3.696E+03
3.93973E+00 
#t = 3.738E+03
5.77163E+00,5.47131E+00,3.37067E+00 
#t = 3.780E+03
4.90745E+00,1.49426E+00 
#t = 3.822E+03
1.13906E+00 
#t = 3.864E+03
2.75445E+00,4.58938E+00 
#t = 3.906E+03
3.74695E+00,1.47710E+00,1.18814E+00 
#t = 3.948E+03
2.72138E+00,5.78404E-01,5.56577E+00 
#t = 3.990E+03
3.90873E+00,1.96278E+00 
#t = 4.032E+03
7.48718E+00 
#t = 4.074E+03
5.13215E+00,2.16638E+00 
#t = 4.116E+03
5.54743E+00,4.68212E+00,2.08365E+00 
#t = 4.158E+03
3.47944E+00,5.91579E+00 
#t = 4.200E+03
1.23805E+01,2.99956E+00,3.29198E+00,8.79402E+00,6.77978E+00,1.61431E+00,4.39154E+00,1.23805E+01,4.04993E-01,2.08244E+00 
