#t = 0.000E+00
2.91833E+00,1.95790E+00,2.44600E+00,1.58040E+00,2.77118E+00 
#t = 4.200E+01
1.53448E+00,3.07991E+00 
#t = 8.400E+01
6.09664E+00,8.31584E+00,9.59308E+00,3.40797E+00 
#t = 1.260E+02
2.80252E+00,5.04656E+00 
#t = 1.680E+02
5.58534E+00,3.51845E+00 
#t = 2.100E+02
8.39048E+00,4.49331E+00 
#t = 2.520E+02
1.94520E+00 
#t = 2.940E+02
4.87207E+00,1.38098E+00,2.09597E+00 
#t = 3.360E+02
1.31066E+01,1.76860E+00,2.72258E+00,1.14827E+00,4.71221E+00,1.24784E+00 
#t = 3.780E+02
1.31066E+01,1.31066E+01,1.31066E+01,1.31066E+01 
#t = 4.200E+02
1.31066E+01,1.31066E+01,9.46352E-01,1.51613E+00,6.14040E+00 
#t = 4.620E+02
4.21483E+00,4.93652E+00,4.30608E+00,4.17137E+00,2.11492E+00,4.81850E+00 
#t = 5.040E+02
5.52060E+00,1.87307E+00,3.04840E+00 
#t = 5.460E+02
3.05540E+00,7.39634E+00,1.74296E+00 
#t = 5.880E+02
1.98721E+00 
#t = 6.300E+02
2.97832E+00,2.88939E+00 
#t = 6.720E+02
8.96050E+00,1.06104E+01,2.83346E+00 
#t = 7.140E+02
-9.99900E+03
#t = 7.560E+02
1.32363E+01,2.01541E+00,3.23423E+00,2.61321E+00,1.11976E+00,2.32093E+00,2.83122E+00,3.37938E+00 
#t = 7.980E+02
6.12481E+00,1.72616E+00,8.50031E+00,9.75130E+00,3.69096E+00,1.50409E+00 
#t = 8.400E+02
3.53195E+00,4.01336E+00,2.99922E+00,6.72894E+00 
#t = 8.820E+02
7.40274E+00,2.72796E+00,3.66109E+00,7.21759E+00,2.31090E+00 
#t = 9.240E+02
2.83262E+00,1.77666E+00,5.30129E+00,2.36331E+00 
#t = 9.660E+02
1.17812E+01,4.51806E+00 
#t = 1.008E+03
1.17812E+01,1.17812E+01,1.17812E+01,1.17812E+01,6.52211E+00,5.69195E+00,1.17812E+01,6.18010E+00,1.73403E+00 
#t = 1.050E+03
1.17812E+01,4.34744E+00,1.17812E+01,6.47370E+00,8.76976E+00,1.17812E+01,3.22599E+00 
#t = 1.092E+03
8.76976E+00,1.17812E+01,1.17812E+01,2.21847E+00,1.17812E+01,1.42833E+00,1.51563E+01,1.51797E+00,3.65280E+00 
#t = 1.134E+03
1.51563E+01,1.17812E+01,1.22568E+01,5.29940E+00,3.85882E+00,1.17812E+01,5.47377E+00 
#t = 1.176E+03
3.95944E+00,1.36547E+00,6.98820E-01 
#t = 1.218E+03
5.62903E+00,2.30279E+00,1.65907E+00 
#t = 1.260E+03
8.25934E+00,2.62400E+00,3.12236E+00,1.59899E+00,2.64898E+00 
#t = 1.302E+03
4.59317E+00,7.07988E+00,4.41930E+00,4.24057E+00,1.13292E+00,7.66654E+00,1.33818E+01,1.23494E+00,1.68217E+00 
#t = 1.344E+03
1.33818E+01,2.20390E+00,3.90574E+00,2.68362E+00 
#t = 1.386E+03
1.33818E+01,4.71974E+00,5.30770E+00,1.33818E+01,3.37778E+00,1.33818E+01 
#t = 1.428E+03
2.33173E+00,2.93124E+00 
#t = 1.470E+03
1.02211E+01,5.90707E+00 
#t = 1.512E+03
4.24712E+00,2.44546E+00 
#t = 1.554E+03
3.74113E+00,2.87209E+00,4.51570E+00,6.51012E+00,8.01312E-01,2.89707E+00 
#t = 1.596E+03
8.47172E+00,2.88646E+00 
#t = 1.638E+03
1.25545E+01,1.25545E+01,1.25545E+01,1.25545E+01,2.72256E+00,9.72214E+00,2.71077E+00,1.25545E+01 
#t = 1.680E+03
1.25545E+01,1.25545E+01,1.25545E+01,1.25545E+01,1.25545E+01,1.25545E+01,1.25545E+01,1.25545E+01,1.25545E+01,3.01283E+00,7.54530E+00,1.25545E+01,2.64043E+00 
#t = 1.722E+03
1.25545E+01,3.92907E+00 
#t = 1.764E+03
1.25545E+01,5.80160E+00,2.05063E+00,6.08670E+00,9.26623E+00 
#t = 1.806E+03
2.84713E+00 
#t = 1.848E+03
7.83040E+00,7.53219E+00,8.28837E+00,4.64446E+00,2.29122E+00,1.99529E+00,4.82383E+00 
#t = 1.890E+03
8.13347E+00,1.73348E+00,1.92122E+00,2.71351E+00,2.94289E+00,3.87686E+00 
#t = 1.932E+03
5.04613E+00,5.88876E+00,3.96118E+00 
#t = 1.974E+03
1.95160E+00,2.73800E+00,2.00223E+00 
#t = 2.016E+03
1.11410E+01,1.11410E+01,3.97900E+00,4.52723E+00 
#t = 2.058E+03
1.18014E+00,1.46653E+00 
#t = 2.100E+03
1.65150E+01,1.65150E+01,2.18408E+00,3.74737E+00 
#t = 2.142E+03
1.65150E+01,8.40772E+00,4.83342E+00,3.48073E+00 
#t = 2.184E+03
1.65150E+01,3.12492E+00,4.83244E+00,1.22421E+01 
#t = 2.226E+03
2.80904E+00,3.21429E+00,2.89579E+00 
#t = 2.268E+03
1.30660E+00,1.73630E+00,3.21900E+00 
#t = 2.310E+03
4.67482E+00,6.72358E+00,6.44348E+00 
#t = 2.352E+03
-9.99900E+03
#t = 2.394E+03
3.55769E+00 
#t = 2.436E+03
5.90566E+00,1.39621E+00,1.43676E+00,4.83561E+00,2.94272E+00 
#t = 2.478E+03
5.15714E+00,3.29336E+00 
#t = 2.520E+03
7.88913E+00,3.72189E+00 
#t = 2.562E+03
4.47033E+00,3.49304E+00,5.76514E+00,5.12791E+00 
#t = 2.604E+03
6.34974E+00,9.63568E-01,2.79335E+00,2.07492E+00,2.11718E+00 
#t = 2.646E+03
1.99504E+00,4.05345E+00,2.57283E+00,5.53113E+00 
#t = 2.688E+03
8.54614E+00,5.32500E+00,5.87558E+00 
#t = 2.730E+03
2.11806E+00,2.08910E+00 
#t = 2.772E+03
8.55190E+00 
#t = 2.814E+03
1.11816E+01,1.11816E+01,5.62775E+00,2.64117E+00 
#t = 2.856E+03
2.77993E+00,3.44703E+00,6.40237E+00,9.14421E+00,4.61848E+00 
#t = 2.898E+03
6.46770E+00 
#t = 2.940E+03
3.15717E+00 
#t = 2.982E+03
8.67403E+00,1.40143E+00,5.38494E+00,5.38023E+00,3.89027E+00,2.62595E+00 
#t = 3.024E+03
3.12009E+00 
#t = 3.066E+03
7.83665E+00,3.21206E+00,5.71713E+00,2.55788E+00 
#t = 3.108E+03
2.50291E+00 
#t = 3.150E+03
3.86663E+00 
#t = 3.192E+03
1.33248E+00,4.31289E+00,3.01160E+00,5.24991E+00,8.83847E-01,2.16838E+00,1.07011E+00 
#t = 3.234E+03
5.46630E+00,3.51163E+00,1.09959E+00,4.68240E+00,6.39893E+00 
#t = 3.276E+03
1.87705E+00,3.96310E+00,1.74229E+00,3.58775E+00 
#t = 3.318E+03
1.00479E+01,1.41545E+01,8.65751E+00,1.65374E+00,1.67737E+01,1.41545E+01,1.67737E+01,4.52246E+00,1.67737E+01,2.36623E+00 
#t = 3.360E+03
1.00479E+01,1.67737E+01,6.50438E+00,1.67737E+01,1.67737E+01,1.67737E+01,1.67737E+01,4.07556E+00 
#t = 3.402E+03
4.67668E+00,2.06722E+00,6.24225E+00 
#t = 3.444E+03
1.35759E+01,3.38332E+00,1.35759E+01,4.63867E+00,2.84210E+00,1.26362E+00 
#t = 3.486E+03
1.13378E+01,1.53415E+00 
#t = 3.528E+03
2.82024E+00,2.25587E+00 
#t = 3.570E+03
6.90245E+00,3.60715E+00,5.66724E+00,1.62156E+00,3.76581E+00 
#t = 3.612E+03
5.23149E+00,1.16033E+00 
#t = 3.654E+03
1.18209E+01,5.81146E+00,4.78972E+00,6.80106E+00 
#t = 3.696E+03
1.05883E+01,1.00516E+00 
#t = 3.738E+03
6.02141E+00,1.04356E+01,5.88561E+00,4.14394E+00,1.95585E+00,3.70278E+00 
#t = 3.780E+03
1.04356E+01,1.86933E+00,4.38291E+00,3.52458E+00,7.37306E-01,2.88043E+00,5.06379E+00 
#t = 3.822E+03
1.04356E+01 
#t = 3.864E+03
3.52604E+00,2.82174E+00,2.17456E+00 
#t = 3.906E+03
4.07767E+00,2.67417E+00,2.70113E+00,2.00549E+00,3.93803E+00 
#t = 3.948E+03
1.62533E+00 
#t = 3.990E+03
9.30577E+00,3.03968E+00,1.42340E+01,6.29462E+00,3.07143E+00 
#t = 4.032E+03
1.22953E+01,9.94295E+00,4.83820E+00,1.22953E+01,3.07946E-01 
#t = 4.074E+03
-9.99900E+03
#t = 4.116E+03
1.40494E+01,1.04495E+00,3.34774E+00,1.40494E+01 
#t = 4.158E+03
1.40494E+01,5.89687E+00,1.35220E+00,2.77642E+00,9.57050E+00 
#t = 4.200E+03
2.97254E+00,4.48451E+00,2.66119E+00 
