#t = 0.000E+00
5.07339E+00,3.44100E+00,3.44040E+00,4.53944E+00,3.19672E+00 
#t = 4.200E+01
4.08039E+00,4.07671E+00,7.50485E-01,6.17057E+00 
#t = 8.400E+01
8.50550E+00,6.10438E+00 
#t = 1.260E+02
4.13370E+00,1.06714E+00,1.60118E+00,5.70442E+00,3.89520E+00 
#t = 1.680E+02
3.30289E+00,2.05830E+00 
#t = 2.100E+02
1.12592E+01,1.12592E+01,7.51900E+00,2.73672E+00,2.43396E+00,2.65404E+00,2.23918E+00,1.69876E+00,1.12592E+01 
#t = 2.520E+02
6.80568E+00,1.12592E+01,1.22491E+00,3.19730E+00 
#t = 2.940E+02
9.51073E+00,5.76595E+00 
#t = 3.360E+02
9.51073E+00,6.34038E+00,8.73289E+00,1.67234E+00,5.68057E+00,2.34712E+00,1.66535E+00,2.42671E+00,2.76366E+00 
#t = 3.780E+02
5.21488E+00,3.96592E+00,3.58435E+00,1.11262E+00 
#t = 4.200E+02
6.77423E+00,2.54480E+00 
#t = 4.620E+02
4.21732E+00,6.27778E+00,1.18803E+00 
#t = 5.040E+02
3.66338E+00,3.05280E+00,3.33801E+00,3.94530E+00,2.49500E+00 
#t = 5.460E+02
5.87620E+00 
#t = 5.880E+02
5.90622E+00,5.29835E+00,1.39199E+00 
#t = 6.300E+02
4.77847E+00,1.97524E+00 
#t = 6.720E+02
8.68938E+00,3.59901E+00 
#t = 7.140E+02
6.79846E+00,1.56582E+00 
#t = 7.560E+02
6.82027E+00,9.42863E+00,3.91836E+00,1.06501E+00,3.00025E+00 
#t = 7.980E+02
4.13754E+00,3.16055E+00,3.82199E+00 
#t = 8.400E+02
3.59728E+00,4.26838E+00 
#t = 8.820E+02
8.71428E+00,7.53523E+00,9.63114E+00,3.66986E+00 
#t = 9.240E+02
9.63114E+00,1.51333E+01,1.60604E+00 
#t = 9.660E+02
3.10597E+00,4.44883E+00 
#t = 1.008E+03
-9.99900E+03
#t = 1.050E+03
4.29497E+00,7.12714E+00 
#t = 1.092E+03
1.49657E+01,5.17000E+00 
#t = 1.134E+03
3.38262E+00,1.82947E+00,5.62238E+00 
#t = 1.176E+03
-9.99900E+03
#t = 1.218E+03
4.13625E+00,2.60776E+00,3.99681E+00,6.01514E+00,6.76074E+00,4.78416E-01,1.76016E+00 
#t = 1.260E+03
3.99476E+00,2.36363E+00,2.16285E+00,4.56750E+00,8.55005E+00,4.15316E+00,2.88544E+00 
#t = 1.302E+03
9.66427E+00 
#t = 1.344E+03
2.60252E+00 
#t = 1.386E+03
1.53382E+00,1.91044E+00,3.17313E+00,5.00125E+00 
#t = 1.428E+03
4.64796E+00,1.10448E+01 
#t = 1.470E+03
8.82358E+00,7.95449E+00,1.17780E+01,1.01990E+01,1.17780E+01,7.98885E+00 
#t = 1.512E+03
6.24344E+00,2.00147E+00 
#t = 1.554E+03
5.31653E+00,1.47671E+00,1.24758E+01,1.85154E+00,1.84755E+00 
#t = 1.596E+03
3.39618E+00,4.19873E+00,3.63104E+00,1.39563E+00,4.78104E+00 
#t = 1.638E+03
2.13487E+00 
#t = 1.680E+03
5.57063E+00,4.96104E+00,9.93645E-01,3.22343E+00 
#t = 1.722E+03
4.73318E+00,1.16356E+00,1.79991E+00,1.50958E+00,1.19008E+01,1.36266E+00,2.39946E+00,1.25676E+00,4.81251E+00 
#t = 1.764E+03
1.50655E+00,3.23460E+00 
#t = 1.806E+03
4.14978E+00,1.70806E+00 
#t = 1.848E+03
4.70460E+00,5.24239E+00 
#t = 1.890E+03
1.40557E+00,1.44871E+01,2.63710E+00,1.44871E+01,2.58046E+00 
#t = 1.932E+03
1.28515E+01,7.32431E+00,6.61967E+00,2.85896E+00,4.97798E+00,2.36329E+01,1.48880E+00 
#t = 1.974E+03
5.29267E+00,3.83877E+00 
#t = 2.016E+03
8.32233E+00,2.15536E+00,1.41700E+00 
#t = 2.058E+03
5.03339E+00,3.47538E+00 
#t = 2.100E+03
6.28339E+00,9.12790E-01,4.26911E+00,4.14473E+00,1.21281E+01,9.99509E-01,6.93600E-01,2.47683E+00 
#t = 2.142E+03
5.53451E+00,1.48934E+00,2.34393E+00,1.71108E+00,2.11904E+00 
#t = 2.184E+03
-9.99900E+03
#t = 2.226E+03
1.47463E+00,1.57578E+00,2.69069E+00,1.54393E+00 
#t = 2.268E+03
5.45581E+00,4.44744E+00,5.36488E+00 
#t = 2.310E+03
6.23340E+00,7.83601E+00,4.10677E+00 
#t = 2.352E+03
6.91153E+00,5.69438E+00,7.47453E-01,5.68496E-01 
#t = 2.394E+03
2.52139E+00 
#t = 2.436E+03
9.62663E+00,2.65678E+00,1.29684E+00 
#t = 2.478E+03
4.82620E+00,5.12906E+00 
#t = 2.520E+03
1.67628E+00,6.83699E+00,2.34143E+00 
#t = 2.562E+03
3.82010E+00,3.16111E+00 
#t = 2.604E+03
6.36961E+00,3.42367E+00,7.68958E+00,2.30436E+00,2.29311E+00,6.76881E+00,8.90178E+00,6.56804E+00 
#t = 2.646E+03
8.90178E+00,5.14740E+00,3.53659E+00,3.60307E+00,6.38190E+00 
#t = 2.688E+03
4.83929E+00,6.26863E+00 
#t = 2.730E+03
1.44045E+00 
#t = 2.772E+03
8.38562E+00,6.29737E+00,3.91497E+00 
#t = 2.814E+03
1.50611E+01,4.49197E+00,4.61938E+00,4.36494E+00 
#t = 2.856E+03
6.94097E+00,1.50611E+01,1.50611E+01,1.50611E+01,1.50611E+01,1.50611E+01,1.50611E+01,1.50611E+01 
#t = 2.898E+03
1.50611E+01,1.50611E+01,2.75126E+00,6.18048E+00,3.00186E+00,4.40409E+00 
#t = 2.940E+03
9.65136E+00,4.87688E-01 
#t = 2.982E+03
9.65136E+00,4.18821E+00,2.96862E+00,4.28889E+00,4.40845E+00,3.10014E+00 
#t = 3.024E+03
2.93296E+00 
#t = 3.066E+03
1.30894E+01,1.30894E+01,1.30894E+01,2.72464E+00,3.08346E+00,2.28424E+00,5.28486E+00,1.79377E+00 
#t = 3.108E+03
1.30894E+01,1.30894E+01,1.30894E+01,1.30894E+01,1.30894E+01,1.30894E+01,1.30894E+01,1.30894E+01,3.65491E+00,1.30894E+01,8.61142E+00,1.30894E+01,1.30894E+01,1.30894E+01,2.06973E+00,4.42880E+00 
#t = 3.150E+03
1.30894E+01,1.30894E+01,1.30894E+01,1.11813E+01,1.30894E+01,1.30894E+01,1.30894E+01,1.11813E+01,1.30894E+01,4.82365E+00,7.03329E+00,1.30894E+01,1.30894E+01,1.30894E+01,3.98169E+00,6.15919E-01,1.74004E+00,1.10896E+00 
#t = 3.192E+03
1.30894E+01,1.30894E+01,1.30894E+01,1.30894E+01,1.04026E+01,1.30894E+01,1.30894E+01,1.30894E+01,6.13751E+00,7.14947E+00,1.30894E+01,1.55032E+00 
#t = 3.234E+03
1.30894E+01,1.30894E+01,1.30894E+01,1.30894E+01,1.30894E+01,1.30894E+01,1.30894E+01,1.30894E+01,4.84295E+00,2.63623E+00,3.21797E+00,6.40837E+00 
#t = 3.276E+03
1.30894E+01,1.30894E+01,1.30894E+01,1.30894E+01,1.30894E+01,1.83431E+00,8.90836E+00 
#t = 3.318E+03
1.30894E+01,1.30894E+01,1.30894E+01,1.30894E+01,2.02106E+00,1.30894E+01 
#t = 3.360E+03
1.07990E+01,1.30894E+01,1.30894E+01,1.30894E+01,3.24654E+00,1.30894E+01,9.01295E+00,1.30894E+01,2.74316E+00,1.30894E+01,2.15015E+00,1.46519E+00,6.75940E+00,1.87333E+00 
#t = 3.402E+03
1.30894E+01,4.10177E+00,3.66863E+00,3.62749E+00,4.18084E+00,9.56298E-01 
#t = 3.444E+03
5.08873E+00,3.64372E+00,7.15399E+00 
#t = 3.486E+03
7.16114E+00,8.43820E+00,9.82763E+00,4.58021E+00,2.48161E+00,3.05186E+00 
#t = 3.528E+03
9.82763E+00,4.55554E+00,1.04593E+01,1.71628E+00,3.42269E+00 
#t = 3.570E+03
3.52429E+00,5.25554E+00,1.72312E+00,3.28266E+00 
#t = 3.612E+03
3.18038E+00,5.30653E+00,3.49902E+00,2.50551E+00,1.74271E+00 
#t = 3.654E+03
6.39115E+00,3.64179E+00,8.53427E+00,4.38376E+00,3.14699E+00,2.79334E+00 
#t = 3.696E+03
1.37853E+00 
#t = 3.738E+03
3.18576E+00,3.61420E+00,2.22437E+00 
#t = 3.780E+03
2.90940E+00,4.03019E+00 
#t = 3.822E+03
2.18203E+00,7.17628E+00,6.38250E+00,4.29917E+00,2.12475E+00 
#t = 3.864E+03
8.35865E+00,3.27648E+00,1.06494E+00,2.09073E+00,4.01361E+00,4.43430E+00,3.93544E+00 
#t = 3.906E+03
4.61792E+00,5.76753E+00,2.96796E+00 
#t = 3.948E+03
2.92193E+00 
#t = 3.990E+03
1.55418E+00 
#t = 4.032E+03
9.08442E+00,3.97658E+00,5.97635E+00,4.46500E+00,1.93620E+00,2.70048E+00,3.80796E+00,4.76424E+00 
#t = 4.074E+03
9.62535E+00,7.10481E+00 
#t = 4.116E+03
7.68114E+00,9.63236E+00,8.19781E+00,1.38648E+00,3.96529E+00,6.42049E+00,3.43531E+00 
#t = 4.158E+03
6.21287E+00,3.32314E+00,9.11474E+00,6.36982E+00,4.60358E-01 
#t = 4.200E+03
7.26057E+00,6.33466E+00,2.22789E+00,3.86826E+00,1.87299E+00,5.84993E+00 
