#t = 0.000E+00
5.03886E+00,7.81651E-01,1.85657E+00,5.89372E+00,8.82811E+00 
#t = 4.200E+01
2.23301E+00,2.61213E+00 
#t = 8.400E+01
9.01754E+00,3.25751E+00,2.53594E+00 
#t = 1.260E+02
4.74614E+00 
#t = 1.680E+02
2.41675E+00,3.90583E+00 
#t = 2.100E+02
5.94130E+00,4.46954E+00,5.70207E+00,2.27992E+00,2.30444E+00,3.06034E+00,3.94219E+00 
#t = 2.520E+02
3.36894E+00 
#t = 2.940E+02
1.24337E+00 
#t = 3.360E+02
3.35283E+00 
#t = 3.780E+02
7.11759E+00,5.50384E+00 
#t = 4.200E+02
7.15899E+00,3.23976E+00,3.68062E+00 
#t = 4.620E+02
5.02094E+00,4.66834E+00 
#t = 5.040E+02
7.42564E+00,4.14796E+00,7.83030E+00 
#t = 5.460E+02
4.35567E+00,8.03140E+00,4.87952E+00,3.69258E+00,3.28048E+00,1.91586E+00 
#t = 5.880E+02
6.65602E+00,2.36847E+00 
#t = 6.300E+02
1.32389E+01,8.85222E+00,1.32389E+01,2.09430E+00 
#t = 6.720E+02
3.93529E+00,3.78211E+00 
#t = 7.140E+02
2.95583E+00,6.37292E+00,2.01784E+00,6.05443E+00 
#t = 7.560E+02
9.46449E+00,4.31740E+00,2.58115E+00,8.45512E-01 
#t = 7.980E+02
6.64567E+00,4.83275E+00,2.85605E+00,4.97753E+00 
#t = 8.400E+02
-9.99900E+03
#t = 8.820E+02
1.98536E+00,2.88180E+00,3.75384E+00,3.30242E+00 
#t = 9.240E+02
5.00322E+00,6.66880E+00,2.17205E+00,2.40893E+00,5.51468E+00,2.04177E+00 
#t = 9.660E+02
3.57626E+00,3.27216E+00 
#t = 1.008E+03
2.64536E+00,4.26504E+00,3.95131E+00,2.76382E+00 
#t = 1.050E+03
6.21182E+00,1.17319E+01,7.39752E+00,2.02830E+00,1.08999E+00,2.37552E+00,1.52712E+00 
#t = 1.092E+03
4.44346E+00,3.41679E+00,2.19321E+00 
#t = 1.134E+03
7.69534E+00,1.22712E+01,4.14008E+00 
#t = 1.176E+03
2.61787E+00 
#t = 1.218E+03
6.57848E+00,6.78755E+00,8.46873E+00,3.36230E+00,3.56694E+00 
#t = 1.260E+03
1.31813E+01,2.42052E+00 
#t = 1.302E+03
6.28990E+00,1.16550E+00 
#t = 1.344E+03
4.49670E+00,6.53354E+00,1.24133E+00 
#t = 1.386E+03
6.59320E+00 
#t = 1.428E+03
2.99019E+00 
#t = 1.470E+03
7.80403E+00,2.63064E+00,4.60298E+00,7.45184E+00 
#t = 1.512E+03
1.14525E+00,3.19481E+00,9.94141E-01 
#t = 1.554E+03
3.77407E+00 
#t = 1.596E+03
3.53110E+00,1.25576E+01,3.12607E+00,7.13241E+00,5.14511E+00 
#t = 1.638E+03
1.25576E+01,1.26435E+01,1.26435E+01,1.25576E+01,1.26435E+01,1.25576E+01,1.60109E+00 
#t = 1.680E+03
1.26435E+01,1.26435E+01,1.26435E+01,1.26435E+01,1.25576E+01,1.26435E+01,5.80015E+00,8.39399E+00,1.25576E+01,1.26435E+01,4.25631E+00,1.26435E+01,6.71849E+00,1.28866E+00,1.26435E+01,1.26435E+01 
#t = 1.722E+03
1.26435E+01,1.25576E+01,1.26435E+01,1.26435E+01,1.26435E+01,1.26435E+01,1.26435E+01,1.26435E+01,1.26435E+01,1.26435E+01,1.26435E+01,1.26435E+01,1.26435E+01,1.26435E+01,1.26435E+01,7.41826E+00,1.15599E+00,2.37195E+00 
#t = 1.764E+03
1.26435E+01,1.26435E+01,1.26435E+01,1.26435E+01,1.26435E+01,4.06797E+00,1.26435E+01,2.68360E+00,2.57932E+00,1.26435E+01,1.84846E+00,1.53848E+00,2.44666E+00,3.15465E+00 
#t = 1.806E+03
1.26435E+01,1.26435E+01,1.26435E+01,1.26435E+01,1.26435E+01,1.26435E+01,1.26435E+01 
#t = 1.848E+03
5.21794E+00,4.57383E+00,4.15516E+00,3.31616E+00 
#t = 1.890E+03
1.69461E+01,9.59080E+00,5.01906E+00 
#t = 1.932E+03
7.01705E+00 
#t = 1.974E+03
2.42839E+00,2.37386E+00,5.24174E+00,5.02984E+00 
#t = 2.016E+03
1.12126E+01,1.03432E+01,3.92128E+00 
#t = 2.058E+03
2.24910E+00,4.00317E+00,7.87185E+00,4.71232E+00 
#t = 2.100E+03
1.29936E+00,2.88868E+00,2.07621E+00 
#t = 2.142E+03
9.90564E+00 
#t = 2.184E+03
4.43600E+00,1.87953E+00 
#t = 2.226E+03
4.78160E+00,2.31380E+01,1.92551E+00 
#t = 2.268E+03
2.31380E+01,2.31380E+01,2.31380E+01,2.31380E+01,2.31380E+01,2.88904E+00,2.31380E+01,2.31380E+01,2.31380E+01,2.24373E+00,2.31380E+01,2.31380E+01,2.31380E+01,2.31380E+01,2.31380E+01,2.85326E+00,2.31380E+01,2.31380E+01 
#t = 2.310E+03
2.31380E+01,2.31380E+01,1.31719E+01,2.31380E+01,2.31380E+01,2.31380E+01,2.31380E+01,8.02610E+00,2.31380E+01,2.31380E+01,2.31380E+01,3.53804E+00,2.31380E+01,2.31380E+01,2.31380E+01,2.31380E+01,1.99013E+00,7.91418E+00,2.31380E+01,6.77250E+00,2.31380E+01,2.31380E+01 
#t = 2.352E+03
2.31380E+01,2.31380E+01,2.31380E+01,2.31380E+01,2.31380E+01,2.31380E+01,2.31380E+01,2.31380E+01,2.31380E+01,2.31380E+01,2.31380E+01,2.31380E+01,2.31380E+01,2.31380E+01,2.31380E+01,2.31380E+01,2.31380E+01,2.31380E+01,4.00556E+00,2.31380E+01,7.99332E+00,5.33496E+00,2.31380E+01,4.09587E+00,2.31380E+01,2.86152E+00,2.31380E+01,6.47634E+00,2.31380E+01,2.31380E+01,2.31380E+01,2.31380E+01 
#t = 2.394E+03
2.31380E+01,2.31380E+01,2.31380E+01,2.31380E+01,2.31380E+01,2.31380E+01,2.31380E+01,2.31380E+01,2.31380E+01,2.31380E+01,2.31380E+01,2.31380E+01,2.31380E+01,2.31380E+01,2.31380E+01,2.31380E+01,1.57946E+00,2.31380E+01,6.57558E+00,1.91293E+00,5.31718E+00,2.31380E+01,2.31380E+01,2.31380E+01,2.31380E+01,2.31380E+01,2.31380E+01 
#t = 2.436E+03
2.31380E+01,2.31380E+01,2.31380E+01,2.31380E+01,2.31380E+01,2.31380E+01,2.31380E+01,2.31380E+01,2.31380E+01,6.76632E+00,2.31380E+01,9.97348E+00,2.31380E+01,1.62471E+00,2.31380E+01,4.53900E+00,1.06874E+00,2.31380E+01,2.31380E+01,2.31380E+01,2.31380E+01,2.31380E+01,2.21961E+00,2.93111E+00,2.31380E+01 
#t = 2.478E+03
2.31380E+01,2.31380E+01,2.31380E+01,2.31380E+01,2.31380E+01,2.31380E+01,2.31380E+01,2.31380E+01,2.31380E+01,2.31380E+01,2.31380E+01,2.31380E+01,2.31380E+01,2.31380E+01,2.31380E+01,2.31380E+01,2.31380E+01,2.31380E+01,2.31380E+01,2.27783E+00,2.31380E+01,1.49911E+00,2.31380E+01 
#t = 2.520E+03
2.31380E+01,2.31380E+01,2.31380E+01,2.31380E+01,2.31380E+01,2.31380E+01,2.31380E+01,2.31380E+01,2.31380E+01,2.31380E+01,2.31380E+01,2.31380E+01,2.31380E+01,2.31380E+01,2.31380E+01,2.31380E+01,4.60301E+00,2.31380E+01,4.71500E+00,2.31380E+01,2.31380E+01,2.31380E+01,2.31380E+01,2.31380E+01,2.31380E+01,2.31380E+01,2.31380E+01,1.75759E+00,2.31380E+01 
#t = 2.562E+03
2.31380E+01,2.31380E+01,2.31380E+01,2.31380E+01,2.31380E+01,2.31380E+01,2.31380E+01,2.31380E+01,2.31380E+01,2.31380E+01,2.31380E+01,2.31380E+01,2.31380E+01,2.31380E+01,2.31380E+01,2.31380E+01,2.31380E+01,2.31380E+01,2.31380E+01,2.31380E+01,2.31380E+01,2.31380E+01,2.31380E+01,2.31380E+01,4.64157E+00,2.31380E+01,2.31380E+01,2.31380E+01,2.31380E+01,2.31380E+01,2.31380E+01,2.31380E+01,2.25582E+00,2.31380E+01,2.31380E+01 
#t = 2.604E+03
2.31380E+01,2.31380E+01,2.31380E+01,2.31380E+01,2.31380E+01,2.31380E+01,2.31380E+01,2.31380E+01,2.31380E+01,2.31380E+01,2.31380E+01,2.31380E+01,2.31380E+01,2.31380E+01,2.31380E+01,2.31380E+01,2.31380E+01,2.31380E+01,5.23137E+00,2.31380E+01,5.52620E+00,4.93064E+00,2.31380E+01,2.31380E+01 
#t = 2.646E+03
2.31380E+01,2.31380E+01,2.31380E+01,2.31380E+01,2.31380E+01,2.31380E+01,2.31380E+01,2.31380E+01,6.79910E+00,2.31380E+01,7.32702E+00,2.31380E+01,2.31380E+01,2.31380E+01,2.31380E+01,2.31380E+01,2.31380E+01,2.31380E+01,2.31380E+01,2.31380E+01,5.00191E+00,2.31380E+01,2.31380E+01,2.31380E+01,2.31380E+01,2.31380E+01,2.59100E+00 
#t = 2.688E+03
2.31380E+01,2.31380E+01,2.31380E+01,2.31380E+01,2.31380E+01,2.31380E+01,2.31380E+01,2.31380E+01,2.31380E+01,2.31380E+01,2.31380E+01,2.64167E+00,2.31380E+01,2.31380E+01,2.31380E+01,2.31380E+01 
#t = 2.730E+03
2.31380E+01,2.31380E+01,2.31380E+01,2.31380E+01,2.31380E+01,1.19735E+01,2.31380E+01,4.69510E+00,5.98919E+00,2.31380E+01,2.31380E+01,2.31380E+01,2.31380E+01,2.31380E+01,2.31380E+01,2.31380E+01,2.31380E+01,2.31380E+01,3.07053E+00,2.36415E+00,2.41458E+00,2.46497E+00 
#t = 2.772E+03
2.31380E+01,2.31380E+01,2.31380E+01,2.31380E+01,2.31380E+01,2.31380E+01,2.31380E+01,2.31380E+01,2.31380E+01,2.31380E+01,2.31380E+01,2.31380E+01,2.97593E+00,2.31380E+01,2.31380E+01,2.31380E+01,4.27402E+00,6.34857E+00,2.31380E+01,2.31380E+01,2.31380E+01,2.31380E+01,2.59176E+00,2.31380E+01,2.31380E+01,2.65358E+00 
#t = 2.814E+03
2.31380E+01,2.31380E+01,2.31380E+01,2.31380E+01,2.31380E+01,1.02718E+01,2.31380E+01,2.31380E+01,2.31380E+01,2.31380E+01,2.31380E+01,2.31380E+01,2.31380E+01,2.31380E+01,2.31380E+01,2.31380E+01,2.31380E+01,2.31380E+01,2.31380E+01,2.31380E+01,2.31380E+01,5.48901E+00,2.31380E+01,2.31380E+01,2.31380E+01,2.31380E+01,2.31380E+01,1.90818E+00 
#t = 2.856E+03
2.31380E+01,2.31380E+01,2.31380E+01,2.31380E+01,2.31380E+01,2.31380E+01,2.31380E+01,2.31380E+01,2.31380E+01,2.31380E+01,2.31380E+01,2.31380E+01,2.31380E+01,2.31380E+01,2.31380E+01,2.31380E+01,2.31380E+01,2.31380E+01,2.31380E+01,2.31380E+01,3.25294E+00,2.31380E+01,2.31380E+01,6.22015E+00,2.31380E+01 
#t = 2.898E+03
2.31380E+01,2.31380E+01,2.31380E+01,2.31380E+01,2.31380E+01,2.31380E+01,2.31380E+01,2.31380E+01,2.31380E+01,8.74088E+00,2.31380E+01,2.31380E+01,8.38929E+00,2.31380E+01,2.31380E+01,2.31380E+01,2.31380E+01,2.98097E+00,2.31380E+01,7.03262E+00,2.31380E+01,2.31380E+01,2.31380E+01,2.31380E+01,2.31380E+01,2.31380E+01,2.31380E+01,2.31380E+01,2.31380E+01,2.31380E+01,2.31380E+01 
#t = 2.940E+03
2.31380E+01,2.31380E+01,2.31380E+01,2.31380E+01,2.31380E+01,2.31380E+01,2.31380E+01,2.31380E+01,2.31380E+01,2.31380E+01,2.31380E+01,2.31380E+01,2.31380E+01,2.31380E+01,2.31380E+01,2.31380E+01,2.31380E+01,2.31380E+01,2.31380E+01,2.31380E+01,2.31380E+01,2.31380E+01,2.31380E+01,2.31380E+01,2.31380E+01,2.31380E+01,2.31380E+01,2.31380E+01,2.31380E+01,2.31380E+01,2.31380E+01,2.31380E+01,2.87905E+00,2.31380E+01 
#t = 2.982E+03
2.31380E+01,2.31380E+01,9.80746E+00,2.31380E+01,2.31380E+01,2.31380E+01,2.31380E+01,2.31380E+01,2.31380E+01,2.31380E+01,2.31380E+01,2.31380E+01,2.31380E+01,2.31380E+01,2.31380E+01,2.31380E+01,2.31380E+01,2.93682E+00,2.31380E+01,1.10277E+01,2.31380E+01,2.31380E+01,2.31380E+01,2.31380E+01,3.08197E+00 
#t = 3.024E+03
2.31380E+01,2.31380E+01,2.31380E+01,2.31380E+01,2.31380E+01,2.31380E+01,2.31380E+01,2.31380E+01,2.31380E+01,2.31380E+01,2.31380E+01,2.31380E+01,2.31380E+01,2.31380E+01,2.31380E+01,2.31380E+01,2.31380E+01,2.31380E+01,2.31380E+01,2.31380E+01,2.31380E+01,2.31380E+01,2.31380E+01,2.76011E+00,8.87969E-01,2.31380E+01,2.31380E+01,2.31380E+01,2.31380E+01,2.31380E+01,2.31380E+01,2.31380E+01,2.31380E+01,2.31380E+01,2.31380E+01,1.85046E+00,2.31380E+01 
#t = 3.066E+03
2.31380E+01,2.31380E+01,2.31380E+01,2.31380E+01,2.31380E+01,2.31380E+01,2.31380E+01,2.31380E+01,2.31380E+01,2.31380E+01,2.31380E+01,2.31380E+01,2.31380E+01,7.12904E+00,2.31380E+01,2.31380E+01,1.05614E+01,2.31380E+01,2.31380E+01,2.19018E+00,2.31380E+01,2.31380E+01,2.31380E+01,2.31380E+01 
#t = 3.108E+03
2.31380E+01,2.31380E+01,2.31380E+01,2.31380E+01,2.31380E+01,2.31380E+01,2.31380E+01,2.31380E+01,2.31380E+01,2.18750E+00,2.31380E+01,2.31380E+01,2.31380E+01,2.31380E+01,3.95977E+00,1.97749E+00,2.31380E+01,1.24985E+00,2.31380E+01,2.31380E+01,2.31380E+01,3.04893E+00 
#t = 3.150E+03
2.31380E+01,2.31380E+01,2.31380E+01,2.31380E+01,2.31380E+01,2.31380E+01,2.31380E+01,2.31380E+01,2.31380E+01,2.31380E+01,2.31380E+01,2.31380E+01,2.31380E+01,2.31380E+01,1.92358E+00,2.31380E+01,2.31380E+01,2.31380E+01,2.31380E+01,2.31380E+01,2.31380E+01,1.34099E+00,2.31380E+01,2.78132E+00 
#t = 3.192E+03
2.31380E+01,2.31380E+01,2.31380E+01,2.31380E+01,2.31380E+01,2.31380E+01,2.31380E+01,2.31380E+01,2.31380E+01,2.31380E+01,2.31380E+01,2.31380E+01,2.31380E+01,2.31380E+01,2.31380E+01,2.31380E+01,2.31380E+01,2.31380E+01,2.31380E+01,3.76140E+00,2.23094E+00,2.31380E+01,2.67696E+00,2.31380E+01,2.31380E+01,5.43035E-01 
#t = 3.234E+03
2.31380E+01,2.31380E+01,2.31380E+01,2.31380E+01,2.31380E+01,2.31380E+01,2.31380E+01,2.31380E+01,2.31380E+01,2.31380E+01,2.31380E+01,2.31380E+01,2.31380E+01,2.31380E+01,2.31380E+01,2.31380E+01,2.31380E+01,2.31380E+01,2.31380E+01,2.31380E+01,2.31380E+01,2.31380E+01,2.31380E+01,2.31380E+01,2.31380E+01,2.31380E+01,2.31380E+01,2.31380E+01,2.31380E+01,3.11270E+00,2.88675E+00,3.33647E+00,2.31380E+01,2.31380E+01 
#t = 3.276E+03
2.31380E+01,2.31380E+01,2.31380E+01,2.31380E+01,2.31380E+01,2.31380E+01,2.31380E+01,2.31380E+01,2.31380E+01,2.31380E+01,2.31380E+01,2.31380E+01,2.31380E+01,2.31380E+01,2.31380E+01,2.31380E+01,2.31380E+01,2.31380E+01,2.31380E+01,2.31380E+01,2.31380E+01,2.31380E+01,2.31380E+01,2.31380E+01,2.31380E+01,2.31380E+01,2.41324E+00,2.31380E+01,2.31380E+01,2.31380E+01,3.38125E+00 
#t = 3.318E+03
2.31380E+01,2.31380E+01,2.31380E+01,2.31380E+01,2.31380E+01,2.31380E+01,2.31380E+01,2.31380E+01,2.31380E+01,2.31380E+01,2.31380E+01,2.31380E+01,2.31380E+01,2.31380E+01,2.31380E+01,3.01284E+00,5.34448E+00,2.31380E+01,2.31380E+01,2.77405E+00,2.79826E+00,2.00569E+00 
#t = 3.360E+03
2.31380E+01,2.31380E+01,2.31380E+01,2.31380E+01,2.31380E+01,2.31380E+01,2.31380E+01,2.31380E+01,2.31380E+01,2.31380E+01,2.31380E+01,2.31380E+01,2.31380E+01,2.31380E+01,2.31380E+01,2.31380E+01,2.31380E+01,3.03916E+00,2.31380E+01,2.31380E+01,2.31380E+01,2.31380E+01,3.26765E+00,2.31380E+01 
#t = 3.402E+03
2.31380E+01,2.31380E+01,2.31380E+01,2.31380E+01,2.31380E+01,2.31380E+01,2.31380E+01,2.31380E+01,2.31380E+01,2.31380E+01,2.70578E+00,2.31380E+01,2.31380E+01,2.31380E+01,3.43089E+00,6.79983E+00,2.31380E+01,2.31380E+01 
#t = 3.444E+03
2.31380E+01,2.31380E+01,2.31380E+01,2.31380E+01,2.31380E+01,2.31380E+01,2.31380E+01,2.31380E+01,2.31380E+01,2.31380E+01,2.31380E+01,2.31380E+01,2.31380E+01,3.44692E+00,2.31380E+01,2.31380E+01,2.31380E+01,2.31380E+01,2.31380E+01,3.98207E+00 
#t = 3.486E+03
2.31380E+01,2.31380E+01,2.31380E+01,2.31380E+01,2.31380E+01,2.31380E+01,2.31380E+01,2.31380E+01,2.31380E+01,2.31380E+01,2.31380E+01,2.31380E+01,2.31380E+01,2.31380E+01,2.31380E+01,2.31380E+01,2.31380E+01,2.31380E+01,3.43611E+00,2.31380E+01,2.31380E+01,4.50841E+00,2.31380E+01,4.31983E+00,2.31380E+01,1.37188E+00,2.65363E+00,2.31380E+01,2.33097E+00 
#t = 3.528E+03
2.31380E+01,2.31380E+01,2.31380E+01,2.31380E+01,2.31380E+01,2.31380E+01,2.31380E+01,2.31380E+01,2.31380E+01,2.31380E+01,2.31380E+01,2.31380E+01,4.42450E+00,2.31380E+01,2.31380E+01,2.31380E+01,4.64626E+00,2.31380E+01,1.10445E+00 
#t = 3.570E+03
2.31380E+01,2.31380E+01,2.31380E+01,2.31380E+01,2.31380E+01,2.31380E+01,2.31380E+01,2.31380E+01,2.31380E+01,2.31380E+01,2.31380E+01,2.31380E+01,3.92529E+00,2.28883E+00,2.31380E+01,2.31380E+01,2.31380E+01,2.31380E+01,2.31380E+01,2.34668E+00,1.01149E+00 
#t = 3.612E+03
2.31380E+01,2.31380E+01,2.31380E+01,2.31380E+01,2.31380E+01,2.31380E+01,2.31380E+01,2.31380E+01,2.31380E+01,7.68014E+00,2.31380E+01,2.31380E+01,2.31380E+01,4.88621E+00,2.23300E+00,2.32828E+00 
#t = 3.654E+03
2.31380E+01,2.31380E+01,2.31380E+01,2.31380E+01,2.31380E+01,2.31380E+01,2.31380E+01,2.31380E+01,2.31380E+01,2.31380E+01,2.31380E+01,5.65028E+00,2.31380E+01,2.31380E+01,2.31380E+01,2.31380E+01,2.31380E+01,2.31380E+01,1.43104E+00 
#t = 3.696E+03
2.31380E+01,2.31380E+01,2.31380E+01,2.31380E+01,2.31380E+01,2.31380E+01,2.31380E+01,6.65746E+00,2.31380E+01,2.31380E+01,2.31380E+01,2.31380E+01,2.31380E+01,2.31380E+01,2.31380E+01,6.05896E+00,3.75152E+00,2.31380E+01 
#t = 3.738E+03
2.31380E+01,2.31380E+01,2.31380E+01,2.31380E+01,2.31380E+01,2.31380E+01,2.31380E+01,2.31380E+01,2.31380E+01,2.31380E+01,2.31380E+01,2.31380E+01,2.31380E+01,2.31380E+01,6.92997E+00,2.31380E+01,2.31380E+01,2.31380E+01,2.31380E+01,2.31380E+01,2.31380E+01,2.31380E+01,2.31380E+01,2.31380E+01,1.19294E+00,2.31380E+01,2.31380E+01,2.31380E+01,2.38229E+00,2.31380E+01,8.84937E-01,2.31380E+01,2.31380E+01 
#t = 3.780E+03
2.31380E+01,2.31380E+01,2.31380E+01,2.31380E+01,2.31380E+01,2.31380E+01,2.31380E+01,2.31380E+01,2.31380E+01,2.31380E+01,2.31380E+01,2.31380E+01,2.31380E+01,2.31380E+01,2.31380E+01,2.31380E+01,2.31380E+01,2.31380E+01,7.08066E+00,2.31380E+01,2.31380E+01,6.00793E+00,2.31380E+01,2.31380E+01,2.31380E+01,2.31380E+01,2.31380E+01,2.31380E+01,2.31380E+01,2.31380E+01,2.31380E+01,2.31380E+01,2.64666E+00,4.41283E+00,2.31380E+01,2.31380E+01,6.14076E+00,2.31380E+01,2.31380E+01,2.31380E+01 
#t = 3.822E+03
2.31380E+01,2.31380E+01,2.31380E+01,2.31380E+01,2.31380E+01,2.31380E+01,5.54517E+00,2.31380E+01,2.31380E+01,2.31380E+01,2.31380E+01,2.31380E+01,6.59867E+00,2.31380E+01,2.31380E+01,2.31380E+01,2.31380E+01,2.31380E+01,2.31380E+01,2.31380E+01,2.31380E+01,2.31380E+01,1.16772E+01,1.16772E+01,2.31380E+01,2.31380E+01,2.31380E+01,1.16772E+01,9.36023E+00,2.31380E+01,2.31380E+01,2.31380E+01,2.31380E+01,2.31380E+01,2.31380E+01,2.31380E+01 
#t = 3.864E+03
2.31380E+01,2.31380E+01,2.31380E+01,2.31380E+01,2.31380E+01,2.31380E+01,2.31380E+01,2.31380E+01,2.31380E+01,2.31380E+01,6.35269E+00,2.31380E+01,2.31380E+01,2.31380E+01,2.31380E+01,2.31380E+01,2.31380E+01,2.31380E+01,2.67780E+00,2.31380E+01,2.31380E+01,2.31380E+01,6.72651E+00,2.72314E+00,3.17744E+00,5.82029E+00,2.31380E+01,2.31380E+01,2.31380E+01 
#t = 3.906E+03
2.31380E+01,2.31380E+01,2.31380E+01,2.31380E+01,2.31380E+01,2.31380E+01,2.31380E+01,2.31380E+01,2.31380E+01,2.31380E+01,5.84211E+00,2.31380E+01,2.31380E+01,4.62028E+00,2.31380E+01,2.31380E+01,2.31380E+01,3.78854E+00,4.00003E+00,3.01585E+00,2.31380E+01,2.31380E+01,4.49444E+00 
#t = 3.948E+03
2.31380E+01,2.31380E+01,2.31380E+01,2.31380E+01,2.31380E+01,2.31380E+01,2.31380E+01,2.31380E+01,2.31380E+01,2.31380E+01,2.31380E+01,2.31380E+01,2.31380E+01,2.31380E+01,2.08650E+00,2.31380E+01,2.31380E+01,2.31380E+01,2.31380E+01,2.31380E+01,2.31380E+01,2.31380E+01,2.31380E+01,2.31380E+01,2.31380E+01,2.31380E+01,2.31380E+01,3.78661E+00,2.31380E+01 
#t = 3.990E+03
2.31380E+01,2.31380E+01,2.31380E+01,2.31380E+01,2.31380E+01,2.31380E+01,2.31380E+01,2.31380E+01,2.31380E+01,2.31380E+01,2.31380E+01,2.31380E+01,2.31380E+01,2.31380E+01,2.31380E+01,2.31380E+01,2.31380E+01,2.31380E+01,2.31380E+01,2.31380E+01,7.27666E+00,2.31380E+01,2.31380E+01,2.31380E+01,2.31380E+01,2.31380E+01,2.31380E+01,2.31380E+01,2.31380E+01,2.31380E+01,2.31380E+01,2.31380E+01,2.31380E+01,2.31380E+01,2.31380E+01,2.31380E+01,2.31380E+01,2.31380E+01,2.31380E+01,2.31380E+01,2.31380E+01,2.31380E+01,1.69854E+00,2.31380E+01 
#t = 4.032E+03
2.31380E+01,2.31380E+01,2.31380E+01,2.31380E+01,2.31380E+01,2.31380E+01,2.31380E+01,2.31380E+01,2.31380E+01,2.31380E+01,2.31380E+01,2.31380E+01,2.31380E+01,2.31380E+01,2.31380E+01,2.31380E+01,2.31380E+01,2.31380E+01,2.31380E+01,2.31380E+01,2.31380E+01,2.31380E+01,2.31380E+01,2.31380E+01,2.55893E+00,2.31380E+01,2.31380E+01,1.67299E+00 
#t = 4.074E+03
2.31380E+01,2.31380E+01,2.31380E+01,2.31380E+01,2.31380E+01,2.31380E+01,1.37427E+01,2.31380E+01,2.31380E+01,2.31380E+01,2.31380E+01,2.31380E+01,2.31380E+01,2.31380E+01,2.31380E+01,2.31380E+01,2.31380E+01,2.31380E+01,2.31380E+01,2.31380E+01,2.31380E+01,2.31380E+01,2.31380E+01,2.31380E+01,5.70229E+00,2.31380E+01,2.47810E+00,1.43851E+00 
#t = 4.116E+03
2.31380E+01,2.31380E+01,2.31380E+01,2.31380E+01,2.31380E+01,2.31380E+01,2.31380E+01,2.31380E+01,2.31380E+01,2.31380E+01,2.31380E+01,2.31380E+01,2.31380E+01,2.31380E+01,2.31380E+01,2.31380E+01,2.31380E+01,6.26191E+00,2.31380E+01,2.31380E+01,2.31380E+01,3.65950E+00,2.31380E+01,2.31380E+01,2.31380E+01,1.52349E+00,1.15627E+00,2.31380E+01,2.31380E+01,2.31380E+01,2.15216E+00 
#t = 4.158E+03
2.31380E+01,2.31380E+01,2.31380E+01,2.31380E+01,2.31380E+01,2.31380E+01,2.31380E+01,2.31380E+01,2.31380E+01,5.57772E+00,2.31380E+01,2.31380E+01,2.31380E+01,3.40704E+00,3.97460E+00,2.31380E+01,2.31380E+01,1.53022E+00,2.31380E+01,2.31380E+01 
#t = 4.200E+03
2.31380E+01,2.31380E+01,2.31380E+01,2.31380E+01,2.31380E+01,2.31380E+01,2.31380E+01,2.31380E+01,2.31380E+01,2.31380E+01,2.31380E+01,2.31380E+01,2.31380E+01,2.31380E+01,2.31380E+01,2.31380E+01,2.31380E+01,2.31380E+01,2.31380E+01,2.31380E+01,2.31380E+01,2.31380E+01,4.21562E+00,2.27489E+00,6.10296E+00,4.55684E+00,1.82926E+00,4.53194E+00,2.31380E+01,2.31380E+01,2.31380E+01,2.31380E+01 
