#t = 0.000E+00
3.57384E+00,2.50740E+00,2.77250E+00,3.86210E+00,2.40120E+00 
#t = 4.200E+01
1.12502E+01,5.32367E+00,2.60797E+00,2.88883E+00,1.12502E+01,2.23610E+00 
#t = 8.400E+01
1.12502E+01,6.39313E+00 
#t = 1.260E+02
1.12502E+01,1.12502E+01,9.13520E-01,3.29728E+00,1.88644E+00 
#t = 1.680E+02
9.13452E+00,6.57455E+00,1.22054E+01,1.93120E+00 
#t = 2.100E+02
4.95248E+00,3.41907E+00,4.85247E+00 
#t = 2.520E+02
1.44586E+00,3.92690E+00,1.70299E+00 
#t = 2.940E+02
8.42839E+00,5.32077E+00,5.50565E+00,7.93874E+00,3.16732E+00 
#t = 3.360E+02
1.01356E+01,2.47581E+00 
#t = 3.780E+02
9.20440E+00,1.41821E+00,2.65716E+00,5.33485E+00 
#t = 4.200E+02
3.46326E+00 
#t = 4.620E+02
2.66984E+00,1.35451E+00,2.87937E+00,6.36212E+00 
#t = 5.040E+02
3.35902E+00,1.74775E+01,8.44135E-01 
#t = 5.460E+02
9.08954E+00,3.22965E+00,3.77653E+00,2.08034E+00,1.97793E+00 
#t = 5.880E+02
8.76917E+00,1.84015E+00,1.70467E+00,2.07198E+00,2.52845E+00 
#t = 6.300E+02
4.79342E+00,5.70717E+00,4.14391E+00,4.20167E+00 
#t = 6.720E+02
2.57960E+00,1.46387E+00 
#t = 7.140E+02
1.13195E+01,1.13195E+01,1.89203E+00 
#t = 7.560E+02
1.13195E+01,6.36437E+00,2.31183E+00,6.44947E+00 
#t = 7.980E+02
1.13195E+01,3.20088E+00,3.74413E+00,1.26546E+00 
#t = 8.400E+02
6.75716E+00,5.00189E+00,9.55346E-01 
#t = 8.820E+02
2.81115E+00,7.28731E+00,1.06896E+00 
#t = 9.240E+02
7.28731E+00,5.46298E+00,4.36702E+00,5.46090E+00,3.89677E+00,2.22404E+00,1.93828E+00 
#t = 9.660E+02
3.60299E+00 
#t = 1.008E+03
5.81174E-01,2.61421E+00,3.17628E+00 
#t = 1.050E+03
5.37732E+00,1.94168E+00,3.98858E+00,2.24883E+00,2.06028E+00 
#t = 1.092E+03
5.80724E+00,4.62102E+00,3.64062E+00,2.31258E+00,2.28631E+00 
#t = 1.134E+03
1.38779E+00 
#t = 1.176E+03
4.12745E+00,1.72289E+00,8.98830E+00 
#t = 1.218E+03
6.20041E+00,6.24559E+00,4.00617E+00,4.06123E+00 
#t = 1.260E+03
1.80499E+00 
#t = 1.302E+03
8.12689E+00,1.09830E+01,4.33361E+00 
#t = 1.344E+03
8.12689E+00,2.63456E+00 
#t = 1.386E+03
5.87519E+00,5.60185E+00,4.58686E+00,5.01329E+00 
#t = 1.428E+03
5.41233E+00 
#t = 1.470E+03
2.25866E+00 
#t = 1.512E+03
4.92380E+00,5.22943E+00 
#t = 1.554E+03
4.30354E+00,2.48898E+00,4.59404E+00 
#t = 1.596E+03
1.03385E+01,4.26866E+00,1.62204E+00,1.38208E+00 
#t = 1.638E+03
1.03385E+01,4.35267E+00,3.06315E+00 
#t = 1.680E+03
1.91550E+00,8.63250E+00,3.99647E+00,4.50230E+00 
#t = 1.722E+03
8.46117E+00 
#t = 1.764E+03
-9.99900E+03
#t = 1.806E+03
6.21626E+00,9.62429E+00,3.38954E+00,2.80331E+00 
#t = 1.848E+03
2.76152E+00,6.72732E+00,6.67484E+00,7.04148E-01 
#t = 1.890E+03
5.38001E+00,3.91308E+00,4.57616E+00 
#t = 1.932E+03
9.14741E+00,1.45717E+00 
#t = 1.974E+03
9.14741E+00,1.09977E+01 
#t = 2.016E+03
3.51803E+00,5.07056E+00,4.51369E+00,2.12079E+00 
#t = 2.058E+03
1.23132E+01,3.57292E+00,9.28827E+00 
#t = 2.100E+03
6.54675E+00,1.66279E+00 
#t = 2.142E+03
9.35553E+00,5.36416E+00,1.32734E+00 
#t = 2.184E+03
1.12700E+01,1.12700E+01,1.12700E+01 
#t = 2.226E+03
1.12700E+01,1.12700E+01,1.12700E+01,1.06270E+01,5.14711E+00,3.26298E+00,5.23407E-01,2.22144E+00 
#t = 2.268E+03
1.10788E+01,9.12084E+00,1.10788E+01,1.86710E+00,1.10788E+01,1.10788E+01 
#t = 2.310E+03
1.10788E+01,1.10788E+01,1.10788E+01,2.06291E+00,1.10788E+01,7.52289E-01,1.10788E+01,2.27697E+00 
#t = 2.352E+03
1.10788E+01,4.20275E+00,6.59024E+00,1.10464E+01,4.54936E+00,3.39775E+00,1.10788E+01,3.97472E+00,1.39163E+00,3.25557E+00 
#t = 2.394E+03
5.01590E+00,1.40501E+00,1.26548E+00,1.39159E+00 
#t = 2.436E+03
2.13089E+00,1.61153E+01 
#t = 2.478E+03
-9.99900E+03
#t = 2.520E+03
2.62053E+00,3.02948E+00,6.29010E+00,4.30691E+00,3.28991E+00 
#t = 2.562E+03
8.04162E+00,3.24706E+00 
#t = 2.604E+03
1.53384E+00,3.48889E+00 
#t = 2.646E+03
2.44805E+00,6.25751E+00,6.46941E+00,7.18685E+00,1.80196E+00 
#t = 2.688E+03
3.12860E+00,5.19040E+00,6.95306E+00 
#t = 2.730E+03
2.53469E+01,2.53469E+01,2.53469E+01,2.53469E+01,2.53469E+01 
#t = 2.772E+03
2.53469E+01,2.53469E+01,2.53469E+01,2.53469E+01,2.53469E+01,2.53469E+01,2.53469E+01,2.53469E+01,2.53469E+01,2.53469E+01,3.43485E+00,2.53469E+01,2.53469E+01,2.53469E+01,4.45904E+00,2.53469E+01,2.53469E+01,3.41730E+00,1.23185E+00,3.44189E+00,2.53469E+01,2.53469E+01 
#t = 2.814E+03
2.53469E+01,2.53469E+01,2.53469E+01,2.53469E+01,2.53469E+01,2.53469E+01,9.01965E+00,2.53469E+01,2.53469E+01,2.53469E+01,2.53469E+01,2.53469E+01,2.90971E+00,7.31686E+00,2.53469E+01,7.60516E+00,2.73679E+00,2.53469E+01,2.53469E+01,8.08136E+00,2.53469E+01,2.53469E+01,2.53469E+01 
#t = 2.856E+03
2.53469E+01,2.53469E+01,8.08136E+00,2.53469E+01,2.53469E+01,2.53469E+01,2.53469E+01,2.53469E+01,2.53469E+01,2.53469E+01,2.53469E+01,2.53469E+01,2.53469E+01,2.53469E+01,2.53469E+01,2.53469E+01,4.42898E+00,2.53469E+01,2.53469E+01,2.53469E+01,2.53469E+01,2.53469E+01,2.53469E+01,2.53469E+01,2.53469E+01,2.53469E+01,5.11941E+00,3.65905E+00,2.36247E+00 
#t = 2.898E+03
2.53469E+01,2.53469E+01,2.53469E+01,2.53469E+01,2.53469E+01,2.53469E+01,2.53469E+01,2.53469E+01,2.53469E+01,2.53469E+01,2.53469E+01,2.53469E+01,2.53469E+01,2.53469E+01,2.53469E+01,2.53469E+01,2.53469E+01,2.53469E+01,2.53469E+01,2.53469E+01,2.53469E+01,2.79802E+00,2.53469E+01,2.53469E+01,2.53469E+01,2.53469E+01,6.02021E+00,2.53469E+01,2.53469E+01,2.53469E+01,2.53469E+01,2.53469E+01,2.53469E+01,2.53469E+01,2.53469E+01,3.30442E+00,2.53469E+01,9.91753E-01,3.67887E+00 
#t = 2.940E+03
2.53469E+01,2.53469E+01,2.53469E+01,2.53469E+01,2.53469E+01,2.53469E+01,2.53469E+01,2.53469E+01,2.53469E+01,2.53469E+01,2.53469E+01,2.53469E+01,2.53469E+01,2.53469E+01,2.53469E+01,2.53469E+01,2.53469E+01,2.53469E+01,2.53469E+01,2.53469E+01,2.53469E+01,2.53469E+01,2.53469E+01,2.53469E+01,2.53469E+01,2.53469E+01,2.53469E+01,2.53469E+01,2.53469E+01,2.53469E+01,2.53469E+01,2.53469E+01 
#t = 2.982E+03
2.53469E+01,2.53469E+01,2.53469E+01,2.53469E+01,2.53469E+01,2.53469E+01,2.53469E+01,2.53469E+01,2.53469E+01,2.53469E+01,2.53469E+01,7.15972E+00,2.53469E+01,2.53469E+01,2.53469E+01,2.53469E+01,2.53469E+01,2.53469E+01,2.53469E+01,2.53469E+01,2.53469E+01,2.53469E+01,2.74989E+00,2.53469E+01,2.53469E+01,2.53469E+01,2.53469E+01,2.53469E+01,2.53469E+01,2.53469E+01,2.53469E+01,4.00514E+00 
#t = 3.024E+03
2.53469E+01,2.53469E+01,2.53469E+01,2.53469E+01,2.53469E+01,2.53469E+01,2.53469E+01,2.53469E+01,2.53469E+01,2.53469E+01,2.53469E+01,2.53469E+01,2.53469E+01,2.53469E+01,2.53469E+01,2.53469E+01,2.53469E+01,2.53469E+01,2.53469E+01,2.53469E+01,2.53469E+01,4.17652E+00,2.53469E+01 
#t = 3.066E+03
2.53469E+01,2.53469E+01,2.53469E+01,2.53469E+01,2.53469E+01,2.53469E+01,2.53469E+01,2.53469E+01,2.53469E+01,2.53469E+01,2.53469E+01,2.53469E+01,2.53469E+01,2.53469E+01,2.53469E+01,2.53469E+01,2.53469E+01,2.53469E+01,2.53469E+01,2.53469E+01,2.53469E+01 
#t = 3.108E+03
2.53469E+01,2.53469E+01,2.53469E+01,2.53469E+01,2.53469E+01,2.53469E+01,2.53469E+01,2.53469E+01,2.53469E+01,2.53469E+01,2.53469E+01,2.53469E+01,2.53469E+01,2.53469E+01,2.53469E+01,2.53469E+01,2.53469E+01,2.53469E+01,2.53469E+01,2.53469E+01,2.53469E+01,3.46263E+00,2.53469E+01,2.53469E+01,5.12924E+00,2.53469E+01,2.53469E+01,2.53469E+01,2.53469E+01,2.53469E+01,2.53469E+01,2.53469E+01,2.53469E+01,3.65775E+00,2.53469E+01 
#t = 3.150E+03
2.53469E+01,2.53469E+01,2.53469E+01,2.53469E+01,2.53469E+01,2.53469E+01,2.53469E+01,2.53469E+01,2.53469E+01,2.53469E+01,2.53469E+01,2.53469E+01,2.53469E+01,2.53469E+01,2.53469E+01,2.53469E+01,2.53469E+01,2.53469E+01,2.53469E+01,2.53469E+01,2.53469E+01,2.12080E+00,2.53469E+01,2.53469E+01,2.53469E+01,2.53469E+01,2.53469E+01,2.53469E+01,3.45872E+00,2.28079E+00,2.53469E+01,2.53469E+01,2.53469E+01,2.53469E+01 
#t = 3.192E+03
2.53469E+01,2.53469E+01,2.53469E+01,2.53469E+01,2.53469E+01,2.53469E+01,2.53469E+01,2.53469E+01,2.53469E+01,2.53469E+01,2.53469E+01,2.53469E+01,2.53469E+01,2.53469E+01,2.53469E+01,2.53469E+01,2.53469E+01,2.53469E+01,2.53469E+01,2.53469E+01,2.53469E+01,2.53469E+01,2.53469E+01,5.84425E+00,2.53469E+01,2.53469E+01,2.53469E+01,2.53469E+01,2.53469E+01,1.06747E+01,2.53469E+01,2.53469E+01,2.53469E+01,2.53469E+01,2.53469E+01,1.97895E+00,4.32772E+00,2.53469E+01,2.53469E+01,2.53469E+01,2.53469E+01,4.98652E+00,3.46892E+00,2.53469E+01,2.53469E+01,2.53469E+01,2.53469E+01,2.53469E+01,2.53469E+01,4.88625E+00,2.53469E+01,2.53469E+01,2.53469E+01,2.53469E+01 
#t = 3.234E+03
2.53469E+01,2.53469E+01,2.53469E+01,2.53469E+01,2.53469E+01,2.53469E+01,2.53469E+01,2.53469E+01,2.53469E+01,2.53469E+01,2.53469E+01,2.53469E+01,2.53469E+01,2.53469E+01,2.53469E+01,2.53469E+01,2.53469E+01,2.53469E+01,2.53469E+01,2.53469E+01,2.53469E+01,2.53469E+01,2.53469E+01,2.53469E+01,2.53469E+01,2.53469E+01,2.53469E+01,2.53469E+01,2.53469E+01,2.53469E+01,2.53469E+01,2.53469E+01,2.53469E+01,2.53469E+01,2.53469E+01,2.53469E+01,2.53469E+01,2.89948E+00,2.53469E+01,2.53469E+01,2.53469E+01,2.53469E+01,2.53469E+01,2.53469E+01,2.53469E+01,2.53469E+01,2.53469E+01,2.53469E+01,1.86094E+00,3.24433E+00,2.53469E+01,2.53469E+01,2.53469E+01 
#t = 3.276E+03
2.53469E+01,2.53469E+01,2.53469E+01,2.53469E+01,2.53469E+01,2.53469E+01,2.53469E+01,2.53469E+01,2.53469E+01,2.53469E+01,2.53469E+01,2.53469E+01,2.53469E+01,2.53469E+01,2.53469E+01,2.53469E+01,2.53469E+01,2.53469E+01,2.53469E+01,2.53469E+01,2.53469E+01,2.53469E+01,2.53469E+01,2.53469E+01,2.53469E+01,2.53469E+01,2.53469E+01,2.53469E+01,2.53469E+01,2.53469E+01,2.53469E+01,2.53469E+01,2.53469E+01,2.53469E+01,2.53469E+01,2.53469E+01,3.30629E+00,2.53469E+01,2.53469E+01,5.68464E+00,2.53469E+01,6.21835E+00,2.53469E+01,1.66290E+00,2.53469E+01 
#t = 3.318E+03
2.53469E+01,2.53469E+01,2.53469E+01,2.53469E+01,2.53469E+01,2.53469E+01,2.53469E+01,2.53469E+01,2.53469E+01,2.53469E+01,2.53469E+01,2.53469E+01,2.53469E+01,2.53469E+01,2.53469E+01,2.53469E+01,2.53469E+01,2.53469E+01,2.53469E+01,2.53469E+01,2.53469E+01,2.53469E+01,2.53469E+01,2.53469E+01,2.53469E+01,2.53469E+01,2.53469E+01,2.90703E+00,2.53469E+01,2.53469E+01,2.53469E+01 
#t = 3.360E+03
2.53469E+01,2.53469E+01,2.53469E+01,2.53469E+01,2.53469E+01,2.53469E+01,2.53469E+01,2.53469E+01,2.53469E+01,2.53469E+01,2.53469E+01,2.53469E+01,2.53469E+01,2.53469E+01,2.53469E+01,2.53469E+01,2.53469E+01,2.53469E+01,2.53469E+01,2.53469E+01,2.53469E+01,2.53469E+01,2.53469E+01,2.47991E+00,2.81882E+00,2.53469E+01,2.53469E+01,2.53469E+01,2.53469E+01,6.45382E+00,2.53469E+01,2.53469E+01,2.53469E+01 
#t = 3.402E+03
2.53469E+01,2.53469E+01,2.53469E+01,2.53469E+01,2.53469E+01,2.53469E+01,2.53469E+01,2.53469E+01,2.53469E+01,2.53469E+01,9.62713E+00,2.53469E+01,2.53469E+01,2.53469E+01,2.53469E+01,2.53469E+01,2.53469E+01,2.53469E+01,2.53469E+01,2.53469E+01,2.53469E+01,2.53469E+01,2.53469E+01,5.71705E+00,2.53469E+01,2.53469E+01 
#t = 3.444E+03
2.53469E+01,2.53469E+01,2.53469E+01,2.53469E+01,2.53469E+01,2.53469E+01,2.53469E+01,2.53469E+01,2.53469E+01,2.53469E+01,2.53469E+01,2.53469E+01,2.53469E+01,2.53469E+01,2.53469E+01,2.53469E+01,2.53469E+01,2.53469E+01,2.53469E+01,2.53469E+01,9.67316E+00,2.53469E+01,2.53469E+01,2.53469E+01,2.53469E+01,4.90239E+00,1.15603E+00,2.53469E+01,2.53469E+01,2.53469E+01,2.53469E+01,4.64241E+00,2.53469E+01,1.93003E+00 
#t = 3.486E+03
2.53469E+01,2.53469E+01,2.53469E+01,2.53469E+01,2.53469E+01,2.53469E+01,2.53469E+01,2.53469E+01,4.24440E+00,2.53469E+01,2.53469E+01,2.53469E+01,2.53469E+01,2.53469E+01,2.53469E+01,2.53469E+01,2.53469E+01,2.53469E+01,2.53469E+01,8.18038E+00,2.53469E+01,2.53469E+01,2.53469E+01,3.74032E+00,2.53469E+01,2.53469E+01,2.53469E+01 
#t = 3.528E+03
2.53469E+01,2.53469E+01,2.53469E+01,2.53469E+01,2.53469E+01,2.53469E+01,2.53469E+01,2.53469E+01,2.53469E+01,2.53469E+01,2.53469E+01,2.53469E+01,2.53469E+01,2.53469E+01,2.53469E+01,2.53469E+01,2.53469E+01,2.53469E+01,2.53469E+01,2.53469E+01,2.53469E+01,2.53469E+01,2.53469E+01,2.53469E+01,2.53469E+01,8.97078E+00,9.92980E+00,2.53469E+01,2.53469E+01,2.53469E+01,3.62885E+00 
#t = 3.570E+03
2.53469E+01,2.53469E+01,2.53469E+01,2.53469E+01,2.53469E+01,2.53469E+01,2.53469E+01,2.53469E+01,2.53469E+01,2.53469E+01,2.53469E+01,2.53469E+01,2.53469E+01,2.53469E+01,2.53469E+01,2.53469E+01,2.53469E+01,2.53469E+01,2.53469E+01,5.99813E+00,2.53469E+01,2.53469E+01,2.53469E+01,1.10199E+01,4.26272E+00,2.53469E+01,2.53469E+01,2.53469E+01,2.53469E+01,1.10199E+01,3.68056E+00,5.66021E+00,2.65157E+00,2.53469E+01,3.14052E+00 
#t = 3.612E+03
2.53469E+01,2.53469E+01,2.53469E+01,2.53469E+01,1.10199E+01,2.53469E+01,2.53469E+01,2.53469E+01,2.53469E+01,2.53469E+01,2.53469E+01,2.53469E+01,2.53469E+01,2.53469E+01,2.53469E+01,2.53469E+01,2.53469E+01,2.53469E+01,2.53469E+01,2.53469E+01,2.53469E+01,2.53469E+01,2.53469E+01,5.07957E+00,2.53469E+01,6.11437E+00,2.53469E+01,2.53469E+01,2.27801E+00,2.53469E+01,2.53469E+01,1.10199E+01,2.53469E+01,2.53469E+01 
#t = 3.654E+03
2.53469E+01,2.53469E+01,2.53469E+01,2.53469E+01,2.53469E+01,2.53469E+01,2.53469E+01,2.53469E+01,1.10199E+01,2.53469E+01,2.53469E+01,2.53469E+01,2.53469E+01,2.53469E+01,2.53469E+01,2.53469E+01,2.53469E+01,2.53469E+01,2.53469E+01,2.53469E+01,2.53469E+01,2.53469E+01,2.53469E+01,2.53469E+01,4.50891E+00,2.53469E+01,2.53469E+01,2.53469E+01,2.53469E+01,2.53469E+01,2.53469E+01,1.40556E+00,2.53469E+01 
#t = 3.696E+03
2.53469E+01,2.53469E+01,2.53469E+01,2.53469E+01,2.53469E+01,2.53469E+01,2.53469E+01,2.53469E+01,2.53469E+01,2.53469E+01,2.53469E+01,2.53469E+01,2.53469E+01,2.53469E+01,2.53469E+01,3.10500E+00,2.53469E+01,2.53469E+01,2.53469E+01,2.53469E+01,2.53469E+01,2.53469E+01,2.53469E+01,2.53469E+01,2.53469E+01,2.53469E+01,2.53469E+01,2.53469E+01,2.53469E+01,2.53469E+01,2.53469E+01,2.53469E+01,2.53469E+01,2.53469E+01,2.53469E+01 
#t = 3.738E+03
2.53469E+01,2.53469E+01,2.53469E+01,2.53469E+01,2.53469E+01,2.53469E+01,2.53469E+01,2.53469E+01,2.53469E+01,2.53469E+01,2.53469E+01,2.53469E+01,2.53469E+01,2.53469E+01,2.53469E+01,4.95353E+00,4.08774E+00,2.53469E+01,2.53469E+01,2.53469E+01,2.53469E+01,2.53469E+01,2.53469E+01,2.53469E+01,2.53469E+01,2.53469E+01,4.17755E+00,1.25166E+00,2.53469E+01,3.63243E+00 
#t = 3.780E+03
2.53469E+01,2.53469E+01,2.53469E+01,2.53469E+01,2.53469E+01,2.53469E+01,2.53469E+01,2.53469E+01,2.53469E+01,2.53469E+01,2.53469E+01,2.53469E+01,2.53469E+01,2.53469E+01,2.53469E+01,2.53469E+01,2.53469E+01,2.53469E+01,2.53469E+01,2.53469E+01,2.53469E+01,2.53469E+01,2.53469E+01,2.53469E+01,2.80352E+00,2.53469E+01,2.53469E+01,5.41769E+00,2.53469E+01 
#t = 3.822E+03
2.53469E+01,2.53469E+01,2.53469E+01,2.53469E+01,2.53469E+01,2.53469E+01,2.53469E+01,2.53469E+01,2.53469E+01,2.53469E+01,2.53469E+01,2.53469E+01,2.53469E+01,2.53469E+01,2.53469E+01,2.53469E+01,1.39814E+00,2.53469E+01 
#t = 3.864E+03
2.53469E+01,2.53469E+01,2.53469E+01,2.53469E+01,2.53469E+01,9.49289E+00,2.53469E+01,2.53469E+01,2.53469E+01,2.53469E+01,2.53469E+01,2.53469E+01,2.53469E+01,2.53469E+01,2.53469E+01,2.53469E+01,2.53469E+01,2.53469E+01,2.53469E+01,2.53469E+01,2.53469E+01,2.53469E+01,2.53469E+01,4.10934E+00,2.53469E+01,2.53469E+01,3.22666E+00,2.16568E+00,2.53469E+01,2.53469E+01,2.53469E+01,2.53469E+01,1.80348E+00 
#t = 3.906E+03
2.53469E+01,9.49289E+00,2.53469E+01,2.53469E+01,2.53469E+01,2.53469E+01,2.53469E+01,2.53469E+01,2.53469E+01,2.53469E+01,2.53469E+01,2.53469E+01,2.53469E+01,2.53469E+01,2.53469E+01,2.53469E+01,2.53469E+01,2.53469E+01,2.53469E+01,2.53469E+01,2.53469E+01,2.53469E+01,2.53469E+01,2.53469E+01,9.85911E+00,2.53469E+01,2.53469E+01,1.77000E+00 
#t = 3.948E+03
2.53469E+01,2.53469E+01,2.53469E+01,2.53469E+01,2.53469E+01,2.53469E+01,2.53469E+01,2.53469E+01,2.53469E+01,2.53469E+01,2.53469E+01,2.53469E+01,2.53469E+01,2.53469E+01,2.53469E+01,2.53469E+01,2.53469E+01,2.53469E+01,2.53469E+01,2.53469E+01,7.42827E+00,2.53469E+01,2.53469E+01,2.53469E+01,3.48492E+00,2.53469E+01,2.53469E+01,2.53469E+01 
#t = 3.990E+03
2.53469E+01,2.53469E+01,2.53469E+01,2.53469E+01,2.53469E+01,2.53469E+01,2.53469E+01,2.53469E+01,2.53469E+01,2.53469E+01,2.53469E+01,2.53469E+01,2.53469E+01,2.53469E+01,8.94474E+00,2.53469E+01,2.53469E+01,2.53469E+01,2.53469E+01,2.53469E+01,2.53469E+01,2.53469E+01,2.53469E+01 
#t = 4.032E+03
2.53469E+01,2.53469E+01,2.53469E+01,2.53469E+01,2.53469E+01,2.53469E+01,2.53469E+01,2.53469E+01,2.53469E+01,2.53469E+01,2.53469E+01,2.53469E+01,2.53469E+01,2.53469E+01,2.53469E+01,2.53469E+01,2.53469E+01,5.52031E+00,2.53469E+01,2.71906E+00,5.42539E+00,2.53469E+01,2.53469E+01,2.53469E+01,2.53469E+01,2.53469E+01,2.53469E+01,2.53469E+01,2.53469E+01,2.53469E+01,2.68761E+00,2.53469E+01,2.53469E+01 
#t = 4.074E+03
2.53469E+01,2.53469E+01,2.53469E+01,2.53469E+01,5.35211E+00,2.53469E+01,2.53469E+01,2.53469E+01,2.53469E+01,2.53469E+01,2.53469E+01,2.53469E+01,2.53469E+01,2.53469E+01,2.53469E+01,2.53469E+01,2.53469E+01,2.53469E+01,2.53469E+01,2.53469E+01,2.53469E+01,7.07006E+00,2.53469E+01,2.53469E+01,2.53469E+01,2.67264E+00,5.23611E+00,2.53469E+01,2.53469E+01,2.53469E+01 
#t = 4.116E+03
2.53469E+01,2.53469E+01,2.53469E+01,2.53469E+01,2.53469E+01,2.53469E+01,2.53469E+01,2.53469E+01,2.53469E+01,2.53469E+01,2.53469E+01,2.53469E+01,3.97800E+00,2.53469E+01,2.53469E+01,2.53469E+01,2.53469E+01,2.78740E+00,2.53469E+01,2.53469E+01,2.53469E+01,6.11731E+00,6.20142E+00,2.53469E+01 
#t = 4.158E+03
2.53469E+01,2.53469E+01,2.53469E+01,2.53469E+01,2.53469E+01,2.53469E+01,2.53469E+01,2.53469E+01,2.53469E+01,2.53469E+01,2.53469E+01,2.53469E+01,2.53469E+01,2.53469E+01,2.53469E+01,2.53469E+01,2.53469E+01,2.53469E+01,6.10480E+00,4.59813E+00,2.53469E+01,2.53469E+01,2.35520E+00,1.35125E+00,2.53469E+01 
#t = 4.200E+03
2.53469E+01,2.53469E+01,2.53469E+01,2.53469E+01,2.53469E+01,2.53469E+01,2.53469E+01,2.53469E+01,2.53469E+01,2.53469E+01,2.53469E+01,5.40616E+00,2.53469E+01,2.53469E+01,2.53469E+01,2.88650E+00,2.53469E+01,1.14615E+00,2.53469E+01,2.53469E+01 
