#t = 0.000E+00
4.12208E+00,5.29016E+00,1.18051E+00,3.42254E+00,3.98841E+00 
#t = 4.200E+01
4.85308E+00,1.11441E+01,5.83193E+00,1.03850E+00,4.05819E+00,3.94295E+00 
#t = 8.400E+01
1.11441E+01,5.16740E+00,6.15395E+00,1.11441E+01,1.11441E+01,1.11441E+01,1.11441E+01,2.29621E+00 
#t = 1.260E+02
1.11441E+01,1.11441E+01,1.11441E+01,1.46395E+01,4.55347E+00,2.07714E+00,1.11441E+01 
#t = 1.680E+02
1.11441E+01,1.46395E+01,1.46395E+01,5.14557E+00,4.15157E+00,1.46395E+01,4.78061E+00,3.41540E+00,6.12591E+00,2.90630E+00,2.07528E+00,1.46395E+01 
#t = 2.100E+02
1.46395E+01,1.46395E+01,1.46395E+01,1.46395E+01,1.46395E+01,3.04785E+00 
#t = 2.520E+02
1.46395E+01,1.46395E+01,8.55461E+00,1.46395E+01,1.46395E+01,9.89553E+00,7.73003E+00,1.46395E+01,1.46395E+01,2.07836E+00 
#t = 2.940E+02
5.11193E+00,1.46395E+01,1.46395E+01,1.08722E+00,4.59103E+00,4.34693E+00 
#t = 3.360E+02
-9.99900E+03
#t = 3.780E+02
1.49718E+00 
#t = 4.200E+02
3.85716E+00,6.01253E+00,5.21189E+00,3.23302E+00 
#t = 4.620E+02
1.71361E+00,6.27269E+00,1.80178E+00 
#t = 5.040E+02
6.12452E+00 
#t = 5.460E+02
6.08588E+00,4.36260E+00,1.55143E+00 
#t = 5.880E+02
3.07860E+00,3.03925E+00 
#t = 6.300E+02
5.79246E+00 
#t = 6.720E+02
-9.99900E+03
#t = 7.140E+02
6.46541E+00,5.41152E+00,9.99286E-01,1.73409E+00,3.59643E+00,3.67873E+00,1.83227E+00 
#t = 7.560E+02
1.00873E+01,3.65647E+00 
#t = 7.980E+02
1.34614E+01,2.99289E+00,1.19501E+00 
#t = 8.400E+02
3.02969E+00 
#t = 8.820E+02
1.91818E+00 
#t = 9.240E+02
1.29327E+01,1.29327E+01,8.80596E+00,4.13184E+00,1.38262E+00,5.02445E+00 
#t = 9.660E+02
1.29327E+01,1.29327E+01,1.29327E+01,1.29327E+01,6.37925E+00,1.29327E+01,4.92476E+00,1.29327E+01,1.29327E+01,3.09022E+00 
#t = 1.008E+03
1.29327E+01,1.29327E+01,1.29327E+01,1.29327E+01,8.50522E+00,1.29327E+01,1.29327E+01,1.29327E+01,1.29327E+01,1.29327E+01,1.29327E+01,3.36829E+00,1.29327E+01,7.36883E+00,1.29327E+01,2.13103E+00 
#t = 1.050E+03
1.29327E+01,7.36883E+00,1.29327E+01,1.29327E+01,1.29327E+01,1.29327E+01,1.29327E+01,1.29327E+01,1.29327E+01,1.50887E+00,1.29327E+01,1.29327E+01,1.29327E+01,1.29327E+01 
#t = 1.092E+03
1.29327E+01,1.29327E+01,1.29327E+01,1.29327E+01,1.29327E+01,1.29327E+01,1.29327E+01,1.29327E+01,1.29327E+01,1.29327E+01,1.29327E+01,1.29327E+01,1.29327E+01,1.29327E+01,1.99435E+00,1.29327E+01,1.29327E+01,2.49793E+00 
#t = 1.134E+03
1.29327E+01,1.29327E+01,1.29327E+01,1.29327E+01,1.29327E+01,1.29327E+01,1.29327E+01,1.29327E+01,1.29327E+01,1.29327E+01,1.29327E+01,1.29327E+01,1.29327E+01,1.29327E+01,1.29327E+01,1.29327E+01,1.29327E+01,5.94326E+00,1.29327E+01,1.29327E+01,1.29327E+01,1.29327E+01,1.29327E+01,1.29327E+01,1.82870E+00,1.29327E+01,6.26080E+00,1.29327E+01,1.29327E+01,1.29327E+01 
#t = 1.176E+03
1.29327E+01,1.29327E+01,1.29327E+01,9.22869E+00,6.74148E+00,1.29327E+01,2.63219E+00,2.62716E+00,5.74704E+00,2.73301E+00,4.69650E+00 
#t = 1.218E+03
1.29327E+01,1.29327E+01,4.59506E+00,3.71180E+00,1.29327E+01,2.17473E+00,1.29327E+01 
#t = 1.260E+03
5.12881E+00,1.25597E+00 
#t = 1.302E+03
6.47811E+00,5.00866E+00 
#t = 1.344E+03
5.90316E+00,9.43396E-01 
#t = 1.386E+03
3.56797E+00,1.54702E+00,3.80757E+00,2.89582E+00 
#t = 1.428E+03
4.17260E+00,2.23827E+00,2.69321E+00 
#t = 1.470E+03
1.31741E+01,1.79568E+00,3.36839E+00,2.03579E+00,1.46875E+00,3.53600E+00 
#t = 1.512E+03
1.31741E+01,1.31741E+01,2.92165E+00 
#t = 1.554E+03
9.48026E+00,2.37473E+00,4.37653E+00,1.12296E+00,4.11267E+00,2.70026E+00 
#t = 1.596E+03
9.12797E+00,7.18942E+00,3.78959E+00,3.18294E+00,1.80321E+00,7.47476E+00 
#t = 1.638E+03
2.87862E+00,8.22199E+00,3.39397E+00 
#t = 1.680E+03
5.37455E+00,6.40676E+00,2.82885E+00,3.71045E+00 
#t = 1.722E+03
5.34121E+00,1.79810E+00,4.76143E+00,8.24847E+00 
#t = 1.764E+03
8.76689E+00,7.42964E+00,5.14378E+00,5.58973E+00,7.21684E+00 
#t = 1.806E+03
6.20267E+00,5.43219E+00 
#t = 1.848E+03
2.82203E+00,2.21248E+00,1.28028E+00 
#t = 1.890E+03
1.55699E+00 
#t = 1.932E+03
3.24001E+00,1.69853E+00,2.96634E+00,1.39013E+00,3.32826E+00 
#t = 1.974E+03
-9.99900E+03
#t = 2.016E+03
3.38916E+00,3.84892E+00,2.23593E+00 
#t = 2.058E+03
3.50522E+00,5.87096E+00,1.61927E+00 
#t = 2.100E+03
3.63179E+00,1.25656E+00,3.10391E+00,1.41283E+00 
#t = 2.142E+03
5.52259E+00,2.79553E+00,2.64145E+00 
#t = 2.184E+03
1.01864E+01,6.12078E+00 
#t = 2.226E+03
3.35751E+00,2.07550E+00,2.01608E+00,4.58891E+00,8.17623E+00,1.84803E+00 
#t = 2.268E+03
3.91172E+00,2.86586E+00 
#t = 2.310E+03
1.66778E+00 
#t = 2.352E+03
4.23303E+00,2.11322E+00,9.33345E-01,2.76378E+00 
#t = 2.394E+03
2.80384E+00,3.36806E+00,1.60735E+00 
#t = 2.436E+03
3.52646E+00,3.33108E+00 
#t = 2.478E+03
3.19302E+00,3.28757E+00,6.51880E+00,3.00176E+00 
#t = 2.520E+03
8.27552E+00,6.78860E+00,2.88343E+00,2.26355E+00,8.62023E+00 
#t = 2.562E+03
1.08359E+01,1.08359E+01,1.08359E+01,1.08359E+01 
#t = 2.604E+03
1.08359E+01,1.08359E+01,2.83780E+00,6.01407E+00,1.08359E+01 
#t = 2.646E+03
1.08359E+01,1.08359E+01,1.08359E+01,1.08359E+01,4.75931E+00 
#t = 2.688E+03
6.02615E+00,3.16580E+00,2.32940E+00,3.47613E+00,1.25417E+00 
#t = 2.730E+03
5.39952E+00,5.43460E+00,2.75668E+00 
#t = 2.772E+03
3.66897E+00,4.38946E+00,1.63479E+00,2.49860E+00,1.09883E+00,1.17459E+00 
#t = 2.814E+03
3.41737E+00,1.66805E+00 
#t = 2.856E+03
4.23995E+00 
#t = 2.898E+03
1.58966E+00,1.24594E+00 
#t = 2.940E+03
1.55843E+00,9.41596E-01 
#t = 2.982E+03
2.26950E+00,5.32543E-01,4.72840E+00,4.64045E+00,1.40582E+00 
#t = 3.024E+03
3.59854E+00,4.13131E+00,3.95008E+00,2.61434E+00,1.46279E+00 
#t = 3.066E+03
1.64095E+00,9.04318E-01,1.43523E+00 
#t = 3.108E+03
1.80932E+00,2.18148E+00,5.36374E+00,2.47870E+00,5.92971E+00,2.59326E+00 
#t = 3.150E+03
7.22819E+00,6.42017E+00,2.85686E+00,2.11613E+00,2.36114E+00,2.51525E+00,5.36673E+00,2.10558E+00 
#t = 3.192E+03
1.16660E+01,2.68407E+00,2.41395E+00,1.16660E+01,2.84745E+00,1.89941E+00 
#t = 3.234E+03
1.16660E+01,1.29530E+01,3.37344E+00,6.27784E+00,2.56042E+00,1.94944E+00 
#t = 3.276E+03
1.16660E+01,7.63323E+00,4.30464E+00,1.16660E+01,1.03255E+01 
#t = 3.318E+03
-9.99900E+03
#t = 3.360E+03
6.71592E+00,1.69479E+01,1.69479E+01,1.69479E+01,9.31665E+00,4.18169E+00,3.34785E+00 
#t = 3.402E+03
9.31665E+00,1.69479E+01,4.31833E+00,5.87666E+00,8.56590E+00,1.65002E+00 
#t = 3.444E+03
2.17713E+00,5.18876E+00 
#t = 3.486E+03
6.29322E+00,1.42703E+01,3.78390E+00,2.23552E+00,1.38493E+00 
#t = 3.528E+03
1.42703E+01,1.58270E+00,1.42703E+01 
#t = 3.570E+03
8.41719E+00,9.20686E+00,4.33692E+00,4.49897E+00,2.25274E+00 
#t = 3.612E+03
6.99866E+00,8.55693E+00,2.81079E+00,3.59124E+00 
#t = 3.654E+03
1.11894E+00 
#t = 3.696E+03
8.39111E+00,1.72484E+00,8.20528E+00 
#t = 3.738E+03
1.19993E+01,4.51388E+00,2.81882E+00,1.57873E+00 
#t = 3.780E+03
1.19993E+01,2.45815E+00,5.99304E+00,3.27973E+00,4.61861E+00,8.81930E+00,3.56712E+00 
#t = 3.822E+03
1.77852E+00 
#t = 3.864E+03
8.45744E+00,9.23536E+00,1.33475E+00,3.30153E+00 
#t = 3.906E+03
2.47462E+00,5.03531E+00,5.51938E+00 
#t = 3.948E+03
1.95864E+00,1.67298E+00 
#t = 3.990E+03
2.49362E+00,4.17516E+00,2.29271E+00,1.35675E+00 
#t = 4.032E+03
4.73393E+00,2.61777E+00,5.89023E+00,1.59299E+00,5.35172E+00 
#t = 4.074E+03
1.49319E+00,2.18327E+00,4.44829E+00,3.80705E+00 
#t = 4.116E+03
6.45977E+00,3.12779E+00,6.10531E+00,2.64578E+00,4.09714E+00,4.71400E+00,2.45129E+00 
#t = 4.158E+03
4.94219E+00,1.71442E+00 
#t = 4.200E+03
6.42888E+00,1.28064E+00,1.84971E+00,3.44348E+00 
