#t = 0.000E+00
2.82559E+00,2.72474E+00,3.62837E+00,2.91249E+00,1.10613E+00 
#t = 4.200E+01
4.88188E+00,5.46012E+00,1.48695E+00,4.43696E+00 
#t = 8.400E+01
5.59742E+00,6.32528E+00,5.75922E+00 
#t = 1.260E+02
1.64805E+01,1.64805E+01,1.64805E+01,3.41634E+00,4.40281E+00,2.13606E+00,2.68526E+00 
#t = 1.680E+02
1.64805E+01,1.64805E+01,1.64805E+01,1.64805E+01,5.54769E+00,1.64805E+01,1.64805E+01,1.48786E+01 
#t = 2.100E+02
8.94982E+00,7.62624E+00,5.85702E+00,1.64805E+01,9.28007E+00 
#t = 2.520E+02
1.05210E+01,3.30749E+00,4.64091E+00,6.57053E+00,1.30654E+01,3.33968E+00,1.46597E+00 
#t = 2.940E+02
6.57053E+00,1.05210E+01,3.91004E+00 
#t = 3.360E+02
7.72894E+00,4.60259E+00,9.94630E-01,4.73460E+00,1.80698E+00 
#t = 3.780E+02
1.55129E+00 
#t = 4.200E+02
6.16815E+00,3.47892E+00,4.72894E+00 
#t = 4.620E+02
4.76782E+00 
#t = 5.040E+02
8.18910E+00,1.80430E+00 
#t = 5.460E+02
8.18910E+00,6.16904E+00,1.82750E+00 
#t = 5.880E+02
2.99831E+00,6.15678E+00,1.28248E+00 
#t = 6.300E+02
7.70196E-01,2.76244E+00,2.44211E+00,4.96630E+00,4.26812E+00 
#t = 6.720E+02
2.43965E+00,7.74626E+00,2.56445E+00,1.83897E+00 
#t = 7.140E+02
2.28852E+00,7.28882E+00,5.57353E+00,1.87691E+00 
#t = 7.560E+02
3.89609E+00,1.22815E+00,3.04166E+00,2.17298E+00 
#t = 7.980E+02
6.95560E+00 
#t = 8.400E+02
9.23151E-01,3.50028E+00,3.76249E+00 
#t = 8.820E+02
6.03612E+00,4.69955E+00,3.80586E+00,1.72213E+00,5.18120E+00,2.02661E+00 
#t = 9.240E+02
9.20549E+00,3.04056E+00,3.64877E+00 
#t = 9.660E+02
4.62836E+00 
#t = 1.008E+03
4.88019E+00 
#t = 1.050E+03
5.48164E+00,1.76384E+00,4.80242E+00,1.97656E+00,1.73887E+00 
#t = 1.092E+03
1.16789E+01,3.76916E+00,3.28439E+00 
#t = 1.134E+03
4.23739E+00,4.26809E+00,3.76344E+00,2.87619E+00 
#t = 1.176E+03
1.67622E+00,3.92548E+00,2.11063E+00 
#t = 1.218E+03
1.12704E+01,2.83224E+00,1.12704E+01,2.00905E+00,5.66420E+00,5.39501E+00 
#t = 1.260E+03
3.97223E+00,2.25551E+00 
#t = 1.302E+03
9.41028E+00,2.99777E+00,9.46135E-01,1.42025E+00,2.43164E+00,3.58238E+00 
#t = 1.344E+03
2.21823E+00,1.46552E+00,2.79211E+00 
#t = 1.386E+03
2.54697E+00,3.22110E+00 
#t = 1.428E+03
-9.99900E+03
#t = 1.470E+03
6.54401E+00,4.11151E+00 
#t = 1.512E+03
1.26920E+00,2.49605E+00,3.44671E+00,4.22339E+00,2.12425E+00 
#t = 1.554E+03
1.24982E+01,3.25572E+00,1.15764E+00,1.67405E+00 
#t = 1.596E+03
1.04492E+01,8.80026E+00,3.90779E+00,2.46539E+00 
#t = 1.638E+03
7.37560E+00,6.01795E+00,7.01019E+00,2.53177E+00 
#t = 1.680E+03
2.21742E+00,3.51419E+00,2.82505E+00,7.74255E-01,5.50358E+00 
#t = 1.722E+03
5.98142E+00,1.40820E+00 
#t = 1.764E+03
3.10753E+00,5.38403E+00,7.26742E-01,5.01686E+00 
#t = 1.806E+03
5.71506E+00,1.95874E+00,3.86707E+00 
#t = 1.848E+03
9.24651E+00,4.21437E+00,5.67958E+00,1.69359E+00,3.46680E+00,4.17984E+00 
#t = 1.890E+03
7.82826E+00,6.76883E+00,2.38224E+00,1.65002E+01,9.26765E+00,6.76450E+00,4.46981E+00,3.67082E+00 
#t = 1.932E+03
9.93355E+00,2.97444E+00,1.97257E+00 
#t = 1.974E+03
9.93355E+00,2.98176E+00,5.64950E+00,7.05428E+00,2.23744E+00,3.96717E+00 
#t = 2.016E+03
6.99520E+00,4.09465E+00,3.52034E+00,2.09361E+00,8.12448E+00 
#t = 2.058E+03
5.21201E+00,1.21035E+00,2.57181E+00,4.95085E+00,3.31934E+00,3.77083E+00 
#t = 2.100E+03
8.02859E+00,2.03339E+00,3.89604E+00,1.40701E+00,3.91747E+00,4.17416E+00,6.35165E+00 
#t = 2.142E+03
3.80096E+00,4.97228E+00 
#t = 2.184E+03
1.17032E+01,1.17032E+01,7.11722E-01,1.17032E+01 
#t = 2.226E+03
1.17032E+01,1.47577E+01,3.68537E+00,1.17032E+01,1.17032E+01,1.47577E+01,1.17032E+01,3.28096E+00,2.35891E+00 
#t = 2.268E+03
1.47577E+01,1.17032E+01,1.17032E+01,1.17032E+01,1.17032E+01,2.96158E+00 
#t = 2.310E+03
5.17786E+00,8.81552E+00,9.69833E+00,1.96551E+00,3.35393E+00,1.81100E+00 
#t = 2.352E+03
8.14591E+00,8.38818E+00,1.05096E+01,3.82552E+00,3.06096E+00 
#t = 2.394E+03
9.19415E+00,8.95653E+00,4.49415E+00,9.37782E+00,2.31569E+00 
#t = 2.436E+03
6.69610E+00,4.34327E+00 
#t = 2.478E+03
5.12782E+00,5.32833E+00,4.16010E+00,1.76910E+00 
#t = 2.520E+03
5.27557E+00,4.92871E+00,2.31018E+00,6.87650E+00,3.93702E+00 
#t = 2.562E+03
6.11454E+00,5.11259E+00,2.51364E+00,1.98815E+00,4.18553E+00 
#t = 2.604E+03
4.09303E+00,3.07705E+00,3.48141E+00,9.42016E-01,2.38269E+00 
#t = 2.646E+03
1.00607E+01 
#t = 2.688E+03
1.17433E+01,1.17433E+01,1.17433E+01,3.42045E+00,1.17433E+01,2.04348E+00,3.16221E+00,2.10424E+00,1.02203E+00 
#t = 2.730E+03
1.18161E+01,2.84463E+00,1.28429E+00 
#t = 2.772E+03
4.39484E+00,4.66898E+00,4.39954E+00,3.76669E+00,4.00970E+00,4.68558E+00,4.12715E+00 
#t = 2.814E+03
2.10492E+00,7.90449E+00,2.28407E+00,2.78478E+00 
#t = 2.856E+03
5.41230E+00,4.31808E+00,6.34700E+00,3.50918E+00,5.60171E+00,1.54672E+00 
#t = 2.898E+03
6.81211E+00,8.31273E+00,3.24990E+00,5.28431E+00 
#t = 2.940E+03
9.08017E-01,2.78963E+00,3.51994E+00,1.78619E+00,3.39362E+00 
#t = 2.982E+03
3.45219E+00,3.56219E+00,1.13704E+01 
#t = 3.024E+03
2.95642E+00,2.21311E+00,2.98593E+00 
#t = 3.066E+03
6.97598E+00,7.63942E+00,2.07467E+00,1.58553E+00 
#t = 3.108E+03
1.02038E+01,2.42015E+00 
#t = 3.150E+03
4.67584E+00,8.39744E+00,5.42216E+00 
#t = 3.192E+03
2.47478E+00,3.06065E+00 
#t = 3.234E+03
2.78219E+00,2.74377E+00,2.57858E+00,4.43890E+00 
#t = 3.276E+03
-9.99900E+03
#t = 3.318E+03
3.60097E+00,9.79122E-01,4.34246E+00 
#t = 3.360E+03
5.07241E+00,1.42167E+00,1.47784E+00 
#t = 3.402E+03
3.96310E+00,4.64919E+00,4.91140E+00,2.62988E+00 
#t = 3.444E+03
1.00776E+01,2.56287E+00 
#t = 3.486E+03
1.00776E+01,1.02802E+01,3.91365E+00 
#t = 3.528E+03
6.38724E+00,1.13634E+01,2.00940E+00 
#t = 3.570E+03
1.12609E+01,7.22700E+00,1.29201E+00,2.08988E+00 
#t = 3.612E+03
6.11671E+00,1.12609E+01,1.12609E+01,1.12609E+01,1.12609E+01,1.12609E+01,4.27187E-01,1.12609E+01 
#t = 3.654E+03
1.12609E+01,1.12609E+01,1.12609E+01,1.12609E+01,9.23541E+00,1.12609E+01,1.12609E+01,1.12609E+01,1.12609E+01,2.87789E+00,3.50195E+00 
#t = 3.696E+03
1.12609E+01,7.05476E+00,6.81044E+00,6.19122E+00,2.37218E+00,5.60777E+00 
#t = 3.738E+03
6.88299E+00,4.66220E+00,9.52328E+00,7.39831E+00 
#t = 3.780E+03
9.52328E+00,2.12224E+00,2.07950E+00,2.41924E+00,1.44832E+00 
#t = 3.822E+03
3.62812E+00,1.79728E+00,4.07049E+00 
#t = 3.864E+03
3.47119E+00,7.69136E+00,1.10228E+00,9.81537E-01 
#t = 3.906E+03
9.56236E+00,2.11996E+00,2.69489E+00,2.00375E+00 
#t = 3.948E+03
7.36498E+00,1.39218E+00,1.71677E+00,2.24035E+00,9.37488E-01,2.35922E+00 
#t = 3.990E+03
5.53616E+00,1.37473E+00,1.48721E+00 
#t = 4.032E+03
9.57026E+00,4.89605E+00,6.16024E+00,3.47210E+00,1.99930E+00,1.89803E+00 
#t = 4.074E+03
2.40730E+00 
#t = 4.116E+03
-9.99900E+03
#t = 4.158E+03
8.38143E+00,4.96996E+00,3.59954E+00 
#t = 4.200E+03
2.28471E+00 
