#t = 0.000E+00
1.71514E+00,4.50312E+00,4.68978E+00,3.68463E+00,3.84262E+00 
#t = 4.201E+01
1.21099E+01,1.21099E+01,5.43607E+00,4.66951E+00,4.82986E+00,3.42137E+00,1.77166E+00 
#t = 8.401E+01
1.21099E+01,1.21099E+01,6.33391E+00,4.77629E+00,1.21099E+01,1.21099E+01 
#t = 1.260E+02
1.21099E+01,1.21099E+01,8.85267E+00,9.73129E-01,1.21099E+01,2.17380E+00,5.31431E+00,5.01907E+00,1.21099E+01,2.58817E+00,2.08543E+00,1.21099E+01 
#t = 1.680E+02
1.21099E+01,1.21099E+01,1.21099E+01,1.21099E+01,1.21099E+01,1.21099E+01,1.21099E+01,1.21099E+01,1.21099E+01,1.21099E+01,4.48464E+00,1.21099E+01,4.14889E+00 
#t = 2.100E+02
1.21099E+01,1.21099E+01,1.21099E+01,1.21099E+01,1.21099E+01,2.28472E+00,3.16999E+00,1.21099E+01 
#t = 2.520E+02
1.21099E+01,1.21099E+01,1.21099E+01,2.12287E+00,2.48862E+00 
#t = 2.940E+02
1.21099E+01,1.21099E+01,1.21099E+01,3.88891E+00,3.28863E+00 
#t = 3.360E+02
1.21099E+01 
#t = 3.780E+02
9.44395E+00,2.47585E+00,4.68423E+00,6.58443E+00,5.49445E+00 
#t = 4.200E+02
4.09493E+00,4.80999E+00,3.58356E+00,2.17302E+00,4.53689E+00,5.27071E+00 
#t = 4.620E+02
5.33100E+00,3.16377E+00 
#t = 5.040E+02
8.23826E+00 
#t = 5.460E+02
-9.99900E+03
#t = 5.880E+02
1.80841E+00,3.05442E+00,6.18155E+00,8.61110E+00,4.90337E+00 
#t = 6.300E+02
4.66910E+00,1.37256E+00,3.40629E+00,1.86059E+00,2.20406E+00 
#t = 6.720E+02
4.36979E+00 
#t = 7.140E+02
7.31091E+00,7.88210E+00,1.15764E+00 
#t = 7.560E+02
1.24469E+00,1.98508E+00,4.82158E+00,8.32510E+00 
#t = 7.980E+02
-9.99900E+03
#t = 8.400E+02
2.89807E+00 
#t = 8.820E+02
4.54729E+00 
#t = 9.240E+02
3.72955E+00,4.29497E+00,2.46599E+00 
#t = 9.660E+02
1.85491E+00 
#t = 1.008E+03
1.92150E+01,5.25850E+00,1.92150E+01 
#t = 1.050E+03
1.92150E+01,1.92150E+01,3.19497E+00,4.86596E+00,5.26019E+00,1.52249E+00 
#t = 1.092E+03
6.71496E+00,3.54874E+00,4.65919E+00,2.21487E+00,1.77879E+00 
#t = 1.134E+03
2.02557E+00,4.25228E+00,7.55530E+00,2.00682E+00 
#t = 1.176E+03
2.20458E+00,1.42966E+00 
#t = 1.218E+03
7.53026E+00,9.07551E+00 
#t = 1.260E+03
9.07551E+00,4.15035E+00,5.75418E+00,6.95216E-01,4.06954E+00,1.97959E+00,2.70980E+00 
#t = 1.302E+03
5.18771E+00,9.52640E+00,1.34124E+00 
#t = 1.344E+03
5.84646E+00,1.93539E+00,1.12713E+00 
#t = 1.386E+03
4.39484E+00,1.65047E+00,3.43562E+00,5.00734E+00 
#t = 1.428E+03
6.74553E+00,1.89456E+00,2.30283E+00 
#t = 1.470E+03
2.94990E+00,1.06726E+01,2.89782E+00,4.05872E+00,1.93439E+00 
#t = 1.512E+03
7.49876E+00 
#t = 1.554E+03
1.97753E+00,4.16717E+00,4.45897E+00 
#t = 1.596E+03
1.59771E+01,6.39259E+00,1.59771E+01,3.20408E+00 
#t = 1.638E+03
1.59771E+01,1.59771E+01,5.39999E+00,1.59771E+01,2.13566E+00,6.14163E+00 
#t = 1.680E+03
3.52328E+00,6.27790E+00,1.81861E+00,8.42473E-01 
#t = 1.722E+03
4.31928E+00,7.05288E-01 
#t = 1.764E+03
9.46981E-01 
#t = 1.806E+03
5.42089E+00 
#t = 1.848E+03
4.97244E+00,4.64967E+00,1.04485E+00,2.62613E+00,1.65072E+00,1.51446E+00 
#t = 1.890E+03
5.36613E+00,6.44734E-01,5.83259E+00 
#t = 1.932E+03
2.76964E+00,4.60738E+00,4.04309E+00,1.80141E+00,3.45431E+00 
#t = 1.974E+03
7.22060E+00,2.97383E+00,2.75926E+00,4.34648E+00,4.52521E+00 
#t = 2.016E+03
4.57224E+00,1.57628E+00 
#t = 2.058E+03
4.89678E+00 
#t = 2.100E+03
5.34598E+00,4.71187E+00,5.63670E+00 
#t = 2.142E+03
3.72597E+00,6.76858E+00,2.14407E+00 
#t = 2.184E+03
1.36094E+00 
#t = 2.226E+03
3.84481E+00,3.04768E+00,5.47217E+00,1.57594E+00,1.93992E+00,2.89139E+00,5.16626E+00,2.48318E+00 
#t = 2.268E+03
1.01105E+01,1.81290E+00,1.07840E+00,1.11350E+00,4.87715E+00 
#t = 2.310E+03
1.61979E+00,3.39871E+00,3.49995E+00 
#t = 2.352E+03
7.24165E+00,1.94053E+00,3.15023E+00,5.64692E+00 
#t = 2.394E+03
2.39120E+00 
#t = 2.436E+03
1.02241E+00,1.71260E+00,1.43161E+00 
#t = 2.478E+03
4.48495E+00,3.75273E+00,1.60778E+00,3.12242E+00 
#t = 2.520E+03
1.62187E+00,1.21657E+00,1.12784E+00,3.00896E+00 
#t = 2.562E+03
7.81687E+00,1.19694E+01,4.05415E+00,3.25211E+00,1.19694E+01 
#t = 2.604E+03
3.07912E+00,9.57993E+00 
#t = 2.646E+03
6.19060E+00,2.44545E+00,3.39695E+00,3.36303E+00,3.35304E+00 
#t = 2.688E+03
2.85602E+00,2.73150E+00,3.83256E+00,4.05262E+00,3.92143E+00,2.94421E+00 
#t = 2.730E+03
7.61847E+00,4.24650E+00,6.28303E+00,2.52029E+00 
#t = 2.772E+03
8.89462E-01,2.22941E+00 
#t = 2.814E+03
8.52772E+00,5.45167E+00,2.64949E+00 
#t = 2.856E+03
8.34728E+00,2.70955E+00,3.37293E+00,1.87863E+00,7.64537E-01,2.02779E+00 
#t = 2.898E+03
6.84445E+00,6.56633E+00,1.09590E+01,3.30830E+00,3.98320E+00,3.15112E+00 
#t = 2.940E+03
1.79687E+01,1.79687E+01,1.79687E+01,1.79687E+01,1.79687E+01,7.61979E+00 
#t = 2.982E+03
6.95355E-01,6.60618E+00,2.18373E+00,5.59501E+00 
#t = 3.024E+03
1.39845E+01,1.07085E+01,6.00748E+00,2.69142E+00,4.96483E+00,1.50531E+00,3.35424E+00 
#t = 3.066E+03
3.10025E+00 
#t = 3.108E+03
8.21859E+00,3.81867E+00,2.53145E+00 
#t = 3.150E+03
8.21859E+00,6.12562E+00,3.03388E+00 
#t = 3.192E+03
8.21859E+00,1.18580E+01,9.37828E+00,1.18580E+01,2.70170E+00,1.18580E+01,6.37138E+00,3.60882E+00 
#t = 3.234E+03
1.18580E+01,1.18580E+01,8.81218E+00,1.18580E+01,1.18580E+01,3.90629E+00,3.65298E+00,1.85250E+00,2.03603E+00 
#t = 3.276E+03
2.29577E+00 
#t = 3.318E+03
8.74559E+00,1.54393E+00,1.93582E+00,2.72814E+00,2.62785E+00,1.74151E+00,6.02797E+00,2.80481E+00,6.74326E+00 
#t = 3.360E+03
8.74559E+00,8.02797E-01,8.68818E+00,2.06093E+00,1.91279E+00,3.46270E+00 
#t = 3.402E+03
5.84661E+00,3.96990E+00,8.05132E+00,5.21349E+00,3.34882E+00,1.06362E+00,7.92109E-01,3.54366E+00 
#t = 3.444E+03
6.45462E+00,8.53483E+00,4.48729E+00,2.39013E+00,6.13157E+00,2.92691E+00 
#t = 3.486E+03
4.89222E+00,8.20888E+00,2.98425E+00 
#t = 3.528E+03
2.64254E+00,7.04394E+00,2.87318E+00,3.59159E+00,2.45266E+00,1.33150E+00 
#t = 3.570E+03
8.11037E+00,7.36695E+00,1.07846E+01,2.44838E+00 
#t = 3.612E+03
1.08490E+01,5.57136E+00,2.92215E+00,4.32427E+00,1.51252E+00 
#t = 3.654E+03
1.33507E+00,2.01235E+00,1.66853E+00,3.15684E+00 
#t = 3.696E+03
7.28319E+00,2.20591E+00,9.61216E-01 
#t = 3.738E+03
8.60338E+00,3.16485E+00,1.89510E+00 
#t = 3.780E+03
8.60338E+00,2.02904E+00,5.88078E+00,6.57321E+00,3.45199E+00 
#t = 3.822E+03
9.97448E+00 
#t = 3.864E+03
6.53089E+00,1.49001E+00,2.01743E+00 
#t = 3.906E+03
1.02118E+00 
#t = 3.948E+03
2.01942E+00 
#t = 3.990E+03
7.10366E+00,2.38435E+00,2.59405E+00,2.28875E+00 
#t = 4.032E+03
3.25734E+00,7.80656E+00,2.60822E+00,2.70402E+00 
#t = 4.074E+03
3.04668E+00,2.67979E+00,1.52683E+00 
#t = 4.116E+03
8.24164E+00,2.20182E+00,4.15098E+00 
#t = 4.158E+03
2.29557E+00,5.05926E+00,1.99116E+00 
#t = 4.200E+03
2.68095E+00 
