#t = 0.000E+00
2.86174E+00,6.51589E+00,7.18889E+00,4.04247E+00,3.29178E+00 
#t = 4.200E+01
-9.99900E+03
#t = 8.400E+01
4.51189E+00,1.74539E+00 
#t = 1.260E+02
3.24427E+00,4.26111E+00,4.06503E+00 
#t = 1.680E+02
8.86243E+00,3.39714E+00,2.07955E+00,4.04260E+00,1.23196E+00 
#t = 2.100E+02
2.92374E+00,1.66274E+00,3.37142E+00,6.14231E+00 
#t = 2.520E+02
8.38153E+00,1.48746E+00,5.35342E+00,6.93124E+00,1.56998E+00 
#t = 2.940E+02
1.39777E+01,7.53245E+00,1.71205E+00,9.04861E+00,6.86225E+00 
#t = 3.360E+02
3.79994E+00,4.27618E+00,1.33340E+00,3.75235E+00,1.42902E+00 
#t = 3.780E+02
4.46539E+00,5.07229E+00 
#t = 4.200E+02
1.19806E+01,7.46483E+00,5.38243E+00,5.79460E+00,1.80722E+00 
#t = 4.620E+02
1.19806E+01,1.19806E+01,4.42259E+00,1.19806E+01,1.19806E+01,1.55510E+00,2.01717E+00 
#t = 5.040E+02
1.19806E+01,1.19806E+01,4.61728E+00,3.42268E+00,5.10826E+00 
#t = 5.460E+02
6.03168E+00,2.27579E+00,2.95178E+00,5.20077E+00 
#t = 5.880E+02
2.88062E+00,1.28275E+00,7.76933E+00,3.90693E+00 
#t = 6.300E+02
2.41906E+00,4.45793E+00 
#t = 6.720E+02
1.56155E+00 
#t = 7.140E+02
5.90204E+00,4.69034E+00 
#t = 7.560E+02
3.17752E+00,4.63764E+00 
#t = 7.980E+02
-9.99900E+03
#t = 8.400E+02
6.33455E+00,1.89413E+00,2.04523E+00,9.09287E+00,5.19123E-01,4.26404E+00,2.40489E+00 
#t = 8.820E+02
2.01486E+00 
#t = 9.240E+02
8.56940E-01,1.58706E+00,4.36738E+00 
#t = 9.660E+02
1.45946E+01,5.12356E+00 
#t = 1.008E+03
5.29313E+00,1.01124E+00,7.39444E+00,1.75303E+00 
#t = 1.050E+03
4.59710E+00,2.53379E+00,2.23933E+00 
#t = 1.092E+03
5.87679E+00,4.64782E+00,1.38337E+00,3.71829E+00 
#t = 1.134E+03
5.40084E+00,3.89490E+00,5.53246E+00,2.79037E+00,2.68195E+00,1.04461E+00,4.57410E+00,3.01095E+00 
#t = 1.176E+03
1.12500E+01,5.44791E+00,1.12500E+01,7.04461E+00,1.67955E+00,1.55753E+00 
#t = 1.218E+03
1.12500E+01,2.13336E+00,1.24782E+00,2.91975E+00,2.70447E+00,1.72325E+00 
#t = 1.260E+03
2.08605E+00 
#t = 1.302E+03
3.19633E+00,3.89135E+00,2.95571E+00,1.02151E+00,3.03876E+00 
#t = 1.344E+03
7.27331E+00,4.18427E+00,4.80880E+00 
#t = 1.386E+03
5.97238E+00,4.74962E+00,5.29551E+00,1.76592E+00,2.65706E+00 
#t = 1.428E+03
3.59455E+00,5.19889E+00,9.54270E+00,1.22849E+01,8.14238E+00,2.50186E+00 
#t = 1.470E+03
9.54270E+00,6.59237E+00,2.91889E+00,4.35209E+00,3.44329E+00,4.03384E+00,4.49828E+00 
#t = 1.512E+03
9.54270E+00,5.58384E+00,4.87340E+00,4.76377E+00,5.47042E+00,7.03832E+00 
#t = 1.554E+03
8.07503E+00,2.32851E+00,1.88070E+00,3.14748E+00,9.03281E-01,3.03559E+00 
#t = 1.596E+03
5.59325E+00,4.15302E+00,4.33570E+00,6.13137E+00,3.17454E+00,7.64172E+00,2.44421E+00 
#t = 1.638E+03
5.89802E+00,1.38195E+01,3.04272E+00,3.44716E+00,2.95120E+00,3.62184E+00,2.12698E+00,1.26479E+00 
#t = 1.680E+03
5.06110E+00,1.38195E+01,1.38195E+01,1.61491E+00 
#t = 1.722E+03
1.38195E+01,5.63500E+00 
#t = 1.764E+03
8.09149E+00,4.57609E+00,4.20340E+00,1.36028E+00 
#t = 1.806E+03
5.16268E+00,7.51440E+00,4.35011E+00,3.29341E+00,1.49270E+00,1.21490E+00 
#t = 1.848E+03
4.91423E+00,7.07917E+00,2.85882E+00 
#t = 1.890E+03
3.77954E+00 
#t = 1.932E+03
2.85515E+00,6.38631E+00,3.87474E+00,1.71755E+00 
#t = 1.974E+03
2.33650E+00,1.06136E+00,2.88134E+00 
#t = 2.016E+03
5.16636E+00 
#t = 2.058E+03
8.10291E+00,5.30658E+00,3.00886E+00,1.42726E+00,2.10434E+00,2.29888E+00,2.52694E+00 
#t = 2.100E+03
8.64944E+00,3.78156E+00,3.83288E+00 
#t = 2.142E+03
5.52277E+00,5.88495E+00 
#t = 2.184E+03
8.14911E+00,2.86046E+00,2.89419E+00,6.12343E+00 
#t = 2.226E+03
-9.99900E+03
#t = 2.268E+03
7.47679E+00 
#t = 2.310E+03
7.91308E+00 
#t = 2.352E+03
6.66970E+00 
#t = 2.394E+03
2.10950E+00,4.73590E+00,1.45966E+00 
#t = 2.436E+03
1.87400E+00 
#t = 2.478E+03
7.66727E+00,6.26307E+00,2.71101E+00 
#t = 2.520E+03
3.07706E+00 
#t = 2.562E+03
6.48818E+00,3.25536E+00,4.67144E+00,6.64280E+00,4.42593E+00 
#t = 2.604E+03
7.20802E+00,1.19028E+00,1.37478E+00 
#t = 2.646E+03
9.17068E+00,1.73141E+00,1.02176E+01,2.53131E+00 
#t = 2.688E+03
1.02176E+01,1.05622E+01,3.62891E+00,1.74857E+00,4.22684E+00 
#t = 2.730E+03
1.02176E+01,7.21146E-01,4.53946E+00 
#t = 2.772E+03
3.55427E+00,7.42300E+00,1.01385E+01,7.28794E+00,3.28174E+00 
#t = 2.814E+03
3.69189E+00,1.20870E+00 
#t = 2.856E+03
1.20409E+01,5.55292E+00,4.96313E+00,3.43523E+00,3.26867E+00,1.34299E+00 
#t = 2.898E+03
5.56874E+00 
#t = 2.940E+03
1.67266E+00,5.31939E+00,4.55675E+00,1.38668E+00,2.58133E+00,2.11591E+00,2.43330E+00 
#t = 2.982E+03
-9.99900E+03
#t = 3.024E+03
5.80293E+00,4.73409E+00,1.06764E+01,2.93788E+00,2.51172E+00 
#t = 3.066E+03
3.76913E+00,3.21650E+00,1.26937E+01,1.66503E+00,1.97945E+00 
#t = 3.108E+03
5.35916E+00,3.20437E+00 
#t = 3.150E+03
2.21002E+00,2.65263E+00,1.50827E+00 
#t = 3.192E+03
1.38201E+01,3.06910E+00,3.34744E+00,1.89929E+00 
#t = 3.234E+03
3.80893E+00,1.21137E+00,2.32729E+00,6.08975E+00 
#t = 3.276E+03
8.43668E+00,5.15138E+00 
#t = 3.318E+03
1.21156E+01,8.23250E+00,3.59348E+00,2.90272E+00 
#t = 3.360E+03
4.09827E+00,3.14920E+00,1.09823E+01,3.08920E+00 
#t = 3.402E+03
4.04163E+00,3.68922E+00,2.65683E+00,2.90821E+00 
#t = 3.444E+03
2.40110E+00 
#t = 3.486E+03
4.80703E+00,1.32838E+00,2.27231E+00 
#t = 3.528E+03
8.21292E+00,5.77379E+00,6.65626E+00,3.62135E+00 
#t = 3.570E+03
8.21292E+00,8.31428E+00,5.20687E+00,3.31863E+00,6.50184E+00,1.55906E+01,1.55906E+01,3.36611E+00,1.44611E+00,2.24870E+00 
#t = 3.612E+03
1.02489E+01,1.55906E+01,1.04963E+01,1.55906E+01,9.22677E-01 
#t = 3.654E+03
1.55906E+01,1.55906E+01,1.55906E+01,1.55906E+01,1.55906E+01,8.08593E+00,2.92018E+00,1.37262E+01,4.73300E+00,6.95637E+00 
#t = 3.696E+03
1.37262E+01,1.55906E+01,1.55906E+01,1.55906E+01,1.55906E+01,1.55906E+01,4.58685E+00,3.72483E+00,1.55906E+01,1.55906E+01,8.44403E-01 
#t = 3.738E+03
1.55906E+01,1.37262E+01,1.17288E+01,1.17288E+01,1.17150E+01,2.90107E+00,1.59028E+00,1.55906E+01,7.81692E+00,1.55906E+01,2.13667E+00,4.30729E+00 
#t = 3.780E+03
1.17288E+01,1.17288E+01,1.55906E+01,1.17288E+01,1.55906E+01,1.17288E+01,1.07376E+00,9.30276E-01,3.67797E+00,1.55308E+00,1.55906E+01,2.55355E+00,1.55906E+01,4.16008E+00 
#t = 3.822E+03
1.55906E+01,6.91557E+00,1.56263E+00 
#t = 3.864E+03
5.14656E+00,3.47991E+00 
#t = 3.906E+03
8.33656E-01,5.68288E+00,4.40735E+00 
#t = 3.948E+03
1.20207E+00,1.42737E+00,2.15217E+00 
#t = 3.990E+03
1.06969E+01,2.34624E+00,8.51192E+00,1.37596E+00,2.27327E+00 
#t = 4.032E+03
8.60366E+00,2.23211E+00,4.02704E+00,1.71813E+00 
#t = 4.074E+03
3.35192E+00,2.93601E+00,4.24556E+00,6.45689E-01 
#t = 4.116E+03
8.36669E+00 
#t = 4.158E+03
3.51722E+00,1.34439E+01,1.78598E+00,3.62642E+00 
#t = 4.200E+03
1.95505E+00,4.60062E+00 
