#t = 0.000E+00
2.32350E+00,1.16774E+01,7.67228E-01,2.50175E+00,5.02028E+00 
#t = 4.200E+01
1.16774E+01,1.29306E+01,1.16774E+01,1.29306E+01,1.29306E+01 
#t = 8.400E+01
1.29306E+01,1.29306E+01,1.29306E+01 
#t = 1.260E+02
1.29306E+01,1.29306E+01,1.29306E+01,1.29306E+01,1.29306E+01,3.36879E+00,1.29306E+01,1.29306E+01 
#t = 1.680E+02
1.29306E+01 
#t = 2.100E+02
2.04868E+00 
#t = 2.520E+02
6.21113E+00,2.39054E+00,4.56587E-01,3.09305E+00 
#t = 2.940E+02
6.46702E+00,6.29987E+00,1.32178E+00 
#t = 3.360E+02
1.01040E+01,1.93855E+00,2.21894E+00,2.29473E+00,1.76601E+00 
#t = 3.780E+02
8.59930E+00,4.23409E+00,1.80258E+00,1.09607E+00 
#t = 4.200E+02
1.24248E+01,1.24248E+01,3.96451E+00 
#t = 4.620E+02
8.24666E+00,4.96053E+00,6.38176E+00,6.04578E+00 
#t = 5.040E+02
4.66705E+00,2.50738E+00,1.82655E+00 
#t = 5.460E+02
7.55849E+00,2.74167E+00,6.59186E+00,2.40306E+00,3.49561E+00 
#t = 5.880E+02
3.31586E+00,4.47283E+00,1.42501E+00 
#t = 6.300E+02
3.15345E+00 
#t = 6.720E+02
1.03297E+01,4.18468E+00 
#t = 7.140E+02
1.65493E+01,2.91301E+00,2.98204E+00,3.47887E+00,6.66446E+00,2.54044E+00,1.99171E+00 
#t = 7.560E+02
7.44775E+00,1.72380E+00,1.49516E+01,3.33569E+00,4.06654E+00 
#t = 7.980E+02
4.92474E+00,1.45935E+01 
#t = 8.400E+02
1.45935E+01,1.45935E+01,1.45935E+01,1.45935E+01,1.45935E+01,1.45935E+01,4.10356E+00,4.68319E+00,3.82036E+00 
#t = 8.820E+02
1.45935E+01,1.45935E+01,1.45935E+01,2.58590E+00,1.45935E+01,1.38938E+01 
#t = 9.240E+02
1.45935E+01,7.63548E+00,3.76520E+00,1.94051E+00,1.54793E+00,2.81693E+00 
#t = 9.660E+02
1.45935E+01,4.12781E+00,1.20752E+01,3.78146E+00,1.87482E+00 
#t = 1.008E+03
1.13822E+01,3.87482E+00,1.70777E+00,2.04942E+00 
#t = 1.050E+03
8.58006E+00,1.89333E+00,1.65282E+00,1.93532E+00,5.04794E+00 
#t = 1.092E+03
1.04149E+01 
#t = 1.134E+03
1.24829E+00,4.16613E+00,8.44717E+00,5.80435E+00 
#t = 1.176E+03
7.94545E-01,4.68941E+00,4.73831E+00,3.36876E+00 
#t = 1.218E+03
5.69513E+00,1.10238E+01,1.10238E+01,2.77175E+00,1.73235E+00,6.51685E+00 
#t = 1.260E+03
1.66844E+00,1.06357E+00,1.92824E+00 
#t = 1.302E+03
3.80359E+00,2.03996E+00,1.93661E+00 
#t = 1.344E+03
3.64417E+00,2.50450E+00,3.45567E+00,2.44349E+00,3.79186E+00 
#t = 1.386E+03
2.50016E+00,4.60807E+00 
#t = 1.428E+03
7.73406E+00,2.13697E+00 
#t = 1.470E+03
4.40251E+00 
#t = 1.512E+03
4.00713E+00,4.17432E+00,3.79631E+00,2.56012E+00,5.48446E+00 
#t = 1.554E+03
7.61670E+00,4.76312E+00,4.83045E+00 
#t = 1.596E+03
5.17169E+00,4.23319E+00,1.70543E+00 
#t = 1.638E+03
8.68929E+00,5.82547E+00,1.64462E+00,4.40701E+00 
#t = 1.680E+03
5.31112E+00,3.80992E+00,2.54482E+00,5.04286E+00,2.17034E+00 
#t = 1.722E+03
8.56442E+00,7.96676E+00,6.69059E-01,3.88650E+00,2.00050E+00,1.65698E+00,2.15675E+00,2.88290E+00 
#t = 1.764E+03
5.39819E+00,6.51222E+00,2.04557E+00,3.68570E+00,5.13780E+00 
#t = 1.806E+03
5.73818E+00,8.13876E+00 
#t = 1.848E+03
6.72335E+00,6.40681E+00,3.18167E+00,2.91337E+00,4.14126E+00,2.77199E+00 
#t = 1.890E+03
4.35904E+00,8.62734E-01,2.47499E+00,2.76915E+00,3.73633E+00 
#t = 1.932E+03
9.88003E+00,3.42185E+00 
#t = 1.974E+03
1.17071E+01,1.17071E+01 
#t = 2.016E+03
1.17071E+01,1.17071E+01,1.17071E+01,6.28442E+00,1.17071E+01,4.61211E+00 
#t = 2.058E+03
1.25525E+00,6.46708E-01,1.66669E+00 
#t = 2.100E+03
1.29567E+01,7.27200E+00,3.39404E+00,6.14537E+00,3.38422E+00,8.75130E+00,2.96358E+00,1.81977E+00,1.29567E+01,5.14839E+00,2.82811E+00 
#t = 2.142E+03
6.50066E+00,2.49172E+00,4.73754E+00,5.80213E-01 
#t = 2.184E+03
5.92535E+00,1.16193E+01,3.19334E+00,1.71614E+00,1.77341E+00 
#t = 2.226E+03
1.16193E+01,1.16193E+01,1.16193E+01,1.07246E+01,2.83920E+00,1.16193E+01,1.16193E+01 
#t = 2.268E+03
1.16193E+01,1.16193E+01,1.16193E+01,1.16193E+01,1.16193E+01,1.16193E+01,1.16193E+01,1.16193E+01,1.16193E+01,1.16193E+01,1.16193E+01,1.16193E+01,1.16193E+01,1.16193E+01,2.20784E+00,7.91387E-01,1.16193E+01,1.16193E+01,1.85800E+00 
#t = 2.310E+03
1.16193E+01,1.16193E+01,1.16193E+01,1.16193E+01,1.16193E+01,1.16193E+01,1.16193E+01,1.16193E+01,2.97352E+00,1.16193E+01,1.16193E+01,1.16193E+01,4.62293E+00,1.16193E+01,1.16193E+01,1.16193E+01,1.16193E+01,2.50615E+00 
#t = 2.352E+03
1.16193E+01,2.21190E+00,5.39430E+00 
#t = 2.394E+03
3.52527E+00,3.44574E+00,9.05913E+00 
#t = 2.436E+03
3.60036E+00,4.74726E+00 
#t = 2.478E+03
1.72328E+00,5.70431E+00,1.25848E+00 
#t = 2.520E+03
9.28939E+00,2.99522E+00,2.61917E+00 
#t = 2.562E+03
6.11107E+00,2.36868E+00,5.38675E+00,5.44540E+00,6.21559E+00,3.13887E+00,3.83775E+00,2.92369E+00 
#t = 2.604E+03
2.47656E+00,3.95852E+00,4.64966E+00,3.40443E+00 
#t = 2.646E+03
8.34342E-01,7.16234E+00,2.92259E+00 
#t = 2.688E+03
1.66571E+00,6.60188E+00 
#t = 2.730E+03
9.39246E+00,2.89155E+00,4.35357E+00 
#t = 2.772E+03
2.15114E+00,1.18859E+00,6.29501E+00,3.29946E+00,2.76931E+00 
#t = 2.814E+03
5.17028E+00,1.62461E+00,1.59454E+00,3.30188E+00 
#t = 2.856E+03
2.71039E+00,1.62871E+00,2.95355E+00,3.04752E+00 
#t = 2.898E+03
3.71472E+00,1.09607E+01 
#t = 2.940E+03
5.35195E+00,1.09607E+01,2.34137E+00,8.78989E+00,8.44143E-01,5.71624E+00,4.08981E+00,1.10159E+00,6.46098E+00 
#t = 2.982E+03
6.97548E+00,2.01426E+00,6.79406E+00,1.73005E+00,2.18928E+00,1.38201E+00 
#t = 3.024E+03
3.21145E+00,2.62504E+00,6.97524E+00,2.88650E+00,3.85261E+00,2.80506E+00,2.88561E+00 
#t = 3.066E+03
2.06480E+00,2.95810E+00 
#t = 3.108E+03
4.71208E+00,4.86124E+00,2.57177E+00,1.17055E+00,1.70688E+00 
#t = 3.150E+03
1.14542E+01,4.18939E+00 
#t = 3.192E+03
1.09197E+01,1.56972E+00,1.50745E+01,4.97960E+00,1.09622E+00 
#t = 3.234E+03
1.50745E+01,1.50745E+01,6.87977E+00 
#t = 3.276E+03
1.55249E+01,3.50366E+00,1.50745E+01,7.39063E+00,1.50745E+01,3.54487E+00,1.86641E+00,3.43398E+00,2.73004E+00 
#t = 3.318E+03
1.50745E+01,1.50745E+01,1.55249E+01,1.99749E+00,6.89990E+00,4.79592E+00,1.82243E+00,1.64747E+00,1.80471E+00 
#t = 3.360E+03
1.57876E+00,2.78582E+00 
#t = 3.402E+03
6.39014E+00,5.69437E+00,6.23256E+00 
#t = 3.444E+03
1.92208E+01,4.88606E+00,2.26720E+00,2.40023E+00,4.04261E+00,2.88601E+00 
#t = 3.486E+03
9.45803E+00,6.27192E+00 
#t = 3.528E+03
4.03806E+00,1.06095E+00,3.80964E+00,3.43533E+00,1.82398E+00 
#t = 3.570E+03
3.87401E+00,9.81296E-01 
#t = 3.612E+03
1.35605E+00,3.86738E+00,1.86103E+00,4.30375E+00,1.52292E+00 
#t = 3.654E+03
1.14966E+00,2.50671E+00 
#t = 3.696E+03
2.41479E+00,4.08680E+00,2.14120E+00 
#t = 3.738E+03
1.82734E+01,1.82734E+01,4.43909E+00,1.82734E+01,4.72351E+00 
#t = 3.780E+03
3.22344E+00,6.74631E+00,2.13664E+00 
#t = 3.822E+03
6.74631E+00,4.77687E+00,3.73703E+00,1.87786E+00 
#t = 3.864E+03
6.15009E+00,2.70491E+00,6.19179E+00,2.89474E+00,1.45086E+00,5.42232E+00 
#t = 3.906E+03
9.74667E+00,3.79159E+00,9.16589E+00,2.55242E+00 
#t = 3.948E+03
3.50662E+00,2.03484E+00,2.18302E+00 
#t = 3.990E+03
2.89504E+00,3.21168E+00 
#t = 4.032E+03
1.49224E+00,1.83809E+00,5.94313E+00,3.81103E+00 
#t = 4.074E+03
4.63018E+00,3.55316E+00,5.44866E+00,3.85576E+00,3.61764E+00,2.83078E+00 
#t = 4.116E+03
7.19990E+00,8.25006E+00,1.93431E+00,2.54161E+00 
#t = 4.158E+03
9.05458E+00,7.72974E-01 
#t = 4.200E+03
5.21795E+00,6.74692E+00,1.91228E+00,7.65960E-01,1.72681E+00 
