#t = 0.000E+00
2.33164E+00,3.16170E+00,1.23811E+00,1.10375E+01,1.38654E+00 
#t = 4.200E+01
1.10375E+01,1.10375E+01,4.40138E+00,1.06300E+00,3.99246E+00,4.59152E+00 
#t = 8.400E+01
9.61396E+00 
#t = 1.260E+02
3.87832E+00,1.92468E+00,6.86324E+00,2.37066E+00,2.08440E+00 
#t = 1.680E+02
5.22036E+00,1.91760E+00 
#t = 2.100E+02
5.60355E+00,4.48730E+00,1.42960E+00,2.67301E+00 
#t = 2.520E+02
1.27471E+00,1.40975E+00,4.86739E+00,2.01431E+00,3.24627E+00,2.28574E+00 
#t = 2.940E+02
2.58422E+00,2.29263E+00,7.46629E+00,2.59223E+00,1.52182E+00,2.50517E+00 
#t = 3.360E+02
3.28856E+00,5.47046E+00,3.07798E+00 
#t = 3.780E+02
4.56295E+00,2.41044E+00,1.78178E+00,2.06674E+00 
#t = 4.200E+02
2.84343E+00,3.10330E+00,4.52823E+00 
#t = 4.620E+02
9.90971E+00,8.08219E+00 
#t = 5.040E+02
2.75303E+00,6.01644E+00 
#t = 5.460E+02
7.11188E+00,7.10716E+00,3.16419E+00 
#t = 5.880E+02
6.66767E+00,1.54871E+00,6.00261E+00 
#t = 6.300E+02
3.31418E+00,2.07591E+00 
#t = 6.720E+02
3.74200E+00,7.15968E+00,2.61361E+00 
#t = 7.140E+02
8.08538E+00,6.18178E+00,3.26859E+00 
#t = 7.560E+02
8.75529E-01,1.28171E+00 
#t = 7.980E+02
1.51544E+00,3.21841E+00 
#t = 8.400E+02
1.38059E+00,3.25857E+00,1.16891E+00,1.31840E+00 
#t = 8.820E+02
3.45035E+00,1.49913E+00 
#t = 9.240E+02
9.86799E+00,2.17052E+00,6.18000E+00,1.13618E+00,2.59615E+00,3.42070E+00 
#t = 9.660E+02
1.20592E+00 
#t = 1.008E+03
1.46337E+00,3.75385E+00 
#t = 1.050E+03
5.72997E+00,8.14494E+00,1.61922E+00,6.37138E+00 
#t = 1.092E+03
1.57166E+00,2.97403E+00 
#t = 1.134E+03
1.66654E+01,7.00027E+00,5.28849E+00,2.38563E+00,1.66654E+01,1.40513E+00 
#t = 1.176E+03
1.66654E+01,1.66654E+01,1.66654E+01,5.20769E+00,3.29907E+00,1.66654E+01 
#t = 1.218E+03
1.66654E+01,1.66654E+01,1.66654E+01,1.66654E+01,1.66654E+01,1.66654E+01,1.66654E+01,1.66654E+01,1.66654E+01,1.66654E+01,1.66654E+01,1.66654E+01,1.66654E+01,1.66654E+01,1.66654E+01,3.06676E+00,2.00427E+00,3.49469E+00 
#t = 1.260E+03
1.66654E+01,1.66654E+01,1.66654E+01,1.66654E+01,1.66654E+01,1.66654E+01,1.66654E+01,1.66654E+01,1.66654E+01,1.66654E+01,1.66654E+01,7.91194E-01,1.66654E+01,3.68314E+00 
#t = 1.302E+03
1.66654E+01,1.66654E+01,1.55373E+00,7.41544E+00,3.61489E+00,1.66654E+01 
#t = 1.344E+03
9.34165E+00,1.66654E+01,1.66654E+01,7.93260E+00,2.03012E+00 
#t = 1.386E+03
1.66654E+01,1.66654E+01,3.50019E+00,5.39838E+00,1.08635E+00 
#t = 1.428E+03
9.65095E+00,4.30292E+00,1.79558E+00 
#t = 1.470E+03
3.26764E+00,3.19849E+00,1.95963E+00 
#t = 1.512E+03
7.48950E+00,1.07585E+00,6.95566E+00,2.76570E+00,6.20363E+00 
#t = 1.554E+03
5.07594E+00 
#t = 1.596E+03
1.09533E+01,6.30037E+00,1.09533E+01,3.86508E+00 
#t = 1.638E+03
8.55271E+00,1.23394E+00,5.97248E+00,1.35650E+00 
#t = 1.680E+03
8.55271E+00,5.15931E+00,1.23970E+00,1.92009E+00 
#t = 1.722E+03
6.66211E+00,1.59045E+00 
#t = 1.764E+03
2.73480E+00,2.98824E+00,4.19784E+00,3.46327E+00,6.45402E+00 
#t = 1.806E+03
2.79350E+00,2.20743E+00,1.06538E+00,8.83104E+00 
#t = 1.848E+03
5.69333E+00,6.52039E+00,1.20319E+01,4.24076E+00,1.49890E+00,2.32038E+00 
#t = 1.890E+03
8.13056E+00,5.44052E+00,2.87166E+00,3.07673E+00 
#t = 1.932E+03
7.75132E+00,6.39285E+00,1.27505E+00,6.03616E+00,2.03377E+00 
#t = 1.974E+03
2.54267E+00,3.93579E+00 
#t = 2.016E+03
1.58127E+00,3.08144E+00,3.13021E+00,4.07067E+00 
#t = 2.058E+03
3.53050E+00,9.68403E-01 
#t = 2.100E+03
1.88073E+01,1.88073E+01,1.88073E+01,1.88073E+01,1.88073E+01,1.88073E+01,1.88073E+01,1.88073E+01,3.82633E+00,1.88073E+01,1.88073E+01,3.47645E+00,1.66485E+00 
#t = 2.142E+03
1.88073E+01,1.88073E+01,1.88073E+01,1.88073E+01,1.88073E+01,1.88073E+01,1.88073E+01,1.88073E+01,1.88073E+01,1.88073E+01,1.88073E+01,7.86950E+00,1.88073E+01,5.17855E-01,1.00902E+00 
#t = 2.184E+03
1.88073E+01,1.88073E+01,1.88073E+01,1.88073E+01,1.88073E+01,1.88073E+01,1.88073E+01,1.88073E+01,1.88073E+01,1.88073E+01,1.88073E+01,1.88073E+01,1.88073E+01,1.88073E+01,1.88073E+01,6.08644E+00,1.88073E+01,1.88073E+01,3.37264E+00,2.54880E+00 
#t = 2.226E+03
1.88073E+01,1.88073E+01,1.88073E+01,1.88073E+01,1.88073E+01,1.88073E+01,1.88073E+01,1.88073E+01,1.35476E+01,1.88073E+01,1.88073E+01,1.88073E+01,1.88073E+01,1.88073E+01,1.88073E+01,1.88073E+01,1.88073E+01,1.88073E+01,1.88073E+01,1.88073E+01,1.88073E+01,1.88073E+01,1.88073E+01,1.88073E+01,1.88073E+01,1.88073E+01,1.35476E+01,1.88073E+01,1.88073E+01,2.22605E+00,1.79520E+00,1.52636E+00,4.96615E-01 
#t = 2.268E+03
1.35476E+01,1.88073E+01,1.88073E+01,1.88073E+01,1.88073E+01,1.88073E+01,1.88073E+01,1.35476E+01,1.88073E+01,1.88073E+01,1.88073E+01,1.88073E+01,1.88073E+01,1.88073E+01,1.88073E+01,1.88073E+01,1.35476E+01,1.88073E+01,1.88073E+01,1.88073E+01,2.79372E+00,1.88073E+01,1.88073E+01,1.88073E+01 
#t = 2.310E+03
1.35476E+01,1.88073E+01,1.88073E+01,1.35476E+01,1.88073E+01,1.35476E+01,1.35476E+01,1.35476E+01,1.35476E+01,1.88073E+01,1.35476E+01,2.19986E+00,1.88073E+01,1.88073E+01,2.48298E+00,3.52773E+00,1.35476E+01 
#t = 2.352E+03
1.35476E+01,6.86974E+00,8.98208E+00,3.72625E+00,2.51727E+00,3.00318E+00,3.86885E+00,4.62721E+00,1.74922E+00 
#t = 2.394E+03
2.01755E+00,5.07922E+00 
#t = 2.436E+03
4.61989E+00,3.26390E+00,3.70527E+00,2.90817E+00 
#t = 2.478E+03
4.60676E+00,2.58127E+00,1.06567E+00 
#t = 2.520E+03
-9.99900E+03
#t = 2.562E+03
1.13337E+00 
#t = 2.604E+03
1.55063E+00,1.90584E+00,4.01573E+00,3.02508E+00,4.11491E+00 
#t = 2.646E+03
6.41563E+00 
#t = 2.688E+03
1.13769E+01,1.13769E+01,1.45870E+00,7.09181E+00,3.11873E+00 
#t = 2.730E+03
7.01660E+00,1.94227E+00,2.47639E+00 
#t = 2.772E+03
5.00802E+00,3.53649E+00,4.74568E+00,1.58994E+00 
#t = 2.814E+03
3.85341E+00,7.84023E-01,3.74747E+00,2.88481E+00,3.39835E+00,2.21407E+00 
#t = 2.856E+03
2.73038E+00 
#t = 2.898E+03
1.68317E+00 
#t = 2.940E+03
8.18448E+00,1.06011E+01,4.11009E+00,3.13409E+00,1.01725E+00,4.65533E+00,1.91876E+00 
#t = 2.982E+03
1.06011E+01,2.79898E+00 
#t = 3.024E+03
5.06772E+00,3.13442E+00 
#t = 3.066E+03
6.31325E+00 
#t = 3.108E+03
8.05532E+00,4.34413E+00,3.86030E+00,2.28254E+00,5.75138E+00 
#t = 3.150E+03
5.23321E+00,1.20345E+01,2.26155E+00,1.16976E+00,1.20345E+01,3.47407E+00,7.84369E-01 
#t = 3.192E+03
3.26548E+00,8.36566E+00,3.66698E+00,2.87199E+00 
#t = 3.234E+03
4.08954E+00,4.86057E+00,4.16332E+00,2.27199E+00,2.47343E+00 
#t = 3.276E+03
2.29093E+00 
#t = 3.318E+03
6.39930E+00,7.89437E+00,3.97426E+00,4.42265E+00 
#t = 3.360E+03
8.51693E+00,2.74684E+00 
#t = 3.402E+03
1.15236E+01,2.50245E+00 
#t = 3.444E+03
1.21210E+01,1.60463E+01,1.60463E+01,5.25941E+00,1.60463E+01 
#t = 3.486E+03
1.60463E+01,8.16796E+00,3.10839E+00,1.55196E+00,1.25375E+00,1.60463E+01 
#t = 3.528E+03
1.21477E+01,2.29787E+00,4.01786E+00 
#t = 3.570E+03
1.21477E+01,1.21477E+01,6.65793E+00,1.37562E+00,7.38681E+00,2.24078E+00 
#t = 3.612E+03
1.21477E+01,6.94678E+00,5.32070E+00,8.87276E-01,4.33007E+00,2.12634E+00 
#t = 3.654E+03
5.43403E+00,5.45705E+00,3.62322E+00,1.13803E+00 
#t = 3.696E+03
1.36794E+01,9.86703E+00,1.44579E+00,1.36794E+01,2.84705E+00,1.45574E+00,2.15450E+00,2.07985E+00 
#t = 3.738E+03
1.36794E+01,6.35390E+00,1.36794E+01,1.36794E+01,1.36794E+01,1.36794E+01,2.67351E+00 
#t = 3.780E+03
1.36794E+01,1.36794E+01,1.36794E+01,1.36794E+01,1.36794E+01,1.36794E+01,4.15405E+00,1.70940E+00 
#t = 3.822E+03
1.36794E+01,1.36794E+01,1.36794E+01,1.36794E+01,1.36794E+01,1.36794E+01,1.36794E+01,1.36794E+01,1.36794E+01,1.36794E+01,1.36794E+01,1.36794E+01,6.11240E+00,1.36794E+01,1.36794E+01,3.16036E+00,1.36794E+01,1.10818E+00,3.04137E+00 
#t = 3.864E+03
1.36794E+01,1.36794E+01,1.36794E+01,1.36794E+01,1.36794E+01,1.36794E+01,7.86127E+00,1.36794E+01,1.98264E+01,1.36794E+01,1.98264E+01,1.36794E+01,4.97578E+00 
#t = 3.906E+03
1.36794E+01,1.36794E+01,1.98264E+01,1.36794E+01,1.36794E+01,1.36794E+01,1.36794E+01,3.77556E+00,2.26031E+00,2.70125E+00,1.36794E+01 
#t = 3.948E+03
1.36794E+01,3.45382E+00,1.36794E+01,1.36794E+01 
#t = 3.990E+03
1.03672E+00 
#t = 4.032E+03
7.47456E+00,1.00215E+01,1.60815E+00,2.05009E+00 
#t = 4.074E+03
2.17204E+00,2.69430E+00,3.69220E+00 
#t = 4.116E+03
7.84798E+00,5.19818E+00,2.85186E+00,4.50425E+00 
#t = 4.158E+03
5.30286E+00,2.46276E+00 
#t = 4.200E+03
4.50038E+00 
