#t = 0.000E+00
2.26805E+00,2.03502E+00,3.23408E+00,3.12682E+00,2.27517E+00 
#t = 4.200E+01
1.00935E+01,7.94042E+00,7.06234E+00,6.15533E+00,4.35012E+00,2.27096E+00 
#t = 8.400E+01
3.99032E+00,4.51802E+00,4.11223E+00,7.31853E+00,2.18539E+00,2.73598E+00 
#t = 1.260E+02
2.18286E+00,3.11702E+00,1.95965E+00 
#t = 1.680E+02
1.27569E+01 
#t = 2.100E+02
1.27569E+01,1.27569E+01,1.21561E+01,5.70885E+00,5.45142E+00,3.85603E+00,5.30562E+00,8.83534E+00,1.27569E+01,1.27569E+01,1.27569E+01,2.14730E+00,1.11239E+01,1.27569E+01,1.27569E+01 
#t = 2.520E+02
1.27569E+01,1.27569E+01,1.27569E+01,1.27569E+01,1.11239E+01,1.27569E+01,1.11239E+01,2.34124E+00,1.27569E+01,1.27569E+01,1.27569E+01,1.27569E+01,1.27569E+01,1.15844E+00 
#t = 2.940E+02
1.11239E+01,1.27569E+01,1.27569E+01,1.27569E+01,4.89172E+00,1.27569E+01,1.27569E+01,1.27569E+01,1.27569E+01,1.11239E+01,1.27569E+01,1.27569E+01,1.27569E+01,1.27569E+01,1.27569E+01,2.92740E+00,4.77456E+00,7.84374E+00 
#t = 3.360E+02
1.27569E+01,5.26658E+00,1.27569E+01,1.27569E+01,1.27569E+01,1.27569E+01,1.27569E+01,1.27569E+01,4.07947E+00,1.27569E+01 
#t = 3.780E+02
1.27569E+01,1.27569E+01,1.27569E+01,1.27569E+01,1.27569E+01,1.27569E+01,1.27569E+01,1.27569E+01,1.27569E+01,1.27569E+01,4.96399E+00,1.27569E+01,1.69752E+00,1.27569E+01 
#t = 4.200E+02
1.27569E+01,1.27569E+01,1.27569E+01,1.27569E+01,1.27569E+01,1.27569E+01 
#t = 4.620E+02
1.27569E+01,1.27569E+01,1.27569E+01,1.27569E+01,1.27569E+01,7.22546E+00,1.57193E+00,1.27569E+01,2.47645E+00 
#t = 5.040E+02
1.27569E+01,1.27569E+01,1.27569E+01,3.72245E+00 
#t = 5.460E+02
7.48434E+00,4.17988E+00,2.83468E+00,2.45062E+00,3.91563E+00,4.53040E+00,2.87709E+00,3.35621E+00 
#t = 5.880E+02
2.92336E+00,4.09058E+00 
#t = 6.300E+02
9.03371E+00 
#t = 6.720E+02
3.96045E+00,3.76604E+00,2.73777E+00,2.77412E+00,9.03300E-01 
#t = 7.140E+02
3.66522E+00,5.73750E+00,1.52465E+00,4.95991E+00,4.78570E+00 
#t = 7.560E+02
1.55346E+00,9.97749E+00 
#t = 7.980E+02
6.03399E+00,3.72320E+00 
#t = 8.400E+02
7.45803E+00 
#t = 8.820E+02
3.67159E+00,4.97630E+00,3.65471E+00,1.75496E+00 
#t = 9.240E+02
4.02244E+00,2.33568E+00 
#t = 9.660E+02
1.31113E+00,1.74193E+00,2.64087E+00,8.33027E+00 
#t = 1.008E+03
1.06014E+01,1.92469E+00 
#t = 1.050E+03
2.04016E+00,2.50676E+00,2.72841E+00,2.95854E+00,4.48030E+00,1.35372E+00 
#t = 1.092E+03
9.06002E+00,2.22929E+00 
#t = 1.134E+03
1.29571E+00,1.96608E+00 
#t = 1.176E+03
4.32435E+00,2.11782E+00,1.02361E+00 
#t = 1.218E+03
5.27541E+00,2.71704E+00,3.27856E+00,2.69608E+00,6.47916E+00 
#t = 1.260E+03
3.60843E+00,1.13421E+00,5.10349E+00,3.79879E+00 
#t = 1.302E+03
3.56561E+00,4.38052E+00,2.14645E+00,5.31423E+00,2.95750E+00,3.32624E+00,1.94296E+00 
#t = 1.344E+03
4.06026E+00,4.48549E+00 
#t = 1.386E+03
9.44236E+00,7.82454E+00,2.92711E+00,1.59483E+00 
#t = 1.428E+03
5.71375E+00,6.66048E+00 
#t = 1.470E+03
4.53122E+00,1.43864E+00,3.26288E+00,3.21126E+00 
#t = 1.512E+03
6.41980E+00 
#t = 1.554E+03
2.61795E+00,5.43900E+00 
#t = 1.596E+03
1.51039E+00,3.10278E+00 
#t = 1.638E+03
5.39230E+00,1.41929E+00 
#t = 1.680E+03
2.45633E+00,4.14368E+00,4.81989E+00 
#t = 1.722E+03
1.36851E+01,2.93020E+00,4.63699E+00,2.80938E+00,4.93096E+00,1.36999E+00 
#t = 1.764E+03
2.71372E+00,1.33037E+01,3.44372E+00,2.45310E+00,1.37220E+00,5.62709E+00,1.44139E+00 
#t = 1.806E+03
6.34933E+00,1.33037E+01,4.51605E+00,7.80614E+00,1.60990E+00,1.13772E+00 
#t = 1.848E+03
1.33037E+01,2.59650E+00,6.48660E+00 
#t = 1.890E+03
3.46731E+00,5.23411E+00 
#t = 1.932E+03
5.00827E+00,7.44359E+00,4.59935E+00 
#t = 1.974E+03
9.46138E+00,6.33900E+00,3.99768E+00,2.00385E+00 
#t = 2.016E+03
4.96897E+00,3.52268E+00,3.95269E+00,5.79165E+00,4.05522E+00 
#t = 2.058E+03
2.11972E+01,6.51267E+00,1.22809E+01,2.11972E+01,2.11972E+01,4.60119E+00 
#t = 2.100E+03
2.11972E+01,2.11972E+01,2.11972E+01,2.11972E+01,6.75872E+00,2.11972E+01,2.11972E+01,2.11972E+01,2.11972E+01,1.43134E+01,2.11972E+01,2.11972E+01,1.99019E+00,1.43134E+01,2.11972E+01,2.11972E+01,2.11972E+01,2.11972E+01,5.12961E+00,1.11569E+00,2.11972E+01 
#t = 2.142E+03
2.11972E+01,2.11972E+01,1.43134E+01,1.43134E+01,1.43134E+01,2.11972E+01,2.11972E+01,2.11972E+01,2.11972E+01,2.11972E+01,2.11972E+01,2.11972E+01,1.43134E+01,2.11972E+01,2.11972E+01,1.46228E+00,1.43134E+01,3.92925E+00 
#t = 2.184E+03
2.11972E+01,2.11972E+01,2.11972E+01,2.11972E+01,1.43134E+01,1.43134E+01,1.43134E+01,2.11972E+01,2.11972E+01,2.11972E+01,2.11972E+01,2.11972E+01,2.11972E+01,2.11972E+01,1.43134E+01,2.11972E+01,1.43134E+01 
#t = 2.226E+03
2.11972E+01,1.43134E+01,2.11972E+01,2.11972E+01,2.11972E+01,2.11972E+01,2.11972E+01,2.11972E+01,2.11972E+01,2.11972E+01,2.11972E+01,2.11972E+01,2.11972E+01,2.11972E+01,2.11972E+01,2.11972E+01,2.11972E+01,2.11972E+01,2.11972E+01,2.11972E+01,2.11972E+01,2.11972E+01,2.11972E+01,2.11972E+01,2.11972E+01,2.11972E+01,2.11972E+01,2.11972E+01,2.11972E+01,2.11972E+01,2.11972E+01,2.11972E+01,2.11972E+01,2.11972E+01,2.11972E+01,2.11972E+01,2.11972E+01,4.10597E+00,2.11972E+01,2.11972E+01,3.06606E+00,2.11972E+01,2.62067E+00,2.11972E+01,8.22695E+00,1.79440E+00,2.11972E+01,1.73808E+00,2.27239E+00,2.11972E+01 
#t = 2.268E+03
2.11972E+01,2.11972E+01,2.11972E+01,2.11972E+01,2.11972E+01,2.11972E+01,2.11972E+01,2.11972E+01,2.11972E+01,2.11972E+01,2.11972E+01,2.11972E+01,2.11972E+01,2.11972E+01,2.11972E+01,2.11972E+01,2.11972E+01,2.11972E+01,2.11972E+01,7.20999E+00,2.11972E+01,2.11972E+01,2.11972E+01,2.11972E+01,2.11972E+01,2.11972E+01,2.11972E+01,4.59984E+00,7.14488E+00,2.11972E+01,2.11972E+01,2.11972E+01,2.11972E+01,2.11972E+01,2.11972E+01,2.11972E+01,2.11972E+01,2.11972E+01,2.11972E+01,2.11972E+01,2.11972E+01 
#t = 2.310E+03
2.11972E+01,2.11972E+01,2.11972E+01,2.11972E+01,2.11972E+01,2.11972E+01,2.11972E+01,2.11972E+01,2.11972E+01,2.11972E+01,2.11972E+01,2.11972E+01,2.11972E+01,2.11972E+01,2.11972E+01,2.11972E+01,2.11972E+01,2.11972E+01,2.11972E+01,2.11972E+01,2.11972E+01,2.11972E+01,2.11972E+01,2.11972E+01,2.11972E+01,2.11972E+01,2.11972E+01,2.11972E+01,2.11972E+01,2.11972E+01,2.11972E+01,2.11972E+01,2.11972E+01,2.11972E+01,2.11972E+01,2.11972E+01,2.11972E+01,2.11972E+01,2.67002E+00,2.11972E+01 
#t = 2.352E+03
2.11972E+01,2.11972E+01,2.11972E+01,2.11972E+01,2.11972E+01,2.11972E+01,2.11972E+01,2.11972E+01,2.11972E+01,2.11972E+01,2.11972E+01,2.11972E+01,2.11972E+01,2.11972E+01,2.11972E+01,2.11972E+01,2.11972E+01,2.11972E+01,2.11972E+01,4.28559E+00,4.68124E+00,2.89852E+00,2.11972E+01,2.11972E+01 
#t = 2.394E+03
2.11972E+01,2.11972E+01,2.11972E+01,2.11972E+01,2.11972E+01,2.11972E+01,2.11972E+01,2.11972E+01,7.50309E+00,2.11972E+01,2.11972E+01,2.11972E+01,2.11972E+01,2.11972E+01,2.11972E+01,2.95907E+00,4.67999E+00,3.09153E+00,2.02998E+00,1.56446E+00,2.11972E+01,2.11972E+01,3.87518E+00,1.42467E+00 
#t = 2.436E+03
2.11972E+01,2.11972E+01,2.11972E+01,2.11972E+01,2.11972E+01,2.11972E+01,2.11972E+01,2.11972E+01,2.11972E+01,1.07646E+01,2.11972E+01,2.11972E+01,2.11972E+01,2.11972E+01,2.11972E+01,2.11972E+01,2.58761E+00,2.11972E+01,5.80281E+00,2.75244E+00,2.11972E+01,2.11972E+01,2.11972E+01 
#t = 2.478E+03
2.11972E+01,2.11972E+01,2.11972E+01,2.11972E+01,2.11972E+01,2.11972E+01,2.11972E+01,2.11972E+01,2.11972E+01,2.11972E+01,2.11972E+01,2.11972E+01,2.11972E+01,2.11972E+01,2.11972E+01,2.85369E+00,2.11972E+01,2.11972E+01,2.11972E+01,2.11972E+01,2.12895E+00,1.42562E+00,2.20896E+00,2.11972E+01,2.11972E+01,2.57338E+00 
#t = 2.520E+03
2.11972E+01,2.11972E+01,2.11972E+01,2.11972E+01,4.02446E+00,2.11972E+01,3.71329E+00,2.11972E+01,2.11972E+01,2.11972E+01,2.11972E+01,1.18262E+01,2.11972E+01,2.11972E+01 
#t = 2.562E+03
1.37643E+01,2.11972E+01,2.11972E+01,2.11972E+01,2.14221E+00 
#t = 2.604E+03
1.37643E+01,2.11972E+01,2.11972E+01,2.11972E+01,2.11972E+01,2.11972E+01,1.37643E+01,2.11972E+01,4.26057E+00,4.34614E+00,4.41184E+00,2.11972E+01,3.63859E+00,2.11972E+01,2.11972E+01,3.20856E+00,2.59743E+00,2.11972E+01 
#t = 2.646E+03
2.11972E+01,2.11972E+01,2.11972E+01,2.11972E+01,2.11972E+01,2.11972E+01,2.11972E+01,2.11972E+01,2.11972E+01,3.85822E+00,3.00640E+00,1.38017E+00,2.11972E+01,2.55820E+00 
#t = 2.688E+03
2.11972E+01,2.11972E+01,2.11972E+01,2.11972E+01,2.11972E+01,2.11972E+01,2.11972E+01,2.11972E+01,2.11972E+01,2.11972E+01,2.11972E+01,2.11972E+01,3.45965E+00,2.71570E+00,2.11972E+01,3.68459E+00,3.32098E+00,2.11972E+01,2.11972E+01,2.11972E+01,1.92831E+00,8.15088E+00,2.11972E+01,1.77725E+00 
#t = 2.730E+03
2.11972E+01,2.11972E+01,2.11972E+01,2.11972E+01,2.11972E+01,2.11972E+01,2.11972E+01,2.11972E+01,2.11972E+01,1.41464E+01,2.11972E+01,2.11972E+01,2.11972E+01,2.11972E+01,2.11972E+01,3.83165E+00,3.06476E+00,1.83017E+00 
#t = 2.772E+03
2.11972E+01,1.41464E+01,2.11972E+01,2.11972E+01,2.11972E+01,2.11972E+01,1.41464E+01,2.11972E+01,2.11972E+01,2.11972E+01,2.11972E+01,2.11972E+01,2.11972E+01,2.11972E+01,2.11972E+01,2.11972E+01,1.41464E+01,2.11972E+01,2.11972E+01,4.49288E+00,2.11972E+01,2.11972E+01,2.44645E+00,2.11972E+01,2.11972E+01,2.11972E+01 
#t = 2.814E+03
1.41464E+01,1.41464E+01,2.11972E+01,2.11972E+01,2.11972E+01,1.41464E+01,2.11972E+01,2.11972E+01,2.11972E+01,2.11972E+01,7.29212E+00,1.41464E+01,1.41464E+01,8.60348E-01,1.41464E+01,2.11972E+01,1.41464E+01,2.11972E+01,2.80943E+00,2.11972E+01,4.44364E+00,2.17032E+00,1.03159E+00,2.73519E+00,2.11972E+01 
#t = 2.856E+03
1.41464E+01,2.11972E+01,2.11972E+01,2.11972E+01,2.11972E+01,2.11972E+01,2.11972E+01,2.11972E+01,2.11972E+01,2.11972E+01,2.11972E+01,2.11972E+01,2.11972E+01,2.11972E+01,5.08083E+00,2.11972E+01,2.11972E+01,2.11972E+01,2.11972E+01,2.03525E+00,2.11972E+01,2.11972E+01,2.11972E+01,5.40903E+00,2.11972E+01,2.85588E+00 
#t = 2.898E+03
2.11972E+01,2.11972E+01,2.11972E+01,2.11972E+01,2.11972E+01,2.11972E+01,2.11972E+01,1.41464E+01,2.11972E+01,1.41464E+01,2.11972E+01,2.11972E+01,2.11972E+01,2.11972E+01,2.11972E+01,2.11972E+01,1.41464E+01,2.11972E+01,2.11972E+01,1.41464E+01,1.41464E+01,1.41464E+01,2.11972E+01,2.11972E+01,2.11972E+01,2.11972E+01,2.11972E+01,2.11972E+01,2.11972E+01,2.11972E+01,1.41464E+01,2.11972E+01,2.11972E+01,1.41464E+01,2.11972E+01,2.11972E+01,5.13079E+00,2.11972E+01,2.11972E+01,2.11972E+01,2.11972E+01,1.41464E+01,2.11972E+01,1.41464E+01,2.11972E+01,5.15414E+00 
#t = 2.940E+03
2.11972E+01,2.11972E+01,2.11972E+01,1.41464E+01,2.11972E+01,2.11972E+01,2.11972E+01,1.41464E+01,2.11972E+01,2.11972E+01,1.41464E+01,2.11972E+01,2.11972E+01,2.11972E+01,2.11972E+01,2.11972E+01,1.41464E+01,1.41464E+01,1.41464E+01,1.41464E+01,1.41464E+01,2.11972E+01,1.41464E+01,1.41464E+01,2.11972E+01,2.11972E+01,2.11972E+01,1.41464E+01,1.02571E+01,1.41464E+01,2.11972E+01,4.98740E+00,1.41464E+01,2.11972E+01,1.41464E+01,2.11972E+01,2.11972E+01,1.41464E+01,2.11972E+01,2.11972E+01,2.11972E+01,1.41464E+01,2.11972E+01,2.11972E+01,2.11972E+01,1.41464E+01,1.36613E+00,1.41464E+01,3.28200E+00,2.26371E+00,2.11972E+01,5.34853E+00 
#t = 2.982E+03
2.11972E+01,1.41464E+01,2.11972E+01,2.11972E+01,2.11972E+01,2.11972E+01,2.11972E+01,2.11972E+01,2.11972E+01,2.11972E+01,1.41464E+01,2.11972E+01,1.41464E+01,2.11972E+01,2.99479E+00,5.99757E+00,4.57529E+00,1.06548E+00,2.11972E+01,2.11972E+01,1.41464E+01,2.11972E+01,2.11972E+01,6.79278E+00,1.61474E+00 
#t = 3.024E+03
2.11972E+01,2.11972E+01,2.11972E+01,2.11972E+01,2.11972E+01,2.11972E+01,1.41464E+01,2.11972E+01,2.11972E+01,2.11972E+01,2.11972E+01,2.11972E+01,5.67994E+00,2.11972E+01,2.11972E+01,2.11972E+01,2.11972E+01,2.11972E+01,2.11972E+01,2.11972E+01,5.02892E+00,2.11972E+01,4.41181E+00,2.11972E+01,2.11972E+01,2.42101E+00,2.94968E+00,2.11972E+01,2.41210E+00 
#t = 3.066E+03
2.11972E+01,2.11972E+01,2.11972E+01,2.11972E+01,2.11972E+01,2.11972E+01,2.11972E+01,2.11972E+01,2.11972E+01,2.11972E+01,2.11972E+01,2.11972E+01,7.23260E+00,2.11972E+01 
#t = 3.108E+03
2.11972E+01,2.11972E+01,2.11972E+01,2.11972E+01,2.11972E+01,2.11972E+01,2.11972E+01,2.11972E+01,2.11972E+01,6.28225E+00,2.11972E+01,2.11972E+01,8.34918E+00,2.11972E+01,2.47905E+00,2.60899E+00,2.11972E+01,2.41296E+00 
#t = 3.150E+03
2.11972E+01,2.11972E+01,2.11972E+01,2.11972E+01,2.11972E+01,2.11972E+01,2.11972E+01,2.11972E+01,2.11972E+01,2.11972E+01,2.11972E+01,2.11972E+01,5.10128E+00,2.11972E+01,6.38373E+00,2.11972E+01,5.04437E+00,2.11972E+01,2.11972E+01 
#t = 3.192E+03
2.11972E+01,2.11972E+01,2.11972E+01,2.11972E+01,2.11972E+01,2.11972E+01,2.11972E+01,2.11972E+01,2.11972E+01,2.11972E+01,2.11972E+01,2.11972E+01,2.11972E+01,2.11972E+01,2.11972E+01,2.11972E+01,2.11972E+01,2.11972E+01,2.11972E+01,1.90961E+00,2.11972E+01,4.56604E+00,2.11972E+01 
#t = 3.234E+03
2.11972E+01,2.11972E+01,2.11972E+01,2.11972E+01,2.11972E+01,2.11972E+01,2.11972E+01,2.11972E+01,2.11972E+01,2.11972E+01,1.05268E+01,2.11972E+01,2.11972E+01,6.31209E+00,5.52106E+00,2.11972E+01,2.11972E+01,3.76461E+00,2.11972E+01,2.11972E+01,2.11972E+01,2.11972E+01,2.11972E+01,2.11972E+01,2.11972E+01,2.11972E+01,4.17434E+00,6.73753E+00,2.11972E+01,2.11972E+01 
#t = 3.276E+03
2.11972E+01,2.11972E+01,2.11972E+01,2.11972E+01,2.11972E+01,2.11972E+01,2.11972E+01,2.11972E+01,2.11972E+01,2.11972E+01,2.11972E+01,2.11972E+01,2.11972E+01,2.11972E+01,2.11972E+01,2.11972E+01,2.11972E+01,2.11972E+01,2.11972E+01,2.11972E+01,2.11972E+01,9.98497E+00,2.98734E+00,2.11972E+01,2.11972E+01,1.91561E+00,2.11972E+01,2.11972E+01,2.11972E+01 
#t = 3.318E+03
2.11972E+01,2.11972E+01,2.11972E+01,2.11972E+01,2.11972E+01,2.11972E+01,2.11972E+01,1.26453E+01,2.11972E+01,2.11972E+01,2.11972E+01,2.11972E+01,2.11972E+01,2.11972E+01,2.11972E+01,2.11972E+01,2.11972E+01,2.11972E+01,2.11972E+01,1.30377E+00,2.11972E+01,2.11972E+01,2.11972E+01,2.11972E+01,2.11972E+01,2.11972E+01,1.26453E+01,2.11972E+01,2.11972E+01,2.11972E+01,1.37555E+00,1.26453E+01,2.11972E+01,1.26453E+01 
#t = 3.360E+03
2.11972E+01,2.11972E+01,2.11972E+01,2.11972E+01,2.11972E+01,2.11972E+01,2.11972E+01,1.26453E+01,2.11972E+01,2.11972E+01,2.11972E+01,2.11972E+01,2.11972E+01,2.11972E+01,2.11972E+01,2.11972E+01,2.11972E+01,2.11972E+01,3.93727E+00,2.11972E+01,2.11972E+01,2.11972E+01,4.79070E+00,2.11972E+01,2.34087E+00,2.11972E+01,2.48616E+00,2.11972E+01,7.76712E+00,2.11972E+01,2.11972E+01 
#t = 3.402E+03
2.11972E+01,2.11972E+01,2.11972E+01,2.11972E+01,2.11972E+01,2.11972E+01,2.11972E+01,2.11972E+01,2.11972E+01,2.11972E+01,2.11972E+01,2.11972E+01,2.11972E+01,2.11972E+01,2.11972E+01,2.11972E+01,2.11972E+01,2.11972E+01,2.11972E+01,2.11972E+01,2.11972E+01,2.11972E+01,2.11972E+01,2.11972E+01,2.11972E+01,2.11972E+01,2.11972E+01,2.11972E+01,2.11972E+01,2.11972E+01,2.11972E+01,2.11972E+01,2.11972E+01,2.11972E+01,2.11972E+01,2.11972E+01,2.11972E+01,2.11972E+01,2.11972E+01,3.67485E+00,2.11972E+01 
#t = 3.444E+03
2.11972E+01,2.11972E+01,2.11972E+01,2.11972E+01,2.11972E+01,2.11972E+01,2.11972E+01,2.11972E+01,2.11972E+01,2.11972E+01,2.11972E+01,2.11972E+01,2.11972E+01,2.11972E+01,2.11972E+01,2.11972E+01,2.11972E+01,2.11972E+01,2.11972E+01,2.11972E+01,2.11972E+01,2.11972E+01,2.11972E+01,2.11972E+01,2.11972E+01,2.11972E+01,2.11972E+01,2.11972E+01,2.11972E+01,2.11972E+01,2.11972E+01,2.11972E+01,2.11972E+01,5.56713E+00,2.11972E+01,2.11972E+01,2.11972E+01,2.11972E+01,2.11972E+01,2.11972E+01,2.11972E+01,2.11972E+01,2.11972E+01,2.11972E+01,2.11972E+01,2.11972E+01,2.40865E+00,2.11972E+01,2.11972E+01,2.11972E+01,2.11972E+01,2.11972E+01,2.11972E+01,2.11972E+01,2.11972E+01,2.11972E+01 
#t = 3.486E+03
2.11972E+01,2.11972E+01,2.11972E+01,2.11972E+01,2.11972E+01,2.11972E+01,2.11972E+01,2.11972E+01,2.11972E+01,2.11972E+01,2.11972E+01,2.11972E+01,2.11972E+01,2.11972E+01,2.11972E+01,2.11972E+01,1.15041E+01,2.11972E+01,2.11972E+01,2.11972E+01,2.11972E+01,2.11972E+01,2.11972E+01,2.11972E+01,2.11972E+01,2.11972E+01,2.11972E+01,2.11972E+01,2.11972E+01,2.11972E+01,2.11972E+01,2.11972E+01,2.11972E+01,4.16217E+00,2.11972E+01,2.11972E+01,2.11972E+01,2.11972E+01,2.11972E+01,2.11972E+01,2.11972E+01,2.11972E+01,2.11972E+01,2.11972E+01,2.11972E+01,2.11972E+01,2.11972E+01,2.11972E+01,1.15041E+01,2.11972E+01,2.11972E+01,3.49664E+00,2.11972E+01,6.97707E+00,2.35709E+00,2.11972E+01,2.11972E+01,2.11972E+01,2.11972E+01,2.11972E+01,2.11972E+01,2.11972E+01 
#t = 3.528E+03
2.11972E+01,2.11972E+01,2.11972E+01,2.11972E+01,2.11972E+01,2.11972E+01,2.11972E+01,2.11972E+01,2.11972E+01,2.11972E+01,2.11972E+01,2.11972E+01,2.11972E+01,2.11972E+01,2.11972E+01,2.11972E+01,2.11972E+01,2.11972E+01 
2.11972E+01,2.11972E+01,2.11972E+01,2.11972E+01,2.11972E+01,2.11972E+01,2.11972E+01,2.11972E+01,2.11972E+01,2.11972E+01,2.11972E+01,2.49898E+00,2.11972E+01,2.75966E+00,2.11972E+01,2.11972E+01,2.11972E+01,2.11972E+01,2.11972E+01 
#t = 3.570E+03
2.11972E+01,2.11972E+01,2.11972E+01,2.11972E+01,2.11972E+01,5.02925E+00,2.11972E+01,2.11972E+01,2.11972E+01,2.11972E+01,2.11972E+01,2.11972E+01,2.11972E+01,2.11972E+01,2.11972E+01,2.11972E+01,2.11972E+01,2.11972E+01,2.11972E+01,2.11972E+01,2.11972E+01,2.11972E+01,2.11972E+01,2.11972E+01,2.11972E+01 
2.11972E+01,2.11972E+01,2.11972E+01,2.11972E+01,2.11972E+01,2.11972E+01,2.11972E+01,2.11972E+01,2.11972E+01,2.11972E+01,2.11972E+01,2.11972E+01,2.11972E+01,2.11972E+01,2.11972E+01,2.11972E+01,8.04946E+00,2.11972E+01,2.11972E+01,2.36161E+00,2.11972E+01,2.11972E+01,2.11972E+01,2.32036E+00,2.11972E+01,2.11972E+01,1.23525E+00,2.11972E+01,2.11972E+01,1.93394E+00,2.11972E+01,1.40248E+00,2.11972E+01 
#t = 3.612E+03
2.11972E+01,2.11972E+01,2.11972E+01,2.11972E+01,2.11972E+01,2.11972E+01,2.11972E+01,2.11972E+01,2.11972E+01,2.11972E+01,2.11972E+01,2.11972E+01,2.11972E+01,2.11972E+01,2.11972E+01,2.11972E+01,2.11972E+01 
2.11972E+01,2.11972E+01,2.11972E+01,2.11972E+01,2.11972E+01,2.11972E+01,2.11972E+01,2.11972E+01,2.11972E+01,2.11972E+01,2.11972E+01,2.11972E+01,2.11972E+01,2.11972E+01,2.11972E+01,2.11972E+01,2.11972E+01,2.11972E+01,2.11972E+01,2.11972E+01,2.11972E+01,1.15409E+01,2.11972E+01,2.11972E+01,2.11972E+01,2.11972E+01,2.11972E+01,2.11972E+01,2.11972E+01,8.65534E+00,2.11972E+01,2.11972E+01,2.11972E+01,2.11972E+01,2.11972E+01,2.11972E+01,4.45176E+00,2.11972E+01,2.11972E+01,2.11972E+01,2.11972E+01,5.81928E+00,2.11972E+01,2.11972E+01,2.11972E+01,2.11972E+01,2.11972E+01,2.11972E+01,2.11972E+01,2.11972E+01 
#t = 3.654E+03
2.11972E+01,2.11972E+01,2.11972E+01,2.11972E+01,2.11972E+01,2.11972E+01,2.11972E+01,2.11972E+01,2.11972E+01,2.11972E+01,2.11972E+01,2.11972E+01,2.11972E+01,2.11972E+01,2.11972E+01,2.11972E+01,2.11972E+01,2.11972E+01,2.11972E+01,2.11972E+01,2.11972E+01,2.11972E+01,2.11972E+01,2.11972E+01,4.51422E+00,2.11972E+01,2.11972E+01,2.11972E+01,2.11972E+01 
2.11972E+01,2.11972E+01,2.11972E+01,2.11972E+01,2.11972E+01,2.11972E+01,2.11972E+01,2.11972E+01,2.11972E+01,2.11972E+01,2.11972E+01,2.11972E+01,2.11972E+01,2.11972E+01,2.11972E+01,2.11972E+01,2.72809E+00,3.49778E+00,2.11972E+01,3.37891E+00,2.11972E+01,2.11972E+01,2.11972E+01,2.11972E+01,2.11972E+01,2.11972E+01,2.11972E+01,2.11972E+01,2.11972E+01 
#t = 3.696E+03
2.11972E+01,2.11972E+01,2.11972E+01,2.11972E+01,2.11972E+01,2.11972E+01,2.11972E+01,2.11972E+01,2.11972E+01,2.11972E+01,5.90939E+00,2.11972E+01,2.11972E+01,2.11972E+01,2.11972E+01,2.11972E+01,2.11972E+01,2.11972E+01,8.26397E+00,2.11972E+01,2.11972E+01,2.11972E+01,2.11972E+01,2.11972E+01,2.11972E+01,2.11972E+01,2.41752E+00,2.11972E+01,2.11972E+01,2.11972E+01,2.11972E+01,2.11972E+01,2.11972E+01,2.11972E+01,2.11972E+01,2.11972E+01,2.11972E+01 
2.11972E+01,2.11972E+01,2.11972E+01,2.11972E+01,2.11972E+01,2.11972E+01,2.11972E+01,2.11972E+01,2.11972E+01,2.11972E+01,2.11972E+01,2.11972E+01,7.18914E+00,2.11972E+01,2.11972E+01,2.11972E+01,2.11972E+01,2.11972E+01,3.04580E+00,2.11972E+01,2.11972E+01,2.11972E+01,2.11972E+01,2.11972E+01,2.11972E+01 
#t = 3.738E+03
2.11972E+01,2.11972E+01,2.11972E+01,7.89926E+00,2.11972E+01,2.11972E+01,2.11972E+01,2.11972E+01,2.11972E+01,2.11972E+01,2.11972E+01,2.11972E+01,2.11972E+01,2.11972E+01,2.11972E+01,2.11972E+01,5.18728E+00,2.11972E+01,2.11972E+01,2.11972E+01,2.11972E+01,2.11972E+01,2.11972E+01,2.11972E+01,2.11972E+01,2.11972E+01,1.48806E+00,2.11972E+01,2.11972E+01,2.11972E+01,2.11972E+01,2.11972E+01,2.11972E+01 
2.11972E+01,2.11972E+01,2.11972E+01,2.11972E+01,2.11972E+01,2.11972E+01,2.11972E+01,2.11972E+01,2.11972E+01,2.11972E+01,2.11972E+01,2.11972E+01,2.11972E+01,2.11972E+01,2.11972E+01,2.11972E+01,2.11972E+01,2.11972E+01,2.11972E+01,2.11972E+01,2.11972E+01,2.11972E+01,2.11972E+01,1.65209E+00,2.11972E+01,6.14814E+00,2.52458E+00,2.11972E+01,2.11972E+01,2.11972E+01,2.11972E+01,2.11972E+01 
#t = 3.780E+03
2.11972E+01,2.11972E+01,2.11972E+01,2.11972E+01,2.11972E+01,2.11972E+01,2.11972E+01,2.11972E+01,2.11972E+01,2.11972E+01,2.11972E+01,2.11972E+01,2.11972E+01,2.11972E+01,2.11972E+01,2.11972E+01,2.11972E+01,2.11972E+01,2.11972E+01,2.11972E+01,2.11972E+01,2.11972E+01,2.11972E+01,2.11972E+01 
2.11972E+01,2.11972E+01,2.11972E+01,2.11972E+01,2.11972E+01,2.11972E+01,2.11972E+01,2.11972E+01,2.11972E+01,1.44218E+00,2.11972E+01,2.11972E+01,2.11972E+01,2.11972E+01 
#t = 3.822E+03
2.11972E+01,2.11972E+01,2.11972E+01,2.11972E+01,2.11972E+01,2.11972E+01,2.11972E+01,2.11972E+01,2.11972E+01,2.11972E+01,2.11972E+01,2.11972E+01,2.11972E+01,2.11972E+01,2.11972E+01,2.11972E+01,2.11972E+01,2.11972E+01,2.11972E+01,2.11972E+01,2.11972E+01,2.11972E+01,2.11972E+01,2.11972E+01,2.11972E+01,2.11972E+01,2.11972E+01,2.11972E+01,2.11972E+01,2.11972E+01 
2.11972E+01,2.11972E+01,2.11972E+01,2.11972E+01,2.11972E+01,2.11972E+01,2.11972E+01,2.11972E+01,2.11972E+01,2.11972E+01,2.11972E+01,2.11972E+01,2.11972E+01,2.11972E+01,2.11972E+01,1.87385E+00,2.11972E+01,2.11972E+01,2.11972E+01,2.11972E+01,2.11972E+01,2.11972E+01,2.11972E+01,2.11972E+01,2.11972E+01 
#t = 3.864E+03
2.11972E+01,1.31238E+01,2.11972E+01,2.11972E+01,2.11972E+01,2.11972E+01,2.11972E+01,2.11972E+01,2.11972E+01,2.11972E+01,2.11972E+01,2.11972E+01,2.11972E+01,2.11972E+01,2.11972E+01,2.11972E+01,2.11972E+01,2.11972E+01,2.11972E+01,2.11972E+01,2.11972E+01,2.11972E+01,2.11972E+01,5.63920E+00,2.11972E+01,2.11972E+01 
2.11972E+01,2.11972E+01,2.11972E+01,2.11972E+01,2.11972E+01,2.11972E+01,2.11972E+01,2.11972E+01,2.11972E+01,4.66772E+00,2.11972E+01,3.38513E+00,2.11972E+01,2.11972E+01,2.11972E+01,2.11972E+01,2.11972E+01,2.11972E+01,1.99356E+00,2.11972E+01,2.11972E+01,2.11972E+01,2.11972E+01 
#t = 3.906E+03
2.11972E+01,2.11972E+01,2.11972E+01,2.11972E+01,2.11972E+01,2.11972E+01,2.11972E+01,2.11972E+01,2.11972E+01,2.11972E+01,2.11972E+01,2.11972E+01,2.11972E+01,2.11972E+01,2.11972E+01,2.11972E+01,2.11972E+01,2.11972E+01,2.11972E+01,2.11972E+01,2.11972E+01,2.11972E+01,2.11972E+01 
2.11972E+01,2.11972E+01,2.11972E+01,2.11972E+01,2.11972E+01,2.11972E+01,2.11972E+01,2.11972E+01,2.11972E+01,2.11972E+01,2.11972E+01,2.11972E+01,2.11972E+01,2.11972E+01,2.11972E+01,2.11972E+01,2.11972E+01,2.11972E+01,2.11972E+01,2.11972E+01,2.11972E+01 
#t = 3.948E+03
2.11972E+01,2.11972E+01,2.11972E+01,2.11972E+01,2.11972E+01,2.11972E+01,2.11972E+01,2.11972E+01,2.11972E+01,2.11972E+01,2.11972E+01,2.11972E+01,4.05408E+00,2.11972E+01,2.11972E+01,2.11972E+01,2.11972E+01,2.11972E+01,2.11972E+01,2.11972E+01 
2.11972E+01,2.11972E+01,2.11972E+01,2.11972E+01,2.11972E+01,2.11972E+01,2.11972E+01,2.11972E+01,2.11972E+01,2.11972E+01,2.11972E+01,2.11972E+01,2.11972E+01,2.11972E+01,2.11972E+01,2.11972E+01,2.11972E+01,2.11972E+01,2.11972E+01,2.11972E+01,2.11972E+01,4.69278E+00,2.11972E+01,2.11972E+01,2.11972E+01,2.11972E+01,2.02690E+00,3.46936E+00,2.11972E+01,2.11972E+01,2.11972E+01 
#t = 3.990E+03
2.11972E+01,2.11972E+01,2.11972E+01,2.11972E+01,2.11972E+01,2.11972E+01,2.11972E+01,2.11972E+01,2.11972E+01,2.11972E+01,2.11972E+01,2.11972E+01,2.11972E+01,2.37391E+00,8.71853E+00,2.11972E+01,2.11972E+01,2.11972E+01,2.11972E+01,2.11972E+01,4.05844E+00,2.11972E+01 
2.11972E+01,2.11972E+01,2.11972E+01,2.11972E+01,2.11972E+01,2.11972E+01,3.48704E+00,2.11972E+01,2.11972E+01,2.11972E+01,2.11972E+01,2.11972E+01,2.18587E+00,2.11972E+01,2.11972E+01,2.11972E+01,2.11972E+01 
#t = 4.032E+03
2.11972E+01,2.11972E+01,2.11972E+01,8.71853E+00,2.11972E+01,2.11972E+01,2.11972E+01,2.11972E+01,2.11972E+01,2.11972E+01,2.11972E+01,2.11972E+01,2.11972E+01,2.11972E+01,2.11972E+01,2.11972E+01,2.11972E+01,2.11972E+01,2.11972E+01,2.11972E+01,2.11972E+01,2.11972E+01 
2.11972E+01,2.11972E+01,2.11972E+01,2.11972E+01,2.11972E+01,2.11972E+01,2.11972E+01,2.11972E+01,2.11972E+01,2.11972E+01,2.11972E+01,2.11972E+01,2.11972E+01,2.11972E+01,2.11972E+01,2.11972E+01,2.11972E+01,2.11972E+01,3.70639E+00,2.11972E+01,2.11972E+01,2.11972E+01 
#t = 4.074E+03
2.11972E+01,2.11972E+01,2.11972E+01,2.11972E+01,2.11972E+01,2.11972E+01,2.11972E+01,2.11972E+01,2.11972E+01,2.11972E+01,2.11972E+01,2.11972E+01,2.11972E+01,2.11972E+01,2.11972E+01,2.11972E+01,2.11972E+01,2.11972E+01,2.11972E+01,2.11972E+01,2.11972E+01,2.11972E+01,2.11972E+01,2.11972E+01,7.04428E+00 
2.11972E+01,2.11972E+01,2.11972E+01,2.11972E+01,2.11972E+01,2.11972E+01,2.11972E+01,2.11972E+01,2.11972E+01,2.11972E+01,2.11972E+01,2.11972E+01,2.11972E+01,2.11972E+01,2.73778E+00,2.11972E+01,2.11972E+01,2.11972E+01,2.11972E+01,2.11972E+01,2.25466E+00,2.11972E+01,2.11972E+01,2.11972E+01,2.11972E+01 
#t = 4.116E+03
2.11972E+01,2.11972E+01,2.11972E+01,2.11972E+01,2.11972E+01,6.50161E+00,2.11972E+01,2.11972E+01,2.11972E+01,2.11972E+01,2.11972E+01,2.11972E+01,2.11972E+01,2.11972E+01,2.11972E+01,2.11972E+01,2.11972E+01,2.11972E+01,2.11972E+01,2.11972E+01,2.85684E+00,2.11972E+01,2.11972E+01,2.11972E+01,2.11972E+01,2.11972E+01,2.11972E+01 
2.11972E+01,2.11972E+01,2.11972E+01,2.11972E+01,2.11972E+01,2.11972E+01,2.11972E+01,2.11972E+01,2.11972E+01,2.11972E+01,2.11972E+01,2.11972E+01,2.11972E+01,2.11972E+01,2.11972E+01,2.11972E+01,2.11972E+01,2.11972E+01,2.11972E+01,2.11972E+01,2.11972E+01,2.11972E+01,2.11972E+01,5.42778E+00 
#t = 4.158E+03
2.11972E+01,2.11972E+01,2.11972E+01,2.11972E+01,2.11972E+01,2.11972E+01,2.11972E+01,2.11972E+01,2.11972E+01,2.11972E+01,2.11972E+01,2.11972E+01,2.11972E+01,2.11972E+01,2.11972E+01 
2.11972E+01,2.11972E+01,2.11972E+01,2.11972E+01,2.11972E+01,2.11972E+01,2.11972E+01,2.11972E+01,2.11972E+01,2.11972E+01,2.11972E+01,2.11972E+01,2.11972E+01,2.11972E+01,4.66754E+00,2.11972E+01,2.11972E+01,2.11972E+01,2.11972E+01,2.11972E+01,2.11972E+01,2.11972E+01,2.11972E+01,3.28589E+00,2.11972E+01,2.11972E+01 
#t = 4.200E+03
2.11972E+01,2.11972E+01,2.11972E+01,2.11972E+01,2.11972E+01,2.11972E+01,2.11972E+01,2.11972E+01,2.11972E+01,2.11972E+01,2.11972E+01,2.11972E+01,2.11972E+01,2.11972E+01,2.11972E+01,2.11972E+01,2.11972E+01,2.11972E+01,2.11972E+01,2.11972E+01,2.11972E+01,2.11972E+01 
2.11972E+01,2.11972E+01,2.11972E+01,2.11972E+01,2.11972E+01,2.11972E+01,2.11972E+01,2.11972E+01,2.11972E+01,2.40530E+00,2.11972E+01,2.11972E+01,2.11972E+01,2.11972E+01,2.11972E+01,2.11972E+01,2.11972E+01,2.11972E+01,2.11972E+01,2.11972E+01,2.11972E+01,2.11972E+01,2.11972E+01,2.11972E+01,2.11972E+01,2.11972E+01,2.11972E+01,2.88148E+00,2.11972E+01 
