#t = 0.000E+00
1.59220E+00,5.21703E+00,6.12829E+00,4.74501E+00,3.69767E+00 
#t = 4.200E+01
2.11014E+00,7.99749E+00,1.21486E+00,6.88263E+00 
#t = 8.400E+01
1.10345E+01,1.10345E+01,1.10345E+01,1.10345E+01,1.10345E+01,2.54770E+00,2.09859E+00,1.10345E+01,5.12776E+00,1.10345E+01,1.10345E+01,1.10345E+01,1.10345E+01,2.99686E+00 
#t = 1.260E+02
1.10345E+01,1.10345E+01,1.94210E+01,1.10345E+01,1.29175E+01,1.94210E+01,2.18415E+00,1.94210E+01,5.57227E+00,3.91987E+00,1.94210E+01,1.29175E+01,1.29175E+01,1.22016E+00 
#t = 1.680E+02
1.10345E+01,1.94210E+01,1.10345E+01,1.94210E+01,1.94210E+01,1.10345E+01,1.94210E+01,1.94210E+01,2.19056E+00,1.94210E+01,1.94210E+01,1.94210E+01,2.07931E+00,1.94210E+01,1.10345E+01,1.10345E+01,7.79581E+00,1.94210E+01,1.94210E+01 
#t = 2.100E+02
1.94210E+01,1.10345E+01,1.94210E+01,1.94210E+01,1.94210E+01,1.94210E+01,1.10345E+01,1.10345E+01,1.94210E+01,1.94210E+01,1.94210E+01,1.10345E+01,1.94210E+01,1.94210E+01,1.94210E+01,1.94210E+01,1.94210E+01,1.94210E+01,1.94210E+01,1.94210E+01,1.94210E+01,5.99113E+00,5.47104E+00,1.94210E+01,2.44087E+00,1.94210E+01 
#t = 2.520E+02
1.94210E+01,1.94210E+01,1.94210E+01,1.94210E+01,1.94210E+01,1.10345E+01,1.94210E+01,1.94210E+01,8.85174E+00,1.94210E+01,1.07061E+01,1.94210E+01,1.94210E+01,1.94210E+01,2.09128E+00,1.94210E+01,1.94210E+01,1.94210E+01,3.43357E+00,1.94210E+01,1.94210E+01 
#t = 2.940E+02
1.94210E+01,1.94210E+01,1.94210E+01,1.94210E+01,1.94210E+01,1.94210E+01,1.94210E+01,1.94210E+01,1.94210E+01,1.94210E+01,1.94210E+01,1.94210E+01,1.94210E+01,1.94210E+01,1.94210E+01,1.94210E+01,3.50603E+00,1.94210E+01,1.94210E+01 
#t = 3.360E+02
1.94210E+01,1.94210E+01,1.94210E+01,1.94210E+01,1.94210E+01,1.94210E+01,1.94210E+01,5.52985E+00,1.94210E+01,1.94210E+01,1.94210E+01,1.94210E+01,1.94210E+01,1.94210E+01,1.94210E+01,1.94210E+01,6.73191E+00,2.25264E+00 
#t = 3.780E+02
1.94210E+01,1.94210E+01,1.94210E+01,5.38768E+00,1.94210E+01,1.94210E+01,1.94210E+01,1.94210E+01,1.13031E+00,1.04680E+00,1.94210E+01,3.43070E+00,1.94210E+01,9.20050E-01 
#t = 4.200E+02
1.94210E+01,1.94210E+01,1.94210E+01,1.94210E+01,1.94210E+01,1.94210E+01,1.94210E+01,1.94210E+01,1.94210E+01,5.04362E+00,1.94210E+01,7.13795E+00,3.68343E+00,3.19456E+00,1.94210E+01 
#t = 4.620E+02
1.94210E+01,1.94210E+01,1.94210E+01,1.94210E+01,1.94210E+01,1.94210E+01,1.94210E+01,1.94210E+01,1.94210E+01,1.94210E+01,1.94210E+01,1.94210E+01,1.94210E+01,1.94210E+01,1.94210E+01,4.92390E+00,3.03296E+00,1.94210E+01,4.19387E+00,1.94210E+01,1.94210E+01,1.94210E+01,4.13914E+00,1.94210E+01,1.94210E+01 
#t = 5.040E+02
1.94210E+01,1.94210E+01,1.94210E+01,1.94210E+01,1.94210E+01,1.94210E+01,1.94210E+01,1.94210E+01,1.94210E+01,1.94210E+01,1.94210E+01,1.94210E+01,1.37277E+00 
#t = 5.460E+02
1.94210E+01,1.10065E+01,1.94210E+01,1.94210E+01,1.94210E+01,1.94210E+01,1.94210E+01,1.94210E+01,1.94210E+01,1.94210E+01,1.94210E+01,1.94210E+01,1.94210E+01,1.94210E+01,1.94210E+01,1.94210E+01,1.94210E+01,1.94210E+01,3.20727E+00,2.09078E+00,3.46317E+00,1.94210E+01 
#t = 5.880E+02
1.94210E+01,1.94210E+01,1.94210E+01,1.94210E+01,7.76125E+00,1.07265E+01,1.94210E+01,1.94210E+01,1.94210E+01,3.08774E+00,4.48612E+00,1.07265E+01,2.89408E+00,2.19358E+00 
#t = 6.300E+02
1.94210E+01,1.94210E+01,2.93692E+00,2.71849E+00,4.01311E+00 
#t = 6.720E+02
1.94210E+01,1.94210E+01,1.94210E+01,1.94210E+01,1.94210E+01,1.94210E+01,6.37342E+00,7.32920E+00,1.94210E+01,1.94210E+01,1.94210E+01,6.06021E+00,1.94210E+01,1.94210E+01,3.55808E+00 
#t = 7.140E+02
1.94210E+01,1.94210E+01,1.94210E+01,1.94210E+01,1.94210E+01,8.18313E+00,1.94210E+01,1.94210E+01,8.65960E+00,1.94210E+01 
#t = 7.560E+02
1.94210E+01,1.94210E+01,8.65960E+00,1.94210E+01,1.94210E+01,1.94210E+01,3.33314E+00,1.94210E+01,1.62105E+00,1.94210E+01,4.53878E+00 
#t = 7.980E+02
1.94210E+01,1.94210E+01,1.94210E+01,1.94210E+01,1.94210E+01,1.94210E+01,1.94210E+01,1.94210E+01,1.94210E+01,1.94210E+01,1.94210E+01,1.94210E+01,1.94210E+01,7.26649E+00,1.94210E+01,1.94210E+01,8.18894E+00,1.94210E+01,1.94210E+01,1.94210E+01,1.94210E+01,1.94210E+01,1.94210E+01 
#t = 8.400E+02
1.94210E+01,1.94210E+01,1.94210E+01,1.94210E+01,1.94210E+01,1.94210E+01,1.94210E+01,1.94210E+01,1.04131E+01,1.94210E+01,5.91893E+00,1.94210E+01,1.94210E+01,1.94210E+01,1.94210E+01,1.94210E+01,1.94210E+01,1.94210E+01,1.94210E+01,1.94210E+01,1.94210E+01,1.94210E+01,1.94210E+01,1.94210E+01,6.63963E+00,1.94210E+01,2.21695E+00,1.94210E+01,1.94210E+01,1.94210E+01,4.60351E+00,1.94210E+01 
#t = 8.820E+02
1.94210E+01,1.94210E+01,1.94210E+01,1.94210E+01,1.94210E+01,1.94210E+01,1.18490E+01,1.94210E+01,1.18490E+01,1.94210E+01,1.94210E+01,8.42894E+00,8.33684E+00,1.18490E+01,1.18490E+01,1.94210E+01,1.94210E+01,1.94210E+01,1.94210E+01,1.94210E+01,1.94210E+01,1.94210E+01,1.94210E+01,4.85910E+00,1.94210E+01,1.94210E+01,6.95953E+00,1.94210E+01,2.21450E+00,1.18490E+01 
#t = 9.240E+02
1.18490E+01,1.94210E+01,8.42894E+00,1.94210E+01,1.94210E+01,1.94210E+01,1.18490E+01,1.94210E+01,1.94210E+01,1.94210E+01,1.94210E+01,1.94210E+01,1.94210E+01,1.18490E+01,1.18490E+01,1.18490E+01,1.94210E+01,1.18490E+01,1.18490E+01,4.08946E+00,5.95117E+00,1.94210E+01,1.94210E+01,1.94210E+01,4.95267E+00,1.18490E+01,1.69381E+00,1.31344E+00,1.18490E+01,1.48924E+00 
#t = 9.660E+02
1.18490E+01,1.94210E+01,1.94210E+01,1.94210E+01,1.18490E+01,1.18490E+01,1.18490E+01,1.18490E+01,1.94210E+01,1.18490E+01,1.18490E+01,1.94210E+01,1.94210E+01,1.94210E+01,1.94210E+01,1.18490E+01,1.18490E+01,5.20365E+00 
#t = 1.008E+03
1.94210E+01,1.18490E+01,1.18490E+01,1.94210E+01,1.18490E+01,1.94210E+01,1.94210E+01,1.94210E+01,1.18490E+01,3.40735E+00,1.18490E+01,1.18490E+01,1.94210E+01 
#t = 1.050E+03
1.94210E+01,1.94210E+01,1.94210E+01,1.94210E+01,1.94210E+01,1.94210E+01,1.94210E+01,1.94210E+01,1.94210E+01,1.94210E+01,1.94210E+01,1.94210E+01 
#t = 1.092E+03
1.94210E+01,1.94210E+01,1.94210E+01,1.94210E+01,1.94210E+01,1.94210E+01,1.94210E+01,1.94210E+01,4.60744E+00,1.94210E+01,3.76471E+00 
#t = 1.134E+03
1.94210E+01,1.94210E+01,3.82496E+00,1.94210E+01,2.49462E+00,1.94210E+01,1.94210E+01,3.41457E+00,4.78097E+00,1.19736E+00,2.27924E+00,3.34055E+00,2.22596E+00 
#t = 1.176E+03
1.94210E+01,1.94210E+01,1.94210E+01,5.87754E+00,7.16835E+00,1.94210E+01,4.05684E+00 
#t = 1.218E+03
1.94210E+01,1.94210E+01,6.69839E+00,1.94210E+01,7.87690E-01,4.49758E+00 
#t = 1.260E+03
2.77261E+00,3.74253E+00,1.98881E+00 
#t = 1.302E+03
3.76125E+00,5.09740E+00,1.03563E+01,3.18530E+00 
#t = 1.344E+03
8.62245E+00,3.29974E+00,6.96965E+00,1.34050E+00,2.89495E+00 
#t = 1.386E+03
2.22776E+00,1.03798E+00,2.10436E+00,1.36624E+00,1.07180E+00 
#t = 1.428E+03
5.31145E+00,3.20997E+00,2.44156E+00 
#t = 1.470E+03
4.93758E+00,2.40546E+00 
#t = 1.512E+03
1.19971E+01,1.19971E+01,2.44888E+00,2.69956E+00,5.94162E+00 
#t = 1.554E+03
7.86617E+00,4.65913E+00,2.65867E+00,1.73772E+00,3.41511E+00 
#t = 1.596E+03
2.23075E+00,4.68488E+00 
#t = 1.638E+03
1.99834E+00,1.81274E+00 
#t = 1.680E+03
8.82862E-01,1.08880E+00,2.23825E+00,3.50284E+00 
#t = 1.722E+03
-9.99900E+03
#t = 1.764E+03
6.57869E+00,8.97224E+00,3.38661E+00,3.12414E+00 
#t = 1.806E+03
8.95255E+00,1.21937E+00,1.12732E+00 
#t = 1.848E+03
1.29517E+00 
#t = 1.890E+03
8.44597E+00,5.54999E+00,7.16332E+00,1.83851E+00,1.40817E+00 
#t = 1.932E+03
6.53997E+00,7.90592E-01,3.90484E+00,1.84708E+00,4.50699E+00,5.58442E+00 
#t = 1.974E+03
-9.99900E+03
#t = 2.016E+03
2.41011E+00 
#t = 2.058E+03
6.25002E+00,4.06588E+00,2.06061E+00,1.76231E+00,4.12287E+00,3.11258E+00 
#t = 2.100E+03
3.52023E+00,1.31512E+00,1.97407E+00 
#t = 2.142E+03
8.58708E+00,5.11377E+00,1.54856E+00 
#t = 2.184E+03
3.80540E+00,3.57287E+00 
#t = 2.226E+03
6.46051E+00,7.69969E+00,2.84433E+00,3.05113E+00,3.53601E+00 
#t = 2.268E+03
1.20198E+00,5.08114E+00 
#t = 2.310E+03
8.03142E+00,2.55001E+00,2.08680E+00,4.36193E+00 
#t = 2.352E+03
2.51963E+00,2.87156E+00,3.53572E+00 
#t = 2.394E+03
5.33742E+00,5.64042E+00 
#t = 2.436E+03
8.53507E+00,1.33148E+01,9.12529E+00,1.96810E+00,1.78472E+00 
#t = 2.478E+03
1.14908E+01,1.14908E+01,1.41403E+00,2.20959E+00,9.89566E+00,1.69178E+00,1.66382E+00,2.92284E+00,1.89802E+00 
#t = 2.520E+03
1.14908E+01,6.37189E+00,6.83667E+00,1.14908E+01 
#t = 2.562E+03
6.37189E+00,7.57688E+00,1.28352E+00 
#t = 2.604E+03
6.37189E+00 
#t = 2.646E+03
3.25298E+00,5.84810E+00,2.63502E+00,1.52670E+00 
#t = 2.688E+03
2.68908E+00,4.86378E+00 
#t = 2.730E+03
7.70150E+00,7.19913E+00,1.58931E+00 
#t = 2.772E+03
-9.99900E+03
#t = 2.814E+03
3.51478E+00,1.03664E+01,1.41933E+00 
#t = 2.856E+03
1.31441E+00,5.50013E+00 
#t = 2.898E+03
1.38528E+00,2.25684E+00 
#t = 2.940E+03
-9.99900E+03
#t = 2.982E+03
5.86401E+00,6.65079E+00 
#t = 3.024E+03
1.44316E+01,7.28350E+00,4.85602E+00 
#t = 3.066E+03
1.44316E+01,3.02418E+00,3.91785E+00 
#t = 3.108E+03
3.15082E+00 
#t = 3.150E+03
8.75002E+00,1.18078E+00,9.86636E+00,2.54748E+00 
#t = 3.192E+03
9.86636E+00,2.15337E+00,2.63030E+00,5.11397E+00 
#t = 3.234E+03
4.58141E+00,4.88547E+00 
#t = 3.276E+03
6.98237E+00 
#t = 3.318E+03
6.21935E+00,6.24049E+00,6.63910E+00,9.36474E+00,2.88975E+00 
#t = 3.360E+03
7.54167E+00,2.83007E+00,4.38760E+00,2.67105E+00 
#t = 3.402E+03
1.01292E+01,2.75116E+00,3.01492E+00,2.39822E+00,2.61419E+00,1.99699E+00 
#t = 3.444E+03
4.94218E+00,4.71150E+00 
#t = 3.486E+03
5.30782E+00,3.56861E+00,3.66267E+00,2.64719E+00 
#t = 3.528E+03
1.00688E+01,3.34265E+00,6.16313E+00,3.69699E+00 
#t = 3.570E+03
1.02752E+01 
#t = 3.612E+03
1.02752E+01 
#t = 3.654E+03
2.45948E+00,2.76358E+00,1.36200E+00 
#t = 3.696E+03
1.43486E+00,6.05755E+00,2.08878E+00,2.48388E+00 
#t = 3.738E+03
5.90742E+00,7.84178E-01,1.72507E+00,2.81535E+00 
#t = 3.780E+03
1.97042E+00,7.81408E+00,7.08227E+00 
#t = 3.822E+03
8.51653E+00,1.88610E+00,1.97849E+00,3.42187E+00 
#t = 3.864E+03
8.51653E+00,6.87001E+00,4.25702E+00,5.60253E+00 
#t = 3.906E+03
4.10980E+00,4.65834E+00 
#t = 3.948E+03
1.92074E+00,1.51855E+00,8.65705E+00,4.27286E+00 
#t = 3.990E+03
4.18421E+00,3.87669E+00,9.41881E+00,1.23417E+00 
#t = 4.032E+03
1.63720E+00,2.67069E+00 
#t = 4.074E+03
9.36726E+00,3.36090E+00,8.26514E+00 
#t = 4.116E+03
8.54372E+00,7.76304E+00,3.81385E+00,4.74051E+00,1.71373E+00 
#t = 4.158E+03
3.76246E+00,5.39282E+00,3.82989E+00,4.22612E+00,3.42776E+00,5.63940E+00 
#t = 4.200E+03
8.99106E+00,4.86731E+00,1.17931E+00 
