#t = 0.000E+00
1.15673E+00,2.91088E+00,4.43582E-01,1.91406E+00,2.60677E+00 
#t = 4.200E+01
8.51295E+00,5.43667E+00,4.93523E+00 
#t = 8.400E+01
1.30947E+00,2.95775E+00,4.52121E+00 
#t = 1.260E+02
2.79946E+00,2.05162E+00,3.21488E+00,2.63410E+00,1.85429E+00 
#t = 1.680E+02
1.38606E+01,1.38606E+01,1.38606E+01 
#t = 2.100E+02
1.38606E+01,1.38606E+01,1.38606E+01,5.49185E+00,1.38606E+01,1.38606E+01,1.38606E+01,5.66974E+00 
#t = 2.520E+02
1.38606E+01,1.38606E+01,1.38606E+01,1.38606E+01,4.46489E+00,2.72049E+00,3.00636E+00,2.65662E+00 
#t = 2.940E+02
1.38606E+01,6.36135E+00,6.92569E+00,1.72116E+00,5.67984E+00,3.32549E+00 
#t = 3.360E+02
1.38606E+01,1.90817E+01,1.90817E+01,1.38606E+01,1.90817E+01,1.90817E+01,1.90817E+01,3.65886E+00,1.90817E+01,1.90817E+01,2.79837E+00,1.38606E+01,2.87258E+00,2.83206E+00 
#t = 3.780E+02
1.90817E+01,1.90817E+01,1.90817E+01,1.90817E+01,1.38606E+01,1.90817E+01,8.77179E+00,1.90817E+01,5.09580E+00,1.90817E+01,4.02509E+00,2.04281E+00 
#t = 4.200E+02
1.90817E+01,1.90817E+01,1.90817E+01,1.90817E+01,1.90817E+01,1.90817E+01,1.90817E+01,1.90817E+01,1.90817E+01,1.90817E+01,1.90817E+01,1.90817E+01,1.90817E+01,1.90817E+01,1.90817E+01,7.33495E-01,3.47325E+00,1.82680E+00 
#t = 4.620E+02
1.90817E+01,1.90817E+01,2.50871E+00,1.90817E+01 
#t = 5.040E+02
1.90817E+01,1.90817E+01,1.90817E+01,1.90817E+01,1.90817E+01,1.90817E+01,2.19884E+00,1.90817E+01,1.90817E+01,1.78427E+00,1.62100E+00,1.90817E+01 
#t = 5.460E+02
1.90817E+01,1.90817E+01,3.50295E+00,3.22660E+00,2.77671E+00,1.90817E+01 
#t = 5.880E+02
2.78816E+00,9.98240E+00,6.73133E+00 
#t = 6.300E+02
9.98240E+00,6.73133E+00,2.75685E+00,5.28109E+00,7.89779E+00,3.50713E+00 
#t = 6.720E+02
2.35345E+00 
#t = 7.140E+02
8.10626E+00,6.57259E+00,1.24144E+00,1.53929E+00 
#t = 7.560E+02
2.87539E+00,7.82480E+00 
#t = 7.980E+02
2.65155E+00 
#t = 8.400E+02
3.27539E+00,1.46710E+00 
#t = 8.820E+02
8.41282E+00,3.87716E+00,4.07888E+00,4.75267E+00 
#t = 9.240E+02
4.03247E+00,2.48808E+00 
#t = 9.660E+02
6.29993E+00,3.72727E+00 
#t = 1.008E+03
1.51532E+01,1.51532E+01,1.51532E+01,3.84244E+00 
#t = 1.050E+03
1.51532E+01,1.06046E+01,1.51532E+01,8.17908E-01,1.51532E+01 
#t = 1.092E+03
6.11117E+00,3.33608E+00,5.20184E+00,2.32809E+00,9.91962E-01,5.60197E+00,2.36869E+00 
#t = 1.134E+03
5.64560E+00,7.01900E+00,3.67352E+00 
#t = 1.176E+03
1.28989E+00,8.24768E+00,6.09299E+00,6.15341E+00,3.06436E+00,3.31801E+00,2.04459E+00 
#t = 1.218E+03
3.66024E+00,1.20489E+01,2.93221E+00,1.66502E+00,4.98577E+00 
#t = 1.260E+03
2.73328E+00,1.52585E+00,5.26595E+00,2.20477E+00 
#t = 1.302E+03
-9.99900E+03
#t = 1.344E+03
9.32985E+00,1.71499E+00 
#t = 1.386E+03
2.83848E+00,1.62646E+00 
#t = 1.428E+03
6.73170E+00,6.58250E+00,3.22105E+00,4.80383E+00,2.27344E+00 
#t = 1.470E+03
5.08040E+00,2.88862E+00 
#t = 1.512E+03
2.20468E+00,2.45938E+00,2.78105E+00 
#t = 1.554E+03
9.11631E+00,6.59891E+00,1.48499E+00,1.40521E+00,2.58132E+00,3.54623E+00,3.73757E+00,2.00747E+00,5.96132E+00 
#t = 1.596E+03
9.77562E+00,9.70611E+00,6.67347E+00,5.06278E+00,8.77404E+00 
#t = 1.638E+03
2.05927E+00,1.02776E+01,7.10501E+00,2.12196E+00 
#t = 1.680E+03
1.54536E+00,2.01854E+00,6.40412E+00 
#t = 1.722E+03
3.72747E+00,2.35055E+00,1.98504E+00 
#t = 1.764E+03
5.17895E+00,4.33323E+00,1.67862E+00 
#t = 1.806E+03
6.31486E+00,7.17756E+00,4.09529E+00,4.67011E+00 
#t = 1.848E+03
1.08171E+00,6.76290E+00,1.62301E+00,2.13032E+00,1.01871E+01,3.81488E+00 
#t = 1.890E+03
4.86218E+00,1.90212E+00,1.54232E+00 
#t = 1.932E+03
9.40855E+00,1.80178E+00,1.77175E+00,4.32567E+00 
#t = 1.974E+03
8.37306E+00,2.52468E+00,3.17119E+00 
#t = 2.016E+03
5.26886E+00,3.12434E+00 
#t = 2.058E+03
4.72754E+00,2.38359E+00 
#t = 2.100E+03
5.34764E+00,2.44610E+00 
#t = 2.142E+03
7.72622E+00,3.52120E+00 
#t = 2.184E+03
1.43234E+00 
#t = 2.226E+03
3.96070E+00,3.69787E+00,7.85145E+00 
#t = 2.268E+03
8.96117E+00,2.08604E+00,3.16670E+00,6.22045E+00 
#t = 2.310E+03
7.94165E+00,1.12144E+01,1.12144E+01 
#t = 2.352E+03
5.13790E+00,1.12144E+01,2.39418E+00 
#t = 2.394E+03
8.43950E+00,9.67026E+00,8.31285E-01,3.10864E+00 
#t = 2.436E+03
4.15354E+00,3.90210E+00,3.12094E+00,2.72129E+00,1.38480E+00 
#t = 2.478E+03
9.06083E+00,7.76362E+00,1.54505E+00,2.95014E+00,5.68285E+00,3.01695E+00 
#t = 2.520E+03
6.29334E+00,1.26532E+01,4.75654E+00,2.17748E+00 
#t = 2.562E+03
1.26532E+01,1.26532E+01,4.41539E+00,2.17546E+00 
#t = 2.604E+03
1.26532E+01,1.26532E+01,4.97735E+00,2.61142E+00,3.35654E+00 
#t = 2.646E+03
1.13502E+01,2.88994E+00,1.46158E+00,4.75583E+00,3.47570E+00,1.38620E+00,3.79896E+00 
#t = 2.688E+03
2.44092E+00,2.43227E+00,2.28134E+00,4.25947E+00 
#t = 2.730E+03
7.09052E+00,6.84724E+00,2.72527E+00,5.61680E+00,1.20465E+00,4.57884E+00 
#t = 2.772E+03
7.08401E+00,2.43043E+00 
#t = 2.814E+03
3.36035E+00,4.90644E+00,1.63871E+00,5.87077E+00,5.13977E+00 
#t = 2.856E+03
3.34165E+00,1.85541E+00,3.19759E+00,2.22287E+00 
#t = 2.898E+03
-9.99900E+03
#t = 2.940E+03
3.76830E+00,7.99412E+00,5.43697E+00,4.52468E+00 
#t = 2.982E+03
1.57358E+00,5.29368E+00 
#t = 3.024E+03
2.41967E+00,1.90146E+00 
#t = 3.066E+03
5.40063E+00,2.11712E+00,1.54675E+00,2.29318E+00 
#t = 3.108E+03
4.64037E+00,2.11572E+00,6.13239E+00 
#t = 3.150E+03
3.08681E+00 
#t = 3.192E+03
8.52543E+00,3.56937E+00,5.06256E+00 
#t = 3.234E+03
2.76335E+00,6.31108E+00,2.32501E+00 
#t = 3.276E+03
4.20762E+00,1.33025E+00,2.21856E+00 
#t = 3.318E+03
8.68970E+00,1.44440E+00,5.32191E+00 
#t = 3.360E+03
1.21136E+01,9.31089E+00,1.21136E+01,1.21136E+01,1.66687E+00,2.77582E+00 
#t = 3.402E+03
2.76384E+00,3.61920E+00,2.24796E+00,1.76593E+00 
#t = 3.444E+03
9.66730E+00,7.30449E+00,3.46495E+00,1.52186E+00,1.48762E+00,3.97970E+00 
#t = 3.486E+03
1.27794E+00 
#t = 3.528E+03
-9.99900E+03
#t = 3.570E+03
3.58853E+00,6.78505E+00 
#t = 3.612E+03
2.77886E+00,7.72475E+00,2.35836E+00 
#t = 3.654E+03
7.50853E+00,4.62895E+00,1.57411E+00,3.41592E+00,1.22764E+00,3.68263E+00 
#t = 3.696E+03
1.12073E+00,7.90155E+00 
#t = 3.738E+03
8.76289E+00,6.39912E+00,4.60523E+00,4.10018E+00,2.38603E+00,4.21973E+00,2.93543E+00 
#t = 3.780E+03
8.76642E+00 
#t = 3.822E+03
1.58695E+00,3.15776E+00,4.00234E+00,2.14030E+00 
#t = 3.864E+03
6.89113E+00,4.25817E+00 
#t = 3.906E+03
4.49771E+00 
#t = 3.948E+03
1.36874E+01,5.55942E+00,4.49453E+00,4.17647E+00 
#t = 3.990E+03
1.36874E+01,1.09729E+01,3.57206E+00,7.78805E+00,6.32996E+00 
#t = 4.032E+03
2.02240E+00,5.95565E+00,6.46631E+00,3.96484E+00 
#t = 4.074E+03
4.21007E+00,1.66751E+00 
#t = 4.116E+03
5.57980E+00 
#t = 4.158E+03
5.69207E+00,4.24682E+00,3.60908E+00 
#t = 4.200E+03
8.51053E+00,2.43420E+00,3.51546E+00,3.30591E+00 
