#t = 0.000E+00
9.64075E-01,2.91690E+00,4.12547E+00,5.76580E+00,3.49086E+00 
#t = 4.201E+01
5.54942E+00,2.06067E+00,4.10802E+00,2.42770E+00 
#t = 8.401E+01
9.54798E+00,3.63610E+00,4.89447E+00,4.56827E+00,4.26523E+00 
#t = 1.260E+02
7.40639E+00,1.00087E+01 
#t = 1.680E+02
6.32998E+00,2.19256E+00,1.00246E+01,4.83760E+00,4.87288E+00 
#t = 2.100E+02
9.36265E+00,2.56547E+00,2.49615E+00,1.07718E+00,1.60696E+00,4.06514E+00 
#t = 2.520E+02
1.96780E+00,6.69984E+00,2.53513E+00 
#t = 2.940E+02
5.24698E+00,3.30656E+00,3.52663E+00,3.86943E+00,4.64458E+00 
#t = 3.360E+02
1.05140E+01,3.11658E+00,8.34089E+00,5.86453E+00,5.22122E+00,1.05140E+01,5.17058E+00 
#t = 3.780E+02
4.29983E+00,9.99994E-01,3.28170E+00,1.94912E+00 
#t = 4.200E+02
5.16008E+00,2.73712E+00,6.04667E+00 
#t = 4.620E+02
-9.99900E+03
#t = 5.040E+02
7.04636E+00,6.18598E+00,6.79633E+00,8.59933E-01 
#t = 5.460E+02
8.31477E+00,5.41470E+00,5.68314E+00,4.58197E+00,4.63729E+00,1.57464E+00 
#t = 5.880E+02
3.47077E+00,6.66437E+00,2.79517E+00,2.61697E+00,6.49634E+00 
#t = 6.300E+02
3.25070E+00,2.44116E+00,2.35599E+00,5.55077E-01,1.48895E+00,3.10937E+00 
#t = 6.720E+02
7.96223E+00,4.71444E+00,5.28573E+00,4.12693E+00 
#t = 7.140E+02
1.33883E+00,2.35315E+00,2.15845E+00,2.15968E+00 
#t = 7.560E+02
1.53675E+00 
#t = 7.980E+02
6.28547E+00,1.65814E+00 
#t = 8.400E+02
6.31726E+00,3.55001E+00 
#t = 8.820E+02
5.41587E+00,4.83941E+00,4.83601E+00,6.20625E+00 
#t = 9.240E+02
7.53543E+00 
#t = 9.660E+02
2.23662E+00 
#t = 1.008E+03
4.08886E+00,3.74956E+00 
#t = 1.050E+03
6.76188E+00,2.42384E+00,3.42876E+00,5.39135E+00,1.49403E+00 
#t = 1.092E+03
8.80395E+00,3.08234E+00,2.80012E+00 
#t = 1.134E+03
2.16061E+00,3.48587E+00 
#t = 1.176E+03
2.43615E+00,2.07334E+00,4.55094E+00,3.92472E+00,7.48566E-01 
#t = 1.218E+03
9.76958E+00,5.14691E+00,2.16874E+00,2.32099E+00,3.37201E+00 
#t = 1.260E+03
8.75539E+00,2.57571E+00,2.59314E+00 
#t = 1.302E+03
4.58782E+00,1.27125E+01,4.75525E+00,3.48740E+00 
#t = 1.344E+03
2.77408E+00,5.65252E+00 
#t = 1.386E+03
1.24814E+01,1.24814E+01,2.07459E+00,1.24814E+01,2.19104E+00 
#t = 1.428E+03
1.24814E+01,3.66590E+00,1.24814E+01,4.74488E+00,3.35038E+00,1.24814E+01 
#t = 1.470E+03
2.20412E+00 
#t = 1.512E+03
6.11508E+00,3.66635E+00 
#t = 1.554E+03
6.76236E+00,5.97199E+00 
#t = 1.596E+03
8.08144E+00,2.13307E+00,4.65479E+00,4.40217E+00 
#t = 1.638E+03
1.05248E+01,6.03599E+00,4.84828E+00,5.17442E+00 
#t = 1.680E+03
1.05248E+01,8.71898E+00,1.04265E+00,2.32400E+00 
#t = 1.722E+03
1.05248E+01,1.32762E+01,1.05248E+01,1.32762E+01,1.32762E+01,1.05248E+01,1.32762E+01,1.32762E+01,1.32762E+01,1.05248E+01,1.32762E+01,1.56001E+00 
#t = 1.764E+03
1.32762E+01,1.32762E+01,1.32762E+01,5.40417E+00,2.95903E+00,2.95700E+00,2.77158E+00,3.89481E+00 
#t = 1.806E+03
9.93465E+00,6.72480E+00,2.80318E+00,2.43745E+00 
#t = 1.848E+03
1.24775E+01,3.06876E+00,7.75995E+00,2.06581E+00,3.68753E+00 
#t = 1.890E+03
4.04346E+00,9.08811E+00,3.29695E+00,6.58361E+00,3.55440E+00 
#t = 1.932E+03
8.83995E+00,3.71922E+00,7.85959E+00,1.50733E+00 
#t = 1.974E+03
4.91694E+00,7.12950E+00 
#t = 2.016E+03
5.54171E+00,1.61741E+00,9.80319E-01,1.94012E+00 
#t = 2.058E+03
8.29322E+00,1.09420E+01 
#t = 2.100E+03
1.09420E+01,1.09420E+01,1.09420E+01,3.15832E+00,1.78221E+00,4.73922E+00,3.60331E+00,2.03871E+00,2.19081E+00 
#t = 2.142E+03
9.33502E+00,1.03700E+01,1.03700E+01,1.03700E+01,3.11735E+00 
#t = 2.184E+03
4.38648E+00,8.72695E+00,7.84931E+00,2.20911E+00,2.25651E+00,5.93839E+00,3.11769E+00,6.04990E+00 
#t = 2.226E+03
4.41753E+00,8.30391E+00,6.02323E+00,5.06097E+00,3.23871E+00,3.26346E+00 
#t = 2.268E+03
8.30391E+00,1.42688E+01,3.44406E+00,3.14986E+00,4.55293E+00,6.96517E-01 
#t = 2.310E+03
3.02287E+00,1.97236E+00,2.11660E+00,1.14476E+00 
#t = 2.352E+03
2.03764E+00,2.27568E+00,2.89218E+00 
#t = 2.394E+03
7.32387E+00,4.74003E+00,2.11389E+00,5.51698E-01,1.47720E+00 
#t = 2.436E+03
2.20273E+00,3.57608E+00,2.41448E+00 
#t = 2.478E+03
2.19319E+00,3.19568E+00 
#t = 2.520E+03
6.65799E+00,1.93222E+00 
#t = 2.562E+03
4.97574E+00,1.02652E+00,8.83452E+00,1.32992E+00 
#t = 2.604E+03
6.59446E+00,2.47821E+00,7.12563E+00 
#t = 2.646E+03
6.30575E+00,5.74794E+00,5.21171E+00,3.97709E+00,2.17559E+00,1.72505E+00 
#t = 2.688E+03
9.20669E+00,5.95141E+00 
#t = 2.730E+03
7.73165E+00,3.38786E+00,3.28342E+00 
#t = 2.772E+03
4.62356E+00,2.31229E+00 
#t = 2.814E+03
6.14021E+00,2.41828E+00,3.28124E+00 
#t = 2.856E+03
5.99699E+00,2.17124E+00,4.94932E+00,6.64237E+00 
#t = 2.898E+03
1.27230E+00,1.35622E+00,3.86711E+00,9.62693E-01 
#t = 2.940E+03
1.25359E+00 
#t = 2.982E+03
3.59289E+00,3.42677E+00,1.02034E+01,9.51285E+00 
#t = 3.024E+03
1.27328E+00,2.81905E+00 
#t = 3.066E+03
9.09288E+00,2.49034E+00,3.95650E+00 
#t = 3.108E+03
6.43741E+00,9.64870E+00,4.10470E+00,3.51577E+00 
#t = 3.150E+03
6.95531E+00,5.93119E+00,3.72601E+00 
#t = 3.192E+03
3.04800E+00,2.39808E+00 
#t = 3.234E+03
3.78497E+00,2.22459E+00,1.49148E+00 
#t = 3.276E+03
7.80658E+00,1.61176E+00,1.04390E+00 
#t = 3.318E+03
7.80658E+00,6.78677E+00,2.56883E+00,3.00697E+00,3.80431E+00,1.29064E+00 
#t = 3.360E+03
8.22588E+00 
#t = 3.402E+03
1.96351E+00,1.38506E+00 
#t = 3.444E+03
1.32312E+01,1.32312E+01,7.82581E+00,5.62927E+00,3.18568E+00,2.71282E+00,3.48960E+00,1.19518E+00 
#t = 3.486E+03
1.32312E+01,1.32312E+01,2.14459E+00,1.91213E+00,2.97430E+00,1.69294E+00,1.19055E+00 
#t = 3.528E+03
1.32312E+01,1.32312E+01,3.21769E+00,1.62945E+00 
#t = 3.570E+03
9.11254E-01,6.91918E+00 
#t = 3.612E+03
5.17166E+00,3.70754E+00 
#t = 3.654E+03
1.15426E+01,9.29740E+00,5.97839E+00,3.03963E+00,5.82304E+00 
#t = 3.696E+03
1.18740E+01,7.90705E+00,4.40950E+00,2.30425E+00 
#t = 3.738E+03
1.17716E+00,4.38019E+00,5.91397E+00 
#t = 3.780E+03
1.16713E+01,2.90585E+00,5.35966E+00,2.90628E+00 
#t = 3.822E+03
6.36060E+00,1.24828E+00,7.20176E+00 
#t = 3.864E+03
7.00488E+00,2.90679E+00,9.53464E+00,2.78218E+00,6.20312E+00 
#t = 3.906E+03
3.28325E+00,5.10394E+00 
#t = 3.948E+03
6.19145E+00,2.10216E+00,1.10334E+00,1.86977E+00 
#t = 3.990E+03
3.23093E+00,3.70094E+00,1.78143E+00,3.45405E+00 
#t = 4.032E+03
1.46152E+01,3.96398E+00,2.12849E+00,2.33298E+00 
#t = 4.074E+03
1.58446E+01,5.75310E+00,1.46152E+01,1.46152E+01,3.82677E+00,3.17746E+00,1.46152E+01,1.17842E+00 
#t = 4.116E+03
1.46152E+01,1.46152E+01,3.28307E+00 
#t = 4.158E+03
9.60741E+00,4.78717E+00,5.41481E+00 
#t = 4.200E+03
8.66427E+00,3.05940E+00,3.03935E+00 
