#t = 0.000E+00
7.51984E-02,2.49980E-01,2.48486E-01,1.13115E+00,2.65857E-01 
#t = 4.200E+01
1.61981E+01,1.32002E+00 
#t = 8.400E+01
4.43414E-01 
#t = 1.260E+02
3.12433E+01,1.48443E+01,3.12433E+01,3.12433E+01,3.12433E+01 
#t = 1.680E+02
3.12433E+01,1.22824E+01,3.12433E+01,3.12433E+01,3.12433E+01,3.12433E+01,3.12433E+01,3.12433E+01,3.12433E+01,3.12433E+01,3.12433E+01,3.12433E+01,3.12433E+01,3.12433E+01,3.12433E+01,3.12433E+01,3.12433E+01,3.12433E+01,3.12433E+01,3.12433E+01,3.12433E+01,3.12433E+01,3.12433E+01 
#t = 2.100E+02
3.12433E+01,3.12433E+01,3.12433E+01,3.12433E+01,3.12433E+01,3.12433E+01,3.12433E+01,3.12433E+01,3.12433E+01,3.12433E+01,3.12433E+01,3.12433E+01,3.12433E+01,3.12433E+01,3.12433E+01,3.12433E+01,3.12433E+01,3.12433E+01,3.12433E+01,3.12433E+01,3.12433E+01,3.12433E+01,3.12433E+01,3.12433E+01,3.12433E+01,3.12433E+01,3.12433E+01,3.12433E+01,3.12433E+01,3.12433E+01,3.12433E+01,3.12433E+01,3.12433E+01,3.12433E+01,1.15019E+01,3.12433E+01,3.12433E+01,3.12433E+01,3.20315E-01 
#t = 2.520E+02
3.12433E+01,3.12433E+01,3.12433E+01,3.12433E+01,3.12433E+01,3.12433E+01,3.12433E+01,3.12433E+01,3.12433E+01,3.12433E+01,3.12433E+01,3.12433E+01,3.12433E+01,3.12433E+01,3.12433E+01,3.12433E+01,3.12433E+01,1.15019E+01,3.12433E+01,3.12433E+01,3.12433E+01,3.12433E+01,3.12433E+01,3.12433E+01,3.12433E+01,3.12433E+01,3.12433E+01,1.15019E+01,3.12433E+01,6.88409E-01,3.12433E+01 
#t = 2.940E+02
1.15019E+01,3.12433E+01,3.12433E+01,3.12433E+01,3.12433E+01,3.12433E+01,3.12433E+01,3.12433E+01,3.12433E+01,3.12433E+01,3.12433E+01,1.15019E+01,3.12433E+01,3.12433E+01,3.12433E+01,3.12433E+01,3.12433E+01,3.12433E+01,1.42880E+01,1.24502E+01,3.12433E+01,3.12433E+01,3.12433E+01,3.12433E+01,1.15019E+01,1.40185E+00,3.12433E+01,3.12433E+01,3.12433E+01,3.12433E+01,3.12433E+01,3.12433E+01,3.12433E+01,2.11638E+00,3.12433E+01,3.70542E-01 
#t = 3.360E+02
3.12433E+01,3.12433E+01,3.12433E+01,3.12433E+01,3.12433E+01,1.07057E+01,3.12433E+01,3.12433E+01,3.12433E+01,3.12433E+01,3.12433E+01,3.12433E+01,3.12433E+01,3.12433E+01,3.12433E+01,3.12433E+01,3.12433E+01,3.12433E+01,3.12433E+01,3.12433E+01,3.12433E+01,3.12433E+01,3.12433E+01,3.12433E+01,3.12433E+01 
#t = 3.780E+02
3.12433E+01,3.12433E+01,3.12433E+01,3.12433E+01,3.12433E+01,3.12433E+01,3.12433E+01,3.12433E+01,3.12433E+01,3.12433E+01,3.12433E+01,3.12433E+01,3.12433E+01,3.12433E+01,3.12433E+01,3.12433E+01,3.12433E+01,3.12433E+01,3.12433E+01,3.12433E+01,3.12433E+01,3.12433E+01,3.12433E+01,3.12433E+01,3.12433E+01,3.12433E+01,3.12433E+01,3.12433E+01,1.53477E+01,3.12433E+01,3.12433E+01,3.12433E+01,3.12433E+01,3.12433E+01,3.12433E+01,3.12433E+01,3.12433E+01,9.73064E-02 
#t = 4.200E+02
3.12433E+01,3.12433E+01,3.12433E+01,3.12433E+01,3.12433E+01,3.12433E+01,3.12433E+01,3.12433E+01,3.12433E+01,3.12433E+01,3.12433E+01,3.12433E+01,1.85013E+01,3.12433E+01,3.12433E+01,3.12433E+01,3.12433E+01,3.12433E+01,3.12433E+01,3.12433E+01,3.12433E+01,3.12433E+01,3.12433E+01,6.91347E+00,3.12433E+01,3.12433E+01,3.12433E+01,3.12433E+01,3.12433E+01,7.26282E-01,3.12433E+01,2.16534E+00,3.12433E+01,3.12433E+01,3.12433E+01,3.12433E+01,1.24731E+00 
#t = 4.620E+02
3.12433E+01,3.12433E+01,3.12433E+01,3.12433E+01,1.22761E+01,3.12433E+01,3.12433E+01,3.12433E+01,3.12433E+01,1.22761E+01,3.12433E+01,3.12433E+01,3.12433E+01,3.12433E+01,1.34866E+01,3.12433E+01,3.12433E+01,3.12433E+01,3.12433E+01,3.12433E+01,3.12433E+01,3.12433E+01,1.34866E+01,3.12433E+01,4.98256E+00,1.22698E+01,3.12433E+01,3.12433E+01,2.37763E+00,3.12433E+01,3.12433E+01,3.12433E+01,3.12433E+01,2.78517E+00,9.92847E+00,1.68367E+01,3.12433E+01,3.12433E+01,3.12433E+01,3.12433E+01,3.12433E+01,1.22761E+01,3.12433E+01 
#t = 5.040E+02
3.12433E+01,3.12433E+01,1.34866E+01,9.92847E+00,3.12433E+01,3.12433E+01,3.12433E+01,3.12433E+01,3.12433E+01,3.12433E+01,3.12433E+01,3.12433E+01,3.12433E+01,3.12433E+01,1.34866E+01,3.12433E+01,3.12433E+01,3.12433E+01,3.12433E+01,3.12433E+01,1.34866E+01,3.12433E+01,3.12433E+01,3.12433E+01,3.12433E+01,3.12433E+01,3.12433E+01,3.12433E+01,3.12433E+01,3.12433E+01,3.12433E+01,3.12433E+01,3.12433E+01,3.12433E+01,3.12433E+01,3.12433E+01,3.12433E+01,3.12433E+01,3.12433E+01,1.34866E+01,3.12433E+01,1.34866E+01,3.12433E+01,3.12433E+01,3.12433E+01,3.12433E+01 
#t = 5.460E+02
3.12433E+01,3.12433E+01,1.34866E+01,3.12433E+01,3.12433E+01,3.12433E+01,3.12433E+01,3.12433E+01,3.12433E+01,3.12433E+01,3.12433E+01,1.34866E+01,3.12433E+01,3.12433E+01,3.12433E+01,3.12433E+01,3.12433E+01,3.12433E+01,3.12433E+01,3.12433E+01,3.12433E+01,3.12433E+01,3.12433E+01,1.34866E+01,3.12433E+01,7.82619E-01,3.12433E+01,3.12433E+01 
#t = 5.880E+02
1.34866E+01,3.12433E+01,3.12433E+01,3.12433E+01,3.12433E+01,3.12433E+01,3.12433E+01,3.12433E+01,3.12433E+01,3.12433E+01,3.12433E+01,3.12433E+01,3.12433E+01,3.12433E+01,3.12433E+01,3.12433E+01,3.12433E+01,3.12433E+01,3.12433E+01,3.12433E+01,3.12433E+01,3.12433E+01,3.12433E+01,3.12433E+01,3.12433E+01,3.12433E+01,3.12433E+01,7.56306E+00,3.12433E+01,3.12433E+01,3.12433E+01,2.57490E-02,3.12433E+01,7.90237E-01,3.12433E+01,3.12433E+01,3.12433E+01,3.12433E+01,1.28925E+00 
#t = 6.300E+02
3.12433E+01,3.12433E+01,3.12433E+01,3.12433E+01,3.12433E+01,3.12433E+01,3.12433E+01,3.12433E+01,3.12433E+01,3.12433E+01,3.12433E+01,3.12433E+01,3.12433E+01,3.12433E+01,3.12433E+01,1.48814E+01,1.23320E+00,3.12433E+01,3.12433E+01,3.12433E+01,3.12433E+01,3.12433E+01,3.12433E+01,3.12433E+01,3.12433E+01,3.12433E+01,3.12433E+01,3.12433E+01,3.12433E+01,3.12433E+01,3.12433E+01,3.12433E+01,3.12433E+01 
#t = 6.720E+02
3.12433E+01,3.12433E+01,3.12433E+01,3.12433E+01,3.12433E+01,3.12433E+01,3.12433E+01,3.12433E+01,3.12433E+01,3.12433E+01,3.12433E+01,3.12433E+01,3.12433E+01,3.12433E+01,2.20235E+00,3.12433E+01,3.12433E+01,3.12433E+01,3.12433E+01,3.12433E+01,3.12433E+01,3.12433E+01,3.12433E+01,3.12433E+01,3.12433E+01,3.12433E+01,3.12433E+01 
#t = 7.140E+02
3.12433E+01,3.12433E+01,3.12433E+01,3.12433E+01,3.12433E+01,3.12433E+01,3.12433E+01,3.12433E+01,3.12433E+01,3.12433E+01,3.12433E+01,3.12433E+01,3.12433E+01,3.12433E+01,3.12433E+01,3.12433E+01,3.12433E+01,3.12433E+01,3.12433E+01,3.12433E+01,3.12433E+01,3.12433E+01,3.12433E+01,3.12433E+01,3.68884E+01,3.12433E+01,8.56443E-01,3.12433E+01,3.12433E+01,3.12433E+01 
#t = 7.560E+02
3.12433E+01,3.12433E+01,3.12433E+01,3.12433E+01,3.12433E+01,3.12433E+01,3.12433E+01,3.12433E+01,3.12433E+01,3.12433E+01,3.12433E+01,3.12433E+01,3.12433E+01,3.12433E+01,3.12433E+01,3.12433E+01,3.12433E+01,3.12433E+01,3.12433E+01,1.51736E+01,3.12433E+01,3.12433E+01,3.12433E+01,3.12433E+01,3.12433E+01,3.12433E+01,3.12433E+01,3.12433E+01,3.12433E+01,3.12433E+01,3.51299E-01,3.12433E+01,3.12433E+01,3.12433E+01,3.12433E+01,3.12433E+01,3.12433E+01,3.12433E+01,3.12433E+01,3.12433E+01,2.14837E-01 
#t = 7.980E+02
3.12433E+01,3.12433E+01,3.12433E+01,3.12433E+01,3.12433E+01,3.12433E+01,3.12433E+01,3.12433E+01,8.09873E+00,3.12433E+01,3.12433E+01,1.92593E+01,3.12433E+01,3.12433E+01,3.12433E+01,3.12433E+01,3.12433E+01,3.12433E+01,3.12433E+01,3.12433E+01,3.12433E+01,3.12433E+01,3.12433E+01,3.12433E+01,3.12433E+01,3.12433E+01,3.12433E+01,3.12433E+01,1.49503E+00,3.12433E+01,3.12433E+01,3.12433E+01,3.12433E+01,8.26210E-01 
#t = 8.400E+02
3.12433E+01,3.12433E+01,3.12433E+01,3.12433E+01,3.12433E+01,3.12433E+01,3.12433E+01,3.12433E+01,1.56915E+01,3.12433E+01,3.12433E+01,3.12433E+01,3.12433E+01,3.12433E+01,3.12433E+01,3.12433E+01,3.12433E+01,3.12433E+01,3.12433E+01,3.12433E+01,3.12433E+01,3.12433E+01,5.71631E-02,3.12433E+01,3.12433E+01,1.56915E+01,3.12433E+01,3.12433E+01,3.12433E+01,3.12433E+01 
#t = 8.820E+02
3.12433E+01,3.12433E+01,3.12433E+01,1.56915E+01,3.12433E+01,3.12433E+01,3.12433E+01,1.56915E+01,1.56915E+01,1.56915E+01,3.12433E+01,3.12433E+01,3.12433E+01,3.12433E+01,1.56915E+01,3.12433E+01,3.12433E+01,3.12433E+01,3.12433E+01,1.36654E+01,3.12433E+01,3.12433E+01,3.12433E+01,6.73683E+00,3.12433E+01,3.12433E+01,3.12433E+01,3.12433E+01,1.56915E+01,1.56915E+01,3.12433E+01,3.12433E+01,3.12433E+01,3.12433E+01,3.12433E+01,3.12433E+01,3.12433E+01,1.56915E+01,3.12433E+01,2.55660E+00,3.12433E+01,3.12433E+01 
#t = 9.240E+02
3.12433E+01,1.56915E+01,3.12433E+01,3.12433E+01,3.12433E+01,3.12433E+01,1.75480E+01,3.12433E+01,1.56915E+01,3.12433E+01,3.12433E+01,3.12433E+01,3.12433E+01,1.56915E+01,3.12433E+01,3.12433E+01,3.12433E+01,1.75480E+01,1.56915E+01,3.12433E+01,1.56915E+01,3.12433E+01,1.56915E+01,1.56915E+01,3.12433E+01,1.56915E+01,3.12433E+01,3.12433E+01,1.27538E+01 
#t = 9.660E+02
3.12433E+01,3.12433E+01,3.12433E+01,3.12433E+01,3.12433E+01,3.12433E+01,3.12433E+01,3.12433E+01,3.12433E+01,3.12433E+01,3.12433E+01,3.12433E+01,3.12433E+01,3.12433E+01,3.12433E+01,3.12433E+01,3.12433E+01,3.12433E+01,3.12433E+01,3.12433E+01,4.69526E-01,3.12433E+01,3.12433E+01,3.12433E+01,3.12433E+01,6.58281E-01,3.12433E+01,3.12433E+01,3.12433E+01,3.12433E+01,3.12433E+01,3.12433E+01 
#t = 1.008E+03
3.12433E+01,3.12433E+01,3.12433E+01,3.12433E+01,3.17826E+01,3.17826E+01,3.12433E+01,3.12433E+01,3.12433E+01,3.12433E+01,3.12433E+01,1.22014E+01,3.17826E+01,3.12433E+01,3.12433E+01,1.23805E+01,3.17826E+01,3.12433E+01,3.12433E+01,3.12433E+01,3.17826E+01,3.17826E+01,3.12433E+01,3.12433E+01,3.12433E+01,3.17826E+01,1.23805E+01,3.12433E+01,3.12433E+01,3.17826E+01,3.12433E+01,3.12433E+01,3.12433E+01,3.12433E+01 
#t = 1.050E+03
3.17826E+01,3.12433E+01,3.12433E+01,3.12433E+01,3.12433E+01,3.12433E+01,3.17826E+01,3.12433E+01,3.17826E+01,3.12433E+01,4.46725E+01,3.17826E+01,3.12433E+01,3.17826E+01,1.25206E+01,3.17826E+01,3.12433E+01,3.12433E+01,3.17826E+01,3.17826E+01,3.12433E+01,3.12433E+01,3.12433E+01,5.25222E+00,3.17826E+01,3.12433E+01,3.12433E+01,3.17826E+01,3.17826E+01,2.66190E+00,3.12433E+01,3.12433E+01,3.12433E+01,3.12433E+01,3.12433E+01,3.12433E+01,7.16315E+00,1.25206E+01 
#t = 1.092E+03
3.12433E+01,3.17826E+01,3.12433E+01,1.25206E+01,3.17826E+01,3.17826E+01,3.12433E+01,3.12433E+01,3.17826E+01,3.12433E+01,3.12433E+01,3.12433E+01,3.17826E+01,3.12433E+01,3.17826E+01,3.12433E+01,3.17826E+01,3.12433E+01,3.17826E+01,3.12433E+01,3.12433E+01,3.12433E+01,3.17826E+01,3.12433E+01,3.12433E+01,3.17826E+01,3.12433E+01,3.12433E+01,3.12433E+01,3.12433E+01,3.17826E+01,8.67815E-02,3.12433E+01,1.04277E-01 
#t = 1.134E+03
3.17826E+01,3.12433E+01,3.17826E+01,3.12433E+01,3.12433E+01,3.12433E+01,3.12433E+01,3.12433E+01,3.12433E+01,3.12433E+01,3.17826E+01,3.12433E+01,3.12433E+01,3.12433E+01,3.17826E+01,3.17826E+01,3.17826E+01,1.39419E+01,3.17826E+01,3.17826E+01,3.17826E+01,3.12433E+01,3.12433E+01,3.17826E+01,3.17826E+01,3.17826E+01,3.12433E+01,3.17826E+01,4.52316E-02,5.26139E+00,3.12433E+01,3.12433E+01,3.17826E+01,1.36855E+00,3.12433E+01 
#t = 1.176E+03
3.17826E+01,1.39419E+01,3.12433E+01,3.12433E+01,3.12433E+01,3.17826E+01,3.12433E+01,3.12433E+01,3.12433E+01,3.12433E+01,3.17826E+01,3.12433E+01,3.12433E+01,3.17826E+01,3.12433E+01,4.97189E-02,3.12433E+01,3.12433E+01,3.12433E+01,3.12433E+01,6.86659E+00,3.12433E+01,3.12433E+01,3.12433E+01,3.12433E+01,3.12433E+01,3.12433E+01,3.12433E+01,8.18134E+00,3.12433E+01 
#t = 1.218E+03
3.12433E+01,3.17826E+01,3.12433E+01,3.12433E+01,3.12433E+01,1.67631E+01,3.12433E+01,1.22124E+01,3.12433E+01,3.12433E+01,3.12433E+01,3.12433E+01,3.12433E+01,3.12433E+01,3.12433E+01,3.12433E+01,3.12433E+01,3.12433E+01,3.12433E+01,3.12433E+01,3.12433E+01,1.53742E+01,1.24772E-01,6.29577E+00,3.12433E+01,5.16391E+00,3.12433E+01,5.47662E+00,3.12433E+01,3.12433E+01,3.12433E+01,3.12433E+01 
#t = 1.260E+03
3.12433E+01,3.12433E+01,3.12433E+01,3.12433E+01,3.12433E+01,3.12433E+01,3.12433E+01,3.12433E+01,3.12433E+01,3.12433E+01,3.12433E+01,3.12433E+01,3.12433E+01,3.12433E+01,3.12433E+01,1.53742E+01,3.12433E+01,3.12433E+01,3.12433E+01,3.12433E+01,3.12433E+01,3.12433E+01,9.71431E+00,3.12433E+01,3.12433E+01,1.53742E+01,3.12433E+01,3.12433E+01,3.12433E+01,3.12433E+01,1.53742E+01,3.12433E+01,3.12433E+01,3.12433E+01,3.12433E+01,3.12433E+01,3.12433E+01,3.12433E+01 
#t = 1.302E+03
3.12433E+01,3.12433E+01,3.12433E+01,3.12433E+01,3.12433E+01,1.53742E+01,3.12433E+01,3.12433E+01,3.12433E+01,3.12433E+01,3.12433E+01,3.12433E+01,3.12433E+01,1.53742E+01,1.53742E+01,2.39558E+01,3.12433E+01,3.12433E+01,3.12433E+01,3.12433E+01,3.12433E+01,3.12433E+01,1.53742E+01,3.12433E+01,3.12433E+01,3.12433E+01,3.12433E+01,3.12433E+01,3.12433E+01,3.12433E+01,1.53742E+01,3.12433E+01,3.12433E+01,1.13434E+01,1.53742E+01,3.12433E+01,1.53742E+01,1.53742E+01,3.12433E+01,2.42588E-01,2.19468E+00 
#t = 1.344E+03
3.12433E+01,3.12433E+01,3.12433E+01,1.53742E+01,3.12433E+01,3.12433E+01,1.53742E+01,1.53742E+01,1.53742E+01,1.53742E+01,1.53742E+01,1.53742E+01,1.53742E+01,1.53742E+01,1.53742E+01,1.53742E+01,3.12433E+01,3.12433E+01,1.53742E+01,1.53742E+01,3.12433E+01,3.12433E+01,3.12433E+01,1.53742E+01,1.53742E+01,1.53742E+01,3.12433E+01,1.53742E+01,2.17414E+01,1.53742E+01,2.17414E+01,3.12433E+01,1.53742E+01,1.53742E+01,1.53742E+01,1.53742E+01,1.53742E+01,3.12433E+01,3.12433E+01,1.53742E+01,1.53742E+01,1.53742E+01,1.53742E+01,3.12433E+01,1.53742E+01,1.13368E+01,1.53742E+01,1.53742E+01,2.63679E+00,1.53742E+01,3.12433E+01,3.12433E+01,3.12433E+01,1.53742E+01,3.12433E+01,3.12433E+01,3.12433E+01,1.53742E+01,1.53742E+01,2.17414E+01 
#t = 1.386E+03
1.53742E+01,1.53742E+01,1.53742E+01,1.53742E+01,3.12433E+01,1.53742E+01,3.12433E+01,3.12433E+01,2.17414E+01,1.53742E+01,1.53742E+01,3.12433E+01,1.53742E+01,3.12433E+01,3.12433E+01,1.53742E+01,1.53742E+01,1.53742E+01,2.18091E+01,1.53742E+01,3.12433E+01,3.12433E+01,1.53742E+01,1.53742E+01,3.12433E+01,1.53742E+01,3.12433E+01,1.53742E+01,1.53742E+01,3.12433E+01,3.12433E+01,1.53742E+01,1.53742E+01,1.53742E+01,1.53742E+01,1.53742E+01,1.53742E+01,1.53742E+01,1.53742E+01,1.53742E+01,3.12433E+01,1.53742E+01,1.53742E+01,1.53742E+01,1.53742E+01,1.53742E+01,3.12433E+01,1.70395E+01,1.53742E+01,1.53742E+01,1.53742E+01,1.53742E+01,1.53742E+01,3.12433E+01 
#t = 1.428E+03
2.17414E+01,1.53742E+01,3.12433E+01,3.12433E+01,3.12433E+01,3.12433E+01,3.12433E+01,3.12433E+01,3.12433E+01,1.53742E+01,9.63199E+00,2.18091E+01,1.53742E+01,3.12433E+01,1.53742E+01,7.85722E+00,3.12433E+01,3.12433E+01,9.57226E+00,3.12433E+01,3.12433E+01,3.12433E+01,3.12433E+01,3.12433E+01,1.53742E+01,3.12433E+01,3.12433E+01,1.53742E+01,3.12433E+01,2.03653E-02,1.53742E+01,2.18091E+01,8.45322E-01 
#t = 1.470E+03
3.12433E+01,3.12433E+01,3.12433E+01,3.12433E+01,1.53742E+01,3.12433E+01,3.12433E+01,3.12433E+01,3.12433E+01,3.12433E+01,3.12433E+01,3.12433E+01,3.12433E+01,3.12433E+01,3.12433E+01,3.12433E+01,3.12433E+01,3.12433E+01,3.12433E+01,3.12433E+01,3.12433E+01,3.12433E+01,3.12433E+01,2.36524E+01,3.12433E+01,3.12433E+01,3.12433E+01,2.36524E+01,3.12433E+01,3.12433E+01,2.89781E+01,3.12433E+01,3.12433E+01,2.36524E+01 
#t = 1.512E+03
3.12433E+01,3.12433E+01,3.12433E+01,2.36524E+01,3.12433E+01,2.36524E+01,3.12433E+01,3.12433E+01,3.12433E+01,3.12433E+01,3.12433E+01,3.12433E+01,3.12433E+01,2.67612E+01,2.36524E+01,3.12433E+01,3.12433E+01,3.12433E+01,3.12433E+01,3.12433E+01,2.36524E+01,2.36524E+01,3.12433E+01,3.12433E+01,3.12433E+01,3.12433E+01,2.36524E+01,3.12433E+01,3.12433E+01,2.36524E+01,3.12433E+01,3.12433E+01,2.36524E+01,3.12433E+01,2.67612E+01,3.12433E+01,3.12433E+01,3.12433E+01,4.77119E-01,3.12433E+01,3.12433E+01,3.12433E+01,3.12433E+01,1.02222E+00,3.12433E+01,3.12433E+01,2.36524E+01,3.12433E+01,2.36524E+01 
#t = 1.554E+03
3.12433E+01,3.12433E+01,2.36524E+01,3.12433E+01,2.36524E+01,3.12433E+01,3.12433E+01,3.12433E+01,3.12433E+01,2.36524E+01,2.36524E+01,2.36524E+01,3.12433E+01,3.12433E+01,3.12433E+01,3.12433E+01,3.12433E+01,2.15889E+01,3.12433E+01,3.12433E+01,3.12433E+01,3.12433E+01,3.12433E+01,3.12433E+01,2.36524E+01,3.12433E+01,3.12433E+01,3.12433E+01,3.12433E+01,3.12433E+01,3.12433E+01,2.36524E+01,3.12433E+01,5.57684E+00 
#t = 1.596E+03
3.12433E+01,2.36524E+01,3.12433E+01,3.12433E+01,3.12433E+01,3.12433E+01,2.36524E+01,3.12433E+01,3.12433E+01,3.12433E+01,3.12433E+01,3.12433E+01,2.36524E+01,3.12433E+01,3.12433E+01,2.11649E+00,3.12433E+01,3.12433E+01,3.12433E+01,3.12433E+01,2.36524E+01,4.58915E+00,2.36524E+01,2.85724E+00,2.36524E+01,1.84891E+01,2.36524E+01,3.12433E+01,3.12433E+01,2.36524E+01,3.12433E+01,6.57327E-01,2.36524E+01,3.80592E+00,3.12433E+01 
#t = 1.638E+03
2.36524E+01,2.36524E+01,3.12433E+01,3.12433E+01,3.12433E+01,3.12433E+01,3.12433E+01,3.12433E+01,3.12433E+01,3.12433E+01,3.12433E+01,3.12433E+01,3.12433E+01,3.12433E+01,3.12433E+01,3.12433E+01,3.12433E+01,3.12433E+01,3.12433E+01,3.12433E+01,3.12433E+01,3.12433E+01,3.12433E+01,7.59663E+00,9.62359E+00,3.12433E+01,3.12433E+01,3.12433E+01,3.12433E+01,3.12433E+01,3.12433E+01,3.12433E+01,3.12433E+01,5.31673E+00,3.12433E+01 
#t = 1.680E+03
3.12433E+01,3.12433E+01,3.12433E+01,3.12433E+01,1.29325E+01,3.12433E+01,3.12433E+01,3.12433E+01,3.12433E+01,3.12433E+01,3.12433E+01,3.12433E+01,2.36524E+01,3.12433E+01,3.12433E+01,3.12433E+01,3.12433E+01,3.12433E+01,3.12433E+01,3.12433E+01,3.12433E+01,3.12433E+01,2.36524E+01,3.12433E+01,3.12433E+01,3.12433E+01,3.12433E+01,3.12433E+01,3.12433E+01,3.12433E+01,3.12433E+01,5.96687E-01,3.12433E+01,3.44692E-01,3.12433E+01 
#t = 1.722E+03
3.12433E+01,3.12433E+01,3.12433E+01,3.12433E+01,3.12433E+01,3.12433E+01,3.12433E+01,3.12433E+01,3.12433E+01,3.12433E+01,3.12433E+01,2.36524E+01,3.12433E+01,6.05923E+01,3.12433E+01,3.12433E+01,3.12433E+01,3.12433E+01,3.12433E+01,3.12433E+01,3.12433E+01,3.12433E+01,3.12433E+01,3.12433E+01,1.63413E+01,3.12433E+01,3.12433E+01,3.12433E+01,1.63413E+01,3.12433E+01,1.30097E+01,3.12433E+01,1.49449E+00,3.12433E+01,3.12433E+01,9.57341E+00,3.12433E+01 
#t = 1.764E+03
3.12433E+01,3.12433E+01,3.12433E+01,3.12433E+01,6.05923E+01,3.12433E+01,3.12433E+01,3.12433E+01,1.63413E+01,3.12433E+01,3.12433E+01,3.12433E+01,3.12433E+01,1.11320E+01,1.63413E+01,3.12433E+01,3.12433E+01,3.12433E+01,3.12433E+01,1.30097E+01,3.12433E+01,3.12433E+01,3.12433E+01,3.12433E+01,8.15540E-01,9.84696E-02,3.12433E+01,3.12433E+01 
#t = 1.806E+03
3.12433E+01,3.12433E+01,3.12433E+01,3.12433E+01,3.12433E+01,1.30097E+01,3.12433E+01,3.12433E+01,3.12433E+01,8.52039E+01,6.05923E+01,3.12433E+01,3.12433E+01,6.05923E+01,3.12433E+01,6.05923E+01,3.12433E+01,6.05923E+01,6.05923E+01,3.12433E+01,3.12433E+01,6.05923E+01,8.52039E+01,8.52039E+01,1.30097E+01,6.05923E+01,3.12433E+01,3.12433E+01,3.12433E+01,1.30097E+01,6.05923E+01,3.12433E+01,3.12433E+01,6.05923E+01,2.77281E-01,3.12433E+01 
#t = 1.848E+03
1.30097E+01,6.05923E+01,3.12433E+01,6.05923E+01,8.52039E+01,6.05923E+01,8.52039E+01,8.52039E+01,3.12433E+01,6.05923E+01,8.52039E+01,3.12433E+01,8.52039E+01,3.12433E+01,8.52039E+01,8.52039E+01,6.05923E+01,8.52039E+01,8.52039E+01,8.52039E+01,9.20872E+01,6.05923E+01,6.05923E+01,3.12433E+01,9.20872E+01,6.05923E+01,3.12433E+01,8.52039E+01,6.05923E+01,6.05923E+01,3.12433E+01,6.05923E+01,8.52039E+01,8.52039E+01,6.05923E+01,6.05923E+01,3.12433E+01,3.26073E+00,6.16887E-02,6.05923E+01,6.05923E+01,6.05923E+01,4.15472E-01 
#t = 1.890E+03
3.12433E+01,6.05923E+01,6.05923E+01,8.52039E+01,9.20872E+01,8.52039E+01,3.12433E+01,6.05923E+01,6.05923E+01,1.46784E+01,6.05923E+01,1.84152E+01,6.05923E+01,3.12433E+01,3.12433E+01,6.05923E+01,6.05923E+01,3.12433E+01,6.05923E+01,6.05923E+01,1.84152E+01,8.99887E+00,9.20872E+01,6.05923E+01,8.52039E+01,6.05923E+01,6.05923E+01,6.05923E+01,9.20872E+01,8.52039E+01,6.05923E+01,6.05923E+01,4.95369E+01,1.84152E+01,3.12433E+01,6.05923E+01,6.05923E+01,6.05923E+01,4.95369E+01,8.52039E+01,8.52039E+01,1.26926E+00,6.05923E+01,1.84152E+01 
#t = 1.932E+03
6.05923E+01,1.84152E+01,9.20872E+01,6.05923E+01,6.05923E+01,9.20872E+01,6.05923E+01,6.05923E+01,6.05923E+01,3.12433E+01,9.20872E+01,9.20872E+01,1.25800E+01,9.20872E+01,6.05923E+01,6.05923E+01,9.20872E+01,6.05923E+01,6.05923E+01,6.05923E+01,3.12433E+01,1.25800E+01,9.20872E+01,6.05923E+01,6.05923E+01,6.05923E+01,6.05923E+01,6.05923E+01,6.05923E+01,6.05923E+01,9.20872E+01 
#t = 1.974E+03
9.20872E+01,6.05923E+01,6.05923E+01,9.20872E+01,6.05923E+01,6.05923E+01,6.05923E+01,4.39635E+01,6.05923E+01,6.05923E+01,6.05923E+01,6.05923E+01,9.20872E+01,6.05923E+01,6.05923E+01,4.39635E+01,6.05923E+01,6.05923E+01,6.05923E+01,6.05923E+01,6.05923E+01,6.05923E+01,9.20872E+01,6.05923E+01,6.05923E+01,6.05923E+01,6.05923E+01,6.05923E+01,6.05923E+01,6.05923E+01,6.05923E+01,6.05923E+01,4.39635E+01,9.20872E+01,1.08282E+01,6.05923E+01,6.05923E+01,6.05923E+01,6.05923E+01,1.04943E+01,6.05923E+01,6.05923E+01,6.05923E+01 
#t = 2.016E+03
6.05923E+01,6.05923E+01,6.05923E+01,6.05923E+01,6.05923E+01,6.05923E+01,6.05923E+01,6.05923E+01,6.05923E+01,6.05923E+01,6.05923E+01,6.05923E+01,6.05923E+01,6.05923E+01,6.05923E+01,6.05923E+01,6.05923E+01,6.05923E+01,1.22144E+01,6.05923E+01,7.72366E+00,6.05923E+01,6.05923E+01,4.39635E+01,6.05923E+01,6.05923E+01,6.05923E+01,6.05923E+01,4.39635E+01,6.05923E+01,6.05923E+01,6.05923E+01,2.53837E+00,6.05923E+01,1.09161E+00,6.05923E+01,6.05923E+01,6.05923E+01,6.05923E+01,7.19556E-01 
#t = 2.058E+03
6.05923E+01,6.05923E+01,6.05923E+01,6.05923E+01,6.05923E+01,6.05923E+01,6.05923E+01,6.05923E+01,6.05923E+01,6.05923E+01,6.05923E+01,6.05923E+01,6.05923E+01,6.05923E+01,6.05923E+01,4.39635E+01,6.05923E+01,6.05923E+01,6.05923E+01,6.05923E+01,4.39635E+01,6.05923E+01,6.05923E+01,2.42593E+00,6.05923E+01,6.05923E+01,6.05923E+01,6.05923E+01,2.83179E-01,3.05465E+00,6.05923E+01,6.05923E+01,6.05923E+01,6.05923E+01,6.05923E+01,6.05923E+01,2.00643E+00,6.05923E+01,7.21746E+00,3.43604E+01 
#t = 2.100E+03
6.05923E+01,6.05923E+01,6.05923E+01,6.05923E+01,6.05923E+01,6.05923E+01,6.05923E+01,6.05923E+01,6.05923E+01,6.05923E+01,6.05923E+01,6.05923E+01,6.05923E+01,6.05923E+01,6.05923E+01,6.05923E+01,6.05923E+01,6.05923E+01,6.05923E+01,6.05923E+01,6.05923E+01,6.05923E+01,6.05923E+01,6.05923E+01,6.05923E+01,6.05923E+01,5.36271E+00,6.05923E+01,6.05923E+01,6.05923E+01,6.05923E+01,6.05923E+01,6.05923E+01,6.05923E+01,6.05923E+01,6.05923E+01,6.05923E+01,6.05923E+01,6.05923E+01,4.06712E-01,6.05923E+01 
#t = 2.142E+03
6.05923E+01,6.05923E+01,6.05923E+01,6.05923E+01,6.05923E+01,6.05923E+01,6.05923E+01,6.05923E+01,1.04832E+01,6.05923E+01,1.04832E+01,6.05923E+01,6.05923E+01,6.05923E+01,6.05923E+01,6.05923E+01,6.05923E+01,6.05923E+01,6.05923E+01,6.05923E+01,6.05923E+01,6.05923E+01,6.05923E+01,6.05923E+01,6.05923E+01,6.05923E+01,1.02440E+00,6.05923E+01,6.05923E+01,6.05923E+01,6.05923E+01,6.05923E+01,6.05923E+01,6.05923E+01,6.05923E+01,6.05923E+01,6.05923E+01,6.05923E+01,6.05923E+01,6.05923E+01 
#t = 2.184E+03
6.05923E+01,6.05923E+01,6.05923E+01,6.05923E+01,6.05923E+01,7.57379E+01,6.05923E+01,6.05923E+01,6.05923E+01,6.05923E+01,7.57379E+01,6.05923E+01,7.57379E+01,6.05923E+01,6.05923E+01,6.05923E+01,6.05923E+01,6.05923E+01,6.05923E+01,6.05923E+01,7.57379E+01,6.05923E+01,6.05923E+01,6.05923E+01,6.05923E+01,6.05923E+01,6.05923E+01,6.05923E+01,6.05923E+01,6.05923E+01,7.57379E+01,6.05923E+01,6.05923E+01,6.05923E+01,6.05923E+01,6.05923E+01,7.57379E+01,7.57379E+01,6.05923E+01 
#t = 2.226E+03
6.05923E+01,7.57379E+01,6.05923E+01,6.05923E+01,6.05923E+01,6.05923E+01,6.05923E+01,6.05923E+01,6.05923E+01,6.05923E+01,6.05923E+01,6.05923E+01,6.05923E+01,6.05923E+01,6.05923E+01,7.57379E+01,6.05923E+01,6.05923E+01,6.05923E+01,6.05923E+01,6.05923E+01,6.05923E+01,6.05923E+01,6.05923E+01,6.05923E+01,6.05923E+01,6.05923E+01,6.05923E+01,7.57379E+01,6.05923E+01,6.05923E+01,1.27840E+01,6.05923E+01,6.05923E+01,6.05923E+01,6.05923E+01,6.05923E+01,6.05923E+01,6.05923E+01,6.05923E+01,6.05923E+01,6.05923E+01,6.05923E+01,6.05923E+01,6.40144E+00,8.87568E-01 
#t = 2.268E+03
6.05923E+01,6.05923E+01,6.05923E+01,7.57379E+01,6.05923E+01,6.05923E+01,6.05923E+01,1.15739E+01,6.05923E+01,6.05923E+01,6.05923E+01,1.11193E+01,6.05923E+01,6.05923E+01,6.05923E+01,7.57379E+01,6.05923E+01,1.15739E+01,7.57379E+01,6.05923E+01,6.05923E+01,6.05923E+01,6.05923E+01,6.05923E+01,6.05923E+01,6.05923E+01,6.05923E+01,6.05923E+01,2.29436E-01,6.05923E+01,6.05923E+01,6.05923E+01,6.05923E+01,7.57379E+01,6.05923E+01,6.05923E+01,7.57379E+01,6.05923E+01,8.40271E-01,6.05923E+01,7.57379E+01,3.77594E+00,6.05923E+01 
#t = 2.310E+03
6.05923E+01,7.57379E+01,6.05923E+01,6.05923E+01,6.05923E+01,6.05923E+01,6.05923E+01,7.57379E+01,6.05923E+01,6.05923E+01,6.05923E+01,7.57379E+01,6.05923E+01,7.57379E+01,6.05923E+01,6.05923E+01,6.05923E+01,7.57379E+01,6.05923E+01,6.05923E+01,1.14302E+01,6.05923E+01,6.05923E+01,7.57379E+01,7.57379E+01,7.57379E+01,6.05923E+01,6.05923E+01,7.57379E+01,6.05923E+01,2.63423E+00,7.57379E+01,6.05923E+01,6.05923E+01,6.05923E+01,7.57379E+01,6.05923E+01,6.05923E+01,6.05923E+01,6.05923E+01,7.57379E+01,7.57379E+01 
#t = 2.352E+03
7.57379E+01,6.05923E+01,6.05923E+01,7.57379E+01,7.57379E+01,6.05923E+01,7.57379E+01,6.05923E+01,6.05923E+01,6.05923E+01,6.05923E+01,7.57379E+01,7.57379E+01,6.05923E+01,1.08141E+01,6.05923E+01,7.57379E+01,6.05923E+01,6.05923E+01,7.57379E+01,6.05923E+01,7.57379E+01,6.05923E+01,6.05923E+01,7.57379E+01,6.05923E+01,6.05923E+01,6.05923E+01,7.57379E+01,4.15679E+00,6.05923E+01,6.05923E+01,7.57379E+01,7.57379E+01,6.05923E+01,7.57379E+01,6.05923E+01,7.57379E+01,2.46166E+01,6.05923E+01,6.05923E+01,2.36197E+00,6.54843E-01,7.57379E+01,7.57379E+01,4.29944E+00 
#t = 2.394E+03
6.05923E+01,6.05923E+01,6.05923E+01,6.05923E+01,7.57379E+01,7.57379E+01,7.57379E+01,6.05923E+01,7.57379E+01,6.05923E+01,7.57379E+01,6.05923E+01,2.46166E+01,7.57379E+01,7.57379E+01,7.57379E+01,6.05923E+01,6.05923E+01,6.05923E+01,7.57379E+01,7.57379E+01,7.57379E+01,6.05923E+01,6.05923E+01,3.32646E+00,2.46166E+01,6.05923E+01,7.57379E+01,2.46166E+01,2.62021E+01,7.57379E+01,4.90292E+00,6.05923E+01,6.05923E+01 
#t = 2.436E+03
6.05923E+01,6.05923E+01,6.05923E+01,6.05923E+01,7.57379E+01,7.57379E+01,6.05923E+01,7.57379E+01,6.05923E+01,7.57379E+01,6.05923E+01,7.57379E+01,7.57379E+01,6.05923E+01,7.57379E+01,7.57379E+01,7.57379E+01,7.57379E+01,6.05923E+01,7.57379E+01,7.57379E+01,6.05923E+01,7.57379E+01,2.46166E+01,7.57379E+01,7.57379E+01,6.05923E+01,6.05923E+01,7.57379E+01,6.05923E+01,7.57379E+01,7.57379E+01,7.57379E+01,7.57379E+01,2.46166E+01,2.39991E-01,7.57379E+01,4.52452E+00,2.46166E+01,4.21056E-01,7.57379E+01,7.57379E+01,6.05923E+01,7.57379E+01,7.57379E+01,6.05923E+01 
#t = 2.478E+03
6.05923E+01,6.05923E+01,6.05923E+01,7.57379E+01,7.57379E+01,6.05923E+01,6.05923E+01,7.57379E+01,7.57379E+01,6.05923E+01,7.57379E+01,6.05923E+01,7.57379E+01,6.05923E+01,2.46166E+01,7.57379E+01,6.05923E+01,7.57379E+01,6.05923E+01,6.05923E+01,7.57379E+01,6.05923E+01,6.05923E+01,7.57379E+01,7.57379E+01,1.06375E+01,6.05923E+01,7.57379E+01,6.05923E+01,7.57379E+01,7.57379E+01,7.57379E+01,7.57379E+01,7.57379E+01,7.57379E+01,7.57379E+01,2.00219E+01,8.28639E-01,1.12545E-01 
#t = 2.520E+03
6.05923E+01,6.05923E+01,2.00219E+01,7.57379E+01,7.57379E+01,6.05923E+01,7.57379E+01,6.05923E+01,6.05923E+01,7.57379E+01,7.57379E+01,7.57379E+01,6.05923E+01,7.57379E+01,7.57379E+01,6.05923E+01,7.57379E+01,6.05923E+01,7.57379E+01,6.05923E+01,6.05923E+01,7.57379E+01,7.57379E+01,6.05923E+01,7.57379E+01,6.05923E+01,7.57379E+01,7.57379E+01,7.57379E+01,7.57379E+01,6.05923E+01,6.05923E+01,6.05923E+01,7.57379E+01,8.98436E+00,6.05923E+01,7.57379E+01,6.05923E+01,2.09655E+00,7.57379E+01,6.05923E+01,6.05923E+01,6.05923E+01,6.05923E+01,6.05923E+01,6.05923E+01,7.57379E+01,7.57379E+01,6.05923E+01,6.05923E+01,6.05923E+01,7.57379E+01,6.05923E+01,6.05923E+01,6.05923E+01,6.05923E+01 
#t = 2.562E+03
2.00219E+01,7.57379E+01,7.57379E+01,6.05923E+01,6.05923E+01,6.05923E+01,6.05923E+01,8.80434E+00,6.05923E+01,1.75640E+01,7.57379E+01,7.57379E+01,6.05923E+01,6.05923E+01,6.05923E+01,7.57379E+01,6.05923E+01,6.05923E+01,6.05923E+01,6.05923E+01,2.00219E+01,7.57379E+01,7.57379E+01,7.57379E+01,7.57379E+01,6.05923E+01,6.05923E+01,7.57379E+01,2.00219E+01,2.00219E+01,7.57379E+01,7.57379E+01,6.05923E+01,6.05923E+01,7.57379E+01,4.84439E+00,7.57379E+01,6.05923E+01,6.05923E+01,7.57379E+01,6.05923E+01,6.05923E+01,6.05923E+01,6.05923E+01,1.90019E+00 
#t = 2.604E+03
7.57379E+01,7.57379E+01,6.05923E+01,5.70760E+01,2.00219E+01,7.57379E+01,6.05923E+01,6.05923E+01,6.05923E+01,6.05923E+01,6.05923E+01,7.57379E+01,7.57379E+01,5.70760E+01,6.05923E+01,5.70760E+01,7.57379E+01,7.57379E+01,6.05923E+01,7.57379E+01,6.05923E+01,8.46077E+00,6.05923E+01,6.05923E+01,6.05923E+01,2.01208E+00,3.46348E+00,6.05923E+01,6.05923E+01,6.05923E+01,7.57379E+01,7.57379E+01,1.52759E+00,3.58943E+00,6.05923E+01,5.70760E+01,1.50460E+00,6.05923E+01 
#t = 2.646E+03
6.05923E+01,1.48530E+01,7.57379E+01,6.05923E+01,6.05923E+01,7.57379E+01,6.05923E+01,6.05923E+01,6.05923E+01,6.05923E+01,6.05923E+01,6.05923E+01,7.57379E+01,6.05923E+01,6.05923E+01,7.57379E+01,6.05923E+01,6.05923E+01,7.57379E+01,6.05923E+01,7.57379E+01,6.05923E+01,6.05923E+01,6.05923E+01,2.32755E+00,6.32084E+00,6.05923E+01,6.05923E+01,6.05923E+01,6.05923E+01,7.57379E+01,7.57379E+01,9.70943E-01,7.57379E+01 
#t = 2.688E+03
6.05923E+01,6.05923E+01,6.05923E+01,7.57379E+01,7.57379E+01,7.57379E+01,6.05923E+01,7.57379E+01,6.05923E+01,7.57379E+01,6.05923E+01,7.57379E+01,6.05923E+01,6.05923E+01,7.57379E+01,6.05923E+01,6.05923E+01,7.57379E+01,7.57379E+01,6.05923E+01,6.05923E+01,7.57379E+01,7.57379E+01,6.05923E+01,1.04866E+01,6.05923E+01,7.57379E+01,6.05923E+01,6.55064E+00,6.05923E+01,1.55803E-01,3.78703E-01,6.05923E+01,7.57379E+01,4.64696E+00,7.57379E+01,6.05923E+01,7.57379E+01 
#t = 2.730E+03
6.05923E+01,7.57379E+01,7.57379E+01,7.57379E+01,6.05923E+01,1.48708E+01,6.05923E+01,7.57379E+01,7.57379E+01,7.57379E+01,6.05923E+01,7.57379E+01,6.05923E+01,1.48708E+01,7.57379E+01,7.57379E+01,6.05923E+01,1.48708E+01,7.57379E+01,7.57379E+01,7.57379E+01,6.05923E+01,6.05923E+01,6.05923E+01,6.05923E+01,6.05923E+01,7.57379E+01,6.05923E+01,6.05923E+01,6.05923E+01,6.05923E+01,6.05923E+01,6.05923E+01,1.48708E+01,1.48708E+01,6.05923E+01,6.05923E+01 
#t = 2.772E+03
6.05923E+01,1.48708E+01,7.57379E+01,6.05923E+01,1.86977E+01,6.05923E+01,6.05923E+01,7.57379E+01,7.57379E+01,7.57379E+01,6.05923E+01,6.05923E+01,6.05923E+01,1.86977E+01,6.05923E+01,6.05923E+01,6.05923E+01,6.05923E+01,6.05923E+01,6.05923E+01,6.05923E+01,6.05923E+01,6.05923E+01,6.05923E+01,6.05923E+01,6.05923E+01,6.05923E+01,6.05923E+01,6.05923E+01 
#t = 2.814E+03
6.05923E+01,6.05923E+01,6.05923E+01,6.05923E+01,7.57379E+01,7.57379E+01,7.57379E+01,6.05923E+01,6.05923E+01,6.05923E+01,6.05923E+01,6.05923E+01,6.05923E+01,7.57379E+01,7.57379E+01,6.05923E+01,7.57379E+01,7.57379E+01,7.57379E+01,6.05923E+01,7.57379E+01,6.05923E+01,6.05923E+01,7.57379E+01,7.57379E+01,7.57379E+01,1.19729E+01,3.17419E+01,7.57379E+01,7.57379E+01,7.57379E+01,7.57379E+01,7.57379E+01,6.05923E+01,7.57379E+01,6.05923E+01,6.05923E+01,6.05923E+01,7.57379E+01,7.57379E+01 
#t = 2.856E+03
6.05923E+01,7.57379E+01,7.57379E+01,7.57379E+01,7.57379E+01,7.57379E+01,6.05923E+01,7.57379E+01,7.57379E+01,6.05923E+01,7.57379E+01,7.57379E+01,7.57379E+01,6.05923E+01,7.57379E+01,7.57379E+01,6.05923E+01,6.05923E+01,6.05923E+01,7.57379E+01,7.57379E+01,7.57379E+01,7.57379E+01,7.57379E+01,7.57379E+01,7.57379E+01,7.57379E+01,7.57379E+01,5.20624E-01,9.77871E-01,7.57379E+01,7.57379E+01,5.88514E-01,1.11806E+00 
#t = 2.898E+03
6.05923E+01,7.57379E+01,7.57379E+01,7.57379E+01,6.05923E+01,6.95282E+00,6.05923E+01,6.05923E+01,6.05923E+01,7.57379E+01,6.05923E+01,7.57379E+01,7.57379E+01,6.05923E+01,7.57379E+01,7.57379E+01,7.57379E+01,7.57379E+01,6.05923E+01,6.05923E+01,7.57379E+01,6.05923E+01,7.57379E+01,7.57379E+01,6.05923E+01,7.57379E+01,7.57379E+01,7.57379E+01,6.05923E+01,7.57379E+01,6.05923E+01,7.57379E+01,6.05923E+01 
#t = 2.940E+03
7.57379E+01,6.05923E+01,6.05923E+01,7.57379E+01,7.57379E+01,7.57379E+01,7.57379E+01,7.57379E+01,6.05923E+01,7.57379E+01,7.57379E+01,7.57379E+01,6.05923E+01,7.57379E+01,7.70355E+00,7.57379E+01,7.57379E+01,7.57379E+01,6.05923E+01,9.37628E+00,1.28199E+01,7.57379E+01,6.05923E+01,7.57379E+01,7.57379E+01,7.57379E+01,7.57379E+01,2.56783E+00,7.57379E+01,7.57379E+01,7.57379E+01,1.28199E+01,7.57379E+01,7.57379E+01,6.05923E+01,7.57379E+01,7.57379E+01,7.57379E+01,7.57379E+01,6.05923E+01 
#t = 2.982E+03
7.57379E+01,7.57379E+01,7.57379E+01,7.57379E+01,7.57379E+01,7.57379E+01,6.05923E+01,7.57379E+01,7.57379E+01,6.05923E+01,2.39899E+01,7.57379E+01,7.57379E+01,7.57379E+01,7.57379E+01,7.57379E+01,7.57379E+01,7.57379E+01,8.83325E-01,7.57379E+01,7.57379E+01,7.57379E+01,7.57379E+01,7.57379E+01,7.57379E+01,7.57379E+01,7.57379E+01 
#t = 3.024E+03
7.57379E+01,7.57379E+01,7.57379E+01,7.57379E+01,7.57379E+01,7.57379E+01,7.57379E+01,7.57379E+01,7.57379E+01,7.57379E+01,6.05923E+01,7.57379E+01,2.39899E+01,2.04328E+01,7.57379E+01,7.57379E+01,7.57379E+01,7.57379E+01,7.57379E+01,7.57379E+01,6.05923E+01,6.05923E+01,7.57379E+01,7.57379E+01,7.57379E+01,2.39899E+01,6.05923E+01,7.57379E+01,7.57379E+01,6.05923E+01,7.57379E+01,6.05923E+01,7.57379E+01,7.57379E+01,7.57379E+01,2.39899E+01,7.57379E+01,6.05923E+01,7.57379E+01,7.57379E+01,7.57379E+01,7.57379E+01,2.39899E+01,7.57379E+01,7.57379E+01,7.57379E+01,6.05923E+01,7.57379E+01,2.39899E+01,7.57379E+01,7.57379E+01,2.39899E+01,7.57379E+01,7.57379E+01 
#t = 3.066E+03
7.57379E+01,7.57379E+01,7.57379E+01,2.39899E+01,7.57379E+01,2.39899E+01,6.05923E+01,2.39899E+01,7.57379E+01,2.39899E+01,2.39899E+01,6.05923E+01,7.57379E+01,7.57379E+01,1.12625E+01,7.57379E+01,7.57379E+01,7.57379E+01,2.39899E+01,7.57379E+01,7.57379E+01,7.57379E+01,7.57379E+01,7.57379E+01,7.57379E+01,7.57379E+01,7.57379E+01,7.57379E+01,7.57379E+01,7.57379E+01,9.46817E+00,7.57379E+01,7.57379E+01,6.05923E+01,2.39899E+01,7.57379E+01,7.57379E+01,2.34972E-02,7.57379E+01,2.39899E+01,6.05923E+01 
#t = 3.108E+03
7.57379E+01,7.57379E+01,7.57379E+01,7.57379E+01,2.39899E+01,7.57379E+01,2.39899E+01,7.57379E+01,7.57379E+01,6.05923E+01,7.57379E+01,6.05923E+01,7.57379E+01,6.05923E+01,7.57379E+01,7.57379E+01,7.57379E+01,2.39899E+01,6.05923E+01,7.79981E+00,6.05923E+01,6.05923E+01,7.57379E+01,7.57379E+01,6.05923E+01,7.57379E+01,6.48695E+00,2.79909E+01,2.39899E+01,7.57379E+01,3.54822E+01,7.57379E+01,7.57379E+01,7.57379E+01,6.05923E+01,7.57379E+01,7.57379E+01,7.57379E+01,7.57379E+01,7.57379E+01,2.39899E+01 
#t = 3.150E+03
2.39899E+01,7.57379E+01,7.57379E+01,6.05923E+01,7.57379E+01,7.57379E+01,7.57379E+01,7.57379E+01,7.57379E+01,7.57379E+01,7.57379E+01,7.57379E+01,7.57379E+01,6.05923E+01,6.05923E+01,7.57379E+01,7.57379E+01,7.57379E+01,7.57379E+01,7.57379E+01,7.57379E+01,7.57379E+01,7.57379E+01,7.57379E+01,7.57379E+01,7.57379E+01,2.39899E+01,7.57379E+01,7.57379E+01,1.50447E+00,7.57379E+01,7.57379E+01,2.39899E+01,7.57379E+01,7.57379E+01,7.57379E+01,1.06547E+00,7.57379E+01,7.57379E+01,2.39899E+01,7.57379E+01,7.57379E+01,6.05923E+01 
#t = 3.192E+03
7.57379E+01,7.57379E+01,7.57379E+01,7.57379E+01,7.57379E+01,7.57379E+01,7.57379E+01,7.57379E+01,7.57379E+01,7.57379E+01,7.57379E+01,7.57379E+01,7.57379E+01,7.57379E+01,7.57379E+01,7.57379E+01,7.57379E+01,7.57379E+01,7.57379E+01,7.57379E+01,7.57379E+01,7.57379E+01,7.57379E+01,7.57379E+01,7.57379E+01,7.57379E+01,7.57379E+01,7.57379E+01,7.57379E+01,7.57379E+01,7.57379E+01,6.42635E+00,7.57379E+01,7.57379E+01,7.57379E+01,7.57379E+01,7.57379E+01,7.57379E+01,1.37751E+00,7.57379E+01,7.57379E+01 
#t = 3.234E+03
7.57379E+01,7.57379E+01,7.57379E+01,7.57379E+01,7.57379E+01,7.57379E+01,7.57379E+01,7.57379E+01,7.57379E+01,7.57379E+01,7.57379E+01,7.57379E+01,7.57379E+01,7.57379E+01,7.57379E+01,7.57379E+01,7.57379E+01,7.57379E+01,7.57379E+01,1.51450E+01,7.57379E+01,7.57379E+01,7.57379E+01,4.68078E-01,7.57379E+01,7.57379E+01,1.21807E-01,1.51450E+01,7.57379E+01,7.57379E+01,7.57379E+01,7.57379E+01,7.57379E+01,7.57379E+01,7.13201E+00,7.57379E+01,7.57379E+01 
#t = 3.276E+03
7.57379E+01,7.57379E+01,7.57379E+01,1.51450E+01,7.57379E+01,7.57379E+01,7.57379E+01,7.57379E+01,7.57379E+01,7.57379E+01,7.57379E+01,7.57379E+01,7.57379E+01,7.57379E+01,7.57379E+01,7.57379E+01,7.57379E+01,7.57379E+01,7.57379E+01,7.57379E+01,6.01786E+00,7.57379E+01,7.57379E+01,7.57379E+01,7.57379E+01,7.57379E+01,1.51450E+01,7.57379E+01,7.57379E+01,7.57379E+01,1.79705E+01,2.68358E+00,7.57379E+01,1.51450E+01,7.57379E+01,7.57379E+01,7.57379E+01,4.34336E+00,7.57379E+01,7.57379E+01,7.57379E+01 
#t = 3.318E+03
7.57379E+01,7.57379E+01,7.57379E+01,7.57379E+01,7.57379E+01,7.57379E+01,7.57379E+01,7.57379E+01,7.57379E+01,7.57379E+01,7.57379E+01,7.57379E+01,7.57379E+01,7.57379E+01,7.57379E+01,7.57379E+01,7.57379E+01,7.57379E+01,7.57379E+01,7.57379E+01,7.57379E+01,7.57379E+01,7.57379E+01,7.57379E+01,7.57379E+01,7.57379E+01,7.57379E+01,7.57379E+01,1.49528E+01,7.57379E+01,7.57379E+01,7.57379E+01,7.57379E+01,7.57379E+01,7.57379E+01,7.57379E+01,7.57379E+01,7.57379E+01,5.89397E+00,7.57379E+01,1.90224E-01,6.77561E-01,4.15289E-01,7.57379E+01,7.57379E+01 
#t = 3.360E+03
7.57379E+01,7.57379E+01,7.57379E+01,7.57379E+01,7.57379E+01,7.57379E+01,7.57379E+01,7.57379E+01,7.57379E+01,7.57379E+01,7.57379E+01,7.57379E+01,7.57379E+01,7.57379E+01,7.57379E+01,7.57379E+01,7.57379E+01,7.57379E+01,7.57379E+01,7.57379E+01,7.57379E+01,7.57379E+01,7.57379E+01,7.57379E+01,7.57379E+01,7.57379E+01,7.57379E+01,7.57379E+01,7.57379E+01,7.57379E+01,7.57379E+01,7.57379E+01,7.57379E+01,7.57379E+01,7.57379E+01,7.57379E+01,7.57379E+01,7.57379E+01,7.57379E+01,7.57379E+01 
#t = 3.402E+03
7.57379E+01,7.57379E+01,7.57379E+01,7.57379E+01,7.57379E+01,7.57379E+01,7.57379E+01,2.33854E+01,7.25712E+01,7.57379E+01,7.57379E+01,2.60962E+01,7.57379E+01,7.57379E+01,7.57379E+01,7.57379E+01,7.57379E+01,7.57379E+01,7.57379E+01,2.60962E+01,7.57379E+01,7.57379E+01,7.57379E+01,7.57379E+01,7.57379E+01,6.58149E+00,7.57379E+01,7.57379E+01,7.57379E+01,2.60962E+01,7.57379E+01,7.57379E+01,2.24083E+00,7.57379E+01,7.57379E+01 
#t = 3.444E+03
7.57379E+01,7.57379E+01,7.57379E+01,7.57379E+01,7.57379E+01,7.57379E+01,7.57379E+01,7.57379E+01,7.57379E+01,7.57379E+01,7.57379E+01,7.57379E+01,7.57379E+01,1.14293E+01,2.33854E+01,7.57379E+01,8.93485E+00,7.57379E+01,7.57379E+01,7.57379E+01,7.57379E+01,7.57379E+01,7.57379E+01,7.57379E+01,7.57379E+01,7.57379E+01,7.57379E+01,7.57379E+01,7.57379E+01,2.33854E+01,7.57379E+01,8.09458E-01,2.19970E+01,7.57379E+01,7.57379E+01,7.57379E+01,7.57379E+01,7.57379E+01 
#t = 3.486E+03
7.57379E+01,7.57379E+01,2.33854E+01,7.57379E+01,7.57379E+01,7.57379E+01,7.57379E+01,7.57379E+01,7.57379E+01,7.57379E+01,7.57379E+01,2.33854E+01,7.57379E+01,7.57379E+01,7.57379E+01,7.57379E+01,7.57379E+01,7.57379E+01,7.57379E+01,7.57379E+01,7.57379E+01,7.57379E+01,7.57379E+01,7.57379E+01,7.57379E+01,7.57379E+01,7.57379E+01,1.10119E+00,7.57379E+01,7.57379E+01,7.57379E+01,7.57379E+01,7.57379E+01,7.57379E+01,7.57379E+01,7.57379E+01,7.57379E+01,7.57379E+01,7.57379E+01,7.57379E+01,2.97385E+00 
#t = 3.528E+03
7.57379E+01,7.57379E+01,7.57379E+01,7.57379E+01,7.57379E+01,7.57379E+01,7.57379E+01,7.57379E+01,7.57379E+01,7.57379E+01,7.57379E+01,7.57379E+01,7.57379E+01,7.57379E+01,7.57379E+01,7.18533E+01,7.57379E+01,7.57379E+01,7.57379E+01,7.57379E+01,7.57379E+01,7.57379E+01,7.57379E+01,7.39798E+00,7.57379E+01,7.57379E+01,7.57379E+01,7.57379E+01,7.57379E+01,7.57379E+01,7.57379E+01,7.57379E+01,7.57379E+01,7.57379E+01,7.57379E+01,7.57379E+01,2.17234E-01,7.57379E+01,7.57379E+01,3.51598E+00,7.57379E+01,2.23021E+00,7.57379E+01,7.57379E+01 
#t = 3.570E+03
7.57379E+01,7.57379E+01,7.57379E+01,7.57379E+01,7.57379E+01,7.57379E+01,7.57379E+01,1.31260E+01,7.57379E+01,7.57379E+01,7.57379E+01,7.57379E+01,7.57379E+01,7.57379E+01,7.57379E+01,7.57379E+01,7.57379E+01,7.57379E+01,7.57379E+01,7.57379E+01,7.57379E+01,7.57379E+01,7.57379E+01,7.57379E+01,7.57379E+01,7.57379E+01,7.57379E+01,7.57379E+01,7.57379E+01,7.57379E+01,7.57379E+01,7.57379E+01,7.57379E+01,7.57379E+01,7.57379E+01,7.57379E+01,7.57379E+01,7.57379E+01,7.57379E+01,7.57379E+01,7.57379E+01,7.57379E+01,7.57379E+01,6.23514E+00,2.69382E+00,1.25949E-01 
#t = 3.612E+03
7.57379E+01,7.57379E+01,7.57379E+01,7.57379E+01,7.57379E+01,7.57379E+01,7.57379E+01,7.57379E+01,7.57379E+01,7.57379E+01,7.57379E+01,7.57379E+01,7.57379E+01,7.57379E+01,7.57379E+01,7.57379E+01,7.57379E+01,1.03805E+01,7.57379E+01,7.57379E+01,7.57379E+01,7.57379E+01,7.57379E+01,8.93353E+00,7.57379E+01,7.57379E+01,7.57379E+01,7.57379E+01,7.57379E+01,7.57379E+01,7.57379E+01,7.57379E+01,7.57379E+01,7.57379E+01,7.57379E+01,1.56427E+00,7.57379E+01,7.57379E+01,7.57379E+01,5.83880E+00,7.57379E+01,7.57379E+01,9.91318E-02,7.57379E+01 
#t = 3.654E+03
7.57379E+01,7.57379E+01,7.57379E+01,1.24933E+01,7.57379E+01,7.57379E+01,7.57379E+01,7.57379E+01,7.57379E+01,7.57379E+01,7.57379E+01,7.57379E+01,7.57379E+01,7.57379E+01,7.57379E+01,7.57379E+01,7.57379E+01,7.57379E+01,7.57379E+01,7.57379E+01,7.57379E+01,7.57379E+01,7.57379E+01,7.57379E+01,7.57379E+01,7.57379E+01,7.57379E+01,7.57379E+01,2.98282E+00,7.57379E+01,7.57379E+01,7.57379E+01,7.57379E+01,7.57379E+01,7.57379E+01,7.57379E+01 
#t = 3.696E+03
7.57379E+01,7.57379E+01,7.57379E+01,7.57379E+01,7.57379E+01,7.57379E+01,7.57379E+01,7.57379E+01,7.57379E+01,7.57379E+01,7.57379E+01,7.57379E+01,7.57379E+01,7.57379E+01,7.57379E+01,7.57379E+01,7.57379E+01,7.57379E+01,7.57379E+01,7.57379E+01,7.57379E+01,7.57379E+01,7.57379E+01,7.57379E+01,7.57379E+01,7.57379E+01,7.57379E+01,7.57379E+01,1.74980E+01,7.57379E+01,7.57379E+01,7.57379E+01,1.74980E+01,7.57379E+01,7.57379E+01,7.57379E+01,7.57379E+01,7.57379E+01,7.57379E+01,7.57379E+01,7.57379E+01,7.57379E+01 
#t = 3.738E+03
7.57379E+01,7.57379E+01,7.57379E+01,7.57379E+01,7.57379E+01,7.57379E+01,7.57379E+01,7.57379E+01,3.49902E+01,7.57379E+01,7.57379E+01,7.57379E+01,7.57379E+01,7.57379E+01,7.57379E+01,7.57379E+01,7.57379E+01,7.57379E+01,7.57379E+01,7.57379E+01,7.57379E+01,7.57379E+01,7.57379E+01,7.57379E+01,7.57379E+01,7.57379E+01,7.57379E+01,7.37519E-01,7.57379E+01,7.57379E+01,3.54013E+00,9.59687E-01,7.57379E+01,1.33653E+01,2.86311E-01,7.57379E+01,1.01504E+01,7.57379E+01,7.57379E+01,7.57379E+01,7.57379E+01,7.57379E+01,2.13528E-01 
#t = 3.780E+03
7.57379E+01,7.57379E+01,7.57379E+01,7.57379E+01,7.57379E+01,7.57379E+01,7.57379E+01,1.64991E+01,7.57379E+01,7.57379E+01,7.57379E+01,7.57379E+01,7.57379E+01,7.57379E+01,7.57379E+01,7.57379E+01,7.57379E+01,7.57379E+01,7.57379E+01,1.64991E+01,7.57379E+01,7.57379E+01,7.57379E+01,7.57379E+01,7.57379E+01,7.57379E+01,2.50089E+00,7.57379E+01,7.57379E+01,7.57379E+01,7.57379E+01,7.57379E+01,7.57379E+01,5.49889E-01,7.57379E+01,1.64991E+01,7.57379E+01,7.57379E+01,7.57379E+01,7.57379E+01,1.29610E+00 
#t = 3.822E+03
7.57379E+01,7.57379E+01,7.57379E+01,1.67254E+01,7.57379E+01,7.57379E+01,7.57379E+01,7.57379E+01,7.57379E+01,1.64991E+01,7.57379E+01,7.57379E+01,7.57379E+01,7.57379E+01,7.57379E+01,7.57379E+01,7.57379E+01,7.57379E+01,7.57379E+01,7.57379E+01,1.64991E+01,7.57379E+01,7.57379E+01,7.57379E+01,7.57379E+01,7.57379E+01,4.41610E+00,7.57379E+01,1.64991E+01,7.57379E+01,7.57379E+01,7.57379E+01,7.57379E+01,7.57379E+01 
#t = 3.864E+03
1.64991E+01,7.57379E+01,7.57379E+01,7.57379E+01,7.57379E+01,7.57379E+01,7.57379E+01,7.57379E+01,7.57379E+01,1.05177E+01,7.57379E+01,7.57379E+01,7.57379E+01,7.57379E+01,7.57379E+01,7.57379E+01,7.57379E+01,7.57379E+01,7.57379E+01,7.57379E+01,1.64991E+01,7.57379E+01,7.57379E+01,7.57379E+01,7.57379E+01,7.57379E+01,7.57379E+01,7.57379E+01,4.17648E+00,7.57379E+01,7.57379E+01,7.57379E+01,7.57379E+01,7.57379E+01,7.57379E+01,7.57379E+01,7.57379E+01,1.64991E+01,7.57379E+01,7.57379E+01,3.43733E-01,7.57379E+01,1.83263E-01,4.42389E+00 
#t = 3.906E+03
7.57379E+01,7.57379E+01,7.57379E+01,7.57379E+01,7.57379E+01,7.57379E+01,7.57379E+01,7.57379E+01,7.57379E+01,7.57379E+01,7.57379E+01,7.57379E+01,7.57379E+01,7.57379E+01,1.09296E+01,7.57379E+01,7.57379E+01,7.57379E+01,7.57379E+01,7.57379E+01,7.57379E+01,7.57379E+01,7.57379E+01,7.57379E+01,7.57379E+01,7.57379E+01,7.57379E+01,7.57379E+01,7.57379E+01,7.57379E+01,7.57379E+01,7.57379E+01,7.57379E+01,7.57379E+01,7.57379E+01,7.57379E+01,7.57379E+01,7.57379E+01,1.73250E+00,2.84842E+00,7.57379E+01 
#t = 3.948E+03
7.57379E+01,7.57379E+01,7.57379E+01,7.57379E+01,7.57379E+01,7.57379E+01,7.57379E+01,7.57379E+01,7.57379E+01,7.57379E+01,7.57379E+01,7.57379E+01,7.57379E+01,7.57379E+01,7.57379E+01,1.55827E+01,7.57379E+01,7.57379E+01,7.57379E+01,7.57379E+01,7.57379E+01,7.57379E+01,7.57379E+01,7.57379E+01,7.57379E+01,7.57379E+01,7.57379E+01,7.57379E+01,7.57379E+01,7.57379E+01,7.57379E+01,7.57379E+01,7.57379E+01,7.57379E+01,7.57379E+01,7.57379E+01,7.57379E+01,1.01713E+00,7.57379E+01,7.57379E+01,7.57379E+01,2.83888E+00,7.57379E+01,7.57379E+01 
#t = 3.990E+03
7.57379E+01,7.57379E+01,7.57379E+01,7.57379E+01,7.57379E+01,7.57379E+01,7.57379E+01,7.57379E+01,7.57379E+01,7.57379E+01,1.55827E+01,7.57379E+01,7.57379E+01,7.57379E+01,1.67839E+01,7.57379E+01,4.16034E+01,1.03198E+01,7.57379E+01,4.16034E+01,7.57379E+01,7.57379E+01,7.57379E+01,7.07162E+00,7.57379E+01,7.57379E+01,7.57379E+01,7.57379E+01,7.57379E+01,7.57379E+01,7.57379E+01,7.57379E+01,1.55827E+01,7.57379E+01,7.57379E+01,7.57379E+01,7.57379E+01,1.55827E+01,7.57379E+01,5.24933E-01,7.57379E+01,7.57379E+01,4.16034E+01 
#t = 4.032E+03
7.57379E+01,7.57379E+01,1.67839E+01,7.57379E+01,7.57379E+01,7.57379E+01,1.55827E+01,7.57379E+01,7.57379E+01,7.57379E+01,7.57379E+01,7.57379E+01,7.57379E+01,1.67839E+01,7.57379E+01,1.55827E+01,7.57379E+01,7.57379E+01,7.57379E+01,7.57379E+01,7.57379E+01,7.57379E+01,7.57379E+01,7.57379E+01,7.57379E+01,7.57379E+01,7.57379E+01,1.67839E+01,7.57379E+01,2.29850E+00,7.57379E+01,7.57379E+01,7.57379E+01,7.57379E+01,7.57379E+01,7.57379E+01,7.57379E+01,7.57379E+01,7.57379E+01,7.57379E+01,2.86438E-01,7.57379E+01,7.57379E+01,7.57379E+01 
#t = 4.074E+03
1.67839E+01,7.57379E+01,7.57379E+01,7.57379E+01,2.11029E+01,7.57379E+01,7.57379E+01,7.57379E+01,7.57379E+01,7.57379E+01,2.83681E+01,7.57379E+01,7.57379E+01,1.67839E+01,7.57379E+01,2.11029E+01,7.57379E+01,7.57379E+01,7.57379E+01,7.57379E+01,7.57379E+01,7.57379E+01,1.67839E+01,7.57379E+01,7.57379E+01,7.57379E+01,5.45209E+00,7.57379E+01,7.57379E+01 
#t = 4.116E+03
7.57379E+01,7.57379E+01,7.57379E+01,7.57379E+01,7.57379E+01,7.57379E+01,7.57379E+01,7.57379E+01,7.57379E+01,7.57379E+01,7.57379E+01,7.57379E+01,7.57379E+01,7.57379E+01,7.57379E+01,7.57379E+01,7.57379E+01,7.57379E+01,7.57379E+01,7.57379E+01,7.57379E+01,7.57379E+01,7.57379E+01,7.57379E+01,7.57379E+01,7.57379E+01,7.57379E+01,7.57379E+01,7.57379E+01,7.57379E+01,7.57379E+01,1.51150E+01,7.57379E+01,7.57379E+01,4.83193E-01,7.57379E+01,7.57379E+01,3.00541E+01,7.57379E+01,7.57379E+01,7.57379E+01,7.57379E+01,7.57379E+01,7.57379E+01,7.57379E+01,3.00541E+01,7.57379E+01 
#t = 4.158E+03
7.57379E+01,7.57379E+01,7.57379E+01,7.57379E+01,7.57379E+01,7.57379E+01,7.57379E+01,7.57379E+01,7.57379E+01,7.57379E+01,7.57379E+01,7.57379E+01,7.57379E+01,7.57379E+01,7.57379E+01,7.57379E+01,7.57379E+01,7.57379E+01,7.57379E+01,7.57379E+01,7.57379E+01,7.57379E+01,7.57379E+01,7.57379E+01,7.57379E+01,7.57379E+01,7.57379E+01,7.57379E+01,9.37565E+00,7.57379E+01,7.57379E+01,7.57379E+01,7.57379E+01,7.57379E+01,7.57379E+01,7.57379E+01,7.57379E+01,7.57379E+01,7.57379E+01,7.57379E+01,7.57379E+01,7.57379E+01,7.57379E+01,7.57379E+01,7.57379E+01,7.57379E+01,7.57379E+01,7.57379E+01,7.57379E+01,7.57379E+01,7.57379E+01,7.57379E+01,7.57379E+01,7.57379E+01,2.33659E+00,7.57379E+01,7.57379E+01,7.57379E+01,7.57379E+01,7.57379E+01,7.57379E+01 
#t = 4.200E+03
7.57379E+01,7.57379E+01,7.57379E+01,7.57379E+01,7.57379E+01,7.57379E+01,7.57379E+01,7.57379E+01,8.40713E+00,7.57379E+01,7.57379E+01,7.57379E+01,7.57379E+01,7.57379E+01,7.57379E+01,7.57379E+01,7.57379E+01,7.57379E+01,7.57379E+01,7.57379E+01,7.57379E+01,7.57379E+01,7.57379E+01,7.57379E+01,7.57379E+01,7.57379E+01,7.57379E+01,7.57379E+01,7.57379E+01,7.57379E+01,7.57379E+01,1.90781E+01,7.57379E+01,7.57379E+01,7.57379E+01,7.57379E+01,7.57379E+01,1.81415E+00,7.57379E+01,7.57379E+01,7.57379E+01,7.57379E+01,7.57379E+01 
