#t = 0.000E+00
2.66205E-01,4.39388E-01,1.10757E+00,1.05677E+00,7.52827E-01 
#t = 4.200E+01
-9.99900E+03
#t = 8.400E+01
3.56182E+01,3.56182E+01,3.56182E+01,3.56182E+01,3.56182E+01,3.56182E+01,9.31446E+00 
#t = 1.260E+02
3.56182E+01,3.56182E+01,3.56182E+01,3.56182E+01,3.56182E+01,3.56182E+01,3.56182E+01,3.56182E+01,3.56182E+01,3.56182E+01,3.56182E+01,3.56182E+01,3.56182E+01,3.56182E+01,3.56182E+01,3.56182E+01,3.56182E+01,3.56182E+01,3.56182E+01,3.56182E+01,6.97784E-01,3.56182E+01,3.56182E+01,3.56182E+01,3.56182E+01,3.56182E+01,3.56182E+01,3.56182E+01,3.56182E+01,4.07333E-01,2.56924E+01,3.56182E+01,3.56182E+01,3.56182E+01,3.56182E+01,2.71411E+00,3.56182E+01,1.17557E+00,3.56182E+01,3.56182E+01 
#t = 1.680E+02
3.56182E+01,3.56182E+01,3.56182E+01,3.56182E+01,3.56182E+01,3.56182E+01,3.56182E+01,3.56182E+01,3.56182E+01,3.56182E+01,3.56182E+01,3.56182E+01,3.56182E+01,3.56182E+01,3.56182E+01,3.56182E+01,3.56182E+01,3.56182E+01,3.56182E+01,3.56182E+01,3.56182E+01,3.56182E+01,3.56182E+01,3.56182E+01,3.56182E+01,3.56182E+01,3.56182E+01,6.89684E+00,3.56182E+01,3.56182E+01,3.56182E+01,3.56182E+01,3.56182E+01 
#t = 2.100E+02
3.56182E+01,3.56182E+01,3.56182E+01,5.47418E+01,3.56182E+01,3.56182E+01,3.56182E+01,5.47418E+01,1.01375E+01,3.56182E+01,3.56182E+01,3.56182E+01,3.56182E+01,3.56182E+01,3.56182E+01,3.56182E+01,3.56182E+01,3.56182E+01,3.56182E+01,3.56182E+01,3.56182E+01,3.56182E+01,1.48393E+01,3.56182E+01,1.48393E+01,1.48393E+01,3.56182E+01,3.56182E+01,3.56182E+01,1.93274E-01,1.48393E+01,3.56182E+01,1.23969E+01,3.56182E+01,3.56182E+01 
#t = 2.520E+02
3.56182E+01,3.56182E+01,3.56182E+01,3.56182E+01,3.56182E+01,3.56182E+01,3.56182E+01,3.56182E+01,3.56182E+01,3.56182E+01,3.56182E+01,3.56182E+01,3.56182E+01,3.56182E+01,3.56182E+01,3.56182E+01,3.56182E+01,3.56182E+01,3.56182E+01,3.56182E+01,3.56182E+01,3.56182E+01,3.56182E+01,3.56182E+01,3.56182E+01,3.56182E+01,3.56182E+01,3.56182E+01,3.56182E+01,3.56182E+01,3.56182E+01,3.56182E+01,1.58666E+00,3.56182E+01,3.56182E+01,3.56182E+01,3.56182E+01 
#t = 2.940E+02
3.56182E+01,3.56182E+01,3.56182E+01,3.56182E+01,3.56182E+01,3.56182E+01,3.56182E+01,3.56182E+01,3.56182E+01,4.01158E+01,3.56182E+01,3.56182E+01,3.56182E+01,3.56182E+01,3.56182E+01,3.56182E+01,3.56182E+01,3.56182E+01,3.56182E+01,3.56182E+01,3.56182E+01,3.56182E+01,3.56182E+01,3.56182E+01,3.56182E+01,3.56182E+01,3.99018E-02,2.96388E+01,3.56182E+01,3.56182E+01,3.56182E+01,3.56182E+01,3.56182E+01,3.56182E+01,3.56182E+01 
#t = 3.360E+02
3.56182E+01,3.56182E+01,4.01158E+01,3.56182E+01,4.01158E+01,3.56182E+01,3.56182E+01,3.56182E+01,3.56182E+01,3.56182E+01,3.56182E+01,3.56182E+01,4.01158E+01,3.56182E+01,4.01158E+01,3.56182E+01,4.01158E+01,4.01158E+01,3.56182E+01,3.56182E+01,4.01158E+01,3.56182E+01,1.84128E+01,4.01158E+01,1.97808E+00,4.01158E+01,5.45357E-01,3.56182E+01,3.56182E+01,2.52240E-01,3.56182E+01,4.01158E+01,3.56182E+01 
#t = 3.780E+02
3.56182E+01,4.01158E+01,4.01158E+01,3.56182E+01,3.56182E+01,3.56182E+01,3.56182E+01,1.84128E+01,3.56182E+01,3.56182E+01,3.56182E+01,4.01158E+01,3.56182E+01,3.56182E+01,3.56182E+01,3.56182E+01,4.01158E+01,4.01158E+01,3.56182E+01,3.56182E+01,4.01158E+01,3.56182E+01,4.01158E+01,3.56182E+01,3.56182E+01,3.56182E+01,4.01158E+01,3.56182E+01,3.56182E+01,4.01158E+01,3.56182E+01,3.56182E+01,3.56182E+01,3.56182E+01,3.56182E+01,4.01158E+01,3.56182E+01 
#t = 4.200E+02
1.84128E+01,3.56182E+01,3.56182E+01,3.56182E+01,3.56182E+01,3.56182E+01,4.01158E+01,3.56182E+01,3.56182E+01,3.56182E+01,1.88988E+01,1.88988E+01,3.56182E+01,1.88988E+01,3.56182E+01,3.56182E+01,3.56182E+01,1.88988E+01,1.88988E+01,3.56182E+01,3.56182E+01,1.84128E+01,3.56182E+01,1.88988E+01,3.56182E+01,3.56182E+01,1.71017E+01,5.68284E+00,3.56182E+01,3.56182E+01,1.88988E+01,3.56182E+01,1.88988E+01,3.56182E+01,2.69701E+01,3.56182E+01,3.56182E+01 
#t = 4.620E+02
3.56182E+01,2.69701E+01,3.56182E+01,3.56182E+01,3.56182E+01,3.56182E+01,3.56182E+01,1.88988E+01,3.56182E+01,3.56182E+01,3.56182E+01,3.56182E+01,3.56182E+01,2.69701E+01,3.56182E+01,3.56182E+01,3.56182E+01,3.56182E+01,3.56182E+01,3.56182E+01,2.69701E+01,1.88988E+01,1.88988E+01,3.56182E+01,3.56182E+01,3.56182E+01,3.56182E+01 
#t = 5.040E+02
3.56182E+01,3.56182E+01,2.69701E+01,3.56182E+01,3.56182E+01,3.56182E+01,3.56182E+01,3.56182E+01,3.56182E+01,3.56182E+01,3.56182E+01,3.56182E+01,2.69701E+01,3.56182E+01,1.02617E+01,3.56182E+01,3.56182E+01,3.56182E+01,7.35700E+00,2.69701E+01,2.69701E+01,3.56182E+01,3.56182E+01,3.56182E+01,3.56182E+01,3.56182E+01,2.69701E+01,2.02336E-01 
#t = 5.460E+02
3.56182E+01,3.56182E+01,3.56182E+01,3.56182E+01,3.56182E+01,3.56182E+01,3.56182E+01,3.56182E+01,3.56182E+01,3.56182E+01,3.56182E+01,3.56182E+01,3.56182E+01,3.56182E+01,3.56182E+01,3.56182E+01,3.56182E+01,3.56182E+01,3.56182E+01,3.56182E+01,3.56182E+01,3.56182E+01,3.56182E+01,3.56182E+01,3.56182E+01,3.56182E+01,2.34394E+00 
#t = 5.880E+02
3.56182E+01,3.56182E+01,3.56182E+01,6.83199E+00,3.56182E+01,3.56182E+01,3.56182E+01,3.56182E+01,3.56182E+01,3.56182E+01,3.56182E+01,3.56182E+01,3.56182E+01,3.56182E+01,1.20862E+01,3.56182E+01,3.56182E+01,3.56182E+01,3.56182E+01,3.56182E+01,3.56182E+01,3.56182E+01,1.23398E+00,3.56182E+01,8.95314E-01,3.56182E+01,3.56182E+01,3.56182E+01,3.70239E+00,3.56182E+01,3.56182E+01,2.99303E-01,3.56182E+01 
#t = 6.300E+02
3.56182E+01,3.56182E+01,3.56182E+01,3.56182E+01,3.56182E+01,3.56182E+01,3.56182E+01,3.56182E+01,3.56182E+01,3.56182E+01,3.56182E+01,3.56182E+01,3.56182E+01,3.56182E+01,3.56182E+01,3.56182E+01,3.56182E+01,3.56182E+01,3.56182E+01,3.56182E+01,6.51005E+00,3.56182E+01,3.56182E+01,3.56182E+01,3.56182E+01,3.56182E+01,3.56182E+01,3.56182E+01,1.89926E+00,3.56182E+01,3.56182E+01,3.56182E+01,3.43870E+00,3.56182E+01,3.56182E+01,3.56182E+01,3.56182E+01 
#t = 6.720E+02
3.56182E+01,3.56182E+01,3.56182E+01,3.56182E+01,3.56182E+01,3.56182E+01,3.56182E+01,3.56182E+01,3.56182E+01,3.56182E+01,3.56182E+01,3.56182E+01,3.56182E+01,3.56182E+01,3.56182E+01,3.56182E+01,3.56182E+01,3.56182E+01,3.56182E+01,3.56182E+01,3.56182E+01,3.56182E+01,3.56182E+01,3.56182E+01,3.56182E+01,3.56182E+01,3.56182E+01,3.56182E+01,3.56182E+01,3.56182E+01,3.56182E+01,2.04774E+00,3.56182E+01,7.93871E-01,3.56182E+01,3.56182E+01,3.56182E+01,3.56182E+01,2.26119E-01 
#t = 7.140E+02
3.56182E+01,3.56182E+01,3.56182E+01,3.56182E+01,3.56182E+01,3.56182E+01,3.56182E+01,3.56182E+01,3.56182E+01,1.64100E+01,3.56182E+01,3.56182E+01,3.56182E+01,3.56182E+01,3.56182E+01,1.64100E+01,3.56182E+01,5.15731E+00,5.02302E+00,3.56182E+01,3.56182E+01,3.56182E+01,3.56182E+01,3.56182E+01,3.56182E+01,3.56182E+01,3.56182E+01,3.56182E+01,3.56182E+01,1.64100E+01,1.29033E+00,3.56182E+01,3.56182E+01,3.56182E+01,3.56182E+01,3.56182E+01,1.67688E-01 
#t = 7.560E+02
3.56182E+01,3.56182E+01,3.56182E+01,3.56182E+01,3.56182E+01,3.56182E+01,3.56182E+01,1.12653E+01,3.56182E+01,3.56182E+01,3.56182E+01,3.56182E+01,3.56182E+01,3.56182E+01,3.56182E+01,3.56182E+01,3.56182E+01,3.56182E+01,3.56182E+01,3.56182E+01,3.56182E+01,3.56182E+01,3.56182E+01,3.56182E+01,3.56182E+01,3.56182E+01,3.56182E+01,3.56182E+01,3.56182E+01,3.56182E+01,3.56182E+01,3.56182E+01,5.70862E+00,3.56182E+01,5.80418E+00,3.56182E+01,3.56182E+01,3.56182E+01,4.01569E+00 
#t = 7.980E+02
3.56182E+01,3.56182E+01,3.56182E+01,3.56182E+01,3.56182E+01,3.56182E+01,3.56182E+01,3.56182E+01,3.56182E+01,3.56182E+01,3.56182E+01,3.56182E+01,3.56182E+01,3.56182E+01,3.56182E+01,3.56182E+01,1.47410E+01,3.56182E+01,3.56182E+01,3.56182E+01,3.56182E+01,3.56182E+01,3.56182E+01,3.56182E+01,3.56182E+01,3.56182E+01,3.56182E+01,3.56182E+01,3.56182E+01,3.56182E+01,3.56182E+01,1.05477E+00,3.56182E+01,3.56182E+01,1.01639E+01,3.56182E+01,3.56182E+01,4.55802E-01,3.56182E+01,3.56182E+01,7.79857E-02 
#t = 8.400E+02
3.56182E+01,3.56182E+01,3.56182E+01,3.56182E+01,3.56182E+01,3.56182E+01,3.56182E+01,3.56182E+01,3.56182E+01,3.56182E+01,3.56182E+01,3.56182E+01,1.26723E+01,3.56182E+01,1.63296E+01,3.56182E+01,3.56182E+01,9.94531E+00,3.56182E+01,3.56182E+01,3.56182E+01,3.56182E+01,1.25638E+01,3.56182E+01,3.56182E+01,3.56182E+01,1.25638E+01,3.56182E+01,9.94457E-01,3.56182E+01,3.56182E+01,3.56182E+01,3.56182E+01 
#t = 8.820E+02
3.56182E+01,3.56182E+01,3.56182E+01,3.56182E+01,3.56182E+01,3.56182E+01,3.56182E+01,3.56182E+01,3.56182E+01,3.56182E+01,3.56182E+01,3.56182E+01,3.56182E+01,3.56182E+01,3.56182E+01,3.56182E+01,3.56182E+01,3.56182E+01,2.63634E+01,3.56182E+01,3.56182E+01,2.01730E+01,3.56182E+01,3.56182E+01,3.56182E+01,3.56182E+01,3.56182E+01,1.29779E+01,3.56182E+01,3.56182E+01,3.56182E+01,3.56182E+01,3.56182E+01,3.56182E+01,3.56182E+01,3.56182E+01,3.89834E-02,3.56182E+01 
#t = 9.240E+02
3.56182E+01,3.56182E+01,3.56182E+01,3.56182E+01,3.56182E+01,3.56182E+01,3.56182E+01,3.56182E+01,3.56182E+01,1.88538E+01,3.56182E+01,3.56182E+01,3.56182E+01,3.56182E+01,3.56182E+01,3.56182E+01,3.56182E+01,3.56182E+01,1.79804E+01,1.88538E+01,3.56182E+01,1.20330E+01,4.10062E+00,3.56182E+01,3.56182E+01,3.56182E+01,3.56182E+01,3.56182E+01,3.56182E+01,1.05173E+01,3.56182E+01,3.56182E+01,1.88538E+01,3.56182E+01,3.56182E+01,3.56182E+01,3.56182E+01,1.88538E+01,1.79804E+01,3.56182E+01,1.61554E+00 
#t = 9.660E+02
3.56182E+01,3.56182E+01,1.88538E+01,3.56182E+01,3.56182E+01,3.56182E+01,3.56182E+01,1.88538E+01,3.56182E+01,3.56182E+01,3.56182E+01,3.56182E+01,3.56182E+01,3.56182E+01,3.56182E+01,1.69300E+01,3.56182E+01,3.56182E+01,3.56182E+01,3.56182E+01,3.56182E+01,3.56182E+01,3.56182E+01,3.56182E+01,3.56182E+01,3.56182E+01,3.56182E+01,2.15413E+01,3.56182E+01,3.56182E+01,3.56182E+01,3.56182E+01,3.56182E+01,3.56182E+01,1.88538E+01,1.69300E+01 
#t = 1.008E+03
3.56182E+01,3.56182E+01,3.56182E+01,3.56182E+01,3.56182E+01,3.56182E+01,3.56182E+01,3.56182E+01,3.56182E+01,3.56182E+01,3.56182E+01,3.56182E+01,3.56182E+01,3.56182E+01,3.56182E+01,3.56182E+01,3.56182E+01,3.56182E+01,8.20331E+01,3.56182E+01,3.56182E+01,3.56182E+01,3.56182E+01,3.56182E+01,3.56182E+01,8.20331E+01,8.20331E+01,2.97117E+00,3.56182E+01,8.20331E+01,9.79383E+00,3.56182E+01,3.56182E+01,3.56182E+01,3.02993E-01 
#t = 1.050E+03
8.20331E+01,8.20331E+01,3.56182E+01,3.56182E+01,8.20331E+01,3.56182E+01,3.56182E+01,8.20331E+01,8.20331E+01,3.56182E+01,3.56182E+01,3.56182E+01,8.20331E+01,3.56182E+01,3.56182E+01,8.20331E+01,3.56182E+01,8.20331E+01,3.56182E+01,3.56182E+01,8.20331E+01,8.20331E+01,3.56182E+01,8.20331E+01,3.56182E+01,3.56182E+01,3.56182E+01,8.20331E+01,8.20331E+01,3.56182E+01,8.20331E+01,8.20331E+01,2.36756E+00,8.20331E+01,8.20331E+01,3.56182E+01 
#t = 1.092E+03
3.56182E+01,8.20331E+01,8.20331E+01,8.20331E+01,3.56182E+01,3.56182E+01,8.20331E+01,8.20331E+01,8.20331E+01,3.56182E+01,8.20331E+01,3.56182E+01,3.81986E+01,3.56182E+01,8.20331E+01,8.20331E+01,8.20331E+01,8.20331E+01,8.20331E+01,3.56182E+01,3.56182E+01,8.20331E+01,3.56182E+01,8.20331E+01,8.20331E+01,8.20331E+01,8.20331E+01,8.20331E+01,3.56182E+01,8.20331E+01,3.56182E+01,3.56182E+01,8.20331E+01,8.20331E+01,8.20331E+01,6.51655E+00,3.56182E+01,3.56182E+01,8.20331E+01,8.20331E+01,3.56182E+01,3.56182E+01,8.20331E+01,8.20331E+01,3.56182E+01,6.69483E-01,3.56182E+01,3.56182E+01,3.56182E+01,8.20331E+01,3.56182E+01,8.20331E+01 
#t = 1.134E+03
8.20331E+01,3.81986E+01,3.56182E+01,3.56182E+01,3.56182E+01,3.56182E+01,3.56182E+01,3.56182E+01,8.20331E+01,8.20331E+01,8.20331E+01,3.56182E+01,8.20331E+01,3.56182E+01,8.20331E+01,3.56182E+01,3.56182E+01,3.56182E+01,3.56182E+01,3.56182E+01,3.56182E+01,3.56182E+01,3.56182E+01,8.20331E+01,3.56182E+01,8.20331E+01,8.20331E+01,8.20331E+01,8.20331E+01,8.20331E+01,3.56182E+01,8.20331E+01,8.20331E+01,3.56182E+01,3.56182E+01,3.56182E+01,1.35611E+01,3.56182E+01,3.56182E+01,8.20331E+01,3.56182E+01,8.20331E+01,3.56182E+01,3.56182E+01 
#t = 1.176E+03
8.20331E+01,3.56182E+01,8.20331E+01,3.56182E+01,3.56182E+01,3.56182E+01,3.56182E+01,3.56182E+01,3.56182E+01,8.20331E+01,3.56182E+01,3.56182E+01,3.56182E+01,3.56182E+01,8.20331E+01,8.20331E+01,8.20331E+01,3.56182E+01,3.56182E+01,8.20331E+01,3.56182E+01,8.20331E+01,1.07608E+02,3.56182E+01,3.56182E+01,3.56182E+01,3.56182E+01,3.56182E+01,8.20331E+01,8.12963E-01,1.69995E+01,8.20331E+01,3.56182E+01,3.56182E+01,3.56182E+01,8.20331E+01,8.20331E+01 
#t = 1.218E+03
3.56182E+01,3.56182E+01,3.56182E+01,8.20331E+01,8.20331E+01,3.56182E+01,3.56182E+01,8.20331E+01,3.56182E+01,3.56182E+01,3.56182E+01,8.20331E+01,3.56182E+01,8.20331E+01,8.20331E+01,8.20331E+01,8.20331E+01,8.20331E+01,3.56182E+01,3.56182E+01,8.20331E+01,8.20331E+01,8.20331E+01,3.56182E+01,3.56182E+01,8.20331E+01,3.56182E+01,3.56182E+01,3.56182E+01,8.20331E+01,3.56182E+01,3.56182E+01,8.20331E+01,3.56182E+01,3.56182E+01,3.56182E+01,3.56182E+01,3.56182E+01,3.56182E+01,3.56182E+01,2.71569E+00,8.20331E+01,8.20331E+01,3.56182E+01 
#t = 1.260E+03
3.56182E+01,8.20331E+01,3.56182E+01,3.56182E+01,3.56182E+01,8.20331E+01,8.20331E+01,3.56182E+01,3.56182E+01,3.56182E+01,8.20331E+01,8.20331E+01,3.56182E+01,3.56182E+01,8.20331E+01,8.20331E+01,8.20331E+01,3.56182E+01,8.20331E+01,3.56182E+01,3.56182E+01,8.20331E+01,8.20331E+01,8.20331E+01,8.20331E+01,3.56182E+01,8.20331E+01,1.68963E+00,3.21816E-01,3.56182E+01,3.56182E+01,3.56182E+01,8.20331E+01,8.20331E+01 
#t = 1.302E+03
8.20331E+01,3.56182E+01,8.20331E+01,8.20331E+01,8.72228E+00,8.20331E+01,3.56182E+01,8.20331E+01,3.56182E+01,3.56182E+01,8.20331E+01,3.56182E+01,3.56182E+01,8.20331E+01,3.56182E+01,3.56182E+01,3.56182E+01,8.20331E+01,3.56182E+01,3.56182E+01,8.20331E+01,1.08916E+01,8.20331E+01,3.56182E+01,8.20331E+01,8.20331E+01,3.56182E+01,8.20331E+01,8.20331E+01,3.56182E+01,8.20331E+01,8.20331E+01,3.56182E+01,3.56182E+01,8.20331E+01,8.20331E+01,8.20331E+01,8.20331E+01,8.20331E+01,8.20331E+01,8.20331E+01,3.56182E+01,8.20331E+01,8.20331E+01,3.56182E+01 
#t = 1.344E+03
8.20331E+01,8.20331E+01,8.20331E+01,8.20331E+01,8.20331E+01,3.56182E+01,8.20331E+01,8.20331E+01,3.56182E+01,9.76215E+00,8.20331E+01,3.56182E+01,3.56182E+01,8.20331E+01,8.20331E+01,3.56182E+01,8.20331E+01,8.20331E+01,8.20331E+01,8.20331E+01,8.20331E+01,8.20331E+01,8.20331E+01,8.20331E+01,3.56182E+01,3.56182E+01,8.20331E+01,8.20331E+01,8.20331E+01,8.81806E+00,3.56182E+01,8.20331E+01,8.20331E+01,8.20331E+01,8.20331E+01,8.20331E+01,4.96110E+00,8.20331E+01,8.20331E+01,3.56182E+01,8.20331E+01,8.20331E+01 
#t = 1.386E+03
3.56182E+01,8.20331E+01,3.56182E+01,8.20331E+01,8.20331E+01,8.20331E+01,8.20331E+01,8.20331E+01,8.20331E+01,8.20331E+01,8.20331E+01,8.20331E+01,8.20331E+01,8.20331E+01,8.20331E+01,8.20331E+01,8.20331E+01,8.20331E+01,8.20331E+01,8.20331E+01,8.20331E+01,8.20331E+01,8.20331E+01,8.20331E+01,8.20331E+01,3.56182E+01,8.20331E+01,8.20331E+01,5.98843E+01,8.20331E+01,8.20331E+01,8.20331E+01,8.20331E+01,8.20331E+01,8.20331E+01,8.20331E+01,8.20331E+01,8.20331E+01,8.20331E+01,1.08795E+00,8.20331E+01,8.20331E+01,7.69170E-01,8.20331E+01 
#t = 1.428E+03
3.56182E+01,8.20331E+01,5.98843E+01,8.20331E+01,8.20331E+01,8.20331E+01,8.20331E+01,8.20331E+01,5.98843E+01,8.20331E+01,8.20331E+01,8.20331E+01,8.20331E+01,8.20331E+01,8.20331E+01,8.20331E+01,8.20331E+01,8.20331E+01,8.20331E+01,3.56182E+01,8.20331E+01,3.22287E+01,1.30610E+01,8.20331E+01,8.20331E+01,8.20331E+01,8.20331E+01,8.20331E+01,1.32619E+01,8.20331E+01,8.20331E+01,8.20331E+01,8.20331E+01,8.20331E+01,8.20331E+01,1.32619E+01,8.20331E+01,8.20331E+01,8.20331E+01,3.22287E+01,8.20331E+01,8.20331E+01,1.32619E+01,1.30610E+01,8.20331E+01,8.20331E+01,8.20331E+01 
#t = 1.470E+03
8.20331E+01,3.56182E+01,1.30610E+01,8.20331E+01,1.30610E+01,8.20331E+01,8.20331E+01,8.20331E+01,3.56182E+01,8.20331E+01,8.20331E+01,5.98843E+01,3.56182E+01,8.20331E+01,3.56182E+01,8.20331E+01,8.20331E+01,3.56182E+01,8.20331E+01,8.20331E+01,5.98843E+01,5.98843E+01,3.56182E+01,8.20331E+01,3.56182E+01,1.30610E+01,1.30610E+01,8.20331E+01,1.30610E+01,1.79032E+00,4.34603E+01,8.20331E+01,8.20331E+01,1.89157E+01,8.20331E+01,1.52472E+00,1.39839E+00,3.56182E+01,3.56182E+01,8.20331E+01,8.20331E+01,8.20331E+01,8.20331E+01 
#t = 1.512E+03
8.20331E+01,8.20331E+01,1.30610E+01,8.20331E+01,1.30610E+01,8.20331E+01,8.20331E+01,8.20331E+01,8.20331E+01,8.20331E+01,5.98843E+01,1.30610E+01,8.20331E+01,1.30610E+01,8.20331E+01,8.20331E+01,5.98843E+01,8.20331E+01,8.20331E+01,8.20331E+01,1.30610E+01,8.20331E+01,8.20331E+01,8.20331E+01,8.20331E+01,8.20331E+01,8.20331E+01,8.20331E+01,8.20331E+01,7.99679E-02,8.20331E+01,8.20331E+01,8.20331E+01,5.98843E+01,1.30610E+01,8.20331E+01,2.18154E+01,8.20331E+01,3.47725E-01 
#t = 1.554E+03
8.20331E+01,8.20331E+01,8.20331E+01,8.20331E+01,8.20331E+01,8.20331E+01,8.20331E+01,5.98843E+01,8.20331E+01,8.20331E+01,8.20331E+01,8.20331E+01,8.20331E+01,8.20331E+01,8.20331E+01,8.20331E+01,8.09248E+00,8.20331E+01,8.20331E+01,8.20331E+01,8.20331E+01,4.75144E+01,1.18565E+01,8.20331E+01,4.75144E+01,8.20331E+01,8.20331E+01,1.18565E+01,8.20331E+01,8.20331E+01,8.20331E+01,8.20331E+01,8.20331E+01,8.20331E+01,8.20331E+01,8.20331E+01,8.20331E+01,4.37062E+00,8.20331E+01,8.20331E+01,8.20331E+01,5.40620E-01,8.20331E+01 
#t = 1.596E+03
8.20331E+01,8.20331E+01,8.20331E+01,8.20331E+01,8.20331E+01,8.20331E+01,8.20331E+01,8.20331E+01,8.20331E+01,8.20331E+01,8.20331E+01,8.20331E+01,8.20331E+01,8.20331E+01,8.20331E+01,8.20331E+01,8.20331E+01,8.20331E+01,8.20331E+01,8.20331E+01,8.20331E+01,8.20331E+01,8.20331E+01,8.20331E+01,8.20331E+01,4.75144E+01,8.20331E+01,8.20331E+01,9.82905E+00,8.20331E+01,8.20331E+01,3.75013E+00,8.20331E+01,1.18565E+01,8.20331E+01,8.20331E+01,8.20331E+01,8.20331E+01,8.20331E+01,1.40371E+00,8.20331E+01,8.20331E+01,8.20331E+01,8.20331E+01,8.20331E+01,4.75144E+01,8.20331E+01,8.20331E+01,6.67487E+00,8.20331E+01 
#t = 1.638E+03
8.20331E+01,8.20331E+01,8.20331E+01,8.20331E+01,8.20331E+01,8.20331E+01,4.75144E+01,8.20331E+01,8.20331E+01,8.20331E+01,8.20331E+01,8.20331E+01,8.20331E+01,8.20331E+01,8.20331E+01,8.20331E+01,8.20331E+01,8.20331E+01,8.20331E+01,8.20331E+01,8.20331E+01,8.20331E+01,8.20331E+01,8.20331E+01,8.20331E+01,8.20331E+01,8.20331E+01,8.20331E+01,8.20331E+01,8.20331E+01,8.20331E+01,8.20331E+01,8.20331E+01,8.20331E+01,8.20331E+01,8.20331E+01,8.20331E+01,8.20331E+01,8.20331E+01,8.20331E+01,4.75144E+01,8.20331E+01,8.20331E+01,8.20331E+01,8.20331E+01,4.75144E+01,8.20331E+01,8.20331E+01,8.20331E+01,8.20331E+01,8.20331E+01,8.20331E+01,8.20331E+01,8.20331E+01,4.75144E+01,8.20331E+01,8.20331E+01,8.20331E+01,4.75144E+01,4.69569E+00 
#t = 1.680E+03
8.20331E+01,8.20331E+01,8.20331E+01,4.75144E+01,8.20331E+01,4.75144E+01,8.20331E+01,8.20331E+01,8.20331E+01,8.20331E+01,6.46479E+00,8.20331E+01,8.20331E+01,4.75144E+01,8.20331E+01,8.20331E+01,1.41228E+02,4.75144E+01,8.20331E+01,8.20331E+01,8.20331E+01,8.20331E+01,8.20331E+01,8.20331E+01,8.20331E+01,8.20331E+01,8.20331E+01,8.20331E+01,8.20331E+01,8.20331E+01,8.20331E+01,8.20331E+01,8.20331E+01,8.20331E+01,8.20331E+01,4.75144E+01,8.20331E+01,4.75144E+01,8.20331E+01,8.20331E+01,8.20331E+01,4.95247E-01,8.20331E+01,8.20331E+01,8.20331E+01,8.20331E+01,8.20331E+01 
#t = 1.722E+03
4.75144E+01,4.75144E+01,8.20331E+01,8.20331E+01,8.20331E+01,8.20331E+01,4.75144E+01,8.20331E+01,8.20331E+01,8.20331E+01,8.20331E+01,8.20331E+01,8.20331E+01,8.20331E+01,1.39288E+01,8.20331E+01,8.20331E+01,8.20331E+01,8.20331E+01,8.20331E+01,4.75144E+01,8.20331E+01,4.66048E-01,8.20331E+01,8.20331E+01,8.20331E+01,8.20331E+01,4.75144E+01,8.20331E+01,8.20331E+01,8.20331E+01,1.39288E+01,8.20331E+01,8.20331E+01,7.57591E+00,9.22719E-01,4.75144E+01 
#t = 1.764E+03
8.20331E+01,8.20331E+01,4.75144E+01,8.20331E+01,8.20331E+01,8.20331E+01,8.20331E+01,1.39288E+01,8.20331E+01,4.75144E+01,8.20331E+01,8.20331E+01,8.20331E+01,8.20331E+01,8.20331E+01,8.20331E+01,8.20331E+01,8.20331E+01,2.08730E+00,8.20331E+01,8.20331E+01,8.20331E+01,8.20331E+01,8.20331E+01,8.20331E+01,8.20331E+01,8.20331E+01,8.20331E+01,8.20331E+01,4.75144E+01,8.20331E+01,2.62966E-01,8.20331E+01,6.57989E-02,8.20331E+01,8.20331E+01 
#t = 1.806E+03
8.20331E+01,8.20331E+01,8.20331E+01,8.20331E+01,8.20331E+01,8.20331E+01,8.20331E+01,4.75144E+01,8.20331E+01,8.20331E+01,8.20331E+01,8.20331E+01,4.75144E+01,8.20331E+01,8.20331E+01,8.20331E+01,8.20331E+01,8.20331E+01,8.20331E+01,9.22151E+00,8.20331E+01,4.75144E+01,4.75144E+01,4.75144E+01,8.20331E+01,8.20331E+01,8.20331E+01,4.75144E+01,8.20331E+01,4.75144E+01,8.20331E+01,8.20331E+01,8.20331E+01,8.20331E+01,8.20331E+01,4.75144E+01,8.20331E+01,4.75144E+01,8.20331E+01,8.20331E+01,2.11716E-01 
#t = 1.848E+03
8.20331E+01,8.20331E+01,8.20331E+01,8.20331E+01,8.20331E+01,8.20331E+01,8.20331E+01,8.20331E+01,8.20331E+01,8.20331E+01,8.20331E+01,8.20331E+01,8.20331E+01,8.20331E+01,8.20331E+01,8.20331E+01,8.20331E+01,8.20331E+01,8.20331E+01,8.20331E+01,8.20331E+01,8.20331E+01,8.20331E+01,8.20331E+01,8.20331E+01,8.20331E+01,8.20331E+01,8.20331E+01,8.20331E+01,8.20331E+01,8.20331E+01,8.20331E+01,8.20331E+01,8.20331E+01,8.20331E+01,8.20331E+01,8.20331E+01,8.20331E+01,6.45321E+00,8.20331E+01,8.20331E+01,8.20331E+01 
#t = 1.890E+03
8.20331E+01,8.20331E+01,8.20331E+01,8.20331E+01,8.20331E+01,8.20331E+01,8.20331E+01,8.20331E+01,8.20331E+01,8.20331E+01,8.20331E+01,8.20331E+01,8.20331E+01,8.20331E+01,2.51624E+01,8.20331E+01,2.51624E+01,8.20331E+01,8.20331E+01,2.51624E+01,8.20331E+01,8.20331E+01,8.20331E+01,8.20331E+01,8.20331E+01,8.20331E+01,8.20331E+01,8.20331E+01,8.20331E+01,8.20331E+01,8.20331E+01,8.20331E+01,8.20331E+01,8.20331E+01,8.20331E+01,8.20331E+01,8.20331E+01,8.20331E+01,8.20331E+01,8.20331E+01,2.85782E+01,2.51624E+01,6.50711E-01,8.20331E+01,1.83043E+00,8.20331E+01,8.20331E+01 
#t = 1.932E+03
8.20331E+01,8.20331E+01,8.20331E+01,8.20331E+01,8.20331E+01,8.20331E+01,8.20331E+01,8.20331E+01,8.20331E+01,8.20331E+01,8.20331E+01,8.20331E+01,8.20331E+01,8.20331E+01,8.20331E+01,8.20331E+01,8.20331E+01,8.20331E+01,8.20331E+01,8.20331E+01,8.20331E+01,8.20331E+01,3.77270E+00,8.20331E+01,8.20331E+01,8.20331E+01,8.20331E+01,8.20331E+01,8.20331E+01,8.20331E+01,8.20331E+01,8.20331E+01 
#t = 1.974E+03
8.20331E+01,8.20331E+01,8.20331E+01,8.20331E+01,8.20331E+01,8.20331E+01,8.20331E+01,8.20331E+01,8.20331E+01,8.20331E+01,8.20331E+01,8.20331E+01,8.20331E+01,8.20331E+01,8.20331E+01,8.20331E+01,8.20331E+01,8.20331E+01,8.20331E+01,8.20331E+01,8.20331E+01,8.20331E+01,8.20331E+01,8.20331E+01,8.20331E+01,8.20331E+01,1.32152E+01,8.20331E+01,8.20331E+01,8.20331E+01,8.20331E+01,8.20331E+01,8.20331E+01,8.20331E+01,8.20331E+01,1.50449E+00,8.29194E-01 
#t = 2.016E+03
8.20331E+01,8.20331E+01,8.20331E+01,8.20331E+01,8.20331E+01,8.20331E+01,8.20331E+01,8.20331E+01,8.20331E+01,8.20331E+01,8.20331E+01,8.20331E+01,8.20331E+01,8.20331E+01,8.20331E+01,8.20331E+01,8.20331E+01,8.20331E+01,8.20331E+01,8.20331E+01,8.20331E+01,8.20331E+01,8.20331E+01,8.20331E+01,8.20331E+01,8.20331E+01,8.20331E+01,8.20331E+01,8.20331E+01,8.20331E+01,8.20331E+01,8.20331E+01,8.20331E+01,8.20331E+01,8.20331E+01,8.20331E+01,8.20331E+01,8.20331E+01,8.20331E+01,8.20331E+01,8.20331E+01,3.64445E+00,8.20331E+01,8.20331E+01,8.20331E+01,8.20331E+01,8.20331E+01 
#t = 2.058E+03
8.20331E+01,8.20331E+01,8.20331E+01,8.20331E+01,8.20331E+01,8.20331E+01,8.20331E+01,8.20331E+01,8.20331E+01,8.20331E+01,8.20331E+01,8.20331E+01,8.20331E+01,8.20331E+01,8.20331E+01,8.20331E+01,8.20331E+01,8.20331E+01,8.20331E+01,8.20331E+01,8.20331E+01,8.20331E+01,8.20331E+01,8.20331E+01,8.20331E+01,8.20331E+01,8.20331E+01,8.20331E+01,8.20331E+01,8.20331E+01,8.20331E+01,8.20331E+01,8.20331E+01,8.20331E+01,8.20331E+01,1.23041E+01,8.20331E+01,8.20331E+01,8.20331E+01,8.20331E+01,1.73337E+00,8.20331E+01 
#t = 2.100E+03
8.20331E+01,8.20331E+01,8.20331E+01,8.20331E+01,1.23041E+01,8.20331E+01,8.20331E+01,8.20331E+01,8.20331E+01,8.20331E+01,8.20331E+01,8.20331E+01,8.20331E+01,8.20331E+01,8.20331E+01,8.20331E+01,8.20331E+01,8.20331E+01,8.20331E+01,8.20331E+01,8.20331E+01,8.20331E+01,8.20331E+01,1.23041E+01,8.20331E+01,8.20331E+01,8.20331E+01,2.77291E+00,8.20331E+01,8.20331E+01,8.20331E+01,8.20331E+01,8.20331E+01,8.20331E+01,8.20331E+01,8.20331E+01,4.41601E+00 
#t = 2.142E+03
8.20331E+01,8.20331E+01,8.20331E+01,8.20331E+01,8.20331E+01,8.20331E+01,1.51904E+01,8.20331E+01,8.20331E+01,8.20331E+01,8.20331E+01,8.20331E+01,1.23041E+01,8.20331E+01,8.20331E+01,8.20331E+01,8.20331E+01,8.20331E+01,8.20331E+01,8.20331E+01,8.20331E+01,8.20331E+01,8.20331E+01,8.20331E+01,8.20331E+01,8.20331E+01,4.57499E+00,8.20331E+01,8.20331E+01,7.20601E-01,8.20331E+01,8.20331E+01,8.20331E+01,8.20331E+01,1.23041E+01,8.20331E+01,3.39543E-01 
#t = 2.184E+03
8.20331E+01,8.20331E+01,8.20331E+01,8.20331E+01,1.04465E+01,8.20331E+01,8.20331E+01,9.28150E+00,8.20331E+01,8.20331E+01,8.20331E+01,8.20331E+01,8.20331E+01,8.20331E+01,8.20331E+01,8.20331E+01,8.20331E+01,8.20331E+01,8.20331E+01,8.20331E+01,8.20331E+01,8.20331E+01,8.20331E+01,8.20331E+01,1.49577E+01,8.20331E+01,8.20331E+01,1.49577E+01,8.20331E+01,8.20331E+01,8.20331E+01,8.20331E+01,1.12854E+01,8.20331E+01,8.20331E+01,8.20331E+01,8.20331E+01,8.20331E+01,8.20331E+01 
#t = 2.226E+03
8.20331E+01,8.20331E+01,8.20331E+01,8.20331E+01,8.20331E+01,8.20331E+01,1.49577E+01,8.20331E+01,8.20331E+01,8.20331E+01,8.20331E+01,8.20331E+01,8.20331E+01,8.20331E+01,8.20331E+01,8.20331E+01,8.20331E+01,8.20331E+01,8.20331E+01,8.20331E+01,1.49577E+01,8.20331E+01,8.20331E+01,8.51698E+00,8.20331E+01,2.51295E-01,8.20331E+01,8.20331E+01,8.20331E+01,8.20331E+01,8.20331E+01,8.20331E+01,8.20331E+01,8.20331E+01,8.20331E+01,8.20331E+01,8.20331E+01,1.49577E+01 
#t = 2.268E+03
8.20331E+01,1.49577E+01,8.20331E+01,8.20331E+01,8.20331E+01,8.20331E+01,8.20331E+01,8.20331E+01,8.20331E+01,8.20331E+01,8.20331E+01,8.20331E+01,8.20331E+01,8.20331E+01,8.20331E+01,8.20331E+01,2.25600E+01,8.20331E+01,8.20331E+01,8.20331E+01,8.20331E+01,8.20331E+01,8.20331E+01,8.20331E+01,8.20331E+01,8.20331E+01,8.20331E+01,8.20331E+01,8.20331E+01,8.20331E+01,8.20331E+01,8.20331E+01,8.20331E+01,8.20331E+01,5.95077E-01,8.20331E+01,8.20331E+01,5.41537E+00,8.20331E+01,8.20331E+01,8.20331E+01 
#t = 2.310E+03
8.20331E+01,8.20331E+01,2.25600E+01,8.20331E+01,8.20331E+01,1.34229E+01,8.20331E+01,1.57858E+01,1.49577E+01,8.20331E+01,1.41320E+01,8.20331E+01,8.20331E+01,8.20331E+01,8.20331E+01,8.20331E+01,8.20331E+01,8.20331E+01,1.57858E+01,8.20331E+01,8.20331E+01,8.20331E+01,1.57858E+01,8.20331E+01,8.20331E+01,8.20331E+01,8.20331E+01,8.20331E+01,1.57858E+01,8.20331E+01,8.20331E+01,8.20331E+01,8.20331E+01,8.20331E+01,9.54208E-01,8.20331E+01,8.20331E+01,8.20331E+01,3.10776E+00,8.20331E+01,7.25789E-01,8.20331E+01,3.29967E+00,8.20331E+01 
#t = 2.352E+03
1.34229E+01,8.20331E+01,8.20331E+01,8.20331E+01,8.20331E+01,1.25714E+01,8.20331E+01,8.20331E+01,8.20331E+01,8.20331E+01,8.20331E+01,8.20331E+01,8.20331E+01,8.20331E+01,8.20331E+01,8.20331E+01,8.20331E+01,3.08014E+01,8.20331E+01,8.20331E+01,8.20331E+01,8.20331E+01,8.20331E+01,8.20331E+01,3.08014E+01,8.20331E+01,8.20331E+01,8.20331E+01,3.08014E+01,8.20331E+01,8.20331E+01,8.20331E+01,8.20331E+01,8.20331E+01,1.02686E+01,8.20331E+01,5.48147E-01,8.20331E+01 
#t = 2.394E+03
8.20331E+01,8.20331E+01,8.20331E+01,8.20331E+01,8.20331E+01,8.20331E+01,8.20331E+01,8.20331E+01,8.20331E+01,8.20331E+01,8.20331E+01,8.20331E+01,8.20331E+01,8.20331E+01,8.20331E+01,8.20331E+01,8.20331E+01,8.20331E+01,8.20331E+01,8.20331E+01,8.20331E+01,2.76791E-01,8.20331E+01,8.20331E+01,8.20331E+01,8.20331E+01,8.20331E+01,8.20331E+01,2.26958E+00 
#t = 2.436E+03
8.20331E+01,8.20331E+01,8.20331E+01,8.20331E+01,8.20331E+01,8.20331E+01,8.20331E+01,8.20331E+01,8.20331E+01,8.20331E+01,8.20331E+01,8.20331E+01,8.20331E+01,8.20331E+01,8.20331E+01,8.20331E+01,8.20331E+01,8.20331E+01,8.20331E+01,8.20331E+01,8.20331E+01,8.20331E+01,8.20331E+01,8.20331E+01,8.20331E+01,8.20331E+01,8.20331E+01,8.20331E+01,8.20331E+01,8.20331E+01,8.20331E+01,8.20331E+01,8.20331E+01,8.20331E+01,8.20331E+01,8.20331E+01,8.20331E+01,8.20331E+01,8.20331E+01,8.20331E+01,8.20331E+01,7.29213E+00,8.20331E+01 
#t = 2.478E+03
8.20331E+01,8.20331E+01,8.20331E+01,8.20331E+01,8.20331E+01,8.20331E+01,8.20331E+01,8.20331E+01,8.20331E+01,2.04510E+01,8.20331E+01,8.20331E+01,8.20331E+01,8.20331E+01,8.20331E+01,8.20331E+01,8.20331E+01,8.20331E+01,8.20331E+01,8.20331E+01,8.20331E+01,8.20331E+01,8.20331E+01,8.20331E+01,3.88308E-01,8.20331E+01,8.20331E+01,8.20331E+01,8.20331E+01,8.20331E+01,8.20331E+01,8.20331E+01,8.20331E+01,8.20331E+01,8.20331E+01,8.20331E+01,8.20331E+01 
#t = 2.520E+03
8.20331E+01,8.20331E+01,8.20331E+01,8.20331E+01,8.20331E+01,4.39944E+01,8.20331E+01,8.20331E+01,8.20331E+01,8.20331E+01,8.20331E+01,8.20331E+01,8.20331E+01,8.20331E+01,8.20331E+01,8.20331E+01,8.20331E+01,8.20331E+01,8.20331E+01,8.20331E+01,8.20331E+01,8.20331E+01,8.20331E+01,8.20331E+01,8.20331E+01,8.20331E+01,8.20331E+01,8.20331E+01,8.20331E+01,8.20331E+01,8.20331E+01,8.20331E+01,8.20331E+01,8.20331E+01,8.20331E+01,7.33453E+00 
#t = 2.562E+03
8.20331E+01,8.20331E+01,4.39944E+01,8.20331E+01,8.20331E+01,8.20331E+01,8.20331E+01,8.20331E+01,8.20331E+01,8.20331E+01,8.20331E+01,8.20331E+01,8.20331E+01,8.20331E+01,8.20331E+01,8.20331E+01,8.20331E+01,8.20331E+01,8.20331E+01,8.20331E+01,8.20331E+01,8.20331E+01,4.39944E+01,8.20331E+01,8.20331E+01,8.20331E+01,8.20331E+01,8.20331E+01,8.20331E+01,6.99701E+00,8.20331E+01,8.20331E+01,8.20331E+01,8.20331E+01,8.20331E+01,7.42889E+00,8.20331E+01,8.20331E+01,8.20331E+01,8.20331E+01 
#t = 2.604E+03
4.39944E+01,8.20331E+01,8.20331E+01,8.20331E+01,8.20331E+01,8.20331E+01,4.39944E+01,8.20331E+01,8.20331E+01,8.20331E+01,8.20331E+01,8.20331E+01,8.20331E+01,8.20331E+01,8.20331E+01,8.20331E+01,8.20331E+01,8.20331E+01,8.20331E+01,8.20331E+01,8.20331E+01,9.60834E+00,8.20331E+01,8.20331E+01,8.20331E+01,8.20331E+01,4.39944E+01,8.20331E+01,8.20331E+01,8.20331E+01,8.20331E+01,2.05336E+01,8.20331E+01,8.20331E+01,8.20331E+01,8.20331E+01,8.20331E+01,8.20331E+01,8.20331E+01,4.39944E+01,8.20331E+01,1.71048E+00,8.20331E+01,1.77305E+00,1.22600E+00 
#t = 2.646E+03
8.20331E+01,8.20331E+01,8.20331E+01,8.20331E+01,8.20331E+01,8.20331E+01,8.20331E+01,8.20331E+01,8.20331E+01,8.20331E+01,8.20331E+01,8.20331E+01,8.20331E+01,8.20331E+01,8.20331E+01,8.20331E+01,8.20331E+01,8.20331E+01,8.20331E+01,8.20331E+01,8.20331E+01,8.20331E+01,8.20331E+01,8.20331E+01,8.20331E+01,8.20331E+01,8.20331E+01,8.20331E+01,8.20331E+01,8.20331E+01,8.20331E+01,8.20331E+01,3.96236E+01,8.20331E+01,8.20331E+01,8.20331E+01,8.20331E+01,8.20331E+01,8.20331E+01,9.47085E+00,8.20331E+01,3.96236E+01,8.20331E+01,8.20331E+01,8.20331E+01,8.20331E+01 
#t = 2.688E+03
8.20331E+01,8.20331E+01,8.20331E+01,8.20331E+01,8.20331E+01,8.20331E+01,3.96236E+01,8.20331E+01,1.93108E+01,8.20331E+01,1.91255E+01,8.20331E+01,8.20331E+01,1.93108E+01,8.20331E+01,1.93108E+01,3.96236E+01,8.20331E+01,8.20331E+01,1.91255E+01,8.20331E+01,1.27631E+01,8.20331E+01,8.20331E+01,8.20331E+01,8.20331E+01,8.20331E+01,8.20331E+01,1.93108E+01,8.20331E+01,1.93108E+01,8.20331E+01,8.20331E+01,3.96236E+01,8.20331E+01,1.91255E+01,8.20331E+01,8.20331E+01,3.96236E+01,1.93108E+01,1.20406E+01,8.20331E+01,8.20331E+01,8.20331E+01,8.20331E+01,8.20331E+01,1.93108E+01 
#t = 2.730E+03
1.27631E+01,8.20331E+01,1.20406E+01,8.20331E+01,9.73648E+00,8.20331E+01,8.20331E+01,1.93108E+01,8.20331E+01,8.20331E+01,8.20331E+01,8.20331E+01,1.20406E+01,8.20331E+01,8.20331E+01,8.20331E+01,8.20331E+01,1.93108E+01,1.59686E+01,1.93108E+01,8.20331E+01,8.20331E+01,8.20331E+01,8.20331E+01,3.32831E-01,8.20331E+01,8.20331E+01,1.20406E+01,8.20331E+01,8.20331E+01,8.20331E+01,3.78503E-01,1.59686E+01,8.20331E+01,1.27631E+01,1.93108E+01,8.20331E+01,3.12670E-01 
#t = 2.772E+03
8.20331E+01,8.20331E+01,8.20331E+01,1.20406E+01,8.20331E+01,8.20331E+01,8.20331E+01,8.20331E+01,8.20331E+01,8.20331E+01,8.20331E+01,1.93108E+01,8.20331E+01,8.20331E+01,8.20331E+01,8.20331E+01,8.20331E+01,8.20331E+01,8.20331E+01,8.20331E+01,8.20331E+01,8.20331E+01,1.93108E+01,8.20331E+01,8.20331E+01,8.20331E+01,8.20331E+01,8.20331E+01,8.20331E+01,3.11272E+00,8.20331E+01,8.20331E+01,8.20331E+01,8.20331E+01,4.37032E+00,2.37522E+01,1.11761E+01,8.20331E+01,8.20331E+01,8.20331E+01 
#t = 2.814E+03
8.20331E+01,8.20331E+01,8.20331E+01,1.11761E+01,1.93108E+01,8.20331E+01,1.11761E+01,8.20331E+01,8.20331E+01,8.20331E+01,8.20331E+01,8.20331E+01,8.20331E+01,8.20331E+01,8.20331E+01,8.20331E+01,1.11761E+01,8.20331E+01,8.20331E+01,1.05411E+01,8.20331E+01,7.38884E+00,8.20331E+01,8.20331E+01,8.20331E+01,2.33008E+01,8.20331E+01,8.20331E+01,8.20331E+01,8.20331E+01,8.20331E+01,8.20331E+01,8.20331E+01,8.20331E+01,8.20331E+01,8.20331E+01,8.20331E+01,8.20331E+01,1.11761E+01,2.33008E+01,8.20331E+01,8.20331E+01,8.20331E+01,8.20331E+01,8.20331E+01,2.33008E+01,8.20331E+01,1.37425E+01,8.20331E+01 
#t = 2.856E+03
8.20331E+01,1.11761E+01,8.20331E+01,8.20331E+01,8.20331E+01,2.33008E+01,8.20331E+01,8.20331E+01,8.20331E+01,8.20331E+01,8.20331E+01,2.33008E+01,8.20331E+01,8.20331E+01,8.20331E+01,8.20331E+01,2.53849E+01,8.20331E+01,8.20331E+01,8.20331E+01,8.20331E+01,8.20331E+01,8.20331E+01,8.20331E+01,8.20331E+01,8.20331E+01,1.11761E+01,8.20331E+01,8.20331E+01,2.33008E+01,2.33008E+01,8.20331E+01,8.20331E+01,8.20331E+01,1.67367E+01,1.11761E+01,8.20331E+01,8.20331E+01,8.20331E+01,2.53849E+01,8.20331E+01,2.33008E+01,8.52619E+00,8.20331E+01,2.33008E+01,4.06729E+00,4.07372E-01,8.20331E+01,8.20331E+01,8.20331E+01 
#t = 2.898E+03
8.20331E+01,8.20331E+01,8.20331E+01,8.20331E+01,8.20331E+01,1.55507E+01,8.20331E+01,8.20331E+01,8.20331E+01,8.20331E+01,8.20331E+01,8.20331E+01,8.20331E+01,8.20331E+01,8.20331E+01,8.20331E+01,8.20331E+01,8.20331E+01,8.20331E+01,8.20331E+01,8.20331E+01,8.20331E+01,8.20331E+01,8.20331E+01,8.20331E+01,8.20331E+01,1.55507E+01,8.20331E+01,8.20331E+01,8.20331E+01,8.20331E+01,6.01984E+00,8.20331E+01,8.20331E+01,8.20331E+01,8.20331E+01,1.00197E+00,8.20331E+01,8.20331E+01,8.20331E+01,8.20331E+01,8.20331E+01,8.20331E+01,8.20331E+01,8.20331E+01,8.20331E+01,8.20331E+01 
#t = 2.940E+03
8.20331E+01,8.20331E+01,8.20331E+01,8.20331E+01,8.20331E+01,8.20331E+01,8.20331E+01,8.20331E+01,8.20331E+01,8.20331E+01,8.20331E+01,8.20331E+01,8.20331E+01,8.20331E+01,8.20331E+01,8.20331E+01,8.20331E+01,8.20331E+01,8.20331E+01,8.20331E+01,8.20331E+01,8.20331E+01,8.20331E+01,8.20331E+01,8.20331E+01,8.20331E+01,8.20331E+01,8.20331E+01,8.20331E+01,8.20331E+01,8.20331E+01,8.20331E+01,8.20331E+01,8.20331E+01,8.20331E+01,8.20331E+01,8.20331E+01,8.20331E+01,8.20331E+01,8.20331E+01,8.20331E+01,8.20331E+01,8.20331E+01,8.20331E+01,8.20331E+01,8.20331E+01,8.20331E+01,8.20331E+01 
#t = 2.982E+03
8.20331E+01,8.20331E+01,8.20331E+01,8.20331E+01,8.20331E+01,8.20331E+01,8.20331E+01,8.20331E+01,8.20331E+01,8.20331E+01,8.20331E+01,8.20331E+01,8.20331E+01,8.20331E+01,8.20331E+01,8.20331E+01,8.20331E+01,8.20331E+01,8.20331E+01,8.20331E+01,8.20331E+01,8.20331E+01,8.20331E+01,8.20331E+01,8.20331E+01,8.20331E+01,8.20331E+01,8.20331E+01,8.20331E+01,8.20331E+01,8.20331E+01,8.20331E+01,8.20331E+01,8.20331E+01,8.20331E+01,3.05175E+00,8.20331E+01,2.94636E+01,8.20331E+01,8.20331E+01,8.20331E+01,9.13112E-01 
#t = 3.024E+03
8.20331E+01,8.20331E+01,8.20331E+01,8.20331E+01,8.20331E+01,8.20331E+01,8.20331E+01,8.20331E+01,8.20331E+01,8.20331E+01,8.20331E+01,8.20331E+01,8.20331E+01,8.20331E+01,8.20331E+01,8.20331E+01,8.20331E+01,8.20331E+01,8.20331E+01,8.20331E+01,8.20331E+01,8.20331E+01,1.51280E+01,8.20331E+01,1.51280E+01,8.20331E+01,8.20331E+01,8.20331E+01,8.20331E+01,8.20331E+01,8.20331E+01,8.20331E+01,1.51280E+01,8.20331E+01,1.51280E+01,8.20331E+01,8.20331E+01,1.87052E-01,8.20331E+01,8.20331E+01,1.02671E+00 
#t = 3.066E+03
1.51280E+01,8.20331E+01,8.20331E+01,8.20331E+01,8.20331E+01,8.20331E+01,8.20331E+01,8.20331E+01,8.20331E+01,8.20331E+01,8.20331E+01,8.20331E+01,8.20331E+01,8.20331E+01,8.20331E+01,1.51280E+01,8.20331E+01,1.51280E+01,1.10488E+01,8.20331E+01,8.20331E+01,8.20331E+01,2.12968E+01,8.20331E+01,8.20331E+01,1.51280E+01,8.20331E+01,1.51280E+01,8.20331E+01,2.17035E+01,8.20331E+01,1.22792E+01,8.20331E+01,2.12968E+01,8.20331E+01,8.20331E+01,8.20331E+01,8.20331E+01,8.20331E+01,8.20331E+01,8.20331E+01,8.20331E+01 
#t = 3.108E+03
1.51280E+01,8.20331E+01,1.10488E+01,8.20331E+01,8.20331E+01,2.12968E+01,8.20331E+01,8.20331E+01,8.20331E+01,8.20331E+01,8.20331E+01,8.20331E+01,8.20331E+01,8.20331E+01,8.20331E+01,8.20331E+01,8.20331E+01,8.20331E+01,8.20331E+01,8.20331E+01,8.20331E+01,8.20331E+01,8.20331E+01,8.20331E+01,8.20331E+01,8.20331E+01,1.51280E+01,8.20331E+01,8.20331E+01,8.20331E+01,8.20331E+01,8.20331E+01,8.20331E+01,8.20331E+01,8.20331E+01,8.20331E+01,8.20331E+01,8.20331E+01,8.20331E+01,8.20331E+01,2.20294E-01,8.20331E+01,8.20331E+01,8.20331E+01,8.20331E+01,8.20331E+01 
#t = 3.150E+03
8.20331E+01,8.20331E+01,8.20331E+01,8.20331E+01,8.20331E+01,8.20331E+01,1.47674E+01,8.20331E+01,8.20331E+01,8.20331E+01,1.47674E+01,8.20331E+01,8.20331E+01,8.20331E+01,8.20331E+01,8.20331E+01,8.20331E+01,8.20331E+01,8.20331E+01,8.20331E+01,8.20331E+01,8.20331E+01,8.20331E+01,8.20331E+01,2.35507E-01,3.87596E-01,8.20331E+01,8.20331E+01,8.20331E+01,8.20331E+01,1.47674E+01,8.20331E+01,8.20331E+01,8.20331E+01 
#t = 3.192E+03
8.20331E+01,8.20331E+01,8.20331E+01,8.20331E+01,8.20331E+01,8.20331E+01,8.20331E+01,8.20331E+01,8.20331E+01,8.20331E+01,8.20331E+01,8.20331E+01,8.20331E+01,8.20331E+01,8.20331E+01,8.20331E+01,8.20331E+01,8.20331E+01,8.20331E+01,8.20331E+01,8.20331E+01,8.20331E+01,8.20331E+01,8.20331E+01,8.20331E+01,8.20331E+01,8.20331E+01,8.20331E+01,8.20331E+01,8.20331E+01,2.65717E+00,8.20331E+01,8.20331E+01,8.20331E+01,6.84250E+00,8.20331E+01,8.20331E+01,8.20331E+01,8.20331E+01,8.20331E+01,8.20331E+01,8.20331E+01,8.20331E+01,8.20331E+01,8.20331E+01,8.20331E+01,6.45345E-01,8.20331E+01 
#t = 3.234E+03
8.20331E+01,8.20331E+01,8.20331E+01,8.20331E+01,8.20331E+01,8.20331E+01,8.20331E+01,8.20331E+01,8.20331E+01,8.20331E+01,8.20331E+01,8.20331E+01,8.20331E+01,8.20331E+01,8.20331E+01,8.20331E+01,8.20331E+01,8.20331E+01,8.20331E+01,8.20331E+01,8.20331E+01,1.16394E+01,8.20331E+01,8.20331E+01,8.20331E+01,8.20331E+01,8.20331E+01,8.20331E+01,8.20331E+01,8.20331E+01,8.20331E+01,8.20331E+01,8.20331E+01,2.52767E+01,8.20331E+01,8.20331E+01,8.20331E+01,8.20331E+01,8.20331E+01,3.17258E+01,8.20331E+01 
#t = 3.276E+03
8.20331E+01,8.20331E+01,8.20331E+01,8.20331E+01,8.20331E+01,1.16394E+01,8.20331E+01,8.20331E+01,8.20331E+01,8.20331E+01,8.20331E+01,8.20331E+01,8.20331E+01,8.20331E+01,8.20331E+01,8.20331E+01,1.16394E+01,8.20331E+01,8.20331E+01,8.20331E+01,8.20331E+01,8.20331E+01,1.01908E+01,8.20331E+01,8.20331E+01,8.20331E+01,8.20331E+01,1.91393E+01,1.91393E+01,8.20331E+01,8.20331E+01,8.20331E+01,8.20331E+01,1.05004E+01,8.20331E+01,8.20331E+01,8.20331E+01,8.20331E+01,8.20331E+01,8.20331E+01,8.20331E+01,8.20331E+01,1.91393E+01,8.20331E+01,8.20331E+01,2.11421E-01,1.91393E+01,8.20331E+01,8.20331E+01 
#t = 3.318E+03
8.20331E+01,8.20331E+01,1.16394E+01,8.20331E+01,8.20331E+01,1.91393E+01,8.20331E+01,8.20331E+01,8.20331E+01,8.20331E+01,8.20331E+01,8.20331E+01,8.20331E+01,8.20331E+01,8.20331E+01,8.20331E+01,8.20331E+01,8.20331E+01,8.20331E+01,8.20331E+01,8.20331E+01,8.20331E+01,8.20331E+01,8.20331E+01,8.20331E+01,1.89589E+01,8.20331E+01,8.20331E+01,8.20331E+01,6.72713E-02,1.78469E+01,8.20331E+01,8.20331E+01,8.20331E+01,8.20331E+01,8.10386E-01,8.20331E+01,8.20331E+01,8.20331E+01,8.20331E+01,8.20331E+01,1.89589E+01,8.20331E+01,8.20331E+01 
#t = 3.360E+03
1.16394E+01,8.20331E+01,8.20331E+01,8.20331E+01,8.20331E+01,8.20331E+01,8.20331E+01,8.20331E+01,8.20331E+01,8.20331E+01,8.20331E+01,8.20331E+01,8.20331E+01,8.20331E+01,8.20331E+01,8.20331E+01,8.20331E+01,8.20331E+01,8.20331E+01,4.10435E+00,8.20331E+01,8.20331E+01,8.20331E+01,5.93198E+00,8.20331E+01,8.20331E+01,8.20331E+01,8.20331E+01,8.20331E+01,8.20331E+01,8.20331E+01,8.20331E+01,8.20331E+01,8.20331E+01,1.16394E+01,8.20331E+01,8.20331E+01,8.20331E+01,8.20331E+01,1.16394E+01,6.30205E+00,8.20331E+01 
#t = 3.402E+03
8.20331E+01,8.20331E+01,8.20331E+01,8.20331E+01,1.15114E+01,8.20331E+01,8.20331E+01,8.20331E+01,8.20331E+01,8.20331E+01,8.20331E+01,8.20331E+01,8.20331E+01,8.20331E+01,8.20331E+01,8.20331E+01,8.20331E+01,8.20331E+01,8.20331E+01,8.20331E+01,8.20331E+01,4.20845E+00,8.20331E+01,8.20331E+01,8.20331E+01,8.20331E+01,8.20331E+01,8.20331E+01,8.20331E+01,8.20331E+01,8.20331E+01,1.20368E+01,8.20331E+01,8.20331E+01,8.20331E+01,8.20331E+01,1.93175E+00,6.64563E+00,8.20331E+01,8.20331E+01,8.20331E+01,8.20331E+01,8.20331E+01,1.37357E+00,8.20331E+01,8.20331E+01 
#t = 3.444E+03
8.20331E+01,8.20331E+01,1.20368E+01,8.20331E+01,8.20331E+01,8.20331E+01,8.20331E+01,8.20331E+01,8.20331E+01,8.20331E+01,8.20331E+01,1.20368E+01,8.20331E+01,8.20331E+01,8.20331E+01,8.20331E+01,8.20331E+01,1.20368E+01,8.20331E+01,8.20331E+01,1.51187E+01,1.20368E+01,8.20331E+01,8.20331E+01,8.20331E+01,8.20331E+01,8.20331E+01,1.20368E+01,8.20331E+01,8.20331E+01,8.20331E+01,8.20331E+01,8.20331E+01 
#t = 3.486E+03
8.20331E+01,1.20368E+01,8.20331E+01,8.20331E+01,1.51187E+01,8.20331E+01,8.20331E+01,8.20331E+01,8.20331E+01,8.20331E+01,8.20331E+01,1.20368E+01,8.20331E+01,8.20331E+01,8.20331E+01,8.20331E+01,8.20331E+01,8.20331E+01,8.20331E+01,8.20331E+01,8.20331E+01,8.20331E+01,8.20331E+01,8.20331E+01,8.20331E+01,1.20368E+01,8.20331E+01,8.20331E+01,8.20331E+01,8.20331E+01,8.20331E+01,1.51187E+01,1.51187E+01,8.20331E+01,8.20331E+01,8.20331E+01,8.20331E+01,8.20331E+01,8.20331E+01 
#t = 3.528E+03
8.20331E+01,8.20331E+01,8.20331E+01,8.20331E+01,8.20331E+01,8.20331E+01,8.20331E+01,8.20331E+01,8.20331E+01,8.20331E+01,1.20368E+01,8.20331E+01,8.20331E+01,8.20331E+01,1.20368E+01,8.20331E+01,8.20331E+01,8.20331E+01,8.20331E+01,8.20331E+01,8.20331E+01,8.20331E+01,2.25048E+00,1.20368E+01,1.20037E+01,1.20037E+01,1.20368E+01,8.20331E+01,8.20331E+01,8.20331E+01,8.20331E+01,8.20331E+01,8.20331E+01,8.20331E+01,2.98050E+00,8.20331E+01,7.81224E-01,1.31816E+00,8.20331E+01,2.50563E-02 
#t = 3.570E+03
8.20331E+01,8.20331E+01,1.20368E+01,8.20331E+01,8.20331E+01,8.20331E+01,8.20331E+01,1.20368E+01,8.20331E+01,8.20331E+01,1.20368E+01,8.20331E+01,1.20368E+01,8.20331E+01,8.20331E+01,8.20331E+01,1.20368E+01,9.89717E+00,8.20331E+01,8.20331E+01,2.94886E+01,8.20331E+01,8.20331E+01,8.20331E+01,8.20331E+01,8.20331E+01,8.20331E+01,8.20331E+01,1.43111E+01,8.20331E+01,1.43111E+01,1.59417E-01,1.20368E+01,8.20331E+01,2.95417E+00,8.20331E+01,1.14488E+00,8.20331E+01,8.20331E+01,8.20331E+01,8.20331E+01 
#t = 3.612E+03
8.20331E+01,1.20368E+01,8.20331E+01,1.20368E+01,8.20331E+01,8.20331E+01,8.20331E+01,1.20368E+01,1.20368E+01,8.20331E+01,8.20331E+01,8.20331E+01,1.20368E+01,1.43111E+01,8.20331E+01,8.20331E+01,8.20331E+01,8.20331E+01,8.20331E+01,1.20368E+01,8.20331E+01,8.20331E+01,8.20331E+01,1.97988E+01,8.20331E+01,9.99292E+00,8.20331E+01,8.20331E+01,1.97988E+01,8.20331E+01,8.20331E+01,1.20368E+01,8.20331E+01,1.20368E+01,8.20331E+01,3.24451E+00,8.20331E+01,8.20331E+01,8.20331E+01,8.20331E+01,1.68730E+01,1.68730E+01,2.37760E-01,1.43111E+01,1.20368E+01,8.20331E+01,8.20331E+01,8.20331E+01,8.20331E+01 
#t = 3.654E+03
8.20331E+01,9.99292E+00,8.20331E+01,8.20331E+01,8.20331E+01,8.20331E+01,8.20331E+01,1.97988E+01,8.20331E+01,8.20331E+01,8.20331E+01,8.20331E+01,8.20331E+01,8.20331E+01,8.20331E+01,1.55545E+01,1.97988E+01,8.20331E+01,1.68730E+01,8.20331E+01,4.02682E+01,8.20331E+01,8.20331E+01,8.20331E+01,8.20331E+01,8.20331E+01,8.20331E+01,8.20331E+01,8.20331E+01,8.20331E+01,8.20331E+01,8.20331E+01,1.97988E+01,8.20331E+01,8.20331E+01,8.20331E+01,4.02682E+01,1.97988E+01,8.20331E+01,2.52454E-01,1.55545E+01,8.20331E+01,8.20331E+01,8.20331E+01,8.20331E+01,1.68730E+01,8.20331E+01,8.20331E+01,8.20331E+01 
#t = 3.696E+03
8.20331E+01,8.20331E+01,8.20331E+01,8.20331E+01,8.20331E+01,1.97988E+01,8.20331E+01,8.20331E+01,8.20331E+01,8.20331E+01,8.20331E+01,8.20331E+01,8.20331E+01,8.20331E+01,3.67186E+01,8.20331E+01,8.20331E+01,8.20331E+01,8.20331E+01,8.20331E+01,8.20331E+01,8.20331E+01,8.20331E+01,1.33915E+01,8.20331E+01,8.20331E+01,8.20331E+01,8.20331E+01,7.89617E+00,8.20331E+01,1.97988E+01,1.97988E+01,8.20331E+01,8.20331E+01,8.20331E+01,8.20331E+01,8.20331E+01,8.20331E+01,8.20331E+01,8.20331E+01,8.20331E+01,8.20331E+01,8.20331E+01,2.32659E-01,8.20331E+01,8.20331E+01,3.03494E+01,8.20331E+01,8.20331E+01,2.93991E+00 
#t = 3.738E+03
8.20331E+01,8.20331E+01,8.20331E+01,8.20331E+01,1.97988E+01,8.20331E+01,8.20331E+01,8.20331E+01,8.20331E+01,8.20331E+01,8.20331E+01,8.20331E+01,8.20331E+01,8.20331E+01,8.20331E+01,8.20331E+01,8.20331E+01,8.20331E+01,8.20331E+01,8.20331E+01,8.20331E+01,8.20331E+01,8.20331E+01,8.20331E+01,8.20331E+01,8.20331E+01,8.20331E+01,8.20331E+01,8.20331E+01,8.20331E+01,8.20331E+01,8.20331E+01,7.62668E-01,8.20331E+01,8.20331E+01,8.20331E+01,8.20331E+01,8.20331E+01,8.20331E+01,8.20331E+01,8.20331E+01,5.16275E-02,8.20331E+01,8.20331E+01,8.20331E+01,8.20331E+01,8.20331E+01 
#t = 3.780E+03
8.20331E+01,8.20331E+01,8.20331E+01,8.20331E+01,8.20331E+01,8.20331E+01,8.20331E+01,8.20331E+01,8.20331E+01,8.20331E+01,8.20331E+01,8.20331E+01,8.20331E+01,8.20331E+01,8.20331E+01,8.20331E+01,8.20331E+01,8.20331E+01,8.20331E+01,8.20331E+01,8.20331E+01,8.20331E+01,8.20331E+01,8.20331E+01,8.20331E+01,8.20331E+01,8.20331E+01,8.20331E+01,8.20331E+01,8.20331E+01,8.20331E+01,8.20331E+01,8.20331E+01,8.20331E+01,8.20331E+01,8.20331E+01,8.20331E+01,8.20331E+01,8.20331E+01,8.20331E+01,8.20331E+01,8.20331E+01,8.20331E+01,8.20331E+01,8.20331E+01,8.20331E+01,8.20331E+01,7.03034E-01,8.80380E-02,8.20331E+01,3.30736E+00,8.20331E+01,1.51056E+01 
#t = 3.822E+03
8.20331E+01,8.20331E+01,8.20331E+01,8.20331E+01,8.20331E+01,8.20331E+01,8.20331E+01,8.20331E+01,8.20331E+01,8.20331E+01,8.20331E+01,8.20331E+01,8.20331E+01,8.20331E+01,8.20331E+01,8.20331E+01,8.20331E+01,8.20331E+01,8.20331E+01,8.20331E+01,8.20331E+01,8.20331E+01,8.20331E+01,8.20331E+01,8.20331E+01,8.20331E+01,8.20331E+01,8.20331E+01,8.20331E+01,8.20331E+01,8.20331E+01,8.20331E+01,8.20331E+01,8.20331E+01,8.20331E+01,8.20331E+01,5.30845E+00,8.20331E+01,8.20331E+01 
#t = 3.864E+03
8.20331E+01,8.20331E+01,8.20331E+01,8.20331E+01,8.20331E+01,8.20331E+01,8.20331E+01,8.20331E+01,8.20331E+01,8.20331E+01,8.20331E+01,8.20331E+01,8.20331E+01,8.20331E+01,8.20331E+01,8.20331E+01,8.20331E+01,8.20331E+01,8.20331E+01,8.20331E+01,8.20331E+01,8.20331E+01,3.53835E+00,8.20331E+01,8.20331E+01,8.20331E+01,8.20331E+01,8.20331E+01,8.20331E+01,8.20331E+01,1.90242E+00,8.20331E+01,8.20331E+01,8.20331E+01,8.20331E+01,1.32709E+00,6.91093E+00,8.20331E+01,8.20331E+01,8.20331E+01 
#t = 3.906E+03
8.20331E+01,8.20331E+01,8.20331E+01,8.20331E+01,8.20331E+01,8.20331E+01,8.20331E+01,8.20331E+01,8.20331E+01,8.20331E+01,8.20331E+01,8.20331E+01,8.20331E+01,8.20331E+01,8.20331E+01,8.20331E+01,8.20331E+01,8.20331E+01,8.20331E+01,8.20331E+01,8.20331E+01,8.20331E+01,8.20331E+01,8.20331E+01,8.20331E+01,8.20331E+01,8.20331E+01,8.20331E+01,8.20331E+01,8.20331E+01,8.20331E+01,8.20331E+01,5.16457E+00,1.56628E+01,8.20331E+01,8.20331E+01,8.20331E+01,8.20331E+01,8.20331E+01,8.20331E+01,8.20331E+01,8.20331E+01,8.20331E+01,6.84925E-01,8.20331E+01,8.20331E+01,8.20331E+01,8.20331E+01,4.02662E-01,8.20331E+01,8.20331E+01 
#t = 3.948E+03
8.20331E+01,8.20331E+01,8.20331E+01,8.20331E+01,8.20331E+01,1.56628E+01,8.20331E+01,8.20331E+01,8.20331E+01,8.20331E+01,8.20331E+01,6.14955E+01,8.20331E+01,8.20331E+01,8.20331E+01,8.20331E+01,8.20331E+01,8.20331E+01,8.20331E+01,8.20331E+01,8.20331E+01,8.20331E+01,8.20331E+01,8.20331E+01,8.20331E+01,8.20331E+01,8.20331E+01,8.20331E+01,8.20331E+01,8.20331E+01,8.20331E+01,1.16654E+01,8.20331E+01,8.20331E+01,1.56628E+01,2.49209E-01,8.20331E+01,8.20331E+01,8.20331E+01,4.41282E+00,8.20331E+01 
#t = 3.990E+03
8.20331E+01,8.20331E+01,8.20331E+01,8.20331E+01,8.20331E+01,8.20331E+01,8.20331E+01,8.20331E+01,8.20331E+01,8.20331E+01,8.20331E+01,8.20331E+01,8.20331E+01,8.20331E+01,8.20331E+01,8.20331E+01,8.20331E+01,8.20331E+01,8.20331E+01,8.20331E+01,8.20331E+01,8.20331E+01,8.20331E+01,8.20331E+01,8.20331E+01,8.20331E+01,8.20331E+01,1.13457E-01,8.20331E+01,3.90861E-01 
#t = 4.032E+03
8.20331E+01,8.20331E+01,8.20331E+01,8.20331E+01,8.20331E+01,1.23374E+01,8.20331E+01,8.20331E+01,1.23374E+01,8.20331E+01,8.20331E+01,8.20331E+01,8.20331E+01,8.20331E+01,8.20331E+01,8.20331E+01,8.20331E+01,8.20331E+01,8.20331E+01,1.59040E+01,8.20331E+01,8.20331E+01,8.20331E+01,1.59040E+01,8.20331E+01,8.20331E+01,8.20331E+01,8.20331E+01,8.20331E+01,1.55561E+01,8.20331E+01,8.20331E+01,1.23374E+01,8.20331E+01,6.83641E+00,8.20331E+01,8.20331E+01,8.20331E+01,8.20331E+01,1.23374E+01,8.20331E+01,8.20331E+01 
#t = 4.074E+03
8.20331E+01,8.20331E+01,8.20331E+01,1.23374E+01,8.20331E+01,8.20331E+01,8.20331E+01,8.20331E+01,8.20331E+01,8.20331E+01,8.20331E+01,8.20331E+01,8.20331E+01,8.20331E+01,8.20331E+01,1.55561E+01,8.20331E+01,8.20331E+01,8.20331E+01,8.20331E+01,8.20331E+01,8.20331E+01,8.20331E+01,8.20331E+01,1.23374E+01,8.20331E+01,8.20331E+01,8.20331E+01,8.20331E+01,8.20331E+01,8.20331E+01,8.20331E+01,8.20331E+01,8.20331E+01,8.20331E+01,2.47844E+00,8.20331E+01,1.83983E-01,8.20331E+01,8.20331E+01,8.20331E+01 
#t = 4.116E+03
8.20331E+01,8.20331E+01,8.20331E+01,8.20331E+01,8.20331E+01,8.20331E+01,8.20331E+01,8.20331E+01,8.20331E+01,1.55561E+01,8.20331E+01,8.20331E+01,8.20331E+01,8.20331E+01,8.20331E+01,8.20331E+01,1.55561E+01,8.20331E+01,8.20331E+01,8.20331E+01,1.55561E+01,8.20331E+01,8.20331E+01,8.20331E+01,8.20331E+01,8.20331E+01,8.20331E+01,8.20331E+01,8.20331E+01,8.20331E+01,1.55561E+01,1.55561E+01,8.20331E+01,8.20331E+01,8.20331E+01,8.20331E+01,8.20331E+01,1.55561E+01,8.20331E+01,8.20331E+01,8.20331E+01,1.55561E+01,8.20331E+01,8.20331E+01,8.20331E+01,8.20331E+01,8.20331E+01,8.20331E+01,8.20331E+01,8.20331E+01,8.20331E+01,1.55561E+01,8.20331E+01,7.20076E-01,8.20331E+01,8.20331E+01 
#t = 4.158E+03
8.20331E+01,8.20331E+01,8.20331E+01,8.20331E+01,8.20331E+01,8.20331E+01,8.20331E+01,8.20331E+01,8.20331E+01,8.20331E+01,8.20331E+01,8.20331E+01,8.20331E+01,8.20331E+01,8.20331E+01,8.20331E+01,8.20331E+01,8.20331E+01,8.20331E+01,8.20331E+01,8.20331E+01,8.20331E+01,8.20331E+01,1.55561E+01,8.20331E+01,8.20331E+01,8.20331E+01,8.20331E+01,8.20331E+01,1.55561E+01,8.20331E+01,8.20331E+01,8.20331E+01,8.20331E+01,1.55561E+01,8.20331E+01,8.20331E+01,8.20331E+01,6.49260E+00,8.20331E+01,8.20331E+01,2.22399E+00,8.20331E+01,8.20331E+01,1.46933E-01,8.20331E+01,4.56513E+00,1.55561E+01 
#t = 4.200E+03
8.20331E+01,8.20331E+01,8.20331E+01,8.20331E+01,8.20331E+01,8.20331E+01,8.20331E+01,8.20331E+01,8.20331E+01,8.20331E+01,8.20331E+01,8.20331E+01,8.20331E+01,8.20331E+01,8.20331E+01,8.20331E+01,8.20331E+01,8.20331E+01,8.20331E+01,8.20331E+01,8.20331E+01,8.20331E+01,8.20331E+01,8.20331E+01,8.20331E+01,8.20331E+01,8.20331E+01,8.20331E+01,8.20331E+01,8.20331E+01,8.20331E+01,8.20331E+01,8.20331E+01,8.20331E+01,8.20331E+01,8.20331E+01,8.20331E+01,8.45642E-01,8.20331E+01 
