#t = 0.000E+00
1.19500E+01,2.80153E-01,5.01050E-01,4.74020E+00,1.29732E+00 
#t = 4.200E+01
1.19500E+01,1.44043E+01,1.44043E+01,1.08938E+00,1.44043E+01,5.44875E-02 
#t = 8.400E+01
1.14727E+01,1.58232E+01,6.20237E+00 
#t = 1.260E+02
5.38589E+01,5.38589E+01,5.38589E+01,5.38589E+01,5.38589E+01,5.38589E+01,5.38589E+01,5.38589E+01,1.55251E+00,5.38589E+01,6.55613E-01,5.38589E+01,3.52370E-01,5.38589E+01,5.38589E+01,1.19899E+01 
#t = 1.680E+02
5.38589E+01,5.38589E+01,5.38589E+01,5.38589E+01,1.43079E+01,5.38589E+01,5.38589E+01,5.38589E+01,5.38589E+01,5.38589E+01,5.38589E+01,5.38589E+01,5.38589E+01,5.38589E+01,5.38589E+01,5.38589E+01,5.38589E+01,5.38589E+01,5.38589E+01,5.38589E+01,5.38589E+01,5.38589E+01,1.82623E+01,5.38589E+01,5.38589E+01,1.43079E+01,5.38589E+01,5.38589E+01,5.38589E+01,5.38589E+01,5.38589E+01,5.38589E+01,5.38589E+01,5.38589E+01,5.38589E+01 
#t = 2.100E+02
5.38589E+01,5.38589E+01,1.82623E+01,1.43079E+01,5.38589E+01,5.38589E+01,5.38589E+01,5.38589E+01,5.38589E+01,5.38589E+01,5.38589E+01,5.38589E+01,5.38589E+01,5.38589E+01,5.38589E+01,5.38589E+01,1.43079E+01,5.38589E+01,5.38589E+01,5.38589E+01,1.43079E+01,5.38589E+01,5.38589E+01,5.38589E+01,5.38589E+01,1.82623E+01,5.38589E+01,1.35244E-01,5.38589E+01,5.38589E+01,5.38589E+01,5.38589E+01,5.38589E+01,5.38589E+01,1.43079E+01,1.21306E-01,5.38589E+01,1.17825E+00,5.38589E+01,1.43079E+01 
#t = 2.520E+02
5.38589E+01,5.38589E+01,5.38589E+01,5.38589E+01,5.38589E+01,5.38589E+01,5.38589E+01,5.38589E+01,5.38589E+01,5.38589E+01,1.23510E+01,5.38589E+01,5.38589E+01,1.23510E+01,5.38589E+01,1.23510E+01,1.69011E+01,5.38589E+01,5.38589E+01,5.38589E+01,1.50863E+01,1.50863E+01,5.38589E+01,5.38589E+01,5.38589E+01,5.38589E+01,5.38589E+01,5.38589E+01,5.38589E+01,5.38589E+01,5.38589E+01,5.38589E+01,5.38589E+01,5.38589E+01,1.07304E+01,1.50863E+01,5.38589E+01,5.38589E+01,5.38589E+01,5.29568E-01,1.50863E+01,3.38355E+00 
#t = 2.940E+02
5.38589E+01,5.38589E+01,1.23510E+01,5.38589E+01,5.38589E+01,5.38589E+01,9.33281E+00,5.38589E+01,5.38589E+01,5.38589E+01,5.38589E+01,5.38589E+01,1.69011E+01,5.38589E+01,5.38589E+01,5.38589E+01,5.38589E+01,5.38589E+01,5.38589E+01,5.38589E+01,5.38589E+01,5.38589E+01,5.38589E+01,5.38589E+01,5.38589E+01,5.38589E+01,5.38589E+01,5.38589E+01,5.38589E+01,5.38589E+01,1.62925E+01,1.55229E+01,5.38589E+01,5.38589E+01,1.22213E+00,5.38589E+01,1.62925E+01 
#t = 3.360E+02
5.38589E+01,5.38589E+01,5.38589E+01,5.38589E+01,1.55229E+01,5.38589E+01,5.38589E+01,5.38589E+01,5.38589E+01,5.38589E+01,5.38589E+01,5.38589E+01,5.38589E+01,5.38589E+01,5.38589E+01,5.38589E+01,1.55229E+01,5.38589E+01,5.38589E+01,5.38589E+01,5.38589E+01,5.38589E+01,5.38589E+01,5.38589E+01,1.55229E+01,5.38589E+01,7.23456E+00,2.99174E+01,5.38589E+01,5.38589E+01,5.38589E+01,5.38589E+01,5.38589E+01,9.38450E+00,5.60318E-02,5.38589E+01 
#t = 3.780E+02
5.38589E+01,5.38589E+01,1.55229E+01,5.38589E+01,5.38589E+01,5.38589E+01,5.38589E+01,5.38589E+01,5.38589E+01,5.38589E+01,5.38589E+01,5.38589E+01,5.38589E+01,5.38589E+01,9.49058E+00,5.38589E+01,5.38589E+01,5.38589E+01,5.38589E+01,5.38589E+01,5.38589E+01,5.38589E+01,9.73319E+00,5.38589E+01,5.38589E+01,5.38589E+01,5.38589E+01,5.38589E+01,5.38589E+01,5.38589E+01,5.38589E+01,5.38589E+01,5.38589E+01,1.24499E+01,5.38589E+01,5.38589E+01,5.38589E+01,5.38589E+01,5.38589E+01,1.24499E+01,5.38589E+01,5.38589E+01,5.38589E+01,5.38589E+01,5.38589E+01,5.38589E+01 
#t = 4.200E+02
5.38589E+01,5.38589E+01,5.38589E+01,5.38589E+01,5.38589E+01,5.38589E+01,1.24499E+01,5.38589E+01,1.24499E+01,5.38589E+01,5.38589E+01,5.38589E+01,5.38589E+01,5.38589E+01,5.38589E+01,1.24499E+01,5.38589E+01,5.38589E+01,5.38589E+01,5.38589E+01,6.92488E+01,5.38589E+01,5.38589E+01,1.24499E+01,5.38589E+01,5.38589E+01,5.38589E+01,5.38589E+01,5.38589E+01,6.92488E+01,5.38589E+01,5.38589E+01,5.38589E+01,1.03457E+01,5.38589E+01,6.92488E+01,6.92488E+01,2.27038E-01,1.12406E+01,5.38589E+01,3.58464E-01 
#t = 4.620E+02
6.92488E+01,5.38589E+01,5.38589E+01,5.38589E+01,5.38589E+01,5.38589E+01,1.24499E+01,5.38589E+01,5.38589E+01,5.38589E+01,5.38589E+01,1.24499E+01,1.24499E+01,5.38589E+01,5.38589E+01,6.92488E+01,1.24499E+01,5.38589E+01,1.24499E+01,5.38589E+01,5.38589E+01,5.38589E+01,5.38589E+01,5.38589E+01,5.38589E+01,5.38589E+01,5.38589E+01,5.38589E+01,1.24499E+01,6.00947E+00,5.38589E+01,5.38589E+01,5.38589E+01,5.38589E+01,5.38589E+01,5.38589E+01,5.38589E+01,5.38589E+01,5.38589E+01,5.38589E+01,5.38589E+01,5.38589E+01 
#t = 5.040E+02
5.38589E+01,5.38589E+01,5.38589E+01,5.38589E+01,5.38589E+01,5.38589E+01,6.92488E+01,5.38589E+01,5.38589E+01,5.38589E+01,5.38589E+01,5.38589E+01,6.92488E+01,5.38589E+01,6.92488E+01,6.92488E+01,5.38589E+01,5.38589E+01,5.38589E+01,5.38589E+01,5.38589E+01,5.38589E+01,5.38589E+01,5.38589E+01,5.38589E+01,5.38589E+01,5.38589E+01,5.38589E+01,5.38589E+01,5.38589E+01,1.37428E+01,5.38589E+01,1.39372E-02,5.38589E+01,5.38589E+01,5.38589E+01,5.38589E+01,1.17326E+00,5.38589E+01 
#t = 5.460E+02
5.38589E+01,6.92488E+01,5.38589E+01,5.38589E+01,6.92488E+01,5.38589E+01,6.92488E+01,5.38589E+01,5.38589E+01,5.38589E+01,1.05054E+01,6.92488E+01,5.38589E+01,5.38589E+01,5.38589E+01,5.38589E+01,6.92488E+01,5.38589E+01,5.38589E+01,6.92488E+01,5.38589E+01,5.38589E+01,5.38589E+01,5.38589E+01,5.38589E+01,6.92488E+01,9.23260E+00,6.92488E+01,5.38589E+01,5.38589E+01,8.29582E-01,6.92488E+01,6.92488E+01,5.38589E+01,5.38589E+01,5.38589E+01,6.92488E+01,3.37278E+00,5.38589E+01,5.38589E+01,6.11265E+00,7.33527E-01,5.38589E+01 
#t = 5.880E+02
6.92488E+01,5.38589E+01,6.92488E+01,5.38589E+01,5.38589E+01,6.92488E+01,5.38589E+01,5.38589E+01,5.38589E+01,2.96489E+01,5.38589E+01,5.38589E+01,5.38589E+01,5.38589E+01,5.38589E+01,5.38589E+01,5.38589E+01,6.92488E+01,2.96489E+01,5.38589E+01,5.38589E+01,5.38589E+01,5.38589E+01,6.92488E+01,5.38589E+01,5.38589E+01,5.38589E+01,5.38589E+01,5.38589E+01,5.38589E+01,2.82324E-01,5.38589E+01,6.92488E+01,5.38589E+01,5.38589E+01,5.38589E+01,6.05044E-01,5.38589E+01 
#t = 6.300E+02
2.96489E+01,5.38589E+01,5.38589E+01,5.38589E+01,6.92488E+01,5.38589E+01,5.38589E+01,5.38589E+01,6.92488E+01,6.92488E+01,5.38589E+01,5.38589E+01,5.38589E+01,5.38589E+01,5.38589E+01,5.38589E+01,5.38589E+01,5.38589E+01,5.38589E+01,5.38589E+01,6.92488E+01,5.38589E+01,5.38589E+01,5.38589E+01,6.92488E+01,5.38589E+01,5.38589E+01,5.38589E+01,5.38589E+01,5.38589E+01,2.96489E+01,5.38589E+01,5.38589E+01,5.38589E+01,5.38589E+01,5.27119E-01,5.38589E+01,1.73113E+01,5.38589E+01,6.92488E+01,5.38589E+01,6.92488E+01 
#t = 6.720E+02
5.38589E+01,5.38589E+01,5.38589E+01,6.92488E+01,5.38589E+01,5.38589E+01,5.38589E+01,5.38589E+01,5.38589E+01,5.38589E+01,5.38589E+01,5.38589E+01,5.38589E+01,6.92488E+01,5.38589E+01,5.38589E+01,5.38589E+01,5.38589E+01,5.38589E+01,5.38589E+01,5.38589E+01,5.38589E+01,5.38589E+01,5.38589E+01,5.38589E+01,5.38589E+01,5.38589E+01,5.38589E+01,5.38589E+01,5.38589E+01,6.17628E-01,6.92488E+01,6.92488E+01,6.92488E+01,5.38589E+01,5.38589E+01,5.38589E+01,5.38589E+01,5.38589E+01,7.52135E+00,5.38589E+01,6.92488E+01,5.38589E+01 
#t = 7.140E+02
5.38589E+01,5.38589E+01,5.38589E+01,2.50031E+01,5.38589E+01,5.38589E+01,5.38589E+01,5.38589E+01,1.34917E+01,1.34917E+01,5.38589E+01,5.38589E+01,5.38589E+01,6.92488E+01,5.38589E+01,1.34917E+01,6.92488E+01,5.38589E+01,5.38589E+01,1.34917E+01,6.92488E+01,5.38589E+01,5.38589E+01,1.34917E+01,5.38589E+01,5.38589E+01,6.92488E+01,5.38589E+01,6.92488E+01,6.92488E+01,1.34917E+01,6.92488E+01,5.38589E+01,5.38589E+01,5.38589E+01,5.38589E+01,1.34917E+01,5.38589E+01,6.92488E+01,6.92488E+01,5.38589E+01 
#t = 7.560E+02
5.38589E+01,5.38589E+01,1.34917E+01,6.92488E+01,1.34917E+01,5.38589E+01,5.38589E+01,1.56735E+01,1.34917E+01,1.34917E+01,1.56735E+01,6.92488E+01,5.38589E+01,6.92488E+01,5.38589E+01,1.28576E+01,5.38589E+01,6.92488E+01,1.34917E+01,6.92488E+01,5.38589E+01,5.38589E+01,5.38589E+01,1.56735E+01,5.38589E+01,5.38589E+01,5.38589E+01,5.38589E+01,5.38589E+01,6.92488E+01,5.38589E+01,5.38589E+01,5.38589E+01,5.38589E+01,5.38589E+01,6.92488E+01,5.38589E+01,6.92488E+01,5.38589E+01,5.38589E+01,5.38589E+01,5.38589E+01,5.38589E+01,1.34917E+01,6.92488E+01 
#t = 7.980E+02
6.92488E+01,1.34917E+01,6.92488E+01,1.34917E+01,5.38589E+01,1.34917E+01,5.38589E+01,1.56735E+01,6.92488E+01,5.38589E+01,6.92488E+01,1.34917E+01,5.38589E+01,6.92488E+01,6.92488E+01,6.92488E+01,3.59187E+01,5.38589E+01,1.34917E+01,6.92488E+01,5.38589E+01,6.92488E+01,5.38589E+01,1.34917E+01,6.92488E+01,4.90411E+00,1.88961E+00,5.38589E+01,5.38589E+01,6.92488E+01 
#t = 8.400E+02
6.92488E+01,5.38589E+01,5.38589E+01,1.34917E+01,5.38589E+01,5.38589E+01,6.92488E+01,1.34917E+01,1.34917E+01,5.38589E+01,5.38589E+01,1.34917E+01,5.38589E+01,6.92488E+01,5.38589E+01,6.92488E+01,5.38589E+01,5.38589E+01,5.38589E+01,5.38589E+01,6.92488E+01,6.92488E+01,5.38589E+01,5.38589E+01,6.92488E+01,5.38589E+01,5.38589E+01,6.92488E+01,5.38589E+01,5.38589E+01,5.38589E+01,6.92488E+01,5.38589E+01,5.38589E+01,7.42683E-01,9.32880E-01,6.92488E+01 
#t = 8.820E+02
5.38589E+01,1.34917E+01,6.92488E+01,5.38589E+01,5.38589E+01,5.38589E+01,6.92488E+01,1.34917E+01,5.38589E+01,6.92488E+01,6.92488E+01,5.38589E+01,5.38589E+01,1.34917E+01,5.38589E+01,5.38589E+01,6.92488E+01,1.27793E+01,5.38589E+01,5.38589E+01,5.38589E+01,5.38589E+01,6.92488E+01,5.38589E+01,5.38589E+01,5.38589E+01,6.92488E+01,6.92488E+01,5.38589E+01,5.38589E+01,5.38589E+01,5.38589E+01,5.38589E+01,5.38589E+01,5.38589E+01,6.92488E+01,5.38589E+01,5.38589E+01,6.92488E+01,5.38589E+01,1.24480E+01,5.38589E+01,4.06268E+00,5.38589E+01 
#t = 9.240E+02
6.92488E+01,6.92488E+01,5.38589E+01,5.38589E+01,5.38589E+01,5.38589E+01,5.38589E+01,5.38589E+01,5.38589E+01,6.92488E+01,5.38589E+01,5.38589E+01,5.38589E+01,5.38589E+01,5.38589E+01,5.38589E+01,5.38589E+01,5.38589E+01,6.92488E+01,5.38589E+01,5.38589E+01,6.92488E+01,5.38589E+01,5.38589E+01,6.92488E+01,5.38589E+01,5.38589E+01,5.38589E+01,5.38589E+01,5.38589E+01,5.96532E+00,5.38589E+01,5.38589E+01,5.38589E+01,5.38589E+01,5.38589E+01,5.38589E+01,6.03868E-01,5.38589E+01,5.38589E+01,6.92488E+01,5.38589E+01,6.92488E+01,1.74064E-01,5.58212E-01 
#t = 9.660E+02
5.38589E+01,5.38589E+01,5.38589E+01,5.38589E+01,5.38589E+01,6.92488E+01,6.92488E+01,5.38589E+01,5.38589E+01,6.92488E+01,6.92488E+01,6.92488E+01,6.92488E+01,6.92488E+01,5.38589E+01,5.38589E+01,5.38589E+01,5.38589E+01,5.38589E+01,5.38589E+01,6.92488E+01,5.38589E+01,6.92488E+01,5.38589E+01,6.92488E+01,6.92488E+01,5.38589E+01,5.38589E+01,6.92488E+01,5.38589E+01,5.38589E+01,5.38589E+01,6.92488E+01,5.38589E+01,6.92488E+01,3.32956E-01,6.92488E+01,6.92488E+01,6.92488E+01,5.38589E+01,6.92488E+01 
#t = 1.008E+03
6.92488E+01,6.92488E+01,6.92488E+01,5.38589E+01,5.38589E+01,5.38589E+01,5.38589E+01,5.38589E+01,5.38589E+01,5.38589E+01,6.92488E+01,6.92488E+01,6.92488E+01,6.92488E+01,6.92488E+01,6.92488E+01,6.92488E+01,5.38589E+01,6.92488E+01,6.92488E+01,5.38589E+01,5.38589E+01,6.92488E+01,5.38589E+01,5.38589E+01,5.38589E+01,6.92488E+01,5.38589E+01,5.38589E+01,5.38589E+01,5.38589E+01,5.38589E+01,5.38589E+01,6.92488E+01,1.72932E+01,1.63144E+00,5.38589E+01,6.92488E+01,5.38589E+01,6.92488E+01 
#t = 1.050E+03
5.38589E+01,5.38589E+01,6.92488E+01,5.38589E+01,6.92488E+01,5.38589E+01,5.38589E+01,5.38589E+01,6.92488E+01,6.92488E+01,6.92488E+01,6.92488E+01,5.38589E+01,5.38589E+01,5.38589E+01,5.38589E+01,5.38589E+01,6.92488E+01,6.92488E+01,5.38589E+01,5.38589E+01,5.38589E+01,5.38589E+01,6.92488E+01,6.92488E+01,6.92488E+01,5.38589E+01,5.38589E+01,5.38589E+01,5.38589E+01,6.92488E+01,6.92488E+01,8.32347E-01,5.38589E+01,5.38589E+01,7.75392E+00,5.38589E+01,5.38589E+01,6.92488E+01 
#t = 1.092E+03
5.38589E+01,5.38589E+01,6.92488E+01,5.38589E+01,1.44344E+02,5.38589E+01,5.38589E+01,5.38589E+01,1.44344E+02,1.44344E+02,5.38589E+01,6.92488E+01,5.38589E+01,5.38589E+01,1.44344E+02,1.44344E+02,5.38589E+01,5.38589E+01,6.92488E+01,5.38589E+01,5.38589E+01,1.44344E+02,1.44344E+02,1.44344E+02,1.84435E+01,5.38589E+01,3.01618E+00,1.44344E+02,6.92488E+01,1.44344E+02,1.44344E+02,5.38589E+01,1.44344E+02,1.44344E+02,1.44344E+02,5.38589E+01,2.90669E-01,5.38589E+01,5.38589E+01,5.38589E+01,1.44344E+02,1.84435E+01,5.38589E+01 
#t = 1.134E+03
1.44344E+02,6.92488E+01,5.38589E+01,1.44344E+02,1.44344E+02,6.92488E+01,1.44344E+02,6.92488E+01,5.38589E+01,6.92488E+01,1.44344E+02,5.38589E+01,5.38589E+01,1.44344E+02,6.92488E+01,7.28161E+01,6.92488E+01,6.92488E+01,1.44344E+02,7.28161E+01,1.44344E+02,1.44344E+02,5.38589E+01,1.44344E+02,1.44344E+02,5.38589E+01,5.38589E+01,5.38589E+01,5.38589E+01,4.75295E+01,1.44344E+02,1.44344E+02,1.44344E+02,1.44344E+02,1.44344E+02,5.38589E+01,1.44344E+02,1.44344E+02,6.92488E+01,1.44344E+02,5.38589E+01,5.38589E+01,4.75295E+01,1.44344E+02 
#t = 1.176E+03
5.38589E+01,4.75295E+01,1.44344E+02,6.92488E+01,1.44344E+02,6.92488E+01,1.44344E+02,6.92488E+01,5.38589E+01,5.38589E+01,5.38589E+01,5.38589E+01,5.38589E+01,1.44344E+02,6.92488E+01,5.38589E+01,6.92488E+01,5.38589E+01,1.44344E+02,1.44344E+02,1.44344E+02,6.92488E+01,1.44344E+02,1.44344E+02,5.38589E+01,5.38589E+01,5.38589E+01,1.44344E+02,1.44344E+02,1.44344E+02,6.92488E+01,5.38589E+01,1.44344E+02,1.44344E+02,1.44344E+02,2.69326E-01,5.38589E+01,1.44344E+02,5.38589E+01,5.38589E+01 
#t = 1.218E+03
5.38589E+01,1.44344E+02,1.44344E+02,6.92488E+01,5.38589E+01,1.44344E+02,5.38589E+01,6.92488E+01,1.44344E+02,5.38589E+01,5.38589E+01,1.44344E+02,1.44344E+02,1.10835E+01,1.44344E+02,1.44344E+02,6.92488E+01,1.44344E+02,5.38589E+01,6.92488E+01,6.92488E+01,6.92488E+01,6.92488E+01,5.38589E+01,1.44344E+02,1.44344E+02,6.92488E+01,1.44344E+02,5.38589E+01,5.38589E+01,6.92488E+01,2.46729E+00,1.44344E+02,5.38589E+01,1.44344E+02,1.44344E+02,1.44344E+02,5.38589E+01,5.38589E+01 
#t = 1.260E+03
6.92488E+01,5.38589E+01,5.38589E+01,6.92488E+01,1.44344E+02,6.92488E+01,5.38589E+01,1.44344E+02,6.92488E+01,5.37784E+01,6.92488E+01,6.92488E+01,1.44344E+02,6.92488E+01,5.37784E+01,5.38589E+01,6.92488E+01,5.38589E+01,6.92488E+01,1.44344E+02,1.44344E+02,1.44344E+02,6.92488E+01,1.44344E+02,5.37784E+01,1.44344E+02,1.44344E+02,6.92488E+01,6.92488E+01,6.92488E+01,5.37784E+01,1.44344E+02,1.18710E+00,6.92488E+01,6.92488E+01,6.92488E+01,1.44344E+02,6.92488E+01,5.37784E+01,1.44344E+02,1.44344E+02,5.37784E+01 
#t = 1.302E+03
5.38589E+01,6.92488E+01,1.44344E+02,1.44344E+02,6.92488E+01,6.92488E+01,1.44344E+02,6.92488E+01,1.44344E+02,5.37784E+01,5.38589E+01,1.44344E+02,1.44344E+02,6.92488E+01,6.92488E+01,6.92488E+01,5.38589E+01,1.44344E+02,6.92488E+01,6.92488E+01,6.92488E+01,6.92488E+01,1.44344E+02,6.92488E+01,1.44344E+02,5.37784E+01,1.44344E+02,6.92488E+01,6.92488E+01,1.44344E+02,6.92488E+01,6.92488E+01,1.44344E+02,1.44344E+02,6.92488E+01,6.92488E+01,6.92488E+01,5.38589E+01,1.44344E+02,6.92488E+01,1.44344E+02,1.44344E+02 
#t = 1.344E+03
6.92488E+01,5.38589E+01,1.44344E+02,1.44344E+02,6.92488E+01,1.44344E+02,5.37784E+01,6.92488E+01,5.37784E+01,1.44344E+02,6.92488E+01,6.92488E+01,6.92488E+01,1.44344E+02,1.44344E+02,1.44344E+02,1.44344E+02,6.92488E+01,1.44344E+02,5.37784E+01,5.37784E+01,5.38589E+01,5.37784E+01,5.37784E+01,5.37784E+01,1.44344E+02,1.44344E+02,1.44344E+02,1.44344E+02,6.92488E+01,1.44344E+02,3.52889E+01,6.92488E+01,6.92488E+01,5.37784E+01,6.92488E+01,1.44344E+02,1.44344E+02,1.44344E+02,1.44344E+02,1.44344E+02,6.92488E+01,1.44344E+02,1.49019E-01,1.44344E+02,1.44344E+02 
#t = 1.386E+03
1.44344E+02,5.37784E+01,6.92488E+01,5.38589E+01,1.44344E+02,1.44344E+02,5.38589E+01,6.92488E+01,5.38589E+01,1.22950E+01,6.92488E+01,6.92488E+01,1.44344E+02,1.34244E+01,1.44344E+02,1.44344E+02,5.37784E+01,1.44344E+02,6.92488E+01,1.92224E+01,5.38589E+01,2.02021E+01,6.92488E+01,1.92224E+01,5.37784E+01,1.44344E+02,6.92488E+01,2.02021E+01,1.44344E+02,6.92488E+01,1.44344E+02,6.92488E+01,6.92488E+01,6.92488E+01,6.85925E+00,5.38589E+01,5.38589E+01,1.44344E+02,1.44344E+02,1.44344E+02,5.38589E+01,9.68749E-01,2.14601E+00,5.37784E+01,1.44344E+02,6.92488E+01,6.92488E+01,1.44344E+02,1.17442E+00,5.38589E+01 
#t = 1.428E+03
6.92488E+01,1.44344E+02,1.44344E+02,5.37784E+01,1.44344E+02,1.44344E+02,6.92488E+01,5.38589E+01,6.92488E+01,5.38589E+01,1.44344E+02,6.92488E+01,6.92488E+01,1.44344E+02,6.92488E+01,6.92488E+01,5.38589E+01,1.44344E+02,6.92488E+01,1.44344E+02,2.02021E+01,6.92488E+01,1.44344E+02,9.86350E+00,1.44344E+02,1.44344E+02,1.44344E+02,5.38589E+01,1.44344E+02,6.92488E+01,1.44344E+02,6.92488E+01,1.44344E+02,6.92488E+01,1.44344E+02,6.92488E+01,6.92488E+01,1.44344E+02,6.92488E+01,1.92995E+01,6.92488E+01,1.44344E+02,1.44344E+02 
#t = 1.470E+03
6.92488E+01,6.92488E+01,1.44344E+02,6.92488E+01,5.38589E+01,5.38589E+01,6.92488E+01,1.44344E+02,1.44344E+02,1.44344E+02,4.72132E+00,1.44344E+02,1.44344E+02,1.44344E+02,1.44344E+02,6.92488E+01,6.92488E+01,1.44344E+02,1.44344E+02,1.44344E+02,6.92488E+01,6.92488E+01,6.92488E+01,1.44344E+02,1.44344E+02,1.44344E+02,1.44344E+02,1.44344E+02,1.44344E+02,1.44344E+02,5.38589E+01,1.44344E+02,1.44344E+02,1.44344E+02,6.92488E+01,1.44344E+02,1.44344E+02,6.92488E+01,1.44344E+02,1.44344E+02,1.44344E+02,5.38589E+01,1.44344E+02 
#t = 1.512E+03
1.44344E+02,1.44344E+02,1.44344E+02,6.92488E+01,1.44344E+02,5.38589E+01,1.44344E+02,1.88279E+01,1.44344E+02,5.38589E+01,6.92488E+01,1.44344E+02,1.44344E+02,1.44344E+02,1.44344E+02,1.44344E+02,6.92488E+01,6.92488E+01,5.38589E+01,1.44344E+02,5.38589E+01,1.44344E+02,5.38589E+01,1.44344E+02,1.44344E+02,5.38589E+01,6.92488E+01,1.44344E+02,1.88279E+01,5.38589E+01,1.44344E+02,5.38589E+01,1.44344E+02,6.92488E+01,1.44344E+02,1.44344E+02,6.92488E+01,1.44344E+02,5.38589E+01,4.73686E-01,1.88279E+01,5.74262E-01,2.10749E+00 
#t = 1.554E+03
1.44344E+02,6.92488E+01,1.88279E+01,5.38589E+01,5.38589E+01,6.92488E+01,5.70570E+00,6.92488E+01,6.92488E+01,1.44344E+02,5.38589E+01,1.88279E+01,1.44344E+02,5.38589E+01,1.88279E+01,5.38589E+01,6.92488E+01,6.92488E+01,1.44344E+02,6.92488E+01,5.38589E+01,1.44344E+02,5.38589E+01,6.92488E+01,1.44344E+02,1.22103E+01,6.92488E+01,1.44344E+02,6.92488E+01,6.92488E+01,6.92488E+01,1.34156E-01,6.92488E+01,1.44344E+02,1.44344E+02,5.38589E+01,1.44344E+02,1.44344E+02,5.38589E+01,1.44344E+02,6.92488E+01,1.44344E+02,1.44344E+02,6.92488E+01,1.22103E+01,5.38589E+01,6.92488E+01,6.92488E+01,6.92488E+01,5.38589E+01,5.38589E+01,2.00938E-01 
#t = 1.596E+03
5.38589E+01,5.38589E+01,6.92488E+01,1.44344E+02,1.44344E+02,1.22103E+01,5.38589E+01,6.92488E+01,1.44344E+02,6.92488E+01,5.38589E+01,6.92488E+01,1.44344E+02,2.66633E+01,6.92488E+01,6.92488E+01,6.92488E+01,5.38589E+01,1.44344E+02,6.92488E+01,6.92488E+01,6.92488E+01,1.44344E+02,1.22103E+01,1.22103E+01,6.92488E+01,1.44344E+02,6.92488E+01,6.92488E+01,6.92488E+01,6.92488E+01,6.92488E+01,1.44344E+02,6.92488E+01,1.92629E+01,6.92488E+01,6.92488E+01,1.22103E+01,1.22103E+01,1.22103E+01,6.92488E+01,1.22103E+01,6.92488E+01,6.92488E+01,1.22103E+01,1.30711E-01,6.92488E+01,1.44344E+02,6.92488E+01 
#t = 1.638E+03
6.92488E+01,6.92488E+01,6.92488E+01,6.92488E+01,6.92488E+01,6.92488E+01,6.92488E+01,6.92488E+01,6.92488E+01,4.46412E+01,5.38589E+01,6.92488E+01,1.22103E+01,6.92488E+01,6.92488E+01,6.92488E+01,1.44344E+02,6.92488E+01,1.44344E+02,1.44344E+02,1.44344E+02,1.22103E+01,1.44344E+02,6.92488E+01,6.92488E+01,4.46412E+01,6.92488E+01,6.92488E+01,1.44344E+02,6.92488E+01,5.38589E+01,1.22103E+01,6.92488E+01,1.44344E+02,6.92488E+01,6.92488E+01,6.92488E+01,5.38589E+01,6.07423E+01,2.78714E+00,1.44344E+02,1.22103E+01,1.44344E+02,9.08226E-02 
#t = 1.680E+03
6.92488E+01,1.44344E+02,1.44344E+02,6.92488E+01,6.07423E+01,6.92488E+01,1.44344E+02,1.44344E+02,1.44344E+02,6.92488E+01,6.92488E+01,1.44344E+02,1.44344E+02,1.44344E+02,6.92488E+01,1.44344E+02,1.44344E+02,6.92488E+01,6.92488E+01,1.44344E+02,6.92488E+01,6.92488E+01,1.44344E+02,1.22103E+01,6.92488E+01,1.44344E+02,1.44344E+02,6.92488E+01,1.44344E+02,1.72532E+01,1.44344E+02,6.92488E+01,1.83705E+01,6.92488E+01,6.92488E+01,6.92488E+01,1.44344E+02,1.44344E+02,6.92488E+01,6.92488E+01,1.44344E+02,1.83705E+01,1.44344E+02,1.44344E+02,1.44344E+02,1.44344E+02,1.44344E+02,1.44344E+02 
#t = 1.722E+03
1.44344E+02,6.92488E+01,1.44344E+02,1.44344E+02,1.44344E+02,1.44344E+02,1.44344E+02,1.44344E+02,1.44344E+02,1.44344E+02,6.92488E+01,6.92488E+01,1.44344E+02,1.44344E+02,6.92488E+01,6.92488E+01,6.92488E+01,1.44344E+02,1.44344E+02,1.44344E+02,1.44344E+02,1.44344E+02,6.92488E+01,6.92488E+01,1.44344E+02,1.44344E+02,1.44344E+02,1.44344E+02,6.92488E+01,1.44344E+02,1.44344E+02,1.44344E+02,1.44344E+02,1.44344E+02,1.44344E+02,1.97706E-01,6.92488E+01,1.44344E+02,1.44344E+02,1.44344E+02,1.44344E+02,1.44344E+02,1.44344E+02 
#t = 1.764E+03
1.44344E+02,6.92488E+01,1.44344E+02,1.44344E+02,1.44344E+02,1.44344E+02,1.44344E+02,1.44344E+02,1.44344E+02,6.92488E+01,1.44344E+02,6.43957E+00,6.92488E+01,1.44344E+02,1.44344E+02,6.92488E+01,6.92488E+01,6.92488E+01,1.44344E+02,1.44344E+02,1.44344E+02,1.44344E+02,6.92488E+01,2.03189E+01,1.44344E+02,6.92488E+01,6.92488E+01,6.92488E+01,6.92488E+01,1.44344E+02,1.44344E+02,6.92488E+01,6.92488E+01,1.44344E+02,3.31666E+01,2.66086E+00,6.92488E+01,2.90082E-01,1.44344E+02,1.44344E+02,1.44344E+02,1.44344E+02,6.92488E+01,2.69980E-01,3.66342E-01,3.55875E+01,1.44344E+02,3.59092E-01 
#t = 1.806E+03
1.44344E+02,1.44344E+02,6.92488E+01,1.44344E+02,1.44344E+02,1.44344E+02,1.44344E+02,1.44344E+02,1.44344E+02,6.92488E+01,6.92488E+01,3.55875E+01,1.44344E+02,6.92488E+01,6.92488E+01,3.55875E+01,3.55875E+01,1.44344E+02,3.55875E+01,1.44344E+02,3.55875E+01,1.44344E+02,3.55875E+01,3.55875E+01,3.55875E+01,1.44344E+02,1.44344E+02,3.55875E+01,3.55875E+01,8.48223E-01,3.55875E+01,1.44344E+02,1.44344E+02,2.38740E+01,3.55875E+01,1.44344E+02,6.92488E+01,1.44344E+02,6.92488E+01,2.38740E+01,1.44344E+02,3.55875E+01,6.92488E+01 
#t = 1.848E+03
1.44344E+02,1.44344E+02,3.55875E+01,3.55875E+01,6.92488E+01,1.44344E+02,2.38740E+01,2.38740E+01,1.44344E+02,1.44344E+02,1.44344E+02,1.44344E+02,1.44344E+02,6.92488E+01,1.44344E+02,1.44344E+02,1.44344E+02,1.44344E+02,1.44344E+02,6.92488E+01,1.44344E+02,1.44344E+02,1.44344E+02,1.44344E+02,1.44344E+02,1.44344E+02,6.92488E+01,1.44344E+02,1.44344E+02,3.55875E+01,1.44344E+02,1.44344E+02,6.92488E+01,3.55875E+01,3.55875E+01,1.44344E+02,1.44344E+02,1.44344E+02,1.44344E+02,1.29567E+00,6.05359E-01,1.44344E+02 
#t = 1.890E+03
3.55875E+01,6.92488E+01,1.44344E+02,1.44344E+02,1.44344E+02,6.92488E+01,6.92488E+01,1.44344E+02,1.44344E+02,1.44344E+02,1.44344E+02,1.44344E+02,1.44344E+02,1.44344E+02,8.92320E+00,6.92488E+01,1.44344E+02,1.44344E+02,1.44344E+02,1.44344E+02,6.92488E+01,1.44344E+02,1.44344E+02,1.44344E+02,1.44344E+02,1.44344E+02,1.44344E+02,1.44344E+02,1.44344E+02,1.44344E+02,1.44344E+02,1.44344E+02,1.44344E+02,1.44344E+02,1.44344E+02,1.44344E+02 
#t = 1.932E+03
6.92488E+01,6.92488E+01,6.92488E+01,6.92488E+01,6.92488E+01,6.92488E+01,6.92488E+01,6.92488E+01,6.92488E+01,6.92488E+01,6.92488E+01,3.55875E+01,1.44344E+02,1.44344E+02,6.92488E+01,6.92488E+01,6.92488E+01,6.92488E+01,6.92488E+01,1.44344E+02,6.92488E+01,6.92488E+01,6.92488E+01,3.82325E+01,6.92488E+01,6.92488E+01,6.92488E+01,6.92488E+01,1.44344E+02 
#t = 1.974E+03
6.92488E+01,6.92488E+01,6.92488E+01,6.92488E+01,6.92488E+01,6.92488E+01,6.92488E+01,6.92488E+01,6.92488E+01,6.92488E+01,6.92488E+01,6.92488E+01,6.92488E+01,6.92488E+01,6.92488E+01,6.92488E+01,1.77997E+01,6.92488E+01,6.92488E+01,6.92488E+01,1.21059E+01,6.92488E+01,6.92488E+01,6.92488E+01,6.92488E+01,6.92488E+01,6.92488E+01,6.92488E+01,6.92488E+01,6.92488E+01,6.92488E+01,6.92488E+01,6.92488E+01,6.24261E+00,6.92488E+01,4.08234E+00,8.28484E+00,6.92488E+01,1.77997E+01,6.92488E+01,1.21059E+01 
#t = 2.016E+03
6.92488E+01,6.92488E+01,6.92488E+01,6.92488E+01,1.74538E+01,6.92488E+01,6.92488E+01,6.92488E+01,6.92488E+01,1.77997E+01,6.92488E+01,6.92488E+01,6.92488E+01,6.92488E+01,6.92488E+01,6.92488E+01,6.92488E+01,6.92488E+01,6.92488E+01,7.53987E+00,6.92488E+01,6.92488E+01,1.77997E+01,6.92488E+01,6.92488E+01,6.92488E+01,7.25423E+00,1.43363E+01,6.92488E+01,1.12901E+00,6.92488E+01,6.92488E+01,3.10081E+01,6.92488E+01 
#t = 2.058E+03
6.92488E+01,6.92488E+01,6.92488E+01,6.92488E+01,6.92488E+01,6.92488E+01,6.92488E+01,1.77997E+01,6.92488E+01,3.10081E+01,6.92488E+01,6.92488E+01,6.92488E+01,6.92488E+01,3.10081E+01,1.52136E+01,6.92488E+01,6.92488E+01,6.92488E+01,1.10734E+01,6.92488E+01,3.10081E+01,6.92488E+01,6.92488E+01,8.64830E-01,6.92488E+01,3.10081E+01,6.92488E+01 
#t = 2.100E+03
6.92488E+01,6.92488E+01,6.92488E+01,6.92488E+01,6.92488E+01,6.92488E+01,1.10734E+01,6.92488E+01,3.10081E+01,6.92488E+01,6.92488E+01,6.92488E+01,6.92488E+01,6.92488E+01,1.77997E+01,6.92488E+01,6.92488E+01,6.92488E+01,6.92488E+01,6.92488E+01,6.92488E+01,6.92488E+01,6.92488E+01,7.72420E+01,6.92488E+01,6.92488E+01,6.92488E+01,6.92488E+01,6.92488E+01,1.46423E+00,6.92488E+01,6.92488E+01,6.92488E+01 
#t = 2.142E+03
6.92488E+01,1.10734E+01,6.92488E+01,6.92488E+01,6.92488E+01,6.92488E+01,1.10734E+01,6.92488E+01,6.92488E+01,6.92488E+01,6.92488E+01,6.92488E+01,6.92488E+01,1.10734E+01,6.92488E+01,6.92488E+01,6.92488E+01,6.92488E+01,6.92488E+01,1.10734E+01,6.92488E+01,6.92488E+01,6.92488E+01,6.92488E+01,1.77547E+00,6.92488E+01,6.92488E+01,6.92488E+01,6.92488E+01,6.92488E+01,6.74221E-01,6.92488E+01,6.92488E+01,6.92488E+01,6.92488E+01,1.10734E+01,6.92488E+01,6.92488E+01,6.92488E+01,6.92488E+01,6.92488E+01 
#t = 2.184E+03
6.92488E+01,6.92488E+01,6.92488E+01,6.92488E+01,6.92488E+01,6.92488E+01,6.92488E+01,6.92488E+01,6.92488E+01,6.92488E+01,6.92488E+01,6.92488E+01,6.92488E+01,6.92488E+01,1.10734E+01,1.10734E+01,1.10734E+01,6.92488E+01,6.92488E+01,6.92488E+01,6.92488E+01,6.92488E+01,6.92488E+01,6.92488E+01,6.92488E+01,6.92488E+01,6.92488E+01,6.92488E+01,6.92488E+01,6.92488E+01,1.10734E+01,6.92488E+01,6.92488E+01,6.92488E+01,1.71341E-01,6.92488E+01,4.09461E+00,6.92488E+01,2.15201E-01,6.92488E+01,1.55820E+00,1.10734E+01,6.92488E+01,6.92488E+01,6.92488E+01,1.89339E+00 
#t = 2.226E+03
1.10734E+01,6.92488E+01,1.10734E+01,6.92488E+01,6.92488E+01,6.92488E+01,3.35453E+02,6.92488E+01,6.92488E+01,3.35453E+02,3.35453E+02,6.92488E+01,6.92488E+01,6.92488E+01,6.92488E+01,6.92488E+01,1.10734E+01,1.10734E+01,6.92488E+01,3.35453E+02,6.92488E+01,3.35453E+02,6.92488E+01,6.92488E+01,3.35453E+02,6.92488E+01,3.35453E+02,6.92488E+01,6.92488E+01,6.92488E+01,6.92488E+01,6.92488E+01,1.10734E+01,6.92488E+01,6.92488E+01,6.92488E+01,1.21353E+01,6.92488E+01,1.21353E+01,6.92488E+01,6.92488E+01,6.92488E+01,1.10734E+01,2.48148E-01,3.35453E+02,6.92488E+01 
#t = 2.268E+03
3.35453E+02,1.10734E+01,6.92488E+01,6.92488E+01,1.10734E+01,6.92488E+01,6.92488E+01,6.92488E+01,1.21353E+01,6.92488E+01,3.35453E+02,6.92488E+01,1.10734E+01,6.92488E+01,3.35453E+02,6.92488E+01,6.92488E+01,6.92488E+01,6.92488E+01,3.35453E+02,1.71368E+01,6.92488E+01,1.71368E+01,6.92488E+01,3.35453E+02,3.35453E+02,3.35453E+02,3.35453E+02,1.10734E+01,3.35453E+02 
#t = 2.310E+03
6.92488E+01,6.92488E+01,3.35453E+02,3.35453E+02,3.35453E+02,3.35453E+02,3.35453E+02,3.35453E+02,3.35453E+02,6.92488E+01,3.35453E+02,6.92488E+01,3.35453E+02,3.35453E+02,3.35453E+02,3.35453E+02,6.92488E+01,6.92488E+01,6.92488E+01,6.92488E+01,3.35453E+02,3.35453E+02,6.92488E+01,3.35453E+02,3.67476E+00,3.35453E+02,3.35453E+02,3.35453E+02,3.35453E+02,3.35453E+02,3.35453E+02,3.35453E+02,3.10102E+01,3.35453E+02,6.92488E+01,3.35453E+02,3.35453E+02,3.35453E+02,3.35453E+02,6.92488E+01,3.10102E+01,6.92488E+01,3.35453E+02 
#t = 2.352E+03
6.92488E+01,3.35453E+02,3.35453E+02,3.35453E+02,3.35453E+02,3.35453E+02,3.35453E+02,3.35453E+02,3.35453E+02,3.35453E+02,6.92488E+01,3.35453E+02,3.35453E+02,3.35453E+02,6.92488E+01,3.35453E+02,3.35453E+02,3.35453E+02,3.35453E+02,3.35453E+02,3.35453E+02,3.35453E+02,3.35453E+02,6.92488E+01,6.92488E+01,3.35453E+02,3.35453E+02,3.35453E+02,3.35453E+02,6.92488E+01,3.35453E+02,3.35453E+02,3.35453E+02,6.92488E+01,3.35453E+02,3.35453E+02,3.35453E+02,3.35453E+02,3.35453E+02,3.35453E+02,3.97559E+00,6.92488E+01,3.35453E+02,3.35453E+02,7.40476E-01,3.35453E+02,3.35453E+02,3.35453E+02,3.35453E+02 
#t = 2.394E+03
3.35453E+02,6.92488E+01,3.35453E+02,3.35453E+02,3.35453E+02,3.35453E+02,3.35453E+02,3.35453E+02,3.35453E+02,3.35453E+02,3.35453E+02,3.35453E+02,3.35453E+02,3.35453E+02,3.35453E+02,3.35453E+02,3.35453E+02,3.35453E+02,3.35453E+02,3.35453E+02,3.35453E+02,5.20952E+00,3.35453E+02,3.35453E+02,3.35453E+02,3.35453E+02,3.35453E+02,3.35453E+02,3.35453E+02,3.35453E+02,3.35453E+02,3.35453E+02,3.35453E+02,3.35453E+02,3.35453E+02,3.35453E+02,2.33905E+00,3.35453E+02,3.35453E+02,3.35453E+02,3.35453E+02,1.95851E+01,3.35453E+02,3.35453E+02,3.35453E+02,3.35453E+02 
#t = 2.436E+03
3.35453E+02,3.35453E+02,3.35453E+02,3.35453E+02,9.93098E+00,3.35453E+02,3.35453E+02,3.35453E+02,3.35453E+02,3.35453E+02,3.35453E+02,3.35453E+02,3.35453E+02,3.35453E+02,3.35453E+02,3.35453E+02,3.35453E+02,3.35453E+02,3.35453E+02,3.35453E+02,1.95851E+01,3.35453E+02,1.95851E+01,3.35453E+02,3.35453E+02,3.35453E+02,3.35453E+02,3.35453E+02,2.24332E+01,1.95851E+01,3.35453E+02,1.81621E+00,3.35453E+02,3.35453E+02,3.35453E+02,3.35453E+02,1.07837E+01,3.35453E+02,3.35453E+02,1.95851E+01,3.35453E+02,1.66528E+01,1.95851E+01,9.13809E-01 
#t = 2.478E+03
3.35453E+02,2.82081E+01,3.35453E+02,1.95851E+01,1.04915E+01,3.35453E+02,3.35453E+02,3.35453E+02,3.35453E+02,3.35453E+02,3.35453E+02,3.35453E+02,3.35453E+02,3.35453E+02,3.35453E+02,3.35453E+02,8.50343E+00,3.35453E+02,3.35453E+02,3.35453E+02,3.35453E+02,3.35453E+02,3.35453E+02,3.35453E+02,3.35453E+02,3.35453E+02,3.35453E+02,3.35453E+02,3.35453E+02,3.35453E+02,2.90855E+00,3.35453E+02,3.35453E+02,3.35453E+02,3.35453E+02,3.35453E+02,4.37091E+00,3.35453E+02 
#t = 2.520E+03
1.95851E+01,3.35453E+02,3.35453E+02,3.35453E+02,3.35453E+02,3.35453E+02,3.35453E+02,3.35453E+02,3.35453E+02,3.35453E+02,3.35453E+02,3.35453E+02,3.35453E+02,3.35453E+02,3.35453E+02,3.35453E+02,3.35453E+02,3.35453E+02,3.35453E+02,3.35453E+02,3.35453E+02,3.35453E+02,3.35453E+02,3.35453E+02,3.35453E+02,3.35453E+02,3.35453E+02,3.35453E+02,2.51091E+01,3.35453E+02,3.34863E+00,2.51091E+01,3.35453E+02,3.35453E+02,3.35453E+02,3.35453E+02,3.35453E+02,3.35453E+02,3.35453E+02,2.51091E+01,3.35453E+02,1.95851E+01,3.35453E+02,2.81273E+00,3.35453E+02,3.35453E+02,3.35453E+02,3.35453E+02 
#t = 2.562E+03
3.35453E+02,1.95851E+01,3.35453E+02,3.35453E+02,3.35453E+02,1.95851E+01,3.35453E+02,3.35453E+02,3.35453E+02,3.35453E+02,3.35453E+02,3.35453E+02,1.95851E+01,3.35453E+02,3.35453E+02,3.35453E+02,3.35453E+02,1.95851E+01,3.35453E+02,9.40593E+00,1.95851E+01,1.95851E+01,3.35453E+02,3.35453E+02,1.95851E+01,3.35453E+02,3.35453E+02,3.35453E+02,3.35453E+02,3.35453E+02,3.35453E+02,3.35453E+02,3.35453E+02,1.95851E+01,3.35453E+02,3.35453E+02,3.35453E+02,1.95851E+01,3.35453E+02 
#t = 2.604E+03
3.35453E+02,1.95851E+01,3.35453E+02,3.35453E+02,3.35453E+02,3.35453E+02,1.95851E+01,3.35453E+02,3.35453E+02,1.95851E+01,3.35453E+02,3.35453E+02,3.35453E+02,3.35453E+02,3.35453E+02,3.35453E+02,3.35453E+02,3.35453E+02,3.35453E+02,1.95851E+01,3.35453E+02,3.35453E+02,3.35453E+02,1.95851E+01,3.35453E+02,3.35453E+02,1.95851E+01,3.35453E+02,3.35453E+02,1.95851E+01,3.35453E+02,3.35453E+02,3.35453E+02,3.35453E+02,3.35453E+02,3.35453E+02,3.35453E+02,3.35453E+02,3.11279E+00,1.95851E+01,3.35453E+02,3.35453E+02,3.35453E+02,3.35453E+02,3.35453E+02,1.95851E+01,3.35453E+02 
#t = 2.646E+03
3.35453E+02,1.95851E+01,3.35453E+02,3.35453E+02,3.35453E+02,3.35453E+02,3.35453E+02,3.35453E+02,3.35453E+02,3.35453E+02,3.35453E+02,3.35453E+02,3.35453E+02,3.35453E+02,1.95851E+01,3.35453E+02,3.35453E+02,3.35453E+02,3.35453E+02,3.35453E+02,1.95851E+01,3.35453E+02,3.35453E+02,1.95851E+01,3.35453E+02,3.35453E+02,3.35453E+02,3.35453E+02,3.35453E+02,3.35453E+02,3.35453E+02,3.35453E+02,3.35453E+02,3.35453E+02,3.35453E+02,3.35453E+02,3.35453E+02,3.35453E+02,3.35453E+02,3.35453E+02,3.35453E+02,3.35453E+02,3.35453E+02,3.35453E+02,3.35453E+02,3.35453E+02,3.35453E+02,3.35453E+02,3.35453E+02 
#t = 2.688E+03
3.35453E+02,3.35453E+02,3.35453E+02,3.35453E+02,3.35453E+02,3.35453E+02,3.35453E+02,3.35453E+02,3.35453E+02,3.35453E+02,3.35453E+02,3.35453E+02,3.35453E+02,3.35453E+02,1.95851E+01,3.35453E+02,3.35453E+02,3.35453E+02,3.35453E+02,3.35453E+02,3.35453E+02,3.35453E+02,3.35453E+02,3.35453E+02,3.35453E+02,3.35453E+02,3.35453E+02,3.35453E+02,3.35453E+02,3.35453E+02,3.35453E+02,3.35453E+02,3.35453E+02,3.35453E+02,3.35453E+02,3.35453E+02,3.35453E+02,3.35453E+02,3.35453E+02,3.35453E+02,3.35453E+02,1.97662E+00 
#t = 2.730E+03
3.35453E+02,3.35453E+02,3.35453E+02,3.35453E+02,3.35453E+02,3.35453E+02,3.35453E+02,3.35453E+02,3.35453E+02,3.35453E+02,3.35453E+02,3.35453E+02,3.35453E+02,3.35453E+02,3.35453E+02,3.35453E+02,3.35453E+02,3.35453E+02,3.35453E+02,3.35453E+02,3.35453E+02,3.35453E+02,3.35453E+02,3.35453E+02,3.35453E+02,3.35453E+02,3.35453E+02,3.35453E+02,2.23006E+01,3.35453E+02,3.35453E+02,3.35453E+02,3.35453E+02,3.35453E+02,3.35453E+02,3.35453E+02,3.35453E+02,3.35453E+02,3.35453E+02,3.35453E+02,3.35453E+02,4.45440E-01,1.38520E+01,1.38520E+01,3.35453E+02 
#t = 2.772E+03
3.35453E+02,3.35453E+02,3.35453E+02,3.35453E+02,3.35453E+02,3.35453E+02,3.35453E+02,3.35453E+02,3.35453E+02,3.35453E+02,3.35453E+02,3.35453E+02,3.35453E+02,3.35453E+02,3.35453E+02,3.35453E+02,3.35453E+02,3.35453E+02,3.35453E+02,3.35453E+02,3.35453E+02,3.35453E+02,3.35453E+02,2.23006E+01,3.35453E+02,3.35453E+02,3.35453E+02,3.35453E+02,3.35453E+02,3.35453E+02,1.65140E+01,3.35453E+02,3.35453E+02,3.35453E+02 
#t = 2.814E+03
3.35453E+02,3.35453E+02,3.35453E+02,1.15996E+01,3.35453E+02,3.35453E+02,3.35453E+02,1.00634E+01,3.35453E+02,3.35453E+02,3.35453E+02,3.35453E+02,3.35453E+02,3.35453E+02,3.35453E+02,3.35453E+02,3.35453E+02,3.35453E+02,2.21899E-01,3.35453E+02,3.35453E+02,3.35453E+02,3.35453E+02,3.35453E+02,3.35453E+02,6.22237E+00,3.35453E+02,3.35453E+02,3.35453E+02,3.35453E+02 
#t = 2.856E+03
3.35453E+02,3.35453E+02,3.35453E+02,3.35453E+02,3.35453E+02,3.35453E+02,3.35453E+02,1.61641E+01,3.35453E+02,3.35453E+02,3.35453E+02,3.35453E+02,3.35453E+02,3.35453E+02,3.35453E+02,3.35453E+02,3.35453E+02,3.35453E+02,3.35453E+02,3.35453E+02,3.35453E+02,3.35453E+02,3.35453E+02,1.61641E+01,3.35453E+02,3.35453E+02,3.35453E+02,1.61641E+01,3.35453E+02,3.35453E+02,3.35453E+02,1.61641E+01,3.35453E+02,3.35453E+02,1.61641E+01,3.35453E+02,3.31156E-01,3.35453E+02 
#t = 2.898E+03
3.35453E+02,3.35453E+02,3.35453E+02,3.35453E+02,3.35453E+02,3.35453E+02,3.35453E+02,3.35453E+02,3.35453E+02,3.35453E+02,3.35453E+02,3.35453E+02,3.35453E+02,3.35453E+02,3.35453E+02,3.35453E+02,3.35453E+02,3.35453E+02,3.35453E+02,1.61641E+01,3.35453E+02,3.35453E+02,3.35453E+02,3.35453E+02,3.35453E+02,3.35453E+02,3.35453E+02,1.61641E+01,3.35453E+02,3.35453E+02,3.35453E+02,3.35453E+02,2.54081E+01,3.35453E+02,3.35453E+02,3.35453E+02,3.35453E+02,3.35453E+02,3.35453E+02,1.90344E+00,3.35453E+02,2.13470E-01,3.35453E+02 
#t = 2.940E+03
3.35453E+02,3.35453E+02,3.35453E+02,3.35453E+02,3.35453E+02,3.35453E+02,3.35453E+02,3.35453E+02,3.35453E+02,3.35453E+02,3.35453E+02,3.35453E+02,3.35453E+02,3.35453E+02,3.35453E+02,1.02722E+01,3.35453E+02,3.35453E+02,3.35453E+02,3.35453E+02,3.35453E+02,3.35453E+02,3.35453E+02,3.35453E+02,3.35453E+02,3.35453E+02,3.35453E+02,3.35453E+02,3.35453E+02,3.35453E+02,3.35453E+02,3.35453E+02,3.35453E+02,3.35453E+02,3.35453E+02,3.35453E+02,3.35453E+02,3.35453E+02,2.21605E+00,3.35453E+02,3.35453E+02,3.35453E+02,3.35453E+02,4.86720E-01,1.01860E+00,3.35453E+02 
#t = 2.982E+03
3.35453E+02,3.35453E+02,3.35453E+02,3.35453E+02,3.35453E+02,3.35453E+02,3.35453E+02,3.35453E+02,3.35453E+02,3.35453E+02,3.35453E+02,3.35453E+02,3.35453E+02,3.35453E+02,3.35453E+02,3.35453E+02,3.35453E+02,3.35453E+02,3.35453E+02,3.35453E+02,3.35453E+02,3.35453E+02,3.35453E+02,3.35453E+02,3.35453E+02,3.35453E+02,5.88402E+00,3.35453E+02,3.35453E+02,3.35453E+02,3.35453E+02,3.35453E+02,3.35453E+02,3.35453E+02,3.35453E+02,3.35453E+02,3.35453E+02,3.35453E+02,3.35453E+02,3.35453E+02,3.35453E+02,3.35453E+02,3.35453E+02,3.35453E+02,3.69981E-01,3.35453E+02,3.35453E+02,3.35453E+02 
#t = 3.024E+03
3.35453E+02,3.35453E+02,3.35453E+02,3.35453E+02,3.35453E+02,3.35453E+02,3.35453E+02,3.35453E+02,3.35453E+02,3.35453E+02,3.35453E+02,3.35453E+02,3.35453E+02,3.35453E+02,3.35453E+02,3.35453E+02,3.35453E+02,1.67124E+01,3.35453E+02,3.35453E+02,3.35453E+02,3.35453E+02,3.35453E+02,3.35453E+02,6.65332E+01,5.13384E+00,3.35453E+02,3.35453E+02,3.35453E+02,3.35453E+02,3.35453E+02,3.35453E+02,3.35453E+02,3.35453E+02,3.35453E+02,3.35453E+02,3.35453E+02,3.35453E+02 
#t = 3.066E+03
3.35453E+02,3.35453E+02,1.67124E+01,3.35453E+02,3.35453E+02,6.65332E+01,3.35453E+02,3.35453E+02,3.35453E+02,3.35453E+02,3.35453E+02,3.35453E+02,3.35453E+02,3.35453E+02,3.35453E+02,3.35453E+02,3.35453E+02,3.35453E+02,3.35453E+02,3.35453E+02,3.35453E+02,3.35453E+02,3.35453E+02,3.35453E+02,3.35453E+02,3.35453E+02,3.35453E+02,3.35453E+02,3.35453E+02,3.35453E+02,3.35453E+02,3.35453E+02,3.35453E+02,1.67124E+01,3.35453E+02,1.67124E+01,3.35453E+02,3.35453E+02,3.35453E+02,3.35453E+02,3.35453E+02,3.35453E+02,3.35453E+02,3.35453E+02,3.35453E+02,1.43991E+01,3.35453E+02,3.35453E+02,1.67124E+01,3.35453E+02,3.35453E+02,3.35453E+02,5.40646E-02,3.35453E+02,3.35453E+02 
#t = 3.108E+03
3.35453E+02,3.35453E+02,3.35453E+02,3.35453E+02,3.35453E+02,3.35453E+02,3.35453E+02,3.35453E+02,1.67124E+01,3.35453E+02,3.35453E+02,3.35453E+02,3.35453E+02,3.35453E+02,3.35453E+02,3.35453E+02,1.67124E+01,3.35453E+02,3.35453E+02,3.35453E+02,3.35453E+02,1.67124E+01,1.67124E+01,1.56351E+01,3.35453E+02,1.67124E+01,3.35453E+02,3.35453E+02,3.35453E+02,1.67124E+01,3.35453E+02,1.04166E+01,1.67124E+01,3.35453E+02,3.35453E+02,3.35453E+02,3.35453E+02,1.67124E+01,7.89842E+00,3.35453E+02,1.36692E-01,3.35453E+02,3.35453E+02,3.35453E+02,9.68375E-01,3.35453E+02 
#t = 3.150E+03
3.35453E+02,1.21499E+01,3.35453E+02,3.35453E+02,3.35453E+02,3.35453E+02,3.35453E+02,3.35453E+02,3.35453E+02,3.35453E+02,3.35453E+02,3.35453E+02,3.35453E+02,3.35453E+02,3.35453E+02,3.35453E+02,3.35453E+02,3.35453E+02,3.35453E+02,3.35453E+02,3.35453E+02,3.35453E+02,3.35453E+02,3.35453E+02,3.35453E+02,3.35453E+02,3.86075E+00,3.35453E+02,3.35453E+02,3.35453E+02 
#t = 3.192E+03
3.35453E+02,3.35453E+02,3.35453E+02,3.35453E+02,3.35453E+02,3.35453E+02,3.35453E+02,3.35453E+02,3.35453E+02,3.35453E+02,3.35453E+02,3.35453E+02,1.75876E+01,3.35453E+02,3.35453E+02,3.35453E+02,3.35453E+02,3.35453E+02,3.35453E+02,3.35453E+02,1.30876E+01,3.35453E+02,3.35453E+02,3.35453E+02,3.35453E+02,3.35453E+02,3.35453E+02,3.35453E+02,3.35453E+02,3.35453E+02,3.35453E+02,3.35453E+02,3.35453E+02,3.35453E+02,1.30876E+01,3.35453E+02,1.37092E-01,3.35453E+02,1.11390E+00,3.35453E+02,3.35453E+02,3.35453E+02,3.35453E+02,3.35453E+02,3.35453E+02 
#t = 3.234E+03
1.75876E+01,3.35453E+02,3.35453E+02,1.75876E+01,1.75876E+01,3.35453E+02,3.35453E+02,3.35453E+02,3.35453E+02,3.35453E+02,3.35453E+02,1.75876E+01,3.35453E+02,3.35453E+02,3.35453E+02,3.35453E+02,3.35453E+02,3.35453E+02,3.35453E+02,3.35453E+02,3.35453E+02,3.35453E+02,1.75876E+01,3.35453E+02,1.75876E+01,3.35453E+02,3.35453E+02,3.35453E+02,3.35453E+02,3.35453E+02,3.35453E+02,3.35453E+02,1.75876E+01,3.35453E+02,3.35453E+02,5.65044E+00,1.75876E+01,3.35453E+02,3.35453E+02 
#t = 3.276E+03
3.35453E+02,3.35453E+02,3.35453E+02,3.35453E+02,3.35453E+02,3.35453E+02,3.35453E+02,3.35453E+02,3.35453E+02,3.35453E+02,3.35453E+02,3.35453E+02,3.35453E+02,3.35453E+02,3.35453E+02,3.35453E+02,3.35453E+02,9.53167E+00,1.75876E+01,3.35453E+02,3.35453E+02,3.35453E+02,1.75876E+01,3.35453E+02,3.35453E+02,3.35453E+02,3.35453E+02,3.35453E+02,3.35453E+02,3.35453E+02,3.35453E+02,3.35453E+02,3.35453E+02,3.35453E+02,3.35453E+02,3.35453E+02,3.35453E+02,3.35453E+02,3.35453E+02,3.35453E+02,3.35453E+02,3.19943E-01,3.35453E+02,6.48750E-01,3.35453E+02,3.35453E+02 
#t = 3.318E+03
3.35453E+02,3.35453E+02,3.35453E+02,3.35453E+02,3.35453E+02,3.35453E+02,3.35453E+02,3.35453E+02,3.35453E+02,3.35453E+02,3.35453E+02,3.35453E+02,3.35453E+02,3.35453E+02,3.35453E+02,3.35453E+02,3.35453E+02,3.35453E+02,3.35453E+02,3.35453E+02,3.35453E+02,3.35453E+02,3.35453E+02,3.35453E+02,3.35453E+02,3.35453E+02,3.35453E+02,3.35453E+02,1.70822E+01,3.35453E+02,3.35453E+02,3.35453E+02,3.35453E+02,3.35453E+02,3.32104E+00,3.45699E-02,3.35453E+02,3.35453E+02 
#t = 3.360E+03
3.35453E+02,3.35453E+02,3.35453E+02,3.35453E+02,3.35453E+02,3.35453E+02,3.35453E+02,3.35453E+02,3.35453E+02,3.35453E+02,3.35453E+02,3.35453E+02,3.35453E+02,3.35453E+02,3.35453E+02,3.35453E+02,3.35453E+02,3.35453E+02,3.35453E+02,3.35453E+02,3.35453E+02,3.35453E+02,3.35453E+02,3.35453E+02,4.12510E+00,3.35453E+02,3.35453E+02,3.35453E+02,3.35453E+02,3.35453E+02,3.35453E+02,3.35453E+02,3.35952E+00,3.35453E+02,3.35453E+02,1.08561E+01,8.88072E+00,3.35453E+02,3.35453E+02,3.35453E+02,3.35453E+02,3.35453E+02,3.35453E+02,3.35453E+02 
#t = 3.402E+03
3.35453E+02,3.35453E+02,3.35453E+02,3.35453E+02,3.35453E+02,3.35453E+02,3.35453E+02,3.35453E+02,3.35453E+02,3.35453E+02,3.35453E+02,3.35453E+02,3.35453E+02,3.35453E+02,3.35453E+02,3.35453E+02,3.35453E+02,3.35453E+02,3.35453E+02,3.35453E+02,3.35453E+02,3.35453E+02,3.35453E+02,2.35556E+00,3.35453E+02,3.35453E+02,3.35453E+02,3.35453E+02,3.35453E+02,3.35453E+02,3.35453E+02,3.35453E+02,3.35453E+02,3.35453E+02,6.78813E-01,3.35453E+02,3.35453E+02,3.35453E+02,3.35453E+02 
#t = 3.444E+03
3.35453E+02,3.35453E+02,3.35453E+02,3.35453E+02,3.35453E+02,3.35453E+02,3.35453E+02,3.35453E+02,3.35453E+02,3.35453E+02,3.35453E+02,3.35453E+02,3.35453E+02,3.35453E+02,3.35453E+02,3.35453E+02,3.35453E+02,8.44749E+00,3.35453E+02,3.35453E+02,3.35453E+02,3.35453E+02,3.35453E+02,3.35453E+02,3.35453E+02,3.35453E+02,5.94149E+00,3.35453E+02,3.35453E+02,3.35453E+02,3.35453E+02,3.35453E+02,3.35453E+02,3.35453E+02,3.35453E+02,3.35453E+02,3.35453E+02,3.35453E+02,3.35453E+02,3.35453E+02,3.35453E+02,1.46417E+00,3.05544E+00,3.35453E+02,3.35453E+02,3.35453E+02,3.35453E+02,3.35453E+02,3.35453E+02,3.35453E+02 
#t = 3.486E+03
3.35453E+02,3.35453E+02,3.35453E+02,3.35453E+02,3.35453E+02,1.52586E+01,3.35453E+02,3.35453E+02,3.35453E+02,3.35453E+02,3.35453E+02,3.35453E+02,3.35453E+02,3.35453E+02,3.35453E+02,3.35453E+02,1.52586E+01,3.35453E+02,3.35453E+02,3.35453E+02,3.35453E+02,3.35453E+02,3.35453E+02,3.35453E+02,1.52586E+01,3.35453E+02,3.35453E+02,3.35453E+02,3.35453E+02,3.35453E+02,3.35453E+02,3.35453E+02,3.35453E+02,3.35453E+02,3.35453E+02,3.35453E+02,3.35453E+02,3.35453E+02,3.35453E+02,3.35453E+02,1.88428E+00,3.35453E+02,1.52586E+01,3.35453E+02,3.35453E+02,3.35453E+02,3.35453E+02,3.35453E+02,3.35453E+02,3.35453E+02,3.35453E+02,3.35453E+02,8.47980E+00,3.35453E+02,1.52586E+01,3.35453E+02,3.35453E+02,3.35453E+02,3.35453E+02,6.33117E-01,3.35453E+02,1.52586E+01,3.35453E+02,5.24612E-01,3.35453E+02,3.35453E+02,3.35453E+02,3.35453E+02,3.35453E+02,3.35453E+02 
#t = 3.528E+03
3.35453E+02,3.35453E+02,3.35453E+02,3.35453E+02,3.35453E+02,3.35453E+02,3.35453E+02,3.35453E+02,9.34324E+00,3.35453E+02,3.35453E+02,3.35453E+02,3.35453E+02,3.35453E+02,3.35453E+02,3.35453E+02,3.35453E+02,3.35453E+02,3.35453E+02,3.35453E+02,3.35453E+02,3.35453E+02,3.35453E+02,3.35453E+02,3.35453E+02,6.47097E+00,1.52586E+01,3.35453E+02,3.35453E+02,3.35453E+02,6.39178E+00,3.35453E+02,3.35453E+02,3.35453E+02,5.74967E-01,3.35453E+02 
#t = 3.570E+03
3.35453E+02,3.35453E+02,3.35453E+02,3.35453E+02,3.35453E+02,3.35453E+02,3.35453E+02,3.35453E+02,3.35453E+02,3.35453E+02,3.35453E+02,3.35453E+02,3.35453E+02,3.35453E+02,3.35453E+02,3.35453E+02,3.35453E+02,3.35453E+02,3.35453E+02,3.35453E+02,3.35453E+02,3.35453E+02,3.35453E+02,3.35453E+02,3.35453E+02,3.35453E+02,3.35453E+02,3.35453E+02,3.35453E+02,3.35453E+02,3.35453E+02,3.35453E+02,3.35453E+02,3.35453E+02,3.35453E+02,3.35453E+02,3.35453E+02,3.35453E+02,3.35453E+02,3.35453E+02,3.35453E+02,1.68672E-01,3.35453E+02,3.35453E+02 
#t = 3.612E+03
3.35453E+02,3.35453E+02,3.35453E+02,3.35453E+02,3.35453E+02,3.35453E+02,3.35453E+02,3.35453E+02,3.35453E+02,3.35453E+02,3.35453E+02,3.35453E+02,3.35453E+02,3.35453E+02,3.35453E+02,3.35453E+02,3.35453E+02,3.35453E+02,3.35453E+02,3.35453E+02,1.66386E+00,3.35453E+02,3.35453E+02,3.35453E+02,3.35453E+02,3.35453E+02,3.35453E+02,3.35453E+02,3.35453E+02,3.35453E+02,6.13532E+00,3.35453E+02,6.63683E+00,3.35453E+02,3.35453E+02,3.35453E+02,3.35453E+02,3.35453E+02,3.35453E+02,3.35453E+02,3.35453E+02,3.35453E+02,3.35453E+02 
#t = 3.654E+03
3.35453E+02,3.35453E+02,3.35453E+02,3.35453E+02,3.35453E+02,3.35453E+02,3.35453E+02,3.35453E+02,3.35453E+02,3.35453E+02,3.35453E+02,3.35453E+02,3.35453E+02,3.35453E+02,3.42373E+01,3.35453E+02,3.35453E+02,3.35453E+02,3.35453E+02,3.35453E+02,3.35453E+02,3.35453E+02,3.35453E+02,3.35453E+02,3.35453E+02,3.35453E+02,3.35453E+02,3.35453E+02,3.35453E+02,3.35453E+02,3.35453E+02,3.35453E+02,3.35453E+02,3.35453E+02,3.35453E+02,3.35453E+02,3.35453E+02,3.35453E+02,3.35453E+02,1.02709E-01,3.35453E+02,3.35453E+02,3.35453E+02,3.35453E+02,3.35453E+02,3.26989E+00 
#t = 3.696E+03
3.35453E+02,3.35453E+02,3.35453E+02,3.35453E+02,3.35453E+02,3.35453E+02,3.35453E+02,3.35453E+02,3.35453E+02,3.35453E+02,3.35453E+02,1.15846E+01,3.35453E+02,3.35453E+02,1.15846E+01,1.15846E+01,1.15846E+01,1.68765E+01,3.35453E+02,1.15846E+01,3.35453E+02,3.35453E+02,3.35453E+02,3.35453E+02,3.35453E+02,3.35453E+02,1.15846E+01,3.35453E+02,3.35453E+02,3.35453E+02,3.35453E+02,3.35453E+02,3.35453E+02,3.35453E+02,3.35453E+02,3.35453E+02,3.35453E+02,1.15846E+01,3.35453E+02,1.15846E+01,1.15846E+01,3.35453E+02,1.15846E+01,1.15846E+01,1.15846E+01 
#t = 3.738E+03
3.35453E+02,3.35453E+02,3.35453E+02,3.35453E+02,3.35453E+02,3.35453E+02,3.35453E+02,3.35453E+02,3.35453E+02,1.77266E+02,3.35453E+02,1.53366E+01,2.38528E+01,3.35453E+02,3.35453E+02,3.35453E+02,3.35453E+02,3.35453E+02,3.35453E+02,3.35453E+02,3.35453E+02,3.35453E+02,3.35453E+02,3.35453E+02,3.35453E+02,3.35453E+02,3.35453E+02,3.35453E+02,3.35453E+02,3.35453E+02 
#t = 3.780E+03
3.35453E+02,3.35453E+02,3.35453E+02,3.35453E+02,1.77266E+02,3.35453E+02,3.35453E+02,3.35453E+02,3.35453E+02,3.35453E+02,7.28030E+00,3.35453E+02,3.35453E+02,3.35453E+02,3.35453E+02,1.77266E+02,3.35453E+02,3.35453E+02,3.35453E+02,3.35453E+02,3.35453E+02,3.35453E+02,3.35453E+02,3.35453E+02,3.35453E+02,3.35453E+02,3.35453E+02,3.35453E+02,3.35453E+02,3.35453E+02,3.35453E+02,3.35453E+02,3.35453E+02,3.35453E+02,3.35453E+02,3.35453E+02,2.80965E-01,3.35453E+02,3.35453E+02,2.31807E+00,3.35453E+02,3.35453E+02,3.35453E+02,3.35453E+02,3.35453E+02 
#t = 3.822E+03
3.35453E+02,3.35453E+02,3.35453E+02,3.35453E+02,3.35453E+02,3.35453E+02,3.35453E+02,3.35453E+02,3.35453E+02,3.35453E+02,3.35453E+02,3.35453E+02,1.65423E+01,3.35453E+02,3.35453E+02,3.35453E+02,3.35453E+02,3.35453E+02,3.35453E+02,1.92889E+01,3.35453E+02,3.35453E+02,3.35453E+02,3.35453E+02,3.35453E+02,3.35453E+02,3.35453E+02,3.35453E+02,3.35453E+02,3.35453E+02,3.35453E+02,3.35453E+02,3.35453E+02,3.35453E+02,3.35453E+02,3.35453E+02,3.35453E+02,3.35453E+02,3.35453E+02,3.35453E+02,3.35453E+02,3.35453E+02,3.35453E+02,3.35453E+02,2.22928E+00,3.35453E+02,9.66298E-01,3.35453E+02,3.35453E+02,4.24079E+01 
#t = 3.864E+03
3.35453E+02,3.35453E+02,3.35453E+02,3.35453E+02,3.35453E+02,3.35453E+02,3.35453E+02,3.35453E+02,3.35453E+02,3.35453E+02,3.35453E+02,3.35453E+02,3.35453E+02,3.35453E+02,3.35453E+02,3.35453E+02,3.35453E+02,3.35453E+02,3.35453E+02,3.35453E+02,1.30174E+01,3.35453E+02,3.35453E+02,3.35453E+02,1.99014E+01,3.35453E+02,3.35453E+02,1.38702E+01,3.35453E+02,3.35453E+02,3.35453E+02,3.35453E+02,3.35453E+02,3.35453E+02,3.35453E+02,3.35453E+02,6.36959E-01,3.35453E+02,3.35453E+02,3.35453E+02,3.35453E+02,3.35453E+02,3.35453E+02,3.35453E+02 
#t = 3.906E+03
3.35453E+02,3.35453E+02,3.35453E+02,3.35453E+02,3.35453E+02,3.35453E+02,3.35453E+02,3.35453E+02,3.35453E+02,3.35453E+02,3.35453E+02,1.14178E+01,3.35453E+02,3.35453E+02,3.35453E+02,3.35453E+02,3.35453E+02,3.35453E+02,3.35453E+02,3.35453E+02,3.35453E+02,3.35453E+02,1.10526E+01,1.10526E+01,3.35453E+02,3.35453E+02,3.35453E+02,3.35453E+02,3.35453E+02,3.35453E+02,3.35453E+02,3.35453E+02,3.35453E+02,3.35453E+02,3.35453E+02,3.35453E+02,3.35453E+02,9.57534E+00,3.35453E+02,3.35453E+02,3.35453E+02,3.35453E+02,3.35453E+02,3.35453E+02,1.10526E+01,3.35453E+02,3.35453E+02,7.06921E-01,1.14934E+01,3.35453E+02 
#t = 3.948E+03
3.35453E+02,1.10526E+01,3.35453E+02,3.35453E+02,3.35453E+02,3.35453E+02,3.35453E+02,3.35453E+02,3.35453E+02,3.35453E+02,3.35453E+02,3.35453E+02,3.35453E+02,3.35453E+02,3.35453E+02,3.35453E+02,3.35453E+02,3.35453E+02,3.35453E+02,3.35453E+02,3.35453E+02,3.35453E+02,1.10526E+01,3.35453E+02,3.35453E+02,3.35453E+02,3.35453E+02,3.35453E+02,3.35453E+02,3.35453E+02,3.35453E+02,3.35453E+02,3.35453E+02,3.35453E+02,3.35453E+02,3.35453E+02,3.35453E+02,1.10526E+01,3.35453E+02,3.35453E+02,3.35453E+02,2.48668E+01,3.35453E+02,3.35453E+02,3.35453E+02,3.35453E+02,3.35453E+02,3.35453E+02,3.35453E+02,3.35453E+02,3.35453E+02,3.35453E+02,3.35453E+02 
#t = 3.990E+03
3.35453E+02,3.35453E+02,3.35453E+02,3.35453E+02,3.35453E+02,3.35453E+02,3.35453E+02,3.35453E+02,3.35453E+02,3.35453E+02,3.35453E+02,3.35453E+02,3.35453E+02,1.57310E+01,3.35453E+02,3.35453E+02,3.35453E+02,3.35453E+02,3.35453E+02,3.35453E+02,3.35453E+02,3.35453E+02,3.35453E+02,3.35453E+02,3.35453E+02,3.35453E+02,3.35453E+02,3.35453E+02,3.35453E+02,3.35453E+02,3.35453E+02,3.35453E+02,3.35453E+02,3.35453E+02,3.35453E+02,3.35453E+02,3.35453E+02,3.35453E+02,3.35453E+02,3.35453E+02,3.35453E+02,1.57310E+01,3.35453E+02,3.35453E+02,3.35453E+02,3.35453E+02,3.35453E+02,3.35453E+02,1.59313E+01,1.33657E+00,3.35453E+02,3.35453E+02 
#t = 4.032E+03
3.35453E+02,3.35453E+02,3.35453E+02,3.35453E+02,3.35453E+02,3.35453E+02,3.35453E+02,3.35453E+02,3.35453E+02,3.35453E+02,3.35453E+02,3.35453E+02,3.35453E+02,3.35453E+02,3.35453E+02,3.35453E+02,3.35453E+02,3.35453E+02,3.35453E+02,3.35453E+02,3.35453E+02,3.35453E+02,3.35453E+02,3.35453E+02,3.35453E+02,3.35453E+02,3.35453E+02,3.35453E+02,3.35453E+02,3.35453E+02,3.35453E+02,3.35453E+02,2.03180E+00,3.35453E+02,3.35453E+02,3.35453E+02,3.35453E+02,3.35453E+02,3.35453E+02,1.90974E+00,3.35453E+02,3.06744E-01,3.35453E+02 
#t = 4.074E+03
3.35453E+02,3.35453E+02,3.35453E+02,3.35453E+02,3.35453E+02,3.35453E+02,3.35453E+02,3.35453E+02,3.35453E+02,3.35453E+02,3.35453E+02,3.35453E+02,3.35453E+02,3.35453E+02,3.35453E+02,3.35453E+02,3.35453E+02,3.35453E+02,3.35453E+02,3.35453E+02,3.35453E+02,3.35453E+02,3.35453E+02,3.35453E+02,3.35453E+02,3.35453E+02,3.35453E+02,3.35453E+02,3.35453E+02,3.35453E+02,3.35453E+02,3.35453E+02,3.52768E+00,3.35453E+02,3.35453E+02,3.35453E+02,3.35453E+02,3.35453E+02,3.35453E+02,3.35453E+02,3.35453E+02,8.85812E-01,3.35453E+02,3.35453E+02,5.89309E-01,1.47755E+00 
#t = 4.116E+03
3.35453E+02,3.35453E+02,3.35453E+02,3.35453E+02,3.35453E+02,3.35453E+02,3.35453E+02,3.35453E+02,3.35453E+02,3.35453E+02,3.35453E+02,3.35453E+02,3.35453E+02,3.35453E+02,3.35453E+02,3.35453E+02,3.35453E+02,3.35453E+02,3.35453E+02,3.35453E+02,3.35453E+02,3.35453E+02,3.35453E+02,3.35453E+02,3.35453E+02,3.35453E+02,3.35453E+02,1.36464E+01,3.35453E+02,3.35453E+02,7.94982E+00,3.35453E+02,3.35453E+02,3.35453E+02,3.35453E+02,3.35453E+02,3.35453E+02,5.32195E+00,3.35453E+02,9.75511E+00,3.35453E+02,3.35453E+02,3.35453E+02,7.39824E+00,3.61466E+01,3.35453E+02,4.37499E-01,3.35453E+02,3.35453E+02 
#t = 4.158E+03
3.35453E+02,3.35453E+02,3.35453E+02,3.35453E+02,3.35453E+02,3.35453E+02,3.35453E+02,3.35453E+02,3.35453E+02,3.35453E+02,3.35453E+02,3.35453E+02,3.35453E+02,3.35453E+02,3.35453E+02,3.35453E+02,9.35022E+00,3.35453E+02,3.35453E+02,3.35453E+02,3.35453E+02,3.35453E+02,3.35453E+02,3.35453E+02,3.35453E+02,3.35453E+02,3.35453E+02,3.35453E+02,3.35453E+02,3.35453E+02,3.35453E+02,3.35453E+02,3.35453E+02,3.35453E+02,3.35453E+02,3.35453E+02,3.35453E+02,3.35453E+02,3.35453E+02,3.35453E+02,3.35453E+02,3.35453E+02,3.35453E+02,3.35453E+02,8.01150E-02 
#t = 4.200E+03
3.35453E+02,9.35022E+00,3.35453E+02,3.35453E+02,3.35453E+02,3.35453E+02,3.35453E+02,3.35453E+02,3.35453E+02,3.35453E+02,3.35453E+02,3.35453E+02,3.35453E+02,3.35453E+02,3.35453E+02,3.35453E+02,3.35453E+02,3.35453E+02,3.35453E+02,3.35453E+02,3.35453E+02,3.35453E+02,3.35453E+02,3.35453E+02,3.35453E+02,3.35453E+02,3.35453E+02,3.35453E+02,3.33542E+01,3.35453E+02,3.35453E+02,3.35453E+02,3.35453E+02,1.20785E+01,3.35453E+02,3.35453E+02,3.35453E+02,3.35453E+02,3.35453E+02,3.35453E+02,3.35453E+02,3.35453E+02,3.35453E+02,3.35453E+02,3.35453E+02,3.35453E+02,3.35453E+02,3.35453E+02,3.35453E+02,3.35453E+02,3.35453E+02,3.35453E+02,3.35453E+02,2.23669E+00,3.35453E+02,3.35453E+02,3.35453E+02,3.33542E+01,3.35453E+02,3.33542E+01 
