#t = 0.000E+00
9.47856E-01,4.07022E-01,1.29117E+00,2.33808E-01,1.79499E-01 
#t = 4.200E+01
1.97234E+01,1.23569E+00,2.99940E+00 
#t = 8.400E+01
5.22426E+01,1.81562E+01,5.22426E+01,5.22426E+01,4.40048E+00,5.22426E+01,5.22426E+01,3.66309E-01,7.84974E-01,4.83337E-01 
#t = 1.260E+02
5.22426E+01,1.16556E+01,1.74525E+01,5.22426E+01,5.22426E+01,2.86820E+01,2.86820E+01,1.16556E+01,2.86820E+01,2.86820E+01 
#t = 1.680E+02
5.32954E+01,2.86820E+01,5.22426E+01,5.22426E+01,2.86820E+01,2.86820E+01,5.22426E+01,1.16556E+01,5.41247E+01,2.86820E+01,2.86820E+01,5.22426E+01,2.86820E+01,2.86820E+01,2.86820E+01,2.86820E+01,2.86820E+01,5.22426E+01,2.86820E+01,5.25168E+01,5.22426E+01,2.86820E+01,5.41247E+01,2.86820E+01,2.86820E+01,5.22426E+01,1.19475E+01,5.22426E+01,5.22426E+01,5.22426E+01,5.22426E+01,2.86820E+01,1.16556E+01,1.16556E+01 
#t = 2.100E+02
2.86820E+01,2.86820E+01,5.22426E+01,2.86820E+01,5.25168E+01,2.86820E+01,1.16556E+01,2.86820E+01,2.86820E+01,5.22426E+01,2.86820E+01,2.86820E+01,2.86820E+01,1.16556E+01,2.86820E+01,2.86820E+01,2.86820E+01,2.86820E+01,2.86820E+01,2.86820E+01,5.25168E+01,2.71350E+01,2.86820E+01,2.86820E+01,5.25168E+01,5.22426E+01,9.25348E+01,9.25348E+01,5.22426E+01,5.22426E+01,1.27403E+01,2.86820E+01,2.71350E+01,1.89308E+00,9.25348E+01,5.22426E+01 
#t = 2.520E+02
1.16556E+01,9.25348E+01,2.86820E+01,2.86820E+01,5.25168E+01,5.25168E+01,5.25168E+01,5.22426E+01,5.22426E+01,5.22426E+01,2.86820E+01,2.86820E+01,9.25412E+00,2.86820E+01,5.22426E+01,5.25168E+01,5.25168E+01,2.86820E+01,2.86820E+01,2.86820E+01,5.22426E+01,5.22426E+01,5.25168E+01,2.86820E+01,5.25168E+01,5.25168E+01,5.22426E+01,5.22426E+01,2.86820E+01,1.16556E+01,5.22426E+01,5.25168E+01,2.86820E+01,5.22426E+01,5.25168E+01,9.25348E+01,2.86820E+01,2.86820E+01,4.32324E-01,5.22426E+01 
#t = 2.940E+02
2.86820E+01,5.25168E+01,2.86820E+01,5.22426E+01,5.25168E+01,5.25168E+01,5.22426E+01,5.25168E+01,5.25168E+01,2.86820E+01,2.86820E+01,5.25168E+01,2.86820E+01,2.86820E+01,5.25168E+01,5.22426E+01,9.25348E+01,2.86820E+01,1.82643E+01,5.25168E+01,5.25168E+01,5.22426E+01,5.22426E+01,5.22426E+01,5.22426E+01,1.29997E+00,2.86820E+01,2.86820E+01,7.65435E-01,7.81804E-01,5.22426E+01,2.86820E+01,5.25168E+01 
#t = 3.360E+02
5.22426E+01,2.86820E+01,5.22426E+01,2.86820E+01,5.22426E+01,1.82643E+01,2.86820E+01,5.25168E+01,1.13912E+01,5.25168E+01,2.86820E+01,9.69913E+00,2.86820E+01,5.25168E+01,5.25168E+01,2.86820E+01,5.68260E+00,1.13912E+01,2.86820E+01,5.25168E+01,5.22426E+01,2.86820E+01,5.25168E+01,5.25168E+01,5.22426E+01,5.22426E+01,2.86820E+01,5.25168E+01,5.22426E+01,2.86820E+01,1.82643E+01,5.22426E+01,2.86820E+01,1.70260E+00 
#t = 3.780E+02
5.22426E+01,5.22426E+01,5.22426E+01,2.86820E+01,5.25168E+01,5.22426E+01,5.22426E+01,5.22426E+01,5.25168E+01,5.22426E+01,5.22426E+01,2.86820E+01,5.22426E+01,5.25168E+01,5.25168E+01,5.22426E+01,5.25168E+01,5.22426E+01,5.22426E+01,5.22426E+01,5.25168E+01,5.22426E+01,2.86820E+01,2.86820E+01,5.25168E+01,5.22426E+01,5.22426E+01,5.14751E+00,5.22426E+01,5.25168E+01,5.22426E+01,5.22426E+01,5.22426E+01,5.22426E+01,5.22426E+01,5.25168E+01,2.86820E+01,5.22426E+01,2.91709E+00 
#t = 4.200E+02
5.22426E+01,5.22426E+01,5.22426E+01,5.22426E+01,5.25168E+01,5.22426E+01,5.22426E+01,5.25168E+01,5.25168E+01,5.22426E+01,5.22426E+01,5.22426E+01,5.22426E+01,5.22426E+01,5.25168E+01,5.22426E+01,5.22426E+01,5.22426E+01,5.22426E+01,5.25168E+01,5.22426E+01,5.22426E+01,5.25168E+01,5.22426E+01,5.25168E+01,5.22426E+01,5.22426E+01 
#t = 4.620E+02
5.22426E+01,5.22426E+01,5.25168E+01,5.22426E+01,5.22426E+01,5.25168E+01,5.25168E+01,5.22426E+01,5.25168E+01,5.22426E+01,5.22426E+01,5.22426E+01,5.25168E+01,5.22426E+01,5.22426E+01,5.22426E+01,5.22426E+01,5.22426E+01,5.22426E+01,5.22426E+01,5.22426E+01,5.22426E+01,5.22426E+01,5.22426E+01,5.22426E+01,5.22426E+01,5.22426E+01,5.22426E+01,5.22426E+01,5.22426E+01,5.22426E+01,5.22426E+01,5.22426E+01,5.25168E+01,4.32334E-01,5.22426E+01,5.22426E+01,2.17364E-01,5.25168E+01,5.22426E+01 
#t = 5.040E+02
5.22426E+01,5.22426E+01,5.22426E+01,5.25168E+01,5.22426E+01,5.25168E+01,5.25168E+01,5.22426E+01,5.22426E+01,5.25168E+01,5.22426E+01,5.22426E+01,5.22426E+01,5.22426E+01,5.22426E+01,5.22426E+01,1.87687E+01,5.22426E+01,5.22426E+01,5.22426E+01,4.50593E+00,1.87687E+01,5.22426E+01,5.22426E+01,5.22426E+01,5.22426E+01,5.22426E+01,5.22426E+01 
#t = 5.460E+02
5.25168E+01,5.22426E+01,5.22426E+01,5.25168E+01,5.22426E+01,5.22426E+01,5.22426E+01,5.22426E+01,5.22426E+01,5.22426E+01,5.25168E+01,1.87687E+01,5.22426E+01,5.22426E+01,5.22426E+01,5.22426E+01,5.22426E+01,1.87687E+01,5.22426E+01,5.22426E+01,5.22426E+01,5.22426E+01,5.22426E+01,1.87687E+01,5.22426E+01,5.22426E+01,5.22426E+01,5.22426E+01,5.22426E+01,3.43777E+01,5.22426E+01,1.87687E+01,5.22426E+01,5.22426E+01,5.22426E+01,5.22426E+01,5.22426E+01,5.22426E+01,5.22426E+01,5.22426E+01,1.87687E+01,5.22426E+01,5.22426E+01,5.99819E-01,5.22426E+01,4.12815E+00,5.22426E+01 
#t = 5.880E+02
5.22426E+01,5.22426E+01,5.22426E+01,5.22426E+01,5.25168E+01,5.22426E+01,5.22426E+01,5.22426E+01,5.22426E+01,5.22426E+01,5.22426E+01,5.22426E+01,5.22426E+01,5.22426E+01,5.22426E+01,5.22426E+01,5.22426E+01,5.22426E+01,5.22426E+01,5.22426E+01,5.22426E+01,5.22426E+01,5.22426E+01,5.22426E+01,5.22426E+01,5.25168E+01,5.22426E+01,5.22426E+01,5.22426E+01,5.22426E+01,5.22426E+01,5.22426E+01,5.22426E+01,5.22426E+01,5.22426E+01,5.22426E+01,5.22426E+01,5.22426E+01,5.22426E+01,4.10494E+00,5.22426E+01,3.64558E-01,5.22426E+01,6.60006E+00,5.22426E+01,1.98185E+00,1.35852E+00 
#t = 6.300E+02
5.22426E+01,5.22426E+01,5.22426E+01,5.22426E+01,5.22426E+01,5.22426E+01,5.22426E+01,5.22426E+01,5.22426E+01,5.22426E+01,5.22426E+01,5.22426E+01,5.22426E+01,5.22426E+01,5.22426E+01,5.22426E+01,5.22426E+01,5.22426E+01,5.22426E+01,5.22426E+01,5.22426E+01,5.22426E+01,5.22426E+01,5.22426E+01,5.22426E+01,5.22426E+01,5.22426E+01,5.22426E+01,5.22426E+01,5.22426E+01,5.22426E+01,5.22426E+01,5.22426E+01,8.49296E-01,5.22426E+01,5.22426E+01,5.22426E+01,5.22426E+01,5.22426E+01,5.22426E+01,5.22426E+01,5.22426E+01,5.22426E+01,5.22426E+01,5.22426E+01,5.22426E+01,5.15936E+01,1.11264E+00,5.22426E+01,5.22426E+01 
#t = 6.720E+02
5.22426E+01,5.22426E+01,5.22426E+01,5.22426E+01,5.22426E+01,5.22426E+01,5.22426E+01,5.22426E+01,5.22426E+01,5.22426E+01,5.22426E+01,5.22426E+01,5.22426E+01,5.22426E+01,1.07960E+01,5.22426E+01,5.22426E+01,5.22426E+01,5.22426E+01,5.22426E+01,5.22426E+01,5.22426E+01,5.22426E+01,5.22426E+01,5.22426E+01,5.22426E+01,5.22426E+01,5.22426E+01,5.22426E+01,5.22426E+01,5.22426E+01,5.22426E+01,5.22426E+01,5.22426E+01,5.22426E+01,5.22426E+01,5.22426E+01,5.22426E+01,5.22426E+01,5.22426E+01,5.22426E+01,5.22426E+01,1.98926E+01,3.77516E+00,5.22426E+01,5.22426E+01,1.00068E+00,5.22426E+01,5.22426E+01,5.22426E+01,5.22426E+01,5.22426E+01 
#t = 7.140E+02
5.22426E+01,5.22426E+01,5.22426E+01,5.22426E+01,5.22426E+01,5.22426E+01,5.22426E+01,5.22426E+01,5.22426E+01,5.22426E+01,5.22426E+01,1.98926E+01,5.22426E+01,5.22426E+01,5.22426E+01,5.22426E+01,5.22426E+01,5.22426E+01,5.22426E+01,5.22426E+01,5.22426E+01,5.22426E+01,4.64982E+00,5.22426E+01,5.22426E+01,5.22426E+01,5.22426E+01,5.22426E+01,5.22426E+01,5.22426E+01,5.22426E+01,5.22426E+01,5.22426E+01,5.22426E+01,5.22426E+01,5.22426E+01,5.22426E+01,5.22426E+01,5.22426E+01,5.22426E+01,4.28181E-01,5.22426E+01 
#t = 7.560E+02
5.22426E+01,5.22426E+01,5.22426E+01,5.22426E+01,5.22426E+01,5.22426E+01,5.22426E+01,5.22426E+01,5.22426E+01,5.22426E+01,5.22426E+01,5.22426E+01,5.22426E+01,5.22426E+01,5.22426E+01,5.22426E+01,5.22426E+01,5.22426E+01,5.22426E+01,5.22426E+01,5.22426E+01,5.22426E+01,5.22426E+01,5.22426E+01,5.22426E+01,5.22426E+01,7.18586E+01,5.22426E+01,1.05387E+01,5.22426E+01,5.22426E+01,5.22426E+01,7.18586E+01,5.22426E+01,5.22426E+01,5.22426E+01,5.22426E+01,5.22426E+01,5.22426E+01,5.22426E+01,5.22426E+01,5.22426E+01,5.22426E+01,5.22426E+01,5.22426E+01,5.18157E-01,5.22426E+01 
#t = 7.980E+02
5.22426E+01,5.22426E+01,5.22426E+01,7.18586E+01,5.22426E+01,5.22426E+01,5.22426E+01,5.22426E+01,5.22426E+01,7.18586E+01,5.22426E+01,5.22426E+01,5.22426E+01,5.22426E+01,5.22426E+01,5.22426E+01,5.22426E+01,5.22426E+01,5.22426E+01,5.22426E+01,5.22426E+01,5.22426E+01,5.22426E+01,5.22426E+01,5.22426E+01,5.22426E+01,5.22426E+01,5.22426E+01,5.22426E+01,5.22426E+01,5.22426E+01,5.22426E+01,5.22426E+01,5.22426E+01,5.22426E+01,1.84345E+00,5.22426E+01,7.18586E+01,5.22426E+01,5.22426E+01,5.22426E+01,5.22426E+01,5.22426E+01,5.22426E+01,5.22426E+01,3.92090E-01,5.22426E+01,2.95856E+00,2.78318E-01 
#t = 8.400E+02
5.22426E+01,5.22426E+01,5.22426E+01,5.22426E+01,5.22426E+01,5.22426E+01,5.22426E+01,5.22426E+01,1.62806E+01,5.22426E+01,5.22426E+01,5.22426E+01,1.62806E+01,7.18586E+01,5.22426E+01,5.22426E+01,5.22426E+01,5.22426E+01,5.22426E+01,1.44035E+01,5.22426E+01,5.22426E+01,5.22426E+01,5.22426E+01,5.22426E+01,5.22426E+01,7.18586E+01,5.22426E+01,5.22426E+01,5.22426E+01,5.22426E+01,7.18586E+01,5.22426E+01,5.22426E+01,5.22426E+01,5.22426E+01,7.58751E-01,7.18586E+01,5.22426E+01,5.22426E+01,5.22426E+01 
#t = 8.820E+02
5.22426E+01,5.22426E+01,5.22426E+01,5.22426E+01,7.18586E+01,5.22426E+01,5.22426E+01,5.22426E+01,5.22426E+01,5.22426E+01,5.22426E+01,5.22426E+01,5.22426E+01,5.22426E+01,5.22426E+01,5.22426E+01,5.22426E+01,7.18586E+01,5.22426E+01,5.22426E+01,5.22426E+01,5.22426E+01,5.22426E+01,5.22426E+01,5.22426E+01,7.18586E+01,5.22426E+01,5.22426E+01,5.22426E+01,5.22426E+01,5.22426E+01,5.22426E+01,7.18586E+01,5.22426E+01,5.22426E+01,5.22426E+01,7.18586E+01,5.22426E+01,5.22426E+01,5.22426E+01 
#t = 9.240E+02
5.22426E+01,5.22426E+01,5.22426E+01,5.22426E+01,7.18586E+01,7.18586E+01,7.18586E+01,5.22426E+01,5.22426E+01,5.22426E+01,5.22426E+01,5.22426E+01,5.22426E+01,5.22426E+01,5.22426E+01,7.18586E+01,5.22426E+01,5.22426E+01,5.22426E+01,5.22426E+01,5.22426E+01,7.18586E+01,5.22426E+01,5.22426E+01,5.22426E+01,5.22426E+01,5.22426E+01,5.22426E+01,5.22426E+01,5.22426E+01,7.18586E+01,2.17515E+00,7.18586E+01,7.18586E+01,5.22426E+01,5.22426E+01,5.22426E+01,5.22426E+01,5.22426E+01,7.18586E+01,5.22426E+01,7.18586E+01,8.58224E-01,9.61338E-01 
#t = 9.660E+02
5.22426E+01,5.22426E+01,5.22426E+01,5.22426E+01,5.22426E+01,5.22426E+01,5.22426E+01,7.18586E+01,5.22426E+01,5.22426E+01,2.44572E+01,5.22426E+01,5.22426E+01,5.22426E+01,5.22426E+01,5.22426E+01,5.22426E+01,5.22426E+01,2.44572E+01,2.44572E+01,7.18586E+01,5.22426E+01,2.44572E+01,5.22426E+01,5.22426E+01,5.22426E+01,5.22426E+01,5.22426E+01,5.22426E+01,5.22426E+01,5.22426E+01,5.22426E+01,5.22426E+01,5.22426E+01,7.18586E+01,5.22426E+01,5.22426E+01,5.22426E+01,5.22426E+01,7.18586E+01,5.22426E+01,5.22426E+01,9.44660E-01,5.22426E+01,5.22426E+01,5.22426E+01,5.22426E+01,5.22426E+01,5.22426E+01 
#t = 1.008E+03
7.18586E+01,5.22426E+01,5.22426E+01,5.22426E+01,5.22426E+01,5.22426E+01,5.22426E+01,5.22426E+01,5.22426E+01,5.22426E+01,2.44572E+01,5.22426E+01,5.22426E+01,7.18586E+01,5.22426E+01,5.22426E+01,7.18586E+01,5.22426E+01,5.22426E+01,5.22426E+01,2.72019E+01,5.22426E+01,5.22426E+01,5.22426E+01,5.22426E+01,5.22426E+01,5.22426E+01,5.22426E+01,5.22426E+01,5.22426E+01,5.22426E+01,2.44572E+01,5.22426E+01,2.44572E+01,2.72019E+01,1.95197E+00,5.22426E+01,5.22426E+01,5.22426E+01,5.22426E+01,5.22426E+01,5.22426E+01,5.22426E+01,1.04693E+01,5.22426E+01,2.72019E+01,5.22426E+01,5.22426E+01,1.85386E+00 
#t = 1.050E+03
5.22426E+01,5.22426E+01,2.72019E+01,5.22426E+01,5.22426E+01,5.22426E+01,2.44572E+01,5.22426E+01,5.22426E+01,5.22426E+01,5.22426E+01,5.22426E+01,2.72019E+01,5.22426E+01,2.44572E+01,5.22426E+01,5.22426E+01,5.22426E+01,2.44572E+01,5.22426E+01,5.22426E+01,5.22426E+01,2.44572E+01,1.19782E+01,5.22426E+01,5.22426E+01,5.22426E+01,5.22426E+01,2.62126E+00,5.22426E+01,5.22426E+01,2.72019E+01,5.22426E+01,5.22426E+01,5.22426E+01,5.22426E+01,1.19782E+01,5.22426E+01,5.22426E+01,5.22426E+01,5.22426E+01 
#t = 1.092E+03
5.22426E+01,5.22426E+01,5.22426E+01,5.22426E+01,5.22426E+01,5.22426E+01,5.22426E+01,5.22426E+01,5.22426E+01,5.22426E+01,5.22426E+01,5.22426E+01,5.22426E+01,5.22426E+01,1.27316E+01,5.22426E+01,5.22426E+01,5.22426E+01,1.37122E+01,5.22426E+01,1.73122E+01,5.22426E+01,1.37122E+01,5.22426E+01,5.22426E+01,5.22426E+01,5.22426E+01,5.22426E+01,5.22426E+01,1.85553E-02,1.26448E+00,5.22426E+01,5.22426E+01 
#t = 1.134E+03
5.22426E+01,5.22426E+01,5.22426E+01,5.22426E+01,5.22426E+01,5.22426E+01,5.22426E+01,5.22426E+01,5.22426E+01,5.22426E+01,5.22426E+01,5.22426E+01,5.22426E+01,5.22426E+01,5.22426E+01,5.22426E+01,7.76376E+00,5.22426E+01,5.22426E+01,5.22426E+01,5.22426E+01,1.39818E+01,1.40893E+00,9.19856E-02,5.22426E+01,5.22426E+01,5.22426E+01 
#t = 1.176E+03
5.22426E+01,5.22426E+01,5.22426E+01,5.22426E+01,5.22426E+01,5.22426E+01,5.22426E+01,5.22426E+01,5.22426E+01,5.22426E+01,5.22426E+01,5.22426E+01,5.22426E+01,7.33101E+00,5.22426E+01,5.22426E+01,5.22426E+01,5.22426E+01,5.22426E+01,5.22426E+01,5.22426E+01,5.22426E+01,5.22426E+01,5.22426E+01,5.22426E+01,5.22426E+01,5.22426E+01,5.22426E+01,5.22426E+01,5.22426E+01,1.72031E-01,2.53130E+01,5.22426E+01 
#t = 1.218E+03
5.22426E+01,5.22426E+01,5.22426E+01,5.22426E+01,5.22426E+01,1.69008E+01,5.22426E+01,5.22426E+01,5.22426E+01,5.22426E+01,5.22426E+01,5.22426E+01,5.22426E+01,1.69008E+01,1.22656E+01,5.22426E+01,5.22426E+01,5.22426E+01,1.21301E+01,5.22426E+01,5.22426E+01,5.22426E+01,5.22426E+01,5.22426E+01,5.22426E+01,5.22426E+01,5.22426E+01,5.22426E+01,5.22426E+01,2.32454E+00,5.22426E+01,5.22426E+01,5.22426E+01 
#t = 1.260E+03
5.22426E+01,5.22426E+01,5.22426E+01,5.22426E+01,5.22426E+01,5.22426E+01,5.22426E+01,5.22426E+01,5.22426E+01,5.22426E+01,5.22426E+01,5.22426E+01,5.22426E+01,5.22426E+01,5.22426E+01,5.22426E+01,5.22426E+01,5.22426E+01,5.22426E+01,5.22426E+01,5.22426E+01,5.22426E+01,5.22426E+01,5.22426E+01,5.22426E+01,5.22426E+01,5.22426E+01,5.22426E+01,5.22426E+01,5.22426E+01,5.22426E+01,5.22426E+01,5.22426E+01,3.25965E+01,2.34232E+00,5.22426E+01,5.22426E+01,5.22426E+01,5.22426E+01,5.22426E+01,5.22426E+01,5.22426E+01,5.22426E+01,1.91549E-01,2.49628E+00 
#t = 1.302E+03
5.22426E+01,5.22426E+01,5.22426E+01,5.22426E+01,5.22426E+01,5.22426E+01,5.22426E+01,5.22426E+01,5.22426E+01,5.22426E+01,5.22426E+01,5.22426E+01,5.22426E+01,5.22426E+01,5.22426E+01,5.22426E+01,5.22426E+01,5.22426E+01,5.22426E+01,5.22426E+01,5.22426E+01,5.22426E+01,5.22426E+01,5.22426E+01,5.22426E+01,5.22426E+01,5.22426E+01,5.22426E+01,5.22426E+01,5.22426E+01,5.22426E+01,5.46443E+00,5.22426E+01,5.22426E+01,5.22426E+01,5.22426E+01 
#t = 1.344E+03
5.22426E+01,5.22426E+01,5.22426E+01,5.22426E+01,5.22426E+01,5.22426E+01,5.22426E+01,5.22426E+01,5.22426E+01,5.22426E+01,5.22426E+01,5.22426E+01,5.22426E+01,5.22426E+01,5.22426E+01,5.22426E+01,5.22426E+01,5.22426E+01,5.22426E+01,5.22426E+01,5.22426E+01,5.22426E+01,5.22426E+01,5.22426E+01,5.22426E+01,5.22426E+01,5.22426E+01,5.22426E+01,5.22426E+01,5.22426E+01,5.22426E+01,3.52293E+01,5.22426E+01,5.22426E+01,5.22426E+01,5.22426E+01,5.22426E+01,5.22426E+01 
#t = 1.386E+03
5.22426E+01,3.52293E+01,5.22426E+01,5.22426E+01,5.22426E+01,5.22426E+01,5.22426E+01,5.22426E+01,5.22426E+01,5.22426E+01,5.22426E+01,5.22426E+01,5.22426E+01,5.22426E+01,5.22426E+01,5.22426E+01,5.22426E+01,3.52293E+01,5.22426E+01,5.22426E+01,5.22426E+01,5.22426E+01,5.22426E+01,5.22426E+01,5.22426E+01,6.91298E+00,5.22426E+01,5.22426E+01,5.22426E+01,5.22426E+01,5.22426E+01,5.22426E+01,5.22426E+01,3.52293E+01,5.22426E+01,5.22426E+01,5.22426E+01,5.22426E+01,5.22426E+01,5.22426E+01,5.22426E+01,5.22426E+01,5.22426E+01,8.22901E-01,5.22426E+01,5.22426E+01,5.22426E+01,5.22426E+01,5.22426E+01,5.22426E+01,5.22426E+01,5.22426E+01 
#t = 1.428E+03
5.22426E+01,5.22426E+01,5.22426E+01,5.22426E+01,5.22426E+01,5.22426E+01,5.22426E+01,5.22426E+01,5.22426E+01,5.22426E+01,5.22426E+01,5.22426E+01,5.22426E+01,5.22426E+01,5.22426E+01,5.22426E+01,5.22426E+01,5.22426E+01,5.22426E+01,5.22426E+01,5.22426E+01,5.22426E+01,5.22426E+01,5.22426E+01,5.22426E+01,5.22426E+01,5.22426E+01,5.22426E+01,5.22426E+01,5.22426E+01,5.22426E+01,5.22426E+01,5.22426E+01,5.22426E+01,5.22426E+01,5.22426E+01,5.22426E+01,5.22426E+01,5.22426E+01,5.22426E+01,5.22426E+01,5.22426E+01,5.22426E+01,5.22426E+01,5.22426E+01,5.22426E+01,1.14293E+01,1.14293E+01,5.22426E+01,5.22426E+01,5.22426E+01,5.22426E+01,2.49220E-01,5.22426E+01,1.57111E+00 
#t = 1.470E+03
5.22426E+01,5.22426E+01,5.22426E+01,5.22426E+01,1.38850E+01,5.22426E+01,5.22426E+01,5.22426E+01,5.22426E+01,5.22426E+01,5.22426E+01,5.22426E+01,5.22426E+01,5.22426E+01,5.22426E+01,5.22426E+01,5.22426E+01,5.22426E+01,5.22426E+01,5.22426E+01,5.22426E+01,5.22426E+01,5.22426E+01,5.22426E+01,5.22426E+01,5.22426E+01,5.22426E+01,5.22426E+01,5.22426E+01,5.22426E+01,3.56356E+00,5.22426E+01,5.22426E+01,5.22426E+01,5.22426E+01,5.22426E+01,5.22426E+01,2.46397E+00 
#t = 1.512E+03
5.22426E+01,5.22426E+01,5.22426E+01,5.22426E+01,5.22426E+01,5.22426E+01,5.22426E+01,5.22426E+01,5.22426E+01,7.22796E+00,5.22426E+01,5.22426E+01,5.22426E+01,5.22426E+01,5.22426E+01,5.22426E+01,5.22426E+01,5.22426E+01,5.22426E+01,5.22426E+01,5.22426E+01,5.22426E+01,5.22426E+01,5.22426E+01,5.22426E+01,5.22426E+01,5.22426E+01,5.22426E+01,5.22426E+01,5.22426E+01,5.22426E+01,5.22426E+01,5.22426E+01,5.22426E+01,5.22426E+01,5.22426E+01,5.22426E+01,5.22426E+01,4.89503E-01,5.22426E+01,5.22426E+01,2.22007E-01,5.22426E+01,4.42596E+00,5.22426E+01,3.05646E+00,5.22426E+01,5.22426E+01,3.32134E-01,5.22426E+01 
#t = 1.554E+03
5.22426E+01,5.22426E+01,5.22426E+01,5.22426E+01,5.22426E+01,3.06759E+01,5.22426E+01,5.22426E+01,5.22426E+01,5.22426E+01,5.22426E+01,5.22426E+01,1.74379E+01,1.74379E+01,3.06759E+01,5.22426E+01,5.22426E+01,5.22426E+01,5.22426E+01,5.22426E+01,5.22426E+01,5.22426E+01,5.22426E+01,5.22426E+01,5.22426E+01,5.22426E+01,5.22426E+01,5.22426E+01,3.06759E+01,5.22426E+01,5.22426E+01,5.22426E+01,5.22426E+01,1.26464E+01,2.13113E+01,5.22426E+01,5.22426E+01,5.22426E+01,1.19975E+01,6.59468E-01,1.55920E+00,1.74379E+01,5.22426E+01 
#t = 1.596E+03
5.22426E+01,5.22426E+01,5.22426E+01,1.19975E+01,5.22426E+01,5.22426E+01,1.19975E+01,5.22426E+01,5.22426E+01,1.37225E+01,5.22426E+01,5.22426E+01,5.22426E+01,1.81014E+01,1.54384E+00,5.22426E+01,1.37225E+01,5.22426E+01,5.22426E+01,5.22426E+01,5.22426E+01,5.22426E+01,5.22426E+01,5.22426E+01,1.96921E+00,1.28563E+00,5.22426E+01,7.31173E+00,5.22426E+01,5.22426E+01 
#t = 1.638E+03
5.22426E+01,1.19975E+01,5.22426E+01,5.22426E+01,5.22426E+01,5.22426E+01,5.22426E+01,5.22426E+01,5.22426E+01,5.22426E+01,9.71676E+00,5.22426E+01,5.22426E+01,5.22426E+01,5.22426E+01,5.22426E+01,5.22426E+01,1.19975E+01,5.22426E+01,5.22426E+01,5.22426E+01,5.22426E+01,5.22426E+01,1.19975E+01,1.19975E+01,5.22426E+01,5.22426E+01,5.22426E+01,5.22426E+01,5.22426E+01,5.22426E+01,1.19975E+01,5.22426E+01,5.22426E+01,2.63516E+00,1.19975E+01,5.22426E+01,1.19975E+01,5.22426E+01,1.19975E+01,5.22426E+01,8.05798E+00,5.22426E+01,5.22426E+01,5.22426E+01,5.22426E+01,5.22426E+01,2.25209E-01,5.22426E+01,1.19975E+01 
#t = 1.680E+03
5.22426E+01,5.22426E+01,5.22426E+01,1.19975E+01,5.22426E+01,5.22426E+01,5.22426E+01,5.22426E+01,5.22426E+01,5.22426E+01,5.22426E+01,5.22426E+01,5.22426E+01,5.22426E+01,5.22426E+01,5.22426E+01,5.22426E+01,5.22426E+01,1.19975E+01,5.22426E+01,5.22426E+01,5.22426E+01,5.22426E+01,5.22426E+01,5.22426E+01,5.22426E+01,5.22426E+01,5.22426E+01,5.22426E+01,5.22426E+01,5.22426E+01,5.22426E+01,5.22426E+01,5.22426E+01,1.19975E+01,1.13523E+01,5.22426E+01,5.22426E+01,5.22426E+01,5.22426E+01,2.13410E-01,5.22426E+01 
#t = 1.722E+03
1.19975E+01,5.22426E+01,5.22426E+01,5.22426E+01,5.22426E+01,5.22426E+01,5.22426E+01,5.22426E+01,5.22426E+01,5.22426E+01,5.22426E+01,5.22426E+01,5.22426E+01,5.22426E+01,5.22426E+01,5.22426E+01,5.22426E+01,5.22426E+01,5.22426E+01,5.22426E+01,5.22426E+01,5.22426E+01,7.88977E-01,5.22426E+01,5.22426E+01,5.22426E+01,5.22426E+01,1.04668E+00,1.04859E-01,5.22426E+01,5.22426E+01,5.22426E+01 
#t = 1.764E+03
5.22426E+01,5.22426E+01,5.22426E+01,5.22426E+01,5.22426E+01,5.22426E+01,5.22426E+01,5.22426E+01,5.22426E+01,5.22426E+01,5.22426E+01,5.22426E+01,5.22426E+01,5.22426E+01,5.22426E+01,5.22426E+01,5.22426E+01,5.22426E+01,5.22426E+01,5.22426E+01,5.22426E+01,5.22426E+01,5.22426E+01,5.22426E+01,3.38469E+01,5.22426E+01,1.16922E+01,1.16922E+01,1.16922E+01,1.53249E-01 
#t = 1.806E+03
5.22426E+01,5.22426E+01,5.22426E+01,5.22426E+01,5.22426E+01,5.22426E+01,5.22426E+01,5.22426E+01,5.22426E+01,5.22426E+01,5.22426E+01,5.22426E+01,5.22426E+01,1.16922E+01,5.22426E+01,5.22426E+01,1.16922E+01,5.22426E+01,5.22426E+01,1.16922E+01,5.22426E+01,5.22426E+01,5.22426E+01,5.22426E+01,1.16922E+01,5.22426E+01,5.22426E+01,1.38732E+01,5.22426E+01,5.22426E+01,3.59645E+00,5.22426E+01,5.22426E+01,5.22426E+01,5.22426E+01,5.22426E+01,5.22426E+01,3.20925E+00,5.22426E+01 
#t = 1.848E+03
5.22426E+01,5.22426E+01,5.22426E+01,5.22426E+01,5.22426E+01,5.22426E+01,5.22426E+01,1.19790E+01,5.22426E+01,5.22426E+01,5.22426E+01,5.22426E+01,5.22426E+01,1.19790E+01,5.22426E+01,5.22426E+01,5.22426E+01,1.19790E+01,5.22426E+01,5.22426E+01,5.22426E+01,1.08241E+01,5.22426E+01,5.22426E+01,5.22426E+01,5.22426E+01,5.22426E+01,5.22426E+01,5.22426E+01,5.22426E+01,5.22426E+01,5.22426E+01,5.22426E+01,5.22426E+01,5.22426E+01,4.45680E-02,5.22426E+01 
#t = 1.890E+03
5.22426E+01,5.22426E+01,5.22426E+01,5.22426E+01,5.22426E+01,5.22426E+01,5.22426E+01,5.22426E+01,5.22426E+01,5.22426E+01,5.22426E+01,1.38572E+01,5.22426E+01,1.38572E+01,5.22426E+01,1.38572E+01,1.38572E+01,5.22426E+01,5.22426E+01,5.22426E+01,5.22426E+01,1.38572E+01,5.22426E+01,5.22426E+01,1.38572E+01,5.22426E+01,5.22426E+01,5.22426E+01,5.22426E+01,5.22426E+01,1.09043E+01,5.22426E+01,1.38572E+01,5.22426E+01,5.22426E+01,5.22426E+01,5.22426E+01,5.22426E+01,1.09043E+01,5.22426E+01,5.22426E+01 
#t = 1.932E+03
1.09043E+01,5.22426E+01,5.22426E+01,5.22426E+01,5.22426E+01,5.22426E+01,1.53447E+01,5.22426E+01,1.38572E+01,1.38572E+01,5.22426E+01,5.22426E+01,5.22426E+01,5.22426E+01,5.22426E+01,5.22426E+01,1.39793E+00,5.22426E+01,5.22426E+01,1.09043E+01,6.04639E+00,5.22426E+01,5.22426E+01,5.22426E+01,5.22426E+01,5.22426E+01,5.22426E+01,5.22426E+01,5.22426E+01 
#t = 1.974E+03
5.22426E+01,5.22426E+01,5.22426E+01,5.22426E+01,5.22426E+01,2.67699E+01,5.22426E+01,1.87877E+01,5.22426E+01,5.22426E+01,5.22426E+01,2.67699E+01,1.04626E+01,1.38572E+01,5.22426E+01,5.22426E+01,5.22426E+01,5.22426E+01,5.22426E+01,2.67699E+01,5.22426E+01,5.22426E+01,5.22426E+01,5.22426E+01,5.19720E+00,5.22426E+01,5.22426E+01,5.22426E+01,5.22426E+01,5.22426E+01,5.22426E+01,5.22426E+01,5.22426E+01,5.22426E+01,5.22426E+01,5.22426E+01,5.22426E+01,5.22426E+01,5.22426E+01 
#t = 2.016E+03
5.22426E+01,5.22426E+01,5.22426E+01,5.22426E+01,5.22426E+01,5.22426E+01,5.22426E+01,5.22426E+01,5.22426E+01,5.22426E+01,5.22426E+01,5.22426E+01,5.22426E+01,5.22426E+01,5.22426E+01,5.22426E+01,5.22426E+01,5.22426E+01,5.22426E+01,5.22426E+01,5.22426E+01,5.22426E+01,5.22426E+01,5.22426E+01,5.22426E+01,5.22426E+01,5.22426E+01,5.22426E+01,5.22426E+01,5.22426E+01,5.22426E+01,5.22426E+01,5.22426E+01,5.22426E+01,5.22426E+01,5.22426E+01,5.22426E+01,5.22426E+01,5.22426E+01,5.22426E+01,5.22426E+01,5.22426E+01,5.22426E+01,2.67699E+01,2.34605E+00,5.22426E+01,5.22426E+01,5.22426E+01,8.76680E-01,5.22426E+01,2.67699E+01,5.22426E+01 
#t = 2.058E+03
5.22426E+01,5.22426E+01,5.22426E+01,5.22426E+01,5.22426E+01,5.22426E+01,5.22426E+01,5.22426E+01,5.22426E+01,2.67699E+01,1.05543E+01,5.22426E+01,5.22426E+01,5.22426E+01,5.22426E+01,5.22426E+01,5.22426E+01,5.22426E+01,5.22426E+01,5.22426E+01,5.22426E+01,5.22426E+01,5.22426E+01,5.22426E+01,5.22426E+01,5.22426E+01,5.22426E+01,5.22426E+01,5.22426E+01,1.65316E+01,5.22426E+01,5.22426E+01,5.22426E+01,5.22426E+01,5.22426E+01,5.22426E+01,5.22426E+01,5.22426E+01,5.22426E+01,5.22426E+01,1.18052E+00,5.22426E+01,5.22426E+01,1.65316E+01,6.08211E-01 
#t = 2.100E+03
5.22426E+01,5.22426E+01,5.22426E+01,5.22426E+01,5.22426E+01,5.22426E+01,1.65316E+01,5.22426E+01,5.22426E+01,5.22426E+01,5.22426E+01,5.22426E+01,2.67699E+01,1.65316E+01,5.22426E+01,5.22426E+01,5.22426E+01,5.22426E+01,5.22426E+01,5.22426E+01,7.29284E+00,5.22426E+01,5.22426E+01,5.22426E+01,1.65316E+01,5.22426E+01,5.22426E+01,5.22426E+01,1.65316E+01,1.65316E+01,5.22426E+01,5.22426E+01,5.22426E+01,2.67699E+01,1.09337E+00,8.79624E-01,2.51949E+01,1.65316E+01,1.65316E+01,5.22426E+01,5.22426E+01,5.22426E+01,2.67699E+01 
#t = 2.142E+03
5.22426E+01,1.65316E+01,5.22426E+01,1.65316E+01,5.22426E+01,5.22426E+01,5.22426E+01,1.65316E+01,5.22426E+01,5.22426E+01,5.22426E+01,2.67699E+01,1.65316E+01,1.65316E+01,5.22426E+01,5.22426E+01,1.65316E+01,5.22426E+01,1.65316E+01,5.22426E+01,1.65316E+01,5.22426E+01,1.65316E+01,5.22426E+01,5.22426E+01,5.22426E+01,5.10939E+00,5.22426E+01,5.22426E+01,1.65316E+01,5.22426E+01,1.65316E+01,1.65316E+01,5.22426E+01,1.65316E+01,5.22426E+01,5.22426E+01,5.22426E+01,8.39623E-02,5.22426E+01,1.65316E+01 
#t = 2.184E+03
5.22426E+01,5.22426E+01,5.22426E+01,5.22426E+01,1.65316E+01,1.81284E+01,5.22426E+01,5.22426E+01,5.22426E+01,5.22426E+01,5.22426E+01,5.22426E+01,5.22426E+01,5.22426E+01,5.22426E+01,5.22426E+01,5.22426E+01,5.22426E+01,5.22426E+01,5.22426E+01,1.65316E+01,5.22426E+01,5.22426E+01,5.22426E+01,5.22426E+01,1.65316E+01,7.94897E+00,5.22426E+01,5.22426E+01,5.22426E+01,5.22426E+01,5.22426E+01,5.22426E+01,1.65316E+01,5.22426E+01,5.22426E+01,5.22426E+01,1.05652E+00,5.22426E+01,5.22426E+01 
#t = 2.226E+03
1.81284E+01,5.22426E+01,5.22426E+01,5.22426E+01,5.22426E+01,5.22426E+01,5.22426E+01,5.22426E+01,5.22426E+01,5.22426E+01,5.22426E+01,5.22426E+01,5.22426E+01,1.65316E+01,5.22426E+01,5.22426E+01,5.22426E+01,5.22426E+01,8.56514E+00,7.48615E+01,5.22426E+01,5.22426E+01,5.22426E+01,5.22426E+01,5.22426E+01,5.22426E+01,5.22426E+01,5.22426E+01,1.65316E+01,5.22426E+01,5.22426E+01,5.22426E+01,5.22426E+01,7.48615E+01,5.22426E+01,5.22426E+01,5.22426E+01,5.22426E+01,5.22426E+01,5.22426E+01,5.22426E+01,5.22426E+01,5.22426E+01,5.22426E+01,5.22426E+01,5.22426E+01,5.22426E+01,5.22426E+01,1.81284E+01,3.60140E+00,4.02705E-01 
#t = 2.268E+03
5.22426E+01,5.22426E+01,5.22426E+01,5.22426E+01,5.22426E+01,5.22426E+01,5.22426E+01,5.22426E+01,5.22426E+01,5.22426E+01,5.22426E+01,5.22426E+01,5.22426E+01,5.22426E+01,5.22426E+01,5.22426E+01,5.22426E+01,5.22426E+01,5.22426E+01,5.22426E+01,5.22426E+01,5.22426E+01,5.22426E+01,5.22426E+01,5.22426E+01,5.22426E+01,5.22426E+01,5.22426E+01,5.22426E+01,5.22426E+01,5.22426E+01,5.22426E+01,5.22426E+01,5.22426E+01,5.22426E+01,5.22426E+01,5.22426E+01,5.22426E+01,5.22426E+01,5.22426E+01,5.22426E+01,5.22426E+01,2.10642E+00,7.33834E-01,9.77342E-02 
#t = 2.310E+03
5.22426E+01,5.22426E+01,5.22426E+01,5.22426E+01,5.22426E+01,5.22426E+01,5.22426E+01,5.22426E+01,5.22426E+01,5.22426E+01,2.21652E+01,5.22426E+01,5.22426E+01,5.22426E+01,5.22426E+01,5.22426E+01,5.22426E+01,5.22426E+01,5.22426E+01,5.22426E+01,5.22426E+01,5.22426E+01,5.22426E+01,5.22426E+01,5.22426E+01,5.22426E+01,5.22426E+01,5.22426E+01,2.21652E+01,5.22426E+01,1.94814E-01,5.22426E+01,5.22426E+01,5.22426E+01,5.22426E+01,3.80051E+00,5.22426E+01,5.22426E+01 
#t = 2.352E+03
5.22426E+01,5.22426E+01,5.22426E+01,5.22426E+01,5.22426E+01,5.22426E+01,2.21652E+01,5.22426E+01,2.21652E+01,2.21652E+01,5.22426E+01,5.22426E+01,2.21652E+01,5.22426E+01,1.96215E+01,5.22426E+01,2.21652E+01,5.22426E+01,5.22426E+01,5.22426E+01,5.22426E+01,5.22426E+01,5.22426E+01,5.22426E+01,5.22426E+01,5.84965E-01,5.22426E+01,5.22426E+01,5.37824E+00,5.22426E+01,2.21652E+01,5.22426E+01,2.21652E+01,1.83221E+00,5.22426E+01,8.93995E-01,2.21652E+01,5.22426E+01,5.22426E+01 
#t = 2.394E+03
5.22426E+01,2.21652E+01,5.22426E+01,5.22426E+01,5.22426E+01,5.22426E+01,5.22426E+01,5.22426E+01,5.22426E+01,5.22426E+01,5.22426E+01,5.22426E+01,5.22426E+01,5.22426E+01,5.22426E+01,5.22426E+01,5.22426E+01,5.22426E+01,5.22426E+01,5.22426E+01,5.22426E+01,5.22426E+01,3.80680E+01,5.22426E+01,5.22426E+01,5.22426E+01,5.22426E+01,3.80680E+01,5.22426E+01,5.22426E+01,5.22426E+01,5.22426E+01,5.22426E+01,5.22426E+01,5.36338E+00,5.22426E+01,8.16645E-02,5.22426E+01 
#t = 2.436E+03
5.22426E+01,2.21652E+01,5.22426E+01,5.22426E+01,3.80680E+01,5.22426E+01,5.22426E+01,5.22426E+01,5.22426E+01,5.22426E+01,5.22426E+01,5.22426E+01,5.22426E+01,5.22426E+01,5.22426E+01,5.22426E+01,5.22426E+01,5.22426E+01,5.22426E+01,5.22426E+01,5.22426E+01,5.22426E+01,5.22426E+01,5.22426E+01,5.22426E+01,5.22426E+01,5.22426E+01,5.22426E+01,5.22426E+01,5.22426E+01,5.22426E+01,5.22426E+01,5.22426E+01,5.22426E+01,5.22426E+01,5.22426E+01,5.22426E+01,5.22426E+01,5.22426E+01,5.22426E+01,5.22426E+01 
#t = 2.478E+03
5.22426E+01,5.22426E+01,5.22426E+01,5.22426E+01,5.22426E+01,5.22426E+01,5.22426E+01,5.22426E+01,3.80680E+01,5.22426E+01,3.80680E+01,5.22426E+01,5.22426E+01,5.22426E+01,5.22426E+01,5.22426E+01,5.22426E+01,5.22426E+01,5.22426E+01,5.22426E+01,5.22426E+01,5.22426E+01,5.22426E+01,5.95414E+00,5.22426E+01,5.22426E+01,5.22426E+01,5.22426E+01,5.22426E+01,5.22426E+01,5.22426E+01,5.22426E+01,5.22426E+01,5.22426E+01,3.08487E-01,5.22426E+01,7.61295E+00 
#t = 2.520E+03
5.22426E+01,5.22426E+01,5.22426E+01,5.22426E+01,5.22426E+01,5.22426E+01,5.22426E+01,5.22426E+01,1.14483E+01,5.22426E+01,5.22426E+01,5.22426E+01,5.22426E+01,5.22426E+01,5.22426E+01,5.22426E+01,5.22426E+01,5.22426E+01,5.22426E+01,5.22426E+01,5.22426E+01,5.22426E+01,5.22426E+01,5.22426E+01,5.22426E+01,5.22426E+01,5.22426E+01,5.22426E+01,5.22426E+01,5.22426E+01,5.22426E+01,2.10476E+00,5.22426E+01,5.22426E+01,5.22426E+01,5.22426E+01,5.22426E+01 
#t = 2.562E+03
5.22426E+01,5.22426E+01,5.22426E+01,1.14483E+01,5.22426E+01,5.22426E+01,1.14483E+01,5.22426E+01,5.22426E+01,5.22426E+01,5.22426E+01,5.22426E+01,5.22426E+01,5.22426E+01,5.22426E+01,5.22426E+01,5.22426E+01,5.22426E+01,5.22426E+01,5.22426E+01,5.22426E+01,5.22426E+01,5.22426E+01,5.22426E+01,5.22426E+01,5.22426E+01,5.22426E+01,5.22426E+01,5.22426E+01,5.22426E+01,5.22426E+01,5.22426E+01,5.22426E+01 
#t = 2.604E+03
5.22426E+01,5.22426E+01,5.22426E+01,5.22426E+01,5.22426E+01,5.22426E+01,5.22426E+01,5.22426E+01,5.22426E+01,2.14558E+01,5.22426E+01,5.22426E+01,5.22426E+01,5.22426E+01,5.22426E+01,5.22426E+01,5.22426E+01,5.22426E+01,5.22426E+01,5.22426E+01,5.22426E+01,5.22426E+01,5.22426E+01,5.22426E+01,5.22426E+01,5.22426E+01,5.22426E+01,5.22426E+01,5.22426E+01,5.22426E+01,5.22426E+01,5.22426E+01,5.22426E+01,5.22426E+01,5.22426E+01,5.22426E+01,3.28588E+00,5.79067E+00 
#t = 2.646E+03
5.22426E+01,5.22426E+01,5.22426E+01,5.22426E+01,5.22426E+01,5.22426E+01,5.22426E+01,5.22426E+01,5.22426E+01,5.22426E+01,5.22426E+01,5.22426E+01,5.22426E+01,5.22426E+01,5.22426E+01,5.22426E+01,5.22426E+01,5.22426E+01,5.22426E+01,5.22426E+01,5.22426E+01,5.22426E+01,5.22426E+01,5.22426E+01,5.22426E+01,1.22335E+01,5.22426E+01,5.22426E+01,5.22426E+01,5.22426E+01,5.22426E+01,5.22426E+01,5.22426E+01,5.22426E+01,5.22426E+01,1.33636E-01,5.22426E+01,5.22426E+01,5.22426E+01,5.22426E+01,5.22426E+01,5.22426E+01 
#t = 2.688E+03
5.22426E+01,5.22426E+01,5.22426E+01,5.22426E+01,5.22426E+01,5.22426E+01,5.22426E+01,5.22426E+01,5.22426E+01,5.22426E+01,5.22426E+01,5.22426E+01,5.22426E+01,5.22426E+01,5.22426E+01,5.22426E+01,5.22426E+01,5.22426E+01,5.22426E+01,5.22426E+01,5.22426E+01,5.22426E+01,5.22426E+01,5.22426E+01,5.22426E+01,5.22426E+01,5.22426E+01,1.07511E+01,5.22426E+01,5.22426E+01,5.22426E+01,5.22426E+01,5.22426E+01,5.22426E+01,5.22426E+01,1.08676E-01 
#t = 2.730E+03
5.22426E+01,5.22426E+01,1.07511E+01,5.22426E+01,5.22426E+01,5.22426E+01,5.22426E+01,5.22426E+01,5.22426E+01,5.22426E+01,5.22426E+01,5.22426E+01,1.77027E+01,5.22426E+01,5.22426E+01,5.22426E+01,5.22426E+01,3.08773E+01,5.22426E+01,5.22426E+01,5.22426E+01,5.22426E+01,5.22426E+01,1.11079E+01,5.22426E+01,5.22426E+01,5.22426E+01,5.22426E+01,5.22426E+01,5.22426E+01,1.40055E+01,5.22426E+01,5.22426E+01,5.22426E+01,5.22426E+01,6.44249E-01,5.22426E+01,5.22426E+01 
#t = 2.772E+03
5.22426E+01,5.22426E+01,5.22426E+01,5.22426E+01,5.22426E+01,5.22426E+01,1.85127E+01,5.22426E+01,5.22426E+01,5.22426E+01,5.22426E+01,5.22426E+01,5.22426E+01,5.22426E+01,5.22426E+01,5.22426E+01,5.22426E+01,5.22426E+01,5.22426E+01,5.22426E+01,5.22426E+01,5.22426E+01,5.22426E+01,5.22426E+01,7.76074E-01,5.22426E+01,5.22426E+01,5.22426E+01,5.22426E+01,5.22426E+01,5.22426E+01,5.22426E+01,5.22426E+01,5.22426E+01,3.75866E-01,5.22426E+01,5.22426E+01,2.28362E-01,5.22426E+01,5.22426E+01 
#t = 2.814E+03
5.22426E+01,5.22426E+01,5.22426E+01,5.22426E+01,5.22426E+01,1.25657E+01,5.22426E+01,5.22426E+01,5.22426E+01,5.22426E+01,5.22426E+01,5.22426E+01,5.22426E+01,5.22426E+01,5.22426E+01,5.22426E+01,5.22426E+01,5.22426E+01,5.22426E+01,5.22426E+01,1.25657E+01,5.22426E+01,5.22426E+01,5.22426E+01,5.22426E+01,5.22426E+01,5.22426E+01,5.22426E+01,1.25657E+01,1.25657E+01,5.22426E+01,5.22426E+01,1.08540E+01,8.08956E-02,5.22426E+01,5.22426E+01,5.22426E+01,5.22426E+01,5.22426E+01,1.25657E+01,1.25657E+01,4.11534E+00,5.22426E+01,1.17193E-01 
#t = 2.856E+03
5.22426E+01,5.22426E+01,5.22426E+01,5.22426E+01,5.22426E+01,5.22426E+01,5.22426E+01,5.22426E+01,5.22426E+01,5.22426E+01,5.22426E+01,5.22426E+01,5.22426E+01,5.22426E+01,5.22426E+01,5.22426E+01,5.22426E+01,5.22426E+01,5.22426E+01,5.22426E+01,5.22426E+01,5.22426E+01,5.22426E+01,5.22426E+01,5.22426E+01,5.22426E+01,5.22426E+01,1.25657E+01,1.00035E+01,5.22426E+01,5.22426E+01,5.22426E+01,5.22426E+01,5.22426E+01,5.22426E+01,5.22426E+01,5.22426E+01,5.22426E+01,5.22426E+01,5.22426E+01,3.96335E+00,5.22426E+01,5.22426E+01 
#t = 2.898E+03
5.22426E+01,5.22426E+01,5.22426E+01,5.22426E+01,5.22426E+01,5.22426E+01,5.22426E+01,5.22426E+01,5.22426E+01,5.22426E+01,5.22426E+01,5.22426E+01,5.22426E+01,5.22426E+01,5.22426E+01,5.22426E+01,5.22426E+01,5.22426E+01,5.22426E+01,1.10850E+01,5.22426E+01,5.22426E+01,5.22426E+01,5.22426E+01,5.22426E+01,5.22426E+01,5.22426E+01,5.22426E+01,5.22426E+01,5.22426E+01,5.22426E+01,5.22426E+01,5.22426E+01,5.22426E+01,5.22426E+01,5.22426E+01,2.63337E+01,5.22426E+01,5.22426E+01,5.22426E+01,5.22426E+01,5.22426E+01,5.22426E+01,5.22426E+01,5.22426E+01,1.60250E+00,5.22426E+01,5.22426E+01 
#t = 2.940E+03
5.22426E+01,2.63337E+01,5.22426E+01,5.22426E+01,5.22426E+01,5.22426E+01,5.22426E+01,5.22426E+01,5.22426E+01,5.22426E+01,6.88468E+00,5.22426E+01,5.22426E+01,5.22426E+01,5.22426E+01,2.63337E+01,5.22426E+01,5.22426E+01,5.22426E+01,5.22426E+01,2.63337E+01,5.22426E+01,5.22426E+01,5.22426E+01,5.22426E+01,5.22426E+01,5.05953E-01,5.22426E+01,5.22426E+01,5.22426E+01,5.22426E+01,5.22426E+01,5.22426E+01,1.23257E+01,1.00815E+00,5.22426E+01,5.22426E+01,5.22426E+01,4.93848E-01 
#t = 2.982E+03
5.22426E+01,5.22426E+01,5.22426E+01,5.22426E+01,5.22426E+01,5.22426E+01,5.22426E+01,5.22426E+01,5.22426E+01,5.22426E+01,5.22426E+01,5.22426E+01,5.22426E+01,5.22426E+01,5.22426E+01,5.22426E+01,5.22426E+01,5.22426E+01,5.22426E+01,5.22426E+01,5.22426E+01,5.22426E+01,5.22426E+01,5.22426E+01,5.22426E+01,5.22426E+01,5.22426E+01,1.80417E-01,5.22426E+01,5.22426E+01,5.22426E+01,1.14723E+00,5.22426E+01,5.22426E+01,5.22426E+01,5.22426E+01,2.27632E+01,5.22426E+01,5.22426E+01,5.22426E+01 
#t = 3.024E+03
5.22426E+01,5.22426E+01,5.22426E+01,5.22426E+01,5.22426E+01,5.22426E+01,5.22426E+01,5.22426E+01,5.22426E+01,5.22426E+01,5.22426E+01,5.22426E+01,5.22426E+01,5.22426E+01,5.22426E+01,5.22426E+01,5.22426E+01,5.22426E+01,5.22426E+01,5.22426E+01,5.22426E+01,5.22426E+01,5.22426E+01,5.22426E+01,5.22426E+01,5.22426E+01,5.22426E+01,5.22426E+01,5.22426E+01,1.42348E+00,5.22426E+01,1.34849E+00,5.22426E+01,5.22426E+01,5.22426E+01,8.02878E+00,5.22426E+01,5.22426E+01,5.22426E+01 
#t = 3.066E+03
5.22426E+01,5.22426E+01,5.22426E+01,5.22426E+01,5.22426E+01,5.22426E+01,5.22426E+01,5.22426E+01,5.22426E+01,5.22426E+01,5.22426E+01,5.22426E+01,5.22426E+01,5.22426E+01,5.22426E+01,5.22426E+01,5.22426E+01,5.22426E+01,5.22426E+01,5.22426E+01,5.22426E+01,5.22426E+01,5.55651E+00,5.22426E+01,5.22426E+01,5.22426E+01,5.22426E+01,5.22426E+01,7.81358E-01,5.22426E+01,5.22426E+01,5.22426E+01 
#t = 3.108E+03
5.22426E+01,5.22426E+01,5.22426E+01,1.13670E+01,5.22426E+01,5.22426E+01,5.22426E+01,5.22426E+01,5.22426E+01,5.22426E+01,5.22426E+01,5.22426E+01,5.22426E+01,5.22426E+01,5.22426E+01,5.22426E+01,5.22426E+01,5.22426E+01,5.22426E+01,5.22426E+01,5.22426E+01,5.22426E+01,5.22426E+01,5.22426E+01,5.22426E+01,5.22426E+01,5.22426E+01,5.22426E+01,5.22426E+01,5.22426E+01,5.22426E+01,5.22426E+01,5.22426E+01,5.22426E+01,5.22426E+01,5.22426E+01 
#t = 3.150E+03
5.22426E+01,5.22426E+01,5.22426E+01,5.22426E+01,5.22426E+01,5.22426E+01,5.22426E+01,5.22426E+01,5.22426E+01,5.22426E+01,5.22426E+01,5.22426E+01,5.22426E+01,5.22426E+01,5.22426E+01,5.22426E+01,5.22426E+01,5.22426E+01,5.22426E+01,5.22426E+01,5.22426E+01,7.07317E+00,5.22426E+01,5.22426E+01,5.22426E+01,5.22426E+01,5.22426E+01,4.40721E-01,5.22426E+01,5.22426E+01,5.22426E+01,5.22426E+01,5.22426E+01,3.90079E+00,5.22426E+01,5.22426E+01,5.22426E+01 
#t = 3.192E+03
5.22426E+01,5.22426E+01,5.22426E+01,5.22426E+01,5.22426E+01,5.22426E+01,5.22426E+01,5.22426E+01,5.22426E+01,5.22426E+01,5.22426E+01,5.22426E+01,5.22426E+01,5.22426E+01,5.22426E+01,5.22426E+01,5.22426E+01,5.22426E+01,5.22426E+01,5.22426E+01,5.22426E+01,5.22426E+01,5.22426E+01,5.22426E+01,5.22426E+01,5.22426E+01,5.22426E+01,5.22426E+01,5.22426E+01,5.22426E+01,5.22426E+01,5.22426E+01,7.49080E-01,5.22426E+01,5.22426E+01,5.22426E+01,8.87522E-01,5.22426E+01,5.22426E+01,1.62535E-01,9.27979E-01 
#t = 3.234E+03
5.22426E+01,5.22426E+01,5.22426E+01,5.22426E+01,5.22426E+01,9.99724E+00,5.22426E+01,5.22426E+01,5.22426E+01,5.22426E+01,5.22426E+01,5.22426E+01,5.22426E+01,5.22426E+01,5.22426E+01,5.22426E+01,5.22426E+01,5.22426E+01,5.22426E+01,5.22426E+01,5.22426E+01,5.22426E+01,5.22426E+01,5.22426E+01,5.22426E+01,5.22426E+01,5.22426E+01,3.78233E+00,5.22426E+01,5.22426E+01,5.22426E+01,5.22426E+01,5.22426E+01,5.22426E+01,5.22426E+01,5.22426E+01,5.22426E+01,1.18307E-02,5.22426E+01,3.47076E+00,5.22426E+01 
#t = 3.276E+03
5.22426E+01,4.30627E+01,4.30627E+01,5.22426E+01,5.22426E+01,5.22426E+01,5.22426E+01,5.22426E+01,5.22426E+01,5.22426E+01,5.22426E+01,5.22426E+01,5.22426E+01,5.22426E+01,5.22426E+01,5.22426E+01,5.22426E+01,5.22426E+01,5.22426E+01,5.22426E+01,5.22426E+01,5.22426E+01,5.22426E+01,4.30627E+01,8.54605E+00,5.22426E+01,4.30627E+01,5.22426E+01,8.57262E+00,5.22426E+01,5.22426E+01,5.22426E+01 
#t = 3.318E+03
5.22426E+01,5.22426E+01,5.22426E+01,5.22426E+01,4.30627E+01,4.30627E+01,5.22426E+01,5.22426E+01,5.22426E+01,1.42492E+01,5.22426E+01,5.22426E+01,4.30627E+01,5.22426E+01,5.22426E+01,4.30627E+01,5.22426E+01,5.22426E+01,5.22426E+01,5.22426E+01,5.22426E+01,5.22426E+01,5.22426E+01,5.22426E+01,5.22426E+01,4.30627E+01,5.22426E+01,4.30627E+01,5.22426E+01,5.22426E+01,5.22426E+01,3.39844E+00,4.30627E+01,5.22426E+01,1.61704E+00 
#t = 3.360E+03
5.22426E+01,4.30627E+01,5.22426E+01,5.22426E+01,5.22426E+01,5.22426E+01,5.22426E+01,3.69012E+01,1.47325E+01,4.30627E+01,5.22426E+01,4.30627E+01,5.22426E+01,5.22426E+01,5.22426E+01,3.69012E+01,5.22426E+01,4.30627E+01,5.22426E+01,5.22426E+01,5.22426E+01,5.22426E+01,5.22426E+01,5.22426E+01,5.22426E+01,5.22426E+01,4.30627E+01,6.63750E+00,4.30627E+01,4.30627E+01,4.30627E+01,3.69012E+01,5.22426E+01,5.22426E+01,5.22426E+01,5.22426E+01,5.22426E+01,5.22426E+01,5.22426E+01 
#t = 3.402E+03
5.22426E+01,5.22426E+01,3.69012E+01,4.30627E+01,5.22426E+01,4.30627E+01,5.22426E+01,4.30627E+01,9.50376E+00,3.69012E+01,5.22426E+01,5.22426E+01,5.22426E+01,5.22426E+01,4.30627E+01,5.22426E+01,5.22426E+01,5.22426E+01,5.22426E+01,5.22426E+01,5.22426E+01,5.22426E+01,4.30627E+01,4.30627E+01,3.69012E+01,5.22426E+01,5.22426E+01,5.22426E+01,5.22426E+01,5.22426E+01,5.22426E+01,3.69012E+01,5.22426E+01,5.22426E+01,1.74995E+01,3.69012E+01,4.30627E+01,1.69685E-01,9.87652E-01,4.30627E+01,5.22426E+01,5.22426E+01,5.22426E+01,2.65060E-01,4.30627E+01,3.87683E+00 
#t = 3.444E+03
5.22426E+01,4.30627E+01,5.22426E+01,4.30627E+01,4.30627E+01,4.30627E+01,5.22426E+01,5.22426E+01,4.30627E+01,5.22426E+01,1.74995E+01,5.22426E+01,3.69012E+01,5.22426E+01,3.69012E+01,5.22426E+01,5.22426E+01,5.22426E+01,5.22426E+01,1.74995E+01,5.22426E+01,5.22426E+01,3.69012E+01,4.30627E+01,3.69012E+01,5.22426E+01,4.30627E+01,1.08149E+01,3.69012E+01,5.22426E+01,5.22426E+01,5.22426E+01,5.22426E+01,4.30627E+01,5.22426E+01,3.69012E+01,5.22426E+01,1.74995E+01,5.22426E+01,5.22426E+01,5.22426E+01,4.30627E+01,4.30627E+01,1.74995E+01,5.22426E+01,5.22426E+01 
#t = 3.486E+03
4.30627E+01,5.22426E+01,5.22426E+01,5.22426E+01,1.74995E+01,5.22426E+01,4.30627E+01,4.30627E+01,5.22426E+01,5.22426E+01,4.30627E+01,3.69012E+01,5.22426E+01,3.69012E+01,3.69012E+01,1.74995E+01,5.22426E+01,3.69012E+01,5.22426E+01,5.22426E+01,4.30627E+01,3.69012E+01,4.30627E+01,4.30627E+01,5.22426E+01,4.30627E+01,5.22426E+01,3.69012E+01,4.30627E+01,5.22426E+01,5.22426E+01,1.74995E+01,5.22426E+01,5.22426E+01,4.30627E+01,5.22426E+01,4.30627E+01,5.22426E+01,4.30627E+01,5.22426E+01,4.30627E+01,1.92968E-01,3.75537E+00,3.69012E+01,5.22426E+01,5.22426E+01,3.69012E+01,1.41808E+00,3.69012E+01,3.69012E+01,4.30627E+01,3.69012E+01,1.74995E+01 
#t = 3.528E+03
4.30627E+01,4.30627E+01,5.22426E+01,5.22426E+01,4.30627E+01,5.22426E+01,5.22426E+01,1.74995E+01,4.30627E+01,3.69012E+01,4.30627E+01,5.22426E+01,3.69012E+01,5.22426E+01,4.30627E+01,1.74995E+01,5.22426E+01,5.22426E+01,4.30627E+01,3.69012E+01,5.22426E+01,1.74995E+01,4.30627E+01,5.22426E+01,1.74995E+01,1.74995E+01,4.30627E+01,5.22426E+01,1.74995E+01,4.30627E+01,1.42891E+00,4.30627E+01,4.30627E+01,4.30627E+01,1.74995E+01,3.69012E+01,5.22426E+01,4.30627E+01 
#t = 3.570E+03
5.22426E+01,1.74995E+01,3.69012E+01,4.30627E+01,5.22426E+01,4.30627E+01,5.22426E+01,3.69012E+01,3.69012E+01,4.30627E+01,6.44861E+00,5.22426E+01,5.22426E+01,3.69012E+01,3.69012E+01,5.22426E+01,4.30627E+01,1.74995E+01,5.22426E+01,3.69012E+01,5.22426E+01,3.69012E+01,3.69012E+01,5.22426E+01,4.30627E+01,4.30627E+01,5.22426E+01,5.22426E+01,4.30627E+01,5.22426E+01,1.74995E+01,4.30627E+01,3.69012E+01,5.22426E+01,7.58020E-01,3.69012E+01,4.30627E+01,4.30627E+01,5.22426E+01,9.23636E+00,4.30627E+01,5.22426E+01,5.22426E+01 
#t = 3.612E+03
4.30627E+01,5.22426E+01,5.22426E+01,5.22426E+01,4.30627E+01,3.69012E+01,1.74995E+01,4.30627E+01,4.30627E+01,3.69012E+01,5.22426E+01,5.22426E+01,5.22426E+01,4.30627E+01,4.30627E+01,4.30627E+01,5.22426E+01,5.22426E+01,4.30627E+01,3.69012E+01,4.30627E+01,4.30627E+01,5.22426E+01,5.22426E+01,3.69012E+01,5.22426E+01,5.22426E+01,5.22426E+01,4.30627E+01,5.22426E+01,5.22426E+01,4.30627E+01,4.30627E+01,3.69012E+01,4.30627E+01,5.22426E+01,5.22426E+01,5.22426E+01 
#t = 3.654E+03
4.30627E+01,5.22426E+01,5.22426E+01,4.30627E+01,5.22426E+01,5.22426E+01,5.22426E+01,4.30627E+01,5.22426E+01,4.30627E+01,5.22426E+01,5.22426E+01,4.30627E+01,5.22426E+01,5.22426E+01,5.22426E+01,5.22426E+01,3.69012E+01,5.22426E+01,4.30627E+01,4.30627E+01,5.22426E+01,5.22426E+01,4.30627E+01,5.22426E+01,5.22426E+01,5.22426E+01,5.22426E+01,5.22426E+01,4.30627E+01,4.30627E+01,5.22426E+01,4.30627E+01,4.30627E+01,3.69012E+01,4.30627E+01,4.30627E+01,5.22426E+01,4.30627E+01,4.30627E+01,5.22426E+01,5.22426E+01,7.88070E-01,4.30627E+01,6.23822E+00,5.22426E+01,3.69012E+01,5.22426E+01,4.30627E+01,3.53675E-01,4.30627E+01,4.30627E+01,4.30627E+01 
#t = 3.696E+03
5.22426E+01,4.30627E+01,5.22426E+01,5.22426E+01,5.22426E+01,5.22426E+01,5.22426E+01,5.22426E+01,5.22426E+01,5.22426E+01,5.22426E+01,5.22426E+01,5.22426E+01,5.22426E+01,5.22426E+01,5.22426E+01,4.30627E+01,4.30627E+01,5.22426E+01,4.30627E+01,5.22426E+01,5.22426E+01,5.22426E+01,8.17378E-01,5.22426E+01,4.30627E+01,5.22426E+01,5.22426E+01 
#t = 3.738E+03
5.22426E+01,4.30627E+01,5.22426E+01,5.22426E+01,5.22426E+01,1.69843E+01,5.22426E+01,5.22426E+01,4.30627E+01,4.30627E+01,5.22426E+01,5.22426E+01,5.22426E+01,5.22426E+01,8.25576E+00,5.22426E+01,5.22426E+01,5.22426E+01,5.22426E+01,5.22426E+01,5.22426E+01,5.22426E+01,5.22426E+01,5.22426E+01,5.22426E+01,5.22426E+01,5.22426E+01,5.22426E+01,1.69843E+01,5.22426E+01,4.30627E+01,5.22426E+01,5.22426E+01,5.22426E+01,5.22426E+01,5.22426E+01,5.22426E+01,1.49703E+00,4.30627E+01,5.22426E+01,5.22426E+01,5.22426E+01,4.30627E+01,5.22426E+01,5.22426E+01,1.69843E+01,1.12298E+01,9.97182E-01,9.25926E-01 
#t = 3.780E+03
5.22426E+01,5.22426E+01,4.30627E+01,5.22426E+01,1.12298E+01,5.22426E+01,4.30627E+01,5.22426E+01,5.22426E+01,5.22426E+01,5.22426E+01,5.22426E+01,5.22426E+01,5.22426E+01,5.22426E+01,5.22426E+01,5.22426E+01,5.22426E+01,5.22426E+01,5.22426E+01,5.22426E+01,1.20108E+01,5.22426E+01,5.22426E+01,5.22426E+01,5.22426E+01,4.30627E+01,5.22426E+01,5.22426E+01,5.22426E+01,5.22426E+01,4.76092E+00,1.18270E+00,1.20108E+01,5.22426E+01,5.22426E+01,5.22426E+01,5.22426E+01 
#t = 3.822E+03
4.30627E+01,5.22426E+01,5.22426E+01,5.22426E+01,5.22426E+01,5.22426E+01,5.22426E+01,5.22426E+01,1.20108E+01,4.30627E+01,5.22426E+01,5.22426E+01,5.22426E+01,4.30627E+01,5.22426E+01,5.22426E+01,5.22426E+01,4.30627E+01,5.22426E+01,5.22426E+01,5.22426E+01,1.13892E+01,5.22426E+01,5.22426E+01,5.22426E+01,1.13892E+01,1.13892E+01,5.22426E+01,5.22426E+01,5.22426E+01,5.22426E+01,5.22426E+01,4.30627E+01,1.13892E+01,5.22426E+01,5.22426E+01,3.17672E-01,5.22426E+01,5.22426E+01,2.27245E-02 
#t = 3.864E+03
5.22426E+01,5.22426E+01,4.30627E+01,5.22426E+01,1.13892E+01,5.22426E+01,5.22426E+01,5.22426E+01,5.22426E+01,1.20108E+01,1.13892E+01,5.22426E+01,4.30627E+01,5.22426E+01,4.30627E+01,5.22426E+01,5.22426E+01,4.30627E+01,5.22426E+01,5.22426E+01,4.30627E+01,4.30627E+01,5.22426E+01,4.30627E+01,5.22426E+01,5.22426E+01,7.45613E+00,5.22426E+01,5.22426E+01,5.22426E+01,5.22426E+01,5.22426E+01,5.22426E+01,5.22426E+01,5.22426E+01,5.22426E+01,5.22426E+01,5.22426E+01 
#t = 3.906E+03
4.30627E+01,5.22426E+01,5.22426E+01,1.13892E+01,2.32430E+01,4.30627E+01,4.30627E+01,5.22426E+01,2.32430E+01,5.22426E+01,4.30627E+01,5.22426E+01,2.50851E+01,5.22426E+01,5.22426E+01,8.22902E+00,4.30627E+01,2.32430E+01,4.30627E+01,4.30627E+01,5.22426E+01,5.22426E+01,5.22426E+01,5.22426E+01,4.30627E+01,4.30627E+01,2.32430E+01,5.22426E+01,4.30627E+01,5.22426E+01,5.22426E+01,5.22426E+01,5.22426E+01,5.22426E+01,5.22426E+01,3.88979E+01,4.30627E+01,5.22426E+01,3.39848E+00,5.22426E+01,4.30627E+01,5.22426E+01,5.22426E+01,4.30627E+01,4.30627E+01,5.22426E+01,5.22426E+01,5.22426E+01,2.32430E+01,1.29787E+00,5.22426E+01,2.32430E+01,3.50428E+00 
#t = 3.948E+03
2.32430E+01,5.22426E+01,5.22426E+01,4.30627E+01,2.32430E+01,5.22426E+01,4.30627E+01,5.22426E+01,2.32430E+01,5.22426E+01,5.22426E+01,4.30627E+01,5.22426E+01,4.30627E+01,2.32430E+01,5.30119E+01,4.30627E+01,4.30627E+01,2.32430E+01,2.32430E+01,5.22426E+01,2.32430E+01,4.30627E+01,2.32430E+01,4.30627E+01,1.28118E+00,4.30627E+01,2.32430E+01 
#t = 3.990E+03
5.22426E+01,4.30627E+01,5.22426E+01,4.30627E+01,5.22426E+01,4.30627E+01,4.30627E+01,5.22426E+01,5.22426E+01,2.32430E+01,5.22426E+01,4.30627E+01,5.22426E+01,4.30627E+01,5.22426E+01,5.22426E+01,4.30627E+01,4.30627E+01,5.22426E+01,5.22426E+01,5.08084E+01,5.22426E+01,5.22426E+01,5.22426E+01,5.22426E+01,4.30627E+01,5.22426E+01 
#t = 4.032E+03
4.30627E+01,5.22426E+01,5.22426E+01,5.22426E+01,5.22426E+01,5.22426E+01,5.22426E+01,4.30627E+01,5.22426E+01,5.22426E+01,4.30627E+01,5.22426E+01,5.22426E+01,4.30627E+01,5.22426E+01,5.22426E+01,2.30680E+01,5.22426E+01,4.30627E+01,4.85725E+00,5.22426E+01,5.22426E+01,5.22426E+01,5.22426E+01,5.22426E+01,5.22426E+01 
#t = 4.074E+03
5.22426E+01,5.22426E+01,5.22426E+01,2.30680E+01,5.22426E+01,4.30627E+01,4.30627E+01,5.22426E+01,5.22426E+01,5.22426E+01,5.22426E+01,4.30627E+01,4.30627E+01,5.22426E+01,5.22426E+01,2.30680E+01,5.22426E+01,5.22426E+01,2.30680E+01,5.22426E+01,5.22426E+01,5.22426E+01,5.22426E+01,5.22426E+01,5.22426E+01,2.30680E+01,5.22426E+01,5.22426E+01,5.22426E+01,5.22426E+01,5.22426E+01,2.30680E+01,2.30680E+01,5.22426E+01,5.22426E+01,5.22426E+01,5.22426E+01,5.22426E+01,2.30680E+01,5.22426E+01,5.22426E+01,5.22426E+01,5.22426E+01,4.30627E+01,5.22426E+01,5.22426E+01,5.22426E+01,9.74107E-02,5.22426E+01 
#t = 4.116E+03
5.22426E+01,5.22426E+01,5.22426E+01,5.22426E+01,2.30680E+01,5.22426E+01,5.22426E+01,5.22426E+01,5.22426E+01,5.22426E+01,4.30627E+01,5.22426E+01,4.30627E+01,5.22426E+01,5.22426E+01,5.22426E+01,4.30627E+01,5.22426E+01,4.30627E+01,5.22426E+01,5.22426E+01,5.22426E+01,5.22426E+01,5.22426E+01,1.42196E+01,1.42196E+01,5.22426E+01,5.22426E+01,5.05600E+00,5.22426E+01,5.22426E+01,5.22426E+01,5.22426E+01,5.22426E+01,5.22426E+01,5.22426E+01,5.22426E+01,5.22426E+01,5.22426E+01,5.22426E+01,5.22426E+01,5.22426E+01 
#t = 4.158E+03
5.22426E+01,5.22426E+01,5.22426E+01,5.22426E+01,5.22426E+01,5.22426E+01,5.22426E+01,5.22426E+01,5.22426E+01,5.22426E+01,5.22426E+01,5.22426E+01,4.30627E+01,1.42196E+01,5.22426E+01,5.22426E+01,1.42196E+01,5.22426E+01,2.30680E+01,5.22426E+01,1.47248E+01,2.30680E+01,5.22426E+01,5.22426E+01,5.22426E+01,5.22426E+01,5.22426E+01,5.22426E+01,2.31923E-02,5.22426E+01,5.22426E+01,5.22426E+01,5.22426E+01,2.30680E+01,1.22536E+01,2.30680E+01,2.30680E+01,5.22426E+01,5.22426E+01,5.22426E+01,5.22426E+01,5.22426E+01,2.30680E+01,5.22426E+01 
#t = 4.200E+03
5.22426E+01,5.22426E+01,5.22426E+01,5.22426E+01,4.30627E+01,5.22426E+01,5.22426E+01,5.22426E+01,5.22426E+01,5.22426E+01,4.30627E+01,5.22426E+01,5.22426E+01,5.22426E+01,5.22426E+01,5.22426E+01,5.22426E+01,5.22426E+01,1.42196E+01,1.42196E+01,5.22426E+01,5.22426E+01,1.22536E+01,5.22426E+01,5.22426E+01,5.22426E+01,5.22426E+01,5.22426E+01,5.22426E+01,5.22426E+01,5.22426E+01,2.69779E+01,5.22426E+01,5.22426E+01,2.57781E+00,5.22426E+01,5.22426E+01,5.22426E+01,5.22426E+01,5.22426E+01,1.54606E-01,1.69130E+00,5.22426E+01,5.22426E+01,1.46280E+01,5.22426E+01,5.22426E+01 
