#t = 0.000E+00
5.13582E-01,2.71847E+00,1.64093E+00,3.23222E-01,2.88009E+00 
#t = 4.200E+01
1.45199E+01,1.56920E-01,1.35203E-01,9.93252E-01 
#t = 8.400E+01
1.67888E+01,1.67888E+01,1.45899E+00,1.67888E+01,1.76451E+01,5.37933E+00,1.55537E+01,1.67888E+01,1.67888E+01 
#t = 1.260E+02
1.30293E+01,3.34933E+01,4.03021E+00,1.90275E+01,4.61185E+01,1.90275E+01 
#t = 1.680E+02
3.34933E+01,3.34933E+01,5.10573E-01,2.03862E-01,1.37237E+01,8.86528E-01,3.34933E+01,1.37237E+01 
#t = 2.100E+02
3.34933E+01,1.37237E+01,3.34933E+01,3.34933E+01,3.34933E+01,3.34933E+01,3.34933E+01,3.34933E+01,3.34933E+01,3.34933E+01,2.37721E+00,3.34933E+01,3.34933E+01,3.34933E+01,3.34933E+01 
#t = 2.520E+02
3.92118E+01,3.34933E+01,3.92118E+01,3.92118E+01,3.92118E+01,3.92118E+01,3.92118E+01,3.92118E+01,3.92118E+01,3.34933E+01,3.92118E+01,3.92118E+01,3.34933E+01,3.92118E+01,3.34933E+01,3.34933E+01,3.34933E+01,3.92118E+01,3.34933E+01,3.92118E+01,3.34933E+01,3.34933E+01,3.34933E+01,3.92118E+01,3.92118E+01,3.34933E+01,6.96833E-01,3.34933E+01,3.92118E+01,3.92118E+01,1.35786E+00,3.92118E+01 
#t = 2.940E+02
3.34933E+01,3.34933E+01,3.92118E+01,3.92118E+01,3.92118E+01,3.92118E+01,3.92118E+01,3.34933E+01,3.92118E+01,3.92118E+01,3.92118E+01,3.92118E+01,3.34933E+01,3.92118E+01,3.34933E+01,3.34933E+01,3.34933E+01,3.92118E+01,3.92118E+01,3.34933E+01,3.34933E+01,3.34933E+01,3.92118E+01,3.34933E+01,3.34933E+01,3.92118E+01,3.34933E+01,3.34933E+01,3.92118E+01,3.92118E+01,3.34933E+01,3.34933E+01,3.34933E+01,3.34933E+01,3.92118E+01,3.34933E+01,3.92118E+01,3.92118E+01,3.92118E+01,3.92118E+01,3.92118E+01,3.34933E+01,3.92118E+01,3.34933E+01,3.34933E+01,3.92118E+01,3.34933E+01,3.34933E+01,3.34933E+01,3.92118E+01,9.80451E-02,3.92118E+01 
#t = 3.360E+02
3.92118E+01,3.34933E+01,3.34933E+01,3.34933E+01,3.34933E+01,3.92118E+01,3.34933E+01,3.92118E+01,3.34933E+01,3.92118E+01,3.34933E+01,1.60079E+01,3.34933E+01,3.92118E+01,3.92118E+01,3.92118E+01,3.92118E+01,3.92118E+01,3.92118E+01,3.92118E+01,3.34933E+01,3.92118E+01,3.92118E+01,3.92118E+01,1.60079E+01,3.34933E+01,3.34933E+01,3.34933E+01,3.92118E+01,3.92118E+01,3.92118E+01,2.61287E+00,1.71580E+01,3.92118E+01,3.92118E+01,1.60079E+01,3.34933E+01,3.92118E+01,3.34933E+01,3.34933E+01,3.34933E+01,3.34933E+01 
#t = 3.780E+02
3.92118E+01,3.34933E+01,3.34933E+01,3.34933E+01,3.92118E+01,3.34933E+01,3.92118E+01,3.92118E+01,3.92118E+01,3.34933E+01,3.92118E+01,3.92118E+01,3.34933E+01,3.92118E+01,1.60079E+01,3.92118E+01,3.34933E+01,3.34933E+01,3.92118E+01,3.34933E+01,3.34933E+01,1.25121E+01,3.34933E+01,3.34933E+01,3.92118E+01,3.34933E+01,3.34933E+01,4.29987E+00,3.92118E+01,3.86959E+00,3.92118E+01 
#t = 4.200E+02
3.34933E+01,3.92118E+01,3.34933E+01,3.34933E+01,3.92118E+01,3.34933E+01,3.34933E+01,3.92118E+01,3.92118E+01,3.92118E+01,3.92118E+01,3.92118E+01,3.34933E+01,3.34933E+01,3.34933E+01,3.92118E+01,3.92118E+01,3.92118E+01,3.92118E+01,3.92118E+01,3.34933E+01,3.34933E+01,3.92118E+01,3.34933E+01,3.92118E+01,3.92118E+01,3.34933E+01,3.92118E+01,3.34933E+01,3.92118E+01,3.34933E+01,3.92118E+01,3.92118E+01,3.34933E+01,3.92118E+01,3.92118E+01,3.92118E+01,3.92118E+01,5.54386E-01,4.00010E+00,1.68960E+00,3.92118E+01,3.34933E+01,3.92118E+01,3.34933E+01,3.92118E+01,3.92118E+01,3.34933E+01,3.92118E+01,1.01393E+00 
#t = 4.620E+02
3.92118E+01,3.34933E+01,3.92118E+01,3.92118E+01,3.92118E+01,3.34933E+01,3.92118E+01,3.34933E+01,3.92118E+01,3.92118E+01,3.34933E+01,3.92118E+01,3.34933E+01,3.34933E+01,3.34933E+01,3.34933E+01,3.34933E+01,3.34933E+01,3.92118E+01,3.92118E+01,3.34933E+01,3.34933E+01,3.92118E+01,3.92118E+01,3.34933E+01,3.34933E+01,3.34933E+01,3.34933E+01,3.34933E+01,3.34933E+01,1.31788E+01,3.34933E+01,3.34933E+01,3.92118E+01,3.92118E+01,3.34933E+01,3.92118E+01,3.92118E+01,3.92118E+01,3.92118E+01 
#t = 5.040E+02
3.34933E+01,3.92118E+01,3.92118E+01,3.92118E+01,3.34933E+01,3.92118E+01,3.92118E+01,3.34933E+01,3.34933E+01,3.34933E+01,3.34933E+01,3.92118E+01,3.34933E+01,3.92118E+01,3.92118E+01,3.34933E+01,3.34933E+01,3.92118E+01,3.34933E+01,3.34933E+01,3.34933E+01,3.92118E+01,3.92118E+01,3.34933E+01,3.34933E+01,3.34933E+01,3.34933E+01,3.34933E+01,3.34933E+01,1.51963E+01,3.34933E+01,1.70702E+01,3.92118E+01,3.34933E+01,3.92118E+01,1.06330E+01,3.92118E+01,3.92118E+01 
#t = 5.460E+02
3.92118E+01,3.34933E+01,3.34933E+01,3.34933E+01,3.92118E+01,3.34933E+01,3.92118E+01,3.34933E+01,3.92118E+01,3.34933E+01,3.92118E+01,3.34933E+01,3.34933E+01,3.92118E+01,3.92118E+01,3.34933E+01,3.34933E+01,3.34933E+01,3.92118E+01,3.92118E+01,3.92118E+01,3.92118E+01,3.34933E+01,3.34933E+01,4.66971E+00,3.92118E+01,3.34933E+01,3.34933E+01,3.34933E+01,3.34933E+01,3.34933E+01,3.34933E+01,3.92118E+01,3.34933E+01,4.55852E-01 
#t = 5.880E+02
3.92118E+01,3.34933E+01,3.34933E+01,3.34933E+01,1.35353E+01,3.34933E+01,3.34933E+01,3.92118E+01,1.40898E+01,3.34933E+01,3.34933E+01,8.58990E+00,3.34933E+01,3.34933E+01,3.34933E+01,3.88268E+00,3.34933E+01,1.56136E+01,1.56136E+01,1.56136E+01,1.56136E+01,5.93004E-01,3.34933E+01,3.34933E+01,3.34933E+01,1.38550E+00,1.56136E+01,1.56136E+01 
#t = 6.300E+02
1.35353E+01,1.56136E+01,1.35353E+01,3.34933E+01,3.34933E+01,3.34933E+01,3.34933E+01,3.92118E+01,3.34933E+01,3.34933E+01,3.34933E+01,3.92118E+01,3.34933E+01,3.34933E+01,3.35464E-01,1.91731E+00,3.34933E+01,3.34933E+01,3.34933E+01,2.44123E-01,1.04668E-01,3.34933E+01,6.31944E-01 
#t = 6.720E+02
3.34933E+01,3.34933E+01,3.34933E+01,3.34933E+01,3.34933E+01,3.34933E+01,3.34933E+01,3.34933E+01,3.34933E+01,3.34933E+01,3.34933E+01,3.34933E+01,7.34073E+00,3.34933E+01,3.34933E+01,1.35353E+01,3.34933E+01,1.30068E+01,3.34933E+01,1.30068E+01,1.30068E+01,3.11027E+01,6.43886E-01,3.34933E+01,3.34933E+01,3.34933E+01,3.11027E+01 
#t = 7.140E+02
3.34933E+01,3.34933E+01,3.34933E+01,3.34933E+01,3.34933E+01,3.34933E+01,3.34933E+01,3.34933E+01,3.34933E+01,3.34933E+01,3.34933E+01,3.34933E+01,3.34933E+01,3.34933E+01,3.34933E+01,4.45668E+01,3.34933E+01,3.34933E+01,3.34933E+01,3.34933E+01,3.34933E+01,3.34933E+01,3.34933E+01,3.34933E+01,3.34933E+01,3.34933E+01,3.34933E+01,2.62737E+01,3.34933E+01,3.34933E+01,3.34933E+01,5.27644E+01,5.27644E+01,3.34933E+01,3.34933E+01,1.76427E+00 
#t = 7.560E+02
3.34933E+01,3.34933E+01,3.34933E+01,3.34933E+01,3.34933E+01,3.34933E+01,3.34933E+01,1.16353E+00,3.34933E+01,3.34933E+01,3.34933E+01,3.34933E+01,3.34933E+01,3.34933E+01,3.34933E+01,3.34933E+01,3.34933E+01,3.34933E+01,3.34933E+01,3.34933E+01,4.59329E+00,3.34933E+01,3.34933E+01,7.22621E-01,3.34933E+01 
#t = 7.980E+02
3.34933E+01,3.34933E+01,3.34933E+01,3.34933E+01,3.34933E+01,3.34933E+01,3.34933E+01,3.34933E+01,3.34933E+01,3.34933E+01,3.34933E+01,3.34933E+01,3.34933E+01,3.34933E+01,3.34933E+01,3.34933E+01,3.34933E+01,3.34933E+01,3.34933E+01,3.34933E+01,3.34933E+01,3.34933E+01,3.34933E+01,3.34933E+01,3.34933E+01,3.34933E+01,3.34933E+01,3.34933E+01,3.34933E+01,3.34933E+01,1.68185E+00,3.34933E+01,3.34933E+01,2.10383E-02 
#t = 8.400E+02
3.34933E+01,3.34933E+01,3.34933E+01,3.34933E+01,3.34933E+01,3.34933E+01,3.34933E+01,3.34933E+01,3.34933E+01,3.34933E+01,3.34933E+01,3.34933E+01,3.34933E+01,3.34933E+01,3.34933E+01,3.34933E+01,3.34933E+01,3.34933E+01,3.34933E+01,3.34933E+01,3.34933E+01,3.34933E+01,3.34933E+01,3.34933E+01,3.34933E+01,3.34933E+01,3.34933E+01,3.34933E+01,3.34933E+01,3.34933E+01,3.34933E+01,3.34933E+01,3.34933E+01,3.34933E+01,3.34933E+01,6.97860E-01,3.34933E+01,3.34933E+01,3.34933E+01,3.34933E+01,3.34933E+01,3.34933E+01,3.34933E+01,3.34933E+01,3.34933E+01,3.34933E+01,3.34933E+01,3.34933E+01 
#t = 8.820E+02
3.34933E+01,3.34933E+01,3.34933E+01,3.34933E+01,3.34933E+01,3.34933E+01,3.34933E+01,3.34933E+01,3.34933E+01,3.34933E+01,3.34933E+01,3.34933E+01,3.34933E+01,3.34933E+01,3.34933E+01,3.34933E+01,3.34933E+01,3.34933E+01,3.34933E+01,3.34933E+01,3.34933E+01,3.34933E+01,3.34933E+01,3.34933E+01,3.34933E+01,3.34933E+01,3.34933E+01,3.34933E+01,3.34933E+01,3.34933E+01,3.34933E+01,3.34933E+01,3.34933E+01,3.34933E+01,3.17818E-01,3.34933E+01 
#t = 9.240E+02
3.34933E+01,3.34933E+01,3.34933E+01,3.34933E+01,3.34933E+01,3.34933E+01,3.34933E+01,3.34933E+01,3.34933E+01,3.34933E+01,3.34933E+01,3.34933E+01,3.34933E+01,3.34933E+01,3.34933E+01,3.34933E+01,3.34933E+01,3.34933E+01,3.34933E+01,3.34933E+01,3.34933E+01,3.34933E+01,3.34933E+01,3.34933E+01,3.34933E+01,3.34933E+01,3.34933E+01,3.34933E+01,3.34933E+01,4.55742E+00,3.34933E+01,3.34933E+01,3.34933E+01,1.20939E+00,3.34933E+01,1.93852E+00,1.97277E+00 
#t = 9.660E+02
3.34933E+01,3.34933E+01,3.34933E+01,3.34933E+01,3.34933E+01,3.34933E+01,3.34933E+01,3.34933E+01,3.34933E+01,3.34933E+01,3.34933E+01,3.34933E+01,3.34933E+01,3.34933E+01,3.34933E+01,3.34933E+01,3.34933E+01,3.34933E+01,3.34933E+01,3.34933E+01,3.34933E+01,3.34933E+01,3.34933E+01,3.34933E+01,3.34933E+01,3.34933E+01,3.34933E+01,3.34933E+01,3.34933E+01,3.34933E+01,3.34933E+01,3.34933E+01,3.34933E+01,3.34933E+01,3.34933E+01,1.27520E+00,3.34933E+01,3.34933E+01,2.23155E+00,2.23697E-01 
#t = 1.008E+03
3.34933E+01,3.34933E+01,3.34933E+01,3.34933E+01,3.34933E+01,3.34933E+01,3.34933E+01,3.34933E+01,3.34933E+01,3.34933E+01,3.34933E+01,3.34933E+01,3.34933E+01,3.34933E+01,3.34933E+01,3.34933E+01,3.34933E+01,3.34933E+01,3.34933E+01,3.34933E+01,3.34933E+01,3.34933E+01,3.34933E+01,3.34933E+01,3.34933E+01,3.34933E+01,9.66713E+00,3.46877E+01,3.34933E+01,3.34933E+01,3.34933E+01,3.34933E+01,3.34933E+01,3.34933E+01,3.34933E+01,3.46877E+01,3.34933E+01,1.52397E-01,3.34933E+01,8.30738E-02,3.34933E+01,3.34933E+01,3.34933E+01 
#t = 1.050E+03
3.34933E+01,3.34933E+01,3.34933E+01,3.34933E+01,3.34933E+01,3.34933E+01,3.34933E+01,3.34933E+01,3.34933E+01,3.34933E+01,3.34933E+01,3.34933E+01,3.34933E+01,3.34933E+01,3.34933E+01,3.34933E+01,3.34933E+01,3.34933E+01,4.41744E+00,1.51096E+00,3.34933E+01,3.34933E+01,3.34933E+01,3.34933E+01,3.34933E+01,3.34933E+01,3.34933E+01 
#t = 1.092E+03
3.34933E+01,3.34933E+01,3.34933E+01,3.34933E+01,3.34933E+01,2.23386E+01,3.34933E+01,3.34933E+01,3.34933E+01,3.34933E+01,3.34933E+01,3.34933E+01,3.34933E+01,3.34933E+01,3.34933E+01,3.34933E+01,3.34933E+01,3.34933E+01,3.34933E+01,1.21587E+00,1.63923E+01,3.34933E+01,3.34933E+01,1.63923E+01,3.34933E+01,3.34933E+01,4.41542E-01 
#t = 1.134E+03
3.34933E+01,3.34933E+01,3.34933E+01,3.34933E+01,3.34933E+01,3.34933E+01,3.34933E+01,3.34933E+01,3.34933E+01,3.34933E+01,3.34933E+01,3.34933E+01,3.34933E+01,3.34933E+01,3.34933E+01,3.34933E+01,3.34933E+01,3.34933E+01,3.34933E+01,3.34933E+01,3.34933E+01,3.34933E+01,3.34933E+01,3.34933E+01,3.34933E+01,3.34933E+01,3.34933E+01,1.08738E+01,3.34933E+01,3.34933E+01,1.62698E+00,3.34933E+01,3.34933E+01,3.34933E+01 
#t = 1.176E+03
3.34933E+01,3.34933E+01,3.34933E+01,3.34933E+01,3.34933E+01,3.34933E+01,3.34933E+01,3.34933E+01,3.34933E+01,3.34933E+01,3.34933E+01,3.34933E+01,3.34933E+01,3.34933E+01,3.34933E+01,3.34933E+01,3.34933E+01,3.34933E+01,3.34933E+01,3.34933E+01,3.34933E+01,3.34933E+01,9.66375E-01,3.34933E+01,3.34933E+01,3.34933E+01,3.34933E+01,3.34933E+01,3.34933E+01,3.34933E+01,3.34933E+01,3.34933E+01,3.34933E+01,8.29803E-01,3.34933E+01 
#t = 1.218E+03
3.34933E+01,3.34933E+01,3.34933E+01,3.34933E+01,3.34933E+01,3.34933E+01,3.34933E+01,3.34933E+01,3.34933E+01,1.49825E+01,3.34933E+01,3.34933E+01,3.34933E+01,3.34933E+01,3.34933E+01,3.34933E+01,3.34933E+01,3.34933E+01,3.34933E+01,3.34933E+01,1.49825E+01,3.34933E+01,3.34933E+01,1.49825E+01,2.48914E+00,1.49825E+01,3.34933E+01,5.23023E-01,1.70491E+00,3.34933E+01,2.15450E+01,3.34933E+01,6.90882E-01 
#t = 1.260E+03
3.34933E+01,3.34933E+01,3.34933E+01,3.34933E+01,3.34933E+01,3.34933E+01,3.34933E+01,3.34933E+01,3.34933E+01,3.34933E+01,3.34933E+01,3.34933E+01,3.34933E+01,3.34933E+01,3.34933E+01,3.34933E+01,3.34933E+01,3.34933E+01,3.34933E+01,3.34933E+01,4.94503E-02,3.34933E+01,2.34268E-02,1.30467E+00,5.64179E-02,3.34933E+01,3.34933E+01,3.34933E+01,3.34933E+01,3.34933E+01,3.34933E+01 
#t = 1.302E+03
3.34933E+01,3.34933E+01,3.34933E+01,3.34933E+01,3.34933E+01,3.34933E+01,3.34933E+01,3.34933E+01,3.34933E+01,3.34933E+01,3.34933E+01,3.34933E+01,3.34933E+01,3.34933E+01,3.34933E+01,3.34933E+01,3.34933E+01,3.34933E+01,3.34933E+01,1.29117E+01,1.42811E+01,3.34933E+01,4.89319E+00,1.29117E+01,3.34933E+01,3.34933E+01,1.29117E+01,3.34933E+01,1.29117E+01,3.34933E+01,1.29117E+01,5.85334E+00,3.34933E+01,3.34933E+01,1.29117E+01,3.34933E+01,3.40467E-01,3.34933E+01,3.34933E+01,1.15453E+00,3.34933E+01 
#t = 1.344E+03
3.34933E+01,3.34933E+01,1.29117E+01,1.42811E+01,3.34933E+01,3.34933E+01,3.34933E+01,3.34933E+01,3.34933E+01,2.20905E+01,3.34933E+01,3.34933E+01,3.34933E+01,3.34933E+01,3.34933E+01,3.34933E+01,3.34933E+01,3.34933E+01,3.34933E+01,3.34933E+01,3.34933E+01,3.34933E+01,1.52518E+00,3.34933E+01,3.34933E+01,3.34933E+01,3.34933E+01,3.34933E+01,3.34933E+01,3.34933E+01 
#t = 1.386E+03
3.34933E+01,3.34933E+01,3.34933E+01,3.34933E+01,3.34933E+01,3.34933E+01,3.34933E+01,3.34933E+01,3.34933E+01,3.34933E+01,3.34933E+01,3.34933E+01,3.34933E+01,1.34785E+01,3.34933E+01,1.42811E+01,3.34933E+01,3.34933E+01,1.73182E+01,1.42811E+01,3.34933E+01,3.34933E+01,3.34933E+01,3.34933E+01,3.34933E+01,3.34933E+01,3.34933E+01,1.73182E+01,3.34933E+01,1.73182E+01,3.34933E+01,3.34933E+01,3.34933E+01,3.34933E+01,3.34933E+01,1.34785E+01,1.73182E+01,1.73182E+01,3.34933E+01,3.34933E+01,3.34933E+01,3.34933E+01,4.82413E-01,3.34933E+01 
#t = 1.428E+03
1.42811E+01,3.34933E+01,3.34933E+01,1.34785E+01,3.34933E+01,3.34933E+01,1.34785E+01,3.34933E+01,3.34933E+01,3.34933E+01,1.42811E+01,3.34933E+01,3.34933E+01,3.34933E+01,3.34933E+01,3.34933E+01,3.34933E+01,3.34933E+01,3.34933E+01,3.34933E+01,3.34933E+01,3.34933E+01,3.34933E+01,3.34933E+01,6.65317E+00,3.34933E+01,3.34933E+01,3.34933E+01,3.34933E+01,1.96304E+01,3.34933E+01,3.34933E+01,3.34933E+01,3.34933E+01,3.34933E+01,3.34933E+01,3.34933E+01,1.20546E+00 
#t = 1.470E+03
1.42811E+01,3.34933E+01,3.34933E+01,3.34933E+01,3.34933E+01,3.34933E+01,3.34933E+01,3.34933E+01,3.34933E+01,1.96304E+01,3.34933E+01,3.34933E+01,3.34933E+01,1.42811E+01,3.34933E+01,1.42811E+01,3.34933E+01,1.25681E+01,3.34933E+01,3.34933E+01,1.42811E+01,3.34933E+01,3.34933E+01,3.34933E+01,3.34933E+01,3.34933E+01,3.34933E+01,1.25681E+01,1.25681E+01,3.34933E+01,3.34933E+01,3.34933E+01,3.34933E+01,3.43044E-01,3.34933E+01,3.34933E+01 
#t = 1.512E+03
1.42811E+01,3.34933E+01,1.25681E+01,3.34933E+01,3.34933E+01,3.34933E+01,3.34933E+01,3.34933E+01,3.34933E+01,3.34933E+01,3.34933E+01,1.42811E+01,3.34933E+01,1.42811E+01,3.34933E+01,3.34933E+01,3.34933E+01,3.34933E+01,3.34933E+01,3.34933E+01,8.04752E+00,3.34933E+01,3.34933E+01,1.42811E+01,3.34933E+01,1.25681E+01,3.34933E+01,3.34933E+01,3.34933E+01,3.34933E+01,3.34933E+01,1.06041E+00,3.18333E+00,3.34933E+01 
#t = 1.554E+03
1.42811E+01,1.42811E+01,3.34933E+01,3.34933E+01,3.34933E+01,3.34933E+01,3.34933E+01,3.34933E+01,3.34933E+01,3.34933E+01,3.34933E+01,3.34933E+01,3.34933E+01,3.34933E+01,3.34933E+01,3.34933E+01,3.34933E+01,3.34933E+01,3.34933E+01,3.34933E+01,3.34933E+01,3.34933E+01,1.42811E+01,3.34933E+01,3.34933E+01,3.34933E+01,3.34933E+01,3.34933E+01,3.34933E+01,3.34933E+01,3.34933E+01,3.34933E+01,3.34933E+01,3.34933E+01,3.10368E-01,3.34933E+01 
#t = 1.596E+03
3.34933E+01,3.34933E+01,3.34933E+01,3.34933E+01,3.34933E+01,3.34933E+01,3.34933E+01,3.34933E+01,3.34933E+01,3.34933E+01,3.34933E+01,3.34933E+01,3.34933E+01,1.42811E+01,3.34933E+01,3.34933E+01,3.34933E+01,3.34933E+01,3.34933E+01,3.34933E+01,3.34933E+01,3.34933E+01,3.34933E+01,3.34933E+01,3.34933E+01,3.34933E+01,3.34933E+01,3.34933E+01,3.34933E+01,3.34933E+01,3.34933E+01,3.34933E+01,3.34933E+01,3.34933E+01,3.34933E+01,3.34933E+01,3.34933E+01,3.34933E+01,3.34933E+01,3.34933E+01,3.34933E+01,3.34933E+01,3.34933E+01,3.34933E+01,3.34933E+01,3.34933E+01,3.34933E+01,3.34933E+01,1.42811E+01,3.34933E+01,1.42811E+01,3.34933E+01,1.70696E-02,3.34933E+01,3.34933E+01,3.34933E+01,3.34933E+01 
#t = 1.638E+03
3.34933E+01,3.34933E+01,1.42811E+01,3.34933E+01,3.34933E+01,1.42811E+01,3.34933E+01,3.34933E+01,3.34933E+01,1.42811E+01,1.42811E+01,3.34933E+01,3.34933E+01,1.42811E+01,3.34933E+01,1.42811E+01,3.34933E+01,3.34933E+01,3.34933E+01,3.34933E+01,3.34933E+01,3.34933E+01,3.34933E+01,1.73420E+01,3.34933E+01,3.34933E+01,3.34933E+01,3.34933E+01,1.73420E+01,3.34933E+01,1.42811E+01,3.34933E+01,3.34933E+01,1.42811E+01,3.34933E+01,3.34933E+01,3.34933E+01,3.34933E+01,3.34933E+01,3.34933E+01,3.34933E+01,3.34933E+01,3.34933E+01,3.34933E+01,3.34933E+01,1.42811E+01,3.34933E+01,3.34933E+01,3.34933E+01,3.34933E+01,1.42811E+01,1.42811E+01,3.34933E+01,3.34933E+01,1.73420E+01,2.47458E-01 
#t = 1.680E+03
1.42811E+01,3.34933E+01,3.34933E+01,1.73420E+01,3.34933E+01,3.34933E+01,3.34933E+01,1.23618E+01,1.23618E+01,1.23618E+01,3.34933E+01,3.34933E+01,3.34933E+01,3.34933E+01,1.23618E+01,3.34933E+01,1.23618E+01,3.34933E+01,1.42811E+01,3.34933E+01,3.34933E+01,1.23618E+01,3.34933E+01,1.23618E+01,3.34933E+01,3.34933E+01,5.25966E+00,1.23618E+01,3.34933E+01,3.34933E+01,5.08424E+00,3.34933E+01,3.34933E+01,1.23618E+01,8.31156E-01 
#t = 1.722E+03
1.73420E+01,3.34933E+01,3.34933E+01,1.23618E+01,3.34933E+01,3.34933E+01,1.42811E+01,3.34933E+01,1.23618E+01,3.34933E+01,3.34933E+01,3.34933E+01,3.34933E+01,3.34933E+01,3.34933E+01,3.34933E+01,3.34933E+01,3.34933E+01,1.42811E+01,3.34933E+01,1.23618E+01,3.34933E+01,3.34933E+01,3.34933E+01,1.23618E+01,3.34933E+01,5.35348E+01,3.34933E+01,3.34933E+01,1.42811E+01,3.34933E+01,1.42811E+01,3.34933E+01,8.08083E+00,1.73420E+01,2.13794E+00,5.96602E+01 
#t = 1.764E+03
3.34933E+01,1.23618E+01,5.35348E+01,3.34933E+01,3.34933E+01,1.42811E+01,3.34933E+01,3.34933E+01,3.34933E+01,3.34933E+01,3.34933E+01,3.34933E+01,3.34933E+01,1.23618E+01,3.34933E+01,3.34933E+01,3.34933E+01,1.23618E+01,3.34933E+01,3.34933E+01,1.42811E+01,1.23618E+01,3.34933E+01,1.23618E+01,3.34933E+01,1.42811E+01,3.34933E+01,3.34933E+01,2.37568E+00,1.55658E+00,1.42811E+01,1.23618E+01,1.42811E+01,3.34933E+01,1.43296E+00,3.34933E+01,3.34933E+01,3.34933E+01,1.15028E+01 
#t = 1.806E+03
5.35348E+01,3.34933E+01,1.42811E+01,3.34933E+01,1.42811E+01,3.34933E+01,1.42811E+01,3.34933E+01,3.34933E+01,3.34933E+01,1.42811E+01,3.34933E+01,3.34933E+01,1.42811E+01,3.34933E+01,3.34933E+01,3.34933E+01,1.42811E+01,1.42811E+01,3.34933E+01,1.07398E-01,3.34933E+01,3.34933E+01,8.92100E-01,3.34933E+01 
#t = 1.848E+03
1.42811E+01,3.34933E+01,3.34933E+01,3.34933E+01,3.34933E+01,3.34933E+01,3.34933E+01,3.34933E+01,3.34933E+01,9.35260E+00,3.34933E+01,1.42811E+01,3.34933E+01,3.34933E+01,3.34933E+01,3.34933E+01,3.34933E+01,3.34933E+01,3.34933E+01,3.34933E+01,3.34933E+01,3.34933E+01,3.34933E+01,3.34933E+01,3.34933E+01,3.34933E+01,3.34933E+01,3.34933E+01,3.34933E+01,3.34933E+01,1.40893E+00,3.34933E+01,3.34933E+01 
#t = 1.890E+03
3.34933E+01,3.34933E+01,3.34933E+01,3.34933E+01,3.34933E+01,1.61263E+01,3.34933E+01,3.34933E+01,3.34933E+01,3.34933E+01,3.34933E+01,3.34933E+01,3.34933E+01,3.34933E+01,3.34933E+01,3.10521E-02,3.34933E+01,3.34933E+01,3.34933E+01,3.34933E+01,3.34933E+01,3.34933E+01,3.34933E+01,3.34933E+01,3.34933E+01,3.34933E+01,3.34933E+01,3.34933E+01,3.34933E+01,3.34933E+01 
#t = 1.932E+03
3.34933E+01,3.34933E+01,3.34933E+01,3.34933E+01,3.34933E+01,3.34933E+01,3.34933E+01,3.34933E+01,3.34933E+01,3.34933E+01,3.34933E+01,3.34933E+01,3.34933E+01,3.34933E+01,3.34933E+01,3.34933E+01,3.34933E+01,3.34933E+01,3.34933E+01,3.34933E+01,8.45203E+00,3.34933E+01,3.34933E+01,3.34933E+01,3.34933E+01,3.34933E+01,3.34933E+01,3.34933E+01,9.28192E-01,3.34933E+01,3.34933E+01,3.45979E+00 
#t = 1.974E+03
3.34933E+01,3.34933E+01,3.34933E+01,3.34933E+01,3.34933E+01,3.34933E+01,3.34933E+01,3.34933E+01,3.34933E+01,3.34933E+01,3.34933E+01,3.34933E+01,3.34933E+01,3.34933E+01,3.34933E+01,3.34933E+01,3.34933E+01,3.34933E+01,3.34933E+01,3.34933E+01,3.34933E+01,3.34933E+01,3.34933E+01,3.34933E+01,3.34933E+01,3.34933E+01,3.34933E+01,6.82671E+00,3.34933E+01,3.34933E+01,3.34933E+01,3.34933E+01,3.34933E+01,3.34933E+01,3.34933E+01,3.34933E+01,3.34933E+01,3.34933E+01,3.34933E+01,3.34933E+01,3.34933E+01,3.34933E+01,3.34933E+01,3.34933E+01,1.83872E-01,3.34933E+01,3.34933E+01,3.34933E+01,3.34933E+01,3.34933E+01,3.34933E+01,3.34933E+01 
#t = 2.016E+03
3.34933E+01,3.34933E+01,3.34933E+01,3.34933E+01,3.34933E+01,3.34933E+01,3.34933E+01,3.34933E+01,3.34933E+01,3.34933E+01,3.34933E+01,3.34933E+01,3.34933E+01,3.34933E+01,3.34933E+01,3.34933E+01,1.50638E+01,3.34933E+01,3.34933E+01,3.34933E+01,3.34933E+01,3.34933E+01,3.34933E+01,3.34933E+01,3.34933E+01,3.34933E+01,3.34933E+01,3.34933E+01,3.34933E+01,3.34933E+01,1.55950E+00,3.34933E+01,3.34933E+01,3.34933E+01,3.34933E+01,3.34933E+01,3.34933E+01,3.34933E+01 
#t = 2.058E+03
3.34933E+01,3.34933E+01,3.34933E+01,3.34933E+01,3.34933E+01,3.34933E+01,3.34933E+01,3.34933E+01,3.34933E+01,3.34933E+01,3.34933E+01,6.11261E+01,3.34933E+01,3.34933E+01,3.34933E+01,3.97287E+01,2.66624E+01,3.97287E+01,3.97287E+01,3.34933E+01,6.53152E+00,3.34933E+01,3.34933E+01,3.34933E+01,3.34933E+01,3.97287E+01,6.11261E+01,3.34933E+01,3.34933E+01,3.34933E+01,3.34933E+01,3.34933E+01,3.34933E+01,3.34933E+01,6.11261E+01,3.34933E+01,6.11261E+01,3.34933E+01,3.34933E+01,3.97287E+01,3.34933E+01,3.34933E+01,3.34933E+01,3.34933E+01,3.34933E+01 
#t = 2.100E+03
3.34933E+01,3.34933E+01,3.97287E+01,3.34933E+01,3.34933E+01,3.34933E+01,3.34933E+01,3.34933E+01,6.11261E+01,3.34933E+01,3.34933E+01,3.34933E+01,3.34933E+01,3.34933E+01,3.34933E+01,3.34933E+01,3.34933E+01,3.34933E+01,3.34933E+01,7.34585E+00,7.32094E+00,3.97287E+01,3.34933E+01,3.97287E+01,3.34933E+01,3.34933E+01,3.34933E+01,3.34933E+01,3.34933E+01,3.97287E+01,5.37065E+00,3.34933E+01,2.66624E+01,3.34933E+01,1.00305E+00,9.49321E-01,5.44137E+00,3.97287E+01 
#t = 2.142E+03
3.34933E+01,3.34933E+01,3.34933E+01,6.11261E+01,3.34933E+01,2.66624E+01,3.34933E+01,3.34933E+01,6.11261E+01,3.34933E+01,3.34933E+01,3.34933E+01,3.97287E+01,3.34933E+01,2.66624E+01,3.34933E+01,2.66624E+01,3.34933E+01,3.34933E+01,3.97287E+01,3.34933E+01,3.34933E+01,7.41522E-01,3.34933E+01,3.34933E+01,3.34933E+01,7.57309E+00,2.66624E+01,6.21465E-01,3.34933E+01,4.69681E-01,3.34933E+01,6.67374E-02,3.34933E+01 
#t = 2.184E+03
3.34933E+01,3.34933E+01,3.34933E+01,3.34933E+01,3.34933E+01,3.34933E+01,3.34933E+01,3.34933E+01,2.66624E+01,3.97287E+01,3.34933E+01,3.34933E+01,3.34933E+01,3.97287E+01,3.34933E+01,3.34933E+01,2.66624E+01,3.34933E+01,2.66624E+01,3.34933E+01,1.31498E+00,3.34933E+01,3.34933E+01,3.34933E+01,3.34933E+01,3.97287E+01,3.34933E+01,7.63377E+00,1.39105E+00,3.34933E+01,3.16958E-01,3.34933E+01 
#t = 2.226E+03
3.34933E+01,3.34933E+01,3.34933E+01,2.66624E+01,2.66624E+01,3.34933E+01,3.97287E+01,3.34933E+01,3.97287E+01,3.34933E+01,3.34933E+01,3.34933E+01,2.66624E+01,3.34933E+01,3.34933E+01,3.97287E+01,3.34933E+01,3.34933E+01,3.34933E+01,3.34933E+01,3.81310E+00,3.34933E+01,3.34933E+01,3.34933E+01,3.34933E+01,3.34933E+01,3.34933E+01,3.34933E+01,3.34933E+01 
#t = 2.268E+03
3.34933E+01,2.66624E+01,3.34933E+01,3.34933E+01,3.34933E+01,3.34933E+01,3.34933E+01,3.34933E+01,3.34933E+01,3.34933E+01,3.34933E+01,3.34933E+01,2.66624E+01,3.34933E+01,3.34933E+01,3.22406E-01,3.34933E+01,3.34933E+01,3.34933E+01,3.34933E+01,2.66624E+01,3.34933E+01,3.34933E+01,2.66624E+01,2.66624E+01,3.34933E+01,3.34933E+01,3.34933E+01,3.34933E+01,3.34933E+01,3.34933E+01,3.34933E+01,3.34933E+01,3.08328E-01,3.34933E+01,3.34933E+01 
#t = 2.310E+03
3.34933E+01,3.34933E+01,3.34933E+01,3.34933E+01,3.34933E+01,3.34933E+01,3.34933E+01,3.34933E+01,3.34933E+01,3.34933E+01,3.34933E+01,3.34933E+01,3.34933E+01,3.34933E+01,4.96816E+00,3.34933E+01,2.73378E+01,3.34933E+01,3.34933E+01,3.34933E+01,3.34933E+01,3.34933E+01,2.17521E+01,6.48533E+00,7.05520E+00,2.73378E+01,2.73378E+01,3.34933E+01,8.29619E+00,2.73378E+01,3.34933E+01,2.73378E+01,2.73378E+01,3.34933E+01,2.73378E+01,5.18172E-01,1.81796E+00 
#t = 2.352E+03
3.34933E+01,3.34933E+01,2.73378E+01,2.73378E+01,3.34933E+01,3.34933E+01,3.34933E+01,3.34933E+01,3.34933E+01,3.34933E+01,2.73378E+01,3.34933E+01,3.34933E+01,3.34933E+01,3.34933E+01,3.34933E+01,3.34933E+01,3.34933E+01,3.34933E+01,2.73378E+01,3.34933E+01,3.34933E+01,3.34933E+01,3.34933E+01,3.34933E+01,3.34933E+01,3.34933E+01,3.34933E+01,2.16229E+01,3.34933E+01,3.34933E+01,3.34933E+01,3.34933E+01,3.34933E+01,3.34933E+01 
#t = 2.394E+03
3.34933E+01,3.34933E+01,3.34933E+01,3.34933E+01,3.34933E+01,3.34933E+01,3.34933E+01,3.34933E+01,3.34933E+01,3.34933E+01,3.34933E+01,3.34933E+01,3.34933E+01,3.34933E+01,3.34933E+01,2.73378E+01,3.34933E+01,3.34933E+01,3.34933E+01,3.34933E+01,3.34933E+01,3.34933E+01,3.34933E+01,3.34933E+01,3.34933E+01,2.06953E+00,3.34933E+01,3.34933E+01,3.34933E+01,3.34933E+01,3.34933E+01,3.34933E+01,3.34933E+01,3.34933E+01,6.51074E-01,1.36666E+00,9.75126E-03 
#t = 2.436E+03
3.34933E+01,2.73378E+01,3.34933E+01,3.34933E+01,3.34933E+01,3.34933E+01,3.34933E+01,3.34933E+01,3.34933E+01,3.34933E+01,2.73378E+01,3.34933E+01,3.34933E+01,2.73378E+01,2.73378E+01,3.34933E+01,3.34933E+01,3.34933E+01,2.73378E+01,3.34933E+01,3.34933E+01,3.34933E+01,3.34933E+01,3.34933E+01,3.34933E+01,3.34933E+01,3.34933E+01,3.34933E+01,3.34933E+01,3.34933E+01,3.34933E+01,3.34933E+01,3.34933E+01,3.34933E+01,3.34933E+01,3.34933E+01,3.34933E+01,3.34933E+01,3.34933E+01,3.34933E+01,3.34933E+01,8.01705E-01,3.34933E+01,2.73378E+01,3.34933E+01,3.34933E+01,3.06009E+00,3.34933E+01 
#t = 2.478E+03
2.73378E+01,3.34933E+01,2.73378E+01,3.34933E+01,3.34933E+01,3.34933E+01,3.34933E+01,3.34933E+01,9.90245E+00,2.73378E+01,2.73378E+01,2.73378E+01,3.34933E+01,3.34933E+01,3.34933E+01,2.73378E+01,3.34933E+01,2.73378E+01,3.34933E+01,3.34933E+01,3.34933E+01,3.34933E+01,3.34933E+01,3.34933E+01,3.34933E+01,3.34933E+01,3.34933E+01,3.34933E+01,3.34933E+01,2.25122E+01,3.34933E+01,2.73378E+01 
#t = 2.520E+03
3.34933E+01,3.34933E+01,3.34933E+01,3.34933E+01,3.34933E+01,3.34933E+01,3.34933E+01,3.34933E+01,3.34933E+01,3.34933E+01,3.34933E+01,3.34933E+01,1.24487E+01,3.34933E+01,3.34933E+01,3.34933E+01,3.34933E+01,3.34933E+01,3.34933E+01,4.92904E+00,1.92267E+01,3.34933E+01,1.24487E+01,3.34933E+01,1.92267E+01,9.31601E-01 
#t = 2.562E+03
3.34933E+01,3.34933E+01,3.34933E+01,3.34933E+01,3.34933E+01,3.34933E+01,3.34933E+01,3.34933E+01,3.34933E+01,1.92267E+01,1.92267E+01,1.92267E+01,3.34933E+01,3.34933E+01,3.34933E+01,3.34933E+01,3.34933E+01,3.34933E+01,3.34933E+01,3.34933E+01,3.34933E+01,3.34933E+01,1.54038E+00,3.34933E+01,3.34933E+01,3.34933E+01,3.34933E+01,3.34933E+01,3.34933E+01,3.34933E+01 
#t = 2.604E+03
1.92267E+01,3.34933E+01,3.34933E+01,3.34933E+01,3.34933E+01,3.34933E+01,3.34933E+01,1.92267E+01,3.34933E+01,3.34933E+01,3.34933E+01,3.34933E+01,3.34933E+01,3.34933E+01,3.34933E+01,3.34933E+01,3.34933E+01,2.32757E+01,3.34933E+01,3.34933E+01,3.34933E+01,3.34933E+01,3.34933E+01,3.34933E+01 
#t = 2.646E+03
3.34933E+01,3.34933E+01,3.34933E+01,3.34933E+01,3.34933E+01,3.34933E+01,3.34933E+01,3.34933E+01,3.34933E+01,3.34933E+01,3.34933E+01,3.34933E+01,3.34933E+01,3.34933E+01,1.92267E+01,3.34933E+01,3.34933E+01,1.92267E+01,3.34933E+01,3.34933E+01,3.34933E+01,3.34933E+01,3.34933E+01,3.34933E+01,3.34933E+01,3.34933E+01,3.34933E+01,3.34933E+01,3.34933E+01,3.34933E+01,3.34933E+01,3.34933E+01,3.34933E+01,3.34933E+01,3.34933E+01,3.34933E+01,3.34933E+01,3.34933E+01,3.34933E+01,3.34933E+01,3.34933E+01,3.34933E+01,3.34933E+01,3.34933E+01,3.34933E+01,3.34933E+01,1.30363E+00,3.34933E+01,3.34933E+01,3.34933E+01 
#t = 2.688E+03
3.34933E+01,3.34933E+01,3.34933E+01,3.34933E+01,3.34933E+01,3.34933E+01,3.34933E+01,3.34933E+01,3.34933E+01,3.34933E+01,3.34933E+01,3.34933E+01,3.34933E+01,3.34933E+01,3.34933E+01,3.34933E+01,3.34933E+01,3.34933E+01,3.34933E+01,3.34933E+01,3.34933E+01,3.34933E+01,3.34933E+01,3.34933E+01,3.34933E+01,3.34933E+01,3.34933E+01,3.34933E+01,3.34933E+01 
#t = 2.730E+03
3.34933E+01,3.34933E+01,3.34933E+01,3.34933E+01,3.34933E+01,3.34933E+01,3.34933E+01,3.34933E+01,3.34933E+01,3.34933E+01,3.34933E+01,3.34933E+01,3.34933E+01,3.34933E+01,3.34933E+01,3.34933E+01,3.34933E+01,3.34933E+01,3.34933E+01,3.34933E+01,9.56950E-01,3.34933E+01,5.75738E+00,3.34933E+01,3.34933E+01,3.88817E-01,3.34933E+01,3.34933E+01,3.34933E+01,3.34933E+01 
#t = 2.772E+03
3.34933E+01,3.34933E+01,3.34933E+01,3.34933E+01,3.34933E+01,3.34933E+01,3.34933E+01,3.34933E+01,3.34933E+01,3.34933E+01,3.34933E+01,3.34933E+01,3.34933E+01,3.34933E+01,3.34933E+01,3.34933E+01,3.34933E+01,3.34933E+01,3.34933E+01,3.34933E+01,3.34933E+01,2.38845E+00,3.34933E+01,3.34933E+01,3.34933E+01,3.34933E+01,3.34933E+01,3.34933E+01,7.40325E-01,3.34933E+01,3.34933E+01,3.34933E+01 
#t = 2.814E+03
3.34933E+01,1.64585E+01,3.34933E+01,2.73159E+01,3.34933E+01,3.34933E+01,3.34933E+01,3.34933E+01,3.34933E+01,3.34933E+01,3.34933E+01,3.34933E+01,4.81922E+00,3.34933E+01,3.34933E+01,3.34933E+01,4.83723E+00,3.34933E+01,3.34933E+01,3.34933E+01,3.34933E+01,6.74595E+00,3.34933E+01,3.34933E+01,3.34933E+01,5.77970E+00,3.34933E+01,3.34933E+01,2.72918E+01,2.51307E-01 
#t = 2.856E+03
1.64585E+01,3.34933E+01,3.34933E+01,3.34933E+01,3.34933E+01,3.34933E+01,2.72918E+01,2.73159E+01,3.34933E+01,3.34933E+01,3.34933E+01,2.73159E+01,3.34933E+01,3.34933E+01,3.34933E+01,3.34933E+01,3.34933E+01,3.34933E+01,3.34933E+01,3.34933E+01,2.73159E+01,3.34933E+01,3.34933E+01,2.73159E+01,3.34933E+01,3.34933E+01,3.34933E+01,1.64585E+01,3.34933E+01,3.34933E+01,3.34933E+01,2.72918E+01,3.34933E+01,3.34933E+01,3.34933E+01,3.34933E+01,3.34933E+01,3.34933E+01,6.52145E-01,3.34933E+01,3.34933E+01,5.19169E+00,3.34933E+01,2.44014E-02 
#t = 2.898E+03
3.34933E+01,2.72918E+01,3.34933E+01,3.34933E+01,3.34933E+01,1.64585E+01,3.34933E+01,3.34933E+01,1.64585E+01,1.69994E+01,2.72918E+01,3.34933E+01,3.34933E+01,3.34933E+01,3.34933E+01,3.34933E+01,3.92493E+00,3.34933E+01,3.34933E+01,3.34933E+01,3.34933E+01,3.34933E+01,3.34933E+01,2.72918E+01,3.77840E+01,3.34933E+01 
#t = 2.940E+03
3.34933E+01,2.72918E+01,3.34933E+01,3.34933E+01,3.34933E+01,3.34933E+01,3.34933E+01,3.34933E+01,3.34933E+01,2.72918E+01,3.34933E+01,3.34933E+01,3.34933E+01,1.69994E+01,3.34933E+01,1.69994E+01,1.97312E+01,1.97312E+01,3.34933E+01,3.34933E+01,3.34933E+01,3.34933E+01,2.72918E+01,3.34933E+01,1.97312E+01,1.69994E+01,1.51868E-01,3.34933E+01,3.34933E+01,1.69994E+01,3.34933E+01,1.69994E+01,1.66064E-01,3.34933E+01,1.91376E+00,1.69994E+01,3.34933E+01,3.34933E+01,3.34933E+01 
#t = 2.982E+03
3.34933E+01,3.34933E+01,1.69994E+01,3.34933E+01,3.34933E+01,3.34933E+01,3.34933E+01,1.69994E+01,3.34933E+01,3.34933E+01,3.34933E+01,3.34933E+01,1.97312E+01,3.34933E+01,1.69994E+01,3.34933E+01,3.34933E+01,2.53372E+01,3.34933E+01,1.69994E+01,3.34933E+01,2.53372E+01,3.34933E+01,3.34933E+01,3.34933E+01,3.34933E+01,2.56655E-01,4.33119E-01 
#t = 3.024E+03
3.34933E+01,2.53372E+01,2.53372E+01,3.34933E+01,2.53372E+01,3.34933E+01,3.34933E+01,3.34933E+01,3.34933E+01,3.34933E+01,3.34933E+01,3.34933E+01,2.53372E+01,3.34933E+01,2.53372E+01,3.34933E+01,3.34933E+01,3.34933E+01,2.53372E+01,3.34933E+01,3.34933E+01,3.34933E+01,3.34933E+01,3.34933E+01,3.34933E+01,3.34933E+01,3.34933E+01,3.34933E+01,3.34933E+01,3.34933E+01,3.34933E+01,2.55480E-01,1.15022E-01 
#t = 3.066E+03
3.34933E+01,3.34933E+01,3.34933E+01,2.53372E+01,3.34933E+01,2.53372E+01,2.53372E+01,3.34933E+01,3.34933E+01,2.53372E+01,2.53372E+01,3.34933E+01,3.34933E+01,3.34933E+01,2.53372E+01,3.34933E+01,3.34933E+01,3.34933E+01,3.34933E+01,3.34933E+01,3.34933E+01,2.02089E+01,3.34933E+01,3.34933E+01,3.34933E+01,4.19102E-01,3.34933E+01 
#t = 3.108E+03
2.02089E+01,3.34933E+01,3.34933E+01,3.34933E+01,3.34933E+01,3.34933E+01,3.34933E+01,3.34933E+01,3.34933E+01,3.34933E+01,3.34933E+01,3.34933E+01,3.34933E+01,3.34933E+01,3.34933E+01,3.34933E+01,3.34933E+01,3.34933E+01,3.34933E+01,3.34933E+01,3.34933E+01,3.34933E+01,3.34933E+01,3.34933E+01,3.34933E+01,3.34933E+01,3.34933E+01,3.34933E+01,3.34933E+01,3.34933E+01,3.34933E+01,3.34933E+01,3.34933E+01,3.34933E+01,3.34933E+01,3.34933E+01,3.34933E+01,3.34933E+01,6.40117E+00,3.34933E+01,3.34933E+01 
#t = 3.150E+03
3.34933E+01,3.34933E+01,3.34933E+01,3.34933E+01,3.34933E+01,3.34933E+01,3.34933E+01,3.34933E+01,3.34933E+01,3.34933E+01,3.34933E+01,3.34933E+01,3.34933E+01,3.34933E+01,2.06117E+01,3.34933E+01,3.34933E+01,3.34933E+01,3.34933E+01,3.34933E+01,3.34933E+01,3.34933E+01,3.34933E+01,3.34933E+01,3.34933E+01,1.10690E+01,3.34933E+01,3.34933E+01,6.30783E+00,3.34933E+01,3.34933E+01,1.01806E+01,3.34933E+01,3.34933E+01,3.34933E+01,3.34933E+01,1.66094E+01,3.34933E+01,1.52867E+00,1.88729E+01 
#t = 3.192E+03
3.34933E+01,3.34933E+01,3.34933E+01,3.34933E+01,3.34933E+01,3.34933E+01,3.34933E+01,3.34933E+01,3.34933E+01,3.34933E+01,3.34933E+01,3.34933E+01,3.34933E+01,3.34933E+01,3.34933E+01,3.34933E+01,3.34933E+01,3.34933E+01,3.34933E+01,3.34933E+01,3.34933E+01,3.34933E+01,3.34933E+01,3.34933E+01,3.34933E+01,3.34933E+01,3.34933E+01,3.34933E+01,3.34933E+01 
#t = 3.234E+03
3.34933E+01,3.34933E+01,3.34933E+01,3.34933E+01,3.34933E+01,3.34933E+01,3.34933E+01,3.34933E+01,3.34933E+01,3.34933E+01,3.34933E+01,3.34933E+01,3.34933E+01,3.34933E+01,3.34933E+01,3.34933E+01,3.34933E+01,3.34933E+01,3.34933E+01,3.34933E+01,3.34933E+01,1.46024E+01,3.34933E+01,3.34933E+01,3.34933E+01,3.34933E+01,3.34933E+01,3.34933E+01,3.34933E+01,3.34933E+01,3.34933E+01,6.14566E-02,3.34933E+01 
#t = 3.276E+03
3.34933E+01,3.34933E+01,3.34933E+01,3.34933E+01,3.34933E+01,3.34933E+01,3.34933E+01,1.46024E+01,3.34933E+01,3.34933E+01,3.34933E+01,3.34933E+01,3.34933E+01,3.34933E+01,3.34933E+01,3.34933E+01,3.34933E+01,3.34933E+01,3.34933E+01,1.27514E+01,3.34933E+01,2.23594E+01,3.34933E+01,3.63681E+00,3.34933E+01,3.34933E+01,3.34933E+01,3.34933E+01,3.34933E+01,3.34933E+01,3.34933E+01,3.34933E+01,3.34933E+01,4.59343E+00,1.27514E+01,2.49180E-01,1.27514E+01,2.23594E+01 
#t = 3.318E+03
1.46024E+01,3.34933E+01,3.34933E+01,3.34933E+01,3.34933E+01,3.34933E+01,3.34933E+01,3.34933E+01,3.34933E+01,3.34933E+01,1.27514E+01,2.12116E+00,3.34933E+01,3.34933E+01,1.39773E+01,3.34933E+01,2.23594E+01,1.27514E+01,3.34933E+01,3.34933E+01,1.78644E+00,3.34933E+01,3.34933E+01,3.34933E+01,3.34933E+01,3.34933E+01,1.46122E+00,3.34933E+01,3.34933E+01,3.34933E+01 
#t = 3.360E+03
1.27514E+01,3.34933E+01,3.34933E+01,3.34933E+01,3.34933E+01,3.34933E+01,3.34933E+01,3.34933E+01,3.34933E+01,3.34933E+01,3.34933E+01,3.34933E+01,3.34933E+01,3.34933E+01,3.34933E+01,3.34933E+01,1.27514E+01,3.34933E+01,3.34933E+01,3.34933E+01,3.34933E+01,3.34933E+01,3.34933E+01,3.34933E+01,1.40212E+01,3.34933E+01,3.34933E+01,3.34933E+01,3.34933E+01,1.27514E+01,3.34933E+01,3.34933E+01,3.34933E+01,1.13081E+00,3.34933E+01 
#t = 3.402E+03
3.34933E+01,3.34933E+01,3.34933E+01,3.34933E+01,3.34933E+01,3.34933E+01,3.34933E+01,3.34933E+01,3.34933E+01,3.34933E+01,3.34933E+01,3.34933E+01,3.34933E+01,3.34933E+01,3.34933E+01,3.34933E+01,3.34933E+01,3.34933E+01,3.34933E+01,3.34933E+01,3.34933E+01,3.34933E+01,3.34933E+01,3.34933E+01,3.34933E+01,3.34933E+01,3.34933E+01,3.34933E+01,3.34933E+01,3.34933E+01,3.34933E+01,3.34933E+01,3.34933E+01,3.34933E+01,2.53351E+01,3.34933E+01,3.34933E+01,1.95995E+00,3.34933E+01 
#t = 3.444E+03
3.34933E+01,3.34933E+01,3.34933E+01,3.34933E+01,3.34933E+01,3.34933E+01,3.34933E+01,3.34933E+01,3.34933E+01,3.34933E+01,3.34933E+01,3.34933E+01,3.34933E+01,3.34933E+01,3.34933E+01,3.34933E+01,3.34933E+01,3.34933E+01,3.34933E+01,3.34933E+01,3.34933E+01,7.38891E+00,3.34933E+01,3.34933E+01,3.34933E+01,3.34933E+01,3.34933E+01,3.34933E+01,2.44615E+00 
#t = 3.486E+03
3.34933E+01,3.34933E+01,3.34933E+01,3.34933E+01,3.34933E+01,4.75882E+01,3.34933E+01,3.34933E+01,3.34933E+01,3.34933E+01,3.34933E+01,3.34933E+01,3.34933E+01,3.34933E+01,3.34933E+01,3.34933E+01,3.34933E+01,3.34933E+01,3.34933E+01,4.75882E+01,3.34933E+01,3.34933E+01,3.34933E+01,3.34933E+01,3.34933E+01,3.34933E+01,4.92123E+00,3.34933E+01,3.34933E+01,3.34933E+01,3.34933E+01,3.34933E+01,3.34933E+01,3.34933E+01 
#t = 3.528E+03
3.34933E+01,3.34933E+01,3.34933E+01,3.34933E+01,3.34933E+01,3.34933E+01,3.34933E+01,3.34933E+01,3.34933E+01,2.70589E+01,3.34933E+01,3.34933E+01,3.34933E+01,3.34933E+01,3.34933E+01,3.34933E+01,3.34933E+01,3.34933E+01,3.34933E+01,1.96042E+00,3.34933E+01,3.34933E+01,3.34933E+01,2.70589E+01,3.34933E+01,3.34933E+01,3.34933E+01,1.12893E+01,1.26864E+00,3.34933E+01,3.34933E+01,3.34933E+01 
#t = 3.570E+03
3.34933E+01,3.34933E+01,2.70589E+01,3.34933E+01,3.34933E+01,3.34933E+01,3.34933E+01,3.34933E+01,3.34933E+01,3.34933E+01,3.34933E+01,3.34933E+01,3.34933E+01,3.34933E+01,2.70589E+01,2.70589E+01,2.70589E+01,3.34933E+01,2.70589E+01,3.34933E+01,3.34933E+01,3.34933E+01,3.34933E+01,3.34933E+01,3.34933E+01,3.34933E+01,3.47245E+01,3.34933E+01,3.34933E+01,2.70589E+01 
#t = 3.612E+03
2.70589E+01,3.34933E+01,3.34933E+01,3.34933E+01,3.34933E+01,3.34933E+01,2.70589E+01,2.70589E+01,3.34933E+01,3.34933E+01,3.34933E+01,3.34933E+01,2.70589E+01,3.34933E+01,3.34933E+01,3.34933E+01,3.34933E+01,3.34933E+01,1.03218E+02,2.70589E+01,2.70589E+01,3.34933E+01,3.34933E+01,1.32921E+01,3.34933E+01,3.34933E+01,2.70589E+01,2.70589E+01,3.34933E+01,3.34933E+01,3.34933E+01,3.34933E+01,3.34933E+01,1.58284E+00,3.34933E+01,3.34933E+01,3.34933E+01 
#t = 3.654E+03
3.34933E+01,3.34933E+01,3.34933E+01,3.34933E+01,3.34933E+01,3.34933E+01,3.34933E+01,3.34933E+01,3.34933E+01,2.70589E+01,3.34933E+01,2.70589E+01,3.34933E+01,3.34933E+01,3.34933E+01,3.34933E+01,3.34933E+01,3.34933E+01,2.70589E+01,3.34933E+01,2.70589E+01,3.34933E+01,3.34933E+01,3.34933E+01,3.34933E+01,2.70589E+01,2.70589E+01,3.34933E+01,3.34933E+01,3.34933E+01,2.70589E+01,2.70589E+01,3.34933E+01,3.34933E+01,1.51907E+01,2.70589E+01,6.64249E-01,2.49150E-01,3.34933E+01 
#t = 3.696E+03
3.34933E+01,2.70589E+01,3.34933E+01,1.51907E+01,3.34933E+01,3.34933E+01,3.34933E+01,2.70589E+01,3.34933E+01,3.34933E+01,2.70589E+01,3.34933E+01,2.70589E+01,2.70589E+01,3.34933E+01,3.34933E+01,2.70589E+01,3.34933E+01,3.34933E+01,1.51907E+01,1.83670E+01,5.50393E+00,3.34933E+01,2.70589E+01,3.34933E+01,3.34933E+01,3.34933E+01,3.34933E+01,3.34933E+01,3.34933E+01,3.34933E+01,3.34933E+01,2.70589E+01,3.34933E+01,3.34933E+01,3.34933E+01,3.34933E+01,3.34933E+01,3.34933E+01,2.70589E+01,3.34933E+01,3.34933E+01,2.83336E+01,3.34933E+01,3.34933E+01,1.07648E+00,3.34933E+01,1.51907E+01,1.51907E+01,3.34933E+01 
#t = 3.738E+03
2.70589E+01,1.83670E+01,3.34933E+01,1.51907E+01,3.34933E+01,1.51907E+01,3.34933E+01,1.51907E+01,3.34933E+01,2.70589E+01,2.70589E+01,3.34933E+01,1.51907E+01,3.34933E+01,3.34933E+01,2.80924E+01,3.34933E+01,2.80924E+01,3.34933E+01,2.80924E+01,3.34933E+01,2.70589E+01,2.70589E+01,3.34933E+01,2.70589E+01,2.80924E+01 
#t = 3.780E+03
2.80924E+01,3.34933E+01,3.34933E+01,2.70589E+01,3.34933E+01,2.70589E+01,3.34933E+01,3.34933E+01,3.34933E+01,3.34933E+01,1.51907E+01,2.80924E+01,1.51907E+01,7.98066E+00,3.34933E+01,2.70589E+01,3.34933E+01,2.80924E+01,3.34933E+01,3.34933E+01,3.34933E+01,2.80924E+01,7.16077E+00,1.51907E+01,3.34933E+01,3.34933E+01,3.34933E+01,2.80924E+01,2.80924E+01,3.34933E+01,3.34933E+01,2.80924E+01,3.34933E+01,3.34933E+01 
#t = 3.822E+03
3.34933E+01,3.34933E+01,2.80924E+01,1.51907E+01,2.80924E+01,1.63787E+01,3.34933E+01,3.34933E+01,3.34933E+01,3.34933E+01,3.34933E+01,2.80924E+01,2.80924E+01,2.80924E+01,2.80924E+01,2.80924E+01,2.80924E+01,2.80924E+01,2.80924E+01,1.63787E+01,3.34933E+01,2.80924E+01,2.80924E+01,3.34933E+01,2.80924E+01,3.34933E+01,2.80924E+01,3.34933E+01,2.80924E+01,2.80924E+01,2.80924E+01,2.80924E+01,3.34933E+01,1.63787E+01,3.34933E+01 
#t = 3.864E+03
1.51907E+01,2.80924E+01,3.34933E+01,3.34933E+01,2.80924E+01,3.34933E+01,3.34933E+01,3.34933E+01,3.34933E+01,3.34933E+01,3.34933E+01,3.34933E+01,3.34933E+01,2.80924E+01,2.80924E+01,3.34933E+01,3.34933E+01,5.25349E+00,2.80924E+01,1.39555E+01 
#t = 3.906E+03
2.80924E+01,3.34933E+01,3.34933E+01,2.80924E+01,3.34933E+01,3.34933E+01,2.80924E+01,3.34933E+01,3.34933E+01,3.34933E+01,2.80924E+01,3.34933E+01,2.80924E+01,2.80924E+01,2.80924E+01,3.34933E+01,3.34933E+01,3.34933E+01,2.80924E+01,2.80924E+01,3.34933E+01,2.80924E+01,3.34933E+01,2.80924E+01,3.34933E+01,3.34933E+01,3.34933E+01,3.34933E+01,2.80924E+01,2.80924E+01,3.62095E-01,3.34933E+01,3.34933E+01,2.80924E+01,1.00364E+01,3.34933E+01,2.80924E+01 
#t = 3.948E+03
3.34933E+01,3.34933E+01,2.80924E+01,3.34933E+01,2.80924E+01,3.34933E+01,3.34933E+01,2.80924E+01,3.34933E+01,2.80924E+01,3.34933E+01,2.80924E+01,3.34933E+01,3.34933E+01,3.34933E+01,2.80924E+01,2.80924E+01,3.34933E+01,3.34933E+01,3.34933E+01,3.34933E+01,2.80924E+01,2.80924E+01,1.19713E+01,1.37014E+01,3.34933E+01,2.80924E+01,3.34933E+01,2.80924E+01,2.80924E+01,2.80924E+01,2.07066E-01 
#t = 3.990E+03
2.80924E+01,3.34933E+01,3.34933E+01,1.37014E+01,2.80924E+01,3.34933E+01,3.34933E+01,2.80924E+01,3.34933E+01,3.34933E+01,3.34933E+01,3.34933E+01,2.80924E+01,3.34933E+01,3.34933E+01,3.34933E+01,3.34933E+01,2.80924E+01,3.34933E+01,3.34933E+01,1.78422E+00,2.47987E+01,2.47987E+01,3.34933E+01,2.80924E+01,1.85359E+00,3.34933E+01 
#t = 4.032E+03
3.34933E+01,2.47987E+01,3.34933E+01,3.34933E+01,2.94017E+01,3.34933E+01,3.34933E+01,3.34933E+01,3.34933E+01,3.34933E+01,3.34933E+01,2.80924E+01,3.34933E+01,2.80924E+01,3.34933E+01,3.34933E+01,3.34933E+01,3.34933E+01,3.34933E+01,3.34933E+01,3.34933E+01,3.34933E+01,3.34933E+01,8.18736E+00,2.94017E+01,1.09324E+00,3.34933E+01,3.34933E+01,3.34933E+01,3.34933E+01,9.39629E-01,2.80924E+01,2.94017E+01,3.34933E+01 
#t = 4.074E+03
3.34933E+01,3.34933E+01,3.34933E+01,3.34933E+01,3.34933E+01,3.34933E+01,3.34933E+01,3.34933E+01,3.34933E+01,3.34933E+01,3.34933E+01,3.34933E+01,3.34933E+01,3.34933E+01,3.34933E+01,3.34933E+01,3.34933E+01,3.34933E+01,3.34933E+01,3.34933E+01,3.34933E+01,3.34933E+01,3.34933E+01,3.34933E+01,3.34933E+01,3.34933E+01,1.13829E+01,3.34933E+01,3.34933E+01,3.34933E+01,1.03493E+00,3.34933E+01,3.34933E+01,3.34933E+01,5.62224E+00,1.11526E+01,3.34933E+01,3.34933E+01 
#t = 4.116E+03
3.34933E+01,3.34933E+01,3.34933E+01,3.34933E+01,3.34933E+01,3.34933E+01,3.34933E+01,3.34933E+01,3.34933E+01,3.34933E+01,3.34933E+01,3.34933E+01,3.34933E+01,3.34933E+01,3.34933E+01,3.34933E+01,3.34933E+01,3.34933E+01,3.34933E+01,3.34933E+01,3.34933E+01,3.34933E+01,9.39112E-02,3.34933E+01,4.92407E-01,3.34933E+01,1.05124E+01,4.90956E-01,3.34933E+01 
#t = 4.158E+03
3.34933E+01,3.34933E+01,3.34933E+01,3.34933E+01,3.34933E+01,3.34933E+01,3.34933E+01,3.34933E+01,3.34933E+01,3.34933E+01,1.51588E+01,3.34933E+01,3.34933E+01,3.34933E+01,3.34933E+01,3.34933E+01,3.34933E+01,3.34933E+01,3.34933E+01,3.34933E+01,1.51588E+01,7.89121E-01,3.34933E+01,1.98098E+00,3.34933E+01,3.34933E+01,3.34933E+01,3.34933E+01,3.34933E+01,3.34933E+01,3.34933E+01,3.34933E+01,3.34933E+01 
#t = 4.200E+03
3.34933E+01,3.34933E+01,3.34933E+01,3.34933E+01,3.34933E+01,3.34933E+01,3.34933E+01,1.51588E+01,3.34933E+01,3.34933E+01,3.34933E+01,3.34933E+01,3.34933E+01,3.34933E+01,3.34933E+01,3.34933E+01,3.34933E+01,3.34933E+01,3.71298E+01,3.34933E+01,3.34933E+01,3.34933E+01,3.34933E+01,3.34933E+01,3.34933E+01,3.34933E+01,3.34933E+01,3.34933E+01,3.34933E+01,3.71298E+01,3.34933E+01,3.39360E-01 
