#t = 0.000E+00
4.64673E+00,8.53347E-01,9.96626E-01,1.50988E+00,1.77926E+00 
#t = 4.200E+01
2.12027E+01,1.70043E+00 
#t = 8.400E+01
2.12027E+01,2.12027E+01,2.12027E+01,2.12027E+01,2.12027E+01,2.12027E+01,2.12027E+01,2.12027E+01,2.12027E+01,2.12027E+01,2.12027E+01,2.12027E+01,2.12027E+01,2.12027E+01,2.12027E+01,2.12027E+01,2.12027E+01,7.36562E-01 
#t = 1.260E+02
2.12027E+01,2.12027E+01,2.12027E+01,2.12027E+01,2.12027E+01,2.12027E+01,2.12027E+01,2.04226E+01,2.12027E+01,2.04226E+01,1.20295E+01,1.20295E+01,2.12027E+01,2.12027E+01,2.12027E+01,1.31626E+01,2.12027E+01,2.12027E+01,2.04226E+01,4.53037E+00,2.12027E+01,2.12027E+01,1.54354E+00,2.12027E+01,2.12027E+01,2.12027E+01 
#t = 1.680E+02
2.12027E+01,2.04226E+01,2.12027E+01,2.12027E+01,2.12027E+01,2.04226E+01,2.12027E+01,2.04226E+01,2.12027E+01,2.04226E+01,2.12027E+01,2.12027E+01,2.12027E+01,2.04226E+01,2.04226E+01,2.34121E+01,2.12027E+01,2.12027E+01,2.12027E+01,2.04226E+01,2.12027E+01 
#t = 2.100E+02
1.37902E+01,2.12027E+01,1.37902E+01,1.30980E+01,1.37902E+01,1.37902E+01,2.12027E+01,2.12027E+01,1.30980E+01,2.48676E-01,2.12027E+01,3.96193E-01 
#t = 2.520E+02
1.37902E+01,1.37902E+01,2.12027E+01,1.11060E+01,1.16923E+01,2.12027E+01,1.37902E+01,1.37902E+01,1.12827E+01,2.12027E+01,1.30632E+01,1.37902E+01,2.12027E+01,2.12027E+01,1.37902E+01,1.37902E+01,9.61283E-01,2.12027E+01,8.29483E+00,1.16923E+01,1.16923E+01,2.12027E+01,8.90971E-01,1.37902E+01 
#t = 2.940E+02
1.37902E+01,1.37902E+01,2.12027E+01,2.12027E+01,2.12027E+01,1.46434E+01,1.37902E+01,2.12027E+01,2.12027E+01,2.12027E+01,2.12027E+01,2.12027E+01,1.39559E+01,2.12027E+01,1.39833E+01,2.12027E+01,4.54825E+00,1.37902E+01,2.12027E+01,2.12027E+01,2.12027E+01,2.91484E-01,1.13853E+00 
#t = 3.360E+02
2.12027E+01,1.72018E+01,1.37902E+01,1.37902E+01,2.12027E+01,8.50447E+01,8.50447E+01,2.12027E+01,1.39833E+01,2.12027E+01,1.37902E+01,8.50447E+01,8.50447E+01,9.65877E+00,2.12027E+01,1.25765E+00,1.37902E+01,2.12027E+01,8.50447E+01 
#t = 3.780E+02
1.37902E+01,8.50447E+01,2.12027E+01,8.50447E+01,2.12027E+01,2.12027E+01,2.12027E+01,2.72757E+01,1.26020E+00,4.98893E-02,2.86620E-01 
#t = 4.200E+02
2.12027E+01,2.12027E+01,8.50447E+01,8.50447E+01,8.50447E+01,8.50447E+01,8.50447E+01,8.50447E+01,8.50447E+01,2.12027E+01,2.12027E+01,8.50447E+01,2.12027E+01,8.50447E+01,8.50447E+01,2.12027E+01,8.50447E+01,8.50447E+01,8.50447E+01,8.50447E+01,2.12027E+01,8.50447E+01,4.13341E+00,8.50447E+01,8.50447E+01,8.50447E+01,8.50447E+01,1.40816E-01,8.50447E+01,8.50447E+01,2.83749E-01 
#t = 4.620E+02
8.50447E+01,8.50447E+01,8.50447E+01,8.50447E+01,8.50447E+01,8.50447E+01,8.50447E+01,8.50447E+01,8.50447E+01,8.50447E+01,8.50447E+01,8.50447E+01,8.50447E+01,8.50447E+01,8.50447E+01,8.50447E+01,8.50447E+01,8.50447E+01,8.50447E+01,8.50447E+01,8.50447E+01,8.50447E+01,8.50447E+01,8.50447E+01,1.01946E+01,8.50447E+01,8.50447E+01,8.50447E+01,8.50447E+01,8.50447E+01,8.50447E+01,8.50447E+01,1.70951E+00,8.50447E+01,8.50447E+01,4.30861E+00,8.50447E+01,8.50447E+01,8.50447E+01,8.50447E+01,6.70608E+00 
#t = 5.040E+02
8.50447E+01,8.50447E+01,8.50447E+01,8.50447E+01,8.50447E+01,8.50447E+01,8.50447E+01,8.50447E+01,8.50447E+01,1.34966E+01,8.50447E+01,8.50447E+01,8.50447E+01,8.50447E+01,8.50447E+01,8.50447E+01,3.89992E+01,8.50447E+01,8.50447E+01,8.50447E+01,3.40987E+00,8.50447E+01,8.50447E+01,8.50447E+01,8.50447E+01,8.50447E+01,8.50447E+01,8.50447E+01,8.50447E+01,8.50447E+01,8.50447E+01,8.50447E+01,8.50447E+01,8.50447E+01,8.50447E+01,8.50447E+01,8.50447E+01,8.50447E+01,8.50447E+01 
#t = 5.460E+02
8.50447E+01,8.50447E+01,8.50447E+01,3.89992E+01,8.50447E+01,8.50447E+01,8.50447E+01,9.25667E+00,8.50447E+01,8.50447E+01,3.89992E+01,8.50447E+01,8.50447E+01,8.50447E+01,8.50447E+01,1.34966E+01,8.50447E+01,8.50447E+01,8.50447E+01,8.50447E+01,8.50447E+01,8.50447E+01,3.89992E+01,8.50447E+01,8.50447E+01,8.50447E+01,8.50447E+01,8.50447E+01,8.50447E+01,8.50447E+01,8.50447E+01,8.50447E+01,8.50447E+01,8.50447E+01,8.50447E+01,8.50447E+01,8.50447E+01,3.89992E+01,8.50447E+01 
#t = 5.880E+02
8.50447E+01,8.50447E+01,8.50447E+01,8.50447E+01,8.50447E+01,8.50447E+01,8.50447E+01,3.89992E+01,8.50447E+01,8.50447E+01,8.50447E+01,8.50447E+01,8.50447E+01,8.50447E+01,8.50447E+01,8.50447E+01,3.89992E+01,8.50447E+01,8.50447E+01,8.50447E+01,8.50447E+01,3.89992E+01,3.89992E+01,8.50447E+01,8.50447E+01,3.89992E+01,3.89992E+01,8.50447E+01,8.50447E+01,8.50447E+01,8.50447E+01,5.06462E+00,3.89992E+01,1.70511E+01,8.50447E+01,8.50447E+01,8.50447E+01,8.50447E+01,3.89992E+01,8.50447E+01,8.50447E+01,8.50447E+01,4.21206E+00,8.50447E+01,8.50447E+01,8.50447E+01,8.50447E+01,8.50447E+01 
#t = 6.300E+02
8.50447E+01,8.50447E+01,8.50447E+01,8.50447E+01,8.50447E+01,8.50447E+01,8.50447E+01,3.89992E+01,8.50447E+01,8.50447E+01,8.50447E+01,8.50447E+01,8.50447E+01,8.50447E+01,3.89992E+01,8.50447E+01,8.50447E+01,8.50447E+01,8.50447E+01,3.89992E+01,8.50447E+01,8.50447E+01,8.50447E+01,8.50447E+01,8.50447E+01,8.50447E+01,8.50447E+01,8.50447E+01,8.50447E+01,5.76280E+00,8.50447E+01,3.89992E+01,8.50447E+01,1.24031E+01,8.50447E+01,8.50447E+01,3.89992E+01,8.50447E+01,3.33931E+00,8.50447E+01,8.50447E+01,3.07447E+00,8.50447E+01,8.50447E+01,1.24031E+01,8.50447E+01,8.50447E+01,8.50447E+01 
#t = 6.720E+02
8.50447E+01,8.50447E+01,1.24031E+01,8.50447E+01,8.50447E+01,1.24031E+01,8.50447E+01,8.50447E+01,8.50447E+01,8.50447E+01,8.50447E+01,8.50447E+01,8.50447E+01,8.50447E+01,8.50447E+01,8.50447E+01,8.50447E+01,8.50447E+01,8.50447E+01,8.50447E+01,1.36461E+01,8.50447E+01,8.50447E+01,8.50447E+01,8.50447E+01,8.50447E+01,8.50447E+01,8.50447E+01,1.64248E+01,8.50447E+01,8.50447E+01,8.50447E+01,8.50447E+01,8.50447E+01,1.24031E+01,1.24031E+01,8.50447E+01,1.24031E+01,1.36461E+01,4.73567E-01,8.50447E+01,1.22570E+00,8.50447E+01,8.50447E+01,8.50447E+01,2.05408E+00,8.50447E+01,8.50447E+01 
#t = 7.140E+02
1.24031E+01,8.50447E+01,8.50447E+01,8.50447E+01,8.50447E+01,8.50447E+01,8.50447E+01,8.50447E+01,1.15667E+01,8.50447E+01,8.50447E+01,8.50447E+01,8.50447E+01,8.50447E+01,8.50447E+01,8.50447E+01,8.50447E+01,8.50447E+01,1.36461E+01,1.24031E+01,8.50447E+01,8.50447E+01,1.36461E+01,8.50447E+01,8.50447E+01,8.50447E+01,8.50447E+01,8.50447E+01,8.50447E+01,2.79451E-01,8.50447E+01,8.50447E+01,1.24031E+01,8.50447E+01,8.50447E+01 
#t = 7.560E+02
8.50447E+01,8.50447E+01,8.50447E+01,8.50447E+01,8.50447E+01,8.50447E+01,8.50447E+01,8.50447E+01,8.50447E+01,8.50447E+01,8.50447E+01,8.50447E+01,8.50447E+01,1.36461E+01,8.50447E+01,8.50447E+01,8.50447E+01,8.50447E+01,8.50447E+01,8.50447E+01,8.50447E+01,8.50447E+01,8.50447E+01,8.50447E+01,8.50447E+01,4.17690E-01,8.50447E+01,1.36461E+01,8.50447E+01,8.50447E+01,8.50447E+01,1.36461E+01,8.50447E+01,8.50447E+01,8.50447E+01,8.50447E+01,8.50447E+01,8.50447E+01,8.50447E+01,7.77944E-01,8.50447E+01,8.50447E+01,8.50447E+01,8.50447E+01 
#t = 7.980E+02
8.50447E+01,8.50447E+01,8.50447E+01,8.50447E+01,8.50447E+01,8.50447E+01,1.36461E+01,8.50447E+01,8.50447E+01,8.50447E+01,8.50447E+01,8.50447E+01,1.36461E+01,1.36461E+01,8.50447E+01,8.50447E+01,8.50447E+01,8.50447E+01,8.50447E+01,8.50447E+01,8.50447E+01,8.50447E+01,8.50447E+01,8.50447E+01,8.50447E+01,1.36461E+01,8.50447E+01,1.36461E+01,8.50447E+01,8.50447E+01,8.50447E+01,8.50447E+01,6.75390E+00,8.50447E+01,8.50447E+01,8.50447E+01,3.34972E-01,8.50447E+01,2.56436E-01,8.50447E+01,5.58135E-01,8.50447E+01,8.50447E+01,8.50447E+01,8.50447E+01,8.50447E+01,1.36461E+01 
#t = 8.400E+02
1.36461E+01,8.50447E+01,8.50447E+01,8.50447E+01,8.50447E+01,8.50447E+01,8.50447E+01,8.50447E+01,8.50447E+01,8.50447E+01,8.50447E+01,8.50447E+01,1.63796E+01,8.50447E+01,8.50447E+01,8.50447E+01,8.50447E+01,8.50447E+01,2.61720E+01,8.50447E+01,8.50447E+01,1.36461E+01,8.50447E+01,8.50447E+01,8.50447E+01,8.50447E+01,8.50447E+01,8.50447E+01,8.50447E+01,8.50447E+01,8.50447E+01,8.50447E+01,8.50447E+01,1.63796E+01,8.50447E+01,8.50447E+01,8.50447E+01,8.50447E+01,1.82537E+01,2.35793E+01,8.50447E+01,8.50447E+01,8.50447E+01,1.03996E+00,2.35793E+01,8.50447E+01,8.50447E+01,8.50447E+01,8.50447E+01,8.50447E+01,4.50570E-01,8.50447E+01 
#t = 8.820E+02
8.50447E+01,8.50447E+01,8.50447E+01,5.25087E+01,8.50447E+01,8.50447E+01,8.50447E+01,8.50447E+01,8.50447E+01,8.50447E+01,8.50447E+01,8.50447E+01,8.50447E+01,1.16266E+01,8.50447E+01,8.50447E+01,1.26607E+01,8.50447E+01,8.50447E+01,8.50447E+01,1.63796E+01,8.50447E+01,8.50447E+01,8.50447E+01,8.50447E+01,8.50447E+01,8.50447E+01,8.50447E+01,8.50447E+01,8.50447E+01,8.50447E+01,5.25087E+01,8.50447E+01,8.50447E+01,8.50447E+01,8.50447E+01,8.50447E+01,8.50447E+01,8.50447E+01,8.50447E+01,8.50447E+01,8.50447E+01,1.06048E+00,8.50447E+01,3.83575E-01,8.50447E+01,1.85673E+00,8.50447E+01,8.50447E+01 
#t = 9.240E+02
1.26607E+01,8.50447E+01,5.25087E+01,8.50447E+01,8.50447E+01,8.50447E+01,8.50447E+01,8.50447E+01,8.50447E+01,8.50447E+01,8.50447E+01,8.50447E+01,8.50447E+01,5.25087E+01,8.50447E+01,8.50447E+01,8.50447E+01,8.50447E+01,8.50447E+01,8.50447E+01,8.50447E+01,8.50447E+01,1.26607E+01,5.25087E+01,8.50447E+01,8.50447E+01,8.50447E+01,5.25087E+01,8.50447E+01,8.50447E+01,5.25087E+01,5.25087E+01,8.50447E+01,8.50447E+01,8.50447E+01,8.50447E+01,8.50447E+01,8.50447E+01,8.50447E+01,8.50447E+01,8.50447E+01,1.08156E+00,8.50447E+01,8.50447E+01,8.50447E+01 
#t = 9.660E+02
8.50447E+01,8.50447E+01,8.50447E+01,8.50447E+01,8.50447E+01,8.50447E+01,8.50447E+01,8.50447E+01,8.50447E+01,8.50447E+01,8.50447E+01,8.50447E+01,8.50447E+01,8.50447E+01,8.50447E+01,8.50447E+01,8.50447E+01,8.50447E+01,8.50447E+01,8.50447E+01,8.50447E+01,8.50447E+01,8.50447E+01,8.50447E+01,1.95433E+01,8.50447E+01,8.50447E+01,8.50447E+01,8.50447E+01,8.50447E+01,3.00522E-01,8.50447E+01,2.72978E+01,2.72978E+01,8.50447E+01,7.31578E-01,8.50447E+01,8.50447E+01,8.50447E+01,8.50447E+01,8.50447E+01,8.50447E+01,8.50447E+01 
#t = 1.008E+03
8.50447E+01,8.50447E+01,2.72978E+01,8.50447E+01,8.50447E+01,8.50447E+01,8.50447E+01,8.50447E+01,8.50447E+01,8.50447E+01,8.50447E+01,8.50447E+01,8.50447E+01,8.50447E+01,8.50447E+01,8.50447E+01,8.50447E+01,8.50447E+01,8.50447E+01,8.50447E+01,8.50447E+01,8.50447E+01,8.50447E+01,8.50447E+01,8.50447E+01,8.50447E+01,8.50447E+01,8.50447E+01,8.50447E+01,8.50447E+01,8.50447E+01,8.50447E+01,8.50447E+01,8.50447E+01,1.30707E+01,8.50447E+01,8.50447E+01,8.50447E+01,8.50447E+01,8.50447E+01,5.54929E+00,8.50447E+01,8.50447E+01,8.50447E+01,7.69244E-01,8.50447E+01,8.10407E-01,8.50447E+01,1.30707E+01,8.50447E+01 
#t = 1.050E+03
8.50447E+01,8.50447E+01,8.50447E+01,1.30707E+01,8.50447E+01,8.50447E+01,8.50447E+01,8.50447E+01,8.50447E+01,8.50447E+01,8.50447E+01,8.50447E+01,8.50447E+01,8.50447E+01,1.30707E+01,8.50447E+01,8.50447E+01,8.50447E+01,8.50447E+01,8.50447E+01,8.50447E+01,8.50447E+01,8.50447E+01,1.30707E+01,8.50447E+01,8.50447E+01,8.50447E+01,8.50447E+01,8.50447E+01,8.50447E+01,8.50447E+01,8.50447E+01,8.50447E+01,8.50447E+01,8.50447E+01,8.40771E+00,8.50447E+01,8.50447E+01,8.50447E+01,8.50447E+01,1.30707E+01,8.50447E+01,8.50447E+01,8.50447E+01,8.50447E+01,8.50447E+01,1.05333E+00,8.50447E+01,1.59719E+01 
#t = 1.092E+03
8.50447E+01,8.50447E+01,8.50447E+01,8.50447E+01,1.30707E+01,8.50447E+01,8.50447E+01,1.30707E+01,8.50447E+01,8.50447E+01,8.50447E+01,9.75675E+00,8.50447E+01,8.50447E+01,8.50447E+01,8.50447E+01,8.50447E+01,8.50447E+01,8.50447E+01,8.50447E+01,8.50447E+01,8.50447E+01,8.50447E+01,8.50447E+01,8.50447E+01,8.50447E+01,8.50447E+01,8.50447E+01,8.50447E+01,8.50447E+01,8.50447E+01,1.30707E+01,8.50447E+01,8.50447E+01,8.50447E+01,8.26181E+00,8.50447E+01 
#t = 1.134E+03
8.50447E+01,1.30707E+01,8.50447E+01,8.50447E+01,8.50447E+01,8.50447E+01,8.50447E+01,8.50447E+01,8.50447E+01,8.50447E+01,8.50447E+01,1.30707E+01,8.50447E+01,8.50447E+01,8.50447E+01,8.50447E+01,8.50447E+01,8.50447E+01,8.50447E+01,8.50447E+01,8.50447E+01,8.50447E+01,8.50447E+01,8.50447E+01,8.50447E+01,8.50447E+01,8.50447E+01,8.50447E+01,8.50447E+01,8.50447E+01,8.50447E+01,8.50447E+01,8.50447E+01,8.50447E+01,8.50447E+01,8.50447E+01,8.50447E+01,8.50447E+01,8.50447E+01 
#t = 1.176E+03
8.50447E+01,8.50447E+01,8.50447E+01,8.50447E+01,8.50447E+01,8.50447E+01,1.30707E+01,8.50447E+01,8.50447E+01,8.50447E+01,8.50447E+01,8.50447E+01,8.50447E+01,1.30707E+01,8.50447E+01,1.30707E+01,8.50447E+01,8.50447E+01,8.50447E+01,1.30707E+01,8.50447E+01,1.30707E+01,8.50447E+01,1.30707E+01,1.30707E+01,1.30707E+01,8.50447E+01,8.50447E+01,1.30707E+01,8.50447E+01,8.50447E+01,8.50447E+01,8.50447E+01,1.30707E+01,4.88934E+00,1.30707E+01,8.50447E+01,8.50447E+01 
#t = 1.218E+03
1.30707E+01,8.50447E+01,1.30707E+01,8.50447E+01,8.50447E+01,1.30707E+01,1.30707E+01,1.30707E+01,1.30707E+01,1.30707E+01,8.50447E+01,8.50447E+01,8.50447E+01,1.30707E+01,1.30707E+01,1.30707E+01,8.50447E+01,1.30707E+01,1.30707E+01,8.50447E+01,1.30707E+01,1.64573E+01,8.50447E+01,8.50447E+01,1.30707E+01,8.50447E+01,8.50447E+01,8.50447E+01,8.50447E+01,8.29761E+01,8.50447E+01,8.50447E+01,1.30707E+01,1.30707E+01,8.50447E+01,1.30707E+01,1.30707E+01,1.30707E+01,8.50447E+01,8.50447E+01,8.50447E+01,1.30707E+01,1.30707E+01,1.30707E+01,1.30707E+01,8.50447E+01,1.30707E+01,8.50447E+01,8.50447E+01 
#t = 1.260E+03
1.30707E+01,8.50447E+01,8.50447E+01,8.50447E+01,1.30707E+01,8.50447E+01,1.30707E+01,1.30707E+01,8.50447E+01,8.50447E+01,8.50447E+01,1.30707E+01,1.30707E+01,8.50447E+01,8.50447E+01,8.50447E+01,1.30707E+01,8.50447E+01,1.30707E+01,1.30707E+01,3.10472E+01,8.50447E+01,8.50447E+01,8.50447E+01,8.50447E+01,8.50447E+01,8.50447E+01,8.50447E+01,1.30707E+01,8.50447E+01,8.50447E+01,8.50447E+01,1.30707E+01,2.79947E-01,1.30707E+01,8.50447E+01,1.30707E+01,8.50447E+01,8.50447E+01,8.50447E+01,8.50447E+01 
#t = 1.302E+03
8.50447E+01,8.50447E+01,8.50447E+01,1.30707E+01,8.50447E+01,8.50447E+01,8.50447E+01,8.50447E+01,8.50447E+01,1.30707E+01,8.50447E+01,8.50447E+01,8.50447E+01,8.50447E+01,8.50447E+01,8.50447E+01,8.50447E+01,8.50447E+01,8.50447E+01,1.30707E+01,8.50447E+01,8.78827E+00,8.50447E+01,8.50447E+01,8.50447E+01,8.50447E+01,3.03419E+01,8.50447E+01,8.50447E+01,8.50447E+01,1.30707E+01,8.50447E+01,8.50447E+01,8.50447E+01,1.26714E+01,8.50447E+01,1.30707E+01,8.50447E+01,8.50447E+01,8.50447E+01,8.50447E+01,8.50447E+01,2.76268E+00,6.47648E+00,1.13525E-01,8.50447E+01,8.50447E+01 
#t = 1.344E+03
8.50447E+01,8.50447E+01,8.50447E+01,8.50447E+01,8.50447E+01,8.50447E+01,8.50447E+01,8.50447E+01,8.50447E+01,8.50447E+01,3.03419E+01,8.50447E+01,8.50447E+01,8.50447E+01,8.50447E+01,8.50447E+01,8.50447E+01,8.50447E+01,8.50447E+01,8.50447E+01,3.03419E+01,8.50447E+01,8.50447E+01,8.50447E+01,1.30707E+01,8.50447E+01,8.50447E+01,8.50447E+01,8.50447E+01,8.50447E+01,8.50447E+01,8.50447E+01,3.03419E+01,3.03419E+01,3.03419E+01,6.50073E+00,8.50447E+01,8.50447E+01 
#t = 1.386E+03
8.50447E+01,8.50447E+01,8.50447E+01,8.50447E+01,8.50447E+01,3.03419E+01,3.03419E+01,8.50447E+01,8.50447E+01,8.50447E+01,8.50447E+01,8.50447E+01,8.50447E+01,3.03419E+01,8.50447E+01,8.50447E+01,8.50447E+01,8.50447E+01,3.03419E+01,8.50447E+01,8.50447E+01,8.50447E+01,5.38675E+01,8.50447E+01,8.50447E+01,8.50447E+01,8.50447E+01,8.50447E+01,8.50447E+01,8.50447E+01,1.13427E+01,8.50447E+01,8.50447E+01,5.01490E-01,3.03419E+01,8.50447E+01,8.50447E+01,8.50447E+01,8.50447E+01,8.50447E+01,8.50447E+01,7.69836E-01,8.50447E+01,3.03419E+01,1.13427E+01 
#t = 1.428E+03
8.50447E+01,8.50447E+01,8.50447E+01,8.50447E+01,3.03419E+01,8.50447E+01,3.03419E+01,3.03419E+01,8.50447E+01,8.50447E+01,8.50447E+01,8.50447E+01,1.66587E+01,3.03419E+01,8.50447E+01,8.50447E+01,3.03419E+01,8.50447E+01,8.50447E+01,8.50447E+01,8.50447E+01,8.50447E+01,8.50447E+01,8.50447E+01,3.03419E+01,3.03419E+01,3.03419E+01,1.66587E+01,8.50447E+01,8.50447E+01,8.50447E+01,2.28219E+01,8.50447E+01 
#t = 1.470E+03
3.03419E+01,3.03419E+01,8.50447E+01,8.50447E+01,9.65521E+00,8.50447E+01,1.66587E+01,8.50447E+01,8.50447E+01,8.50447E+01,3.03419E+01,1.66587E+01,8.50447E+01,8.50447E+01,3.03419E+01,8.50447E+01,3.03419E+01,8.50447E+01,3.03419E+01,8.50447E+01,8.95216E+00,8.50447E+01,8.50447E+01,3.03419E+01,8.50447E+01,8.50447E+01,8.50447E+01,8.50447E+01,8.50447E+01,3.03419E+01,8.50447E+01,8.50447E+01,8.50447E+01,8.50447E+01,3.03419E+01,3.03419E+01,8.50447E+01,1.66587E+01,8.50447E+01,8.50447E+01,8.50447E+01,8.50447E+01,8.50447E+01,7.50645E-01 
#t = 1.512E+03
1.66587E+01,8.50447E+01,8.50447E+01,3.03419E+01,8.50447E+01,3.03419E+01,2.72191E+01,8.50447E+01,8.50447E+01,8.50447E+01,3.03419E+01,8.50447E+01,3.03419E+01,8.50447E+01,3.03419E+01,8.50447E+01,8.50447E+01,8.50447E+01,8.50447E+01,8.50447E+01,8.50447E+01,8.50447E+01,8.50447E+01,8.50447E+01,8.50447E+01,8.50447E+01,8.50447E+01,8.50447E+01,8.50447E+01,3.03419E+01,8.50447E+01,8.50447E+01,8.50447E+01,8.50447E+01,8.50447E+01,8.50447E+01,8.50447E+01,8.50447E+01,8.50447E+01,8.50447E+01,2.33616E+00,3.03419E+01 
#t = 1.554E+03
8.50447E+01,8.50447E+01,3.03419E+01,8.50447E+01,8.50447E+01,8.50447E+01,6.40110E+01,2.72191E+01,8.50447E+01,8.50447E+01,8.50447E+01,8.50447E+01,8.50447E+01,1.40919E+01,8.50447E+01,8.50447E+01,8.50447E+01,8.50447E+01,6.40110E+01,2.72191E+01,8.50447E+01,1.40919E+01,8.50447E+01,8.50447E+01,8.50447E+01,8.50447E+01,8.50447E+01,8.50447E+01,6.40110E+01,8.50447E+01,8.50447E+01,1.40919E+01,8.50447E+01,8.50447E+01,7.36552E-01,8.50447E+01,8.50447E+01 
#t = 1.596E+03
3.03419E+01,8.50447E+01,8.50447E+01,8.50447E+01,1.40919E+01,8.50447E+01,2.72191E+01,8.50447E+01,8.50447E+01,8.50447E+01,3.03419E+01,8.50447E+01,8.50447E+01,8.50447E+01,2.72191E+01,3.03419E+01,8.50447E+01,2.72191E+01,8.50447E+01,8.50447E+01,2.72191E+01,8.50447E+01,8.50447E+01,2.72191E+01,8.50447E+01,2.43654E+01,8.50447E+01,8.50447E+01,8.50447E+01,8.50447E+01,8.50447E+01,1.40919E+01,8.50447E+01,1.40919E+01,1.40919E+01,8.50447E+01,6.43261E+00,2.00797E+01,1.07749E+01,8.50447E+01 
#t = 1.638E+03
8.50447E+01,8.50447E+01,8.50447E+01,8.50447E+01,2.72191E+01,8.50447E+01,8.50447E+01,8.50447E+01,1.60320E+01,1.40919E+01,8.50447E+01,8.50447E+01,2.00797E+01,8.50447E+01,8.50447E+01,8.50447E+01,8.50447E+01,8.50447E+01,8.50447E+01,8.50447E+01,8.50447E+01,8.50447E+01,8.50447E+01,8.50447E+01,8.50447E+01,8.50447E+01,2.72191E+01,8.50447E+01,8.50447E+01,8.50447E+01,8.50447E+01,8.50447E+01,8.50447E+01,8.50447E+01,8.50447E+01,8.50447E+01,5.47988E+00,8.50447E+01,8.50447E+01,8.50447E+01,8.50447E+01,8.50447E+01,8.50447E+01,1.60320E+01,6.21530E-01,8.50447E+01,1.36963E-01 
#t = 1.680E+03
8.50447E+01,8.50447E+01,8.50447E+01,1.60320E+01,8.50447E+01,8.50447E+01,2.00797E+01,2.00797E+01,8.50447E+01,8.50447E+01,8.50447E+01,8.50447E+01,8.50447E+01,8.50447E+01,2.00797E+01,8.50447E+01,8.50447E+01,8.50447E+01,8.50447E+01,2.72191E+01,2.72191E+01,2.00797E+01,8.50447E+01,8.50447E+01,8.50447E+01,8.50447E+01,8.50447E+01,8.50447E+01,8.50447E+01,2.72191E+01,8.50447E+01,8.50447E+01,2.72191E+01,8.50447E+01,8.50447E+01,8.50447E+01,2.00797E+01,8.50447E+01,8.50447E+01,8.50447E+01,2.00797E+01,8.50447E+01,2.72191E+01,8.50447E+01,7.86909E-01,8.50447E+01,1.13231E+01,8.50447E+01,8.50447E+01,8.50447E+01,2.00797E+01,8.50447E+01,2.75549E-01,2.39451E-01 
#t = 1.722E+03
8.50447E+01,8.50447E+01,8.50447E+01,8.50447E+01,8.50447E+01,8.50447E+01,8.50447E+01,8.50447E+01,8.50447E+01,8.50447E+01,8.50447E+01,8.50447E+01,8.50447E+01,8.50447E+01,2.72191E+01,8.50447E+01,8.50447E+01,8.50447E+01,8.50447E+01,2.72191E+01,8.50447E+01,8.50447E+01,8.50447E+01,8.50447E+01,2.72191E+01,8.50447E+01,8.50447E+01,8.50447E+01,8.50447E+01,8.50447E+01,8.50447E+01,8.50447E+01,8.50447E+01,8.50447E+01,8.50447E+01,8.50447E+01,8.50447E+01,8.50447E+01,8.50447E+01,8.50447E+01 
#t = 1.764E+03
8.50447E+01,2.72191E+01,8.50447E+01,8.50447E+01,2.72191E+01,8.50447E+01,8.50447E+01,8.50447E+01,8.50447E+01,8.50447E+01,8.50447E+01,8.50447E+01,8.50447E+01,8.50447E+01,8.50447E+01,8.50447E+01,2.72191E+01,8.50447E+01,8.50447E+01,8.50447E+01,8.50447E+01,2.72191E+01,8.50447E+01,5.78109E+01,5.78109E+01,8.88104E-01,8.50447E+01,8.50447E+01,8.50447E+01,8.50447E+01,8.50447E+01,8.50447E+01,1.30868E+01,5.54020E+00,1.70117E+00,8.50447E+01 
#t = 1.806E+03
8.50447E+01,8.50447E+01,8.50447E+01,8.50447E+01,8.50447E+01,8.50447E+01,8.50447E+01,8.50447E+01,8.50447E+01,8.50447E+01,8.50447E+01,8.50447E+01,8.50447E+01,8.50447E+01,8.50447E+01,8.50447E+01,8.50447E+01,8.50447E+01,8.50447E+01,8.50447E+01,8.50447E+01,8.50447E+01,8.50447E+01,8.50447E+01,8.50447E+01,8.50447E+01,8.50447E+01,8.50447E+01,8.50447E+01,8.50447E+01,8.50447E+01,8.50447E+01,8.50447E+01,8.50447E+01,8.50447E+01,1.56544E+00,8.50447E+01,8.50447E+01,8.50447E+01,8.50447E+01,8.50447E+01,8.50447E+01,8.50447E+01,2.47621E-02,6.95904E-01,8.50447E+01 
#t = 1.848E+03
8.50447E+01,8.50447E+01,8.50447E+01,8.50447E+01,8.50447E+01,8.50447E+01,8.50447E+01,8.50447E+01,8.50447E+01,8.50447E+01,8.50447E+01,8.50447E+01,8.50447E+01,8.50447E+01,8.50447E+01,8.50447E+01,8.50447E+01,8.50447E+01,8.50447E+01,8.50447E+01,8.50447E+01,8.50447E+01,8.50447E+01,8.50447E+01,8.50447E+01,8.50447E+01,8.50447E+01,8.50447E+01,8.50447E+01,8.50447E+01,8.50447E+01,8.50447E+01,8.50447E+01,8.50447E+01,3.53361E-01,8.50447E+01,8.50447E+01,8.50447E+01,8.34516E-01,7.87074E+00 
#t = 1.890E+03
8.50447E+01,8.50447E+01,8.50447E+01,8.50447E+01,8.50447E+01,8.50447E+01,8.50447E+01,8.50447E+01,8.50447E+01,8.50447E+01,8.50447E+01,8.50447E+01,8.50447E+01,8.50447E+01,8.50447E+01,8.50447E+01,8.50447E+01,8.50447E+01,8.50447E+01,8.50447E+01,8.50447E+01,8.50447E+01,8.50447E+01,8.50447E+01,8.50447E+01,4.80186E+00,8.50447E+01,2.57421E+00,8.50447E+01,8.50447E+01,8.50447E+01,8.50447E+01,8.50447E+01,8.50447E+01,8.50447E+01,1.55938E+00,8.50447E+01,1.23513E+00,8.50447E+01 
#t = 1.932E+03
8.50447E+01,8.50447E+01,8.50447E+01,8.50447E+01,8.50447E+01,8.50447E+01,8.50447E+01,8.50447E+01,8.50447E+01,8.50447E+01,8.50447E+01,8.50447E+01,8.50447E+01,8.50447E+01,8.50447E+01,8.50447E+01,1.01302E+01,8.50447E+01,8.50447E+01,8.50447E+01,8.50447E+01,8.50447E+01,1.60798E-01,8.50447E+01,3.29310E+00,8.50447E+01,8.50447E+01,8.50447E+01,8.50447E+01,8.50447E+01,2.16344E+00,8.50447E+01,8.50447E+01,7.66491E+00,8.50447E+01,1.24064E+00,8.50447E+01,1.61454E+01 
#t = 1.974E+03
8.50447E+01,8.50447E+01,8.50447E+01,8.50447E+01,8.50447E+01,1.61454E+01,8.50447E+01,8.50447E+01,8.50447E+01,8.50447E+01,8.50447E+01,8.50447E+01,6.56031E+00,1.61454E+01,8.50447E+01,8.50447E+01,8.50447E+01,8.50447E+01,8.50447E+01,8.50447E+01,8.50447E+01,1.61454E+01,8.50447E+01,8.50447E+01,8.50447E+01,8.50447E+01,8.50447E+01,8.50447E+01,8.50447E+01,8.50447E+01,8.50447E+01,8.50447E+01,4.56161E+01,8.50447E+01,8.50447E+01,8.50447E+01,8.50447E+01,1.61454E+01,8.50447E+01,8.50447E+01,8.50447E+01,4.56161E+01,8.50447E+01,2.81750E-01,1.61454E+01 
#t = 2.016E+03
1.61454E+01,8.50447E+01,8.50447E+01,8.50447E+01,8.50447E+01,1.30865E+01,8.50447E+01,8.50447E+01,8.50447E+01,8.50447E+01,8.50447E+01,8.50447E+01,8.50447E+01,8.50447E+01,1.30865E+01,8.50447E+01,8.50447E+01,8.50447E+01,8.50447E+01,2.13073E+00,1.61454E+01,8.50447E+01,8.50447E+01,8.50447E+01,8.50447E+01,8.50447E+01,2.50995E-01,8.50447E+01,8.50447E+01,8.50447E+01,8.50447E+01 
#t = 2.058E+03
8.50447E+01,8.50447E+01,8.50447E+01,8.50447E+01,8.50447E+01,8.50447E+01,8.50447E+01,8.50447E+01,8.50447E+01,8.50447E+01,8.50447E+01,8.50447E+01,8.50447E+01,8.50447E+01,8.50447E+01,8.50447E+01,8.50447E+01,8.50447E+01,8.50447E+01,8.50447E+01,1.11389E+01,8.50447E+01,8.50447E+01,8.50447E+01,8.50447E+01,8.50447E+01,8.50447E+01,8.50447E+01,8.50447E+01,8.50447E+01,8.50447E+01,8.50447E+01,8.50447E+01,1.49010E-01,8.50447E+01,1.56792E+00,8.50447E+01,8.50447E+01,8.50447E+01,8.50447E+01,8.50447E+01 
#t = 2.100E+03
8.50447E+01,8.50447E+01,8.50447E+01,8.50447E+01,8.50447E+01,8.50447E+01,1.96157E+01,8.50447E+01,8.50447E+01,8.50447E+01,8.50447E+01,2.78862E+01,8.50447E+01,8.50447E+01,8.50447E+01,8.50447E+01,8.50447E+01,8.50447E+01,8.50447E+01,8.50447E+01,8.50447E+01,8.50447E+01,8.50447E+01,8.50447E+01,8.50447E+01,8.50447E+01,8.50447E+01,8.50447E+01,8.50447E+01,8.50447E+01,8.50447E+01,8.50447E+01,8.50447E+01,8.50447E+01,1.96157E+01,8.50447E+01,8.50447E+01,8.50447E+01,8.50447E+01 
#t = 2.142E+03
8.50447E+01,8.50447E+01,8.50447E+01,8.50447E+01,8.50447E+01,8.50447E+01,8.50447E+01,8.50447E+01,8.50447E+01,8.50447E+01,8.50447E+01,8.50447E+01,8.50447E+01,8.50447E+01,8.50447E+01,8.50447E+01,8.50447E+01,8.50447E+01,8.50447E+01,8.50447E+01,8.50447E+01,8.50447E+01,8.50447E+01,8.50447E+01,8.50447E+01,9.35634E+00,8.50447E+01,8.50447E+01,8.50447E+01,8.50447E+01,8.50447E+01,8.50447E+01,8.50447E+01,8.50447E+01,8.50447E+01,8.50447E+01,8.50447E+01,8.50447E+01,8.50447E+01,8.50447E+01,8.50447E+01,8.50447E+01,8.50447E+01,8.50447E+01,8.50447E+01,8.50447E+01,8.50447E+01,8.50447E+01,8.50447E+01,8.50447E+01,8.50447E+01,2.98234E+00,8.50447E+01,8.50447E+01 
#t = 2.184E+03
8.50447E+01,9.05032E+00,8.50447E+01,8.50447E+01,8.50447E+01,8.50447E+01,8.50447E+01,8.50447E+01,1.18671E+01,8.50447E+01,8.50447E+01,8.50447E+01,8.50447E+01,1.19564E+01,8.50447E+01,8.50447E+01,8.50447E+01,8.50447E+01,8.50447E+01,8.50447E+01,8.50447E+01,8.50447E+01,8.50447E+01,8.50447E+01,8.50447E+01,8.50447E+01,8.50447E+01,9.49983E-01,8.50447E+01,8.50447E+01,8.50447E+01,8.50447E+01,1.18671E+01,8.50447E+01,8.50447E+01,8.50447E+01,1.18671E+01,6.14019E+00,8.50447E+01,8.50447E+01,8.50447E+01 
#t = 2.226E+03
8.50447E+01,8.50447E+01,8.50447E+01,8.50447E+01,8.50447E+01,6.21345E+01,8.50447E+01,8.50447E+01,8.50447E+01,6.21345E+01,8.50447E+01,8.50447E+01,8.50447E+01,8.50447E+01,1.31521E+01,8.50447E+01,8.50447E+01,8.50447E+01,8.50447E+01,8.50447E+01,8.50447E+01,8.50447E+01,8.50447E+01,6.21345E+01,8.50447E+01,8.50447E+01,8.50447E+01,8.50447E+01,8.50447E+01,8.50447E+01,8.50447E+01,6.21345E+01,8.50447E+01,8.50447E+01,8.50447E+01,6.21345E+01,8.50447E+01,8.50447E+01 
#t = 2.268E+03
6.21345E+01,8.50447E+01,8.50447E+01,8.50447E+01,6.21345E+01,8.50447E+01,8.50447E+01,8.50447E+01,8.50447E+01,8.50447E+01,8.50447E+01,8.50447E+01,8.50447E+01,8.50447E+01,8.50447E+01,8.50447E+01,8.50447E+01,8.50447E+01,6.21345E+01,8.50447E+01,6.21345E+01,6.21345E+01,8.50447E+01,8.50447E+01,8.50447E+01,8.50447E+01,8.50447E+01,8.50447E+01,8.50447E+01,8.50447E+01,7.78233E+00,8.50447E+01,1.59504E+01,8.50447E+01,8.50447E+01,8.50447E+01,8.50447E+01,8.50447E+01,8.50447E+01,8.50447E+01,8.50447E+01,8.50447E+01,6.21345E+01,8.50447E+01,8.50447E+01,8.50447E+01,2.29691E+01,6.21345E+01,8.50447E+01,1.18665E+00,8.50447E+01,5.71860E-02 
#t = 2.310E+03
8.50447E+01,6.21345E+01,8.50447E+01,8.50447E+01,8.50447E+01,6.21345E+01,8.50447E+01,6.21345E+01,6.21345E+01,4.65305E+01,8.50447E+01,8.50447E+01,8.50447E+01,6.21345E+01,8.50447E+01,8.50447E+01,8.50447E+01,8.50447E+01,6.21345E+01,8.50447E+01,8.50447E+01,8.50447E+01,8.50447E+01,8.50447E+01,6.21345E+01,8.50447E+01,6.21345E+01,8.50447E+01,8.50447E+01,5.76378E-01,8.50447E+01,8.50447E+01,2.89232E+00 
#t = 2.352E+03
8.50447E+01,8.50447E+01,8.50447E+01,6.21345E+01,8.50447E+01,6.21345E+01,8.50447E+01,8.50447E+01,6.21345E+01,8.50447E+01,5.51423E+01,6.21345E+01,6.21345E+01,5.51423E+01,8.50447E+01,8.50447E+01,8.50447E+01,6.21345E+01,8.50447E+01,8.50447E+01,8.50447E+01,8.50447E+01,6.21345E+01,8.50447E+01,8.50447E+01,6.21345E+01,8.50447E+01,8.50447E+01,8.50447E+01,8.50447E+01,8.50447E+01,8.50447E+01,8.50447E+01,8.50447E+01,8.50447E+01,8.50447E+01,8.50447E+01 
#t = 2.394E+03
6.21345E+01,8.50447E+01,8.50447E+01,5.51423E+01,8.50447E+01,8.50447E+01,6.21345E+01,8.50447E+01,8.50447E+01,8.50447E+01,8.50447E+01,8.50447E+01,8.50447E+01,1.47882E+01,8.50447E+01,6.21345E+01,8.50447E+01,7.60315E+00,8.50447E+01,8.50447E+01,8.50447E+01,8.50447E+01,8.50447E+01,8.50447E+01,8.50447E+01,8.50447E+01,8.50447E+01,8.50447E+01,5.48556E+00,8.50447E+01,8.50447E+01,8.50447E+01,8.50447E+01,3.46633E+00,8.50447E+01,8.50447E+01,6.21345E+01,8.50447E+01,5.56627E-01,8.50447E+01,6.21345E+01,5.51423E+01,8.50447E+01,5.51423E+01 
#t = 2.436E+03
6.21345E+01,8.50447E+01,8.50447E+01,8.50447E+01,8.50447E+01,8.50447E+01,8.50447E+01,8.50447E+01,8.50447E+01,8.50447E+01,6.21345E+01,8.50447E+01,8.50447E+01,8.50447E+01,8.50447E+01,2.04916E+01,8.50447E+01,8.50447E+01,8.50447E+01,8.50447E+01,8.50447E+01,8.50447E+01,6.21345E+01,5.51423E+01,6.21345E+01,8.50447E+01,8.50447E+01,2.08393E+01,8.50447E+01,6.21345E+01,1.70225E+01,2.04916E+01,5.51423E+01,8.50447E+01,8.50447E+01,8.50447E+01,8.50447E+01,8.50447E+01,5.51423E+01,8.50447E+01,6.21345E+01,8.50447E+01,8.50447E+01,2.73675E+00 
#t = 2.478E+03
8.50447E+01,8.50447E+01,8.50447E+01,8.50447E+01,1.70225E+01,6.21345E+01,8.50447E+01,8.50447E+01,8.50447E+01,8.50447E+01,8.50447E+01,6.21345E+01,8.50447E+01,8.50447E+01,8.50447E+01,8.50447E+01,8.50447E+01,8.50447E+01,8.50447E+01,8.50447E+01,8.50447E+01,8.50447E+01,8.50447E+01,7.45367E+00,8.50447E+01,8.50447E+01,6.21345E+01,8.50447E+01,8.50447E+01,6.21345E+01,8.50447E+01,8.50447E+01,8.50447E+01,8.50447E+01,8.50447E+01,8.50447E+01,8.50447E+01,8.50447E+01,8.50447E+01,6.21345E+01,1.70225E+01,8.50447E+01,8.50447E+01,1.78506E+00,8.50447E+01 
#t = 2.520E+03
8.50447E+01,8.50447E+01,8.50447E+01,8.50447E+01,8.50447E+01,8.50447E+01,8.50447E+01,6.21345E+01,8.50447E+01,8.50447E+01,8.50447E+01,8.50447E+01,8.50447E+01,8.50447E+01,8.50447E+01,8.50447E+01,8.50447E+01,8.50447E+01,8.50447E+01,6.21345E+01,8.50447E+01,8.50447E+01,8.50447E+01,8.50447E+01,8.50447E+01,8.50447E+01,8.50447E+01,8.50447E+01,8.50447E+01,8.50447E+01,8.50447E+01,8.50447E+01,8.50447E+01,6.21345E+01,1.31282E+01,8.50447E+01,5.80261E+00,8.50447E+01,8.50447E+01 
#t = 2.562E+03
8.50447E+01,8.50447E+01,8.50447E+01,8.50447E+01,8.50447E+01,8.50447E+01,8.50447E+01,6.21345E+01,6.21345E+01,8.50447E+01,8.50447E+01,8.50447E+01,8.50447E+01,6.21345E+01,8.50447E+01,8.50447E+01,8.50447E+01,8.50447E+01,6.21345E+01,8.50447E+01,8.50447E+01,8.50447E+01,8.50447E+01,8.50447E+01,8.50447E+01,8.50447E+01,8.50447E+01,8.50447E+01,8.50447E+01,8.50447E+01,8.50447E+01,6.21345E+01,8.50447E+01,8.50447E+01,8.50447E+01,2.75836E-01,8.50447E+01,8.50447E+01,8.50447E+01,8.50447E+01,8.50447E+01,1.09079E+00,8.50447E+01,8.50447E+01,8.50447E+01,5.05764E-01,8.50447E+01 
#t = 2.604E+03
8.50447E+01,8.50447E+01,6.21345E+01,8.50447E+01,8.50447E+01,8.50447E+01,8.50447E+01,8.50447E+01,6.21345E+01,8.50447E+01,8.50447E+01,1.36489E+01,8.50447E+01,8.50447E+01,8.50447E+01,6.21345E+01,8.50447E+01,6.21345E+01,8.50447E+01,8.50447E+01,1.53364E+01,8.50447E+01,8.50447E+01,8.50447E+01,8.50447E+01,8.50447E+01,8.50447E+01,8.50447E+01,9.44591E-01,8.50447E+01,8.50447E+01,8.50447E+01,5.73591E+00,8.50447E+01,4.48495E+00,8.50447E+01,6.21345E+01,8.50447E+01,8.50447E+01,8.50447E+01,8.50447E+01,8.50447E+01,8.50447E+01,6.21345E+01,6.21345E+01,5.59714E-02,6.21345E+01 
#t = 2.646E+03
8.50447E+01,6.21345E+01,8.50447E+01,8.50447E+01,8.50447E+01,8.50447E+01,8.50447E+01,8.50447E+01,8.50447E+01,8.50447E+01,6.21345E+01,8.50447E+01,8.50447E+01,8.50447E+01,8.50447E+01,8.50447E+01,1.25524E+01,8.50447E+01,8.50447E+01,8.50447E+01,8.50447E+01,1.36489E+01,8.50447E+01,8.50447E+01,8.50447E+01,8.50447E+01,8.50447E+01,8.50447E+01,8.50447E+01,8.50447E+01,8.50447E+01,8.50447E+01,8.50447E+01,8.50447E+01,8.50447E+01,8.50447E+01,8.50447E+01,8.50447E+01,8.50447E+01,8.50447E+01,8.50447E+01,3.74885E+00,8.50447E+01,8.50447E+01,8.50447E+01,8.50447E+01,1.25524E+01,2.85429E+00 
#t = 2.688E+03
6.21345E+01,8.50447E+01,6.21345E+01,8.50447E+01,8.50447E+01,8.50447E+01,6.21345E+01,8.50447E+01,8.50447E+01,1.36489E+01,1.36489E+01,8.50447E+01,8.50447E+01,8.50447E+01,8.50447E+01,8.50447E+01,8.50447E+01,1.18233E+01,8.50447E+01,8.50447E+01,8.50447E+01,8.50447E+01,8.50447E+01,8.50447E+01,8.50447E+01,6.21345E+01,8.50447E+01,8.50447E+01,1.36489E+01,8.50447E+01,8.50447E+01,6.21345E+01,8.50447E+01,4.80692E-01,1.36489E+01,1.36489E+01,8.50447E+01,1.02376E+00,6.21345E+01,2.44268E+00,8.50447E+01 
#t = 2.730E+03
8.50447E+01,1.36489E+01,8.50447E+01,8.50447E+01,8.50447E+01,8.50447E+01,8.50447E+01,6.21345E+01,8.50447E+01,8.50447E+01,8.50447E+01,8.50447E+01,8.50447E+01,6.21345E+01,1.36489E+01,8.50447E+01,8.50447E+01,8.50447E+01,8.50447E+01,8.50447E+01,8.50447E+01,1.36489E+01,6.21345E+01,8.50447E+01,8.50447E+01,8.50447E+01,8.50447E+01,8.50447E+01,8.50447E+01,8.50447E+01,6.91266E-01,8.50447E+01,6.21345E+01,8.50447E+01,8.50447E+01,9.78111E-01,8.50447E+01,1.36489E+01,8.50447E+01,8.50447E+01,8.50447E+01,8.50447E+01,8.50447E+01,1.36489E+01,8.50447E+01,8.50447E+01,1.36489E+01 
#t = 2.772E+03
8.50447E+01,1.36489E+01,8.50447E+01,8.50447E+01,1.36489E+01,8.50447E+01,6.21345E+01,8.50447E+01,8.50447E+01,6.21345E+01,8.50447E+01,6.21345E+01,8.50447E+01,8.50447E+01,1.62434E+01,6.21345E+01,6.21345E+01,6.21345E+01,8.50447E+01,6.21345E+01,2.02304E+01,2.02304E+01,8.50447E+01,1.36489E+01,6.21345E+01,8.50447E+01,7.05135E+00,6.21345E+01,8.50447E+01,6.21345E+01,1.36489E+01,6.21345E+01,1.36489E+01,8.50447E+01,6.21345E+01,2.83263E+00 
#t = 2.814E+03
8.50447E+01,2.02304E+01,1.36489E+01,8.50447E+01,1.36489E+01,8.50447E+01,8.50447E+01,6.21345E+01,2.48456E+01,2.48456E+01,8.50447E+01,6.21345E+01,1.36489E+01,8.50447E+01,6.21345E+01,1.36489E+01,6.21345E+01,8.50447E+01,8.50447E+01,6.21345E+01,8.50447E+01,8.50447E+01,6.21345E+01,8.50447E+01,8.50447E+01,2.48456E+01,9.56225E-02,4.67003E-01 
#t = 2.856E+03
8.50447E+01,6.21345E+01,8.50447E+01,8.50447E+01,8.50447E+01,1.36489E+01,8.50447E+01,8.50447E+01,8.50447E+01,8.50447E+01,1.36489E+01,1.36489E+01,8.50447E+01,2.48456E+01,8.50447E+01,8.50447E+01,8.50447E+01,1.36489E+01,8.50447E+01,1.36489E+01,1.36489E+01,8.50447E+01,8.50447E+01,2.48456E+01,8.50447E+01,8.50447E+01,8.50447E+01,1.36489E+01,8.50447E+01,1.36489E+01,8.50447E+01,8.50447E+01,8.50447E+01,1.36489E+01,3.18540E+00,8.50447E+01,8.50447E+01,1.36489E+01,1.36489E+01,8.50447E+01,1.41665E+00,8.50447E+01 
#t = 2.898E+03
8.50447E+01,1.36489E+01,8.50447E+01,8.50447E+01,8.50447E+01,8.50447E+01,1.36489E+01,8.50447E+01,1.36489E+01,8.50447E+01,8.50447E+01,1.36489E+01,8.50447E+01,1.36489E+01,8.50447E+01,8.50447E+01,8.50447E+01,8.50447E+01,8.50447E+01,8.50447E+01,8.50447E+01,8.50447E+01,1.36489E+01,8.50447E+01,8.50447E+01,1.36489E+01,8.50447E+01,8.50447E+01,8.50447E+01,1.36489E+01,3.49034E+01,8.50447E+01,8.50447E+01,8.50447E+01,3.49034E+01,3.49034E+01,8.50447E+01 
#t = 2.940E+03
8.50447E+01,1.36489E+01,8.50447E+01,3.49034E+01,1.36489E+01,1.36489E+01,8.50447E+01,8.50447E+01,8.50447E+01,8.50447E+01,8.50447E+01,8.50447E+01,8.50447E+01,8.50447E+01,8.50447E+01,8.50447E+01,8.50447E+01,8.50447E+01,8.50447E+01,1.36489E+01,1.82594E+01,8.50447E+01,1.36489E+01,1.36489E+01,8.50447E+01,1.36489E+01,8.50447E+01,1.36489E+01,1.36489E+01,1.36489E+01,8.50447E+01,1.36489E+01,1.36489E+01,3.49034E+01,3.49034E+01,1.32705E+01,1.36489E+01,8.50447E+01,8.50447E+01,1.36489E+01,8.50447E+01,1.36489E+01,4.80136E-01,1.36489E+01,8.50447E+01,8.50447E+01,3.49034E+01,4.25539E+00,1.36489E+01,1.36489E+01,3.49034E+01 
#t = 2.982E+03
8.50447E+01,8.50447E+01,1.36489E+01,3.49034E+01,1.36489E+01,1.36489E+01,8.50447E+01,1.36489E+01,8.50447E+01,1.36489E+01,8.50447E+01,8.50447E+01,1.43542E+01,1.36489E+01,8.50447E+01,1.36489E+01,1.36489E+01,8.50447E+01,8.50447E+01,1.36489E+01,8.50447E+01,8.50447E+01,8.02137E-01,8.50447E+01,8.50447E+01,1.36489E+01,3.49034E+01,8.50447E+01,8.50447E+01,1.36489E+01,3.41854E-01,4.74642E+00,1.32705E+01,4.46355E-01 
#t = 3.024E+03
3.49034E+01,8.50447E+01,8.50447E+01,1.36489E+01,1.36489E+01,1.36489E+01,3.49034E+01,8.50447E+01,8.50447E+01,8.50447E+01,1.36489E+01,1.43542E+01,8.50447E+01,8.50447E+01,1.36489E+01,8.50447E+01,8.50447E+01,3.49034E+01,1.36489E+01,8.50447E+01,8.50447E+01,8.50447E+01,1.36489E+01,8.50447E+01,1.36489E+01,8.50447E+01,8.50447E+01,8.50447E+01,1.36489E+01,8.50447E+01,8.50447E+01,8.50447E+01,1.36489E+01,8.50447E+01,8.50447E+01,9.98034E-01 
#t = 3.066E+03
3.49034E+01,8.50447E+01,8.50447E+01,1.36489E+01,8.50447E+01,8.50447E+01,8.50447E+01,8.50447E+01,8.50447E+01,8.50447E+01,8.50447E+01,8.50447E+01,8.50447E+01,8.50447E+01,8.50447E+01,8.95578E+00,3.49034E+01,8.50447E+01,1.36489E+01,8.50447E+01,8.50447E+01,8.50447E+01,8.52912E+01,8.50447E+01,8.50447E+01,8.50447E+01,8.50447E+01,8.50447E+01,8.50447E+01,8.50447E+01,8.50447E+01,8.50447E+01,3.49034E+01,8.50447E+01,8.50447E+01,8.50447E+01,8.50447E+01,8.50447E+01,8.50447E+01,1.36489E+01,8.50447E+01 
#t = 3.108E+03
8.50447E+01,3.49034E+01,8.50447E+01,8.50447E+01,8.50447E+01,8.50447E+01,8.50447E+01,8.50447E+01,8.50447E+01,8.50447E+01,8.50447E+01,8.50447E+01,8.50447E+01,8.50447E+01,8.50447E+01,8.50447E+01,8.50447E+01,8.50447E+01,8.50447E+01,8.50447E+01,8.50447E+01,3.49034E+01,8.50447E+01,8.50447E+01,8.50447E+01,8.50447E+01,8.50447E+01,8.50447E+01,8.50447E+01,8.50447E+01,8.50447E+01,8.50447E+01,8.50447E+01,8.50447E+01,8.50447E+01,8.50447E+01,1.39103E+00,8.50447E+01,8.50447E+01 
#t = 3.150E+03
8.50447E+01,8.50447E+01,3.49034E+01,8.50447E+01,8.50447E+01,8.50447E+01,8.50447E+01,8.50447E+01,8.50447E+01,8.50447E+01,3.49034E+01,8.50447E+01,8.50447E+01,8.50447E+01,8.50447E+01,8.50447E+01,8.50447E+01,8.50447E+01,8.50447E+01,8.50447E+01,8.50447E+01,8.50447E+01,8.50447E+01,8.50447E+01,1.60649E+01,8.50447E+01,1.29011E+01,3.49034E+01,8.50447E+01,8.50447E+01,8.50447E+01,8.50447E+01,8.50447E+01,8.50447E+01,8.50447E+01,8.50447E+01,3.49034E+01,8.50447E+01,8.50447E+01,8.50447E+01,8.50447E+01,3.49034E+01,8.50447E+01,1.29891E+01,8.50447E+01,8.50447E+01,8.50447E+01,8.50447E+01,8.50447E+01,8.50447E+01,1.29891E+01,8.50447E+01,8.50447E+01,8.50447E+01,8.50447E+01,8.50447E+01,8.50447E+01,5.42871E+00,8.50447E+01,8.50447E+01,2.74818E-01,7.95215E-01,8.50447E+01,8.50447E+01,8.50447E+01 
#t = 3.192E+03
8.50447E+01,8.50447E+01,8.50447E+01,8.50447E+01,8.50447E+01,8.50447E+01,8.50447E+01,8.50447E+01,8.50447E+01,3.49034E+01,8.50447E+01,8.50447E+01,8.50447E+01,8.50447E+01,8.50447E+01,8.50447E+01,3.49034E+01,8.50447E+01,8.50447E+01,8.50447E+01,8.50447E+01,8.50447E+01,8.50447E+01,8.50447E+01,8.50447E+01,8.50447E+01,8.50447E+01,1.12922E+01,8.50447E+01,8.50447E+01,8.50447E+01,7.31163E+00,8.50447E+01,8.50447E+01,8.50447E+01,8.50447E+01,8.50447E+01,1.99960E+01,8.50447E+01,8.50447E+01,1.28003E+00,8.50447E+01 
#t = 3.234E+03
8.50447E+01,8.50447E+01,8.50447E+01,3.77622E+01,8.50447E+01,8.50447E+01,6.95846E+01,8.50447E+01,8.50447E+01,8.50447E+01,9.49666E+00,8.50447E+01,8.50447E+01,8.50447E+01,8.50447E+01,8.50447E+01,8.50447E+01,8.50447E+01,8.50447E+01,8.50447E+01,8.50447E+01,8.50447E+01,3.77622E+01,8.50447E+01,8.50447E+01,3.77622E+01,8.50447E+01,8.50447E+01,8.50447E+01,8.50447E+01,8.50447E+01,8.50447E+01,8.50447E+01,8.50447E+01,8.50447E+01,8.50447E+01,8.50447E+01,8.50447E+01,8.50447E+01,8.50447E+01 
#t = 3.276E+03
6.95846E+01,8.50447E+01,3.77622E+01,8.50447E+01,8.50447E+01,3.77622E+01,8.50447E+01,8.50447E+01,8.50447E+01,8.50447E+01,8.50447E+01,8.50447E+01,8.50447E+01,8.50447E+01,8.50447E+01,8.50447E+01,8.50447E+01,8.50447E+01,8.50447E+01,8.50447E+01,8.50447E+01,8.50447E+01,8.50447E+01,8.50447E+01,8.50447E+01,8.50447E+01,6.95846E+01,8.50447E+01,8.50447E+01,8.50447E+01,8.50447E+01,3.77622E+01,8.50447E+01,6.95846E+01,9.73792E+00,8.50447E+01,8.50447E+01,8.50447E+01,3.24811E-01,8.50447E+01,3.77622E+01,8.50447E+01,1.78700E+00,8.50447E+01,8.50447E+01 
#t = 3.318E+03
8.50447E+01,8.50447E+01,8.50447E+01,8.50447E+01,8.50447E+01,8.50447E+01,8.50447E+01,8.50447E+01,3.77622E+01,8.50447E+01,8.50447E+01,3.77622E+01,6.95846E+01,1.30877E+01,3.77622E+01,8.50447E+01,6.95846E+01,6.95846E+01,8.50447E+01,1.23059E+01,8.50447E+01,8.50447E+01,3.77622E+01,1.23059E+01,6.95846E+01,8.50447E+01,8.50447E+01,6.95846E+01,8.50447E+01,1.23059E+01,6.95846E+01,8.50447E+01,3.77622E+01,8.50447E+01,1.23059E+01,1.23059E+01,6.95846E+01,6.95846E+01,8.50447E+01,6.95846E+01,8.50447E+01 
#t = 3.360E+03
8.50447E+01,6.95846E+01,6.95846E+01,8.50447E+01,6.95846E+01,8.50447E+01,8.50447E+01,8.50447E+01,6.95846E+01,6.95846E+01,8.50447E+01,8.50447E+01,6.95846E+01,8.50447E+01,6.95846E+01,8.50447E+01,8.50447E+01,8.50447E+01,6.95846E+01,6.95846E+01,6.95846E+01,8.50447E+01,8.50447E+01,8.50447E+01,8.50447E+01,8.50447E+01,8.50447E+01,6.95846E+01,6.95846E+01,4.18714E+00,6.95846E+01,6.95846E+01,6.95846E+01,8.50447E+01,8.50447E+01,8.50447E+01,6.95846E+01,8.50447E+01,6.95846E+01,8.50447E+01,8.50447E+01,6.95846E+01,8.50447E+01,8.50447E+01,8.50447E+01,8.50447E+01,8.50447E+01,6.95846E+01,8.50447E+01,6.95846E+01,6.95846E+01,1.17900E+00 
#t = 3.402E+03
8.50447E+01,8.50447E+01,6.95846E+01,6.95846E+01,8.50447E+01,6.95846E+01,6.95846E+01,8.50447E+01,8.50447E+01,8.50447E+01,8.50447E+01,6.95846E+01,8.50447E+01,8.50447E+01,8.50447E+01,8.50447E+01,6.95846E+01,8.50447E+01,8.50447E+01,8.50447E+01,6.95846E+01,8.50447E+01,8.50447E+01,8.50447E+01,8.50447E+01,8.50447E+01,8.50447E+01,8.50447E+01,8.50447E+01,8.50447E+01,8.50447E+01,8.50447E+01,8.50447E+01,6.95846E+01,8.50447E+01,8.50447E+01,8.50447E+01,8.50447E+01,6.95846E+01,8.50447E+01,8.50447E+01,8.50447E+01,8.50447E+01,6.95846E+01,6.95846E+01 
#t = 3.444E+03
6.95846E+01,6.95846E+01,8.50447E+01,8.50447E+01,8.50447E+01,8.50447E+01,8.50447E+01,8.50447E+01,8.50447E+01,8.50447E+01,8.50447E+01,6.95846E+01,8.50447E+01,8.50447E+01,8.50447E+01,8.50447E+01,8.50447E+01,8.50447E+01,8.50447E+01,8.50447E+01,1.13956E+01,8.50447E+01,8.50447E+01,8.50447E+01,8.50447E+01,8.50447E+01,8.50447E+01,8.50447E+01,8.50447E+01,7.14931E+00,8.50447E+01,8.50447E+01,8.50447E+01,8.50447E+01,8.50447E+01,1.02753E+01,8.50447E+01,8.50447E+01,8.50447E+01,3.48125E+00,3.50089E-01,6.77545E+00,8.50447E+01,8.50447E+01,8.50447E+01,8.50447E+01 
#t = 3.486E+03
8.50447E+01,8.50447E+01,8.50447E+01,8.50447E+01,6.95846E+01,8.50447E+01,6.95846E+01,8.50447E+01,8.50447E+01,8.50447E+01,6.95846E+01,8.50447E+01,8.50447E+01,8.50447E+01,8.50447E+01,8.50447E+01,6.95846E+01,6.95846E+01,8.50447E+01,5.33523E+00,6.73026E+01,8.50447E+01,8.50447E+01,6.95846E+01,8.50447E+01,8.50447E+01,6.95846E+01,6.95846E+01,8.50447E+01,1.67384E+01,1.13956E+01,8.50447E+01,8.50447E+01,8.50447E+01,6.73026E+01,8.50447E+01,8.50447E+01,8.50447E+01,6.95846E+01,8.50447E+01 
#t = 3.528E+03
8.50447E+01,6.73026E+01,8.50447E+01,8.50447E+01,8.50447E+01,6.95846E+01,8.50447E+01,6.95846E+01,8.50447E+01,6.95846E+01,6.95846E+01,6.95846E+01,6.95846E+01,8.50447E+01,8.50447E+01,8.50447E+01,1.47901E+01,1.67384E+01,8.50447E+01,1.47901E+01,1.67384E+01,8.50447E+01,8.50447E+01,8.50447E+01,6.95846E+01,8.50447E+01,1.67384E+01,8.50447E+01,8.50447E+01,8.50447E+01,1.07468E+01,6.95846E+01,6.95846E+01,6.12553E-01,4.16597E+00,9.49975E-01 
#t = 3.570E+03
8.50447E+01,6.95846E+01,8.50447E+01,8.50447E+01,8.50447E+01,8.50447E+01,8.50447E+01,8.50447E+01,8.50447E+01,6.95846E+01,8.50447E+01,8.50447E+01,8.50447E+01,8.50447E+01,8.50447E+01,8.50447E+01,8.50447E+01,8.50447E+01,8.50447E+01,8.50447E+01,8.50447E+01,8.50447E+01,1.10840E+01,6.95846E+01,8.50447E+01,8.50447E+01,8.50447E+01,8.50447E+01,1.85890E+00,4.57933E-01,8.50447E+01 
#t = 3.612E+03
8.50447E+01,8.50447E+01,8.50447E+01,8.50447E+01,8.50447E+01,8.50447E+01,8.50447E+01,8.50447E+01,8.50447E+01,1.71263E+01,8.50447E+01,8.50447E+01,8.50447E+01,8.50447E+01,8.50447E+01,8.50447E+01,8.50447E+01,8.50447E+01,8.50447E+01,8.50447E+01,8.50447E+01,8.50447E+01,7.61127E+00,8.50447E+01,8.50447E+01,8.50447E+01,8.50447E+01,8.50447E+01,1.06403E+01,8.50447E+01,8.50447E+01,8.50447E+01,8.50447E+01,8.50447E+01,8.50447E+01,2.91319E+00,8.50447E+01,3.10583E+00,1.71263E+01,8.50447E+01,8.50447E+01,1.09500E+00,4.06878E-01 
#t = 3.654E+03
7.61127E+00,8.50447E+01,8.50447E+01,8.50447E+01,8.50447E+01,8.50447E+01,8.50447E+01,8.50447E+01,8.50447E+01,8.50447E+01,8.50447E+01,8.50447E+01,8.50447E+01,8.50447E+01,8.50447E+01,8.50447E+01,8.50447E+01,8.50447E+01,8.50447E+01,8.50447E+01,8.50447E+01,8.50447E+01,8.50447E+01,8.50447E+01,8.50447E+01,8.50447E+01,8.50447E+01,8.50447E+01,8.50447E+01,8.50447E+01,8.50447E+01,8.50447E+01,8.50447E+01,8.50447E+01,8.50447E+01,8.50447E+01,8.50447E+01,7.72862E-01,2.15625E+00 
#t = 3.696E+03
8.50447E+01,8.50447E+01,8.50447E+01,8.50447E+01,8.50447E+01,8.50447E+01,8.50447E+01,8.50447E+01,8.50447E+01,8.50447E+01,1.50301E+01,8.50447E+01,8.50447E+01,8.50447E+01,8.50447E+01,8.50447E+01,8.50447E+01,8.50447E+01,8.50447E+01,8.50447E+01,8.50447E+01,8.50447E+01,8.50447E+01,8.50447E+01,8.50447E+01,8.50447E+01,8.50447E+01,8.50447E+01,8.50447E+01,8.50447E+01,7.36809E-01,8.50447E+01,8.50447E+01,8.50447E+01,8.50447E+01,8.50447E+01,8.50447E+01,8.50447E+01,8.50447E+01,2.06159E+00,8.50447E+01,8.50447E+01,1.52184E-01 
#t = 3.738E+03
8.50447E+01,8.50447E+01,8.50447E+01,8.50447E+01,8.50447E+01,8.50447E+01,1.50301E+01,8.50447E+01,8.50447E+01,8.50447E+01,8.50447E+01,8.50447E+01,8.50447E+01,8.50447E+01,8.50447E+01,8.50447E+01,1.50301E+01,8.50447E+01,8.50447E+01,8.50447E+01,8.50447E+01,8.50447E+01,1.50301E+01,8.50447E+01,8.50447E+01,8.50447E+01,1.73121E+01,8.50447E+01,8.50447E+01,8.50447E+01,1.73121E+01,8.50447E+01,1.73121E+01,6.61999E+00,1.73121E+01,8.50447E+01,8.52641E-01,8.50447E+01,1.73121E+01,1.24858E+00,8.50447E+01 
#t = 3.780E+03
8.50447E+01,8.50447E+01,1.73121E+01,8.50447E+01,8.50447E+01,8.50447E+01,8.50447E+01,5.96939E+01,8.50447E+01,8.50447E+01,8.50447E+01,8.50447E+01,8.50447E+01,8.50447E+01,8.50447E+01,8.50447E+01,8.50447E+01,8.50447E+01,8.50447E+01,8.50447E+01,8.50447E+01,8.50447E+01,8.50447E+01,8.50447E+01,8.50447E+01,8.50447E+01,8.50447E+01,8.50447E+01,8.50447E+01,8.50447E+01,7.02703E+00,5.16011E+00,8.50447E+01,8.50447E+01,8.50447E+01,9.13017E-01,8.50447E+01,8.50447E+01,1.12253E-01 
#t = 3.822E+03
8.50447E+01,8.50447E+01,8.50447E+01,8.50447E+01,8.50447E+01,8.50447E+01,8.50447E+01,8.50447E+01,8.50447E+01,8.50447E+01,8.50447E+01,8.50447E+01,8.50447E+01,8.50447E+01,8.50447E+01,8.50447E+01,8.50447E+01,8.50447E+01,8.50447E+01,8.50447E+01,8.50447E+01,8.50447E+01,8.50447E+01,8.50447E+01,8.50447E+01,8.50447E+01,8.50447E+01,8.50447E+01,8.50447E+01,8.50447E+01,8.50447E+01,8.50447E+01,3.63730E-01,3.38534E+00,8.50447E+01,8.50447E+01,8.50447E+01,8.50447E+01 
#t = 3.864E+03
8.50447E+01,8.50447E+01,8.50447E+01,8.50447E+01,8.50447E+01,8.50447E+01,8.50447E+01,8.50447E+01,8.50447E+01,8.50447E+01,8.50447E+01,8.50447E+01,8.50447E+01,8.50447E+01,8.50447E+01,8.50447E+01,1.60112E+01,8.50447E+01,8.50447E+01,8.50447E+01,8.50447E+01,8.50447E+01,8.50447E+01,8.50447E+01,8.50447E+01,8.50447E+01,8.50447E+01,2.03968E+01,8.50447E+01,8.50447E+01,8.50447E+01,8.50447E+01,8.50447E+01,8.50447E+01,8.50447E+01,8.50447E+01,8.50447E+01,8.50447E+01,8.50447E+01,8.50447E+01,8.50447E+01,8.50447E+01,8.50447E+01 
#t = 3.906E+03
8.50447E+01,8.50447E+01,8.50447E+01,8.50447E+01,8.50447E+01,8.50447E+01,8.50447E+01,8.50447E+01,8.50447E+01,8.50447E+01,8.50447E+01,8.50447E+01,8.50447E+01,8.50447E+01,8.50447E+01,8.50447E+01,8.50447E+01,8.50447E+01,8.50447E+01,8.50447E+01,8.50447E+01,8.50447E+01,8.50447E+01,8.50447E+01,8.50447E+01,8.50447E+01,8.50447E+01,8.50447E+01,8.50447E+01,8.50447E+01,8.50447E+01,8.50447E+01,8.50447E+01,8.50447E+01,8.50447E+01,8.50447E+01,8.50447E+01,8.50447E+01,8.50447E+01,8.50447E+01,8.50447E+01,8.50447E+01,8.50447E+01,8.50447E+01,8.50447E+01,8.50447E+01,8.50447E+01,8.50447E+01,8.50447E+01,8.50447E+01,8.50447E+01,8.50447E+01,8.50447E+01,8.50447E+01,8.50447E+01,8.50447E+01,3.60053E-01,8.50447E+01,8.50447E+01,8.50447E+01,8.50447E+01,8.50447E+01,8.50447E+01,8.50447E+01,8.50447E+01,8.50447E+01,8.50447E+01,8.50447E+01,8.50447E+01,8.50447E+01,8.50447E+01,8.50447E+01,2.29022E+00,8.50447E+01,8.50447E+01,8.50447E+01,8.50447E+01,8.50447E+01 
#t = 3.948E+03
8.50447E+01,8.50447E+01,8.50447E+01,8.50447E+01,8.50447E+01,8.50447E+01,8.50447E+01,8.50447E+01,8.50447E+01,8.50447E+01,8.50447E+01,8.50447E+01,8.50447E+01,8.50447E+01,8.50447E+01,8.50447E+01,8.50447E+01,8.50447E+01,8.50447E+01,8.50447E+01,8.50447E+01,8.50447E+01,8.50447E+01,8.50447E+01,8.50447E+01,8.50447E+01,1.24395E+01,8.50447E+01,8.50447E+01,8.50447E+01,8.50447E+01,8.50447E+01,8.50447E+01,8.50447E+01,4.91533E-01,2.17249E+00,8.50447E+01,8.50447E+01 
#t = 3.990E+03
8.50447E+01,8.50447E+01,8.50447E+01,1.24395E+01,8.50447E+01,8.50447E+01,8.50447E+01,8.50447E+01,8.50447E+01,8.50447E+01,8.50447E+01,8.50447E+01,8.50447E+01,8.50447E+01,8.50447E+01,8.50447E+01,1.08002E+01,8.50447E+01,8.50447E+01,8.50447E+01,8.50447E+01,1.17567E+01,8.50447E+01,8.50447E+01,6.42566E+01,8.50447E+01,8.50447E+01,8.50447E+01,8.50447E+01,8.50447E+01,8.50447E+01,8.50447E+01,8.50447E+01,8.50447E+01,1.17567E+01,8.50447E+01,8.50447E+01,1.61472E-01,8.50447E+01,8.50447E+01,8.50447E+01,8.50447E+01,8.50447E+01,1.17567E+01,8.50447E+01,8.50447E+01,8.50447E+01,1.04319E+00,8.50447E+01,1.33686E+00,8.50447E+01,8.50447E+01,1.24395E+01,2.64048E-01,8.50447E+01 
#t = 4.032E+03
8.50447E+01,8.50447E+01,8.50447E+01,8.50447E+01,1.10574E+02,8.50447E+01,8.50447E+01,8.50447E+01,8.50447E+01,8.50447E+01,8.50447E+01,8.50447E+01,1.24395E+01,1.14417E+01,8.50447E+01,8.50447E+01,8.50447E+01,1.24395E+01,8.50447E+01,8.50447E+01,1.14417E+01,8.50447E+01,8.50447E+01,8.50447E+01,8.50447E+01,8.50447E+01,8.50447E+01,8.50447E+01,4.48938E+00,5.95122E-01,8.50447E+01,1.14417E+01,3.07240E-01,8.50447E+01,8.50447E+01,1.14417E+01,1.00013E+00,8.50447E+01 
#t = 4.074E+03
8.50447E+01,8.50447E+01,8.50447E+01,8.50447E+01,8.50447E+01,1.14417E+01,8.50447E+01,8.50447E+01,8.50447E+01,8.50447E+01,8.50447E+01,9.44244E+00,8.50447E+01,8.50447E+01,3.02708E+01,8.50447E+01,9.42831E+00,8.50447E+01,8.50447E+01,8.50447E+01,8.50447E+01,3.02708E+01,5.71791E-01,1.10574E+02,8.50447E+01,3.02708E+01,1.02273E+00,8.50447E+01,2.90899E-01,8.50447E+01,3.73977E+00,8.50447E+01,8.50447E+01,8.50447E+01 
#t = 4.116E+03
8.50447E+01,8.50447E+01,8.50447E+01,8.50447E+01,8.50447E+01,8.50447E+01,8.50447E+01,8.50447E+01,8.50447E+01,8.50447E+01,8.50447E+01,8.50447E+01,8.50447E+01,8.50447E+01,8.50447E+01,8.50447E+01,8.50447E+01,8.50447E+01,8.50447E+01,8.50447E+01,8.50447E+01,8.50447E+01,8.50447E+01,8.50447E+01,8.50447E+01,8.50447E+01,8.50447E+01,8.50447E+01,8.50447E+01,8.50447E+01,8.50447E+01,1.14836E+01,8.50447E+01,8.50447E+01,8.50447E+01,8.50447E+01,8.50447E+01,8.50447E+01,8.50447E+01,8.50447E+01,8.50447E+01,8.50447E+01,8.50447E+01,8.50447E+01,8.50447E+01,8.50447E+01,8.50447E+01,8.50447E+01,8.50447E+01,8.50447E+01 
#t = 4.158E+03
8.50447E+01,8.50447E+01,8.50447E+01,8.50447E+01,8.50447E+01,8.50447E+01,7.27751E+01,8.50447E+01,1.12477E+01,8.50447E+01,8.50447E+01,8.50447E+01,8.50447E+01,8.50447E+01,8.50447E+01,8.50447E+01,8.50447E+01,8.50447E+01,8.50447E+01,8.50447E+01,8.50447E+01,8.50447E+01,8.50447E+01,8.50447E+01,8.50447E+01,8.50447E+01,8.50447E+01,8.50447E+01,2.89369E-01,8.50447E+01,8.50447E+01,5.89527E+00,8.50447E+01,8.50447E+01,7.27751E+01,8.50447E+01,8.50447E+01,8.50447E+01,7.27751E+01,7.27751E+01,8.50447E+01,8.50447E+01,8.50447E+01,8.50447E+01,8.50447E+01,8.50447E+01,8.50447E+01,8.50447E+01,1.36936E+00,8.50447E+01 
#t = 4.200E+03
8.50447E+01,8.50447E+01,8.50447E+01,8.50447E+01,8.50447E+01,1.12477E+01,8.50447E+01,8.50447E+01,8.50447E+01,8.50447E+01,8.50447E+01,8.50447E+01,8.50447E+01,8.50447E+01,8.50447E+01,8.50447E+01,8.50447E+01,8.50447E+01,8.50447E+01,8.50447E+01,8.50447E+01,8.50447E+01,8.50447E+01,8.50447E+01,8.50447E+01,8.50447E+01,8.50447E+01,8.50447E+01,8.50447E+01,8.50447E+01,8.50447E+01,8.50447E+01,8.50447E+01,8.50447E+01,8.50447E+01,8.50447E+01,8.50447E+01,8.50447E+01,8.50447E+01,8.50447E+01,8.50447E+01,8.50447E+01,8.50447E+01,8.50447E+01,4.10044E+00,3.23244E+00,7.47954E+00,8.50447E+01,8.50447E+01,8.50447E+01,8.50447E+01,1.43215E+00,1.42847E-02,8.50447E+01 
