#t = 0.000E+00
3.50510E+00,6.23217E-02,1.10361E+00,5.82177E-01,9.35477E+00 
#t = 4.200E+01
5.69273E+00,4.77508E+00 
#t = 8.400E+01
8.39964E+01,1.35389E-01,8.39964E+01 
#t = 1.260E+02
8.39964E+01,1.04550E+01,8.39964E+01,7.03563E+00,8.39964E+01,8.39964E+01,1.08722E+01,1.22879E-01,8.39964E+01,9.90079E-02,8.39964E+01,8.39964E+01 
#t = 1.680E+02
1.04550E+01,8.39964E+01,8.39964E+01,8.39964E+01,8.39964E+01,8.39964E+01,8.39964E+01,8.39964E+01,1.50410E+01,8.39964E+01,1.09522E+01,8.39964E+01,8.39964E+01,8.39964E+01,1.12469E+01,8.39964E+01,8.39964E+01,8.39964E+01,1.09522E+01,8.39964E+01,8.39964E+01,8.39964E+01,8.39964E+01,8.39964E+01,8.39964E+01,8.39964E+01,8.39964E+01,8.39964E+01,8.39964E+01,8.39964E+01,8.39964E+01,8.39964E+01,1.70983E+01,8.39964E+01,8.39964E+01 
#t = 2.100E+02
8.39964E+01,8.39964E+01,8.39964E+01,1.68794E+01,8.39964E+01,8.39964E+01,8.39964E+01,8.39964E+01,8.39964E+01,8.39964E+01,8.39964E+01,8.39964E+01,8.39964E+01,8.39964E+01,8.39964E+01,1.68794E+01,8.39964E+01,8.39964E+01,8.39964E+01,8.39964E+01,8.39964E+01,8.39964E+01,1.68794E+01,8.39964E+01,8.39964E+01,8.39964E+01,8.39964E+01,8.39964E+01,1.68794E+01,8.39964E+01,1.84051E-01,1.68794E+01,1.68794E+01,8.39964E+01,8.39964E+01,8.39964E+01,8.39964E+01,8.39964E+01,8.39964E+01,8.39964E+01,8.39964E+01,8.39964E+01,8.39964E+01,2.15719E-01,8.39964E+01,8.39964E+01,8.39964E+01,8.39964E+01 
#t = 2.520E+02
1.68794E+01,8.39964E+01,8.39964E+01,8.39964E+01,8.39964E+01,8.39964E+01,8.39964E+01,8.39964E+01,8.39964E+01,8.39964E+01,8.39964E+01,8.39964E+01,8.39964E+01,8.39964E+01,8.39964E+01,8.39964E+01,8.39964E+01,8.39964E+01,8.39964E+01,8.39964E+01,8.39964E+01,8.39964E+01,8.39964E+01,8.39964E+01,8.39964E+01,1.68794E+01,8.39964E+01,8.39964E+01,8.39964E+01,8.39964E+01,8.39964E+01,8.39964E+01,8.39964E+01,8.39964E+01,8.39964E+01,1.68794E+01,8.39964E+01,8.39964E+01,8.39964E+01,8.39964E+01,8.39964E+01,8.39964E+01,8.39964E+01,1.68794E+01,8.39964E+01,8.39964E+01,8.39964E+01,8.39964E+01,3.76903E-01 
#t = 2.940E+02
8.39964E+01,8.39964E+01,8.39964E+01,8.39964E+01,8.39964E+01,8.39964E+01,8.39964E+01,8.39964E+01,8.39964E+01,8.39964E+01,8.39964E+01,8.39964E+01,8.39964E+01,8.39964E+01,8.39964E+01,8.39964E+01,8.39964E+01,8.39964E+01,8.39964E+01,8.39964E+01,8.39964E+01,8.39964E+01,8.39964E+01,8.39964E+01,8.39964E+01,8.39964E+01,8.39964E+01,8.39964E+01,8.39964E+01,8.39964E+01,8.39964E+01,1.77739E+00 
#t = 3.360E+02
8.39964E+01,8.39964E+01,8.39964E+01,8.39964E+01,8.39964E+01,8.39964E+01,8.39964E+01,8.39964E+01,8.39964E+01,8.39964E+01,8.39964E+01,8.39964E+01,8.39964E+01,8.39964E+01,8.39964E+01,8.39964E+01,8.39964E+01,8.39964E+01,8.39964E+01,8.39964E+01,8.39964E+01,8.39964E+01,8.39964E+01,8.39964E+01,8.39964E+01,8.39964E+01,8.39964E+01,8.39964E+01,8.39964E+01,8.39964E+01,8.39964E+01,8.39964E+01,8.39964E+01,8.39964E+01,8.39964E+01,8.39964E+01,8.39964E+01,8.39964E+01,8.39964E+01,8.39964E+01,8.39964E+01,8.39964E+01,8.39964E+01,8.39964E+01,8.39964E+01,8.39964E+01,8.39964E+01,8.39964E+01,8.39964E+01,8.39964E+01,8.39964E+01,1.01632E+00 
#t = 3.780E+02
8.39964E+01,8.39964E+01,8.39964E+01,8.39964E+01,8.39964E+01,8.39964E+01,8.39964E+01,8.39964E+01,8.39964E+01,8.39964E+01,8.39964E+01,8.39964E+01,8.39964E+01,8.39964E+01,8.39964E+01,8.39964E+01,8.39964E+01,8.39964E+01,8.39964E+01,8.39964E+01,8.39964E+01,8.39964E+01,8.39964E+01,8.39964E+01,8.39964E+01,8.39964E+01,8.39964E+01,8.39964E+01,8.39964E+01,8.39964E+01,8.39964E+01,8.39964E+01,8.39964E+01,8.39964E+01,8.39964E+01,8.39964E+01,8.39964E+01,8.39964E+01,8.39964E+01,8.39964E+01 
#t = 4.200E+02
8.39964E+01,8.39964E+01,8.39964E+01,8.39964E+01,8.39964E+01,8.39964E+01,8.39964E+01,8.39964E+01,8.39964E+01,8.39964E+01,8.39964E+01,8.39964E+01,8.39964E+01,8.39964E+01,8.39964E+01,8.39964E+01,8.39964E+01,8.39964E+01,8.39964E+01,6.45627E+00,8.39964E+01,8.39964E+01,8.39964E+01,8.39964E+01,8.39964E+01,8.39964E+01,8.39964E+01,8.39964E+01,8.39964E+01,8.39964E+01,8.39964E+01,8.39964E+01,8.39964E+01,8.39964E+01,8.39964E+01,8.39964E+01,1.23834E+00,8.39964E+01,8.39964E+01,8.39964E+01,8.39964E+01,7.33795E-01,1.68731E-01,8.39964E+01 
#t = 4.620E+02
8.39964E+01,8.39964E+01,8.39964E+01,8.39964E+01,8.39964E+01,8.39964E+01,8.39964E+01,8.39964E+01,8.39964E+01,8.39964E+01,8.39964E+01,8.39964E+01,8.39964E+01,8.39964E+01,8.39964E+01,8.39964E+01,8.39964E+01,8.39964E+01,8.39964E+01,8.39964E+01,4.10970E+01,8.39964E+01,8.39964E+01,8.39964E+01,8.39964E+01,8.39964E+01,8.39964E+01,8.39964E+01,8.39964E+01,8.39964E+01,8.39964E+01,8.39964E+01,8.39964E+01,8.39964E+01,3.73721E-01,8.39964E+01,8.39964E+01,8.39964E+01,8.39964E+01,8.39964E+01,8.39964E+01,8.39964E+01,8.39964E+01,8.39964E+01,8.39964E+01,8.39964E+01,1.62463E+00 
#t = 5.040E+02
8.39964E+01,8.39964E+01,8.39964E+01,8.39964E+01,8.39964E+01,8.39964E+01,8.39964E+01,8.39964E+01,8.39964E+01,8.39964E+01,8.39964E+01,8.39964E+01,8.39964E+01,8.39964E+01,8.39964E+01,8.39964E+01,8.39964E+01,8.39964E+01,8.39964E+01,8.39964E+01,8.39964E+01,8.39964E+01,8.39964E+01,8.39964E+01,8.39964E+01,8.39964E+01,8.39964E+01,8.39964E+01,8.39964E+01,8.39964E+01,8.39964E+01,4.90998E+00,8.39964E+01,8.39964E+01,8.39964E+01,8.39964E+01,8.39964E+01,8.39964E+01,5.32411E-01,8.39964E+01 
#t = 5.460E+02
8.39964E+01,8.39964E+01,8.39964E+01,8.39964E+01,8.39964E+01,8.39964E+01,8.39964E+01,8.39964E+01,8.39964E+01,8.39964E+01,8.39964E+01,8.39964E+01,8.39964E+01,8.39964E+01,8.39964E+01,8.39964E+01,8.39964E+01,8.39964E+01,8.39964E+01,8.39964E+01,8.39964E+01,8.39964E+01,8.39964E+01,8.39964E+01,8.39964E+01,8.39964E+01,8.39964E+01,8.39964E+01,8.39964E+01,8.39964E+01,8.39964E+01,8.39964E+01,8.39964E+01,8.39964E+01,8.39964E+01,8.39964E+01,8.39964E+01,8.39964E+01,8.39964E+01,8.39964E+01,8.39964E+01,8.39964E+01,8.39964E+01,8.39964E+01,4.67381E+00,8.39964E+01,8.39964E+01,8.39964E+01,8.39964E+01,8.39964E+01,8.39964E+01,8.39964E+01,8.39964E+01,6.05573E-01,1.41964E+00 
#t = 5.880E+02
8.39964E+01,8.39964E+01,8.39964E+01,8.39964E+01,8.39964E+01,8.39964E+01,8.39964E+01,8.39964E+01,8.39964E+01,8.39964E+01,8.39964E+01,8.39964E+01,8.39964E+01,8.39964E+01,8.39964E+01,8.39964E+01,8.39964E+01,8.39964E+01,8.39964E+01,8.39964E+01,8.39964E+01,8.39964E+01,8.39964E+01,8.39964E+01,8.39964E+01,8.39964E+01,8.39964E+01,8.39964E+01,8.39964E+01,8.39964E+01,8.39964E+01,8.39964E+01,8.39964E+01,1.11110E+00,8.39964E+01,8.39964E+01,8.39964E+01,8.39964E+01,8.39964E+01,8.39964E+01,8.39964E+01,8.39964E+01,8.39964E+01,8.39964E+01,8.39964E+01,8.39964E+01,8.39964E+01,8.39964E+01,8.39964E+01 
#t = 6.300E+02
8.39964E+01,8.39964E+01,8.39964E+01,8.39964E+01,8.39964E+01,8.39964E+01,8.39964E+01,8.39964E+01,8.39964E+01,8.39964E+01,8.39964E+01,8.39964E+01,8.39964E+01,8.39964E+01,8.39964E+01,8.39964E+01,8.39964E+01,8.39964E+01,8.39964E+01,8.39964E+01,8.39964E+01,8.39964E+01,8.39964E+01,8.39964E+01,8.39964E+01,8.39964E+01,8.39964E+01,8.39964E+01,8.39964E+01,8.39964E+01,8.39964E+01,8.39964E+01,8.39964E+01,8.39964E+01,8.39964E+01,8.39964E+01,8.39964E+01,8.39964E+01,8.39964E+01,2.94689E+00,7.09598E-01,8.39964E+01,8.39964E+01,8.39964E+01,8.39964E+01,8.39964E+01,3.26585E+00,8.39964E+01,8.39964E+01 
#t = 6.720E+02
8.39964E+01,8.39964E+01,8.39964E+01,8.39964E+01,8.39964E+01,8.39964E+01,8.39964E+01,8.39964E+01,8.39964E+01,8.39964E+01,8.39964E+01,8.39964E+01,8.39964E+01,8.39964E+01,8.39964E+01,8.39964E+01,8.39964E+01,8.39964E+01,8.39964E+01,8.39964E+01,1.87258E+00,8.39964E+01,8.39964E+01,8.39964E+01,8.39964E+01,8.39964E+01,8.39964E+01,8.39964E+01,8.39964E+01,8.39964E+01,8.39964E+01,8.39964E+01,8.39964E+01,8.39964E+01,8.39964E+01,4.73210E-02,8.39964E+01 
#t = 7.140E+02
8.39964E+01,8.39964E+01,8.39964E+01,8.39964E+01,8.39964E+01,8.39964E+01,8.39964E+01,8.39964E+01,8.39964E+01,8.39964E+01,8.39964E+01,8.39964E+01,8.39964E+01,8.39964E+01,8.39964E+01,8.39964E+01,8.39964E+01,8.39964E+01,8.39964E+01,8.39964E+01,8.39964E+01,8.39964E+01,8.39964E+01,8.39964E+01,8.39964E+01,8.39964E+01,8.39964E+01,8.39964E+01,8.39964E+01,8.39964E+01,8.39964E+01,8.39964E+01,8.39964E+01,1.24294E-01,8.39964E+01,8.39964E+01,8.39964E+01,5.87797E+00,8.39964E+01,8.39964E+01,8.39964E+01,8.39964E+01,8.92533E-01,8.39964E+01,8.39964E+01,8.39964E+01,2.66039E-01,3.41314E-01 
#t = 7.560E+02
8.39964E+01,8.39964E+01,1.30129E+01,8.39964E+01,8.39964E+01,8.39964E+01,8.39964E+01,8.39964E+01,8.39964E+01,8.39964E+01,8.39964E+01,8.39964E+01,8.39964E+01,8.39964E+01,8.39964E+01,3.01183E+01,8.39964E+01,8.39964E+01,8.39964E+01,8.39964E+01,8.39964E+01,8.39964E+01,8.39964E+01,8.39964E+01,8.39964E+01,8.39964E+01,4.15302E-01,1.30129E+01,3.01183E+01,8.39964E+01,8.39964E+01,8.39964E+01,8.39964E+01,1.30129E+01,2.97276E+00 
#t = 7.980E+02
8.39964E+01,8.39964E+01,8.39964E+01,8.39964E+01,8.39964E+01,8.39964E+01,8.39964E+01,8.39964E+01,8.39964E+01,8.39964E+01,8.39964E+01,8.39964E+01,8.39964E+01,8.39964E+01,8.39964E+01,8.39964E+01,8.39964E+01,8.39964E+01,8.39964E+01,8.39964E+01,8.39964E+01,8.39964E+01,8.39964E+01,8.39964E+01,8.39964E+01,8.39964E+01,8.39964E+01,8.39964E+01,8.39964E+01,8.39964E+01,8.39964E+01,8.39964E+01,8.39964E+01,8.39964E+01,8.39964E+01,8.39964E+01,8.39964E+01,8.39964E+01,8.39964E+01,8.39964E+01,8.39964E+01,8.39964E+01,8.39964E+01,8.39964E+01,8.39964E+01,8.39964E+01,8.39964E+01,8.39964E+01,2.08750E+01,8.39964E+01,8.39964E+01,8.39964E+01,8.39964E+01,8.39964E+01,4.67374E-01,8.39964E+01,8.39964E+01,8.39964E+01,8.39964E+01,8.39964E+01,8.39964E+01,8.39964E+01,8.39964E+01,8.39964E+01 
#t = 8.400E+02
8.39964E+01,8.39964E+01,2.08750E+01,2.00338E+01,8.39964E+01,8.39964E+01,8.39964E+01,8.39964E+01,8.39964E+01,8.39964E+01,8.39964E+01,8.39964E+01,8.39964E+01,8.39964E+01,8.39964E+01,8.39964E+01,8.39964E+01,8.39964E+01,8.39964E+01,8.39964E+01,8.39964E+01,8.39964E+01,8.39964E+01,9.93577E-01,8.46365E-01,8.39964E+01,8.39964E+01,8.39964E+01,8.39964E+01,4.53056E+01,8.39964E+01,8.39964E+01,8.39964E+01,8.39964E+01 
#t = 8.820E+02
4.53056E+01,8.39964E+01,8.39964E+01,8.39964E+01,8.39964E+01,8.39964E+01,8.39964E+01,8.39964E+01,8.39964E+01,8.39964E+01,8.39964E+01,8.39964E+01,8.39964E+01,8.39964E+01,8.39964E+01,8.39964E+01,8.39964E+01,8.39964E+01,8.39964E+01,8.39964E+01,8.39964E+01,8.39964E+01,8.39964E+01,8.39964E+01,8.39964E+01,8.39964E+01,8.39964E+01,8.39964E+01,8.39964E+01,6.69716E-01,4.53056E+01,8.39964E+01,8.39964E+01,8.39964E+01,4.53056E+01,8.39964E+01,8.39964E+01,8.39964E+01,8.39964E+01,8.39964E+01,1.21698E+01,4.53056E+01,8.39964E+01,4.53056E+01,4.53056E+01,4.53056E+01 
#t = 9.240E+02
8.39964E+01,4.53056E+01,8.39964E+01,8.39964E+01,8.39964E+01,4.53056E+01,8.39964E+01,8.39964E+01,4.53056E+01,8.39964E+01,8.39964E+01,8.39964E+01,8.39964E+01,4.53056E+01,8.39964E+01,8.39964E+01,8.39964E+01,8.39964E+01,8.39964E+01,8.39964E+01,8.39964E+01,8.39964E+01,8.39964E+01,8.39964E+01,8.39964E+01,8.39964E+01,8.39964E+01,8.39964E+01,8.39964E+01,4.53056E+01,8.39964E+01,8.39964E+01,8.39964E+01,8.39964E+01,4.53056E+01,8.39964E+01,8.39964E+01,8.39964E+01,8.39964E+01,8.39964E+01,8.39964E+01,8.39964E+01,4.53056E+01,4.53056E+01,8.39964E+01,8.39964E+01,8.39964E+01,8.39964E+01,8.39964E+01,8.39964E+01,3.20183E-01,8.39964E+01,8.44108E+00,8.39964E+01,8.39964E+01 
#t = 9.660E+02
4.53056E+01,8.39964E+01,8.39964E+01,8.39964E+01,8.39964E+01,8.39964E+01,8.39964E+01,8.39964E+01,8.39964E+01,1.44535E+01,4.53056E+01,8.39964E+01,8.39964E+01,8.39964E+01,8.39964E+01,8.39964E+01,8.39964E+01,8.39964E+01,8.39964E+01,8.39964E+01,8.39964E+01,8.39964E+01,8.39964E+01,8.39964E+01,8.39964E+01,8.39964E+01,8.39964E+01,1.31302E+01,8.39964E+01,8.39964E+01,8.39964E+01,6.62136E-01,8.39964E+01,8.39964E+01,8.39964E+01,8.39964E+01,8.39964E+01,7.01918E-01,8.39964E+01 
#t = 1.008E+03
8.39964E+01,8.39964E+01,1.74563E+01,8.39964E+01,8.39964E+01,3.06453E+01,1.31302E+01,3.06453E+01,8.39964E+01,8.39964E+01,8.39964E+01,3.06453E+01,8.39964E+01,8.39964E+01,8.39964E+01,8.39964E+01,8.39964E+01,1.54132E+01,8.39964E+01,1.54132E+01,3.06453E+01,1.31302E+01,8.39964E+01,8.39964E+01,8.39964E+01,8.39964E+01,8.39964E+01,8.39964E+01,8.39964E+01,8.39964E+01,1.31302E+01,3.06453E+01,8.39964E+01,3.06453E+01,8.39964E+01,8.39964E+01,8.08634E+00,3.06453E+01,8.39964E+01,8.39964E+01,8.39964E+01,8.39964E+01,8.39964E+01 
#t = 1.050E+03
8.39964E+01,3.06453E+01,8.39964E+01,8.39964E+01,8.39964E+01,8.39964E+01,8.39964E+01,8.39964E+01,8.39964E+01,8.39964E+01,8.39964E+01,8.39964E+01,8.39964E+01,8.39964E+01,8.39964E+01,8.39964E+01,8.39964E+01,8.39964E+01,3.06453E+01,8.39964E+01,8.39964E+01,8.39964E+01,1.31302E+01,1.31302E+01,8.39964E+01,8.39964E+01,8.39964E+01,8.39964E+01,8.39964E+01,8.39964E+01,8.39964E+01,8.39964E+01,8.39964E+01,8.39964E+01,8.39964E+01,8.39964E+01,8.39964E+01,8.39964E+01,4.13908E+00,8.39964E+01,8.39964E+01,8.39964E+01,8.39964E+01,5.85381E+00,8.39964E+01 
#t = 1.092E+03
8.39964E+01,1.31302E+01,8.39964E+01,8.39964E+01,8.39964E+01,8.39964E+01,8.39964E+01,8.39964E+01,8.39964E+01,8.39964E+01,8.39964E+01,8.39964E+01,8.39964E+01,8.39964E+01,8.39964E+01,8.39964E+01,8.39964E+01,2.08296E+01,8.39964E+01,8.39964E+01,8.39964E+01,8.39964E+01,8.39964E+01,8.39964E+01,8.39964E+01,8.63348E-01,8.39964E+01,8.39964E+01,8.39964E+01,8.39964E+01,8.39964E+01,8.39964E+01,8.39964E+01,8.39964E+01,8.39964E+01,8.39964E+01,8.39964E+01,8.39964E+01,8.39964E+01 
#t = 1.134E+03
8.39964E+01,8.39964E+01,8.39964E+01,8.39964E+01,8.39964E+01,8.39964E+01,8.39964E+01,8.39964E+01,8.39964E+01,8.39964E+01,8.39964E+01,8.39964E+01,8.39964E+01,8.39964E+01,8.39964E+01,8.39964E+01,8.39964E+01,8.39964E+01,8.39964E+01,8.39964E+01,8.39964E+01,8.39964E+01,8.39964E+01,8.39964E+01,8.39964E+01,8.39964E+01,8.39964E+01,8.39964E+01,8.39964E+01,8.39964E+01,8.39964E+01,8.39964E+01,8.39964E+01,8.39964E+01,8.39964E+01,8.39964E+01,8.39964E+01,8.39964E+01,8.39964E+01,8.39964E+01,8.39964E+01,8.39964E+01,1.72430E+00 
#t = 1.176E+03
8.39964E+01,8.39964E+01,8.39964E+01,8.39964E+01,8.39964E+01,8.39964E+01,8.39964E+01,8.39964E+01,9.74655E+01,8.39964E+01,8.39964E+01,8.39964E+01,8.39964E+01,8.39964E+01,8.39964E+01,9.74655E+01,8.39964E+01,8.39964E+01,8.39964E+01,8.39964E+01,8.39964E+01,8.39964E+01,8.39964E+01,8.39964E+01,8.39964E+01,8.39964E+01,8.39964E+01,9.74655E+01,8.39964E+01,9.74655E+01,8.39964E+01,4.97197E+00,8.39964E+01,8.39964E+01,8.39964E+01,8.39964E+01,8.39964E+01,8.39964E+01,8.39964E+01,8.39964E+01,8.39964E+01,1.50875E-01,8.39964E+01,8.39964E+01,8.39964E+01 
#t = 1.218E+03
8.39964E+01,8.39964E+01,8.39964E+01,8.39964E+01,8.39964E+01,8.39964E+01,8.39964E+01,8.39964E+01,8.39964E+01,8.39964E+01,8.39964E+01,8.39964E+01,8.39964E+01,8.39964E+01,8.39964E+01,8.39964E+01,8.39964E+01,8.39964E+01,8.35919E+00,8.39964E+01,8.39964E+01,8.39964E+01,8.39964E+01,8.39964E+01,8.39964E+01,8.39964E+01,8.39964E+01,8.39964E+01,8.39964E+01,8.39964E+01,8.39964E+01,8.39964E+01,8.39964E+01,8.39964E+01,8.39964E+01,8.39964E+01,8.39964E+01,8.39964E+01,8.39964E+01,8.39964E+01,2.13034E+01,8.39964E+01,8.39964E+01,8.39964E+01,8.39964E+01,1.63106E-01,8.39964E+01,8.39964E+01,8.39964E+01,2.55405E+00,1.01862E+00,8.39964E+01,8.39964E+01 
#t = 1.260E+03
8.39964E+01,8.39964E+01,8.39964E+01,8.39964E+01,8.39964E+01,8.39964E+01,8.39964E+01,8.39964E+01,8.39964E+01,8.39964E+01,8.39964E+01,8.39964E+01,8.39964E+01,8.39964E+01,8.39964E+01,8.39964E+01,8.39964E+01,8.39964E+01,8.39964E+01,8.39964E+01,8.39964E+01,8.39964E+01,8.39964E+01,8.39964E+01,8.39964E+01,8.39964E+01,8.39964E+01,8.39964E+01,8.39964E+01,8.39964E+01,8.39964E+01,8.39964E+01,8.39964E+01,8.39964E+01,8.39964E+01,8.39964E+01,9.43977E+00,8.39964E+01,8.39964E+01,8.39964E+01,3.41503E-01,8.39964E+01,8.39964E+01,8.39964E+01,8.39964E+01,5.29453E-02 
#t = 1.302E+03
8.39964E+01,8.39964E+01,8.39964E+01,8.39964E+01,8.39964E+01,8.39964E+01,8.39964E+01,8.39964E+01,8.39964E+01,8.39964E+01,8.39964E+01,8.39964E+01,8.39964E+01,8.39964E+01,8.39964E+01,8.39964E+01,8.39964E+01,2.35244E+01,8.39964E+01,8.39964E+01,8.39964E+01,8.39964E+01,8.39964E+01,8.39964E+01,8.39964E+01,2.52092E+00,8.39964E+01,8.39964E+01,8.39964E+01,9.80249E+00,8.39964E+01,2.35244E+01,8.39964E+01,8.39964E+01,8.39964E+01,8.39964E+01,8.39964E+01,8.39964E+01 
#t = 1.344E+03
1.30388E+01,8.39964E+01,8.39964E+01,8.39964E+01,8.39964E+01,8.39964E+01,8.39964E+01,8.39964E+01,8.39964E+01,8.39964E+01,8.39964E+01,8.39964E+01,8.39964E+01,8.39964E+01,8.39964E+01,8.39964E+01,1.16358E+01,8.39964E+01,8.39964E+01,8.39964E+01,8.39964E+01,8.39964E+01,8.39964E+01,3.37578E+00,8.39964E+01,8.39964E+01,8.39964E+01,8.39964E+01,6.39918E+00,8.39964E+01,8.39964E+01,8.39964E+01,8.39964E+01,8.39964E+01,8.39964E+01,8.39964E+01,8.39964E+01,8.39964E+01,8.39964E+01,3.51788E-01,8.39964E+01,8.39964E+01 
#t = 1.386E+03
8.39964E+01,8.39964E+01,8.39964E+01,8.39964E+01,8.39964E+01,8.39964E+01,8.39964E+01,8.39964E+01,8.39964E+01,8.39964E+01,8.39964E+01,8.39964E+01,8.39964E+01,8.39964E+01,8.39964E+01,8.39964E+01,8.39964E+01,1.30388E+01,8.39964E+01,8.39964E+01,8.39964E+01,8.39964E+01,8.39964E+01,8.39964E+01,1.59972E+01,1.30388E+01,1.30388E+01,8.39964E+01,8.39964E+01,8.39964E+01,8.39964E+01,8.39964E+01,8.39964E+01,8.39964E+01,8.39964E+01,8.39964E+01,8.39964E+01,8.39964E+01,8.39964E+01,2.98721E-01,1.89403E+00,1.30388E+01,8.39964E+01,8.39964E+01,8.39964E+01,8.39964E+01,8.39964E+01,8.39964E+01,8.39964E+01,8.39964E+01,1.59972E+01,8.39964E+01,6.85430E+00 
#t = 1.428E+03
8.39964E+01,8.39964E+01,8.39964E+01,1.59972E+01,8.39964E+01,8.39964E+01,1.04957E+01,8.39964E+01,1.59972E+01,8.39964E+01,1.30388E+01,8.39964E+01,8.39964E+01,8.39964E+01,8.39964E+01,8.39964E+01,8.39964E+01,2.70529E+01,8.39964E+01,8.39964E+01,8.39964E+01,1.04957E+01,8.39964E+01,8.39964E+01,8.39964E+01,1.30388E+01,1.59972E+01,8.39964E+01,8.39964E+01,8.39964E+01,2.70529E+01,8.39964E+01,8.39964E+01,8.39964E+01,8.39964E+01,8.39964E+01,8.39964E+01,8.39964E+01,8.39964E+01,8.39964E+01,8.39964E+01,8.39964E+01,7.88684E-01,1.04957E+01,8.39964E+01,8.39964E+01,1.59972E+01,8.39964E+01,8.39964E+01,8.39964E+01,5.51517E+00,2.89469E-01,8.39964E+01,8.39964E+01,2.00214E+00,8.39964E+01,1.16477E+00,9.11026E-01 
#t = 1.470E+03
8.39964E+01,8.39964E+01,2.70529E+01,8.39964E+01,1.59972E+01,8.39964E+01,8.39964E+01,8.39964E+01,1.59972E+01,8.39964E+01,8.39964E+01,8.39964E+01,8.39964E+01,1.59972E+01,8.39964E+01,8.39964E+01,8.39964E+01,8.39964E+01,8.39964E+01,8.39964E+01,8.39964E+01,8.39964E+01,8.39964E+01,8.39964E+01,8.39964E+01,8.39964E+01,8.39964E+01,2.70529E+01,8.39964E+01,8.39964E+01,8.39964E+01,8.39964E+01,8.39964E+01,8.39964E+01,8.39964E+01,1.59972E+01,8.39964E+01,8.39964E+01,8.39964E+01,8.39964E+01,8.39964E+01,1.59972E+01,8.39964E+01,1.22757E+01,1.96357E+01,8.39964E+01,8.39964E+01,1.96357E+01,8.39964E+01,8.39964E+01,8.39964E+01,8.39964E+01,2.68713E+00,8.39964E+01,8.39964E+01,1.96357E+01,8.39964E+01,8.39964E+01,8.39964E+01,8.39964E+01,8.39964E+01,8.39964E+01,8.39964E+01,8.39964E+01,1.96357E+01,1.92502E-01,8.39964E+01,7.07512E+00,8.39964E+01 
#t = 1.512E+03
8.39964E+01,8.39964E+01,8.39964E+01,1.96357E+01,8.39964E+01,8.39964E+01,8.39964E+01,8.39964E+01,8.39964E+01,8.39964E+01,8.39964E+01,8.39964E+01,1.96357E+01,1.96357E+01,1.59972E+01,8.39964E+01,8.39964E+01,8.39964E+01,8.39964E+01,8.39964E+01,8.39964E+01,8.39964E+01,8.39964E+01,2.54190E+01,8.39964E+01,8.39964E+01,8.39964E+01,8.39964E+01,8.39964E+01,1.59972E+01,8.39964E+01,1.59972E+01,8.39964E+01,2.54190E+01,8.39964E+01,8.39964E+01,8.39964E+01,1.59972E+01,8.39964E+01,8.39964E+01,8.39964E+01,4.24606E-02,8.39964E+01,8.39964E+01,2.54190E+01,8.39964E+01,7.14503E-01,8.48847E+00,8.39964E+01 
#t = 1.554E+03
8.39964E+01,8.39964E+01,1.59972E+01,8.39964E+01,8.39964E+01,8.39964E+01,8.39964E+01,8.39964E+01,8.39964E+01,8.39964E+01,8.39964E+01,8.39964E+01,8.39964E+01,8.39964E+01,8.39964E+01,8.39964E+01,8.39964E+01,8.39964E+01,8.39964E+01,8.39964E+01,8.39964E+01,8.39964E+01,8.39964E+01,8.39964E+01,8.39964E+01,8.39964E+01,8.39964E+01,8.39964E+01,8.39964E+01,8.39964E+01,8.39964E+01,8.39964E+01,8.39964E+01,8.39964E+01,8.39964E+01,8.39964E+01,8.39964E+01,8.39964E+01,8.39964E+01,8.39964E+01,8.39964E+01,8.39964E+01,8.39964E+01,1.11071E-01,8.39964E+01,8.39964E+01,2.99549E-01,8.39964E+01,8.39964E+01 
#t = 1.596E+03
8.39964E+01,8.39964E+01,8.39964E+01,1.59972E+01,8.39964E+01,8.39964E+01,1.59972E+01,8.39964E+01,8.39964E+01,8.39964E+01,8.39964E+01,8.39964E+01,8.39964E+01,8.39964E+01,3.90260E+01,8.39964E+01,8.39964E+01,8.39964E+01,9.59029E+00,8.39964E+01,8.39964E+01,8.39964E+01,8.39964E+01,1.74740E+01,2.91313E+00,2.37514E+00,8.39964E+01,1.59972E+01,8.39964E+01,8.39964E+01,8.39964E+01,8.39964E+01,1.28361E+00,3.90260E+01,8.39964E+01,1.59972E+01,2.85864E+01,8.39964E+01,1.76103E+00,8.39964E+01,8.39964E+01,1.74740E+01,3.04388E+00 
#t = 1.638E+03
1.59972E+01,8.39964E+01,8.39964E+01,8.39964E+01,8.39964E+01,8.39964E+01,1.59972E+01,8.39964E+01,8.39964E+01,2.75033E+01,8.39964E+01,8.39964E+01,8.39964E+01,8.39964E+01,8.39964E+01,8.39964E+01,8.39964E+01,8.39964E+01,8.39964E+01,8.39964E+01,1.59972E+01,8.39964E+01,8.39964E+01,8.39964E+01,8.39964E+01,8.39964E+01,8.39964E+01,8.39964E+01,9.42762E+00,8.39964E+01,8.39964E+01,8.39964E+01,8.39964E+01,1.59972E+01,8.39964E+01,8.39964E+01,8.39964E+01,1.59972E+01,1.59972E+01,8.39964E+01,8.39964E+01,8.39964E+01,8.39964E+01,8.39964E+01,8.39964E+01,8.39964E+01,8.39964E+01,9.51566E+00,1.59972E+01,1.29558E+00 
#t = 1.680E+03
8.39964E+01,8.39964E+01,8.39964E+01,8.39964E+01,8.39964E+01,8.39964E+01,8.39964E+01,8.39964E+01,8.39964E+01,8.39964E+01,8.39964E+01,8.39964E+01,8.39964E+01,8.39964E+01,8.39964E+01,8.39964E+01,8.39964E+01,8.39964E+01,8.39964E+01,8.39964E+01,1.59972E+01,8.39964E+01,8.39964E+01,8.39964E+01,8.39964E+01,8.39964E+01,8.39964E+01,8.39964E+01,8.39964E+01,8.39964E+01,8.39964E+01,8.39964E+01,8.39964E+01,8.39964E+01,8.39964E+01,6.59779E-01 
#t = 1.722E+03
8.39964E+01,8.39964E+01,8.39964E+01,8.39964E+01,8.39964E+01,8.39964E+01,3.21178E+01,8.39964E+01,8.39964E+01,8.39964E+01,8.39964E+01,8.39964E+01,8.39964E+01,3.21178E+01,8.39964E+01,8.39964E+01,8.39964E+01,3.21178E+01,8.39964E+01,8.39964E+01,8.39964E+01,8.39964E+01,8.39964E+01,8.39964E+01,8.39964E+01,8.39964E+01,8.39964E+01,8.39964E+01,8.39964E+01,8.39964E+01,8.39964E+01,8.39964E+01,8.39964E+01,8.39964E+01,8.39964E+01,8.39964E+01,8.39964E+01,8.39964E+01,2.12341E+01,8.39964E+01,8.39964E+01,8.39964E+01,1.66499E+00,8.39964E+01,1.02435E+01,8.39964E+01,8.39964E+01 
#t = 1.764E+03
8.39964E+01,8.39964E+01,8.39964E+01,8.39964E+01,8.39964E+01,8.39964E+01,8.39964E+01,8.39964E+01,8.39964E+01,8.39964E+01,1.04612E+01,8.39964E+01,1.49164E+01,8.39964E+01,8.39964E+01,8.39964E+01,8.39964E+01,8.39964E+01,8.39964E+01,8.39964E+01,8.39964E+01,8.39964E+01,8.39964E+01,8.39964E+01,8.39964E+01,8.39964E+01,8.39964E+01,8.39964E+01,1.38528E+01,8.39964E+01,8.39964E+01,7.71632E+00,8.39964E+01 
#t = 1.806E+03
8.39964E+01,1.49164E+01,8.39964E+01,8.39964E+01,8.39964E+01,8.39964E+01,8.39964E+01,8.39964E+01,8.39964E+01,8.39964E+01,8.39964E+01,8.39964E+01,8.39964E+01,8.39964E+01,8.39964E+01,8.39964E+01,1.04612E+01,8.39964E+01,8.39964E+01,8.39964E+01,8.39964E+01,8.39964E+01,8.39964E+01,8.39964E+01,8.39964E+01,8.39964E+01,8.39964E+01,4.72492E+00,8.39964E+01,8.39964E+01,8.39964E+01,8.39964E+01,8.39964E+01,5.54553E+00,8.39964E+01,8.39964E+01,8.39964E+01,8.39964E+01,2.49849E-02 
#t = 1.848E+03
8.39964E+01,8.39964E+01,8.39964E+01,8.39964E+01,8.39964E+01,8.39964E+01,8.39964E+01,8.39964E+01,8.39964E+01,8.39964E+01,8.39964E+01,3.42253E+01,8.39964E+01,8.39964E+01,8.39964E+01,8.39964E+01,8.39964E+01,8.39964E+01,8.39964E+01,8.39964E+01,8.39964E+01,8.39964E+01,8.39964E+01,8.39964E+01,8.39964E+01,8.39964E+01,8.39964E+01,8.39964E+01,8.39964E+01,8.39964E+01,8.39964E+01,8.39964E+01,8.39964E+01,3.11863E-01,8.39964E+01,8.39964E+01,8.39964E+01,8.39964E+01 
#t = 1.890E+03
8.39964E+01,8.39964E+01,8.39964E+01,8.39964E+01,8.39964E+01,8.39964E+01,8.39964E+01,3.42253E+01,8.39964E+01,8.39964E+01,8.39964E+01,8.39964E+01,8.39964E+01,8.39964E+01,8.39964E+01,8.39964E+01,8.39964E+01,8.39964E+01,8.39964E+01,8.39964E+01,8.39964E+01,8.39964E+01,8.39964E+01,8.39964E+01,8.39964E+01,8.39964E+01,8.39964E+01,9.69177E+00,8.39964E+01,8.39964E+01,8.39964E+01,8.39964E+01,8.39964E+01,8.39964E+01,8.39964E+01,8.39964E+01,8.39964E+01,8.39964E+01,3.42253E+01,8.39964E+01,8.39964E+01,8.39964E+01,1.96345E-01 
#t = 1.932E+03
8.39964E+01,8.39964E+01,3.42253E+01,8.39964E+01,8.39964E+01,3.42253E+01,8.39964E+01,8.39964E+01,3.42253E+01,8.39964E+01,8.39964E+01,8.39964E+01,8.39964E+01,8.39964E+01,8.39964E+01,8.39964E+01,8.39964E+01,8.39964E+01,8.39964E+01,8.39964E+01,8.39964E+01,8.39964E+01,9.93770E+00,8.39964E+01,8.39964E+01,3.98459E-01,8.39964E+01,8.39964E+01,8.39964E+01,1.28501E+01,8.39964E+01,3.42253E+01,8.39964E+01,8.39964E+01,8.39964E+01,8.39964E+01,8.39964E+01,8.39964E+01,8.39964E+01,1.22106E+01,8.39964E+01,8.39964E+01 
#t = 1.974E+03
8.39964E+01,8.39964E+01,8.39964E+01,1.27783E+01,8.39964E+01,8.39964E+01,8.39964E+01,8.39964E+01,3.36575E+01,8.39964E+01,8.39964E+01,5.86189E+00,8.39964E+01,8.39964E+01,8.39964E+01,3.36575E+01,8.39964E+01,1.50035E+01,8.39964E+01,8.39964E+01,8.39964E+01,8.39964E+01,8.39964E+01,1.27783E+01,8.39964E+01,8.39964E+01,2.24881E+01,8.39964E+01,2.75034E-01,8.39964E+01,8.39964E+01,8.39964E+01,3.36575E+01,3.36575E+01,8.39964E+01,8.39964E+01,9.26578E+00,8.39964E+01,3.36575E+01,8.39964E+01,8.39964E+01,8.39964E+01,8.39964E+01,8.39964E+01,8.39964E+01 
#t = 2.016E+03
8.39964E+01,3.36575E+01,1.27783E+01,8.39964E+01,8.39964E+01,1.27783E+01,8.39964E+01,8.39964E+01,8.39964E+01,2.88098E+01,2.88098E+01,8.39964E+01,8.39964E+01,8.39964E+01,3.36575E+01,1.27783E+01,8.39964E+01,8.39964E+01,8.39964E+01,8.39964E+01,8.39964E+01,8.39964E+01,8.39964E+01,8.39964E+01,8.39964E+01,3.36575E+01,8.39964E+01,8.39964E+01,3.36575E+01,8.39964E+01,8.39964E+01,8.39964E+01,8.39964E+01,2.88098E+01,8.39964E+01,1.11791E+00,8.39964E+01,8.39964E+01,2.88098E+01,8.39964E+01,3.36575E+01,8.39964E+01,8.39964E+01 
#t = 2.058E+03
8.39964E+01,8.39964E+01,8.39964E+01,8.39964E+01,3.36575E+01,8.39964E+01,8.39964E+01,8.39964E+01,8.39964E+01,3.36575E+01,8.39964E+01,8.39964E+01,3.36575E+01,8.39964E+01,8.39964E+01,8.39964E+01,8.39964E+01,8.39964E+01,3.36575E+01,8.39964E+01,8.39964E+01,8.39964E+01,1.53837E+01,8.39964E+01,8.39964E+01,8.39964E+01,8.39964E+01,8.39964E+01,8.39964E+01,8.39964E+01,8.39964E+01,8.39964E+01,8.39964E+01,8.39964E+01,8.39964E+01,8.39964E+01,8.39964E+01,3.36575E+01,1.97069E+00,3.36575E+01,8.39964E+01,8.39964E+01,8.39964E+01,8.39964E+01 
#t = 2.100E+03
8.39964E+01,8.39964E+01,8.39964E+01,8.39964E+01,8.39964E+01,8.39964E+01,8.39964E+01,8.39964E+01,1.68664E+01,8.39964E+01,8.39964E+01,8.39964E+01,8.39964E+01,8.39964E+01,8.39964E+01,8.39964E+01,8.39964E+01,8.39964E+01,8.39964E+01,8.39964E+01,3.37067E+01,8.39964E+01,8.39964E+01,8.39964E+01,8.39964E+01,8.39964E+01,8.39964E+01,8.39964E+01,9.21029E-01,8.39964E+01,8.39964E+01,8.39964E+01,8.39964E+01,8.39964E+01,8.39964E+01,1.84036E+00,8.39964E+01,8.39964E+01,8.39964E+01,8.39964E+01 
#t = 2.142E+03
8.39964E+01,8.39964E+01,8.39964E+01,8.39964E+01,8.39964E+01,8.39964E+01,8.39964E+01,8.39964E+01,8.39964E+01,8.39964E+01,8.39964E+01,1.78273E+01,8.39964E+01,8.39964E+01,1.78273E+01,8.39964E+01,8.39964E+01,8.39964E+01,8.39964E+01,8.39964E+01,8.39964E+01,8.39964E+01,8.39964E+01,8.39964E+01,8.39964E+01,8.39964E+01,8.39964E+01,8.39964E+01,8.39964E+01,8.39964E+01,8.39964E+01,8.39964E+01,1.78273E+01,8.39964E+01,8.39964E+01,3.23756E-01,8.39964E+01,8.39964E+01,7.74425E-01,8.39964E+01 
#t = 2.184E+03
1.78273E+01,8.39964E+01,8.39964E+01,8.39964E+01,8.39964E+01,8.39964E+01,8.39964E+01,8.39964E+01,8.39964E+01,8.39964E+01,1.78273E+01,8.39964E+01,1.85154E+01,8.39964E+01,8.39964E+01,8.39964E+01,8.39964E+01,9.76782E+00,8.39964E+01,8.39964E+01,8.39964E+01,1.78273E+01,8.39964E+01,1.78273E+01,8.39964E+01,8.39964E+01,8.39964E+01,1.78273E+01,8.39964E+01,8.39964E+01,8.39964E+01,8.39964E+01,8.39964E+01,1.78273E+01,8.39964E+01,8.39964E+01,8.39964E+01,8.39964E+01,8.39964E+01,8.39964E+01,8.39964E+01 
#t = 2.226E+03
1.78273E+01,8.39964E+01,1.78273E+01,8.39964E+01,8.39964E+01,8.39964E+01,8.39964E+01,8.39964E+01,8.39964E+01,8.39964E+01,8.39964E+01,8.39964E+01,8.39964E+01,8.39964E+01,8.39964E+01,8.39964E+01,8.39964E+01,8.39964E+01,8.39964E+01,8.39964E+01,8.39964E+01,8.39964E+01,8.39964E+01,8.39964E+01,8.39964E+01,8.39964E+01,8.39964E+01,8.39964E+01,8.39964E+01,8.39964E+01,8.39964E+01,8.39964E+01,8.39964E+01,8.39964E+01,8.39964E+01,8.39964E+01,8.39964E+01,8.39964E+01,8.39964E+01,8.39964E+01,1.77474E+00,3.28193E-01,8.39964E+01 
#t = 2.268E+03
8.39964E+01,8.39964E+01,8.39964E+01,8.39964E+01,8.39964E+01,8.39964E+01,8.39964E+01,8.39964E+01,8.39964E+01,8.39964E+01,8.39964E+01,8.39964E+01,8.39964E+01,8.39964E+01,8.39964E+01,8.39964E+01,8.39964E+01,8.39964E+01,8.39964E+01,8.39964E+01,8.39964E+01,8.39964E+01,8.39964E+01,2.60777E-01,8.39964E+01 
#t = 2.310E+03
8.39964E+01,8.39964E+01,8.39964E+01,8.39964E+01,8.39964E+01,8.39964E+01,8.39964E+01,8.39964E+01,8.39964E+01,8.39964E+01,8.39964E+01,8.39964E+01,8.39964E+01,8.39964E+01,8.39964E+01,8.39964E+01,8.39964E+01,8.39964E+01,8.39964E+01,8.39964E+01,8.39964E+01,8.39964E+01,8.39964E+01,8.39964E+01,8.39964E+01,8.39964E+01,8.39964E+01,8.39964E+01,8.39964E+01,8.39964E+01,8.39964E+01,8.39964E+01,8.39964E+01,8.39964E+01,8.39964E+01,8.39964E+01,8.39964E+01,8.39964E+01,8.39964E+01,8.39964E+01,8.39964E+01,8.39964E+01,8.39964E+01,7.15304E-01,8.39964E+01,8.39964E+01,8.39964E+01,8.39964E+01,8.39964E+01,8.39964E+01,8.39964E+01,8.39964E+01,8.39964E+01,8.39964E+01,8.39964E+01 
#t = 2.352E+03
8.39964E+01,8.39964E+01,8.39964E+01,8.39964E+01,2.79559E+01,8.39964E+01,8.39964E+01,8.39964E+01,1.52662E+01,8.39964E+01,8.39964E+01,8.39964E+01,8.39964E+01,8.39964E+01,8.39964E+01,8.39964E+01,8.39964E+01,8.39964E+01,8.39964E+01,8.39964E+01,8.39964E+01,8.39964E+01,8.39964E+01,8.39964E+01,8.39964E+01,8.39964E+01,8.39964E+01,8.39964E+01,8.39964E+01,8.39964E+01,8.39964E+01,8.39964E+01,8.39964E+01,8.39964E+01,8.39964E+01,8.39964E+01,8.39964E+01,5.30368E-01,8.39964E+01,8.39964E+01,2.79559E+01 
#t = 2.394E+03
8.39964E+01,8.39964E+01,8.39964E+01,8.39964E+01,8.39964E+01,8.39964E+01,8.39964E+01,8.39964E+01,8.39964E+01,8.39964E+01,8.39964E+01,8.39964E+01,8.39964E+01,8.39964E+01,8.39964E+01,8.39964E+01,8.39964E+01,8.39964E+01,8.39964E+01,8.39964E+01,8.39964E+01,8.39964E+01,8.39964E+01,8.39964E+01,8.39964E+01,8.39964E+01,8.39964E+01,8.39964E+01,8.39964E+01,4.39006E+01,8.39964E+01,8.39964E+01,8.39964E+01,8.39964E+01,8.39964E+01,4.39006E+01,8.39964E+01,7.72133E+00,8.39964E+01,8.39964E+01,8.39964E+01,8.39964E+01,8.39964E+01,8.39964E+01 
#t = 2.436E+03
8.39964E+01,8.39964E+01,8.39964E+01,8.39964E+01,8.39964E+01,8.39964E+01,8.39964E+01,8.39964E+01,8.39964E+01,8.39964E+01,8.39964E+01,8.39964E+01,8.39964E+01,8.39964E+01,8.39964E+01,8.39964E+01,8.39964E+01,8.39964E+01,8.39964E+01,8.39964E+01,8.39964E+01,8.39964E+01,8.39964E+01,8.39964E+01,8.39964E+01,8.39964E+01,8.39964E+01,8.39964E+01,8.39964E+01,8.39964E+01,8.39964E+01,8.39964E+01,8.39964E+01,8.39964E+01,8.39964E+01,8.39964E+01,8.39964E+01,8.39964E+01,8.39964E+01,8.39964E+01,8.39964E+01,8.39964E+01,6.32010E+00,8.39964E+01,5.03724E+00 
#t = 2.478E+03
8.39964E+01,8.39964E+01,8.39964E+01,8.39964E+01,8.39964E+01,8.39964E+01,8.39964E+01,8.39964E+01,8.39964E+01,8.39964E+01,8.39964E+01,8.39964E+01,8.39964E+01,8.39964E+01,8.39964E+01,8.39964E+01,8.39964E+01,5.40907E+01,8.39964E+01,8.39964E+01,8.12154E+00,8.39964E+01,8.39964E+01,5.40907E+01,8.39964E+01,8.39964E+01,8.39964E+01,8.39964E+01,8.39964E+01,8.39964E+01,1.30770E+01,8.39964E+01,8.39964E+01,8.39964E+01,4.70138E+00,8.39964E+01,8.39964E+01,8.39964E+01,8.39964E+01,8.39964E+01,3.00632E+01,8.39964E+01,8.39964E+01,8.39964E+01,1.67684E+01,1.16382E-01,8.39964E+01,8.39964E+01,8.39964E+01,8.39964E+01,8.39964E+01,8.39964E+01,8.39964E+01 
#t = 2.520E+03
8.39964E+01,8.12154E+00,1.67684E+01,8.39964E+01,8.39964E+01,8.39964E+01,8.39964E+01,8.39964E+01,8.39964E+01,8.39964E+01,8.39964E+01,8.39964E+01,8.39964E+01,8.39964E+01,1.67684E+01,1.67684E+01,8.39964E+01,8.39964E+01,1.67684E+01,8.39964E+01,8.39964E+01,8.39964E+01,8.39964E+01,8.39964E+01,8.39964E+01,8.39964E+01,8.39964E+01,5.03618E+00,8.39964E+01,8.39964E+01,8.39964E+01,8.39964E+01,8.39964E+01,8.39964E+01,8.39964E+01,8.39964E+01,8.39964E+01,8.39964E+01,8.39964E+01,8.39964E+01,8.39964E+01,3.09069E+00,1.67684E+01,9.67209E+00,1.31653E-01,1.67125E-01 
#t = 2.562E+03
8.39964E+01,8.39964E+01,8.39964E+01,8.39964E+01,8.39964E+01,1.36374E+01,8.39964E+01,1.67684E+01,8.39964E+01,8.39964E+01,8.39964E+01,8.39964E+01,8.39964E+01,8.39964E+01,8.39964E+01,8.39964E+01,8.39964E+01,8.39964E+01,1.36374E+01,8.39964E+01,8.39964E+01,8.39964E+01,8.39964E+01,8.39964E+01,8.39964E+01,1.36374E+01,8.39964E+01,8.39964E+01,8.39964E+01,8.39964E+01,8.39964E+01,8.39964E+01,8.39964E+01,8.39964E+01,8.39964E+01,8.39964E+01,8.39964E+01,8.39964E+01,1.52211E+00,1.86383E+00 
#t = 2.604E+03
1.36374E+01,8.39964E+01,8.39964E+01,8.39964E+01,8.39964E+01,8.39964E+01,8.39964E+01,8.39964E+01,8.39964E+01,8.39964E+01,8.39964E+01,8.39964E+01,8.39964E+01,8.39964E+01,8.39964E+01,8.39964E+01,8.39964E+01,8.39964E+01,8.39964E+01,8.39964E+01,8.39964E+01,8.39964E+01,8.39964E+01,8.39964E+01,8.39964E+01,8.39964E+01,2.20063E+00,8.39964E+01,8.39964E+01,8.39964E+01,8.39964E+01,8.39964E+01,8.39964E+01,8.39964E+01,8.39964E+01,8.39964E+01,8.39964E+01,8.39964E+01,7.67780E+00,8.39964E+01,8.39964E+01,8.39964E+01,8.39964E+01,8.39964E+01,8.39964E+01,8.39964E+01,8.39964E+01,8.39964E+01,1.20287E-01 
#t = 2.646E+03
8.39964E+01,8.39964E+01,8.39964E+01,8.39964E+01,8.39964E+01,8.39964E+01,8.39964E+01,8.39964E+01,2.57825E+01,8.39964E+01,8.39964E+01,8.39964E+01,8.39964E+01,8.39964E+01,8.39964E+01,8.39964E+01,8.39964E+01,2.57825E+01,8.39964E+01,8.39964E+01,8.39964E+01,8.39964E+01,8.39964E+01,8.39964E+01,8.39964E+01,8.39964E+01,8.39964E+01,8.39964E+01,8.39964E+01,8.39964E+01,8.39964E+01,8.39964E+01,8.39964E+01,9.47706E-01,8.39964E+01,2.28291E-01,5.58872E+01,8.39964E+01,8.39964E+01,8.39964E+01,8.39964E+01,1.81392E-01,8.39964E+01,8.39964E+01,5.58872E+01 
#t = 2.688E+03
8.39964E+01,8.39964E+01,8.39964E+01,8.39964E+01,8.39964E+01,8.39964E+01,8.39964E+01,8.39964E+01,8.39964E+01,8.39964E+01,8.39964E+01,8.39964E+01,8.39964E+01,8.39964E+01,8.39964E+01,8.39964E+01,8.39964E+01,8.39964E+01,8.39964E+01,8.39964E+01,8.39964E+01,8.39964E+01,8.39964E+01,8.39964E+01,8.39964E+01,8.39964E+01,8.39964E+01,8.39964E+01,8.39964E+01,8.39964E+01,8.39964E+01,8.39964E+01,8.39964E+01,8.39964E+01,8.39964E+01,8.39964E+01,8.39964E+01,8.39964E+01,8.39964E+01,8.39964E+01,1.42256E+00,8.39964E+01 
#t = 2.730E+03
8.39964E+01,8.39964E+01,8.39964E+01,8.39964E+01,8.39964E+01,8.39964E+01,8.39964E+01,8.39964E+01,8.39964E+01,8.39964E+01,8.39964E+01,8.39964E+01,8.39964E+01,8.39964E+01,8.39964E+01,8.39964E+01,8.39964E+01,8.39964E+01,8.39964E+01,8.39964E+01,8.39964E+01,8.39964E+01,8.39964E+01,8.39964E+01,8.39964E+01,8.39964E+01,8.39964E+01,8.39964E+01,2.20479E+01,8.39964E+01,8.39964E+01,8.39964E+01,8.39964E+01,8.39964E+01,1.01731E-01,8.39964E+01,8.39964E+01,8.39964E+01,8.39964E+01,8.39964E+01,8.39964E+01 
#t = 2.772E+03
8.39964E+01,8.39964E+01,8.39964E+01,8.39964E+01,8.39964E+01,8.39964E+01,8.39964E+01,8.39964E+01,8.39964E+01,8.39964E+01,1.45999E+01,8.39964E+01,8.39964E+01,8.39964E+01,8.39964E+01,8.39964E+01,8.39964E+01,8.39964E+01,8.39964E+01,8.39964E+01,8.39964E+01,8.39964E+01,8.39964E+01,8.39964E+01,8.39964E+01,8.39964E+01,8.39964E+01,8.39964E+01,8.39964E+01,8.39964E+01,8.39964E+01,8.39964E+01,8.39964E+01,8.39964E+01,8.39964E+01,1.45999E+01,8.39964E+01,8.39964E+01 
#t = 2.814E+03
8.39964E+01,8.39964E+01,8.39964E+01,8.39964E+01,8.39964E+01,8.39964E+01,8.39964E+01,8.39964E+01,8.39964E+01,8.39964E+01,8.39964E+01,8.39964E+01,8.39964E+01,8.39964E+01,8.39964E+01,8.39964E+01,8.39964E+01,8.39964E+01,8.39964E+01,8.39964E+01,8.39964E+01,8.39964E+01,8.39964E+01,8.39964E+01,8.39964E+01,8.39964E+01,8.39964E+01,8.39964E+01,8.39964E+01,8.39964E+01,8.39964E+01,8.39964E+01,2.14568E+00,8.39964E+01,8.39964E+01,8.39964E+01,9.04197E-01,8.39964E+01,8.39964E+01,8.39964E+01,8.39964E+01 
#t = 2.856E+03
8.39964E+01,8.39964E+01,8.39964E+01,8.39964E+01,8.39964E+01,1.81184E+01,8.39964E+01,8.39964E+01,8.39964E+01,8.39964E+01,8.39964E+01,2.39259E+01,8.39964E+01,1.81184E+01,8.39964E+01,8.39964E+01,1.81184E+01,8.39964E+01,8.39964E+01,8.39964E+01,4.62130E+01,1.29165E+01,8.39964E+01,8.39964E+01,8.39964E+01,8.39964E+01,8.39964E+01,8.39964E+01,8.39964E+01,1.81184E+01,8.39964E+01,8.53173E+00,8.39964E+01,8.39964E+01,6.91742E-01,8.39964E+01,8.39964E+01,1.81184E+01,8.39964E+01,1.81184E+01,1.81184E+01,1.81184E+01,8.39964E+01,8.71457E+00,1.81184E+01,8.39964E+01 
#t = 2.898E+03
8.39964E+01,8.39964E+01,8.39964E+01,8.39964E+01,8.39964E+01,1.81184E+01,8.39964E+01,8.39964E+01,8.39964E+01,8.39964E+01,8.39964E+01,8.39964E+01,8.39964E+01,8.39964E+01,8.39964E+01,8.39964E+01,8.39964E+01,8.39964E+01,8.39964E+01,8.39964E+01,8.39964E+01,8.39964E+01,8.39964E+01,8.39964E+01,8.39964E+01,8.39964E+01,8.39964E+01,8.39964E+01,8.39964E+01,8.39964E+01,8.39964E+01,8.39964E+01,8.39964E+01,8.39964E+01,8.39964E+01,8.39964E+01,8.39964E+01,8.39964E+01,8.39964E+01,8.39964E+01,8.39964E+01,8.39964E+01,8.39964E+01,8.39964E+01,6.92340E+00,8.39964E+01,8.39964E+01,8.39964E+01,9.71812E+00,8.39964E+01,8.39964E+01,8.39964E+01,1.02781E+00,8.39964E+01,1.17961E-01 
#t = 2.940E+03
8.39964E+01,8.39964E+01,8.39964E+01,8.39964E+01,8.39964E+01,8.39964E+01,8.39964E+01,8.39964E+01,8.39964E+01,8.39964E+01,8.39964E+01,8.39964E+01,8.39964E+01,8.39964E+01,8.39964E+01,8.39964E+01,8.39964E+01,8.39964E+01,8.39964E+01,8.39964E+01,8.39964E+01,8.39964E+01,8.39964E+01,8.39964E+01,8.39964E+01,8.39964E+01,8.39964E+01,8.39964E+01,8.39964E+01,8.39964E+01,8.39964E+01,8.39964E+01,8.39964E+01,8.39964E+01,8.39964E+01,8.39964E+01,8.39964E+01,1.52891E+00,8.39964E+01,6.22613E+00,8.39964E+01,8.39964E+01,8.39964E+01,8.39964E+01,8.39964E+01,8.39964E+01,8.39964E+01 
#t = 2.982E+03
8.39964E+01,8.39964E+01,8.39964E+01,8.39964E+01,8.39964E+01,8.39964E+01,8.39964E+01,8.39964E+01,8.39964E+01,8.39964E+01,8.39964E+01,8.39964E+01,8.39964E+01,8.39964E+01,8.39964E+01,8.39964E+01,8.39964E+01,8.39964E+01,6.40980E+01,8.39964E+01,8.39964E+01,8.39964E+01,8.39964E+01,8.39964E+01,8.39964E+01,8.39964E+01,8.39964E+01,8.39964E+01,2.21745E+01,8.39964E+01,8.39964E+01,1.21348E+01,8.39964E+01,8.39964E+01,1.21348E+01,8.39964E+01,8.39964E+01,8.39964E+01,8.39964E+01,8.39964E+01,4.92919E+00,8.39964E+01,8.39964E+01,8.39964E+01,8.39964E+01,8.39964E+01,8.39964E+01,8.39964E+01,1.21348E+01,5.64801E+01,5.05915E-01 
#t = 3.024E+03
8.39964E+01,8.39964E+01,8.39964E+01,8.39964E+01,8.39964E+01,1.21348E+01,8.39964E+01,2.21745E+01,1.21348E+01,8.39964E+01,8.39964E+01,8.39964E+01,8.39964E+01,8.39964E+01,6.40980E+01,1.21348E+01,8.39964E+01,1.21348E+01,8.39964E+01,8.39964E+01,8.39964E+01,8.39964E+01,8.39964E+01,2.21745E+01,8.39964E+01,8.39964E+01,8.39964E+01,1.21348E+01,8.39964E+01,8.39964E+01,8.39964E+01,8.39964E+01,8.39964E+01,8.39964E+01,4.32839E+00,1.21348E+01,8.39964E+01,8.39964E+01,8.39964E+01,6.97999E+00,8.39964E+01,8.39964E+01,8.39964E+01,8.39964E+01,8.39964E+01,8.39964E+01,8.39964E+01 
#t = 3.066E+03
8.39964E+01,8.39964E+01,8.39964E+01,8.39964E+01,8.39964E+01,8.39964E+01,8.39964E+01,8.39964E+01,8.39964E+01,8.39964E+01,8.39964E+01,8.39964E+01,8.39964E+01,8.39964E+01,8.39964E+01,8.39964E+01,8.39964E+01,8.39964E+01,8.39964E+01,8.39964E+01,8.39964E+01,8.39964E+01,8.39964E+01,8.39964E+01,8.39964E+01,8.39964E+01,8.39964E+01,8.39964E+01,8.39964E+01,8.39964E+01,8.39964E+01,8.39964E+01,8.39964E+01,8.39964E+01,8.39964E+01,8.39964E+01,8.39964E+01,8.39964E+01,2.27529E+00,8.39964E+01,3.02938E+00,8.39964E+01,8.39964E+01,8.39964E+01,8.39964E+01,8.39964E+01,8.39964E+01 
#t = 3.108E+03
8.39964E+01,8.39964E+01,8.39964E+01,8.39964E+01,8.39964E+01,8.39964E+01,8.39964E+01,8.39964E+01,8.39964E+01,8.39964E+01,6.07582E+01,8.39964E+01,8.39964E+01,3.35823E+00,8.39964E+01,8.39964E+01,8.39964E+01,8.39964E+01,8.39964E+01,8.39964E+01,8.39964E+01,8.39964E+01,8.39964E+01,8.39964E+01,8.39964E+01,8.39964E+01,9.57578E+00,8.39964E+01,8.39964E+01,8.39964E+01,8.39964E+01,8.39964E+01,8.39964E+01,8.39964E+01,8.39964E+01,8.39964E+01,8.39964E+01,8.39964E+01,8.39964E+01,8.39964E+01,8.39964E+01,8.39964E+01,8.39964E+01,8.39964E+01,1.36784E+00,2.17759E+00,8.39964E+01,6.72460E-01,1.95573E-01,8.39964E+01,8.39964E+01,8.39964E+01,1.50816E+00 
#t = 3.150E+03
8.39964E+01,8.39964E+01,8.39964E+01,8.39964E+01,8.39964E+01,8.39964E+01,8.39964E+01,8.39964E+01,8.39964E+01,1.38612E+01,8.39964E+01,8.39964E+01,8.39964E+01,8.39964E+01,8.39964E+01,8.39964E+01,8.39964E+01,8.39964E+01,8.98962E+00,8.39964E+01,8.39964E+01,8.39964E+01,8.39964E+01,8.39964E+01,8.39964E+01,8.39964E+01,8.39964E+01,8.39964E+01,1.38612E+01,8.39964E+01,1.38612E+01,8.39964E+01,3.82495E+01,8.39964E+01,8.39964E+01,8.39964E+01,8.39964E+01,1.38612E+01,1.38612E+01,8.39964E+01,8.39964E+01,8.39964E+01,8.39964E+01,8.39964E+01,8.39964E+01,8.39964E+01,8.39964E+01,8.39964E+01,4.15578E+00,8.39964E+01,8.39964E+01,8.39964E+01,8.39964E+01,8.39964E+01,8.39964E+01,8.39964E+01,8.39964E+01,8.39964E+01 
#t = 3.192E+03
8.39964E+01,8.39964E+01,8.39964E+01,1.38612E+01,8.39964E+01,8.39964E+01,8.39964E+01,8.39964E+01,8.39964E+01,8.39964E+01,8.39964E+01,8.39964E+01,8.39964E+01,1.40046E+01,8.39964E+01,1.38612E+01,1.38612E+01,1.38612E+01,8.39964E+01,8.39964E+01,8.39964E+01,8.39964E+01,8.39964E+01,8.39964E+01,8.39964E+01,8.39964E+01,8.39964E+01,8.39964E+01,8.39964E+01,8.39964E+01,8.39964E+01,8.39964E+01,8.39964E+01,8.39964E+01,2.16255E+01,8.39964E+01,8.39964E+01,8.39964E+01,1.38612E+01,8.39964E+01,8.39964E+01,8.39964E+01,8.39964E+01,8.39964E+01,8.39964E+01,3.16559E-01,8.39964E+01,8.39964E+01,8.39964E+01,8.39964E+01,8.39964E+01,3.48060E-01,8.39964E+01,8.39964E+01,8.39964E+01,8.39964E+01,8.39964E+01,3.21693E-02 
#t = 3.234E+03
8.39964E+01,8.39964E+01,8.39964E+01,8.39964E+01,8.39964E+01,8.39964E+01,8.39964E+01,8.39964E+01,8.39964E+01,8.39964E+01,8.39964E+01,8.39964E+01,8.39964E+01,8.39964E+01,8.39964E+01,8.39964E+01,8.39964E+01,8.39964E+01,8.39964E+01,1.00182E+01,8.39964E+01,8.39964E+01,8.39964E+01,8.39964E+01,8.39964E+01,8.39964E+01,8.39964E+01,8.39964E+01,8.39964E+01,1.04667E+01,8.39964E+01,8.39964E+01,8.39964E+01,8.39964E+01,8.39964E+01,8.39964E+01,8.39964E+01,8.39964E+01,8.39964E+01,4.18615E+00,8.39964E+01,8.39964E+01,8.39964E+01,8.39964E+01,8.39964E+01,8.39964E+01,4.40960E+00,8.39964E+01,8.39964E+01 
#t = 3.276E+03
8.39964E+01,8.39964E+01,8.39964E+01,8.39964E+01,8.39964E+01,8.39964E+01,1.01937E+01,8.39964E+01,8.39964E+01,8.39964E+01,1.58960E+01,8.39964E+01,8.39964E+01,8.04740E+00,8.39964E+01,8.39964E+01,8.39964E+01,8.39964E+01,8.39964E+01,8.39964E+01,8.39964E+01,8.39964E+01,8.39964E+01,8.39964E+01,8.39964E+01,8.39964E+01,8.39964E+01,8.39964E+01,2.81513E+01,8.39964E+01,8.39964E+01,1.26025E+01,8.39964E+01,8.39964E+01,8.39964E+01,8.39964E+01,1.94687E-01,8.39964E+01,8.39964E+01,8.39964E+01,8.39964E+01,8.39964E+01,8.39964E+01,8.39964E+01,1.10857E+01,8.39964E+01,5.88589E+00,8.39964E+01,8.39964E+01,1.69793E-01 
#t = 3.318E+03
8.39964E+01,8.39964E+01,8.39964E+01,8.39964E+01,8.39964E+01,8.39964E+01,8.39964E+01,8.39964E+01,8.39964E+01,8.39964E+01,2.81513E+01,8.39964E+01,8.39964E+01,8.39964E+01,8.37059E+00,8.39964E+01,8.39964E+01,8.39964E+01,8.39964E+01,8.39964E+01,8.39964E+01,8.39964E+01,8.39964E+01,8.39964E+01,8.39964E+01,8.39964E+01,8.39964E+01,8.39964E+01,2.81513E+01,8.39964E+01,8.39964E+01,8.39964E+01,5.27815E-01,8.39964E+01,8.39964E+01,8.39964E+01 
#t = 3.360E+03
8.39964E+01,8.39964E+01,8.39964E+01,8.39964E+01,8.39964E+01,8.39964E+01,8.39964E+01,8.39964E+01,8.39964E+01,8.39964E+01,8.39964E+01,8.39964E+01,8.39964E+01,8.39964E+01,8.39964E+01,8.39964E+01,8.39964E+01,8.39964E+01,8.39964E+01,8.39964E+01,8.39964E+01,3.52811E+00,8.39964E+01,8.39964E+01,8.39964E+01,8.39964E+01,8.39964E+01,8.40553E-01,8.39964E+01,8.39964E+01,8.39964E+01,8.39964E+01,3.94984E-01 
#t = 3.402E+03
8.39964E+01,8.39964E+01,8.39964E+01,8.39964E+01,8.39964E+01,8.39964E+01,8.39964E+01,8.39964E+01,8.39964E+01,8.39964E+01,8.39964E+01,8.39964E+01,8.39964E+01,8.39964E+01,8.39964E+01,8.39964E+01,8.39964E+01,8.39964E+01,8.39964E+01,8.39964E+01,8.39964E+01,8.39964E+01,8.39964E+01,8.39964E+01,8.39964E+01,8.39964E+01,8.39964E+01,8.39964E+01,8.39964E+01,5.24637E-01,2.74573E+00,8.39964E+01,8.39964E+01,8.39964E+01,8.39964E+01,8.39964E+01 
#t = 3.444E+03
8.39964E+01,8.39964E+01,8.39964E+01,8.39964E+01,8.39964E+01,8.39964E+01,8.39964E+01,8.39964E+01,8.39964E+01,8.39964E+01,8.39964E+01,8.39964E+01,8.39964E+01,8.39964E+01,8.39964E+01,8.39964E+01,8.39964E+01,8.39964E+01,8.39964E+01,8.39964E+01,8.39964E+01,8.39964E+01,8.39964E+01,8.39964E+01,8.39964E+01,8.39964E+01,8.39964E+01,8.39964E+01,8.39964E+01,8.39964E+01,8.39964E+01,8.39964E+01,8.39964E+01,8.39964E+01,8.39964E+01,8.39964E+01,8.39964E+01,8.39964E+01,8.39964E+01,8.39964E+01,8.39964E+01,8.39964E+01,8.39964E+01 
#t = 3.486E+03
8.39964E+01,8.39964E+01,8.39964E+01,8.39964E+01,8.39964E+01,8.39964E+01,8.39964E+01,8.39964E+01,8.39964E+01,8.39964E+01,8.39964E+01,8.39964E+01,8.39964E+01,8.39964E+01,8.39964E+01,8.39964E+01,8.39964E+01,8.39964E+01,8.39964E+01,8.39964E+01,8.39964E+01,8.39964E+01,8.39964E+01,8.39964E+01,8.39964E+01,8.39964E+01,8.39964E+01,8.39964E+01,8.39964E+01,8.39964E+01,8.30863E-01,8.39964E+01,8.39964E+01,1.33574E+00,8.39964E+01,8.39964E+01,8.39964E+01,8.39964E+01 
#t = 3.528E+03
8.39964E+01,8.39964E+01,8.39964E+01,8.39964E+01,8.39964E+01,8.39964E+01,8.66891E+00,8.39964E+01,8.39964E+01,8.39964E+01,8.39964E+01,8.39964E+01,8.39964E+01,8.39964E+01,8.39964E+01,8.39964E+01,8.39964E+01,8.39964E+01,8.39964E+01,8.39964E+01,8.39964E+01,8.39964E+01,8.39964E+01,8.39964E+01,8.39964E+01,8.39964E+01,2.24274E+01,8.39964E+01,8.39964E+01,8.39964E+01,8.39964E+01,8.39964E+01,8.39964E+01,8.39964E+01,8.39964E+01,1.36570E+01,8.39964E+01,8.39964E+01,8.39964E+01,8.39964E+01,4.19511E-01 
#t = 3.570E+03
8.39964E+01,8.39964E+01,8.39964E+01,8.39964E+01,8.39964E+01,8.39964E+01,8.39964E+01,8.39964E+01,8.39964E+01,8.39964E+01,8.39964E+01,8.39964E+01,8.39964E+01,8.39964E+01,8.39964E+01,8.39964E+01,8.39964E+01,8.39964E+01,8.39964E+01,8.39964E+01,8.39964E+01,8.39964E+01,8.39964E+01,8.39964E+01,8.39964E+01,8.39964E+01,8.39964E+01,8.39964E+01,8.39964E+01,8.39964E+01,8.39964E+01,8.39964E+01,8.39964E+01,8.39964E+01,8.39964E+01,8.39964E+01,8.39964E+01,8.39964E+01,8.39964E+01,2.13259E-01,8.39964E+01,4.14794E-01 
#t = 3.612E+03
8.39964E+01,8.39964E+01,8.39964E+01,8.39964E+01,8.39964E+01,8.39964E+01,8.39964E+01,8.39964E+01,8.39964E+01,8.39964E+01,8.39964E+01,8.39964E+01,8.39964E+01,8.39964E+01,8.39964E+01,8.39964E+01,8.39964E+01,8.39964E+01,8.39964E+01,8.39964E+01,8.39964E+01,8.39964E+01,8.39964E+01,8.39964E+01,8.39964E+01,8.39964E+01,1.21458E+01,8.39964E+01,8.39964E+01,8.39964E+01,8.39964E+01,8.39964E+01,8.39964E+01,8.39964E+01,8.39964E+01,8.39964E+01,8.39964E+01,8.39964E+01,8.39964E+01,1.21458E+01,4.30550E-01 
#t = 3.654E+03
8.39964E+01,8.39964E+01,8.39964E+01,8.39964E+01,8.39964E+01,1.21458E+01,8.39964E+01,8.39964E+01,8.39964E+01,8.39964E+01,8.39964E+01,8.39964E+01,8.39964E+01,8.39964E+01,8.39964E+01,8.39964E+01,8.39964E+01,8.39964E+01,8.39964E+01,8.39964E+01,8.39964E+01,8.39964E+01,8.39964E+01,8.39964E+01,8.39964E+01,8.39964E+01,8.39964E+01,8.39964E+01,8.39964E+01,8.39964E+01,8.39964E+01,8.39964E+01,8.39964E+01,8.39964E+01,2.04627E+01,8.39964E+01,2.04627E+01,8.39964E+01,8.39964E+01,8.39964E+01,8.39964E+01,1.34324E+00,8.39964E+01,2.04627E+01,8.39964E+01,8.39964E+01,2.04627E+01,8.39964E+01,2.04627E+01,2.61406E+00,8.39964E+01 
#t = 3.696E+03
8.39964E+01,8.39964E+01,8.39964E+01,2.04627E+01,8.39964E+01,2.04627E+01,2.04627E+01,2.04627E+01,8.39964E+01,8.39964E+01,2.04627E+01,8.39964E+01,2.04627E+01,8.39964E+01,8.39964E+01,8.39964E+01,8.39964E+01,8.39964E+01,8.39964E+01,2.04627E+01,8.39964E+01,8.39964E+01,8.39964E+01,8.39964E+01,8.39964E+01,1.06124E+01,6.19174E-02,3.03388E+00,2.04627E+01,8.39964E+01,6.12969E+00,8.39964E+01,8.39964E+01,8.39964E+01 
#t = 3.738E+03
8.39964E+01,8.39964E+01,2.04627E+01,8.39964E+01,8.39964E+01,8.39964E+01,8.39964E+01,8.39964E+01,8.39964E+01,8.39964E+01,8.39964E+01,6.31999E+00,8.39964E+01,8.39964E+01,8.39964E+01,8.39964E+01,8.39964E+01,8.39964E+01,8.39964E+01,1.24049E+01,8.39964E+01,8.39964E+01,8.39964E+01,8.39964E+01,8.39964E+01,8.39964E+01,8.39964E+01,8.39964E+01,8.39964E+01,2.74985E+02,8.39964E+01,8.39964E+01,2.74985E+02 
#t = 3.780E+03
8.39964E+01,2.74985E+02,8.39964E+01,8.39964E+01,8.39964E+01,8.39964E+01,8.39964E+01,8.39964E+01,8.39964E+01,2.74985E+02,3.50694E+01,8.39964E+01,8.39964E+01,8.39964E+01,8.39964E+01,8.39964E+01,2.35337E+01,2.74985E+02,8.39964E+01,8.39964E+01,8.39964E+01,8.39964E+01,8.39964E+01,8.39964E+01,8.39964E+01,8.39964E+01,8.39964E+01,8.39964E+01,1.00612E+01,2.74985E+02,8.39964E+01,2.74985E+02,8.39964E+01,8.39964E+01,8.39964E+01,8.39964E+01,1.28720E+00,2.74985E+02,2.74985E+02,2.74985E+02,2.74985E+02,8.39964E+01,2.80696E+00 
#t = 3.822E+03
8.39964E+01,8.39964E+01,8.39964E+01,8.39964E+01,8.39964E+01,2.35337E+01,8.39964E+01,8.39964E+01,8.39964E+01,8.39964E+01,8.39964E+01,8.39964E+01,8.39964E+01,2.35337E+01,8.39964E+01,8.39964E+01,8.39964E+01,2.35337E+01,8.37597E+00,8.39964E+01,8.39964E+01,8.39964E+01,8.39964E+01,8.39964E+01,8.39964E+01,8.39964E+01,8.39964E+01,8.39964E+01,8.39964E+01,8.39964E+01,8.39964E+01,2.35337E+01,1.16354E+01,8.39964E+01,8.39964E+01,2.35337E+01,8.39964E+01,8.39964E+01,8.39964E+01,8.39964E+01,8.39964E+01,8.39964E+01,8.39964E+01,8.39964E+01,2.99672E-01,2.15695E+01,2.35337E+01,8.39964E+01,8.39964E+01,8.39964E+01,8.39964E+01,2.35337E+01,8.39964E+01,8.39964E+01,8.39964E+01,8.39964E+01,8.39964E+01,8.39964E+01,8.39964E+01,1.11766E+01,2.15695E+01,8.39964E+01 
#t = 3.864E+03
8.39964E+01,8.39964E+01,8.39964E+01,8.39964E+01,8.39964E+01,2.35337E+01,8.39964E+01,8.39964E+01,8.39964E+01,8.39964E+01,8.39964E+01,8.39964E+01,8.39964E+01,8.39964E+01,8.39964E+01,8.39964E+01,8.39964E+01,8.39964E+01,8.39964E+01,8.39964E+01,8.39964E+01,8.39964E+01,8.39964E+01,8.39964E+01,8.39964E+01,8.39964E+01,2.24001E+01,8.39964E+01,8.39964E+01,8.39964E+01,2.11112E+01,8.39964E+01,8.39964E+01,8.39964E+01,8.39964E+01,8.40394E-01,8.39964E+01,1.56497E+01,8.39964E+01,8.39964E+01,8.39964E+01,3.47675E+01,8.39964E+01,8.39964E+01,8.39964E+01,8.39964E+01,8.39964E+01,8.39964E+01,8.39964E+01,1.05122E+00,8.39964E+01 
#t = 3.906E+03
8.39964E+01,1.56497E+01,8.39964E+01,8.39964E+01,8.39964E+01,8.39964E+01,8.39964E+01,8.39964E+01,2.11112E+01,8.39964E+01,8.39964E+01,1.56497E+01,8.39964E+01,1.56497E+01,8.39964E+01,8.39964E+01,8.39964E+01,8.39964E+01,8.39964E+01,8.39964E+01,8.39964E+01,8.39964E+01,8.39964E+01,8.39964E+01,8.39964E+01,8.39964E+01,8.39964E+01,2.11112E+01,8.39964E+01,8.39964E+01,2.11112E+01,8.39964E+01,8.39964E+01,8.39964E+01,8.39964E+01,8.39964E+01,8.39964E+01,8.39964E+01,8.39964E+01,8.39964E+01 
#t = 3.948E+03
8.39964E+01,8.39964E+01,8.39964E+01,8.39964E+01,8.39964E+01,1.56497E+01,8.39964E+01,8.39964E+01,8.39964E+01,8.39964E+01,8.39964E+01,8.39964E+01,8.39964E+01,8.39964E+01,8.39964E+01,2.11112E+01,9.67618E+00,8.39964E+01,8.39964E+01,8.39964E+01,8.39964E+01,8.39964E+01,8.39964E+01,8.39964E+01,8.39964E+01,8.39964E+01,1.56497E+01,8.39964E+01,8.39964E+01,8.39964E+01,8.39964E+01,8.39964E+01,8.39964E+01,8.39964E+01,8.39964E+01 
#t = 3.990E+03
8.39964E+01,8.39964E+01,9.88748E+00,8.39964E+01,1.56497E+01,8.39964E+01,8.39964E+01,8.39964E+01,8.39964E+01,8.39964E+01,8.39964E+01,8.39964E+01,8.39964E+01,8.39964E+01,8.39964E+01,8.39964E+01,8.39964E+01,8.39964E+01,8.39964E+01,8.39964E+01,8.39964E+01,1.56497E+01,8.39964E+01,8.39964E+01,1.06885E+01,8.39964E+01,1.43542E+01,1.56497E+01,8.39964E+01,8.39964E+01,8.39964E+01,4.15896E+00,8.39964E+01,8.39964E+01,8.39964E+01,1.56497E+01,8.39964E+01,8.39964E+01,8.39964E+01,8.39964E+01,8.39964E+01,8.39964E+01,8.39964E+01,8.39964E+01,8.39964E+01,8.39964E+01,1.43717E+01,1.56497E+01,8.39964E+01,8.39964E+01,8.39964E+01,8.39964E+01,8.39964E+01,1.56497E+01,8.39964E+01,8.39964E+01,8.39964E+01,8.39964E+01,8.39964E+01,8.39964E+01,3.02221E+00,8.39964E+01 
#t = 4.032E+03
8.39964E+01,8.39964E+01,8.39964E+01,1.43717E+01,8.39964E+01,8.39964E+01,8.39964E+01,8.39964E+01,8.39964E+01,8.39964E+01,8.39964E+01,8.39964E+01,8.39964E+01,8.39964E+01,8.39964E+01,8.39964E+01,8.39964E+01,8.39964E+01,8.39964E+01,8.39964E+01,1.64862E+01,8.39964E+01,8.39964E+01,8.39964E+01,8.39964E+01,8.39964E+01,8.39964E+01,8.39964E+01,8.39964E+01,8.39964E+01,8.39964E+01,8.39964E+01,8.39964E+01,1.64862E+01,8.39964E+01,8.39964E+01,8.39964E+01,8.39964E+01,8.39964E+01,3.28712E+00,8.39964E+01,9.60710E-01,8.39964E+01,8.39964E+01,1.43717E+01,3.73919E+00,4.20701E-01 
#t = 4.074E+03
8.39964E+01,8.39964E+01,8.39964E+01,8.39964E+01,8.39964E+01,8.39964E+01,8.39964E+01,8.39964E+01,8.39964E+01,8.39964E+01,8.39964E+01,8.39964E+01,8.39964E+01,8.39964E+01,8.39964E+01,8.39964E+01,8.39964E+01,8.39964E+01,8.39964E+01,8.39964E+01,8.39964E+01,8.39964E+01,8.39964E+01,5.96897E+00,8.39964E+01,8.39964E+01,8.39964E+01,8.39964E+01,8.39964E+01,1.43717E+01,8.39964E+01,8.39964E+01,5.26452E+00,8.39964E+01,8.39964E+01,8.39964E+01,8.39964E+01,8.39964E+01,4.79668E-02,8.39964E+01,2.90313E-01,8.39964E+01,2.04434E-01,4.67142E+00,8.39964E+01,8.39964E+01,8.39964E+01 
#t = 4.116E+03
8.39964E+01,8.39964E+01,8.39964E+01,8.39964E+01,8.39964E+01,8.39964E+01,8.39964E+01,8.39964E+01,8.39964E+01,8.39964E+01,8.39964E+01,8.39964E+01,8.39964E+01,8.39964E+01,8.39964E+01,8.39964E+01,8.39964E+01,8.39964E+01,8.39964E+01,8.39964E+01,8.39964E+01,8.39964E+01,8.39964E+01,2.47998E+00,8.39964E+01,8.39964E+01,2.31149E+01,8.39964E+01,8.39964E+01,8.39964E+01,8.39964E+01,8.39964E+01,8.39964E+01,8.39964E+01,8.39964E+01,8.39964E+01,8.39964E+01,8.39964E+01,5.25163E-02,8.39964E+01,8.39964E+01,8.39964E+01,8.39964E+01,8.39964E+01,8.39964E+01,8.39964E+01,8.39964E+01,8.39964E+01,5.02780E-01,2.31149E+01,6.35700E-01 
#t = 4.158E+03
8.39964E+01,8.39964E+01,8.39964E+01,8.39964E+01,8.39964E+01,8.39964E+01,8.39964E+01,8.39964E+01,8.39964E+01,8.39964E+01,8.39964E+01,8.39964E+01,8.39964E+01,8.39964E+01,8.39964E+01,8.39964E+01,8.39964E+01,8.39964E+01,8.39964E+01,8.39964E+01,8.39964E+01,8.39964E+01,8.39964E+01,8.39964E+01,8.39964E+01,8.39964E+01,8.39964E+01,8.39964E+01,8.39964E+01,8.39964E+01,8.39964E+01,8.39964E+01,8.39964E+01,8.39964E+01,8.39964E+01,8.39964E+01,8.39964E+01,8.39964E+01,8.39964E+01,8.39964E+01,8.39964E+01,1.37232E+00,8.39964E+01,8.39964E+01,8.39964E+01,8.39964E+01,8.39964E+01 
#t = 4.200E+03
8.39964E+01,8.39964E+01,8.39964E+01,8.39964E+01,8.39964E+01,8.39964E+01,8.39964E+01,8.39964E+01,8.39964E+01,8.39964E+01,8.39964E+01,8.39964E+01,8.39964E+01,8.39964E+01,8.39964E+01,8.39964E+01,8.39964E+01,8.39964E+01,8.39964E+01,8.39964E+01,8.39964E+01,8.39964E+01,8.39964E+01,8.39964E+01,8.39964E+01,8.39964E+01,8.39964E+01,8.39964E+01,8.39964E+01,8.39964E+01,8.39964E+01,8.39964E+01,8.39964E+01,8.39964E+01,8.39964E+01,8.39964E+01,2.80550E-01,8.39964E+01,8.39964E+01 
