#t = 0.000E+00
2.34079E-01,5.82806E+00,2.49374E+00,2.40322E+00,8.83959E-01 
#t = 4.200E+01
8.99454E+00,1.77763E-01,7.94510E-02 
#t = 8.400E+01
1.89065E+01,1.89065E+01,1.89065E+01,1.89065E+01,2.31167E+00,1.10425E+00,2.56886E-01,1.22538E-01 
#t = 1.260E+02
1.89065E+01,1.89065E+01,1.89065E+01,1.89065E+01,1.14132E+01,1.89065E+01,1.89065E+01,2.29399E+00,1.89065E+01,1.14132E+01,1.89065E+01,1.89065E+01,1.62835E-01,9.65414E-01,1.93504E-01 
#t = 1.680E+02
1.89065E+01,1.14782E+01,1.69902E-01,1.14782E+01,1.45070E-01 
#t = 2.100E+02
5.11870E+01,6.49461E+00,5.11870E+01,5.11870E+01,5.11870E+01,5.11870E+01,5.11870E+01,5.11870E+01,5.11870E+01,3.48254E-01,5.11870E+01,1.71023E+00 
#t = 2.520E+02
5.11870E+01,5.11870E+01,5.11870E+01,5.11870E+01,5.11870E+01,5.11870E+01,5.11870E+01,5.11870E+01,5.11870E+01,5.11870E+01,5.11870E+01,5.11870E+01,5.11870E+01,5.11870E+01,5.11870E+01,5.11870E+01,5.11870E+01,5.11870E+01,4.99027E+00,5.11870E+01,5.11870E+01,5.11870E+01,5.11870E+01,5.11870E+01,5.11870E+01,5.11870E+01,5.11870E+01,5.11870E+01,5.11870E+01,5.11870E+01,5.11870E+01,5.11870E+01,5.11870E+01,5.11870E+01,5.11870E+01,5.11870E+01,5.11870E+01,5.11870E+01,5.11870E+01,5.11870E+01,5.11870E+01,5.11870E+01,5.11870E+01,5.11870E+01 
#t = 2.940E+02
5.11870E+01,5.11870E+01,5.11870E+01,5.11870E+01,5.11870E+01,5.11870E+01,5.11870E+01,5.11870E+01,5.11870E+01,5.11870E+01,5.11870E+01,5.11870E+01,5.11870E+01,5.11870E+01,5.11870E+01,5.11870E+01,5.11870E+01,5.11870E+01,5.11870E+01,5.11870E+01,5.11870E+01,5.11870E+01,5.11870E+01,5.11870E+01,5.11870E+01,1.85939E+01,5.11870E+01,5.11870E+01,5.11870E+01,5.11870E+01,5.11870E+01,5.11870E+01,2.27583E+00,5.38448E+00,5.11870E+01,5.11870E+01,5.11870E+01 
#t = 3.360E+02
5.11870E+01,5.11870E+01,5.11870E+01,5.11870E+01,5.11870E+01,5.11870E+01,5.11870E+01,5.11870E+01,5.11870E+01,5.11870E+01,5.11870E+01,5.11870E+01,5.11870E+01,5.11870E+01,5.11870E+01,5.11870E+01,5.11870E+01,5.11870E+01,5.11870E+01,5.11870E+01,5.11870E+01,5.11870E+01,5.11870E+01,1.00061E+00,5.11870E+01,5.11870E+01,5.11870E+01,5.11870E+01,5.11870E+01,5.11870E+01,5.11870E+01,1.26553E+01,5.11870E+01,5.11870E+01,5.11870E+01,5.11870E+01,5.11870E+01,5.11870E+01,5.11870E+01,5.11870E+01,5.11870E+01,6.41419E+00 
#t = 3.780E+02
5.11870E+01,5.11870E+01,5.11870E+01,5.11870E+01,5.11870E+01,5.11870E+01,5.11870E+01,5.11870E+01,5.11870E+01,1.39969E+01,5.11870E+01,5.11870E+01,5.11870E+01,5.11870E+01,5.11870E+01,5.11870E+01,5.11870E+01,2.07364E+01,5.11870E+01,1.39969E+01,5.11870E+01,5.11870E+01,5.11870E+01,5.11870E+01,5.11870E+01,5.11870E+01,5.11870E+01,5.11870E+01,5.11870E+01,5.11870E+01,1.39969E+01,1.39969E+01,3.89703E+00,5.11870E+01,2.07364E+01,5.11870E+01,5.11870E+01,5.11870E+01,5.11870E+01,5.11870E+01,4.78422E+00 
#t = 4.200E+02
5.11870E+01,5.11870E+01,2.07364E+01,5.11870E+01,5.11870E+01,5.11870E+01,5.11870E+01,1.39969E+01,5.11870E+01,5.11870E+01,5.11870E+01,5.11870E+01,5.11870E+01,5.11870E+01,5.11870E+01,5.11870E+01,5.11870E+01,5.11870E+01,5.11870E+01,5.11870E+01,5.11870E+01,5.11870E+01,3.90904E+01,5.11870E+01,5.11870E+01,5.35424E+00,5.11870E+01,5.11870E+01,1.72927E-01,5.11870E+01,5.11870E+01,5.40255E-01,5.11870E+01,3.90904E+01,1.88255E-01,5.11870E+01,5.34718E-01,5.11870E+01 
#t = 4.620E+02
5.11870E+01,5.11870E+01,5.11870E+01,5.11870E+01,5.11870E+01,5.11870E+01,5.11870E+01,5.11870E+01,5.11870E+01,5.11870E+01,5.11870E+01,5.11870E+01,5.11870E+01,5.11870E+01,5.11870E+01,5.11870E+01,5.11870E+01,5.11870E+01,5.11870E+01,5.11870E+01,5.11870E+01,5.11870E+01,5.11870E+01,5.11870E+01,5.11870E+01,5.11870E+01,5.11870E+01,5.11870E+01,5.11870E+01,5.11870E+01,5.11870E+01,5.11870E+01,5.11870E+01,5.11870E+01,2.31451E+00,4.51164E-01,5.11870E+01,1.19948E+00,1.97777E+01,5.11870E+01 
#t = 5.040E+02
5.11870E+01,5.11870E+01,5.11870E+01,5.11870E+01,5.11870E+01,5.11870E+01,5.11870E+01,5.11870E+01,5.11870E+01,5.11870E+01,5.11870E+01,5.11870E+01,5.11870E+01,5.11870E+01,5.11870E+01,5.11870E+01,5.11870E+01,5.11870E+01,5.11870E+01,5.11870E+01,5.11870E+01,5.11870E+01,5.11870E+01,5.11870E+01,5.11870E+01,5.11870E+01,5.11870E+01,1.12143E+00,5.11870E+01,5.11870E+01,5.11870E+01,5.11870E+01,5.11870E+01,5.11870E+01,5.11870E+01,5.11870E+01,5.11870E+01,5.11870E+01,1.20852E+01,5.11870E+01,5.11870E+01,5.11870E+01,5.11870E+01 
#t = 5.460E+02
5.11870E+01,5.11870E+01,5.11870E+01,5.11870E+01,5.11870E+01,5.11870E+01,5.11870E+01,5.11870E+01,5.11870E+01,5.11870E+01,5.11870E+01,5.11870E+01,5.11870E+01,5.11870E+01,5.11870E+01,5.11870E+01,5.11870E+01,5.11870E+01,5.11870E+01,5.11870E+01,5.11870E+01,5.11870E+01,5.11870E+01,5.11870E+01,5.11870E+01,5.11870E+01,5.11870E+01,5.11870E+01,1.47941E+01,5.11870E+01,5.11870E+01,5.11870E+01,5.11870E+01,5.11870E+01,5.11870E+01,1.47941E+01,5.11870E+01,5.11870E+01,5.11870E+01,5.11870E+01,1.47941E+01,5.11870E+01,5.11870E+01,5.11870E+01,5.11870E+01,5.11870E+01,5.11870E+01,5.11870E+01,2.92627E+01,5.11870E+01,5.11870E+01,5.11870E+01 
#t = 5.880E+02
5.11870E+01,5.11870E+01,5.11870E+01,5.11870E+01,5.11870E+01,5.11870E+01,5.11870E+01,2.12394E+01,5.11870E+01,5.11870E+01,5.11870E+01,5.11870E+01,1.46868E+01,2.12394E+01,5.11870E+01,5.11870E+01,2.12394E+01,5.11870E+01,5.11870E+01,5.11870E+01,5.11870E+01,5.11870E+01,5.11870E+01,5.11870E+01,5.11870E+01,5.11870E+01,4.55749E+00,2.12394E+01,5.11870E+01,3.90661E-01,5.11870E+01,5.11870E+01,5.11870E+01,5.11870E+01,5.11870E+01 
#t = 6.300E+02
2.12394E+01,5.11870E+01,5.11870E+01,5.11870E+01,5.11870E+01,5.11870E+01,5.11870E+01,7.81620E+00,5.11870E+01,5.11870E+01,1.91619E+01,5.11870E+01,5.11870E+01,5.11870E+01,5.11870E+01,5.11870E+01,5.11870E+01,5.11870E+01,5.11870E+01,5.11870E+01,5.11870E+01,5.11870E+01,5.11870E+01,5.11870E+01,5.11870E+01,2.12394E+01,5.11870E+01,5.11870E+01,5.11870E+01,5.11870E+01,5.11870E+01,5.11870E+01,5.11870E+01,5.11870E+01,5.11870E+01,5.11870E+01 
#t = 6.720E+02
5.11870E+01,5.11870E+01,5.11870E+01,5.11870E+01,5.11870E+01,5.11870E+01,5.11870E+01,5.11870E+01,5.11870E+01,5.11870E+01,5.11870E+01,5.11870E+01,5.11870E+01,5.11870E+01,5.11870E+01,5.11870E+01,5.11870E+01,5.11870E+01,5.11870E+01,5.11870E+01,5.11870E+01,5.11870E+01,5.11870E+01,5.11870E+01,5.11870E+01,5.11870E+01,5.11870E+01,5.11870E+01,5.11870E+01,5.11870E+01,5.11870E+01,5.11870E+01,5.11870E+01,5.11870E+01,5.11870E+01,5.11870E+01,5.11870E+01 
#t = 7.140E+02
5.11870E+01,5.11870E+01,5.11870E+01,5.11870E+01,5.11870E+01,5.11870E+01,5.11870E+01,5.11870E+01,5.11870E+01,5.11870E+01,5.11870E+01,5.11870E+01,5.11870E+01,5.11870E+01,5.11870E+01,5.11870E+01,5.11870E+01,5.11870E+01,5.11870E+01,5.11870E+01,5.11870E+01,5.11870E+01,5.11870E+01,5.11870E+01,5.11870E+01,5.11870E+01,5.11870E+01,5.11870E+01,5.11870E+01,5.11870E+01,5.11870E+01,7.29836E+00,2.04643E-01,5.11870E+01,5.11870E+01,4.28777E-01,5.11870E+01,3.22264E+00 
#t = 7.560E+02
5.11870E+01,5.11870E+01,5.11870E+01,5.11870E+01,5.11870E+01,5.11870E+01,5.11870E+01,5.11870E+01,5.11870E+01,5.11870E+01,5.11870E+01,5.11870E+01,5.11870E+01,5.11870E+01,5.11870E+01,5.11870E+01,5.11870E+01,5.11870E+01,5.11870E+01,5.11870E+01,5.11870E+01,5.11870E+01,2.14379E+01,5.11870E+01,5.11870E+01,5.11870E+01,5.11870E+01,5.11870E+01,5.11870E+01,5.11870E+01,5.11870E+01,5.11870E+01,2.04369E+01,3.05540E+00,5.11870E+01,5.11870E+01,5.11870E+01,5.11870E+01,5.14273E-01,2.04369E+01,5.11870E+01,5.11870E+01,5.11870E+01,5.11870E+01,5.11870E+01,5.11870E+01 
#t = 7.980E+02
5.11870E+01,5.11870E+01,5.11870E+01,5.11870E+01,5.11870E+01,5.11870E+01,5.11870E+01,5.11870E+01,5.11870E+01,5.11870E+01,5.11870E+01,5.11870E+01,5.11870E+01,5.11870E+01,5.11870E+01,5.11870E+01,5.11870E+01,5.11870E+01,5.11870E+01,5.11870E+01,1.87310E+01,5.11870E+01,5.11870E+01,5.11870E+01,5.11870E+01,5.11870E+01,5.11870E+01,7.80790E+00,5.11870E+01,5.11870E+01,5.11870E+01,5.11870E+01,5.11870E+01,5.11870E+01,1.30702E+01,5.11870E+01,5.11870E+01,2.48227E+00,5.11870E+01,5.49358E-01,5.11870E+01,5.11870E+01,5.11870E+01,5.11870E+01,5.11870E+01,5.11870E+01 
#t = 8.400E+02
5.11870E+01,5.11870E+01,5.11870E+01,5.11870E+01,5.11870E+01,5.11870E+01,5.11870E+01,1.87310E+01,5.11870E+01,5.11870E+01,5.11870E+01,5.11870E+01,5.11870E+01,5.11870E+01,5.11870E+01,1.87310E+01,5.11870E+01,5.11870E+01,1.87310E+01,5.11870E+01,1.87310E+01,5.11870E+01,1.87310E+01,5.11870E+01,1.87310E+01,5.11870E+01,1.87310E+01,3.81043E+00,5.11870E+01,1.18578E+01,5.11870E+01,5.11870E+01,5.11870E+01,5.11870E+01,5.11870E+01,5.11870E+01,5.11870E+01,5.11870E+01 
#t = 8.820E+02
5.11870E+01,5.11870E+01,5.11870E+01,5.11870E+01,5.11870E+01,5.11870E+01,5.11870E+01,5.11870E+01,5.11870E+01,5.11870E+01,1.87310E+01,5.11870E+01,5.11870E+01,5.11870E+01,5.11870E+01,5.11870E+01,5.11870E+01,5.11870E+01,5.11870E+01,9.78722E+00,5.11870E+01,5.11870E+01,1.87310E+01,1.18578E+01,5.11870E+01,5.11870E+01,5.11870E+01,1.87310E+01,5.11870E+01,5.11870E+01,5.11870E+01,5.11870E+01,5.11870E+01,4.38522E+00,5.11870E+01,5.11870E+01,6.45178E-02,5.11870E+01,4.21283E-01,4.64395E-02,5.11870E+01,5.11870E+01,5.11870E+01 
#t = 9.240E+02
1.87310E+01,5.11870E+01,5.11870E+01,5.11870E+01,5.11870E+01,5.11870E+01,5.11870E+01,5.11870E+01,5.11870E+01,5.11870E+01,5.11870E+01,5.11870E+01,5.11870E+01,5.11870E+01,5.11870E+01,5.11870E+01,1.52342E+01,5.11870E+01,5.11870E+01,5.11870E+01,5.11870E+01,5.11870E+01,5.11870E+01,5.11870E+01,5.11870E+01,5.11870E+01,5.11870E+01,1.52342E+01,5.11870E+01,5.11870E+01,5.11870E+01,5.11870E+01,5.11870E+01,1.55480E-01,1.52342E+01,1.87310E+01,2.06822E+00,5.11870E+01,9.04691E+00,5.11870E+01,5.11870E+01,5.82306E-02,5.11870E+01,8.26770E-01,1.52342E+01 
#t = 9.660E+02
5.11870E+01,1.52342E+01,5.11870E+01,5.11870E+01,5.11870E+01,5.11870E+01,5.11870E+01,5.11870E+01,5.11870E+01,5.11870E+01,5.11870E+01,5.11870E+01,5.11870E+01,5.11870E+01,5.11870E+01,5.11870E+01,5.11870E+01,5.11870E+01,5.11870E+01,5.11870E+01,5.11870E+01,5.11870E+01,5.11870E+01,5.11870E+01,5.11870E+01,6.94228E+00,5.11870E+01,5.11870E+01,5.11870E+01,5.11870E+01,5.11870E+01,5.11870E+01,5.11870E+01 
#t = 1.008E+03
5.11870E+01,5.11870E+01,5.11870E+01,5.11870E+01,5.11870E+01,5.11870E+01,5.11870E+01,5.11870E+01,5.11870E+01,5.11870E+01,5.11870E+01,5.11870E+01,5.11870E+01,5.11870E+01,5.11870E+01,5.11870E+01,5.11870E+01,5.11870E+01,5.11870E+01,5.11870E+01,5.11870E+01,5.11870E+01,9.83353E-01,5.11870E+01,3.49219E-01,5.11870E+01,5.11870E+01,5.11870E+01,5.11870E+01,5.11870E+01,5.11870E+01,5.11870E+01,5.11870E+01 
#t = 1.050E+03
5.11870E+01,5.11870E+01,5.11870E+01,5.11870E+01,5.11870E+01,5.11870E+01,5.11870E+01,5.11870E+01,5.11870E+01,5.11870E+01,5.11870E+01,5.11870E+01,5.11870E+01,5.11870E+01,5.11870E+01,5.11870E+01,5.11870E+01,5.11870E+01,5.11870E+01,5.11870E+01,5.11870E+01,5.11870E+01,5.11870E+01,5.11870E+01,5.11870E+01,5.11870E+01,5.11870E+01,5.11870E+01,5.11870E+01,5.11870E+01,5.11870E+01,1.20519E+00,5.11870E+01,5.11870E+01,5.11870E+01,5.11870E+01,5.11870E+01,5.11870E+01,5.11870E+01,5.11870E+01 
#t = 1.092E+03
5.11870E+01,5.11870E+01,5.11870E+01,5.11870E+01,5.11870E+01,5.11870E+01,5.11870E+01,5.11870E+01,5.11870E+01,5.11870E+01,5.11870E+01,5.11870E+01,5.11870E+01,5.11870E+01,5.11870E+01,5.11870E+01,5.11870E+01,5.11870E+01,5.11870E+01,5.11870E+01,5.11870E+01,5.11870E+01,5.11870E+01,5.11870E+01,5.11870E+01,5.11870E+01,5.11870E+01,5.11870E+01,1.60636E+00,5.11870E+01,5.11870E+01,5.11870E+01,5.11870E+01,5.11870E+01,5.11870E+01,1.28241E-01,5.11870E+01,5.11870E+01,5.11870E+01,5.11870E+01,5.11870E+01,5.11870E+01,4.52689E-01,1.95470E+00,5.11870E+01,5.11870E+01,5.11870E+01,5.11870E+01,8.50865E-01 
#t = 1.134E+03
5.11870E+01,5.11870E+01,5.11870E+01,5.11870E+01,5.11870E+01,5.11870E+01,5.11870E+01,5.11870E+01,5.11870E+01,5.11870E+01,5.11870E+01,5.11870E+01,5.11870E+01,5.11870E+01,5.11870E+01,5.11870E+01,5.11870E+01,5.11870E+01,5.11870E+01,5.11870E+01,8.10519E+00,5.11870E+01,5.11870E+01,5.11870E+01,5.11870E+01,5.11870E+01,2.47973E-01,5.11870E+01,5.11870E+01,5.11870E+01,5.11870E+01,5.11870E+01,5.11870E+01 
#t = 1.176E+03
5.11870E+01,5.11870E+01,5.11870E+01,5.11870E+01,5.11870E+01,5.11870E+01,5.11870E+01,5.11870E+01,5.11870E+01,5.11870E+01,5.11870E+01,5.11870E+01,5.11870E+01,5.11870E+01,5.11870E+01,5.11870E+01,5.11870E+01,5.11870E+01,5.11870E+01,5.11870E+01,5.11870E+01,5.11870E+01,5.11870E+01,5.11870E+01,5.11870E+01,5.11870E+01,1.01535E+01,5.11870E+01,4.75022E+00,5.11870E+01,6.85219E-01,1.59823E-01,5.11870E+01,5.11870E+01,9.46647E+00,5.11870E+01,5.11870E+01,5.11870E+01,5.11870E+01 
#t = 1.218E+03
5.11870E+01,5.11870E+01,5.11870E+01,5.11870E+01,1.30759E+01,5.11870E+01,5.11870E+01,5.11870E+01,5.11870E+01,1.30759E+01,5.11870E+01,5.11870E+01,5.11870E+01,5.11870E+01,5.11870E+01,5.11870E+01,5.11870E+01,5.11870E+01,5.11870E+01,5.11870E+01,5.11870E+01,3.34775E+01,3.34775E+01,5.11870E+01,5.11870E+01,1.07953E-01,1.12205E+01,5.11870E+01,5.11870E+01,5.11870E+01,5.11870E+01,5.11870E+01,5.11870E+01,5.11870E+01,6.80877E-01,5.11870E+01 
#t = 1.260E+03
5.11870E+01,5.11870E+01,1.12205E+01,5.11870E+01,5.11870E+01,5.11870E+01,5.11870E+01,5.11870E+01,5.11870E+01,5.11870E+01,5.11870E+01,5.11870E+01,5.11870E+01,5.11870E+01,5.11870E+01,5.11870E+01,5.11870E+01,5.11870E+01,5.11870E+01,5.11870E+01,5.11870E+01,5.11870E+01,5.11870E+01,5.11870E+01,5.11870E+01,5.11870E+01,5.11870E+01,5.11870E+01,5.11870E+01,5.11870E+01,5.11870E+01,5.11870E+01,5.11870E+01,1.22483E+01,5.11870E+01,5.11870E+01,5.11870E+01,5.11870E+01,5.11870E+01,5.11870E+01,5.11870E+01,5.89861E-01,5.11870E+01,5.11870E+01 
#t = 1.302E+03
5.11870E+01,5.11870E+01,5.11870E+01,5.11870E+01,1.22483E+01,5.11870E+01,5.11870E+01,5.11870E+01,5.11870E+01,5.11870E+01,5.11870E+01,1.22483E+01,5.11870E+01,5.11870E+01,2.01159E+01,5.11870E+01,5.11870E+01,5.11870E+01,5.11870E+01,5.11870E+01,5.11870E+01,5.11870E+01,5.11870E+01,5.11870E+01,5.11870E+01,5.11870E+01,5.11870E+01,5.11870E+01,5.11870E+01,5.11870E+01,5.11870E+01,5.11870E+01,5.11870E+01,4.11887E+00,5.11870E+01,5.11870E+01,5.11870E+01,7.58966E-01,5.11870E+01,5.11870E+01,5.11870E+01,5.11870E+01,5.11870E+01 
#t = 1.344E+03
2.01159E+01,5.11870E+01,5.11870E+01,5.11870E+01,1.22483E+01,5.11870E+01,5.11870E+01,5.11870E+01,5.11870E+01,5.11870E+01,5.11870E+01,5.11870E+01,5.11870E+01,5.11870E+01,5.11870E+01,5.11870E+01,5.11870E+01,1.70962E+01,5.11870E+01,5.11870E+01,5.11870E+01,5.11870E+01,1.70962E+01,5.11870E+01,5.11870E+01,5.11870E+01,1.70962E+01,5.11870E+01,9.29506E-01,5.11870E+01,5.11870E+01,5.11870E+01,5.11870E+01,5.11870E+01,4.11313E+00,5.11870E+01,5.11870E+01,5.11870E+01 
#t = 1.386E+03
5.11870E+01,5.11870E+01,5.11870E+01,5.11870E+01,5.11870E+01,1.70962E+01,5.11870E+01,5.11870E+01,5.11870E+01,5.11870E+01,5.11870E+01,5.11870E+01,5.11870E+01,5.11870E+01,5.11870E+01,5.11870E+01,5.11870E+01,5.11870E+01,5.11870E+01,5.11870E+01,5.11870E+01,5.11870E+01,4.26118E+00,5.11870E+01,5.11870E+01,5.11870E+01,5.11870E+01,5.74456E-01,5.11870E+01,5.11870E+01,1.03322E+01,5.11870E+01,5.11870E+01,5.11870E+01,1.70962E+01,5.11870E+01,5.11870E+01,5.11870E+01,5.11870E+01,5.11870E+01,5.11870E+01,5.11870E+01,8.18451E-01,5.11870E+01,5.11870E+01,5.11870E+01 
#t = 1.428E+03
5.11870E+01,5.11870E+01,5.11870E+01,5.11870E+01,5.11870E+01,5.11870E+01,5.11870E+01,5.11870E+01,5.11870E+01,5.11870E+01,5.11870E+01,5.11870E+01,5.11870E+01,5.11870E+01,5.11870E+01,2.71059E+01,2.31500E+01,5.11870E+01,5.11870E+01,2.31500E+01,2.31500E+01,5.11870E+01,5.11870E+01,5.11870E+01,5.11870E+01,5.11870E+01,5.11870E+01,5.24243E-01,5.11870E+01,5.11870E+01,5.11870E+01,5.11870E+01,3.73590E+00,5.11870E+01,5.11870E+01,5.11870E+01 
#t = 1.470E+03
5.11870E+01,5.11870E+01,5.11870E+01,5.11870E+01,5.11870E+01,5.11870E+01,5.11870E+01,5.11870E+01,5.11870E+01,5.11870E+01,5.11870E+01,5.11870E+01,5.11870E+01,5.11870E+01,5.11870E+01,5.11870E+01,5.11870E+01,5.11870E+01,5.11870E+01,5.11870E+01,5.11870E+01,5.11870E+01,2.31500E+01,5.11870E+01,5.11870E+01,5.11870E+01,5.11870E+01,5.11870E+01,5.11870E+01,5.11870E+01,5.11870E+01,5.11870E+01,2.31500E+01,5.11870E+01,5.11870E+01,5.11870E+01,5.11870E+01,5.11870E+01,5.11870E+01 
#t = 1.512E+03
5.11870E+01,5.11870E+01,5.11870E+01,5.11870E+01,5.11870E+01,5.11870E+01,5.11870E+01,5.11870E+01,5.11870E+01,5.11870E+01,2.31500E+01,5.11870E+01,5.11870E+01,5.11870E+01,5.11870E+01,5.11870E+01,5.11870E+01,5.11870E+01,5.11870E+01,5.11870E+01,2.31500E+01,5.11870E+01,5.11870E+01,5.11870E+01,1.05444E+01,5.11870E+01,4.76807E+01,5.11870E+01,5.11870E+01,2.31500E+01,5.11870E+01,2.31500E+01,5.11870E+01,5.11870E+01,5.11870E+01,2.31500E+01,5.11870E+01,5.11870E+01,5.11870E+01,5.11870E+01,5.11870E+01,5.11870E+01,5.11870E+01,5.11870E+01,5.11870E+01,5.11870E+01,5.11870E+01,2.31500E+01,5.11870E+01,5.11870E+01,5.11870E+01,5.11870E+01,5.11870E+01 
#t = 1.554E+03
5.11870E+01,1.05444E+01,5.11870E+01,5.11870E+01,2.31500E+01,5.11870E+01,5.11870E+01,4.76807E+01,5.11870E+01,5.11870E+01,5.11870E+01,5.11870E+01,4.76807E+01,5.11870E+01,2.31500E+01,5.11870E+01,5.11870E+01,5.11870E+01,5.11870E+01,5.11870E+01,5.11870E+01,2.31500E+01,5.11870E+01,5.11870E+01,5.11870E+01,5.11870E+01,5.11870E+01,5.11870E+01,5.11870E+01,4.76807E+01,2.31500E+01,4.76807E+01,2.65335E+00,5.11870E+01,2.16092E-01,5.11870E+01,5.11870E+01,5.11870E+01,5.11870E+01,5.11870E+01,5.11870E+01,6.35354E+00,5.11870E+01 
#t = 1.596E+03
5.11870E+01,5.11870E+01,5.11870E+01,5.11870E+01,5.11870E+01,5.11870E+01,5.11870E+01,5.11870E+01,5.11870E+01,5.11870E+01,5.11870E+01,5.11870E+01,5.11870E+01,5.11870E+01,2.31500E+01,5.11870E+01,5.11870E+01,4.76807E+01,2.31500E+01,5.11870E+01,5.11870E+01,5.11870E+01,5.11870E+01,5.11870E+01,5.11870E+01,5.11870E+01,5.11870E+01,5.11870E+01,5.11870E+01,4.76807E+01,5.11870E+01 
#t = 1.638E+03
5.11870E+01,5.11870E+01,5.11870E+01,5.11870E+01,5.11870E+01,5.11870E+01,4.76807E+01,5.11870E+01,5.11870E+01,5.11870E+01,5.11870E+01,5.11870E+01,5.11870E+01,5.11870E+01,5.11870E+01,5.11870E+01,5.11870E+01,5.11870E+01,5.11870E+01,5.11870E+01,5.11870E+01,5.11870E+01,5.11870E+01,5.11870E+01,5.11870E+01,5.11870E+01,5.11870E+01,5.11870E+01,5.11870E+01,5.11870E+01,5.11870E+01,5.11870E+01,5.11870E+01,5.11870E+01,5.11870E+01,5.11870E+01,5.11870E+01,5.11870E+01,5.11870E+01,1.39703E+01,5.11870E+01 
#t = 1.680E+03
5.11870E+01,5.11870E+01,5.11870E+01,5.11870E+01,5.11870E+01,5.11870E+01,5.11870E+01,5.11870E+01,5.11870E+01,5.11870E+01,5.11870E+01,5.11870E+01,5.11870E+01,5.11870E+01,5.11870E+01,5.11870E+01,5.11870E+01,5.11870E+01,5.11870E+01,5.11870E+01,5.11870E+01,5.11870E+01,5.11870E+01,5.11870E+01,5.11870E+01,1.43219E-01,5.11870E+01,5.11870E+01,1.10071E+01,5.11870E+01,5.11870E+01,5.11870E+01,5.11870E+01,5.11870E+01,5.11870E+01,5.11870E+01,5.11870E+01,5.11870E+01 
#t = 1.722E+03
5.11870E+01,5.11870E+01,5.11870E+01,1.10071E+01,5.11870E+01,5.11870E+01,5.11870E+01,1.13548E+01,5.11870E+01,5.11870E+01,5.11870E+01,5.11870E+01,5.11870E+01,5.11870E+01,5.11870E+01,5.11870E+01,5.11870E+01,4.33316E+00,5.11870E+01,5.11870E+01,5.11870E+01,5.11870E+01,4.28863E+00,5.11870E+01,5.11870E+01,5.11870E+01,5.11870E+01,5.11870E+01,5.11870E+01,5.11870E+01,3.60491E-01,5.11870E+01 
#t = 1.764E+03
5.11870E+01,5.11870E+01,5.11870E+01,5.11870E+01,5.11870E+01,5.11870E+01,1.13548E+01,5.11870E+01,2.68536E+01,5.11870E+01,5.11870E+01,5.11870E+01,5.11870E+01,5.11870E+01,5.11870E+01,5.11870E+01,5.11870E+01,5.11870E+01,5.11870E+01,5.11870E+01,5.11870E+01,5.11870E+01,5.11870E+01,5.11870E+01,5.11870E+01,5.11870E+01,8.12700E-01,5.11870E+01,5.11870E+01,5.11870E+01,5.11870E+01,5.11870E+01,5.11870E+01,5.11870E+01,5.11870E+01,6.35790E+00,5.11870E+01,5.11870E+01,5.11870E+01,5.11870E+01,5.11870E+01 
#t = 1.806E+03
5.11870E+01,5.11870E+01,5.11870E+01,5.11870E+01,5.11870E+01,5.11870E+01,5.11870E+01,5.11870E+01,5.11870E+01,5.11870E+01,5.11870E+01,5.11870E+01,5.11870E+01,5.11870E+01,5.11870E+01,5.11870E+01,5.11870E+01,5.11870E+01,5.11870E+01,5.11870E+01,5.11870E+01,5.11870E+01,5.11870E+01,5.11870E+01,5.11870E+01,2.13246E+00,5.11870E+01,5.11870E+01,1.37448E+01,5.11870E+01,5.11870E+01,8.34809E-01,5.11870E+01,5.11870E+01,5.11870E+01,5.11870E+01,5.11870E+01,5.11870E+01 
#t = 1.848E+03
5.11870E+01,5.11870E+01,5.11870E+01,5.11870E+01,5.11870E+01,5.11870E+01,5.11870E+01,5.11870E+01,5.11870E+01,5.11870E+01,5.11870E+01,5.11870E+01,5.11870E+01,5.11870E+01,5.11870E+01,5.11870E+01,5.11870E+01,5.11870E+01,5.11870E+01,5.11870E+01,5.11870E+01,5.11870E+01,5.11870E+01,5.11870E+01,5.11870E+01,5.11870E+01,5.11870E+01,5.11870E+01,5.11870E+01,4.69962E+00,5.11870E+01,5.11870E+01,5.11870E+01,5.11870E+01,5.11870E+01,5.11870E+01,5.11870E+01,5.11870E+01,1.09991E+00,5.11870E+01,5.11870E+01,5.11870E+01,5.11870E+01,1.71139E-01,5.11870E+01,5.11870E+01,2.96510E+00,5.11870E+01,5.11870E+01,5.11870E+01,5.11870E+01 
#t = 1.890E+03
5.11870E+01,5.11870E+01,5.11870E+01,5.11870E+01,5.11870E+01,5.11870E+01,5.11870E+01,5.11870E+01,5.11870E+01,5.11870E+01,5.11870E+01,5.11870E+01,7.45760E+00,5.11870E+01,5.11870E+01,5.11870E+01,5.11870E+01,5.11870E+01,5.11870E+01,5.11870E+01,5.11870E+01,5.11870E+01,5.11870E+01,5.11870E+01,5.11870E+01,5.11870E+01,4.00547E+00,5.11870E+01,5.11870E+01,5.11870E+01,5.11870E+01,5.11870E+01,5.11870E+01,5.11870E+01,5.11870E+01,7.09444E-01,5.11870E+01,5.11870E+01,5.11870E+01,5.11870E+01,5.11870E+01,5.11870E+01 
#t = 1.932E+03
5.11870E+01,5.11870E+01,5.11870E+01,5.11870E+01,5.11870E+01,5.11870E+01,5.11870E+01,5.11870E+01,5.11870E+01,5.11870E+01,5.11870E+01,5.11870E+01,5.11870E+01,5.11870E+01,5.11870E+01,5.11870E+01,5.11870E+01,5.11870E+01,5.11870E+01,5.11870E+01,5.11870E+01,5.11870E+01,5.11870E+01,5.11870E+01,5.11870E+01,5.11870E+01,1.67350E+00,9.37104E-01,5.11870E+01,5.11870E+01,5.11870E+01,5.11870E+01,5.11870E+01,5.11870E+01,5.11870E+01,5.11870E+01,5.11870E+01,1.12611E-01,5.11870E+01,6.56162E+00 
#t = 1.974E+03
5.11870E+01,5.11870E+01,5.11870E+01,5.11870E+01,5.11870E+01,5.11870E+01,5.11870E+01,5.11870E+01,5.11870E+01,5.11870E+01,5.11870E+01,5.11870E+01,5.11870E+01,5.11870E+01,5.11870E+01,5.11870E+01,5.11870E+01,5.11870E+01,5.11870E+01,5.11870E+01,1.35216E+01,5.11870E+01,5.11870E+01,5.11870E+01,1.27434E+00,5.11870E+01,5.11870E+01,5.11870E+01,5.11870E+01,3.11923E-01,5.11870E+01,5.11870E+01,5.11870E+01,5.11870E+01,1.51064E+00,5.11870E+01,5.11870E+01,5.11870E+01,5.11870E+01,5.11870E+01,4.25965E-01,5.82070E-01,5.11870E+01,4.05654E+00 
#t = 2.016E+03
5.11870E+01,5.11870E+01,5.11870E+01,5.11870E+01,5.11870E+01,5.11870E+01,5.11870E+01,5.11870E+01,1.23940E+01,6.40740E+01,5.11870E+01,5.11870E+01,5.11870E+01,5.11870E+01,5.11870E+01,5.11870E+01,5.11870E+01,5.11870E+01,5.11870E+01,5.11870E+01,6.40740E+01,5.11870E+01,5.11870E+01,5.11870E+01,5.11870E+01,5.11870E+01,5.11870E+01,5.11870E+01,5.11870E+01,5.11870E+01,5.11870E+01,5.11870E+01,5.11870E+01,5.11870E+01,5.11870E+01,5.11870E+01,5.11870E+01,5.11870E+01,5.11870E+01,5.11870E+01 
#t = 2.058E+03
5.11870E+01,5.11870E+01,5.11870E+01,5.11870E+01,5.11870E+01,6.40740E+01,5.11870E+01,1.45464E+01,5.11870E+01,1.33360E+01,5.11870E+01,6.40740E+01,5.11870E+01,5.11870E+01,5.11870E+01,5.11870E+01,5.11870E+01,1.45464E+01,5.11870E+01,5.11870E+01,5.11870E+01,5.11870E+01,5.11870E+01,5.11870E+01,1.33360E+01,5.11870E+01,5.11870E+01,1.13781E+01,6.40740E+01,5.11870E+01,5.11870E+01,4.69416E-01,5.11870E+01,3.09098E-01,5.11870E+01,5.11870E+01,6.40740E+01,5.11870E+01,5.11870E+01,5.11870E+01 
#t = 2.100E+03
1.33360E+01,5.11870E+01,1.13781E+01,5.11870E+01,2.07458E+01,5.11870E+01,5.11870E+01,1.13781E+01,5.11870E+01,5.11870E+01,5.11870E+01,3.48506E+01,5.11870E+01,5.11870E+01,5.11870E+01,5.11870E+01,5.11870E+01,5.11870E+01,5.11870E+01,5.11870E+01,1.33360E+01,1.27112E+01,1.33360E+01,5.11870E+01,1.13781E+01,9.11107E+00,1.49414E-01,5.11870E+01,5.11870E+01,4.87375E+00,5.11870E+01,5.11870E+01,5.11870E+01,1.33360E+01,5.11870E+01,5.11870E+01,7.47459E-01 
#t = 2.142E+03
5.11870E+01,5.11870E+01,5.11870E+01,5.11870E+01,2.07458E+01,3.48506E+01,5.11870E+01,5.11870E+01,5.11870E+01,3.48506E+01,5.11870E+01,5.11870E+01,5.11870E+01,4.23644E+01,6.12264E+01,5.11870E+01,3.48506E+01,5.11870E+01,5.11870E+01,5.11870E+01,3.48506E+01,5.11870E+01,3.48506E+01,5.11870E+01,5.11870E+01,5.11870E+01,6.12264E+01,5.11870E+01,1.33360E+01,3.48506E+01,5.11870E+01,5.11870E+01,5.11870E+01,5.11870E+01,3.07978E+00,6.37828E+00,5.11870E+01,5.11870E+01,5.11870E+01,2.83834E+00,5.11870E+01,5.11870E+01,3.48506E+01 
#t = 2.184E+03
5.11870E+01,3.48506E+01,5.11870E+01,5.11870E+01,5.11870E+01,5.11870E+01,5.11870E+01,5.11870E+01,5.11870E+01,5.11870E+01,5.11870E+01,5.11870E+01,5.11870E+01,5.11870E+01,5.11870E+01,5.11870E+01,5.11870E+01,5.11870E+01,5.11870E+01,5.11870E+01,5.11870E+01,5.11870E+01,5.11870E+01,5.11870E+01,5.11870E+01,5.11870E+01,5.11870E+01,5.11870E+01,5.11870E+01,5.11870E+01,5.11870E+01,5.11870E+01,5.11870E+01,5.11870E+01,5.11870E+01,5.11870E+01,5.11870E+01 
#t = 2.226E+03
5.11870E+01,5.11870E+01,5.11870E+01,5.11870E+01,5.11870E+01,5.11870E+01,5.11870E+01,5.11870E+01,5.11870E+01,5.11870E+01,5.11870E+01,5.11870E+01,5.11870E+01,5.11870E+01,5.11870E+01,5.11870E+01,5.11870E+01,5.11870E+01,5.11870E+01,5.11870E+01,5.11870E+01,5.11870E+01,5.11870E+01,5.11870E+01,5.11870E+01,5.11870E+01,5.11870E+01,5.11870E+01,5.11870E+01,5.11870E+01,9.85152E+00,5.11870E+01,5.11870E+01,5.11870E+01,5.11870E+01,5.11870E+01,5.11870E+01,5.11870E+01,5.85585E-01 
#t = 2.268E+03
5.11870E+01,5.11870E+01,5.11870E+01,5.11870E+01,5.11870E+01,5.11870E+01,5.11870E+01,5.11870E+01,5.11870E+01,5.11870E+01,5.11870E+01,5.11870E+01,5.11870E+01,5.11870E+01,5.11870E+01,5.11870E+01,5.11870E+01,5.11870E+01,5.11870E+01,5.11870E+01,5.11870E+01,5.11870E+01,5.86834E+01,5.11870E+01,5.11870E+01,5.11870E+01,5.11870E+01,5.11870E+01,5.11870E+01,5.11870E+01,5.11870E+01,5.11870E+01,5.11870E+01,5.11870E+01,5.11870E+01 
#t = 2.310E+03
5.11870E+01,5.11870E+01,5.11870E+01,5.11870E+01,5.11870E+01,5.11870E+01,5.11870E+01,5.11870E+01,5.11870E+01,5.11870E+01,5.11870E+01,5.11870E+01,5.86834E+01,5.11870E+01,5.11870E+01,5.11870E+01,7.51964E+00,5.11870E+01,5.86834E+01,5.86834E+01,5.86834E+01,5.11870E+01,5.11870E+01,5.11870E+01,5.11870E+01,5.11870E+01,5.11870E+01,5.86834E+01,5.11870E+01,1.22295E+00,5.86834E+01,5.11870E+01,5.11870E+01,5.11870E+01 
#t = 2.352E+03
5.11870E+01,5.11870E+01,5.11870E+01,5.11870E+01,5.11870E+01,5.86834E+01,5.11870E+01,5.11870E+01,5.11870E+01,5.11870E+01,5.11870E+01,5.86834E+01,5.11870E+01,5.11870E+01,1.39847E+01,5.11870E+01,5.11870E+01,5.11870E+01,5.53203E+00,5.11870E+01,5.86834E+01,5.11870E+01,5.11870E+01,1.51548E+00,5.11870E+01,1.39847E+01,5.11870E+01,4.77358E-02,5.11870E+01,5.11870E+01,5.11870E+01,2.26403E+01,1.47861E+00,5.11870E+01,5.11870E+01,5.11870E+01,5.86834E+01,5.11870E+01 
#t = 2.394E+03
5.11870E+01,1.39847E+01,5.11870E+01,5.11870E+01,5.11870E+01,5.11870E+01,5.11870E+01,5.11870E+01,5.11870E+01,5.11870E+01,5.11870E+01,5.11870E+01,5.11870E+01,5.11870E+01,1.39847E+01,2.26403E+01,5.11870E+01,5.11870E+01,5.11870E+01,5.11870E+01,5.11870E+01,5.11870E+01,5.11870E+01,5.11870E+01,5.11870E+01,5.11870E+01,5.11870E+01,5.11870E+01,5.58522E-02,5.11870E+01,2.26403E+01,8.92019E-01,3.08750E+00,1.39847E+01,5.11870E+01,5.11870E+01,1.39847E+01 
#t = 2.436E+03
5.11870E+01,5.11870E+01,5.11870E+01,5.11870E+01,5.11870E+01,5.11870E+01,5.11870E+01,5.11870E+01,1.22462E+01,5.11870E+01,7.22746E+00,5.11870E+01,5.11870E+01,5.11870E+01,5.11870E+01,5.11870E+01,5.11870E+01,5.11870E+01,8.04321E+00,5.11870E+01,5.11870E+01,5.11870E+01,5.11870E+01,5.11870E+01,5.11870E+01,5.11870E+01,1.39847E+01,5.11870E+01,5.11870E+01,5.11870E+01,5.11870E+01,5.11870E+01,5.11870E+01,5.11870E+01,5.11870E+01,5.11870E+01,3.08484E+00,8.27357E+00,1.55245E+00 
#t = 2.478E+03
5.11870E+01,5.11870E+01,5.11870E+01,5.11870E+01,5.11870E+01,5.11870E+01,5.11870E+01,5.11870E+01,5.11870E+01,5.11870E+01,5.11870E+01,5.11870E+01,5.11870E+01,5.11870E+01,5.11870E+01,5.11870E+01,5.11870E+01,5.11870E+01,5.11870E+01,5.11870E+01,1.02544E+01,5.11870E+01,5.11870E+01,5.11870E+01,5.11870E+01,5.11870E+01,5.11870E+01,5.11870E+01,5.11870E+01,5.11870E+01,5.11870E+01,5.11870E+01,2.38118E+00,5.11870E+01,5.11870E+01,5.11870E+01,5.11870E+01,5.11870E+01,5.11870E+01,5.11870E+01,4.10772E+00,5.11870E+01,5.11870E+01,1.53539E+00,5.11870E+01 
#t = 2.520E+03
5.11870E+01,5.11870E+01,5.11870E+01,5.11870E+01,5.11870E+01,5.11870E+01,5.11870E+01,5.11870E+01,5.11870E+01,5.11870E+01,5.11870E+01,5.11870E+01,5.11870E+01,5.11870E+01,5.11870E+01,5.11870E+01,5.11870E+01,5.11870E+01,5.11870E+01,5.11870E+01,5.11870E+01,5.11870E+01,5.11870E+01,5.11870E+01,5.11870E+01,5.11870E+01,5.11870E+01,5.11870E+01,5.11870E+01,5.11870E+01,5.11870E+01,5.06825E+01,5.11870E+01,5.11870E+01,5.11870E+01,5.11870E+01,5.11870E+01,5.11870E+01,5.11870E+01,5.11870E+01,5.11870E+01,5.11870E+01,5.11870E+01,5.11870E+01,5.11870E+01,5.11870E+01,5.11870E+01,5.11870E+01,6.66134E+00,5.11870E+01,5.11870E+01 
#t = 2.562E+03
5.11870E+01,5.11870E+01,5.11870E+01,5.11870E+01,5.11870E+01,5.11870E+01,5.06825E+01,5.11870E+01,5.11870E+01,5.11870E+01,5.11870E+01,5.11870E+01,5.06825E+01,5.11870E+01,5.11870E+01,5.11870E+01,5.11870E+01,5.11870E+01,5.11870E+01,5.11870E+01,5.11870E+01,5.11870E+01,5.11870E+01,5.11870E+01,5.11870E+01,5.11870E+01,5.11870E+01,5.11870E+01,5.11870E+01,5.11870E+01,5.11870E+01,5.11870E+01,1.35723E+01,5.11870E+01,5.08412E+00,5.11870E+01,5.11870E+01,5.11870E+01,5.11870E+01,5.11870E+01,5.11870E+01,5.11870E+01,5.11870E+01,5.11870E+01,5.11870E+01,5.11870E+01,5.11870E+01,5.11870E+01 
#t = 2.604E+03
5.11870E+01,5.11870E+01,5.11870E+01,5.11870E+01,5.11870E+01,5.11870E+01,1.07297E+01,5.11870E+01,5.11870E+01,5.11870E+01,5.11870E+01,5.11870E+01,1.07297E+01,5.11870E+01,5.11870E+01,5.11870E+01,5.11870E+01,5.11870E+01,5.11870E+01,5.11870E+01,5.11870E+01,5.11870E+01,5.11870E+01,5.11870E+01,5.11870E+01,5.11870E+01,5.11870E+01,5.11870E+01,5.11870E+01,5.11870E+01,5.11870E+01,5.11870E+01,5.11870E+01,8.24924E-02,5.11870E+01,5.11870E+01,5.11870E+01,5.11870E+01,5.11870E+01,5.11870E+01,5.11870E+01,4.81688E-01 
#t = 2.646E+03
5.11870E+01,5.11870E+01,5.11870E+01,5.11870E+01,5.11870E+01,5.11870E+01,5.11870E+01,5.11870E+01,5.11870E+01,5.11870E+01,5.11870E+01,5.11870E+01,5.11870E+01,5.11870E+01,5.11870E+01,5.11870E+01,5.11870E+01,5.11870E+01,5.11870E+01,5.11870E+01,5.11870E+01,5.11870E+01,5.11870E+01,5.11870E+01,5.11870E+01,5.11870E+01,5.11870E+01,5.11870E+01,5.11870E+01,5.11870E+01,5.11870E+01,5.11870E+01,5.11870E+01,5.11870E+01,5.11870E+01,5.11870E+01,5.11870E+01,5.11870E+01,5.11870E+01,5.11870E+01,5.11870E+01,5.11870E+01,5.11870E+01,5.11870E+01,5.11870E+01,5.11870E+01,5.11870E+01,5.11870E+01,5.11870E+01,8.63635E-01,5.11870E+01,5.11870E+01,5.15538E+00,5.11870E+01,5.11870E+01,5.11870E+01,2.63059E+00,5.11870E+01,5.11870E+01,5.11870E+01,1.75447E+00 
#t = 2.688E+03
5.11870E+01,5.11870E+01,5.11870E+01,5.11870E+01,5.11870E+01,5.11870E+01,5.11870E+01,8.47114E+00,5.11870E+01,5.11870E+01,5.11870E+01,5.11870E+01,5.11870E+01,5.11870E+01,5.11870E+01,5.11870E+01,5.11870E+01,5.11870E+01,5.11870E+01,5.11870E+01,5.11870E+01,5.11870E+01,8.99145E-01,1.40896E+01,5.11870E+01,5.11870E+01,5.11870E+01,5.11870E+01,5.11870E+01,5.11870E+01,5.11870E+01,5.11870E+01,1.40019E+01,5.11870E+01,1.79425E+00,5.11870E+01 
#t = 2.730E+03
5.11870E+01,1.40019E+01,5.11870E+01,5.11870E+01,5.11870E+01,2.28422E+01,5.11870E+01,5.11870E+01,5.11870E+01,2.28422E+01,5.11870E+01,5.11870E+01,2.28422E+01,5.11870E+01,5.11870E+01,5.11870E+01,5.11870E+01,5.11870E+01,5.11870E+01,5.11870E+01,5.11870E+01,5.11870E+01,5.11870E+01,5.11870E+01,5.11870E+01,5.11870E+01,5.11870E+01,5.11870E+01,5.11870E+01,5.11870E+01,5.11870E+01,5.11870E+01,5.11870E+01,5.11870E+01,5.11870E+01 
#t = 2.772E+03
5.11870E+01,5.11870E+01,5.11870E+01,5.11870E+01,5.11870E+01,1.40019E+01,5.11870E+01,5.11870E+01,5.11870E+01,5.11870E+01,5.11870E+01,5.11870E+01,5.11870E+01,5.11870E+01,5.11870E+01,5.11870E+01,5.11870E+01,5.11870E+01,5.11870E+01,5.11870E+01,5.11870E+01,5.11870E+01,5.11870E+01,5.11870E+01,1.66488E+01,5.11870E+01,5.11870E+01,1.66488E+01,5.11870E+01,5.11870E+01,5.11870E+01,5.11870E+01,5.11870E+01,5.11870E+01,5.11870E+01,5.11870E+01,5.11870E+01,5.11870E+01,5.11870E+01,1.22518E+01,5.11870E+01,5.11870E+01,5.11870E+01,5.11870E+01,3.48220E+00,5.11870E+01,5.11870E+01,5.11870E+01 
#t = 2.814E+03
5.11870E+01,5.11870E+01,5.11870E+01,5.11870E+01,5.11870E+01,5.11870E+01,2.46287E+01,5.11870E+01,5.11870E+01,5.11870E+01,5.11870E+01,5.11870E+01,5.11870E+01,5.11870E+01,2.46287E+01,5.11870E+01,5.11870E+01,5.11870E+01,5.11870E+01,5.11870E+01,5.11870E+01,5.11870E+01,5.11870E+01,5.11870E+01,5.11870E+01,5.11870E+01,5.11870E+01,5.11870E+01,5.11870E+01,5.11870E+01,5.11870E+01,5.11870E+01,5.11870E+01,5.11870E+01,5.11870E+01,2.89542E+01,1.16690E+01,2.73935E-01,2.46287E+01,5.11870E+01 
#t = 2.856E+03
5.11870E+01,5.11870E+01,5.11870E+01,5.11870E+01,5.11870E+01,5.11870E+01,5.11870E+01,5.11870E+01,5.11870E+01,5.11870E+01,5.11870E+01,5.11870E+01,5.11870E+01,5.11870E+01,5.11870E+01,5.11870E+01,5.11870E+01,5.11870E+01,5.11870E+01,5.11870E+01,5.11870E+01,5.11870E+01,5.11870E+01,5.11870E+01,5.11870E+01,5.11870E+01,5.11870E+01,5.11870E+01,5.11870E+01,1.15433E+01,5.11870E+01,8.60257E+00,5.11870E+01,5.11870E+01 
#t = 2.898E+03
5.11870E+01,5.11870E+01,5.11870E+01,5.11870E+01,5.11870E+01,5.11870E+01,5.11870E+01,5.11870E+01,5.11870E+01,1.47548E+01,5.11870E+01,5.11870E+01,5.11870E+01,5.11870E+01,5.11870E+01,5.11870E+01,5.11870E+01,5.11870E+01,5.11870E+01,1.47548E+01,5.11870E+01,5.11870E+01,5.11870E+01,5.11870E+01,5.11870E+01,5.26562E+00,5.11870E+01,5.11870E+01,5.11870E+01,5.11870E+01,5.11870E+01,5.11870E+01,5.11870E+01,5.11870E+01,5.11870E+01,5.11870E+01,5.11870E+01,5.11870E+01,5.11870E+01,5.11870E+01,1.03184E+01 
#t = 2.940E+03
5.11870E+01,5.11870E+01,5.11870E+01,1.03184E+01,5.11870E+01,5.11870E+01,5.11870E+01,5.11870E+01,5.11870E+01,5.11870E+01,5.11870E+01,5.11870E+01,5.11870E+01,5.11870E+01,5.11870E+01,5.11870E+01,1.57478E+00,5.11870E+01,5.11870E+01,5.11870E+01,5.11870E+01,4.00996E+00,1.35675E+01,5.11870E+01,5.11870E+01,5.11870E+01,5.11870E+01,5.11870E+01,5.11870E+01,5.11870E+01,5.11870E+01,5.11870E+01,5.11870E+01 
#t = 2.982E+03
5.11870E+01,5.11870E+01,5.11870E+01,5.11870E+01,5.11870E+01,5.11870E+01,5.11870E+01,5.11870E+01,5.11870E+01,5.11870E+01,5.11870E+01,5.11870E+01,5.11870E+01,5.11870E+01,5.11870E+01,5.11870E+01,5.11870E+01,5.11870E+01,5.11870E+01,5.11870E+01,5.11870E+01,5.11870E+01,5.11870E+01,5.11870E+01,5.11870E+01,5.11870E+01,5.11870E+01,5.11870E+01,5.11870E+01,5.11870E+01,5.11870E+01,5.11870E+01,1.68251E+01,5.11870E+01,5.11870E+01,5.11870E+01,1.68251E+01,5.11870E+01,5.74936E-01,5.11870E+01,5.11870E+01,5.11870E+01 
#t = 3.024E+03
5.11870E+01,5.11870E+01,5.11870E+01,5.11870E+01,5.11870E+01,5.11870E+01,5.11870E+01,5.11870E+01,5.11870E+01,5.11870E+01,5.11870E+01,5.11870E+01,1.05606E+02,5.11870E+01,5.11870E+01,5.11870E+01,1.30626E+01,5.11870E+01,5.11870E+01,5.11870E+01,5.11870E+01,5.11870E+01,5.11870E+01,5.11870E+01,5.11870E+01,5.11870E+01,5.11870E+01,5.11870E+01,5.11870E+01,5.11870E+01,5.11870E+01,5.11870E+01,5.11870E+01,5.11870E+01,5.11870E+01,5.11870E+01,5.11870E+01 
#t = 3.066E+03
5.11870E+01,5.11870E+01,5.11870E+01,5.11870E+01,5.11870E+01,5.11870E+01,5.11870E+01,5.11870E+01,5.11870E+01,5.11870E+01,5.11870E+01,5.11870E+01,5.11870E+01,5.11870E+01,5.11870E+01,5.11870E+01,5.11870E+01,5.11870E+01,5.11870E+01,5.11870E+01,5.11870E+01,5.11870E+01,5.11870E+01,5.11870E+01,5.11870E+01,5.11870E+01,5.11870E+01,5.11870E+01,5.11870E+01,5.11870E+01,5.11870E+01,5.11870E+01,5.11870E+01,5.11870E+01,5.11870E+01,5.11870E+01,5.11870E+01,5.11870E+01,5.11870E+01,5.11870E+01,5.11870E+01,5.11870E+01,5.11870E+01,5.11870E+01,1.44673E+00,5.11870E+01 
#t = 3.108E+03
5.11870E+01,5.11870E+01,5.11870E+01,5.11870E+01,5.11870E+01,5.11870E+01,5.11870E+01,2.24730E+01,5.11870E+01,5.11870E+01,5.11870E+01,5.11870E+01,5.11870E+01,5.11870E+01,5.11870E+01,5.11870E+01,5.11870E+01,5.11870E+01,5.11870E+01,5.11870E+01,5.11870E+01,5.11870E+01,5.11870E+01,5.11870E+01,1.13816E-01,5.11870E+01,5.11870E+01,1.47906E+01,5.11870E+01,5.11870E+01,5.11870E+01,5.11870E+01,5.11870E+01,5.11870E+01,5.11870E+01,5.11870E+01,5.11870E+01,5.11870E+01,5.11870E+01,5.11870E+01,5.11870E+01,5.11870E+01,2.24730E+01 
#t = 3.150E+03
5.11870E+01,5.11870E+01,5.11870E+01,5.11870E+01,5.11870E+01,5.11870E+01,5.11870E+01,5.11870E+01,5.11870E+01,9.27438E+00,5.11870E+01,1.87767E+01,5.11870E+01,5.11870E+01,5.11870E+01,5.11870E+01,5.11870E+01,5.11870E+01,5.11870E+01,5.11870E+01,1.67478E+01,5.11870E+01,5.11870E+01,5.11870E+01,5.11870E+01,5.11870E+01,5.11870E+01,5.11870E+01,3.63524E+01,5.11870E+01,3.04473E+01,5.11870E+01,5.11870E+01,5.11870E+01,5.11870E+01,5.11870E+01 
#t = 3.192E+03
5.11870E+01,5.11870E+01,5.11870E+01,3.04473E+01,5.11870E+01,5.11870E+01,5.11870E+01,5.11870E+01,5.11870E+01,5.11870E+01,5.11870E+01,5.11870E+01,5.11870E+01,5.11870E+01,5.11870E+01,5.11870E+01,5.11870E+01,1.85587E+01,1.05306E+01,5.11870E+01,5.11870E+01,5.11870E+01,3.04473E+01,5.11870E+01,5.11870E+01,5.11870E+01,5.11870E+01,5.11870E+01,5.11870E+01,5.11870E+01,5.11870E+01,5.11870E+01,5.11870E+01,9.01548E-01,5.11870E+01,5.11870E+01 
#t = 3.234E+03
5.11870E+01,5.11870E+01,5.11870E+01,5.11870E+01,1.22194E+01,5.11870E+01,5.11870E+01,5.11870E+01,5.11870E+01,5.11870E+01,5.11870E+01,5.11870E+01,5.11870E+01,1.22194E+01,3.04473E+01,5.11870E+01,5.11870E+01,5.11870E+01,5.11870E+01,5.11870E+01,5.11870E+01,5.11870E+01,5.11870E+01,5.11870E+01,5.11870E+01,1.22194E+01,3.04473E+01,5.11870E+01,5.11870E+01,5.11870E+01,5.11870E+01,1.22194E+01,5.11870E+01,7.63827E+00,5.11870E+01,1.22194E+01,5.11870E+01 
#t = 3.276E+03
5.11870E+01,5.11870E+01,5.11870E+01,1.22194E+01,1.22194E+01,5.11870E+01,5.11870E+01,5.11870E+01,5.11870E+01,5.11870E+01,5.68946E+01,5.11870E+01,4.38608E+01,1.22194E+01,1.82833E+00,5.11870E+01,5.11870E+01,5.11870E+01,5.11870E+01,5.11870E+01,1.22194E+01,5.11870E+01,4.38608E+01,5.11870E+01,5.11870E+01,5.11870E+01,5.11870E+01,5.11870E+01,5.11870E+01,5.11870E+01,5.11870E+01,5.11870E+01,1.84929E+00,5.11870E+01,5.11870E+01,5.11870E+01,5.11870E+01,5.11870E+01,5.11870E+01,5.11870E+01,5.11870E+01 
#t = 3.318E+03
4.38608E+01,5.11870E+01,5.11870E+01,5.11870E+01,1.22194E+01,5.11870E+01,5.11870E+01,5.11870E+01,5.11870E+01,5.11870E+01,5.11870E+01,5.11870E+01,5.78023E+01,5.11870E+01,5.11870E+01,5.11870E+01,5.11870E+01,5.11870E+01,4.38608E+01,5.11870E+01,4.38608E+01,5.11870E+01,5.11870E+01,5.11870E+01,5.78023E+01,5.11870E+01,4.38608E+01,5.11870E+01,5.11870E+01,5.11870E+01,5.11870E+01,5.11870E+01,5.11870E+01,5.11870E+01,5.11870E+01,5.11870E+01,5.11870E+01,5.11870E+01,5.11870E+01,5.11870E+01,5.11870E+01 
#t = 3.360E+03
5.11870E+01,4.38608E+01,5.11870E+01,4.38608E+01,4.38608E+01,1.22194E+01,5.11870E+01,5.11870E+01,5.11870E+01,5.11870E+01,4.38608E+01,5.11870E+01,2.76494E+01,2.76494E+01,5.11870E+01,6.88428E+00,4.38608E+01,5.11870E+01,5.11870E+01,5.11870E+01,4.38608E+01,5.11870E+01,5.11870E+01,5.11870E+01,5.11870E+01,4.38608E+01,5.11870E+01,5.11870E+01,5.11870E+01,5.78290E+00,5.11870E+01,5.78877E+00,5.11870E+01,5.11870E+01,5.11870E+01,5.11870E+01,5.11870E+01,2.76494E+01,7.45298E+00,5.11870E+01 
#t = 3.402E+03
4.38608E+01,5.11870E+01,5.11870E+01,5.11870E+01,5.11870E+01,5.11870E+01,5.11870E+01,5.11870E+01,5.11870E+01,4.38608E+01,5.11870E+01,5.11870E+01,5.11870E+01,4.38608E+01,2.76494E+01,2.76494E+01,4.38608E+01,5.11870E+01,5.11870E+01,5.11870E+01,4.38608E+01,5.11870E+01,5.11870E+01,5.11870E+01,5.11870E+01,2.76494E+01,5.11870E+01,1.16560E+01,1.62046E+00,5.11870E+01,5.11870E+01,5.11870E+01,6.72382E+01,5.11870E+01 
#t = 3.444E+03
5.11870E+01,5.11870E+01,5.11870E+01,5.11870E+01,5.11870E+01,2.76494E+01,5.11870E+01,5.11870E+01,2.76494E+01,5.11870E+01,5.11870E+01,5.11870E+01,5.11870E+01,5.11870E+01,5.11870E+01,5.11870E+01,5.11870E+01,5.11870E+01,4.38608E+01,2.76494E+01,5.11870E+01,5.11870E+01,5.11870E+01,5.11870E+01,5.11870E+01,2.27477E+01,5.11870E+01,5.11870E+01,5.11870E+01,5.11870E+01,5.11870E+01,5.11870E+01,5.11870E+01,1.70528E+00,5.11870E+01,5.11870E+01,2.90514E-01,5.11870E+01,2.76494E+01,5.11870E+01,5.11870E+01,5.11870E+01,1.47172E+00,5.11870E+01 
#t = 3.486E+03
5.11870E+01,5.11870E+01,2.76494E+01,5.11870E+01,5.11870E+01,5.11870E+01,5.11870E+01,5.11870E+01,2.76494E+01,5.11870E+01,5.11870E+01,5.11870E+01,5.11870E+01,5.11870E+01,5.11870E+01,5.11870E+01,5.11870E+01,5.11870E+01,5.11870E+01,5.11870E+01,5.11870E+01,5.11870E+01,1.76474E+01,5.11870E+01,5.11870E+01,1.76474E+01,5.11870E+01,2.76494E+01,5.11870E+01,5.11870E+01,9.41044E+00,5.11870E+01,5.11870E+01,5.11870E+01,5.11870E+01,1.44621E+00,5.11870E+01,5.11870E+01,5.11870E+01 
#t = 3.528E+03
5.11870E+01,9.41044E+00,5.11870E+01,3.15004E+01,2.76494E+01,5.11870E+01,5.11870E+01,5.11870E+01,2.76494E+01,5.11870E+01,2.76494E+01,5.11870E+01,5.11870E+01,5.11870E+01,5.11870E+01,5.11870E+01,2.76494E+01,5.11870E+01,2.76494E+01,5.11870E+01,2.76494E+01,5.11870E+01,5.11870E+01,5.11870E+01,5.11870E+01,5.11870E+01,5.11870E+01,5.11870E+01,2.76494E+01,5.11870E+01,5.11870E+01,5.11870E+01,3.76005E+01,5.11870E+01,5.11870E+01,2.31939E-01 
#t = 3.570E+03
5.11870E+01,3.15004E+01,5.11870E+01,5.11870E+01,3.15004E+01,2.18777E+01,5.11870E+01,2.18777E+01,5.11870E+01,5.11870E+01,5.11870E+01,5.11870E+01,5.11870E+01,2.18777E+01,5.11870E+01,5.11870E+01,5.11870E+01,3.15004E+01,5.11870E+01,2.18777E+01,5.11870E+01,2.76494E+01,5.11870E+01,5.11870E+01,5.11870E+01,2.18777E+01,6.28346E+01,5.11870E+01,2.18777E+01,5.11870E+01,3.15004E+01,5.11870E+01,2.76494E+01,5.11870E+01,2.76494E+01,2.18777E+01,5.11870E+01,5.11870E+01,5.11870E+01,2.76494E+01,5.11870E+01,3.15004E+01,5.11870E+01,2.18777E+01,5.11870E+01,5.11870E+01,5.11870E+01 
#t = 3.612E+03
2.18777E+01,2.18777E+01,5.11870E+01,5.11870E+01,5.11870E+01,1.15556E+01,6.28346E+01,5.11870E+01,5.11870E+01,5.11870E+01,2.18777E+01,5.11870E+01,1.15556E+01,5.11870E+01,2.76494E+01,2.76494E+01,5.11870E+01,5.11870E+01,5.11870E+01,5.11870E+01,5.11870E+01,2.76494E+01,5.11870E+01,5.11870E+01,5.11870E+01,6.28346E+01,5.11870E+01,2.76494E+01,3.12154E+00,5.11870E+01,1.15556E+01,7.18340E-01,5.11870E+01,1.15556E+01,1.58306E-01,1.50072E+00,7.31654E-01 
#t = 3.654E+03
5.11870E+01,5.11870E+01,5.11870E+01,2.76494E+01,5.11870E+01,1.15556E+01,5.11870E+01,5.11870E+01,5.11870E+01,5.11870E+01,5.11870E+01,5.11870E+01,5.11870E+01,5.11870E+01,5.11870E+01,5.11870E+01,5.11870E+01,5.11870E+01,1.15556E+01,5.11870E+01,5.11870E+01,5.11870E+01,5.11870E+01,5.11870E+01,5.11870E+01,5.11870E+01,5.11870E+01,5.11870E+01,2.76494E+01,4.40597E-02,5.11870E+01,5.11870E+01,5.11870E+01,5.11870E+01,5.11870E+01 
#t = 3.696E+03
5.11870E+01,5.11870E+01,5.11870E+01,5.11870E+01,5.11870E+01,5.11870E+01,5.11870E+01,5.11870E+01,5.11870E+01,5.11870E+01,2.76494E+01,5.11870E+01,5.11870E+01,5.11870E+01,5.11870E+01,5.11870E+01,5.11870E+01,5.11870E+01,5.11870E+01,8.90554E+00,5.11870E+01,5.11870E+01,5.11870E+01,5.11870E+01,5.11870E+01,3.70761E-01,5.11870E+01,1.01705E-01,5.11870E+01,5.11870E+01,5.11870E+01,1.15776E+01,5.11870E+01,5.11870E+01,5.11870E+01,5.11870E+01 
#t = 3.738E+03
5.11870E+01,5.11870E+01,5.11870E+01,5.11870E+01,5.11870E+01,5.11870E+01,5.11870E+01,5.11870E+01,5.11870E+01,5.11870E+01,5.11870E+01,5.11870E+01,5.11870E+01,5.11870E+01,5.11870E+01,5.11870E+01,5.11870E+01,5.11870E+01,5.11870E+01,5.11870E+01,5.11870E+01,5.11870E+01,5.11870E+01,6.47328E-02,4.39579E-01,5.11870E+01,5.11870E+01,1.27808E+00,5.11870E+01,5.11870E+01,3.83615E-01,5.11870E+01,1.50996E+01 
#t = 3.780E+03
5.11870E+01,5.11870E+01,5.11870E+01,2.23515E+01,5.11870E+01,5.11870E+01,5.11870E+01,5.11870E+01,5.11870E+01,5.11870E+01,5.11870E+01,5.11870E+01,5.11870E+01,5.11870E+01,5.11870E+01,5.11870E+01,2.23515E+01,5.11870E+01,5.11870E+01,5.11870E+01,5.11870E+01,5.11870E+01,5.11870E+01,5.11870E+01,5.11870E+01,5.11870E+01,5.11870E+01,5.11870E+01,5.11870E+01,5.11870E+01,5.11870E+01,5.11870E+01,5.11870E+01,5.11870E+01,5.11870E+01,5.11870E+01 
#t = 3.822E+03
5.11870E+01,5.11870E+01,5.11870E+01,5.11870E+01,5.11870E+01,5.11870E+01,5.11870E+01,5.11870E+01,5.11870E+01,5.11870E+01,5.11870E+01,5.11870E+01,5.11870E+01,5.11870E+01,5.11870E+01,5.11870E+01,5.11870E+01,5.11870E+01,5.11870E+01,5.11870E+01,5.11870E+01,5.11870E+01,5.11870E+01,5.11870E+01,5.11870E+01,5.11870E+01,5.11870E+01,1.70456E+00,5.11870E+01 
#t = 3.864E+03
5.11870E+01,5.11870E+01,5.11870E+01,5.11870E+01,5.11870E+01,5.11870E+01,5.11870E+01,5.11870E+01,5.11870E+01,5.11870E+01,5.11870E+01,5.11870E+01,5.11870E+01,5.11870E+01,5.11870E+01,5.11870E+01,5.11870E+01,1.62102E+01,5.11870E+01,8.75102E+00,5.11870E+01,5.11870E+01,9.47777E+00,5.11870E+01,5.11870E+01,5.11870E+01,5.11870E+01,5.11870E+01,5.11870E+01,5.11870E+01,1.10762E+01,5.11870E+01,5.11870E+01,5.11870E+01,5.11870E+01,5.11870E+01,5.11870E+01,5.11870E+01,8.43824E-01,5.11870E+01,5.11870E+01,5.11870E+01 
#t = 3.906E+03
5.11870E+01,5.11870E+01,5.11870E+01,5.11870E+01,5.11870E+01,1.62102E+01,5.11870E+01,5.11870E+01,1.62102E+01,5.11870E+01,5.11870E+01,5.11870E+01,5.11870E+01,5.11870E+01,5.11870E+01,5.11870E+01,5.11870E+01,5.11870E+01,1.31161E+01,5.11870E+01,5.11870E+01,5.11870E+01,5.11870E+01,5.11870E+01,5.11870E+01,5.11870E+01,5.11870E+01,5.11870E+01,5.11870E+01,1.62102E+01,5.11870E+01,5.11870E+01,5.11870E+01,5.11870E+01,5.11870E+01,5.11870E+01,5.11870E+01 
#t = 3.948E+03
5.11870E+01,5.11870E+01,5.11870E+01,5.11870E+01,5.11870E+01,5.11870E+01,5.11870E+01,5.11870E+01,5.11870E+01,5.11870E+01,5.11870E+01,5.11870E+01,1.91418E+01,5.11870E+01,5.11870E+01,5.11870E+01,5.11870E+01,1.87012E+01,5.11870E+01,5.11870E+01,5.11870E+01,5.11870E+01,5.11870E+01,5.11870E+01,5.11870E+01,5.11870E+01,5.11870E+01,5.11870E+01,8.06478E-01,5.11870E+01,5.11870E+01,2.15304E+00,5.11870E+01,6.32507E+00,5.11870E+01 
#t = 3.990E+03
5.11870E+01,5.11870E+01,1.87012E+01,5.11870E+01,5.11870E+01,5.11870E+01,5.11870E+01,5.11870E+01,5.11870E+01,5.11870E+01,5.11870E+01,5.11870E+01,5.11870E+01,5.11870E+01,5.11870E+01,1.17153E+01,5.11870E+01,5.11870E+01,5.11870E+01,5.11870E+01,5.11870E+01,5.11870E+01,5.11870E+01,5.11870E+01,5.11870E+01,5.11870E+01,5.11870E+01,5.11870E+01,5.11870E+01,8.77537E+00,5.11870E+01,5.11870E+01,9.80562E-01,5.11870E+01,5.11870E+01,5.11870E+01,5.11870E+01,5.11870E+01,5.11870E+01,5.11870E+01,5.11870E+01,5.11870E+01,5.11870E+01,5.11870E+01,5.11870E+01,5.11870E+01,5.11870E+01 
#t = 4.032E+03
5.11870E+01,5.11870E+01,5.11870E+01,5.11870E+01,5.11870E+01,5.11870E+01,5.11870E+01,1.17153E+01,1.87012E+01,5.11870E+01,1.17153E+01,5.11870E+01,5.11870E+01,5.11870E+01,5.11870E+01,5.11870E+01,5.11870E+01,5.11870E+01,5.11870E+01,1.87012E+01,1.87012E+01,5.11870E+01,1.87012E+01,1.87012E+01,1.17153E+01,1.87012E+01,5.11870E+01,1.87012E+01,5.11870E+01,1.87012E+01,1.17153E+01,5.11870E+01,5.11870E+01,5.11870E+01,5.11870E+01,5.11870E+01,1.87012E+01,1.87012E+01,5.11870E+01,9.72421E-01,5.11870E+01 
#t = 4.074E+03
5.11870E+01,1.87012E+01,1.17153E+01,5.11870E+01,5.11870E+01,1.17153E+01,5.11870E+01,1.87012E+01,1.87012E+01,5.11870E+01,5.11870E+01,1.87012E+01,5.11870E+01,1.87012E+01,1.17153E+01,5.11870E+01,5.11870E+01,1.87012E+01,1.17153E+01,1.17153E+01,5.11870E+01,5.11870E+01,1.17153E+01,5.11870E+01,5.11870E+01,1.17153E+01,1.17153E+01,1.17153E+01,5.11870E+01,5.51158E-01,1.17153E+01,5.11870E+01,1.17153E+01,5.11870E+01,1.17153E+01,5.11870E+01,5.29306E+00,1.84497E+00 
#t = 4.116E+03
1.17153E+01,5.11870E+01,5.11870E+01,5.11870E+01,1.17153E+01,5.11870E+01,5.11870E+01,5.11870E+01,5.11870E+01,5.11870E+01,5.11870E+01,1.17153E+01,5.11870E+01,1.17153E+01,5.11870E+01,1.17153E+01,1.17153E+01,5.11870E+01,2.72958E+01,1.17153E+01,5.11870E+01,1.15298E+01,5.11870E+01,5.11870E+01,5.11870E+01,4.26079E+00,1.17153E+01,1.15298E+01,5.11870E+01,5.11870E+01,5.11870E+01,5.11870E+01,5.11870E+01,1.17153E+01,1.17153E+01,4.28759E-01,1.17153E+01,1.20240E-01,2.72958E+01,5.11870E+01 
#t = 4.158E+03
5.11870E+01,5.11870E+01,5.11870E+01,5.11870E+01,5.11870E+01,5.11870E+01,5.11870E+01,5.11870E+01,5.11870E+01,5.11870E+01,5.11870E+01,5.11870E+01,5.11870E+01,5.11870E+01,5.11870E+01,5.11870E+01,5.11870E+01,5.11870E+01,5.11870E+01,5.11870E+01,5.11870E+01,8.34474E+00,5.11870E+01,5.11870E+01,5.11870E+01,5.11870E+01,5.11870E+01,5.11870E+01,5.11870E+01,5.11870E+01,5.11870E+01,5.11870E+01,5.11870E+01,5.11870E+01,5.11870E+01,5.11870E+01,2.27317E+01,5.11870E+01,5.11870E+01,5.11870E+01,5.11870E+01,1.32731E+00,5.11870E+01 
#t = 4.200E+03
5.11870E+01,5.11870E+01,5.11870E+01,5.11870E+01,5.11870E+01,5.11870E+01,5.11870E+01,5.11870E+01,5.11870E+01,5.11870E+01,1.84423E+00,5.11870E+01,5.11870E+01,5.11870E+01,5.11870E+01,5.11870E+01,5.11870E+01,5.11870E+01,5.11870E+01,7.28577E+00,5.11870E+01,5.11870E+01,1.50230E+00,5.11870E+01,5.11870E+01,5.11870E+01,1.24992E+01,5.11870E+01,5.11870E+01 
