#t = 0.000E+00
2.07628E-01,4.20993E-01,1.82455E-01,1.45366E+00,1.65317E+00 
#t = 4.200E+01
1.19400E+01,2.20285E-01,1.83753E+00 
#t = 8.400E+01
1.19400E+01,1.19400E+01,3.53586E+00,1.80262E+01,3.39803E+00,8.57605E-02,1.76663E+00 
#t = 1.260E+02
3.67623E+01,3.67623E+01,2.06532E+01,2.55089E+00,2.06532E+01,2.06532E+01,3.67623E+01,3.67623E+01,3.67623E+01,1.90319E-01 
#t = 1.680E+02
1.78727E+01 
#t = 2.100E+02
1.59651E+01,1.36997E+01,5.18436E+01,1.36997E+01,5.18436E+01,5.18436E+01,5.18436E+01,3.77838E+01,3.44859E+01,2.06907E+01,5.18436E+01,3.44859E+01,5.18436E+01,5.18436E+01,1.57496E+00,3.44859E+01 
#t = 2.520E+02
1.36997E+01,5.18436E+01,3.44859E+01,3.44859E+01,3.44859E+01,5.18436E+01,5.18436E+01,3.44859E+01,3.44859E+01,5.18436E+01,3.44859E+01,3.44859E+01,5.18436E+01,3.44859E+01,5.18436E+01,1.09252E+01,5.18436E+01,3.44859E+01,1.09252E+01,3.93395E+01,2.87507E+01,5.18436E+01,3.44859E+01,3.93395E+01,5.18436E+01,3.44859E+01,3.44859E+01,3.44859E+01,3.44859E+01,9.71987E+00,5.18436E+01,3.44859E+01,3.44859E+01,1.11650E+01,3.44859E+01,5.18436E+01,5.18436E+01,5.18436E+01,3.44859E+01 
#t = 2.940E+02
5.18436E+01,3.44859E+01,5.18436E+01,3.44859E+01,5.18436E+01,3.44859E+01,5.18436E+01,5.18436E+01,3.44859E+01,3.44859E+01,3.44859E+01,1.78884E+01,3.44859E+01,3.44859E+01,5.18436E+01,3.44859E+01,2.87507E+01,2.87507E+01,5.18436E+01,5.18436E+01,3.44859E+01,5.18436E+01,5.18436E+01,3.44859E+01,5.18436E+01,3.44859E+01,3.44859E+01,3.44859E+01,5.18436E+01,3.44859E+01,1.90772E-01 
#t = 3.360E+02
3.44859E+01,3.44859E+01,1.78884E+01,3.44859E+01,5.18436E+01,5.18436E+01,3.44859E+01,3.44859E+01,5.18436E+01,5.18436E+01,5.18436E+01,3.44859E+01,3.44859E+01,3.44859E+01,5.18436E+01,3.44859E+01,5.18436E+01,3.44859E+01,3.44859E+01,5.18436E+01,3.44859E+01,5.18436E+01,5.18436E+01,3.44859E+01,9.66184E+01,3.44859E+01,3.44859E+01,9.66184E+01,3.44859E+01,5.18436E+01,3.44859E+01,9.66184E+01,3.44859E+01,3.44859E+01,9.66184E+01,9.66184E+01,3.44859E+01,5.18436E+01,1.31760E+00 
#t = 3.780E+02
5.18436E+01,9.66184E+01,5.18436E+01,5.18436E+01,3.44859E+01,3.24599E+01,5.18436E+01,5.18436E+01,3.62007E+01,3.44859E+01,5.18436E+01,5.18436E+01,3.44859E+01,3.44859E+01,5.18436E+01,5.18436E+01,3.44859E+01,5.18436E+01,3.62007E+01,3.44859E+01,3.62007E+01,5.18436E+01,5.18436E+01,5.18436E+01,5.18436E+01,5.18436E+01,5.18436E+01,3.62007E+01,9.66184E+01,5.18436E+01,3.62007E+01,1.08229E+00,3.24599E+01,5.18436E+01 
#t = 4.200E+02
3.44859E+01,5.18436E+01,5.18436E+01,5.18436E+01,3.44859E+01,5.18436E+01,5.18436E+01,5.18436E+01,5.18436E+01,1.29319E+01,3.70164E+01,3.44859E+01,5.18436E+01,5.18436E+01,5.18436E+01,5.18436E+01,5.18436E+01,5.18436E+01,5.18436E+01,5.18436E+01,1.02491E+01,5.18436E+01,5.18436E+01,5.18436E+01,5.18436E+01,5.18436E+01,5.18436E+01,5.18436E+01,5.18436E+01,5.18436E+01,5.18436E+01,5.18436E+01,5.18436E+01,5.18436E+01,5.18436E+01,5.87307E+00,5.18436E+01,1.02459E+01,5.18436E+01,5.88166E-01,5.18436E+01,5.18436E+01 
#t = 4.620E+02
5.18436E+01,1.29319E+01,5.18436E+01,5.18436E+01,3.44859E+01,5.18436E+01,5.18436E+01,5.18436E+01,5.18436E+01,1.19892E+01,5.18436E+01,5.18436E+01,5.18436E+01,5.18436E+01,5.18436E+01,3.44859E+01,1.29319E+01,3.44859E+01,1.19892E+01,1.19892E+01,1.19892E+01,1.19892E+01,5.18436E+01,5.18436E+01,1.19892E+01,5.18436E+01,5.18436E+01,1.29319E+01,5.18436E+01,1.19892E+01,5.18436E+01,5.18436E+01,1.29319E+01,5.18436E+01,1.29319E+01,5.18436E+01,5.18436E+01,5.18436E+01,5.18436E+01,5.18436E+01,3.35561E+00,5.18436E+01,5.18436E+01,1.19892E+01 
#t = 5.040E+02
5.18436E+01,5.18436E+01,5.18436E+01,1.19892E+01,1.29319E+01,5.18436E+01,5.18436E+01,5.18436E+01,5.18436E+01,5.18436E+01,5.18436E+01,1.29319E+01,5.18436E+01,5.18436E+01,5.18436E+01,5.18436E+01,5.18436E+01,5.18436E+01,5.18436E+01,1.29319E+01,1.19892E+01,1.56194E+01,1.56194E+01,3.39467E+01,5.18436E+01,1.19892E+01,5.18436E+01,5.18436E+01,5.18436E+01,1.19892E+01,1.54447E-01,5.62456E-01,5.18436E+01,5.18436E+01,5.18436E+01,5.18436E+01 
#t = 5.460E+02
5.18436E+01,1.19892E+01,1.29319E+01,5.18436E+01,5.18436E+01,5.18436E+01,5.18436E+01,5.18436E+01,1.19892E+01,3.97135E+01,1.19892E+01,5.18436E+01,5.18436E+01,5.18436E+01,5.18436E+01,5.18436E+01,5.18436E+01,5.18436E+01,5.18436E+01,5.18436E+01,5.18436E+01,9.33061E+00,1.19892E+01,1.19892E+01,4.44536E-01,5.18436E+01,5.18436E+01,5.18436E+01,5.18436E+01,5.18436E+01,1.19892E+01,5.18436E+01,5.18436E+01,5.18436E+01 
#t = 5.880E+02
5.18436E+01,5.18436E+01,5.18436E+01,5.18436E+01,5.18436E+01,5.18436E+01,5.18436E+01,3.97135E+01,3.97135E+01,5.18436E+01,5.18436E+01,6.38077E+00,5.18436E+01,5.18436E+01,5.18436E+01,5.18436E+01,5.18436E+01,5.18436E+01,5.18436E+01,5.18436E+01,5.18436E+01,5.18436E+01,5.18436E+01,5.18436E+01,5.18436E+01,5.18436E+01,5.18436E+01,5.18436E+01,5.18436E+01,5.18436E+01,5.18436E+01,5.18436E+01,5.18436E+01,5.18436E+01,5.18436E+01,5.18436E+01,5.18436E+01,5.18436E+01,5.18436E+01,2.67670E+00,5.18436E+01,1.92729E+00,5.18436E+01 
#t = 6.300E+02
5.18436E+01,5.18436E+01,5.18436E+01,5.18436E+01,5.18436E+01,5.18436E+01,5.18436E+01,5.18436E+01,5.18436E+01,5.18436E+01,5.18436E+01,5.18436E+01,5.18436E+01,5.18436E+01,5.18436E+01,5.18436E+01,5.18436E+01,5.18436E+01,5.18436E+01,5.18436E+01,5.18436E+01,5.18436E+01,5.18436E+01,5.18436E+01,5.18436E+01,1.54246E+01,5.18436E+01,5.18436E+01,5.45551E+00,5.18436E+01,5.18436E+01,5.18436E+01,5.18436E+01,1.54246E+01,2.34076E-01,5.18436E+01,5.18436E+01 
#t = 6.720E+02
5.18436E+01,5.18436E+01,5.18436E+01,5.18436E+01,5.18436E+01,5.18436E+01,5.18436E+01,5.18436E+01,5.18436E+01,5.18436E+01,5.18436E+01,5.18436E+01,5.18436E+01,5.18436E+01,5.18436E+01,3.82595E+01,5.18436E+01,5.18436E+01,5.18436E+01,5.18436E+01,5.18436E+01,5.18436E+01,5.18436E+01,1.54246E+01,5.18436E+01,5.18436E+01,5.18436E+01,5.18436E+01,5.18436E+01,5.47605E+00,5.18436E+01,5.18436E+01,5.18436E+01,5.18436E+01,5.18436E+01,5.18436E+01,5.18436E+01,5.18436E+01 
#t = 7.140E+02
5.18436E+01,5.18436E+01,5.18436E+01,5.18436E+01,5.18436E+01,1.02982E+01,5.18436E+01,5.18436E+01,5.18436E+01,5.18436E+01,5.18436E+01,5.18436E+01,5.18436E+01,5.18436E+01,5.18436E+01,5.18436E+01,5.18436E+01,1.22127E+01,5.18436E+01,5.18436E+01,5.18436E+01,5.18436E+01,5.18436E+01,1.22127E+01,5.18436E+01,5.18436E+01,5.18436E+01,5.18436E+01,5.18436E+01,5.18436E+01 
#t = 7.560E+02
1.02982E+01,5.18436E+01,5.18436E+01,5.18436E+01,9.99318E+00,5.18436E+01,5.18436E+01,5.18436E+01,5.18436E+01,5.18436E+01,5.18436E+01,5.18436E+01,5.16500E+01,5.18436E+01,5.18436E+01,5.18436E+01,5.18436E+01,5.18436E+01,5.16500E+01,5.18436E+01,5.18436E+01,5.18436E+01,5.18436E+01,5.18436E+01,5.18436E+01,5.16500E+01,5.18436E+01,5.18436E+01,5.18436E+01,5.18436E+01,5.18436E+01,1.07208E+00,5.16500E+01,2.69904E-01,5.18436E+01 
#t = 7.980E+02
5.18436E+01,5.18436E+01,5.18436E+01,5.18436E+01,5.18436E+01,5.18436E+01,1.48398E+01,1.03491E+01,5.18436E+01,5.18436E+01,5.18436E+01,1.57234E+01,5.18436E+01,5.18436E+01,5.18436E+01,5.18436E+01,9.28202E+00,5.18436E+01,5.18436E+01,7.47008E+00,5.18436E+01,5.18436E+01,5.18436E+01,5.18436E+01,4.73134E-01,1.57234E+01,5.18436E+01,4.00173E+00,5.18436E+01,5.18436E+01,1.48398E+01,5.18436E+01 
#t = 8.400E+02
5.18436E+01,5.18436E+01,5.18436E+01,5.18436E+01,5.18436E+01,5.18436E+01,5.18436E+01,5.18436E+01,5.18436E+01,5.18436E+01,5.18436E+01,5.18436E+01,5.18436E+01,5.18436E+01,5.18436E+01,5.18436E+01,5.18436E+01,5.18436E+01,5.18436E+01,5.18436E+01,5.18436E+01,5.18436E+01,5.18436E+01,5.18436E+01,5.18436E+01,5.18436E+01,5.18436E+01,5.18436E+01,5.18436E+01,5.18436E+01,8.56365E-02,5.18436E+01,5.18436E+01,3.38848E+00,5.18436E+01,5.18436E+01,5.18436E+01,5.18436E+01,5.18436E+01,4.84609E-01,5.18436E+01,5.18436E+01,5.18436E+01 
#t = 8.820E+02
5.18436E+01,5.18436E+01,5.18436E+01,5.18436E+01,5.18436E+01,5.18436E+01,5.18436E+01,5.18436E+01,5.18436E+01,5.18436E+01,5.18436E+01,5.18436E+01,1.08378E+01,5.18436E+01,5.18436E+01,5.18436E+01,5.18436E+01,1.08378E+01,5.18436E+01,5.18436E+01,5.18436E+01,5.18436E+01,5.18436E+01,5.18436E+01,5.18436E+01,5.18436E+01,5.18436E+01,5.18436E+01,5.18436E+01,5.18436E+01,5.18436E+01,5.18436E+01,1.08378E+01,5.18436E+01,1.88045E+01,5.18436E+01,5.18436E+01,5.18436E+01,5.18436E+01,5.18436E+01,5.18436E+01,5.18436E+01,5.18436E+01,5.18436E+01,7.28197E-02,5.18436E+01,5.18436E+01,5.18436E+01 
#t = 9.240E+02
5.18436E+01,5.18436E+01,5.18436E+01,1.88045E+01,5.18436E+01,5.18436E+01,5.18436E+01,5.18436E+01,5.18436E+01,5.18436E+01,5.18436E+01,5.18436E+01,5.18436E+01,5.18436E+01,5.18436E+01,5.18436E+01,5.18436E+01,5.18436E+01,5.18436E+01,5.18436E+01,5.18436E+01,5.18436E+01,5.18436E+01,5.18436E+01,5.18436E+01,5.18436E+01,5.18436E+01,5.18436E+01,1.88045E+01,5.18436E+01,5.18436E+01,3.79313E-01,5.18436E+01,5.18436E+01,8.11734E+00,5.18436E+01 
#t = 9.660E+02
5.18436E+01,5.18436E+01,5.18436E+01,5.18436E+01,5.18436E+01,5.18436E+01,1.88045E+01,5.18436E+01,5.18436E+01,1.88045E+01,5.18436E+01,1.88045E+01,5.18436E+01,5.18436E+01,5.18436E+01,5.18436E+01,5.18436E+01,5.18436E+01,5.18436E+01,1.42742E+01,5.18436E+01,5.18436E+01,5.18436E+01,5.18436E+01,5.18436E+01,1.88045E+01,5.18436E+01,1.88045E+01,5.18436E+01,5.18436E+01,1.88045E+01,1.88045E+01,1.88045E+01,5.18436E+01,5.18436E+01,1.88045E+01,6.60923E+00,1.35715E+00,5.18436E+01,5.18436E+01,1.88045E+01,1.85348E+00,5.18436E+01 
#t = 1.008E+03
5.18436E+01,5.18436E+01,5.18436E+01,5.18436E+01,1.88045E+01,1.88045E+01,1.88045E+01,1.88045E+01,5.18436E+01,5.18436E+01,5.18436E+01,5.18436E+01,5.18436E+01,5.18436E+01,5.18436E+01,5.18436E+01,5.18436E+01,5.18436E+01,5.18436E+01,5.18436E+01,5.18436E+01,5.18436E+01,1.88045E+01,1.44665E+01,5.18436E+01,5.18436E+01,1.44665E+01,5.18436E+01,5.18436E+01,1.44665E+01,5.18436E+01,1.88045E+01,5.18436E+01,5.18436E+01,1.88045E+01,7.63055E+00,5.18436E+01,5.18436E+01,1.88045E+01,5.18436E+01,5.18436E+01,7.03768E-01,5.18436E+01,5.18436E+01,5.18436E+01,5.18436E+01,6.12743E-01,5.18436E+01,1.88045E+01,6.50916E-02,5.18436E+01,5.18436E+01 
#t = 1.050E+03
5.18436E+01,5.18436E+01,5.18436E+01,1.88045E+01,5.18436E+01,1.88045E+01,1.88045E+01,1.44665E+01,5.18436E+01,1.44665E+01,1.44665E+01,1.44665E+01,1.17864E+01,5.18436E+01,5.18436E+01,1.88045E+01,5.18436E+01,5.18436E+01,5.18436E+01,1.88045E+01,5.18436E+01,1.88045E+01,5.18436E+01,5.18436E+01,5.18436E+01,1.88045E+01,5.18436E+01,1.88045E+01,1.88045E+01,1.88045E+01,5.18436E+01,5.18436E+01,1.17864E+01,1.44665E+01,5.18436E+01,1.44665E+01,5.18436E+01,1.88045E+01,5.18436E+01,5.72016E+00,1.44665E+01,5.18436E+01,5.18436E+01,1.88045E+01,1.88045E+01,5.18436E+01,1.44665E+01,5.18436E+01,5.18436E+01,3.10191E-01,5.18436E+01,5.18436E+01,1.44665E+01,5.18436E+01,1.88045E+01,5.18436E+01,1.44665E+01 
#t = 1.092E+03
5.18436E+01,5.18436E+01,1.44665E+01,5.18436E+01,1.44665E+01,1.44665E+01,5.18436E+01,5.18436E+01,5.18436E+01,1.88045E+01,5.18436E+01,5.18436E+01,5.18436E+01,5.18436E+01,5.18436E+01,1.75059E+01,5.18436E+01,1.75059E+01,5.18436E+01,1.44665E+01,1.88045E+01,1.88045E+01,5.18436E+01,9.51532E+00,1.44665E+01,5.18436E+01,5.18436E+01,5.18436E+01,5.18436E+01,1.44665E+01,1.88045E+01,1.38572E+00,1.75059E+01,5.18436E+01,5.18436E+01 
#t = 1.134E+03
5.18436E+01,5.18436E+01,1.44665E+01,5.18436E+01,1.44665E+01,5.18436E+01,5.18436E+01,5.18436E+01,5.18436E+01,5.18436E+01,1.44665E+01,1.44665E+01,1.44665E+01,1.44665E+01,5.18436E+01,1.44665E+01,5.18436E+01,1.75059E+01,5.18436E+01,5.18436E+01,5.18436E+01,1.44665E+01,5.18436E+01,5.18436E+01,5.18436E+01,5.18436E+01,5.18436E+01,5.18436E+01,1.44665E+01,5.18436E+01,5.18436E+01,1.88045E+01,1.44665E+01,1.44665E+01,1.44665E+01,5.18436E+01,1.44665E+01,2.69934E+01,5.18436E+01,1.44665E+01,5.18436E+01,2.53709E+00,2.81880E-01 
#t = 1.176E+03
5.18436E+01,5.18436E+01,1.44665E+01,1.44665E+01,1.44665E+01,5.18436E+01,5.18436E+01,5.18436E+01,5.18436E+01,5.18436E+01,5.18436E+01,5.18436E+01,5.18436E+01,5.18436E+01,5.18436E+01,5.18436E+01,5.18436E+01,5.18436E+01,5.18436E+01,5.18436E+01,5.18436E+01,7.82492E+00,5.18436E+01,5.18436E+01,5.18436E+01,5.18436E+01,5.18436E+01,5.18436E+01,1.44665E+01,5.18436E+01,5.18436E+01,5.18436E+01,4.81140E+00,5.18436E+01,5.18436E+01,5.18436E+01,5.18436E+01,5.18436E+01,5.18436E+01 
#t = 1.218E+03
5.18436E+01,5.18436E+01,5.18436E+01,5.18436E+01,5.18436E+01,5.18436E+01,5.18436E+01,5.18436E+01,5.18436E+01,1.44665E+01,5.18436E+01,5.18436E+01,1.44665E+01,5.18436E+01,5.18436E+01,5.18436E+01,5.18436E+01,5.18436E+01,5.18436E+01,5.18436E+01,5.18436E+01,5.18436E+01,5.18436E+01,5.18436E+01,5.18436E+01,5.18436E+01,5.18436E+01,5.18436E+01,5.18436E+01,5.18436E+01,5.18436E+01,5.18436E+01,5.18436E+01,5.18436E+01,5.18436E+01,5.18436E+01,5.18436E+01,5.18436E+01,5.18436E+01,5.18436E+01 
#t = 1.260E+03
5.18436E+01,5.18436E+01,5.18436E+01,5.18436E+01,5.18436E+01,5.18436E+01,1.44665E+01,1.44665E+01,5.18436E+01,5.18436E+01,5.18436E+01,5.18436E+01,5.18436E+01,5.18436E+01,5.18436E+01,5.18436E+01,5.18436E+01,5.18436E+01,5.18436E+01,1.78919E+01,5.18436E+01,5.18436E+01,5.18436E+01,5.18436E+01,5.18436E+01,5.18436E+01,5.18436E+01,6.74831E-01,5.18436E+01,1.09574E+00,1.78919E+01 
#t = 1.302E+03
5.18436E+01,5.18436E+01,5.18436E+01,5.18436E+01,5.18436E+01,5.18436E+01,5.18436E+01,5.18436E+01,5.18436E+01,5.18436E+01,5.18436E+01,5.18436E+01,5.18436E+01,5.18436E+01,5.18436E+01,5.18436E+01,5.18436E+01,5.18436E+01,5.18436E+01,5.18436E+01,5.18436E+01,5.18436E+01,5.18436E+01,5.18436E+01,5.18436E+01,5.18436E+01,5.18436E+01,5.18436E+01,5.18436E+01,5.18436E+01,4.99248E+00,5.18436E+01,5.18436E+01,5.18436E+01,5.18436E+01,5.18436E+01,2.14903E-01,5.18436E+01,9.19106E-01,1.57954E+00,5.18436E+01,5.18436E+01,5.18436E+01 
#t = 1.344E+03
5.18436E+01,5.18436E+01,5.18436E+01,5.18436E+01,5.18436E+01,5.18436E+01,5.18436E+01,5.18436E+01,5.18436E+01,5.18436E+01,5.18436E+01,5.18436E+01,5.18436E+01,5.18436E+01,1.50821E+01,5.18436E+01,5.18436E+01,5.18436E+01,5.18436E+01,5.18436E+01,2.03938E+01,5.18436E+01,5.18436E+01,5.18436E+01,5.18436E+01,5.18436E+01,5.18436E+01,5.18436E+01,5.18436E+01,5.18436E+01,5.18436E+01,3.34835E+00,5.18436E+01,2.53039E+01,5.18436E+01,5.18436E+01,5.18436E+01,5.18436E+01,5.18436E+01,3.21953E-01,6.68234E-01,5.18436E+01,5.18436E+01,5.18436E+01 
#t = 1.386E+03
5.18436E+01,5.18436E+01,5.18436E+01,5.18436E+01,5.18436E+01,2.03938E+01,5.18436E+01,5.18436E+01,5.18436E+01,5.18436E+01,5.18436E+01,5.18436E+01,5.18436E+01,5.18436E+01,5.18436E+01,5.18436E+01,5.18436E+01,5.18436E+01,5.18436E+01,5.18436E+01,5.18436E+01,5.18436E+01,2.03938E+01,2.03938E+01,5.18436E+01,5.18436E+01,5.18436E+01,5.18436E+01,4.34879E-02,5.18436E+01,5.18436E+01,5.18436E+01,5.18436E+01 
#t = 1.428E+03
5.18436E+01,5.18436E+01,5.18436E+01,5.18436E+01,5.18436E+01,5.18436E+01,5.18436E+01,5.18436E+01,5.18436E+01,5.18436E+01,5.18436E+01,5.18436E+01,5.18436E+01,5.18436E+01,5.18436E+01,5.18436E+01,5.18436E+01,5.18436E+01,5.18436E+01,5.18436E+01,5.18436E+01,5.18436E+01,5.18436E+01,5.18436E+01,5.18436E+01,5.18436E+01,5.18436E+01,5.18436E+01,5.18436E+01,5.18436E+01,1.45161E-01,5.18436E+01,1.16995E+00 
#t = 1.470E+03
5.18436E+01,5.18436E+01,5.18436E+01,5.18436E+01,5.18436E+01,5.18436E+01,5.18436E+01,5.18436E+01,5.18436E+01,5.18436E+01,5.18436E+01,5.18436E+01,5.18436E+01,5.18436E+01,5.18436E+01,5.18436E+01,5.18436E+01,5.18436E+01,5.18436E+01,5.18436E+01,5.18436E+01,5.18436E+01,5.18436E+01,5.18436E+01,5.18436E+01,5.18436E+01,5.18436E+01,5.18436E+01,5.18436E+01,5.18436E+01,5.18436E+01,5.18436E+01,5.18436E+01,1.55345E+00,5.18436E+01,5.18436E+01,4.52572E-01,5.18436E+01,5.18436E+01,1.01606E+00,5.18436E+01,5.18436E+01,1.96009E-01,5.18436E+01 
#t = 1.512E+03
5.18436E+01,5.18436E+01,5.18436E+01,5.18436E+01,5.18436E+01,5.18436E+01,5.18436E+01,5.18436E+01,5.18436E+01,5.18436E+01,5.18436E+01,5.18436E+01,5.18436E+01,5.18436E+01,5.18436E+01,5.18436E+01,5.18436E+01,5.18436E+01,5.18436E+01,5.18436E+01,5.18436E+01,5.18436E+01,5.18436E+01,5.18436E+01,5.18436E+01,5.18436E+01,5.18436E+01,5.18436E+01,5.18436E+01,5.18436E+01,5.18436E+01,5.18436E+01,5.18436E+01,5.18436E+01,5.18436E+01,5.18436E+01,5.18436E+01,5.18436E+01,5.18436E+01,5.18436E+01,5.18436E+01,5.18436E+01,5.18436E+01 
#t = 1.554E+03
5.18436E+01,5.18436E+01,5.18436E+01,5.18436E+01,5.18436E+01,2.21986E+01,5.18436E+01,5.18436E+01,5.18436E+01,5.18436E+01,5.18436E+01,5.18436E+01,5.18436E+01,5.18436E+01,5.18436E+01,5.18436E+01,5.18436E+01,5.18436E+01,5.18436E+01,5.18436E+01,5.18436E+01,5.18436E+01,5.18436E+01,5.18436E+01,5.18436E+01,5.18436E+01,5.18436E+01,1.78779E+00,5.18436E+01,5.18436E+01,5.18436E+01,5.18436E+01,5.18436E+01,5.18436E+01,5.18436E+01,5.18436E+01,5.18436E+01,5.18436E+01,5.18436E+01,5.18436E+01,5.18436E+01,5.18436E+01,5.18436E+01,5.18436E+01 
#t = 1.596E+03
5.18436E+01,5.18436E+01,5.18436E+01,5.18436E+01,5.18436E+01,5.18436E+01,5.18436E+01,5.18436E+01,5.18436E+01,5.18436E+01,5.18436E+01,5.18436E+01,5.18436E+01,5.18436E+01,5.18436E+01,5.18436E+01,5.18436E+01,5.18436E+01,5.18436E+01,5.18436E+01,5.18436E+01,5.18436E+01,5.18436E+01,5.18436E+01,5.18436E+01,5.18436E+01,5.18436E+01,5.18436E+01,5.18436E+01,2.52110E+01,5.18436E+01,5.18436E+01,5.18436E+01,5.18436E+01,5.18436E+01,1.66812E+00,5.18436E+01,2.21220E+00,5.18436E+01,5.18436E+01,2.52110E+01,2.52110E+01 
#t = 1.638E+03
2.52110E+01,2.52110E+01,5.18436E+01,5.18436E+01,5.18436E+01,5.18436E+01,5.18436E+01,5.18436E+01,5.18436E+01,5.18436E+01,5.18436E+01,5.18436E+01,5.18436E+01,5.18436E+01,5.18436E+01,5.18436E+01,5.18436E+01,5.18436E+01,5.18436E+01,5.18436E+01,5.18436E+01,5.18436E+01,5.18436E+01,5.18436E+01,5.18436E+01,5.18436E+01,5.18436E+01,5.18436E+01,5.18436E+01,5.18436E+01,5.18436E+01,5.18436E+01,5.18436E+01,5.18436E+01,5.18436E+01,5.18436E+01,1.40034E-01,5.18436E+01,5.18436E+01,5.18436E+01,5.18436E+01,2.52110E+01,5.18436E+01,5.18436E+01,5.18436E+01 
#t = 1.680E+03
5.18436E+01,5.18436E+01,5.18436E+01,5.18436E+01,5.18436E+01,5.18436E+01,5.18436E+01,5.18436E+01,5.18436E+01,5.18436E+01,5.18436E+01,5.18436E+01,5.18436E+01,5.18436E+01,5.18436E+01,5.18436E+01,5.18436E+01,5.18436E+01,5.18436E+01,5.18436E+01,5.18436E+01,5.18436E+01,2.52110E+01,5.18436E+01,5.18436E+01,2.40092E+01,5.18436E+01,1.18134E-01,5.18436E+01,5.18436E+01,5.18436E+01,2.40092E+01,5.18436E+01,5.18436E+01,2.40092E+01,1.81893E+00,5.18436E+01,5.18436E+01 
#t = 1.722E+03
5.18436E+01,5.18436E+01,5.18436E+01,5.18436E+01,5.18436E+01,1.01962E+01,5.18436E+01,5.18436E+01,5.18436E+01,5.18436E+01,5.18436E+01,5.18436E+01,5.18436E+01,5.18436E+01,5.18436E+01,5.18436E+01,5.18436E+01,5.18436E+01,5.18436E+01,5.18436E+01,5.18436E+01,5.18436E+01,5.18436E+01,5.18436E+01,5.18436E+01,5.18436E+01,5.18436E+01,5.18436E+01,5.18436E+01,5.18436E+01,5.18436E+01,5.18436E+01,5.18436E+01,5.18436E+01,9.54646E-01,5.08173E+00,5.18436E+01,5.18436E+01,5.18436E+01 
#t = 1.764E+03
5.18436E+01,5.18436E+01,5.18436E+01,5.18436E+01,5.18436E+01,5.18436E+01,5.18436E+01,5.18436E+01,5.18436E+01,5.18436E+01,5.18436E+01,5.18436E+01,5.18436E+01,5.18436E+01,5.18436E+01,5.18436E+01,5.18436E+01,5.18436E+01,5.18436E+01,5.18436E+01,5.18436E+01,5.18436E+01,5.18436E+01,5.18436E+01,5.18436E+01,1.00689E+01,5.29932E+00,5.18436E+01,5.18436E+01,5.18436E+01,5.18436E+01,5.18436E+01,5.18436E+01,5.18436E+01,5.18436E+01,5.18436E+01,4.91064E+00,5.18436E+01,1.10463E+00,5.18436E+01,5.18436E+01,5.18436E+01,5.18436E+01 
#t = 1.806E+03
5.18436E+01,5.18436E+01,5.18436E+01,5.18436E+01,5.18436E+01,5.18436E+01,5.18436E+01,5.18436E+01,5.18436E+01,5.18436E+01,5.18436E+01,5.18436E+01,5.18436E+01,5.18436E+01,5.18436E+01,5.18436E+01,5.18436E+01,5.18436E+01,5.18436E+01,5.18436E+01,5.18436E+01,5.18436E+01,5.18436E+01,5.18436E+01,1.01328E+01,5.18436E+01,5.18436E+01,5.18436E+01,5.18436E+01,5.18436E+01,5.18436E+01,5.18436E+01,1.83618E+01,5.18436E+01,5.18436E+01,5.18436E+01,5.18436E+01,5.18436E+01,5.18436E+01,5.18436E+01,5.18436E+01,5.02133E+00,5.18436E+01,5.18436E+01,9.17879E+00,5.18436E+01,6.69958E-02 
#t = 1.848E+03
5.18436E+01,5.18436E+01,5.18436E+01,5.18436E+01,5.18436E+01,5.18436E+01,5.18436E+01,5.18436E+01,5.18436E+01,1.43535E+01,5.18436E+01,5.18436E+01,5.18436E+01,5.18436E+01,5.18436E+01,5.18436E+01,5.18436E+01,5.18436E+01,5.18436E+01,5.18436E+01,1.43535E+01,5.18436E+01,5.18436E+01,5.18436E+01,5.18436E+01,5.18436E+01,5.18436E+01,5.18436E+01,5.18436E+01,5.18436E+01,5.18436E+01,5.18436E+01,5.18436E+01,5.18436E+01,5.18436E+01,1.50658E+01,5.18436E+01,5.18436E+01,5.18436E+01,5.18436E+01,5.18436E+01,5.18436E+01,5.18436E+01,5.18436E+01,1.43535E+01,5.18436E+01,2.91663E+00,5.18436E+01,1.43535E+01 
#t = 1.890E+03
1.43535E+01,5.18436E+01,5.18436E+01,5.18436E+01,5.18436E+01,5.18436E+01,5.18436E+01,5.18436E+01,5.18436E+01,5.18436E+01,5.18436E+01,5.18436E+01,5.18436E+01,5.18436E+01,1.83986E+02,5.71480E+00,5.18436E+01,5.18436E+01,5.18436E+01,5.18436E+01,5.18436E+01,5.18436E+01,5.18436E+01,1.43535E+01,5.18436E+01,5.18436E+01,5.18436E+01,5.18436E+01,7.29391E+00,5.18436E+01,5.18436E+01,5.18436E+01,5.18436E+01,9.55403E+00,5.18436E+01,3.38665E+00,3.92860E+00,1.83986E+02,5.18436E+01,1.83986E+02 
#t = 1.932E+03
5.18436E+01,5.18436E+01,5.18436E+01,5.18436E+01,5.18436E+01,5.18436E+01,5.18436E+01,5.18436E+01,5.18436E+01,5.18436E+01,5.18436E+01,5.18436E+01,5.18436E+01,5.18436E+01,5.18436E+01,5.18436E+01,5.18436E+01,5.18436E+01,5.18436E+01,5.18436E+01,5.18436E+01,5.18436E+01,5.18436E+01,5.18436E+01,5.18436E+01,5.18436E+01,5.18436E+01,5.18436E+01,5.18436E+01,5.18436E+01,5.18436E+01,5.18436E+01,5.18436E+01,5.18436E+01,5.18436E+01,7.16619E-01,2.15913E-01,5.18436E+01,1.91610E+00 
#t = 1.974E+03
5.18436E+01,5.18436E+01,5.18436E+01,5.18436E+01,5.18436E+01,5.18436E+01,1.10777E+01,5.18436E+01,5.18436E+01,5.18436E+01,1.10777E+01,5.18436E+01,5.18436E+01,5.18436E+01,5.18436E+01,5.18436E+01,2.36523E+01,5.18436E+01,5.18436E+01,5.18436E+01,5.18436E+01,5.18436E+01,5.18436E+01,1.10777E+01,5.18436E+01,5.18436E+01,5.18436E+01,5.18436E+01,1.43852E+01,5.18436E+01,5.18436E+01,5.18436E+01,5.18436E+01,5.18436E+01,5.18436E+01,5.18436E+01,2.36523E+01,1.10777E+01,2.36523E+01,2.36523E+01 
#t = 2.016E+03
5.18436E+01,5.18436E+01,5.18436E+01,5.18436E+01,5.18436E+01,5.18436E+01,5.18436E+01,5.18436E+01,5.18436E+01,5.18436E+01,5.18436E+01,5.18436E+01,5.18436E+01,5.18436E+01,5.18436E+01,5.18436E+01,4.80517E-01,5.18436E+01,5.18436E+01,5.18436E+01,5.18436E+01,8.28070E+00,5.18436E+01,5.18436E+01,5.18436E+01,5.18436E+01,5.18436E+01,7.99663E-02,5.18436E+01,5.18436E+01,5.18436E+01,5.18436E+01,5.18436E+01,4.24677E-01,1.91355E+00,5.18436E+01 
#t = 2.058E+03
5.18436E+01,5.18436E+01,5.18436E+01,5.18436E+01,9.17604E+01,5.18436E+01,5.18436E+01,5.18436E+01,5.18436E+01,5.18436E+01,9.17604E+01,5.18436E+01,5.18436E+01,5.18436E+01,5.18436E+01,5.18436E+01,5.18436E+01,5.18436E+01,5.18436E+01,5.18436E+01,9.17604E+01,9.17604E+01,5.18436E+01,5.18436E+01,5.18436E+01,5.18436E+01,9.17604E+01,5.18436E+01,9.17604E+01,9.17604E+01,5.18436E+01,5.18436E+01,5.18436E+01,5.15716E-01,9.17604E+01,5.18436E+01,5.18436E+01,5.18436E+01,9.17604E+01,5.18436E+01,5.18436E+01 
#t = 2.100E+03
5.18436E+01,9.17604E+01,5.18436E+01,5.18436E+01,5.18436E+01,5.18436E+01,5.18436E+01,5.18436E+01,5.18436E+01,5.18436E+01,5.18436E+01,5.18436E+01,9.17604E+01,5.18436E+01,5.18436E+01,5.18436E+01,9.17604E+01,5.18436E+01,5.18436E+01,5.18436E+01,5.18436E+01,5.18436E+01,5.18436E+01,5.18436E+01,9.17604E+01,5.18436E+01,5.18436E+01,9.17604E+01,3.15299E-01,5.18436E+01,5.18436E+01,1.03420E-01,5.18436E+01,9.17604E+01,5.18436E+01,5.18436E+01,5.18436E+01,5.18436E+01,5.18436E+01,8.93347E-02,5.18436E+01,5.18436E+01,5.18436E+01,1.56360E+00,5.18436E+01,5.18436E+01 
#t = 2.142E+03
5.18436E+01,5.18436E+01,5.18436E+01,9.17604E+01,5.18436E+01,9.17604E+01,5.18436E+01,9.17604E+01,9.17604E+01,9.17604E+01,5.18436E+01,5.18436E+01,9.17604E+01,9.17604E+01,5.18436E+01,5.18436E+01,9.17604E+01,5.18436E+01,5.18436E+01,9.17604E+01,9.17604E+01,5.18436E+01,9.17604E+01,9.01350E+00,9.17604E+01,5.18436E+01,3.34027E+00,9.17604E+01,5.18436E+01,5.18436E+01,9.17604E+01,4.54371E+00,5.18436E+01,9.17604E+01,5.18436E+01,5.18436E+01,2.14649E-01 
#t = 2.184E+03
5.18436E+01,5.18436E+01,5.18436E+01,9.17604E+01,5.18436E+01,5.18436E+01,9.17604E+01,5.18436E+01,9.17604E+01,5.18436E+01,9.17604E+01,5.18436E+01,5.18436E+01,5.18436E+01,5.18436E+01,5.18436E+01,5.18436E+01,5.18436E+01,5.18436E+01,9.17604E+01,5.18436E+01,5.18436E+01,9.17604E+01,5.18436E+01,9.17604E+01,9.17604E+01,1.94739E+01,5.18436E+01,5.18436E+01,9.17604E+01,5.18436E+01,5.18436E+01,9.17604E+01,5.18436E+01,5.18436E+01,5.18436E+01,5.18436E+01,9.17604E+01,9.17604E+01,5.18436E+01,5.18436E+01,5.18436E+01,5.18436E+01,7.28423E+00,5.18436E+01,5.18436E+01,5.18436E+01,5.97814E-01,1.95932E+00,5.18436E+01,5.18436E+01,2.44671E+00,2.39056E+00 
#t = 2.226E+03
5.18436E+01,5.18436E+01,5.18436E+01,5.18436E+01,5.18436E+01,5.18436E+01,5.18436E+01,9.17604E+01,9.17604E+01,5.18436E+01,5.18436E+01,9.17604E+01,5.18436E+01,5.18436E+01,1.70194E+00,9.17604E+01,9.17604E+01,5.18436E+01,5.18436E+01,9.17604E+01,9.17604E+01,9.17604E+01,9.17604E+01,5.18436E+01,9.17604E+01,1.01763E+01,5.18436E+01,1.06873E+01,3.47845E+00,9.17604E+01,5.18436E+01,5.26397E+01 
#t = 2.268E+03
5.18436E+01,5.18436E+01,5.18436E+01,5.18436E+01,5.18436E+01,9.17604E+01,9.17604E+01,9.17604E+01,5.18436E+01,5.18436E+01,5.18436E+01,5.18436E+01,5.18436E+01,5.26397E+01,9.17604E+01,5.18436E+01,9.17604E+01,5.18436E+01,5.26397E+01,9.17604E+01,9.17604E+01,5.26397E+01,9.17604E+01,5.26397E+01,5.18436E+01,5.18436E+01,5.18436E+01,9.17604E+01,5.18436E+01,5.18436E+01,5.26397E+01,5.26397E+01,9.17604E+01,9.17604E+01,5.18436E+01,5.18436E+01,2.26772E+01,5.18436E+01,5.18436E+01,9.17604E+01,9.17604E+01,5.18436E+01,9.17604E+01,5.18436E+01 
#t = 2.310E+03
5.18436E+01,5.18436E+01,5.18436E+01,5.18436E+01,5.18436E+01,5.18436E+01,5.26397E+01,9.17604E+01,5.18436E+01,5.18436E+01,5.18436E+01,5.18436E+01,9.17604E+01,5.26397E+01,5.18436E+01,5.18436E+01,5.26397E+01,5.26397E+01,5.18436E+01,5.18436E+01,5.18436E+01,5.18436E+01,5.18436E+01,5.26397E+01,5.26397E+01,5.26397E+01,5.18436E+01,5.18436E+01,5.18436E+01,5.18436E+01,5.18436E+01,5.18436E+01,5.18436E+01,5.18436E+01,5.18436E+01,5.18436E+01,5.18436E+01 
#t = 2.352E+03
5.18436E+01,5.26397E+01,5.26397E+01,5.18436E+01,5.18436E+01,5.18436E+01,5.18436E+01,5.26397E+01,5.26397E+01,5.18436E+01,5.18436E+01,5.18436E+01,5.26397E+01,5.18436E+01,5.18436E+01,5.18436E+01,5.18436E+01,5.18436E+01,5.18436E+01,5.18436E+01,5.18436E+01,5.18436E+01,5.18436E+01,5.18436E+01,5.18436E+01,5.18436E+01,5.18436E+01,5.18436E+01,5.26397E+01,5.26397E+01,5.18436E+01,5.26397E+01,5.18436E+01,5.26397E+01,5.18436E+01,5.18436E+01,5.18436E+01,5.18436E+01,5.18436E+01,4.69999E-01,5.18436E+01,5.26397E+01 
#t = 2.394E+03
5.18436E+01,5.26397E+01,5.18436E+01,5.18436E+01,1.44754E+01,5.18436E+01,5.18436E+01,5.18436E+01,5.26397E+01,5.18436E+01,5.18436E+01,5.18436E+01,5.18436E+01,5.18436E+01,5.18436E+01,5.18436E+01,3.48319E+00,5.18436E+01,5.18436E+01,9.08145E+00,5.18436E+01,5.18436E+01,1.44754E+01,1.44754E+01,1.44754E+01,5.18436E+01,5.18436E+01,1.39388E+00,1.44754E+01,5.18436E+01,5.18436E+01,1.44754E+01,5.26397E+01,1.44754E+01,5.26397E+01,1.44754E+01,5.18436E+01,5.18436E+01,5.18436E+01 
#t = 2.436E+03
5.18436E+01,1.44754E+01,5.18436E+01,5.18436E+01,5.18436E+01,5.18436E+01,5.18436E+01,5.26397E+01,5.18436E+01,1.13541E+01,5.18436E+01,5.18436E+01,1.27991E+01,5.18436E+01,1.44754E+01,5.18436E+01,5.18436E+01,1.27991E+01,5.18436E+01,5.18436E+01,5.18436E+01,5.18436E+01,3.12789E+01,5.18436E+01,1.27991E+01,5.18436E+01,5.18436E+01,5.18436E+01,5.18436E+01,1.13541E+01,5.18436E+01,5.18436E+01,5.18436E+01,5.18436E+01,5.18436E+01,5.18436E+01,5.18436E+01 
#t = 2.478E+03
1.27991E+01,1.27991E+01,5.18436E+01,5.18436E+01,5.18436E+01,5.18436E+01,5.18436E+01,5.18436E+01,5.18436E+01,5.18436E+01,5.18436E+01,5.18436E+01,5.18436E+01,4.00305E+01,5.18436E+01,5.18436E+01,5.18436E+01,5.18436E+01,1.27991E+01,5.18436E+01,1.61809E-01,5.18436E+01,5.18436E+01,1.76862E+00,5.18436E+01 
#t = 2.520E+03
5.18436E+01,5.18436E+01,5.18436E+01,5.18436E+01,4.00305E+01,5.18436E+01,5.18436E+01,1.27991E+01,5.18436E+01,5.18436E+01,5.18436E+01,5.18436E+01,5.18436E+01,5.18436E+01,5.18436E+01,5.18436E+01,5.18436E+01,5.18436E+01,5.18436E+01,5.18436E+01,5.18436E+01,1.27991E+01,5.18436E+01,5.18436E+01,4.00305E+01,5.18436E+01,1.27991E+01,5.18436E+01,5.18436E+01,5.18436E+01,5.18436E+01,4.00305E+01,1.27991E+01,4.31994E-01,5.18436E+01,2.12468E-01 
#t = 2.562E+03
1.27991E+01,4.00305E+01,5.18436E+01,5.18436E+01,5.18436E+01,5.18436E+01,5.18436E+01,4.00305E+01,5.18436E+01,5.18436E+01,4.00305E+01,4.00305E+01,5.18436E+01,5.18436E+01,4.00305E+01,5.18436E+01,4.00305E+01,4.00305E+01,5.18436E+01,5.85860E+00,4.00305E+01,5.18436E+01,4.00305E+01,4.00305E+01,4.00305E+01,4.36113E+01,5.18436E+01,4.00305E+01,4.00305E+01,5.18436E+01,1.27991E+01,5.18436E+01,2.49084E-01,5.18436E+01,4.00305E+01,4.00305E+01,6.31462E-01,5.18436E+01 
#t = 2.604E+03
5.18436E+01,5.18436E+01,4.00305E+01,4.00305E+01,4.00305E+01,5.18436E+01,5.18436E+01,4.00305E+01,4.00305E+01,8.05875E+01,5.18436E+01,4.00305E+01,5.18436E+01,8.05875E+01,8.05875E+01,5.18436E+01,5.18436E+01,4.00305E+01,5.18436E+01,5.18436E+01,4.00305E+01,5.18436E+01,5.18436E+01,5.18436E+01 
#t = 2.646E+03
8.05875E+01,4.00305E+01,4.00305E+01,8.05875E+01,5.18436E+01,8.05875E+01,8.05875E+01,8.05875E+01,5.18436E+01,4.00305E+01,4.00305E+01,8.05875E+01,4.00305E+01,8.05875E+01,8.05875E+01,4.00305E+01,4.00305E+01,4.00305E+01,8.05875E+01,1.44161E+01,4.00305E+01,8.05875E+01,4.00305E+01,8.05875E+01,8.05875E+01,4.00305E+01,9.39088E+00,4.00305E+01,4.00305E+01,4.00305E+01,8.05875E+01,4.00305E+01,5.18436E+01 
#t = 2.688E+03
4.00305E+01,4.00305E+01,4.00305E+01,4.00305E+01,4.00305E+01,4.00305E+01,8.05875E+01,4.00305E+01,8.05875E+01,4.00305E+01,4.00305E+01,8.05875E+01,4.00305E+01,8.05875E+01,4.00305E+01,8.05875E+01,4.00305E+01,8.05875E+01,8.05875E+01,4.00305E+01,8.05875E+01,5.18436E+01,4.00305E+01,1.16544E+01,4.00305E+01,8.05875E+01,4.00305E+01,8.05875E+01,4.00305E+01,4.00305E+01,8.05875E+01,8.05875E+01,8.05875E+01,4.00305E+01,8.05875E+01,8.05875E+01,3.20016E+00,8.85083E-02,1.63454E+00,8.05875E+01,4.00305E+01,4.00305E+01,4.00305E+01 
#t = 2.730E+03
4.00305E+01,4.00305E+01,8.05875E+01,8.05875E+01,8.05875E+01,8.05875E+01,8.05875E+01,8.05875E+01,8.05875E+01,8.05875E+01,8.05875E+01,8.05875E+01,8.05875E+01,8.05875E+01,1.16544E+01,8.05875E+01,4.00305E+01,8.05875E+01,8.05875E+01,4.00305E+01,8.05875E+01,5.96459E+01,4.00305E+01,8.05875E+01,8.05875E+01,4.00305E+01,1.48697E+01,1.24562E-01,8.05875E+01,8.05875E+01,8.05875E+01,8.05875E+01,8.05875E+01,8.05875E+01,4.00305E+01,8.05875E+01,4.00305E+01,8.05875E+01,8.05875E+01,8.05875E+01,4.00305E+01,8.05875E+01 
#t = 2.772E+03
8.05875E+01,4.00305E+01,4.00305E+01,8.05875E+01,8.05875E+01,8.05875E+01,8.05875E+01,8.05875E+01,1.25721E+01,8.05875E+01,8.05875E+01,8.05875E+01,8.05875E+01,8.05875E+01,8.05875E+01,8.05875E+01,8.05875E+01,8.05875E+01,8.05875E+01,8.05875E+01,8.05875E+01,8.05875E+01,8.05875E+01,8.05875E+01,8.05875E+01,8.05875E+01,8.05875E+01,4.00305E+01,8.05875E+01,8.05875E+01,8.05875E+01,4.00305E+01,1.25721E+01,4.00305E+01,8.05875E+01,4.00305E+01,8.05875E+01,8.05875E+01,4.00305E+01,4.00305E+01,8.05875E+01,6.37019E+00,8.05875E+01,1.25721E+01,8.05875E+01,8.05875E+01,8.05875E+01,8.05875E+01,8.05875E+01,8.05875E+01,4.00305E+01,8.05875E+01,8.05875E+01 
#t = 2.814E+03
8.05875E+01,8.05875E+01,1.28547E+01,8.05875E+01,4.00305E+01,8.05875E+01,8.05875E+01,1.28547E+01,8.05875E+01,4.00305E+01,8.05875E+01,4.00305E+01,8.05875E+01,8.05875E+01,8.05875E+01,8.05875E+01,8.05875E+01,8.05875E+01,4.00305E+01,8.05875E+01,8.05875E+01,8.05875E+01,1.28547E+01,8.05875E+01,4.00305E+01,8.05875E+01,8.05875E+01,8.05875E+01,8.05875E+01,8.05875E+01,8.05875E+01,1.28547E+01,8.05875E+01,8.05875E+01,8.05875E+01,4.00305E+01,9.83479E+00,8.01739E-01,4.00305E+01,8.05875E+01,8.05875E+01,8.05875E+01,8.05875E+01 
#t = 2.856E+03
8.05875E+01,8.05875E+01,8.05875E+01,8.05875E+01,8.05875E+01,8.05875E+01,8.05875E+01,8.05875E+01,8.05875E+01,8.05875E+01,8.05875E+01,8.05875E+01,8.05875E+01,8.05875E+01,8.05875E+01,8.05875E+01,8.05875E+01,8.05875E+01,8.05875E+01,4.00305E+01,8.05875E+01,8.05875E+01,8.05875E+01,8.05875E+01,8.05875E+01,8.05875E+01,8.05875E+01,8.05875E+01,8.05875E+01,8.05875E+01,9.54956E+00,8.05875E+01,8.05875E+01,8.05875E+01,8.05875E+01,8.05875E+01,8.05875E+01,8.05875E+01,8.05875E+01,8.05875E+01 
#t = 2.898E+03
8.05875E+01,8.05875E+01,8.05875E+01,8.05875E+01,8.05875E+01,8.05875E+01,8.05875E+01,8.05875E+01,8.05875E+01,8.05875E+01,8.05875E+01,8.05875E+01,8.05875E+01,8.05875E+01,8.05875E+01,8.05875E+01,8.05875E+01,8.05875E+01,8.05875E+01,8.05875E+01,8.05875E+01,8.05875E+01,8.05875E+01,8.05875E+01,8.05875E+01,8.05875E+01,8.05875E+01,8.05875E+01,1.11126E+01,8.05875E+01,8.05875E+01,8.05875E+01,8.05875E+01,8.05875E+01,8.05875E+01,8.05875E+01,8.05875E+01,8.05875E+01,8.05875E+01,8.05875E+01,8.05875E+01,3.92515E-01,1.20731E+01,8.05875E+01,8.05875E+01,8.05875E+01,8.00612E-01,3.02549E+00,8.05875E+01,5.66030E-02,8.77459E-01,8.05875E+01 
#t = 2.940E+03
8.05875E+01,8.05875E+01,8.05875E+01,8.05875E+01,8.05875E+01,8.05875E+01,8.05875E+01,8.05875E+01,8.05875E+01,8.05875E+01,8.05875E+01,8.05875E+01,8.05875E+01,8.05875E+01,8.05875E+01,8.05875E+01,8.05875E+01,8.05875E+01,8.05875E+01,8.05875E+01,8.05875E+01,8.05875E+01,8.05875E+01,8.05875E+01,2.37167E+02,8.05875E+01,8.05875E+01,8.05875E+01,2.37167E+02,8.05875E+01,8.05875E+01,8.05875E+01,8.05875E+01,8.05875E+01,8.05875E+01,8.05875E+01,8.05875E+01,8.05875E+01,8.05875E+01,8.05875E+01,8.05875E+01,8.05875E+01,8.05875E+01,8.05875E+01,8.05875E+01,2.42129E+00,8.05875E+01,3.23680E+00,8.05875E+01 
#t = 2.982E+03
8.05875E+01,8.05875E+01,8.05875E+01,8.05875E+01,2.37167E+02,8.05875E+01,8.05875E+01,8.05875E+01,8.05875E+01,8.05875E+01,8.05875E+01,8.05875E+01,8.05875E+01,8.05875E+01,8.05875E+01,8.05875E+01,8.05875E+01,8.05875E+01,2.37167E+02,8.05875E+01,8.05875E+01,8.05875E+01,8.05875E+01,8.05875E+01,8.05875E+01,8.05875E+01,2.06257E+01,8.05875E+01,8.05875E+01,8.05875E+01,8.05875E+01,2.37167E+02,8.05875E+01,8.05875E+01,8.05875E+01,2.37167E+02,8.05875E+01,2.06257E+01,2.37167E+02,8.05875E+01,8.05875E+01,1.02819E+00,8.05875E+01,2.37167E+02,7.12438E-01,8.05875E+01,8.05875E+01 
#t = 3.024E+03
8.05875E+01,2.37167E+02,8.05875E+01,8.05875E+01,2.37167E+02,8.05875E+01,8.05875E+01,2.37167E+02,8.05875E+01,8.05875E+01,8.05875E+01,5.26034E+01,8.05875E+01,8.05875E+01,8.05875E+01,2.09226E+00,2.37167E+02,8.05875E+01,5.14394E+00,8.05875E+01,8.05875E+01,8.05875E+01,8.05875E+01,5.26034E+01,8.05875E+01,8.05875E+01,5.26034E+01,8.05875E+01,8.05875E+01,8.05875E+01,8.05875E+01,8.05875E+01,4.84268E-01 
#t = 3.066E+03
8.05875E+01,8.05875E+01,8.05875E+01,8.05875E+01,8.05875E+01,8.05875E+01,8.05875E+01,8.05875E+01,8.05875E+01,8.05875E+01,8.05875E+01,8.05875E+01,2.37167E+02,8.05875E+01,8.05875E+01,8.05875E+01,2.37167E+02,8.05875E+01,8.05875E+01,2.37167E+02,8.05875E+01,8.05875E+01,2.37167E+02,8.05875E+01,8.05875E+01,8.05875E+01,8.05875E+01,2.37167E+02,8.05875E+01,8.05875E+01,8.05875E+01,8.05875E+01,6.70491E+00,8.05875E+01,8.05875E+01,8.05875E+01,2.37167E+02,1.15992E+00,8.05875E+01,2.37167E+02,2.37167E+02,8.05875E+01,8.05875E+01,5.94712E+00,8.05875E+01,2.37167E+02 
#t = 3.108E+03
8.05875E+01,8.05875E+01,2.37167E+02,8.05875E+01,8.05875E+01,8.05875E+01,8.05875E+01,8.05875E+01,8.05875E+01,8.05875E+01,8.05875E+01,8.05875E+01,2.37167E+02,8.05875E+01,8.05875E+01,2.37167E+02,8.05875E+01,8.05875E+01,8.05875E+01,2.37167E+02,2.37167E+02,8.05875E+01,8.05875E+01,8.05875E+01,8.05875E+01,2.37167E+02,2.37167E+02,2.37167E+02,8.05875E+01,8.05875E+01,8.05875E+01,2.37167E+02,2.37167E+02,2.37167E+02,8.05875E+01,8.05875E+01,2.37167E+02,8.05875E+01,8.05875E+01,3.76195E-01,2.37167E+02,8.05875E+01,8.05875E+01,5.40326E-01,8.05875E+01,2.37167E+02,1.03509E-01 
#t = 3.150E+03
8.05875E+01,2.37167E+02,2.37167E+02,8.05875E+01,8.05875E+01,2.37167E+02,8.05875E+01,2.37167E+02,2.37167E+02,2.37167E+02,2.37167E+02,5.03257E+00,2.37167E+02,2.37167E+02,8.05875E+01,2.37167E+02,2.37167E+02,8.05875E+01,2.37167E+02,8.05875E+01,2.37167E+02,2.37167E+02,2.37167E+02,2.37167E+02,4.02277E+00,2.37167E+02,2.37167E+02,8.05875E+01,2.37167E+02,3.12013E-01,2.37167E+02,8.05875E+01,2.37167E+02,8.05875E+01,2.37167E+02,2.37167E+02,2.37167E+02,8.05875E+01,2.37167E+02,2.37167E+02,8.05875E+01,8.05875E+01,2.37167E+02 
#t = 3.192E+03
2.37167E+02,8.05875E+01,2.37167E+02,8.05875E+01,2.37167E+02,8.05875E+01,2.37167E+02,2.37167E+02,2.37167E+02,2.37167E+02,2.37167E+02,2.37167E+02,2.37167E+02,8.05875E+01,2.37167E+02,2.37167E+02,2.37167E+02,8.05875E+01,8.05875E+01,2.37167E+02,2.37167E+02,2.37167E+02,2.37167E+02,2.37167E+02,2.37167E+02,2.37167E+02,2.37167E+02,1.78053E-01,2.37167E+02,2.37167E+02,2.37167E+02,2.37167E+02,8.05875E+01,2.37167E+02,2.37167E+02,2.37167E+02,8.05875E+01,2.37167E+02,2.37167E+02,2.17982E+00,2.37167E+02,2.37167E+02,2.37167E+02,2.37167E+02,8.05875E+01,2.37167E+02,8.05875E+01,2.37167E+02,8.05875E+01 
#t = 3.234E+03
2.37167E+02,2.37167E+02,2.37167E+02,2.37167E+02,4.76304E+01,2.37167E+02,2.37167E+02,2.37167E+02,2.37167E+02,2.37167E+02,2.37167E+02,2.37167E+02,1.16326E+02,4.76304E+01,2.37167E+02,2.37167E+02,2.37167E+02,2.37167E+02,4.76304E+01,2.37167E+02,8.05875E+01,2.37167E+02,2.37167E+02,2.37167E+02,8.05875E+01,2.37167E+02,8.05875E+01,4.76304E+01,8.05875E+01,2.37167E+02,2.37167E+02,2.37167E+02,2.37167E+02,8.05875E+01,2.37167E+02,2.37167E+02,2.37167E+02,2.37167E+02,2.37167E+02,3.95998E-01,1.74966E+00,2.37167E+02,2.37167E+02,6.80030E+00 
#t = 3.276E+03
2.37167E+02,1.16326E+02,2.37167E+02,2.37167E+02,2.37167E+02,2.37167E+02,2.37167E+02,2.37167E+02,2.37167E+02,2.37167E+02,2.37167E+02,2.37167E+02,2.37167E+02,2.37167E+02,2.37167E+02,2.37167E+02,2.37167E+02,2.37167E+02,2.37167E+02,2.37167E+02,2.37167E+02,2.37167E+02,2.37167E+02,2.37167E+02,2.37167E+02,2.37167E+02,2.37167E+02,2.37167E+02,2.37167E+02,2.37167E+02,2.37167E+02,2.37167E+02,2.37167E+02,6.11031E-01,2.37167E+02,2.37167E+02,2.37167E+02,1.59536E+00,2.37167E+02,2.37167E+02,2.37167E+02,2.39222E+00,2.37167E+02,2.37167E+02,6.63297E-01,2.37167E+02,2.37167E+02,7.50089E+00,2.82098E+00,2.37167E+02 
#t = 3.318E+03
2.37167E+02,2.37167E+02,2.37167E+02,2.37167E+02,2.37167E+02,2.37167E+02,2.37167E+02,2.37167E+02,2.37167E+02,2.37167E+02,2.37167E+02,2.37167E+02,2.37167E+02,2.37167E+02,2.37167E+02,2.37167E+02,2.37167E+02,2.37167E+02,2.37167E+02,2.37167E+02,2.37167E+02,2.37167E+02,2.37167E+02,2.37167E+02,2.37167E+02,2.37167E+02,2.37167E+02,2.37167E+02,2.37167E+02,2.37167E+02,2.37167E+02,2.37167E+02,2.37167E+02,1.60888E+00,2.37167E+02,2.37167E+02,2.37167E+02,2.37167E+02,2.37167E+02,2.37167E+02,2.37167E+02,2.37167E+02,2.37167E+02,2.37167E+02,2.37167E+02,2.37167E+02,5.08657E-02,2.37167E+02,2.37167E+02,1.99617E+00,2.37167E+02 
#t = 3.360E+03
2.37167E+02,2.37167E+02,2.37167E+02,2.37167E+02,2.37167E+02,2.37167E+02,2.37167E+02,2.37167E+02,2.37167E+02,2.37167E+02,2.37167E+02,2.37167E+02,2.37167E+02,2.37167E+02,2.37167E+02,2.78688E+01,2.37167E+02,2.37167E+02,2.37167E+02,2.37167E+02,2.37167E+02,2.37167E+02,2.37167E+02,2.37167E+02,2.37167E+02,2.37167E+02,2.15454E+01,2.37167E+02,2.37167E+02,2.37167E+02,2.37167E+02,2.37167E+02,1.18570E+01,2.37167E+02,2.37167E+02,2.37167E+02,2.37167E+02,3.18255E+00,2.37167E+02,2.37167E+02,2.37167E+02,2.37167E+02,2.37167E+02,2.37167E+02 
#t = 3.402E+03
2.37167E+02,2.37167E+02,2.37167E+02,2.37167E+02,2.15454E+01,2.37167E+02,2.37167E+02,2.37167E+02,2.37167E+02,2.37167E+02,2.15454E+01,2.37167E+02,2.37167E+02,2.37167E+02,2.37167E+02,2.37167E+02,2.37167E+02,2.37167E+02,2.37167E+02,2.37167E+02,2.37167E+02,2.37167E+02,2.37167E+02,3.97048E+01,2.37167E+02,2.37167E+02,2.37167E+02,2.37167E+02,2.37167E+02,2.37167E+02,3.97048E+01,2.37167E+02,2.37167E+02,2.37167E+02,2.37167E+02,2.37167E+02,2.37167E+02,2.37167E+02,2.37167E+02,2.37167E+02,2.37167E+02,2.37167E+02,2.37167E+02,2.37167E+02,2.37167E+02,2.15454E+01,3.97048E+01 
#t = 3.444E+03
2.37167E+02,2.37167E+02,2.37167E+02,2.37167E+02,2.37167E+02,2.37167E+02,2.37167E+02,2.37167E+02,2.37167E+02,2.37167E+02,2.15454E+01,2.37167E+02,2.15454E+01,2.37167E+02,2.15454E+01,2.37167E+02,2.37167E+02,2.37167E+02,2.37167E+02,2.37167E+02,2.37167E+02,2.37167E+02,2.37167E+02,2.15454E+01,2.37167E+02,2.37167E+02,2.37167E+02,2.37167E+02,1.77789E+00,2.37167E+02,4.62586E+00,2.37167E+02,2.37167E+02,2.37167E+02,2.37167E+02,2.37167E+02,2.37167E+02,2.37167E+02,2.37167E+02,2.37167E+02,2.37167E+02,7.70005E+00,2.37167E+02,2.37167E+02,8.38898E-01,2.37167E+02 
#t = 3.486E+03
2.37167E+02,2.37167E+02,2.37167E+02,2.37167E+02,2.37167E+02,2.37167E+02,2.37167E+02,2.15454E+01,3.41507E+01,2.37167E+02,2.15454E+01,2.15454E+01,2.37167E+02,2.37167E+02,2.15454E+01,2.15454E+01,2.37167E+02,2.37167E+02,2.15454E+01,2.37167E+02,2.37167E+02,2.15454E+01,2.15454E+01,2.37167E+02,2.15454E+01,2.15454E+01,2.37167E+02,2.15454E+01,2.37167E+02,2.37167E+02,2.15454E+01,2.37167E+02,2.15454E+01,2.15454E+01,2.15454E+01,1.24218E+01,2.37167E+02,2.37167E+02,2.15454E+01,2.37167E+02,5.04189E-01,2.37167E+02,5.99367E-01,2.15454E+01 
#t = 3.528E+03
2.15454E+01,2.15454E+01,2.15454E+01,2.15454E+01,2.37167E+02,2.37167E+02,2.37167E+02,2.37167E+02,2.37167E+02,2.15454E+01,2.37167E+02,2.37167E+02,2.15454E+01,2.37167E+02,2.37167E+02,3.41507E+01,2.37167E+02,2.15454E+01,2.37167E+02,2.15454E+01,2.37167E+02,2.15454E+01,2.37167E+02,2.37167E+02,2.37167E+02,2.37167E+02,2.37167E+02,2.15454E+01,2.37167E+02,2.37167E+02,3.41507E+01,2.37167E+02,2.15454E+01,2.37167E+02,1.87422E+00,2.37167E+02,2.15454E+01,2.37167E+02,1.10721E+00,2.37167E+02,2.37167E+02 
#t = 3.570E+03
2.37167E+02,2.37167E+02,2.37167E+02,2.37167E+02,2.37167E+02,2.37167E+02,2.37167E+02,2.37167E+02,2.37167E+02,2.37167E+02,2.37167E+02,2.37167E+02,2.37167E+02,2.37167E+02,2.37167E+02,2.37167E+02,2.37167E+02,2.37167E+02,2.37167E+02,3.41507E+01,2.37167E+02,2.37167E+02,2.37167E+02,2.37167E+02,2.37167E+02,2.37167E+02,2.37167E+02,2.37167E+02,2.37167E+02,2.37167E+02,2.37167E+02,2.37167E+02,2.37167E+02,2.37167E+02,2.37167E+02,3.02282E+00,2.37167E+02,2.37167E+02,2.37167E+02,2.37167E+02,2.37167E+02,2.37167E+02,2.37167E+02,2.37167E+02 
#t = 3.612E+03
2.37167E+02,2.37167E+02,2.37167E+02,2.37167E+02,2.37167E+02,2.37167E+02,2.37167E+02,2.37167E+02,2.37167E+02,1.10962E+01,2.37167E+02,2.37167E+02,2.37167E+02,2.37167E+02,2.37167E+02,2.37167E+02,3.41507E+01,2.37167E+02,2.37167E+02,2.37167E+02,2.37167E+02,2.37167E+02,2.37167E+02,2.37167E+02,2.37167E+02,2.37167E+02,2.37167E+02,2.37167E+02,2.37167E+02,2.37167E+02,2.37167E+02,2.37167E+02,1.52971E+01,2.37167E+02,1.52971E+01,2.37167E+02,2.37167E+02,2.37167E+02,2.37167E+02,2.37167E+02,3.41507E+01,2.37167E+02,2.37167E+02,2.37167E+02,3.33933E+01,4.17816E-02,8.19073E+00 
#t = 3.654E+03
2.37167E+02,2.37167E+02,2.37167E+02,2.37167E+02,1.52971E+01,2.37167E+02,2.37167E+02,2.37167E+02,2.37167E+02,2.37167E+02,2.37167E+02,2.37167E+02,2.37167E+02,2.37167E+02,2.37167E+02,2.37167E+02,2.37167E+02,2.37167E+02,2.37167E+02,2.37167E+02,2.37167E+02,2.37167E+02,2.37167E+02,2.37167E+02,2.37167E+02,2.37167E+02,2.37167E+02,2.37167E+02,2.37167E+02,2.37167E+02,2.37167E+02,2.37167E+02,2.37167E+02,2.37167E+02,2.37167E+02,2.37167E+02,4.21713E-01,2.37167E+02,2.37167E+02,2.37167E+02,9.83068E-02,2.37167E+02,2.37167E+02,3.32005E-01,2.37167E+02,2.37167E+02,2.37167E+02,2.37167E+02,2.37167E+02,2.37167E+02,7.44959E-02,2.37167E+02 
#t = 3.696E+03
2.37167E+02,2.37167E+02,2.37167E+02,2.37167E+02,2.37167E+02,2.37167E+02,2.37167E+02,2.37167E+02,2.37167E+02,2.37167E+02,2.37167E+02,2.37167E+02,2.37167E+02,2.37167E+02,2.37167E+02,2.37167E+02,2.37167E+02,2.37167E+02,2.37167E+02,2.37167E+02,2.37167E+02,2.37167E+02,2.37167E+02,2.37167E+02,2.37167E+02,2.37167E+02,2.37167E+02,2.37167E+02,2.37167E+02,2.37167E+02,4.75631E+00,2.37167E+02,2.37167E+02,2.37167E+02,2.37167E+02,2.37167E+02,2.37167E+02,2.50243E+00,2.37167E+02,2.37167E+02,2.37167E+02,2.37167E+02 
#t = 3.738E+03
2.37167E+02,2.37167E+02,1.45241E+01,2.37167E+02,2.37167E+02,2.37167E+02,2.37167E+02,2.37167E+02,2.37167E+02,2.37167E+02,2.37167E+02,2.37167E+02,2.37167E+02,2.37167E+02,2.37167E+02,2.37167E+02,2.37167E+02,1.51542E+01,2.37167E+02,2.37167E+02,2.37167E+02,2.37167E+02,2.37167E+02,2.37167E+02,2.37167E+02,2.37167E+02,2.37167E+02,2.37167E+02,2.37167E+02,2.37167E+02,1.51542E+01,2.37167E+02,2.37167E+02,1.08568E+01,2.37167E+02,2.37167E+02,2.37167E+02,9.08158E-01,2.37167E+02 
#t = 3.780E+03
2.37167E+02,2.37167E+02,2.37167E+02,2.37167E+02,2.37167E+02,2.37167E+02,2.37167E+02,2.37167E+02,2.37167E+02,2.37167E+02,2.37167E+02,2.37167E+02,2.37167E+02,2.37167E+02,2.37167E+02,2.37167E+02,2.37167E+02,2.37167E+02,2.37167E+02,2.37167E+02,2.37167E+02,2.37167E+02,2.37167E+02,2.37167E+02,2.37167E+02,2.37167E+02,2.37167E+02,2.37167E+02,2.37167E+02,2.37167E+02,2.37167E+02,2.37167E+02,1.01287E+00,2.37167E+02,2.37167E+02,2.37167E+02,2.37167E+02,2.37167E+02,2.37167E+02,2.37167E+02,2.37167E+02,2.37167E+02,2.37167E+02,2.37167E+02,2.53593E-01,2.37167E+02 
#t = 3.822E+03
2.37167E+02,2.37167E+02,2.37167E+02,2.37167E+02,2.37167E+02,2.37167E+02,2.37167E+02,2.37167E+02,2.37167E+02,2.37167E+02,2.37167E+02,2.37167E+02,2.37167E+02,2.37167E+02,2.37167E+02,2.37167E+02,2.37167E+02,2.37167E+02,2.37167E+02,2.37167E+02,2.37167E+02,2.37167E+02,2.37167E+02,2.37167E+02,2.37167E+02,2.37167E+02,2.37167E+02,2.37167E+02,2.37167E+02,2.37167E+02,2.37167E+02,2.37167E+02,2.37167E+02,2.37167E+02,2.37167E+02,2.37167E+02,2.37167E+02,1.59140E+00,2.37167E+02,2.37167E+02,1.26139E+01,2.37167E+02,2.37167E+02,2.37167E+02,2.37167E+02,2.37167E+02 
#t = 3.864E+03
2.37167E+02,1.26139E+01,2.37167E+02,2.37167E+02,2.37167E+02,2.37167E+02,2.37167E+02,2.37167E+02,2.37167E+02,2.37167E+02,2.37167E+02,2.37167E+02,2.37167E+02,2.37167E+02,2.37167E+02,2.37167E+02,2.37167E+02,2.37167E+02,1.26139E+01,2.37167E+02,2.37167E+02,2.37167E+02,1.33581E+01,2.37167E+02,1.33581E+01,2.37167E+02,2.37167E+02,2.37167E+02,1.81554E+01,1.81554E+01,2.37167E+02,2.37167E+02,2.37167E+02,2.37167E+02,2.37167E+02,2.37167E+02,2.37167E+02,1.26139E+01,2.37167E+02,7.15871E+00,1.81554E+01,1.81554E+01,2.37167E+02,1.82444E+01,2.37167E+02,6.57049E-01,2.37167E+02,2.37167E+02,2.37167E+02,1.26139E+01 
#t = 3.906E+03
2.37167E+02,1.81554E+01,2.37167E+02,1.64182E+02,1.33581E+01,1.33581E+01,2.37167E+02,2.37167E+02,1.33581E+01,2.37167E+02,2.37167E+02,1.33581E+01,2.37167E+02,2.37167E+02,2.37167E+02,2.37167E+02,2.37167E+02,2.37167E+02,2.78785E+00,2.37167E+02,1.83395E+00,2.37167E+02,1.33581E+01,2.37167E+02,1.81554E+01,1.81554E+01,2.37167E+02,1.33581E+01,3.60740E-01,2.37167E+02,1.33581E+01 
#t = 3.948E+03
2.37167E+02,1.33581E+01,1.33581E+01,2.37167E+02,1.33581E+01,1.81554E+01,2.37167E+02,1.33581E+01,1.97817E+01,2.37167E+02,1.33581E+01,2.37167E+02,1.33581E+01,3.28278E+01,2.37167E+02,3.28278E+01,1.33581E+01,3.28278E+01,1.97817E+01,1.33581E+01,1.33581E+01,3.28278E+01,3.28278E+01,8.78312E+00,2.37167E+02,7.11501E-01,2.37167E+02,2.37167E+02,1.33581E+01,2.37167E+02,3.28278E+01,2.37167E+02,2.37167E+02,2.37167E+02,9.39423E-01,1.81554E+01 
#t = 3.990E+03
2.37167E+02,1.33581E+01,3.28278E+01,2.37167E+02,2.37167E+02,1.33581E+01,2.37167E+02,2.37167E+02,1.33581E+01,2.37167E+02,2.37167E+02,1.33581E+01,2.37167E+02,1.33581E+01,2.37167E+02,2.37167E+02,1.33581E+01,2.37167E+02,2.37167E+02,1.33581E+01,2.37167E+02,2.37167E+02,2.37167E+02,2.37167E+02,1.33581E+01,2.37167E+02,2.37167E+02,2.37167E+02,2.37167E+02,1.33581E+01,2.37167E+02,1.33581E+01,2.37167E+02,2.37167E+02,2.37167E+02,2.37167E+02,1.92505E-01,2.37167E+02,2.37167E+02,1.33581E+01,2.37167E+02 
#t = 4.032E+03
2.37167E+02,1.33581E+01,2.37167E+02,2.37167E+02,2.37167E+02,1.95790E+01,2.37167E+02,2.37167E+02,2.37167E+02,1.33581E+01,2.37167E+02,2.37167E+02,2.37167E+02,2.37167E+02,2.37167E+02,2.37167E+02,2.37167E+02,2.37167E+02,2.37167E+02,2.37167E+02,2.37167E+02,2.37167E+02,2.37167E+02,2.37167E+02,2.37167E+02,2.37167E+02,2.37167E+02,2.37167E+02,1.33581E+01,2.37167E+02,2.37167E+02,2.37167E+02,1.33581E+01,2.37167E+02,2.37167E+02,2.37167E+02,2.37167E+02 
#t = 4.074E+03
2.37167E+02,2.37167E+02,1.33581E+01,2.37167E+02,2.37167E+02,2.37167E+02,2.37167E+02,2.37167E+02,2.37167E+02,2.37167E+02,2.37167E+02,2.37167E+02,2.37167E+02,2.37167E+02,2.37167E+02,2.37167E+02,2.37167E+02,2.37167E+02,2.37167E+02,2.37167E+02,2.37167E+02,2.37167E+02,2.37167E+02,2.37167E+02,2.37167E+02,2.37167E+02,2.37167E+02,2.37167E+02,2.37167E+02,2.37167E+02,2.37167E+02,2.37167E+02,2.37167E+02,2.37167E+02,2.37167E+02,2.37167E+02,2.37167E+02 
#t = 4.116E+03
2.37167E+02,2.37167E+02,2.37167E+02,2.37167E+02,2.37167E+02,2.37167E+02,2.37167E+02,2.37167E+02,2.37167E+02,2.37167E+02,2.37167E+02,2.37167E+02,2.37167E+02,2.37167E+02,2.37167E+02,2.37167E+02,2.37167E+02,2.37167E+02,2.37167E+02,2.37167E+02,2.37167E+02,2.37167E+02,2.37167E+02,2.37167E+02,2.37167E+02,2.37167E+02,2.37167E+02,2.37167E+02,2.37167E+02,2.37167E+02,2.37167E+02,2.37167E+02,2.37167E+02,2.37167E+02,2.37167E+02,7.85134E+00,2.37167E+02,2.37167E+02,2.37167E+02,2.37167E+02,2.37167E+02,2.37167E+02,2.37167E+02,2.38927E-02 
#t = 4.158E+03
2.37167E+02,2.37167E+02,2.37167E+02,2.37167E+02,2.37167E+02,2.37167E+02,1.61013E+01,2.37167E+02,2.37167E+02,2.37167E+02,2.37167E+02,2.37167E+02,1.61013E+01,2.37167E+02,2.37167E+02,2.37167E+02,2.37167E+02,2.37167E+02,2.37167E+02,2.37167E+02,3.16300E+01,2.37167E+02,1.61013E+01,2.37167E+02,3.16300E+01,2.37167E+02,2.37167E+02,1.61013E+01,2.37167E+02,2.37167E+02,2.37167E+02,2.37167E+02,2.37167E+02,2.37167E+02,2.37167E+02,2.37167E+02,2.37167E+02,2.37167E+02,2.37167E+02,2.37167E+02,2.37167E+02,2.37167E+02,2.57366E-01,2.37167E+02,2.37167E+02,2.37167E+02,2.37167E+02,2.37167E+02 
#t = 4.200E+03
2.37167E+02,1.61013E+01,1.61013E+01,2.37167E+02,2.37167E+02,2.37167E+02,2.37167E+02,2.37167E+02,1.61013E+01,2.37167E+02,2.37167E+02,2.37167E+02,2.37167E+02,2.37167E+02,2.37167E+02,2.37167E+02,2.37167E+02,2.37167E+02,2.37167E+02,2.37167E+02,2.37167E+02,2.37167E+02,3.68668E+01,2.37167E+02,2.37167E+02,2.37167E+02,2.37167E+02,2.37167E+02,2.37167E+02,4.02566E+01,1.61013E+01,2.37167E+02,2.37167E+02,4.02566E+01,4.02566E+01,2.37167E+02,2.37167E+02,2.37167E+02,2.37167E+02,1.54263E+01,2.37167E+02,2.37167E+02,2.20597E-01,6.96587E+00,1.64998E-01 
