#t = 0.000E+00
2.55416E+00,7.82344E-01,2.04573E+01,2.03368E+00,1.68427E+00 
#t = 4.200E+01
8.83172E+01,2.25829E+01,8.83172E+01,8.83172E+01,8.83172E+01,8.83172E+01,2.25829E+01,2.25829E+01,8.62795E+00,2.19075E+00 
#t = 8.400E+01
8.83172E+01,8.83172E+01,1.46561E+01,1.46561E+01,8.83172E+01,9.95575E+00,8.83172E+01,1.45769E+00,8.83172E+01,8.83172E+01,1.40694E+00 
#t = 1.260E+02
1.46561E+01,8.83172E+01,8.83172E+01,8.83172E+01,8.83172E+01,8.83172E+01,1.46561E+01,8.83172E+01,8.83172E+01,8.83172E+01,8.83172E+01,8.83172E+01,8.83172E+01,8.83172E+01,8.83172E+01,8.83172E+01,1.46561E+01,1.46561E+01,8.83172E+01,8.83172E+01,8.83172E+01,8.83172E+01,7.13997E+01,8.83172E+01,8.83172E+01,1.46561E+01,8.83172E+01,1.46561E+01,8.83172E+01,8.83172E+01,1.46561E+01,1.46561E+01,8.83172E+01,8.83172E+01,2.47173E+00,8.83172E+01,8.83172E+01,8.83172E+01,8.83172E+01,3.23547E-01,8.83172E+01,8.83172E+01,1.54907E+00 
#t = 1.680E+02
8.83172E+01,8.83172E+01,8.83172E+01,8.83172E+01,8.83172E+01,8.83172E+01,8.83172E+01,1.46561E+01,8.83172E+01,1.72455E+01,8.83172E+01,8.83172E+01,8.83172E+01,8.83172E+01,8.83172E+01,8.83172E+01,8.83172E+01,8.83172E+01,8.83172E+01,8.83172E+01,8.83172E+01,8.83172E+01,8.83172E+01,8.83172E+01,8.83172E+01,8.83172E+01,8.83172E+01,8.83172E+01,8.83172E+01,8.83172E+01,8.83172E+01,8.83172E+01,8.83172E+01,4.52965E+00,1.72455E+01,8.83172E+01,8.83172E+01,5.32273E+00 
#t = 2.100E+02
8.83172E+01,1.46561E+01,8.83172E+01,8.83172E+01,8.83172E+01,8.83172E+01,8.83172E+01,8.83172E+01,8.83172E+01,8.83172E+01,8.83172E+01,8.83172E+01,8.83172E+01,8.83172E+01,8.83172E+01,8.83172E+01,8.83172E+01,8.83172E+01,8.83172E+01,8.83172E+01,8.83172E+01,8.83172E+01,8.83172E+01,8.83172E+01,8.83172E+01,8.83172E+01,8.83172E+01,8.83172E+01,8.83172E+01,4.23035E+00,8.83172E+01,8.83172E+01,8.83172E+01,8.83172E+01,8.83172E+01,8.83172E+01,8.83172E+01,4.67922E+00,2.76899E+00,8.83172E+01,8.83172E+01,1.46561E+01 
#t = 2.520E+02
8.83172E+01,8.83172E+01,8.83172E+01,8.83172E+01,8.83172E+01,8.83172E+01,8.83172E+01,8.83172E+01,8.83172E+01,8.83172E+01,8.83172E+01,8.83172E+01,8.83172E+01,8.83172E+01,8.83172E+01,8.83172E+01,8.83172E+01,8.83172E+01,8.83172E+01,8.83172E+01,8.83172E+01,8.83172E+01,8.83172E+01,1.92791E-01,8.83172E+01,8.83172E+01,8.83172E+01,8.83172E+01,8.83172E+01,2.43367E+00,8.83172E+01,8.83172E+01,8.83172E+01,8.83172E+01 
#t = 2.940E+02
8.83172E+01,8.83172E+01,8.83172E+01,8.83172E+01,8.83172E+01,8.83172E+01,8.83172E+01,8.83172E+01,8.83172E+01,8.83172E+01,8.83172E+01,8.83172E+01,8.83172E+01,8.83172E+01,8.83172E+01,8.83172E+01,8.83172E+01,8.83172E+01,6.89002E-01,8.83172E+01,8.83172E+01,8.83172E+01,8.83172E+01,8.83172E+01,8.83172E+01,8.83172E+01,8.83172E+01,8.83172E+01,8.83172E+01,8.83172E+01,8.83172E+01,8.83172E+01,8.83172E+01,8.83172E+01,8.83172E+01,8.83172E+01,1.77062E-01,8.83172E+01,8.83172E+01,8.83172E+01,8.83172E+01,8.83172E+01,5.26657E+01 
#t = 3.360E+02
8.83172E+01,8.83172E+01,8.83172E+01,8.83172E+01,8.83172E+01,8.83172E+01,8.83172E+01,8.83172E+01,8.83172E+01,8.83172E+01,8.83172E+01,8.83172E+01,8.83172E+01,8.83172E+01,8.83172E+01,8.83172E+01,8.83172E+01,8.83172E+01,8.83172E+01,8.83172E+01,8.83172E+01,8.83172E+01,8.83172E+01,8.83172E+01,8.83172E+01,8.83172E+01,8.83172E+01,8.83172E+01,8.83172E+01,8.83172E+01,5.17805E+00,8.83172E+01,8.83172E+01,8.83172E+01,8.83172E+01,8.83172E+01,8.83172E+01,8.83172E+01,8.83172E+01,7.30656E+00,1.46258E-01,8.83172E+01 
#t = 3.780E+02
8.83172E+01,8.83172E+01,8.83172E+01,8.83172E+01,8.83172E+01,8.83172E+01,8.83172E+01,8.83172E+01,8.83172E+01,1.36985E+01,8.83172E+01,8.83172E+01,8.83172E+01,8.83172E+01,1.79108E+01,8.83172E+01,8.83172E+01,8.83172E+01,8.83172E+01,1.79108E+01,8.83172E+01,8.83172E+01,8.83172E+01,8.83172E+01,8.83172E+01,8.83172E+01,8.83172E+01,5.33695E+00,1.09488E+01,8.83172E+01,8.83172E+01,8.83172E+01,8.83172E+01,8.83172E+01,8.83172E+01,8.83172E+01,8.83172E+01,8.83172E+01,8.83172E+01 
#t = 4.200E+02
8.83172E+01,8.83172E+01,8.83172E+01,1.79108E+01,8.83172E+01,8.83172E+01,1.19716E+01,1.19716E+01,8.83172E+01,8.83172E+01,8.83172E+01,8.83172E+01,8.83172E+01,8.83172E+01,8.83172E+01,8.83172E+01,8.83172E+01,8.83172E+01,8.83172E+01,8.83172E+01,8.83172E+01,8.83172E+01,1.19716E+01,8.83172E+01,8.83172E+01,8.83172E+01,8.83172E+01,8.83172E+01,8.83172E+01,1.19716E+01,8.83172E+01,8.83172E+01,1.19716E+01,8.83172E+01,8.83172E+01,8.83172E+01,4.35943E-01,8.83172E+01,1.19716E+01,8.83172E+01,3.04551E+01,8.83172E+01,8.83172E+01,8.83172E+01,8.83172E+01,8.83172E+01,8.83172E+01,8.83172E+01,4.88853E+00,2.26091E-01,8.83172E+01,1.19716E+01,1.80099E+00 
#t = 4.620E+02
1.79108E+01,1.79108E+01,8.83172E+01,8.83172E+01,8.83172E+01,8.83172E+01,8.83172E+01,1.79108E+01,1.79108E+01,8.83172E+01,1.19716E+01,8.83172E+01,8.83172E+01,8.83172E+01,1.79108E+01,8.83172E+01,8.83172E+01,8.83172E+01,8.83172E+01,8.83172E+01,8.83172E+01,8.83172E+01,8.83172E+01,1.19716E+01,1.19716E+01,8.83172E+01,8.83172E+01,8.83172E+01,7.65346E+00,8.83172E+01,8.83172E+01,8.83172E+01,8.83172E+01,8.83172E+01,6.72425E+00,8.83172E+01,8.83172E+01 
#t = 5.040E+02
8.83172E+01,8.83172E+01,8.83172E+01,1.79108E+01,1.19716E+01,8.83172E+01,8.83172E+01,8.83172E+01,8.83172E+01,8.83172E+01,1.79108E+01,8.83172E+01,1.19716E+01,8.83172E+01,8.83172E+01,8.83172E+01,8.83172E+01,8.83172E+01,8.83172E+01,1.19716E+01,8.83172E+01,1.29874E+01,1.19716E+01,8.83172E+01,8.83172E+01,8.83172E+01,1.39008E+01,8.83172E+01,8.83172E+01,1.19716E+01,8.83172E+01,1.19716E+01,1.19716E+01,8.83172E+01,8.83172E+01,8.83172E+01,1.19716E+01,8.83172E+01,8.83172E+01,8.83172E+01,8.83172E+01,8.83172E+01,8.83172E+01,1.03644E+01,1.79108E+01,1.19716E+01,1.79108E+01,8.83172E+01,8.11788E-01,2.36048E-02,2.99148E+00,8.83172E+01,1.15277E+00,8.83172E+01,8.83172E+01 
#t = 5.460E+02
1.19716E+01,8.83172E+01,1.19716E+01,8.83172E+01,8.83172E+01,8.83172E+01,8.83172E+01,8.83172E+01,8.83172E+01,1.19716E+01,8.83172E+01,8.83172E+01,1.19716E+01,8.83172E+01,8.83172E+01,8.83172E+01,1.19716E+01,8.83172E+01,8.83172E+01,8.83172E+01,8.83172E+01,8.83172E+01,8.83172E+01,8.83172E+01,1.19716E+01,8.83172E+01,8.83172E+01,1.19716E+01,8.83172E+01,8.83172E+01,8.83172E+01,8.83172E+01,1.19716E+01,8.83172E+01,1.19716E+01,8.83172E+01,8.83172E+01,1.19716E+01,8.83172E+01,8.83172E+01 
#t = 5.880E+02
1.19716E+01,8.83172E+01,8.83172E+01,8.83172E+01,1.19716E+01,8.83172E+01,8.83172E+01,8.83172E+01,8.83172E+01,1.13435E+01,8.83172E+01,8.83172E+01,8.83172E+01,8.83172E+01,1.19716E+01,8.83172E+01,1.13435E+01,1.19716E+01,8.83172E+01,8.83172E+01,8.83172E+01,8.83172E+01,1.19716E+01,8.83172E+01,8.83172E+01,1.13435E+01,8.83172E+01,8.83172E+01,8.83172E+01,8.83172E+01,8.83172E+01,1.13435E+01,8.83172E+01,8.83172E+01,8.83172E+01,1.13435E+01,8.83172E+01,8.83172E+01,8.83172E+01,8.83172E+01,8.83172E+01,8.83172E+01,1.53211E+00,1.13435E+01,8.83172E+01,8.83172E+01 
#t = 6.300E+02
8.83172E+01,8.83172E+01,8.83172E+01,8.83172E+01,8.83172E+01,8.83172E+01,8.83172E+01,8.83172E+01,8.83172E+01,8.83172E+01,8.83172E+01,8.83172E+01,1.13435E+01,8.83172E+01,8.83172E+01,8.83172E+01,8.83172E+01,8.83172E+01,8.83172E+01,8.83172E+01,8.83172E+01,1.13435E+01,8.83172E+01,8.83172E+01,8.83172E+01,1.19716E+01,1.19716E+01,8.83172E+01,8.83172E+01,8.83172E+01,1.19716E+01,8.83172E+01,8.83172E+01,8.83172E+01,1.13435E+01,8.83172E+01,8.83172E+01,8.83172E+01,1.13435E+01,8.83172E+01,8.83172E+01,6.81566E+00,8.83172E+01,8.83172E+01,8.83172E+01,8.83172E+01,5.15776E+00,5.65025E-02,8.83172E+01,1.19716E+01,8.83172E+01,8.83172E+01,1.19716E+01,1.26606E+00,8.83172E+01 
#t = 6.720E+02
8.83172E+01,1.13435E+01,8.83172E+01,8.83172E+01,8.83172E+01,8.83172E+01,1.13435E+01,8.83172E+01,1.19716E+01,8.83172E+01,8.83172E+01,8.83172E+01,8.83172E+01,8.83172E+01,1.13435E+01,8.83172E+01,8.83172E+01,8.83172E+01,8.83172E+01,8.83172E+01,8.83172E+01,8.83172E+01,8.83172E+01,8.83172E+01,8.83172E+01,8.83172E+01,8.83172E+01,8.83172E+01,8.83172E+01,8.83172E+01,8.83172E+01,1.13435E+01,8.83172E+01 
#t = 7.140E+02
1.13435E+01,8.83172E+01,8.83172E+01,1.13435E+01,8.83172E+01,8.83172E+01,1.19716E+01,8.83172E+01,8.83172E+01,8.83172E+01,8.83172E+01,1.13435E+01,8.83172E+01,8.83172E+01,8.83172E+01,8.83172E+01,8.83172E+01,1.13435E+01,8.83172E+01,8.83172E+01,8.83172E+01,1.13435E+01,8.83172E+01,8.83172E+01,8.83172E+01,8.83172E+01,1.13435E+01,8.83172E+01,1.13435E+01 
#t = 7.560E+02
8.83172E+01,8.83172E+01,8.83172E+01,8.83172E+01,8.83172E+01,1.19716E+01,8.83172E+01,8.83172E+01,8.83172E+01,1.19716E+01,8.83172E+01,8.83172E+01,1.19716E+01,8.83172E+01,8.83172E+01,8.83172E+01,8.83172E+01,8.83172E+01,1.13435E+01,8.83172E+01,8.83172E+01,8.83172E+01,8.83172E+01,8.83172E+01,8.83172E+01,8.83172E+01,8.83172E+01,1.13435E+01,8.83172E+01,8.83172E+01,8.83172E+01,8.83172E+01,4.76269E+00,8.83172E+01,8.83172E+01,8.83172E+01,8.83172E+01,8.83172E+01,8.83172E+01,8.83172E+01,8.83172E+01,8.84166E-01,8.83172E+01,1.13217E-01,8.83172E+01 
#t = 7.980E+02
8.83172E+01,8.83172E+01,8.83172E+01,8.83172E+01,8.83172E+01,8.83172E+01,8.83172E+01,8.83172E+01,8.83172E+01,8.83172E+01,8.83172E+01,8.83172E+01,1.84319E+01,8.83172E+01,8.83172E+01,8.83172E+01,8.83172E+01,8.83172E+01,8.83172E+01,8.83172E+01,8.83172E+01,8.83172E+01,8.83172E+01,8.83172E+01,8.83172E+01,8.83172E+01,8.83172E+01,8.83172E+01,8.83172E+01,8.83172E+01,8.83172E+01,8.83172E+01,8.83172E+01,8.83172E+01,8.83172E+01,4.76820E-01 
#t = 8.400E+02
8.83172E+01,8.83172E+01,8.83172E+01,8.83172E+01,8.83172E+01,8.83172E+01,8.83172E+01,8.83172E+01,8.83172E+01,8.83172E+01,8.83172E+01,8.83172E+01,8.83172E+01,8.83172E+01,8.83172E+01,8.83172E+01,8.83172E+01,8.83172E+01,8.83172E+01,8.83172E+01,8.83172E+01,8.83172E+01,8.83172E+01,8.83172E+01,8.83172E+01,8.83172E+01,8.83172E+01,8.83172E+01,8.83172E+01,8.83172E+01,8.83172E+01,8.83172E+01,8.83172E+01,8.83172E+01,8.83172E+01,8.83172E+01,8.83172E+01,8.83172E+01,5.61142E+00,8.83172E+01,8.83172E+01,8.83172E+01,8.83172E+01 
#t = 8.820E+02
8.83172E+01,8.83172E+01,8.83172E+01,8.83172E+01,8.83172E+01,8.83172E+01,8.83172E+01,8.83172E+01,8.83172E+01,8.83172E+01,8.83172E+01,8.83172E+01,8.83172E+01,8.83172E+01,8.83172E+01,7.85627E+00,8.83172E+01,8.83172E+01,8.83172E+01,8.83172E+01,8.83172E+01,8.83172E+01,3.16583E+01,8.83172E+01,8.83172E+01,8.83172E+01,8.83172E+01,8.83172E+01,8.83172E+01,8.83172E+01,8.83172E+01,8.83172E+01,2.98751E-01,8.83172E+01,8.83172E+01,8.83172E+01,8.83172E+01,8.83172E+01,8.83172E+01 
#t = 9.240E+02
8.83172E+01,8.83172E+01,8.83172E+01,8.83172E+01,8.83172E+01,8.83172E+01,1.33266E+01,8.83172E+01,8.83172E+01,8.83172E+01,8.83172E+01,8.83172E+01,8.83172E+01,8.83172E+01,8.83172E+01,8.83172E+01,8.83172E+01,8.83172E+01,8.83172E+01,8.83172E+01,1.33266E+01,8.83172E+01,8.83172E+01,8.83172E+01,8.41733E+00,8.83172E+01,8.83172E+01,8.83172E+01,8.83172E+01,5.78533E+00,8.83172E+01,8.83172E+01,8.83172E+01,8.83172E+01,8.83172E+01,8.83172E+01,8.83172E+01,8.83172E+01,8.83172E+01,8.83172E+01,8.83172E+01 
#t = 9.660E+02
8.83172E+01,8.83172E+01,8.83172E+01,8.83172E+01,8.83172E+01,8.83172E+01,8.83172E+01,8.83172E+01,8.83172E+01,8.83172E+01,8.83172E+01,8.83172E+01,8.83172E+01,8.83172E+01,8.83172E+01,8.83172E+01,1.87659E+01,8.83172E+01,8.83172E+01,8.83172E+01,8.83172E+01,8.83172E+01,8.83172E+01,8.83172E+01,8.83172E+01,1.34786E+01,8.83172E+01,8.83172E+01,8.83172E+01,8.83172E+01,8.83172E+01,2.02611E+00,8.83172E+01,8.83172E+01,8.83172E+01,8.83172E+01,8.83172E+01 
#t = 1.008E+03
8.83172E+01,8.83172E+01,8.83172E+01,8.83172E+01,8.83172E+01,8.83172E+01,8.83172E+01,8.83172E+01,8.83172E+01,8.83172E+01,8.83172E+01,8.83172E+01,8.83172E+01,8.83172E+01,8.83172E+01,8.83172E+01,6.32214E+00,8.83172E+01,8.83172E+01,8.83172E+01,8.83172E+01,8.83172E+01,8.83172E+01,1.62921E+01,8.83172E+01,8.83172E+01,8.83172E+01,8.83172E+01,8.83172E+01,8.83172E+01,8.83172E+01,8.83172E+01,8.83172E+01,8.83172E+01,8.83172E+01,8.83172E+01,8.83172E+01,8.83172E+01,8.83172E+01,8.83172E+01,8.83172E+01,8.83172E+01,8.83172E+01,8.83172E+01,8.83172E+01,8.83172E+01,8.83172E+01,8.83172E+01,8.83172E+01,8.83172E+01,8.83172E+01,8.83172E+01,1.15704E+00 
#t = 1.050E+03
8.83172E+01,8.83172E+01,8.83172E+01,8.83172E+01,8.83172E+01,8.83172E+01,8.83172E+01,8.83172E+01,8.83172E+01,8.83172E+01,8.83172E+01,8.83172E+01,8.83172E+01,8.83172E+01,8.83172E+01,8.83172E+01,8.83172E+01,1.62921E+01,8.83172E+01,8.83172E+01,8.83172E+01,8.83172E+01,8.83172E+01,8.83172E+01,8.83172E+01,8.83172E+01,8.83172E+01,8.83172E+01,8.83172E+01,8.83172E+01,8.83172E+01,8.83172E+01,8.83172E+01,8.83172E+01,8.83172E+01,8.83172E+01,8.83172E+01,8.83172E+01,8.83172E+01,8.83172E+01,8.83172E+01,8.83172E+01,8.83172E+01,1.69149E+01,8.83172E+01,1.78947E+00,8.83172E+01,8.83172E+01,8.83172E+01,8.83172E+01,8.83172E+01,8.83172E+01,8.83172E+01,8.83172E+01,8.83172E+01,3.16251E-01,8.83172E+01,8.83172E+01,8.83172E+01,6.11043E+00,8.83172E+01,8.83172E+01 
#t = 1.092E+03
8.83172E+01,8.83172E+01,8.83172E+01,8.83172E+01,8.83172E+01,8.83172E+01,8.83172E+01,8.83172E+01,8.83172E+01,8.83172E+01,8.83172E+01,8.83172E+01,8.83172E+01,1.02080E+01,8.83172E+01,8.83172E+01,8.83172E+01,8.83172E+01,8.83172E+01,8.83172E+01,8.83172E+01,8.83172E+01,8.83172E+01,8.83172E+01,8.83172E+01,8.83172E+01,8.83172E+01,8.83172E+01,8.83172E+01,8.83172E+01,8.83172E+01,7.81400E+00,8.83172E+01,8.83172E+01,8.83172E+01,8.83172E+01,8.83172E+01,8.83172E+01,8.83172E+01,8.83172E+01,8.83172E+01,8.83172E+01,8.83172E+01,1.30465E-01,2.25907E-01,8.83172E+01,1.47115E-01,8.83172E+01 
#t = 1.134E+03
8.83172E+01,8.83172E+01,8.83172E+01,8.83172E+01,8.83172E+01,8.83172E+01,2.01366E+01,8.83172E+01,8.83172E+01,8.83172E+01,8.83172E+01,8.83172E+01,2.01366E+01,8.83172E+01,8.83172E+01,8.83172E+01,8.83172E+01,8.83172E+01,8.83172E+01,8.83172E+01,8.83172E+01,8.83172E+01,8.83172E+01,8.83172E+01,8.83172E+01,2.01366E+01,8.83172E+01,8.83172E+01,8.83172E+01,5.74117E+00,8.83172E+01,8.83172E+01,8.83172E+01,2.40327E-01,8.83172E+01 
#t = 1.176E+03
8.83172E+01,8.83172E+01,8.83172E+01,2.15315E+01,1.05051E+01,8.83172E+01,8.83172E+01,8.83172E+01,8.83172E+01,8.83172E+01,8.83172E+01,8.83172E+01,8.83172E+01,8.83172E+01,2.15315E+01,8.83172E+01,8.83172E+01,8.83172E+01,8.83172E+01,8.83172E+01,8.83172E+01,8.83172E+01,8.83172E+01,8.83172E+01,8.83172E+01,8.83172E+01,8.83172E+01,2.15315E+01,8.83172E+01,8.83172E+01,8.83172E+01,8.83172E+01,8.83172E+01,8.83172E+01,8.83172E+01,2.40626E+00,8.83172E+01 
#t = 1.218E+03
8.83172E+01,8.83172E+01,8.83172E+01,8.83172E+01,8.83172E+01,8.83172E+01,8.83172E+01,8.83172E+01,8.83172E+01,8.83172E+01,8.83172E+01,8.83172E+01,8.83172E+01,8.83172E+01,8.83172E+01,8.83172E+01,8.83172E+01,8.83172E+01,8.83172E+01,2.15315E+01,8.83172E+01,8.83172E+01,8.83172E+01,8.83172E+01,8.83172E+01,8.83172E+01,8.83172E+01,5.73676E+01,8.83172E+01,8.83172E+01,8.83172E+01,8.83172E+01,8.83172E+01,8.83172E+01,8.83172E+01,8.83172E+01,7.17112E+00,8.83172E+01,8.83172E+01,8.83172E+01,8.83172E+01,1.59324E+00,8.83172E+01 
#t = 1.260E+03
8.83172E+01,8.83172E+01,8.83172E+01,8.83172E+01,8.83172E+01,8.83172E+01,8.83172E+01,8.83172E+01,8.83172E+01,8.83172E+01,8.83172E+01,8.83172E+01,8.83172E+01,8.83172E+01,8.83172E+01,8.83172E+01,8.83172E+01,8.83172E+01,8.83172E+01,8.83172E+01,8.83172E+01,8.83172E+01,8.83172E+01,8.83172E+01,8.83172E+01,8.83172E+01,8.83172E+01,8.83172E+01,8.83172E+01,8.83172E+01,8.83172E+01,8.83172E+01,8.83172E+01,8.83172E+01,8.83172E+01,8.83172E+01,8.83172E+01,8.83172E+01,8.83172E+01,8.83172E+01 
#t = 1.302E+03
8.83172E+01,8.83172E+01,8.83172E+01,8.83172E+01,8.83172E+01,8.83172E+01,8.83172E+01,8.83172E+01,8.83172E+01,8.83172E+01,8.83172E+01,8.83172E+01,8.83172E+01,8.83172E+01,8.83172E+01,8.83172E+01,8.83172E+01,8.83172E+01,8.83172E+01,8.83172E+01,8.83172E+01,8.83172E+01,8.83172E+01,8.83172E+01,8.83172E+01,8.83172E+01,8.83172E+01,8.83172E+01,8.83172E+01,8.83172E+01,8.83172E+01,8.83172E+01,8.83172E+01,8.83172E+01,8.83172E+01,3.13450E-01,8.83172E+01,8.83172E+01,8.83172E+01,8.83172E+01,8.83172E+01,8.83172E+01,4.61056E-01,8.83172E+01,8.83172E+01,8.83172E+01,8.83172E+01,8.83172E+01 
#t = 1.344E+03
8.83172E+01,8.83172E+01,8.83172E+01,8.83172E+01,8.83172E+01,8.83172E+01,8.83172E+01,8.83172E+01,8.83172E+01,8.83172E+01,8.83172E+01,8.83172E+01,8.83172E+01,8.83172E+01,8.83172E+01,8.83172E+01,8.83172E+01,8.83172E+01,8.83172E+01,8.83172E+01,8.83172E+01,8.83172E+01,8.83172E+01,8.83172E+01,8.83172E+01,2.01381E+01,8.83172E+01,8.83172E+01,1.73357E+00,8.83172E+01,8.83172E+01,8.83172E+01,8.83172E+01,8.83172E+01,1.44224E-01,8.83172E+01,8.83172E+01,8.83172E+01,8.83172E+01,8.83172E+01,1.65009E+01,4.94037E+00,8.83172E+01 
#t = 1.386E+03
8.83172E+01,8.83172E+01,8.83172E+01,8.83172E+01,8.83172E+01,8.83172E+01,8.83172E+01,8.83172E+01,8.83172E+01,8.83172E+01,8.83172E+01,8.83172E+01,8.83172E+01,8.83172E+01,8.83172E+01,8.83172E+01,8.83172E+01,8.83172E+01,8.83172E+01,8.83172E+01,8.83172E+01,8.83172E+01,8.83172E+01,8.83172E+01,8.83172E+01,8.83172E+01,8.83172E+01,8.83172E+01,8.83172E+01,8.83172E+01,8.83172E+01,8.83172E+01,8.83172E+01,8.83172E+01,8.83172E+01,8.83172E+01,8.83172E+01,8.83172E+01,8.83172E+01,8.83172E+01,8.83172E+01,8.83172E+01,8.83172E+01,8.83172E+01,8.83172E+01,8.83172E+01,8.83172E+01,8.83172E+01,8.83172E+01,8.83172E+01,8.83172E+01,8.83172E+01,8.83172E+01,8.83172E+01,8.83172E+01,8.83172E+01,8.83172E+01 
#t = 1.428E+03
8.83172E+01,8.83172E+01,8.83172E+01,8.83172E+01,8.83172E+01,8.83172E+01,8.83172E+01,8.83172E+01,8.83172E+01,8.83172E+01,8.83172E+01,8.83172E+01,8.83172E+01,8.83172E+01,8.83172E+01,8.83172E+01,8.83172E+01,8.83172E+01,8.83172E+01,8.83172E+01,8.83172E+01,8.83172E+01,8.83172E+01,8.83172E+01,8.83172E+01,8.83172E+01,8.83172E+01,8.83172E+01,8.83172E+01,8.83172E+01,8.83172E+01,8.83172E+01,8.83172E+01,8.14461E+00,8.83172E+01,8.83172E+01,8.83172E+01,8.83172E+01,8.83172E+01,8.83172E+01,8.83172E+01,8.83172E+01,8.83172E+01,8.83172E+01,8.83172E+01,8.83172E+01,8.83172E+01 
#t = 1.470E+03
8.83172E+01,8.83172E+01,8.83172E+01,8.83172E+01,8.83172E+01,8.83172E+01,8.83172E+01,8.83172E+01,8.83172E+01,8.83172E+01,8.83172E+01,8.83172E+01,8.83172E+01,8.83172E+01,8.83172E+01,8.83172E+01,8.83172E+01,8.83172E+01,8.83172E+01,8.83172E+01,8.83172E+01,8.95237E+00,8.83172E+01,8.83172E+01,8.83172E+01,8.83172E+01,8.83172E+01,8.83172E+01,8.83172E+01,8.83172E+01,8.83172E+01,8.83172E+01,8.83172E+01,8.83172E+01,1.16128E-01,8.83172E+01,8.83172E+01,8.83172E+01,8.83172E+01,2.17532E+00,8.83172E+01,1.15478E-01,8.83172E+01,9.87914E-01,7.29893E-01 
#t = 1.512E+03
8.83172E+01,8.83172E+01,8.83172E+01,8.83172E+01,8.83172E+01,8.83172E+01,8.83172E+01,8.83172E+01,8.83172E+01,8.83172E+01,8.83172E+01,8.83172E+01,8.83172E+01,8.83172E+01,8.83172E+01,8.83172E+01,8.83172E+01,8.83172E+01,8.83172E+01,8.83172E+01,8.83172E+01,8.83172E+01,8.83172E+01,8.83172E+01,8.83172E+01,8.83172E+01,8.83172E+01,8.83172E+01,9.24204E-01,8.83172E+01,6.13331E+00,8.83172E+01,8.83172E+01,8.83172E+01,8.83172E+01,8.83172E+01,8.83172E+01,8.83172E+01,8.83172E+01,8.83172E+01,1.42538E+00,8.83172E+01,8.83172E+01,8.83172E+01 
#t = 1.554E+03
8.83172E+01,8.83172E+01,8.83172E+01,8.83172E+01,8.83172E+01,8.83172E+01,8.83172E+01,8.83172E+01,8.83172E+01,8.83172E+01,8.83172E+01,8.83172E+01,8.83172E+01,8.83172E+01,8.83172E+01,8.83172E+01,8.83172E+01,8.83172E+01,8.83172E+01,8.83172E+01,8.83172E+01,8.83172E+01,8.83172E+01,8.83172E+01,8.83172E+01,8.83172E+01,8.83172E+01,8.83172E+01,8.83172E+01,8.83172E+01,8.83172E+01,8.83172E+01,8.83172E+01,8.83172E+01,8.83172E+01,8.83172E+01,8.83172E+01,8.83172E+01,8.83172E+01,8.83172E+01,8.83172E+01,8.83172E+01,8.83172E+01,2.41096E+00,8.83172E+01,8.83172E+01,8.83172E+01,8.83172E+01 
#t = 1.596E+03
8.83172E+01,8.83172E+01,8.83172E+01,8.83172E+01,8.83172E+01,8.83172E+01,8.83172E+01,8.83172E+01,8.83172E+01,8.83172E+01,8.83172E+01,8.83172E+01,8.83172E+01,8.83172E+01,8.83172E+01,8.83172E+01,8.83172E+01,8.83172E+01,8.83172E+01,8.83172E+01,5.01727E+01,8.83172E+01,8.83172E+01,8.83172E+01,8.83172E+01,8.83172E+01,8.83172E+01,8.83172E+01,8.83172E+01,8.83172E+01,8.83172E+01,8.83172E+01,8.83172E+01,8.83172E+01,1.79035E-01,8.83172E+01,2.71728E-01,8.83172E+01,8.83172E+01,8.83172E+01,8.83172E+01,8.83172E+01,8.83172E+01,8.83172E+01,8.83172E+01 
#t = 1.638E+03
8.83172E+01,8.83172E+01,8.83172E+01,8.83172E+01,8.83172E+01,5.01727E+01,8.83172E+01,8.83172E+01,8.83172E+01,2.02681E+01,8.83172E+01,8.83172E+01,8.83172E+01,8.83172E+01,8.83172E+01,8.83172E+01,8.83172E+01,8.83172E+01,8.83172E+01,8.83172E+01,8.83172E+01,8.83172E+01,8.83172E+01,8.83172E+01,8.83172E+01,8.83172E+01,8.83172E+01,8.83172E+01,8.83172E+01,8.83172E+01,8.83172E+01 
#t = 1.680E+03
2.02681E+01,8.83172E+01,8.83172E+01,8.83172E+01,8.83172E+01,8.83172E+01,8.83172E+01,8.83172E+01,8.83172E+01,8.83172E+01,8.83172E+01,8.83172E+01,8.83172E+01,8.83172E+01,8.83172E+01,2.02681E+01,8.83172E+01,8.83172E+01,8.83172E+01,8.83172E+01,8.83172E+01,8.83172E+01,8.83172E+01,8.83172E+01,8.83172E+01,2.02681E+01,8.83172E+01,8.83172E+01,2.46838E-01,2.02681E+01,8.83172E+01,8.83172E+01,8.83172E+01,1.61086E+00,2.02681E+01 
#t = 1.722E+03
8.83172E+01,8.83172E+01,8.83172E+01,8.83172E+01,8.83172E+01,2.02681E+01,8.83172E+01,8.83172E+01,8.83172E+01,8.83172E+01,8.83172E+01,8.83172E+01,8.83172E+01,8.83172E+01,8.83172E+01,8.83172E+01,8.83172E+01,8.83172E+01,8.83172E+01,8.83172E+01,2.02681E+01,8.83172E+01,8.83172E+01,8.83172E+01,8.83172E+01,8.83172E+01,7.42321E+00,8.83172E+01,8.83172E+01,8.83172E+01,8.83172E+01,2.02681E+01,3.20731E-01 
#t = 1.764E+03
8.83172E+01,8.83172E+01,8.83172E+01,8.83172E+01,8.83172E+01,2.02681E+01,8.83172E+01,2.24387E+01,8.83172E+01,8.83172E+01,8.83172E+01,8.83172E+01,8.83172E+01,8.83172E+01,8.83172E+01,8.83172E+01,8.83172E+01,8.83172E+01,8.83172E+01,1.27672E+02,8.83172E+01,8.83172E+01,8.83172E+01,8.83172E+01,8.83172E+01,8.83172E+01,8.83172E+01,8.83172E+01,8.83172E+01,8.83172E+01,2.02681E+01,8.83172E+01,8.83172E+01,8.83172E+01,8.83172E+01,8.83172E+01,8.83172E+01,8.83172E+01,8.83172E+01,2.24387E+01,8.83172E+01,8.83172E+01,8.83172E+01,8.83172E+01 
#t = 1.806E+03
8.83172E+01,8.83172E+01,8.83172E+01,8.83172E+01,8.83172E+01,8.83172E+01,8.83172E+01,8.83172E+01,8.83172E+01,8.83172E+01,8.83172E+01,8.83172E+01,8.83172E+01,8.83172E+01,8.83172E+01,8.83172E+01,8.83172E+01,8.83172E+01,8.83172E+01,8.83172E+01,8.83172E+01,8.83172E+01,4.26501E+00,8.83172E+01,8.83172E+01,8.83172E+01,8.83172E+01,8.83172E+01,8.83172E+01,8.83172E+01,8.83172E+01,8.83172E+01,8.83172E+01,8.83172E+01,8.83172E+01,8.83172E+01,8.83172E+01,8.83172E+01,8.83172E+01,8.83172E+01,8.83172E+01,8.83172E+01,8.83172E+01,8.83172E+01 
#t = 1.848E+03
8.83172E+01,8.83172E+01,8.83172E+01,8.83172E+01,8.83172E+01,8.83172E+01,8.83172E+01,8.83172E+01,8.83172E+01,8.83172E+01,8.83172E+01,8.83172E+01,8.83172E+01,8.83172E+01,1.67167E+01,8.83172E+01,8.83172E+01,8.83172E+01,8.83172E+01,8.83172E+01,1.67167E+01,8.83172E+01,8.83172E+01,8.83172E+01,8.83172E+01,8.83172E+01,8.83172E+01,8.83172E+01,8.83172E+01,8.83172E+01,8.83172E+01,8.83172E+01,8.83172E+01,8.83172E+01,8.83172E+01,8.83172E+01,8.83172E+01,8.83172E+01,8.83172E+01,8.83172E+01,8.83172E+01,8.83172E+01,8.83172E+01,8.83172E+01,8.83172E+01,9.21349E-01,1.67167E+01,8.83172E+01,5.38266E+00,8.83172E+01,1.59524E-01 
#t = 1.890E+03
8.83172E+01,8.83172E+01,8.83172E+01,8.83172E+01,8.83172E+01,8.83172E+01,8.83172E+01,8.83172E+01,8.83172E+01,8.83172E+01,8.83172E+01,8.83172E+01,8.83172E+01,8.83172E+01,8.83172E+01,8.83172E+01,8.83172E+01,8.83172E+01,8.83172E+01,8.83172E+01,1.67167E+01,8.83172E+01,8.83172E+01,8.83172E+01,8.83172E+01,8.83172E+01,8.83172E+01,8.83172E+01,8.83172E+01,8.83172E+01,8.83172E+01,8.83172E+01,8.83172E+01,8.83172E+01,8.83172E+01,8.83172E+01,8.83172E+01,8.83172E+01,8.83172E+01,8.83172E+01 
#t = 1.932E+03
8.83172E+01,8.83172E+01,8.83172E+01,8.83172E+01,8.83172E+01,8.83172E+01,8.83172E+01,8.83172E+01,8.83172E+01,8.83172E+01,8.83172E+01,8.83172E+01,8.83172E+01,8.83172E+01,8.83172E+01,8.83172E+01,8.83172E+01,1.41719E+01,8.83172E+01,8.83172E+01,8.83172E+01,3.77787E+00,8.83172E+01,8.83172E+01,8.83172E+01,8.83172E+01,8.83172E+01,8.83172E+01,8.83172E+01,8.83172E+01,8.83172E+01,8.83172E+01,8.83172E+01,8.83172E+01,8.83172E+01,8.83172E+01,8.83172E+01,8.83172E+01 
#t = 1.974E+03
8.83172E+01,8.83172E+01,8.83172E+01,8.83172E+01,8.83172E+01,8.83172E+01,9.48871E+00,8.83172E+01,8.83172E+01,8.83172E+01,8.83172E+01,8.83172E+01,8.83172E+01,8.83172E+01,8.83172E+01,8.83172E+01,8.83172E+01,8.83172E+01,6.39539E+00,8.83172E+01,8.83172E+01,8.83172E+01,8.83172E+01,8.83172E+01,8.83172E+01,8.83172E+01,8.83172E+01,8.83172E+01,8.83172E+01,8.83172E+01,4.84773E+00,8.83172E+01,8.83172E+01,8.83172E+01,8.83172E+01,8.83172E+01,8.83172E+01,8.83172E+01,8.83172E+01,8.83172E+01 
#t = 2.016E+03
8.83172E+01,8.83172E+01,8.83172E+01,8.83172E+01,8.83172E+01,8.83172E+01,8.83172E+01,8.83172E+01,8.83172E+01,8.83172E+01,8.83172E+01,8.83172E+01,8.83172E+01,8.83172E+01,8.83172E+01,1.57424E+01,8.83172E+01,8.83172E+01,8.83172E+01,8.83172E+01,8.83172E+01,8.83172E+01,8.83172E+01,8.83172E+01,8.83172E+01,1.57424E+01,8.83172E+01,8.83172E+01,8.83172E+01,8.83172E+01,8.83172E+01,8.83172E+01,8.83172E+01,8.83172E+01,8.83172E+01,8.83172E+01,8.83172E+01,8.83172E+01,8.83172E+01,8.83172E+01,8.83172E+01,8.83172E+01,8.83172E+01,8.83172E+01,8.83172E+01,8.83172E+01,8.83172E+01,8.83172E+01,2.98860E-01,8.83172E+01 
#t = 2.058E+03
8.83172E+01,8.83172E+01,8.83172E+01,8.83172E+01,8.83172E+01,8.83172E+01,8.83172E+01,8.83172E+01,8.83172E+01,8.83172E+01,8.83172E+01,8.83172E+01,8.83172E+01,8.83172E+01,8.83172E+01,8.83172E+01,8.83172E+01,8.83172E+01,8.83172E+01,8.83172E+01,8.83172E+01,8.83172E+01,8.83172E+01,8.83172E+01,5.31506E+00,1.51185E+00,8.83172E+01,8.83172E+01,8.83172E+01,1.98922E+00,8.83172E+01,8.83172E+01,8.83172E+01 
#t = 2.100E+03
8.83172E+01,8.83172E+01,8.83172E+01,8.83172E+01,8.83172E+01,8.83172E+01,8.83172E+01,8.83172E+01,8.83172E+01,8.83172E+01,8.83172E+01,8.83172E+01,8.83172E+01,8.83172E+01,8.83172E+01,8.83172E+01,8.83172E+01,8.83172E+01,8.83172E+01,8.83172E+01,8.83172E+01,8.83172E+01,8.83172E+01,8.83172E+01,8.83172E+01,1.29884E+00,8.83172E+01,8.83172E+01,8.83172E+01,8.83172E+01,8.83172E+01,8.83172E+01,8.83172E+01,8.83172E+01,8.83172E+01,8.83172E+01,8.83172E+01,8.25317E+00,8.83172E+01,8.83172E+01,8.83172E+01,8.83172E+01,8.83172E+01,8.83172E+01 
#t = 2.142E+03
8.83172E+01,8.83172E+01,8.83172E+01,8.83172E+01,8.83172E+01,8.83172E+01,8.83172E+01,8.83172E+01,8.83172E+01,8.83172E+01,8.83172E+01,8.83172E+01,8.83172E+01,1.22949E+01,8.83172E+01,8.83172E+01,8.83172E+01,8.83172E+01,8.83172E+01,8.83172E+01,1.60047E+01,8.83172E+01,8.83172E+01,8.83172E+01,8.83172E+01,8.83172E+01,8.83172E+01,8.83172E+01,8.83172E+01,1.60047E+01,8.83172E+01,8.83172E+01,8.83172E+01,8.83172E+01,1.97667E+00,8.83172E+01,1.38375E-01,8.27100E+00,8.83172E+01,8.83172E+01,5.16884E+00,2.53781E+01,8.83172E+01,8.83172E+01,8.83172E+01,3.48979E+00,8.83172E+01 
#t = 2.184E+03
8.83172E+01,8.83172E+01,8.83172E+01,8.83172E+01,8.83172E+01,8.83172E+01,8.83172E+01,8.83172E+01,8.83172E+01,9.44588E+00,8.83172E+01,8.83172E+01,8.83172E+01,8.83172E+01,8.83172E+01,6.45120E+02,8.83172E+01,8.83172E+01,8.83172E+01,8.83172E+01,8.83172E+01,8.83172E+01,8.83172E+01,8.83172E+01,8.83172E+01,8.83172E+01,1.10306E+01,8.83172E+01,8.83172E+01,8.83172E+01,8.83172E+01,8.83172E+01,8.83172E+01,1.10306E+01,8.83172E+01,8.83172E+01,8.83172E+01,8.83172E+01,8.83172E+01,8.83172E+01,8.83172E+01,8.83172E+01 
#t = 2.226E+03
8.83172E+01,8.83172E+01,8.83172E+01,8.83172E+01,1.59061E+01,8.83172E+01,8.83172E+01,8.83172E+01,8.83172E+01,8.83172E+01,1.59061E+01,6.71148E+00,8.83172E+01,8.83172E+01,5.52562E+01,8.83172E+01,8.83172E+01,1.99603E+01,1.59061E+01,1.59061E+01,8.83172E+01,8.83172E+01,8.83172E+01,8.83172E+01,8.83172E+01,8.83172E+01,8.83172E+01,8.83172E+01,8.83172E+01,2.74503E+01,1.99603E+01,8.83172E+01,8.83172E+01,8.83172E+01,8.83172E+01,8.83172E+01,8.83172E+01,8.83172E+01,8.83172E+01,8.83172E+01,8.83172E+01,8.83172E+01,8.83172E+01,2.02234E-01,8.83172E+01,8.83172E+01,8.83172E+01,1.39544E-01,5.26235E+00,8.83172E+01 
#t = 2.268E+03
8.83172E+01,2.74503E+01,8.83172E+01,8.83172E+01,8.83172E+01,8.83172E+01,8.83172E+01,8.83172E+01,8.83172E+01,8.83172E+01,1.59061E+01,8.83172E+01,8.83172E+01,8.83172E+01,8.83172E+01,8.83172E+01,8.83172E+01,8.83172E+01,8.83172E+01,2.74503E+01,8.83172E+01,8.83172E+01,8.83172E+01,8.83172E+01,1.59061E+01,8.83172E+01,2.74503E+01,8.83172E+01,8.83172E+01,8.83172E+01,1.59061E+01,8.83172E+01,8.83172E+01,8.83172E+01,8.83172E+01,8.83172E+01,8.83172E+01,8.83172E+01,8.83172E+01,8.83172E+01,8.83172E+01,8.83172E+01,8.83172E+01,8.83172E+01,8.83172E+01 
#t = 2.310E+03
8.83172E+01,8.83172E+01,1.59061E+01,8.83172E+01,8.83172E+01,8.83172E+01,8.83172E+01,8.83172E+01,8.83172E+01,8.83172E+01,8.83172E+01,8.83172E+01,8.83172E+01,8.83172E+01,8.83172E+01,8.83172E+01,8.83172E+01,1.07451E+01,8.83172E+01,8.83172E+01,8.83172E+01,8.83172E+01,8.83172E+01,8.83172E+01,8.83172E+01,8.83172E+01,8.83172E+01,8.83172E+01,8.83172E+01,8.83172E+01,8.83172E+01,8.83172E+01,8.83172E+01,8.83172E+01,8.83172E+01,8.83172E+01,8.83172E+01,1.91880E+00 
#t = 2.352E+03
8.83172E+01,8.83172E+01,8.83172E+01,8.83172E+01,3.95446E+01,8.83172E+01,8.83172E+01,8.83172E+01,8.83172E+01,8.83172E+01,8.83172E+01,8.83172E+01,8.83172E+01,8.83172E+01,8.83172E+01,3.95446E+01,8.83172E+01,8.83172E+01,8.83172E+01,8.83172E+01,8.83172E+01,8.83172E+01,1.59783E+01,8.83172E+01,8.83172E+01,8.83172E+01,3.95446E+01,8.83172E+01,8.83172E+01,8.83172E+01,8.83172E+01,8.83172E+01,8.83172E+01,8.83172E+01,8.83172E+01,8.83172E+01,3.95446E+01,8.83172E+01,8.83172E+01,8.83172E+01,8.83172E+01 
#t = 2.394E+03
8.83172E+01,8.83172E+01,8.83172E+01,8.83172E+01,8.83172E+01,8.83172E+01,6.87759E+01,6.87759E+01,3.95446E+01,3.95446E+01,8.83172E+01,8.83172E+01,8.83172E+01,1.42216E+01,8.83172E+01,8.83172E+01,3.95446E+01,1.42216E+01,8.83172E+01,8.83172E+01,8.83172E+01,8.83172E+01,8.83172E+01,8.83172E+01,8.83172E+01,8.83172E+01,8.83172E+01,6.87759E+01,8.83172E+01,8.83172E+01,8.83172E+01,1.42216E+01,8.83172E+01,8.83172E+01,1.64573E+00,8.83172E+01,8.83172E+01,8.83172E+01,8.83172E+01,2.67104E-01,3.95446E+01,8.83172E+01,8.83172E+01,1.10930E+01,8.83172E+01 
#t = 2.436E+03
8.83172E+01,8.83172E+01,8.83172E+01,8.83172E+01,8.83172E+01,8.83172E+01,8.83172E+01,8.83172E+01,8.83172E+01,8.83172E+01,8.83172E+01,8.83172E+01,8.83172E+01,8.83172E+01,8.83172E+01,8.83172E+01,8.83172E+01,8.83172E+01,8.83172E+01,8.83172E+01,8.83172E+01,8.83172E+01,8.83172E+01,8.83172E+01,8.83172E+01,8.83172E+01,8.83172E+01,8.83172E+01,8.83172E+01,8.83172E+01,8.83172E+01,8.83172E+01,8.83172E+01,8.83172E+01,8.83172E+01,8.83172E+01,8.83172E+01,8.83172E+01,8.83172E+01,8.83172E+01,8.83172E+01,8.83172E+01,9.12316E+00,1.82548E+00,8.83172E+01,3.50316E+00,8.83172E+01,3.59538E-01 
#t = 2.478E+03
8.83172E+01,8.83172E+01,8.83172E+01,8.83172E+01,8.83172E+01,8.83172E+01,8.83172E+01,8.83172E+01,8.83172E+01,8.83172E+01,8.83172E+01,8.83172E+01,1.18528E+02,8.83172E+01,8.83172E+01,8.83172E+01,8.83172E+01,8.83172E+01,8.83172E+01,8.83172E+01,8.83172E+01,8.83172E+01,8.83172E+01,8.83172E+01,8.83172E+01,8.83172E+01,8.83172E+01,8.83172E+01,8.83172E+01,8.83172E+01,8.83172E+01,8.83172E+01,1.18528E+02,8.83172E+01,1.18528E+02,1.18528E+02,8.83172E+01,2.00309E+00,8.83172E+01,8.83172E+01,8.83172E+01,8.83172E+01,1.18528E+02,1.18528E+02 
#t = 2.520E+03
8.83172E+01,8.83172E+01,8.83172E+01,8.83172E+01,8.83172E+01,1.18528E+02,1.18528E+02,1.18528E+02,8.83172E+01,8.83172E+01,1.34197E+01,8.83172E+01,8.83172E+01,8.83172E+01,8.83172E+01,8.83172E+01,1.18528E+02,8.83172E+01,8.83172E+01,1.18528E+02,8.83172E+01,8.83172E+01,8.83172E+01,8.83172E+01,8.83172E+01,1.34197E+01,8.83172E+01,8.83172E+01,1.18528E+02,8.83172E+01,8.83172E+01,8.83172E+01,8.83172E+01,8.83172E+01,8.83172E+01,1.18528E+02,8.83172E+01,1.34197E+01,1.56087E+00,1.59959E+01,1.34197E+01 
#t = 2.562E+03
1.18528E+02,1.18528E+02,1.18528E+02,8.83172E+01,1.18528E+02,8.83172E+01,1.18528E+02,8.83172E+01,1.59959E+01,8.83172E+01,8.83172E+01,8.83172E+01,1.18528E+02,1.18528E+02,1.18528E+02,8.83172E+01,1.18528E+02,8.83172E+01,1.18528E+02,1.18528E+02,1.18528E+02,1.18528E+02,1.37952E+01,1.45361E+01,8.83172E+01,1.18528E+02,8.83172E+01,1.18528E+02,5.75858E+00,8.83172E+01,8.83172E+01,1.18528E+02,2.23384E+00,1.18528E+02,8.83172E+01 
#t = 2.604E+03
1.18528E+02,1.18528E+02,1.37952E+01,1.18528E+02,8.83172E+01,1.18528E+02,1.18528E+02,1.18528E+02,1.18528E+02,1.18528E+02,1.37952E+01,8.83172E+01,1.18528E+02,8.83172E+01,1.18528E+02,8.83172E+01,1.18528E+02,1.18528E+02,1.37952E+01,1.18528E+02,1.18528E+02,1.18528E+02,1.18528E+02,1.37952E+01,1.18528E+02,1.18528E+02,4.47273E+00,1.18528E+02,1.18528E+02,1.18528E+02,1.18528E+02,1.37952E+01,3.97311E-01,1.18528E+02,1.18528E+02,1.18528E+02,2.88706E+01,1.37952E+01,4.68142E-01,1.18528E+02 
#t = 2.646E+03
1.18528E+02,1.18528E+02,1.18528E+02,1.18528E+02,1.18528E+02,1.18528E+02,1.18528E+02,1.18528E+02,1.18528E+02,1.18528E+02,1.18528E+02,1.18528E+02,1.18528E+02,1.18528E+02,1.18528E+02,1.18528E+02,1.18528E+02,1.18528E+02,1.18528E+02,1.18528E+02,1.80863E+00,1.18528E+02,8.83172E+01,1.18528E+02,1.18528E+02,8.83172E+01,1.18528E+02,1.18528E+02,8.83172E+01,8.83172E+01,1.18528E+02,1.18528E+02,1.18528E+02,1.18528E+02,1.18528E+02,8.83172E+01,8.83172E+01,1.18528E+02,1.18528E+02,1.18528E+02,1.18528E+02,1.18528E+02,1.18528E+02,1.18528E+02,1.18528E+02,1.18528E+02,1.18528E+02,1.67174E+00,1.18528E+02,1.18528E+02 
#t = 2.688E+03
1.18528E+02,1.18528E+02,8.83172E+01,1.18528E+02,1.18528E+02,1.18528E+02,1.18528E+02,1.18528E+02,1.18528E+02,1.18528E+02,1.18528E+02,1.18528E+02,8.83172E+01,1.18528E+02,1.18528E+02,1.18528E+02,1.18528E+02,1.18528E+02,1.18528E+02,1.18528E+02,8.83172E+01,1.18528E+02,1.18528E+02,1.18528E+02,8.83172E+01,1.18528E+02,8.83172E+01,1.18528E+02,1.18528E+02,1.18528E+02,1.18528E+02,1.18528E+02,1.18528E+02,8.83172E+01,1.18528E+02,1.18528E+02,8.07613E-01,2.14362E-01,1.18528E+02 
#t = 2.730E+03
1.18528E+02,8.83172E+01,1.18528E+02,1.18528E+02,1.18528E+02,1.18528E+02,1.18528E+02,8.83172E+01,1.18528E+02,1.18528E+02,1.18528E+02,1.18528E+02,8.83172E+01,8.83172E+01,1.18528E+02,1.18528E+02,1.18528E+02,1.18528E+02,8.83172E+01,8.83172E+01,1.18528E+02,1.18528E+02,1.18528E+02,1.18528E+02,1.18528E+02,1.18528E+02,8.83172E+01,2.95227E-01,1.18528E+02,1.18528E+02,8.83172E+01,1.18528E+02,8.83172E+01,1.18528E+02,3.73532E-01,1.18528E+02 
#t = 2.772E+03
1.18528E+02,8.83172E+01,1.18528E+02,1.18528E+02,1.18528E+02,8.83172E+01,1.18528E+02,1.18528E+02,1.18528E+02,8.83172E+01,8.83172E+01,1.18528E+02,1.18528E+02,1.18528E+02,8.83172E+01,8.83172E+01,8.83172E+01,1.18528E+02,1.18528E+02,1.18528E+02,1.18528E+02,1.54541E+01,8.83172E+01,9.81844E+00,1.18528E+02,1.18528E+02,8.83172E+01,8.83172E+01,8.83172E+01,1.18528E+02,1.18528E+02,1.18528E+02,1.18528E+02,1.18528E+02,1.18528E+02,1.18528E+02,1.18528E+02,1.18528E+02,1.18528E+02,1.18528E+02,1.18528E+02,8.83172E+01,1.18528E+02,1.18528E+02,8.83172E+01,1.54541E+01,1.18528E+02,8.83172E+01 
#t = 2.814E+03
1.54541E+01,8.83172E+01,8.83172E+01,1.18528E+02,1.18528E+02,1.18528E+02,1.18528E+02,1.18528E+02,1.18528E+02,1.18528E+02,1.18528E+02,1.18528E+02,1.18528E+02,1.18528E+02,8.83172E+01,1.18528E+02,1.18528E+02,1.18528E+02,1.74788E+01,1.18528E+02,8.83172E+01,1.18528E+02,1.18528E+02,1.18528E+02,1.18528E+02,8.83172E+01,1.18528E+02,1.18528E+02,1.54541E+01,8.83172E+01,8.83172E+01,8.83172E+01,1.18528E+02,1.54541E+01,1.52927E+01,8.83172E+01,1.18528E+02,4.94961E+00,1.18528E+02,1.18528E+02,1.18528E+02,1.54541E+01,1.18528E+02,1.54541E+01,1.52927E+01,1.18528E+02,9.82718E+00,8.83172E+01,1.18528E+02,1.18528E+02,8.83172E+01,8.83172E+01,1.18528E+02,1.18528E+02,8.83172E+01,8.83172E+01,1.18528E+02,1.42002E+01,1.18528E+02,8.83172E+01,1.53518E+00 
#t = 2.856E+03
8.83172E+01,1.18528E+02,1.18528E+02,1.18528E+02,8.83172E+01,1.18528E+02,1.54541E+01,1.18528E+02,1.18528E+02,8.83172E+01,8.83172E+01,1.18528E+02,1.18528E+02,8.83172E+01,1.18528E+02,8.83172E+01,8.83172E+01,1.09110E+02,8.83172E+01,8.83172E+01,1.18528E+02,8.83172E+01,1.18528E+02,8.83172E+01,8.83172E+01,8.83172E+01,1.18528E+02,1.18528E+02,8.83172E+01,8.83172E+01,8.83172E+01,8.83172E+01,8.83172E+01,8.83172E+01,8.83172E+01,8.83172E+01,8.83172E+01,8.83172E+01,8.83172E+01,1.18528E+02,8.83172E+01,1.18528E+02,8.83172E+01,8.83172E+01,1.18528E+02,1.14174E+01,1.18528E+02,8.83172E+01,3.18487E-01,1.18528E+02,1.14174E+01,8.83172E+01,8.83172E+01,1.18528E+02,8.83172E+01,1.18528E+02,1.72090E+01 
#t = 2.898E+03
1.18528E+02,8.83172E+01,8.83172E+01,1.14174E+01,1.18528E+02,1.54541E+01,1.18528E+02,8.83172E+01,1.18528E+02,1.18528E+02,8.83172E+01,8.83172E+01,1.15275E+01,1.18528E+02,1.18528E+02,1.18528E+02,1.15275E+01,1.18528E+02,8.83172E+01,8.83172E+01,1.18528E+02,1.54541E+01,1.18528E+02,8.83172E+01,8.83172E+01,8.83172E+01,8.83172E+01,8.83172E+01,1.18528E+02,1.54541E+01,8.83172E+01,8.83172E+01,8.83172E+01,1.54541E+01,1.08425E+01,6.25362E-01,1.54541E+01,1.54541E+01,2.51017E+00,3.08195E+00 
#t = 2.940E+03
8.83172E+01,1.54541E+01,8.83172E+01,1.14174E+01,1.18528E+02,1.18528E+02,8.83172E+01,1.18528E+02,8.83172E+01,2.24178E+01,8.83172E+01,1.18528E+02,2.24178E+01,8.83172E+01,8.83172E+01,8.83172E+01,1.54541E+01,8.83172E+01,1.18528E+02,8.83172E+01,1.18528E+02,8.83172E+01,8.83172E+01,1.54541E+01,8.83172E+01,8.83172E+01,1.18528E+02,8.83172E+01,1.18528E+02,8.83172E+01,8.83172E+01,2.24178E+01,1.54541E+01,8.83172E+01,1.18528E+02,1.54541E+01,1.18528E+02,2.24178E+01,3.18933E+00,1.18528E+02,8.83172E+01,1.18528E+02,8.83172E+01,8.83172E+01 
#t = 2.982E+03
8.83172E+01,1.18528E+02,8.83172E+01,8.83172E+01,1.54541E+01,1.18528E+02,8.83172E+01,1.18528E+02,8.83172E+01,1.18528E+02,1.18528E+02,8.83172E+01,8.83172E+01,8.83172E+01,1.18528E+02,8.83172E+01,8.83172E+01,1.18528E+02,8.83172E+01,1.03163E+01,5.46703E+00,1.18528E+02,8.83172E+01,1.18528E+02,8.83172E+01,8.83172E+01,8.83172E+01,8.83172E+01,8.83172E+01,8.83172E+01,8.83172E+01,8.83172E+01,8.83172E+01,3.21477E+00,8.83172E+01,8.83172E+01 
#t = 3.024E+03
8.83172E+01,8.83172E+01,8.83172E+01,8.83172E+01,8.83172E+01,8.83172E+01,8.83172E+01,8.83172E+01,8.83172E+01,8.83172E+01,8.83172E+01,8.83172E+01,8.83172E+01,1.18528E+02,1.18528E+02,8.83172E+01,8.83172E+01,8.83172E+01,8.83172E+01,8.83172E+01,8.83172E+01,8.83172E+01,8.83172E+01,8.83172E+01,8.83172E+01,8.83172E+01,8.83172E+01,8.83172E+01,1.91750E+01,8.83172E+01,8.83172E+01,1.18528E+02,8.83172E+01,8.83172E+01,8.83172E+01,8.83172E+01,2.38646E+00,8.83172E+01,8.83172E+01,8.83172E+01,1.18528E+02,8.83172E+01,8.83172E+01,1.18528E+02,8.83172E+01,8.83172E+01,6.94988E-02,1.91750E+01,8.83172E+01,8.83172E+01,8.83172E+01,8.83172E+01 
#t = 3.066E+03
8.83172E+01,8.83172E+01,8.83172E+01,8.83172E+01,8.83172E+01,8.83172E+01,8.83172E+01,1.38486E+02,8.83172E+01,8.83172E+01,8.83172E+01,1.38486E+02,8.83172E+01,8.83172E+01,8.83172E+01,8.83172E+01,8.83172E+01,8.83172E+01,8.83172E+01,8.83172E+01,8.83172E+01,8.83172E+01,8.83172E+01,8.83172E+01,8.83172E+01,8.83172E+01,8.83172E+01,4.20088E+00,8.83172E+01,8.83172E+01,8.83172E+01,1.38486E+02,8.83172E+01,8.83172E+01,8.83172E+01,8.83172E+01,8.83172E+01,1.38486E+02,8.83172E+01,8.83172E+01,3.65495E+00,8.83172E+01,8.83172E+01,8.83172E+01,8.83172E+01 
#t = 3.108E+03
8.83172E+01,8.83172E+01,8.83172E+01,8.83172E+01,8.83172E+01,8.83172E+01,8.83172E+01,8.83172E+01,8.83172E+01,8.83172E+01,8.83172E+01,8.83172E+01,8.83172E+01,8.83172E+01,8.83172E+01,8.83172E+01,8.83172E+01,8.83172E+01,8.83172E+01,8.83172E+01,8.83172E+01,8.83172E+01,8.83172E+01,8.83172E+01,8.83172E+01,8.83172E+01,8.83172E+01,8.83172E+01,8.83172E+01,8.83172E+01,8.83172E+01,8.83172E+01,8.83172E+01,8.83172E+01,8.83172E+01,8.83172E+01,8.83172E+01,1.60326E+00 
#t = 3.150E+03
8.83172E+01,8.83172E+01,8.83172E+01,8.83172E+01,8.83172E+01,8.83172E+01,8.83172E+01,8.83172E+01,8.83172E+01,8.83172E+01,8.83172E+01,8.83172E+01,8.83172E+01,8.83172E+01,8.83172E+01,8.83172E+01,8.83172E+01,8.83172E+01,8.83172E+01,8.83172E+01,8.83172E+01,8.83172E+01,8.83172E+01,8.83172E+01,8.83172E+01,8.83172E+01,8.83172E+01,8.83172E+01,8.83172E+01,8.83172E+01,8.83172E+01,8.83172E+01,8.83172E+01,8.83172E+01,8.83172E+01,8.83172E+01,8.83172E+01,4.45596E+00,8.83172E+01,6.50881E-01,8.83172E+01 
#t = 3.192E+03
8.83172E+01,8.83172E+01,8.83172E+01,8.83172E+01,8.83172E+01,8.83172E+01,8.83172E+01,8.83172E+01,8.83172E+01,8.83172E+01,8.83172E+01,8.83172E+01,8.83172E+01,7.77251E+00,8.83172E+01,8.83172E+01,8.83172E+01,8.83172E+01,8.83172E+01,8.83172E+01,8.83172E+01,8.83172E+01,6.30926E+00,8.83172E+01,8.83172E+01,8.83172E+01,8.83172E+01,8.83172E+01,8.83172E+01,8.83172E+01,8.83172E+01,8.83172E+01,8.83172E+01 
#t = 3.234E+03
8.83172E+01,8.83172E+01,8.83172E+01,8.83172E+01,8.83172E+01,8.83172E+01,8.83172E+01,8.83172E+01,8.83172E+01,8.83172E+01,8.83172E+01,8.83172E+01,8.83172E+01,8.83172E+01,8.99267E+00,8.83172E+01,8.83172E+01,8.83172E+01,8.83172E+01,8.83172E+01,8.83172E+01,8.83172E+01,8.83172E+01,8.83172E+01,8.83172E+01,8.83172E+01,8.83172E+01,8.83172E+01,8.83172E+01,8.83172E+01,8.83172E+01,8.83172E+01,4.68331E-01,8.83172E+01,8.83172E+01,8.83172E+01,8.83172E+01,8.83172E+01,3.57433E+00,8.83172E+01,8.83172E+01,5.73365E+00 
#t = 3.276E+03
8.83172E+01,8.83172E+01,8.83172E+01,8.83172E+01,8.83172E+01,8.83172E+01,8.83172E+01,8.83172E+01,8.83172E+01,8.83172E+01,8.83172E+01,8.83172E+01,8.83172E+01,8.83172E+01,1.17172E+01,8.83172E+01,8.83172E+01,8.83172E+01,8.83172E+01,8.83172E+01,8.83172E+01,8.83172E+01,8.83172E+01,8.83172E+01,8.83172E+01,8.83172E+01,8.83172E+01,8.83172E+01,8.83172E+01,8.83172E+01,8.83172E+01,8.83172E+01,8.83172E+01,8.83172E+01,8.83172E+01,8.83172E+01,8.83172E+01 
#t = 3.318E+03
8.83172E+01,8.83172E+01,8.83172E+01,8.83172E+01,8.83172E+01,8.83172E+01,8.83172E+01,8.83172E+01,8.83172E+01,8.83172E+01,8.83172E+01,8.83172E+01,8.83172E+01,2.18697E+01,8.83172E+01,8.83172E+01,8.83172E+01,8.83172E+01,8.83172E+01,8.83172E+01,8.83172E+01,8.83172E+01,8.83172E+01,8.83172E+01,8.83172E+01,8.83172E+01,8.83172E+01,8.83172E+01,8.83172E+01,8.83172E+01,8.83172E+01,8.83172E+01,8.83172E+01,8.83172E+01,8.83172E+01,8.83172E+01,8.83172E+01,8.83172E+01,8.83172E+01,8.83172E+01 
#t = 3.360E+03
8.83172E+01,8.83172E+01,8.83172E+01,8.83172E+01,8.83172E+01,8.83172E+01,8.83172E+01,8.83172E+01,8.83172E+01,8.83172E+01,8.83172E+01,8.83172E+01,8.83172E+01,8.83172E+01,8.83172E+01,8.83172E+01,8.83172E+01,8.83172E+01,8.83172E+01,8.83172E+01,8.83172E+01,8.83172E+01,8.83172E+01,8.83172E+01,8.83172E+01,8.83172E+01,8.83172E+01,8.83172E+01,8.83172E+01,8.83172E+01,8.83172E+01,8.83172E+01,6.26556E-01,8.83172E+01,8.83172E+01,8.83172E+01,8.83172E+01,3.13023E+00,2.18467E+00,8.83172E+01,8.83172E+01 
#t = 3.402E+03
8.83172E+01,8.83172E+01,8.83172E+01,8.83172E+01,8.83172E+01,8.83172E+01,8.83172E+01,8.83172E+01,8.83172E+01,8.83172E+01,8.83172E+01,8.83172E+01,8.83172E+01,8.83172E+01,8.83172E+01,8.83172E+01,8.83172E+01,8.83172E+01,8.83172E+01,8.83172E+01,8.83172E+01,8.83172E+01,8.83172E+01,8.83172E+01,8.83172E+01,8.83172E+01,8.83172E+01,8.83172E+01,8.83172E+01,8.83172E+01,8.83172E+01,8.83172E+01,8.83172E+01,8.83172E+01,8.83172E+01,8.83172E+01,8.83172E+01,8.83172E+01,1.41848E-01,8.83172E+01,8.83172E+01,8.83172E+01,8.83172E+01,1.82987E+00,7.23895E+00,1.21161E+01,1.11401E+00,8.83172E+01,8.83172E+01,8.83172E+01 
#t = 3.444E+03
8.83172E+01,8.83172E+01,8.83172E+01,8.83172E+01,8.83172E+01,8.83172E+01,8.83172E+01,8.83172E+01,8.83172E+01,8.83172E+01,8.83172E+01,8.83172E+01,8.83172E+01,8.83172E+01,8.83172E+01,8.83172E+01,8.83172E+01,8.83172E+01,8.83172E+01,8.83172E+01,8.83172E+01,8.83172E+01,8.83172E+01,8.83172E+01,8.83172E+01,8.83172E+01,8.83172E+01,8.83172E+01,8.83172E+01,8.83172E+01,8.83172E+01,8.83172E+01,8.83172E+01,8.83172E+01,8.83172E+01,8.83172E+01,8.83172E+01,8.83172E+01,8.83172E+01,8.83172E+01,8.83172E+01,8.83172E+01,8.83172E+01,8.83172E+01,8.83172E+01,8.83172E+01 
#t = 3.486E+03
8.83172E+01,8.83172E+01,8.83172E+01,8.83172E+01,8.83172E+01,8.83172E+01,8.83172E+01,8.83172E+01,8.83172E+01,8.83172E+01,8.83172E+01,8.83172E+01,8.83172E+01,8.83172E+01,8.83172E+01,8.83172E+01,8.83172E+01,8.83172E+01,8.83172E+01,8.83172E+01,8.83172E+01,8.83172E+01,8.83172E+01,8.83172E+01,8.83172E+01,8.83172E+01,8.83172E+01,8.83172E+01,8.83172E+01,8.83172E+01,8.83172E+01,8.83172E+01,8.83172E+01,5.60621E+00,8.83172E+01,8.83172E+01,8.83172E+01,8.83172E+01,8.83172E+01,8.83172E+01 
#t = 3.528E+03
8.83172E+01,8.83172E+01,8.83172E+01,8.83172E+01,8.83172E+01,8.83172E+01,8.83172E+01,8.83172E+01,8.83172E+01,8.83172E+01,8.83172E+01,8.83172E+01,8.83172E+01,8.83172E+01,8.83172E+01,8.83172E+01,8.83172E+01,9.39483E+00,8.83172E+01,8.83172E+01,8.83172E+01,8.83172E+01,8.83172E+01,8.83172E+01,8.83172E+01,8.83172E+01,8.83172E+01,8.83172E+01,8.83172E+01,8.83172E+01,8.83172E+01,8.83172E+01,8.83172E+01,8.83172E+01,8.83172E+01,8.83172E+01,8.83172E+01,8.83172E+01,8.83172E+01,8.83172E+01,8.83172E+01,5.63657E-01,8.83172E+01,8.83172E+01,8.83172E+01,8.83172E+01,8.83172E+01,8.83172E+01,8.83172E+01,8.83172E+01,8.83172E+01,8.83172E+01 
#t = 3.570E+03
8.83172E+01,8.83172E+01,8.83172E+01,8.83172E+01,8.83172E+01,8.83172E+01,8.83172E+01,8.83172E+01,8.83172E+01,8.83172E+01,8.83172E+01,8.83172E+01,8.83172E+01,8.83172E+01,8.83172E+01,8.83172E+01,8.83172E+01,8.83172E+01,8.83172E+01,8.83172E+01,8.83172E+01,8.83172E+01,8.83172E+01,8.83172E+01,8.83172E+01,8.83172E+01,8.83172E+01,8.83172E+01,8.83172E+01,8.83172E+01,8.83172E+01,8.83172E+01,8.83172E+01,8.83172E+01,8.83172E+01,8.83172E+01,8.83172E+01,8.83172E+01,8.83172E+01,8.83172E+01,8.83172E+01,1.59145E+00,8.83172E+01,8.83172E+01,8.83172E+01,8.83172E+01,8.83172E+01,8.83172E+01 
#t = 3.612E+03
8.83172E+01,8.83172E+01,8.83172E+01,8.83172E+01,8.83172E+01,8.83172E+01,8.83172E+01,8.83172E+01,8.83172E+01,8.83172E+01,8.83172E+01,8.83172E+01,9.93296E+00,8.83172E+01,8.83172E+01,8.83172E+01,8.83172E+01,8.83172E+01,8.83172E+01,8.83172E+01,8.83172E+01,8.83172E+01,8.83172E+01,8.83172E+01,8.83172E+01,8.83172E+01,8.83172E+01,8.83172E+01,8.83172E+01,8.83172E+01,8.83172E+01,8.83172E+01,8.83172E+01,8.83172E+01,8.83172E+01,8.83172E+01,8.83172E+01,8.83172E+01,8.83172E+01,8.83172E+01,8.83172E+01,8.83172E+01,1.00018E+01,8.83172E+01,8.83172E+01,8.83172E+01,8.83172E+01 
#t = 3.654E+03
8.83172E+01,8.83172E+01,8.83172E+01,8.83172E+01,1.16782E+01,8.83172E+01,8.83172E+01,8.83172E+01,8.83172E+01,8.83172E+01,8.83172E+01,8.83172E+01,8.83172E+01,8.83172E+01,8.83172E+01,8.83172E+01,8.83172E+01,8.83172E+01,8.83172E+01,8.83172E+01,1.07471E+00,8.83172E+01,8.83172E+01,8.83172E+01,8.83172E+01,8.83172E+01,8.83172E+01,8.83172E+01,8.83172E+01,8.83172E+01,8.83172E+01,8.83172E+01,8.83172E+01,8.83172E+01,3.45022E-01,8.83172E+01,8.83172E+01,8.83172E+01 
#t = 3.696E+03
8.83172E+01,8.83172E+01,8.83172E+01,8.83172E+01,8.83172E+01,8.83172E+01,8.83172E+01,8.83172E+01,8.83172E+01,8.83172E+01,8.83172E+01,8.83172E+01,8.83172E+01,8.83172E+01,8.83172E+01,8.83172E+01,8.83172E+01,8.83172E+01,8.83172E+01,8.83172E+01,8.83172E+01,8.83172E+01,8.83172E+01,8.83172E+01,8.83172E+01,8.83172E+01,8.83172E+01,8.83172E+01,8.83172E+01,2.08287E+01,8.83172E+01,8.83172E+01,8.83172E+01,8.83172E+01,8.83172E+01,8.83172E+01,8.83172E+01,8.83172E+01,8.83172E+01,8.83172E+01,8.83172E+01,8.83172E+01,8.83172E+01,8.83172E+01,5.03584E-01,8.83172E+01,8.83172E+01,1.36715E+00,8.83172E+01,8.83172E+01 
#t = 3.738E+03
8.83172E+01,8.83172E+01,8.83172E+01,8.83172E+01,2.08287E+01,8.83172E+01,8.83172E+01,8.83172E+01,8.83172E+01,8.83172E+01,8.83172E+01,8.83172E+01,8.83172E+01,8.83172E+01,8.83172E+01,8.83172E+01,8.83172E+01,8.83172E+01,8.83172E+01,2.08287E+01,1.28210E+01,8.83172E+01,8.83172E+01,8.83172E+01,8.83172E+01,2.08287E+01,8.83172E+01,8.83172E+01,8.83172E+01,2.08287E+01,8.44232E+00,5.36951E+00,8.83172E+01,8.83172E+01,8.83172E+01,2.08287E+01,8.83172E+01,8.83172E+01,1.37484E-01 
#t = 3.780E+03
8.83172E+01,1.28210E+01,8.83172E+01,2.08287E+01,8.83172E+01,8.83172E+01,8.83172E+01,8.83172E+01,1.92884E+01,8.83172E+01,8.83172E+01,8.83172E+01,8.83172E+01,1.80405E+01,8.83172E+01,8.83172E+01,8.83172E+01,8.83172E+01,8.83172E+01,8.83172E+01,8.83172E+01,8.83172E+01,8.83172E+01,8.83172E+01,2.08287E+01,5.77888E+01,1.28210E+01,8.83172E+01,9.34389E+00,1.80405E+01,8.83172E+01,8.83172E+01,8.83172E+01,2.08287E+01,8.83172E+01,8.83172E+01,8.83172E+01,8.83172E+01,8.83172E+01,2.08287E+01,8.83172E+01,8.83172E+01,1.80405E+01,8.83172E+01,8.83172E+01,8.83172E+01,8.83172E+01 
#t = 3.822E+03
8.83172E+01,8.83172E+01,1.80405E+01,8.83172E+01,8.83172E+01,8.83172E+01,8.83172E+01,1.28210E+01,8.83172E+01,8.83172E+01,8.83172E+01,8.83172E+01,8.83172E+01,8.83172E+01,8.83172E+01,8.83172E+01,8.83172E+01,8.83172E+01,8.83172E+01,8.83172E+01,8.83172E+01,1.80405E+01,8.83172E+01,8.83172E+01,8.83172E+01,8.83172E+01,8.83172E+01,8.83172E+01,1.45608E+01,8.83172E+01,8.83172E+01,8.83172E+01,8.83172E+01,8.83172E+01,8.83172E+01,8.83172E+01,8.83172E+01,8.83172E+01,6.79566E+00,8.83172E+01 
#t = 3.864E+03
8.83172E+01,1.80405E+01,8.83172E+01,1.45608E+01,8.83172E+01,1.96978E+01,8.83172E+01,8.83172E+01,8.83172E+01,8.83172E+01,8.83172E+01,1.80405E+01,8.83172E+01,8.83172E+01,1.80405E+01,8.83172E+01,8.83172E+01,1.28210E+01,1.80405E+01,1.80405E+01,8.83172E+01,1.80405E+01,8.83172E+01,8.83172E+01,8.83172E+01,8.83172E+01,1.80405E+01,8.83172E+01,8.83172E+01,1.45608E+01,1.45608E+01,1.28210E+01,8.83172E+01,8.83172E+01,8.83172E+01,1.45608E+01,8.83172E+01,8.83172E+01,8.83172E+01,1.80405E+01,8.83172E+01,8.83172E+01,8.83172E+01,8.83172E+01,8.83172E+01,1.40722E+01,8.83172E+01,8.83172E+01,1.80405E+01,8.83172E+01,1.28210E+01,8.83172E+01,6.30067E+00,8.83172E+01,1.80405E+01,8.83172E+01,8.83172E+01 
#t = 3.906E+03
1.80405E+01,1.80405E+01,8.83172E+01,1.40722E+01,8.83172E+01,8.83172E+01,1.45608E+01,8.83172E+01,8.11728E+00,8.83172E+01,8.83172E+01,1.80405E+01,8.83172E+01,8.83172E+01,8.83172E+01,1.80405E+01,8.83172E+01,8.83172E+01,8.83172E+01,8.83172E+01,1.80405E+01,8.83172E+01,1.80405E+01,1.45608E+01,8.83172E+01,8.83172E+01,8.83172E+01,8.83172E+01,1.80405E+01,8.83172E+01,8.83172E+01,8.83172E+01,7.93812E+00,1.78780E+00,8.83172E+01,8.83172E+01,8.83172E+01,8.83172E+01,8.83172E+01,8.73148E-01,6.48887E-02,8.83172E+01,8.83172E+01,6.05897E-01,8.83172E+01,8.83172E+01 
#t = 3.948E+03
1.40722E+01,8.83172E+01,1.45608E+01,8.83172E+01,8.83172E+01,8.83172E+01,8.83172E+01,8.83172E+01,8.83172E+01,8.83172E+01,8.83172E+01,8.83172E+01,8.83172E+01,8.83172E+01,8.83172E+01,8.83172E+01,8.83172E+01,8.83172E+01,8.83172E+01,1.45608E+01,8.83172E+01,8.83172E+01,8.83172E+01,8.83172E+01,8.83172E+01,8.83172E+01,8.83172E+01,8.83172E+01,8.83172E+01,8.83172E+01,8.83172E+01,8.83172E+01,8.83172E+01,1.25816E+00 
#t = 3.990E+03
8.83172E+01,8.83172E+01,8.83172E+01,8.83172E+01,8.83172E+01,8.83172E+01,1.45608E+01,8.83172E+01,8.83172E+01,8.83172E+01,8.83172E+01,8.83172E+01,8.83172E+01,8.83172E+01,8.83172E+01,8.83172E+01,8.83172E+01,8.83172E+01,8.83172E+01,8.83172E+01,8.83172E+01,8.83172E+01,8.83172E+01,8.83172E+01,8.83172E+01,8.83172E+01,8.83172E+01,8.83172E+01,8.83172E+01,8.83172E+01,8.83172E+01,8.83172E+01,8.83172E+01,8.83172E+01,1.37549E+01,8.83172E+01,8.83172E+01,8.83172E+01,8.83172E+01,8.83172E+01,8.83172E+01,8.83172E+01,8.83172E+01,8.83172E+01,8.83172E+01,8.83172E+01,8.83172E+01,1.05031E+00,9.99244E-01 
#t = 4.032E+03
8.83172E+01,8.83172E+01,8.83172E+01,8.83172E+01,8.83172E+01,8.83172E+01,8.83172E+01,8.83172E+01,8.83172E+01,1.39916E+01,8.83172E+01,8.83172E+01,8.83172E+01,8.83172E+01,8.83172E+01,8.83172E+01,8.83172E+01,8.83172E+01,8.83172E+01,8.83172E+01,8.83172E+01,8.83172E+01,8.83172E+01,8.83172E+01,8.83172E+01,8.83172E+01,8.83172E+01,8.83172E+01,8.83172E+01,8.83172E+01,8.83172E+01,8.83172E+01,8.83172E+01,5.11836E+00,8.83172E+01,8.83172E+01,8.83172E+01,8.83172E+01,8.83172E+01,8.83172E+01,8.83172E+01,8.83172E+01,8.83172E+01,8.83172E+01,8.83172E+01,8.83172E+01,8.83172E+01,8.83172E+01 
#t = 4.074E+03
8.83172E+01,8.83172E+01,8.83172E+01,8.83172E+01,8.83172E+01,8.83172E+01,8.83172E+01,8.83172E+01,8.83172E+01,8.83172E+01,8.83172E+01,8.83172E+01,8.83172E+01,8.83172E+01,8.83172E+01,8.83172E+01,8.83172E+01,8.83172E+01,8.83172E+01,8.83172E+01,8.83172E+01,8.83172E+01,8.83172E+01,8.83172E+01,8.83172E+01,8.83172E+01,8.83172E+01,8.83172E+01,8.83172E+01,8.83172E+01,8.83172E+01,8.83172E+01,8.83172E+01,8.83172E+01,8.83172E+01,8.83172E+01,8.83172E+01,8.83172E+01,8.83172E+01,8.83172E+01 
#t = 4.116E+03
8.83172E+01,8.83172E+01,8.83172E+01,8.83172E+01,8.83172E+01,8.83172E+01,8.83172E+01,8.83172E+01,8.83172E+01,8.83172E+01,8.83172E+01,8.83172E+01,8.83172E+01,8.83172E+01,8.83172E+01,8.83172E+01,8.83172E+01,8.83172E+01,8.83172E+01,8.83172E+01,1.05601E+01,8.83172E+01,1.29921E+01,8.83172E+01,8.83172E+01,8.83172E+01,8.83172E+01,8.83172E+01,1.17401E+01,8.83172E+01,8.83172E+01,8.83172E+01,8.83172E+01,8.83172E+01,1.29921E+01,1.18929E+01,8.83172E+01,8.83172E+01,8.83172E+01,8.83172E+01,8.83172E+01,4.72138E+00,8.83172E+01,8.83172E+01,1.08861E+00,8.83172E+01,8.83172E+01,8.83172E+01 
#t = 4.158E+03
8.83172E+01,8.83172E+01,8.83172E+01,8.83172E+01,1.52979E+01,8.83172E+01,8.83172E+01,8.83172E+01,8.83172E+01,8.83172E+01,8.83172E+01,8.83172E+01,8.83172E+01,8.83172E+01,8.83172E+01,8.83172E+01,8.83172E+01,8.83172E+01,8.83172E+01,8.83172E+01,8.83172E+01,8.83172E+01,8.83172E+01,8.83172E+01,8.83172E+01,8.83172E+01,8.83172E+01,8.83172E+01,8.83172E+01,8.83172E+01,8.83172E+01,8.83172E+01,8.83172E+01,8.83172E+01,6.11584E+00,8.83172E+01,8.83172E+01,8.83172E+01,8.83172E+01,8.83172E+01,8.83172E+01,8.83172E+01 
#t = 4.200E+03
8.83172E+01,8.83172E+01,8.83172E+01,8.83172E+01,8.83172E+01,8.83172E+01,8.83172E+01,1.62901E+01,8.83172E+01,8.83172E+01,8.83172E+01,8.70344E+00,2.57877E+01,8.83172E+01,8.83172E+01,8.83172E+01,8.83172E+01,8.83172E+01,8.83172E+01,8.83172E+01,8.83172E+01,8.83172E+01,8.83172E+01,8.83172E+01,8.83172E+01,8.83172E+01,8.83172E+01,8.83172E+01,2.57877E+01,8.83172E+01,8.83172E+01,8.83172E+01,8.83172E+01,8.83172E+01,1.62901E+01,8.83172E+01,1.28653E-01,8.83172E+01,8.83172E+01,1.62901E+01,8.83172E+01,8.83172E+01,1.71743E+00,8.83172E+01,8.83172E+01,2.57877E+01,8.83172E+01,8.83172E+01,2.57877E+01 
