#t = 0.000E+00
3.24522E+00,2.33468E+00,3.45862E-02,2.02040E+00,2.87042E+00 
#t = 4.200E+01
7.63682E+00 
#t = 8.400E+01
6.17420E+00,4.33692E+00,1.22425E+00 
#t = 1.260E+02
6.53673E+01,6.53673E+01,6.53673E+01,6.53673E+01,6.53673E+01,2.42856E-01,5.13202E+00,4.46804E+00 
#t = 1.680E+02
6.53673E+01,6.53673E+01,6.53673E+01,3.15683E+01,6.53673E+01,3.49333E+00,8.00086E+00,2.24412E+00,6.53673E+01,6.53673E+01,6.53673E+01,1.99719E+00,6.00737E+01,2.68343E-01,3.15683E+01,6.00737E+01,6.53673E+01 
#t = 2.100E+02
3.15683E+01,6.53673E+01,6.00737E+01,6.53673E+01,3.15683E+01,6.53673E+01,3.15683E+01,6.53673E+01,6.53673E+01,6.53673E+01,1.21589E+01,6.53673E+01,3.15683E+01,3.15683E+01,6.53673E+01,6.00737E+01,6.53673E+01,6.53673E+01,6.53673E+01,6.00737E+01,3.15683E+01,3.15683E+01,6.53673E+01,3.15683E+01,6.53673E+01,3.15683E+01,3.15683E+01,3.15683E+01,6.53673E+01,3.15683E+01,3.23224E+01,2.86043E+00,6.00737E+01,6.53673E+01 
#t = 2.520E+02
3.15683E+01,6.53673E+01,3.15683E+01,3.15683E+01,3.23224E+01,6.53673E+01,3.15683E+01,3.15683E+01,6.53673E+01,3.23224E+01,3.15683E+01,3.15683E+01,6.53673E+01,6.53673E+01,6.53673E+01,6.53673E+01,3.15683E+01,1.12989E+01,3.15683E+01,1.91816E+01,3.15683E+01,7.06617E+00,6.53673E+01,3.15683E+01,3.15683E+01,3.15683E+01,3.15683E+01,6.53673E+01,3.15683E+01,3.52863E+00,3.23224E+01,3.23224E+01,3.15683E+01,3.15683E+01,6.53673E+01,3.15683E+01,6.53673E+01,6.53673E+01,3.15683E+01,6.53673E+01,3.15683E+01 
#t = 2.940E+02
3.15683E+01,3.15683E+01,3.15683E+01,6.53673E+01,3.15683E+01,6.53673E+01,6.53673E+01,3.23224E+01,3.15683E+01,3.23224E+01,3.15683E+01,3.15683E+01,3.15683E+01,3.15683E+01,3.15683E+01,3.15683E+01,3.15683E+01,6.53673E+01,3.23224E+01,6.53673E+01,3.23224E+01,3.15683E+01,3.23224E+01,3.15683E+01,3.15683E+01,3.15683E+01,3.23224E+01,3.23224E+01,6.53673E+01,3.23224E+01,6.53673E+01,3.15683E+01,6.53673E+01,3.15683E+01,9.18985E+00,3.15683E+01,3.23224E+01,3.15683E+01,3.15683E+01,3.23224E+01,6.53673E+01,3.15683E+01,3.15683E+01,3.15683E+01,3.15683E+01,3.15683E+01,3.15683E+01,6.53673E+01,3.15683E+01,7.81456E-01,3.15683E+01,3.23224E+01,3.56897E-01,3.15683E+01 
#t = 3.360E+02
3.15683E+01,3.23224E+01,3.23224E+01,6.53673E+01,3.23224E+01,3.23224E+01,3.15683E+01,3.15683E+01,3.23224E+01,3.15683E+01,3.15683E+01,3.15683E+01,1.51682E+01,6.53673E+01,1.51682E+01,3.23224E+01,6.53673E+01,3.15683E+01,3.15683E+01,3.15683E+01,3.15683E+01,3.15683E+01,6.53673E+01,3.23224E+01,3.15683E+01,3.15683E+01,6.53673E+01,3.23224E+01,3.15683E+01,3.23224E+01,3.23224E+01,4.58949E-01,3.23224E+01,6.53673E+01,2.54534E-01,6.53673E+01,3.15683E+01,3.15683E+01 
#t = 3.780E+02
3.15683E+01,1.51682E+01,3.15683E+01,3.15683E+01,3.15683E+01,3.15683E+01,3.15683E+01,3.15683E+01,3.15683E+01,1.97222E+01,6.53673E+01,6.53673E+01,3.15683E+01,3.15683E+01,3.23224E+01,3.15683E+01,3.15683E+01,6.53673E+01,3.15683E+01,3.15683E+01,3.15683E+01,3.15683E+01,1.51682E+01,1.51682E+01,3.15683E+01,3.15683E+01,3.15683E+01,3.15683E+01,3.23224E+01,3.15683E+01,3.15683E+01,3.15683E+01,1.51682E+01,3.15683E+01,1.51682E+01,1.98012E+00,3.15683E+01,3.23224E+01,3.15683E+01 
#t = 4.200E+02
3.15683E+01,1.97222E+01,3.15683E+01,3.15683E+01,3.23224E+01,3.23224E+01,1.97222E+01,3.15683E+01,3.23224E+01,3.15683E+01,3.23224E+01,1.25977E+02,9.21371E+00,6.53673E+01,3.15683E+01,1.25977E+02,6.53673E+01,3.15683E+01,3.23224E+01,3.15683E+01,6.53673E+01,3.23224E+01,3.23224E+01,3.23224E+01,3.15683E+01,3.23224E+01,3.23224E+01,6.53673E+01,3.21991E-01 
#t = 4.620E+02
3.23224E+01,6.53673E+01,3.23224E+01,3.15683E+01,3.15683E+01,3.23224E+01,3.15683E+01,3.15683E+01,3.23224E+01,3.15683E+01,3.23224E+01,6.53673E+01,3.23224E+01,3.23224E+01,6.53673E+01,3.23224E+01,3.23224E+01,6.53673E+01,3.23224E+01,6.53673E+01,3.23224E+01,3.23224E+01,3.23224E+01,3.75781E+00,3.23224E+01,1.65271E+01,3.23224E+01,3.23224E+01,2.52912E+01,3.23224E+01,3.23224E+01,3.15683E+01,3.23224E+01,3.15683E+01,3.23224E+01,2.85780E-01 
#t = 5.040E+02
3.23224E+01,6.53673E+01,3.23224E+01,3.15683E+01,3.15683E+01,3.15683E+01,3.23224E+01,3.23224E+01,3.23224E+01,6.53673E+01,3.15683E+01,3.23224E+01,3.23224E+01,3.23224E+01,3.15683E+01,3.15683E+01,3.15683E+01,3.23224E+01,3.23224E+01,3.15683E+01,3.15683E+01,3.23224E+01,3.23224E+01,3.23224E+01,1.62746E+01,2.25875E+01,3.23224E+01,3.15683E+01,3.15683E+01,3.15683E+01,3.23224E+01,3.15683E+01,3.23224E+01,3.15683E+01,3.23224E+01,3.23224E+01,3.15683E+01,3.23224E+01,3.23224E+01,2.43315E+00 
#t = 5.460E+02
3.15683E+01,3.15683E+01,3.23224E+01,3.23224E+01,3.23224E+01,6.53673E+01,6.53673E+01,3.23224E+01,4.13009E+00,3.15683E+01,3.15683E+01,6.53673E+01,6.53673E+01,3.15683E+01,3.23224E+01,3.15683E+01,3.23224E+01,3.23224E+01,1.03698E+01,3.15683E+01 
#t = 5.880E+02
3.15683E+01,3.23224E+01,3.15683E+01,3.15683E+01,3.23224E+01,3.23224E+01,3.23224E+01,3.15683E+01,6.53673E+01,3.15683E+01,3.15683E+01,6.53673E+01,3.23224E+01,6.53673E+01,3.23224E+01,3.23224E+01,6.53673E+01,6.53673E+01,3.23224E+01,3.15683E+01,3.15683E+01,3.23224E+01,3.15683E+01,3.23224E+01,3.23224E+01,3.23224E+01,6.53673E+01,6.53673E+01,6.53673E+01,6.53673E+01,2.51304E+00,3.15683E+01,3.15683E+01,6.53673E+01,4.70994E-01 
#t = 6.300E+02
3.15683E+01,3.23224E+01,6.53673E+01,6.53673E+01,6.53673E+01,3.23224E+01,3.23224E+01,3.23224E+01,6.53673E+01,3.15683E+01,3.15683E+01,3.15683E+01,6.53673E+01,6.53673E+01,6.53673E+01,3.23224E+01,6.53673E+01,3.23224E+01,6.53673E+01,3.23224E+01,3.15683E+01,3.23224E+01,3.23224E+01,6.53673E+01,6.53673E+01,6.53673E+01,6.53673E+01,3.31186E+01,3.23224E+01,3.15683E+01,4.39520E-01,6.53673E+01,3.15683E+01,8.62244E-02,3.15683E+01,3.15683E+01 
#t = 6.720E+02
3.23224E+01,6.53673E+01,6.53673E+01,3.15683E+01,3.15683E+01,9.45891E+00,6.53673E+01,3.15683E+01,6.53673E+01,6.53673E+01,6.53673E+01,3.23224E+01,3.23224E+01,3.15683E+01,6.53673E+01,3.23224E+01,6.53673E+01,6.53673E+01,3.23224E+01,3.23224E+01,8.67300E+00,3.15683E+01,6.53673E+01,6.53673E+01,6.53673E+01,6.53673E+01,6.53673E+01,3.23224E+01,6.62542E+00,2.73371E+01,3.23224E+01,6.53673E+01,3.15683E+01,5.00943E+00,2.78537E+00,6.53673E+01,6.53673E+01 
#t = 7.140E+02
6.53673E+01,3.23224E+01,6.53673E+01,3.23224E+01,6.53673E+01,3.23224E+01,6.53673E+01,6.53673E+01,6.53673E+01,6.53673E+01,3.23224E+01,3.23224E+01,6.53673E+01,6.53673E+01,3.23224E+01,6.53673E+01,6.53673E+01,6.53673E+01,3.23224E+01,6.53673E+01,6.53673E+01,3.23224E+01,6.53673E+01,6.53673E+01,6.53673E+01,6.53673E+01,3.23224E+01,3.23224E+01,6.53673E+01,6.53673E+01,5.03754E-02,6.53673E+01,6.53673E+01,1.22598E+01,3.23224E+01,3.23224E+01,6.53673E+01,6.53673E+01,3.23224E+01,1.30749E+01,1.90676E-01,3.23224E+01,1.22598E+01,6.53673E+01,1.26602E+01,3.23224E+01,2.27712E-01,3.23224E+01,6.53673E+01,2.17100E+01,3.23224E+01,6.53673E+01 
#t = 7.560E+02
3.23224E+01,6.53673E+01,6.53673E+01,6.53673E+01,6.53673E+01,6.53673E+01,6.53673E+01,3.23224E+01,6.53673E+01,6.53673E+01,6.53673E+01,6.53673E+01,1.22598E+01,6.53673E+01,6.53673E+01,6.53673E+01,6.53673E+01,6.53673E+01,6.53673E+01,6.53673E+01,6.53673E+01,6.53673E+01,6.53673E+01,6.53673E+01,6.53673E+01,6.53673E+01,6.53673E+01,6.53673E+01,6.53673E+01,6.53673E+01,3.23224E+01,6.53673E+01,6.53673E+01,6.53673E+01,6.53673E+01,6.53673E+01,6.53673E+01,6.53673E+01,6.53673E+01,3.23224E+01,6.53673E+01,3.23224E+01,6.53673E+01,3.23224E+01 
#t = 7.980E+02
3.23224E+01,6.53673E+01,6.53673E+01,6.53673E+01,6.53673E+01,6.53673E+01,3.23224E+01,6.53673E+01,6.53673E+01,6.53673E+01,3.23224E+01,3.23224E+01,6.53673E+01,3.23224E+01,6.53673E+01,3.23224E+01,6.53673E+01,6.53673E+01,3.23224E+01,3.23224E+01,6.53673E+01,6.53673E+01,3.23224E+01,3.23224E+01,6.53673E+01,3.23224E+01,6.53673E+01,3.23224E+01,3.23224E+01,3.23224E+01,3.23224E+01,4.68479E+00,3.23224E+01,9.89571E-01,1.66619E+00,3.23224E+01,2.34827E+01 
#t = 8.400E+02
3.23224E+01,3.23224E+01,3.23224E+01,3.23224E+01,6.53673E+01,3.23224E+01,3.23224E+01,3.23224E+01,3.23224E+01,3.23224E+01,6.53673E+01,6.53673E+01,6.53673E+01,6.53673E+01,6.53673E+01,6.53673E+01,6.53673E+01,6.53673E+01,6.53673E+01,6.53673E+01,3.23224E+01,6.53673E+01,6.53673E+01,3.23224E+01,6.53673E+01,6.53673E+01,6.53673E+01,3.23224E+01,6.53673E+01,6.53673E+01,3.23224E+01,6.53673E+01,3.23224E+01,6.53673E+01,6.53673E+01,6.53673E+01,1.11317E+00,6.53673E+01,3.23224E+01,3.23224E+01,3.23224E+01,3.23224E+01,6.53673E+01,6.53673E+01,3.23224E+01 
#t = 8.820E+02
3.23224E+01,3.23224E+01,6.53673E+01,6.53673E+01,3.23224E+01,3.23224E+01,6.53673E+01,1.77165E+01,6.53673E+01,6.53673E+01,3.23224E+01,6.53673E+01,3.23224E+01,6.53673E+01,3.23224E+01,6.53673E+01,6.53673E+01,6.53673E+01,3.23224E+01,3.23224E+01,6.53673E+01,6.53673E+01,6.53673E+01,3.23224E+01,3.23224E+01,6.53673E+01,6.53673E+01,3.23224E+01,6.53673E+01,1.03951E+01,3.88653E-01,6.53673E+01,6.53673E+01,3.23224E+01,1.85007E+00,3.23224E+01,6.53673E+01,3.23224E+01 
#t = 9.240E+02
6.53673E+01,6.53673E+01,3.23224E+01,1.03951E+01,6.53673E+01,3.23224E+01,3.23224E+01,6.53673E+01,3.23224E+01,6.53673E+01,3.23224E+01,3.23224E+01,6.53673E+01,6.53673E+01,3.23224E+01,3.23224E+01,3.23224E+01,6.53673E+01,6.53673E+01,6.53673E+01,3.23224E+01,4.13134E+01,1.87541E+01,3.23224E+01,4.13134E+01,3.23224E+01,7.40949E+01,4.13134E+01,3.23224E+01,1.88978E+01,6.53673E+01,1.87541E+01,6.53673E+01,3.23224E+01,6.53673E+01,7.50362E+00 
#t = 9.660E+02
3.23224E+01,3.23224E+01,1.49551E+01,6.53673E+01,6.53673E+01,6.53673E+01,6.53673E+01,1.55833E+01,3.23224E+01,7.40949E+01,1.06519E+01,3.23224E+01,6.53673E+01,3.23224E+01,3.23224E+01,4.13134E+01,3.23224E+01,6.53673E+01,3.23224E+01,1.66768E+01,6.53673E+01,6.53673E+01,4.13134E+01,6.53673E+01,6.53673E+01,3.23224E+01,7.40949E+01,3.23224E+01,6.53673E+01,6.53673E+01,6.53673E+01,3.76629E+00,6.41451E-01,3.23224E+01,3.23224E+01,3.23224E+01,6.53673E+01,6.53673E+01,4.13134E+01,3.23224E+01,1.58764E+01,1.55833E+01,6.53673E+01,6.53673E+01,4.71242E+00 
#t = 1.008E+03
6.53673E+01,6.53673E+01,3.23224E+01,1.58764E+01,6.53673E+01,3.23224E+01,3.23224E+01,4.13134E+01,3.23224E+01,6.53673E+01,3.23224E+01,1.55833E+01,6.53673E+01,1.21091E+01,3.23224E+01,6.53673E+01,6.53673E+01,6.53673E+01,3.23224E+01,6.53673E+01,3.23224E+01,3.23224E+01,6.53673E+01,3.23224E+01,3.23224E+01,6.53673E+01,3.23224E+01,3.23224E+01,3.23224E+01,3.23224E+01,3.23224E+01,6.53673E+01,3.23224E+01,3.23224E+01,6.53673E+01,6.53673E+01,1.55833E+01,1.55833E+01 
#t = 1.050E+03
3.23224E+01,3.23224E+01,3.23224E+01,3.23224E+01,6.53673E+01,3.23224E+01,6.53673E+01,3.23224E+01,6.53673E+01,3.23224E+01,3.23224E+01,6.53673E+01,3.23224E+01,3.23224E+01,1.27223E+01,3.23224E+01,8.46376E+00,6.53673E+01,6.34726E+00,5.69615E-01,3.23224E+01,2.31093E-01,6.53673E+01,6.53673E+01 
#t = 1.092E+03
6.53673E+01,3.23224E+01,3.23224E+01,3.23224E+01,3.23224E+01,3.23224E+01,6.53673E+01,6.53673E+01,3.23224E+01,6.53673E+01,6.53673E+01,3.23224E+01,6.53673E+01,3.23224E+01,3.23224E+01,3.23224E+01,3.23224E+01,6.53673E+01,6.53673E+01,3.23224E+01,6.53673E+01,6.53673E+01,3.23224E+01,3.23224E+01,6.53673E+01,4.93910E+00,1.01761E+01,6.53673E+01,7.74850E-01,6.53673E+01,6.53673E+01,3.23224E+01,6.53673E+01,4.15999E-01,3.23224E+01,3.23224E+01,3.23224E+01,1.63742E+00 
#t = 1.134E+03
3.23224E+01,6.53673E+01,6.53673E+01,3.23224E+01,6.53673E+01,3.23224E+01,6.53673E+01,6.53673E+01,6.53673E+01,3.23224E+01,6.53673E+01,6.53673E+01,6.53673E+01,6.53673E+01,3.23224E+01,6.53673E+01,6.53673E+01,6.53673E+01,6.53673E+01,6.53673E+01,6.53673E+01,6.53673E+01,6.53673E+01,3.23224E+01,6.53673E+01,6.53673E+01,6.53673E+01,6.53673E+01,6.53673E+01,3.23224E+01,6.53673E+01,3.23224E+01,6.53673E+01,6.53673E+01,6.53673E+01,6.53673E+01,6.53673E+01,6.53673E+01,3.23224E+01,6.53673E+01,9.61610E-01,4.61799E+00,5.07190E-01 
#t = 1.176E+03
6.53673E+01,6.53673E+01,6.53673E+01,6.53673E+01,6.53673E+01,3.23224E+01,6.53673E+01,6.53673E+01,6.53673E+01,6.53673E+01,6.53673E+01,3.23224E+01,6.53673E+01,6.53673E+01,6.53673E+01,6.53673E+01,6.53673E+01,6.53673E+01,6.53673E+01,6.53673E+01,6.53673E+01,6.53673E+01,3.81637E+01,6.53673E+01,6.53673E+01,6.53673E+01,6.53673E+01,6.53673E+01,6.53673E+01,6.53673E+01,6.53673E+01,6.53673E+01,6.53673E+01,6.53673E+01,6.53673E+01,6.53673E+01,6.53673E+01,6.53673E+01,6.53673E+01,3.23224E+01,3.23224E+01,6.53673E+01,6.53673E+01,6.53673E+01,9.09906E+00,6.53673E+01,3.23224E+01,6.53673E+01,6.53673E+01,1.28713E-01,6.49441E-01,3.23224E+01 
#t = 1.218E+03
6.53673E+01,6.53673E+01,6.53673E+01,6.53673E+01,6.53673E+01,6.53673E+01,6.53673E+01,6.53673E+01,6.53673E+01,6.53673E+01,6.53673E+01,6.53673E+01,6.53673E+01,6.53673E+01,6.53673E+01,6.53673E+01,6.53673E+01,6.53673E+01,6.53673E+01,6.53673E+01,6.53673E+01,2.45827E+00,6.53673E+01,6.53673E+01,6.53673E+01,6.53673E+01,6.53673E+01,6.53673E+01,6.53673E+01,6.53673E+01,6.53673E+01,6.53673E+01,6.53673E+01,6.53673E+01,6.53673E+01,2.45295E+00,6.53673E+01,6.53673E+01,6.53673E+01,6.53673E+01,2.36379E+00,6.53673E+01,6.53673E+01,6.53673E+01 
#t = 1.260E+03
6.53673E+01,6.53673E+01,6.53673E+01,6.53673E+01,6.53673E+01,6.53673E+01,6.53673E+01,6.53673E+01,6.53673E+01,6.53673E+01,6.53673E+01,6.53673E+01,6.53673E+01,6.53673E+01,6.53673E+01,6.53673E+01,6.53673E+01,6.53673E+01,6.53673E+01,6.53673E+01,6.53673E+01,6.53673E+01,6.53673E+01,6.53673E+01,6.53673E+01,6.53673E+01,6.53673E+01,6.53673E+01,9.35169E+00,6.53673E+01,6.53673E+01,6.53673E+01,6.53673E+01,6.53673E+01,6.53673E+01,6.53673E+01,6.53673E+01,6.53673E+01,6.53673E+01,6.53673E+01,6.53673E+01,6.53673E+01,6.53673E+01,6.53673E+01,8.68984E-01 
#t = 1.302E+03
6.53673E+01,6.53673E+01,6.53673E+01,6.53673E+01,6.53673E+01,6.53673E+01,6.53673E+01,6.53673E+01,6.53673E+01,6.53673E+01,6.53673E+01,6.53673E+01,6.53673E+01,6.53673E+01,6.53673E+01,6.53673E+01,6.53673E+01,6.53673E+01,6.53673E+01,6.53673E+01,6.53673E+01,6.53673E+01,6.53673E+01,6.53673E+01,6.53673E+01,6.53673E+01,6.53673E+01,6.53673E+01,1.18325E+01,6.53673E+01,6.53673E+01,6.53673E+01,6.53673E+01,6.53673E+01,6.53673E+01,6.53673E+01,6.53673E+01,6.53673E+01,6.53673E+01,6.53673E+01,6.15439E+01,6.53673E+01,6.53673E+01,6.53673E+01,6.53673E+01,6.53673E+01,6.53673E+01 
#t = 1.344E+03
6.53673E+01,6.53673E+01,6.53673E+01,1.18325E+01,6.53673E+01,6.53673E+01,6.53673E+01,1.18325E+01,6.53673E+01,1.18325E+01,6.53673E+01,6.53673E+01,6.53673E+01,6.53673E+01,6.53673E+01,1.18325E+01,6.53673E+01,6.53673E+01,6.53673E+01,1.18325E+01,6.53673E+01,6.53673E+01,6.53673E+01,6.53673E+01,6.53673E+01,1.18325E+01,6.53673E+01,6.53673E+01,6.53673E+01,1.29286E-01,6.53673E+01,6.53673E+01,6.53673E+01,6.53673E+01,6.53673E+01,1.18325E+01,6.53673E+01,1.18325E+01,6.53673E+01,6.53673E+01,1.75405E+00,6.53673E+01,1.18325E+01 
#t = 1.386E+03
6.53673E+01,6.53673E+01,6.53673E+01,1.18325E+01,6.53673E+01,6.53673E+01,6.53673E+01,6.53673E+01,6.53673E+01,6.53673E+01,1.18325E+01,1.66880E+01,6.53673E+01,6.53673E+01,6.53673E+01,6.53673E+01,6.53673E+01,6.53673E+01,6.53673E+01,6.53673E+01,6.53673E+01,6.53673E+01,6.53673E+01,6.53673E+01,6.53673E+01,6.53673E+01,1.01415E+01,6.53673E+01,6.53673E+01,6.53673E+01,4.94035E-01,6.53673E+01,6.53673E+01,5.54720E+00,6.53673E+01,6.53673E+01,6.53673E+01,6.53673E+01,6.53673E+01,1.78299E+00,6.53673E+01,6.53673E+01,6.53673E+01 
#t = 1.428E+03
6.53673E+01,6.53673E+01,6.53673E+01,6.53673E+01,6.53673E+01,6.53673E+01,6.53673E+01,6.53673E+01,6.53673E+01,6.53673E+01,1.06521E+01,6.53673E+01,6.53673E+01,6.53673E+01,1.18325E+01,6.53673E+01,1.18325E+01,6.53673E+01,6.53673E+01,6.53673E+01,1.18325E+01,6.53673E+01,6.53673E+01,6.53673E+01,6.53673E+01,6.53673E+01,6.53673E+01,6.53673E+01,6.53673E+01,1.85562E+00,6.53673E+01,6.53673E+01,6.53673E+01,1.18325E+01,6.53673E+01 
#t = 1.470E+03
6.53673E+01,6.53673E+01,6.53673E+01,6.53673E+01,6.53673E+01,6.53673E+01,6.53673E+01,6.53673E+01,6.53673E+01,6.53673E+01,6.53673E+01,1.07871E+01,6.53673E+01,6.53673E+01,6.53673E+01,6.53673E+01,6.53673E+01,6.53673E+01,6.53673E+01,6.53673E+01,6.53673E+01,6.53673E+01,6.53673E+01,1.18692E+00,6.53673E+01,6.53673E+01,6.53673E+01,6.53673E+01,6.53673E+01,6.53673E+01,6.53673E+01,6.53673E+01,6.53673E+01,6.53673E+01,6.53673E+01,6.53673E+01,1.07871E+01,6.53673E+01,4.47980E-01,6.53673E+01,6.53673E+01,6.53673E+01,6.53673E+01,6.53673E+01,6.53673E+01 
#t = 1.512E+03
6.53673E+01,6.53673E+01,6.53673E+01,1.69272E+01,6.53673E+01,6.53673E+01,6.53673E+01,6.53673E+01,6.53673E+01,6.53673E+01,6.53673E+01,6.53673E+01,6.53673E+01,6.53673E+01,6.53673E+01,1.69272E+01,6.53673E+01,6.53673E+01,6.53673E+01,6.53673E+01,6.53673E+01,6.53673E+01,6.53673E+01,1.15335E+01,6.53673E+01,6.53673E+01,6.53673E+01,6.53673E+01,6.53673E+01,6.53673E+01,6.53673E+01,6.53673E+01,6.53673E+01,6.53673E+01,6.53673E+01,6.53673E+01,1.69272E+01,6.53673E+01,6.53673E+01,6.53673E+01,2.15778E-01,6.53673E+01 
#t = 1.554E+03
6.53673E+01,6.53673E+01,6.53673E+01,6.53673E+01,6.53673E+01,6.53673E+01,6.53673E+01,6.53673E+01,6.53673E+01,6.53673E+01,6.53673E+01,6.53673E+01,6.53673E+01,6.53673E+01,6.53673E+01,6.53673E+01,6.53673E+01,6.53673E+01,6.53673E+01,6.53673E+01,2.03647E+01,6.53673E+01,6.53673E+01,6.53673E+01,6.53673E+01,6.53673E+01,1.69272E+01,6.53673E+01,6.53673E+01,6.53673E+01,6.53673E+01,6.53673E+01,6.53673E+01,6.53673E+01,6.53673E+01,6.53673E+01,1.76693E+00,6.53673E+01,6.53673E+01,6.53673E+01,6.53673E+01,6.53673E+01,6.53673E+01,6.53673E+01,6.53673E+01,8.99586E-01 
#t = 1.596E+03
6.53673E+01,6.53673E+01,6.53673E+01,6.53673E+01,6.53673E+01,6.53673E+01,6.53673E+01,6.53673E+01,6.53673E+01,6.53673E+01,9.60595E+00,6.53673E+01,6.53673E+01,6.53673E+01,6.53673E+01,6.53673E+01,6.53673E+01,6.53673E+01,6.53673E+01,6.53673E+01,6.53673E+01,6.53673E+01,6.53673E+01,6.53673E+01,6.53673E+01,6.53673E+01,6.53673E+01,6.53673E+01,6.53673E+01,6.53673E+01,6.53673E+01,6.53673E+01,6.53673E+01,6.53673E+01,6.53673E+01,6.53673E+01,6.53673E+01,6.53673E+01 
#t = 1.638E+03
6.53673E+01,6.53673E+01,6.53673E+01,6.53673E+01,6.53673E+01,6.53673E+01,6.53673E+01,6.53673E+01,6.53673E+01,6.53673E+01,6.53673E+01,1.30681E+01,6.53673E+01,6.53673E+01,6.53673E+01,6.53673E+01,6.53673E+01,6.53673E+01,6.53673E+01,6.53673E+01,6.53673E+01,1.30681E+01,6.53673E+01,6.53673E+01,6.53673E+01,6.53673E+01,6.53673E+01,6.53673E+01,3.12986E+00,6.53673E+01,6.53673E+01,6.53673E+01,6.53673E+01,6.53673E+01,6.53673E+01,6.53673E+01 
#t = 1.680E+03
6.53673E+01,6.53673E+01,6.53673E+01,6.53673E+01,6.53673E+01,6.53673E+01,6.53673E+01,6.53673E+01,6.53673E+01,6.53673E+01,6.53673E+01,6.53673E+01,6.53673E+01,5.66200E+01,6.53673E+01,6.53673E+01,6.53673E+01,8.18107E+00,6.53673E+01,6.53673E+01,5.66200E+01,6.53673E+01,4.76971E-01,6.53673E+01,6.53673E+01,6.53673E+01,6.53673E+01,3.19293E+00,6.53673E+01,5.87327E+00,5.66200E+01,6.53673E+01,5.66200E+01,1.07943E-01,6.53673E+01,6.53673E+01,6.53673E+01,6.53673E+01,6.53673E+01,6.53673E+01 
#t = 1.722E+03
6.53673E+01,6.53673E+01,6.53673E+01,6.53673E+01,6.53673E+01,1.77142E+01,6.53673E+01,6.53673E+01,6.53673E+01,6.53673E+01,6.53673E+01,6.53673E+01,6.53673E+01,6.53673E+01,6.53673E+01,6.53673E+01,6.53673E+01,1.77142E+01,2.30384E+01,6.53673E+01,6.53673E+01,6.53673E+01,6.53673E+01,6.53673E+01,6.53673E+01,6.53673E+01,6.53673E+01,6.53673E+01,6.53673E+01,6.53673E+01,6.53673E+01,1.77142E+01,6.53673E+01,1.38424E+01,2.25985E+00,6.53673E+01,6.53673E+01,6.53673E+01,1.43046E+01,6.53673E+01,2.30384E+01,6.53673E+01,6.53673E+01,1.75362E-01 
#t = 1.764E+03
6.53673E+01,6.53673E+01,6.53673E+01,6.53673E+01,6.53673E+01,6.53673E+01,6.53673E+01,6.53673E+01,6.53673E+01,6.53673E+01,6.53673E+01,6.53673E+01,1.20597E+01,6.53673E+01,6.53673E+01,6.53673E+01,6.53673E+01,6.53673E+01,6.53673E+01,6.53673E+01,6.53673E+01,6.53673E+01,6.53673E+01,6.53673E+01,6.53673E+01,6.53673E+01,6.53673E+01,6.53673E+01,6.53673E+01,6.53673E+01,6.53673E+01,1.20597E+01,6.53673E+01,6.53673E+01,3.27138E+01,6.53673E+01,6.61055E-02,3.27138E+01,6.53673E+01,2.60743E+00,6.53673E+01,6.53673E+01,6.53673E+01,6.53673E+01,6.53673E+01,4.61257E-02,3.71600E+00 
#t = 1.806E+03
6.53673E+01,6.53673E+01,6.53673E+01,6.53673E+01,6.53673E+01,6.53673E+01,6.53673E+01,6.53673E+01,6.53673E+01,6.53673E+01,6.53673E+01,6.53673E+01,6.53673E+01,6.53673E+01,6.53673E+01,6.53673E+01,6.53673E+01,6.53673E+01,6.53673E+01,6.53673E+01,6.53673E+01,2.19159E+00,6.53673E+01,6.53673E+01,6.53673E+01,6.53673E+01,6.53673E+01,6.53673E+01,6.53673E+01,6.53673E+01,6.53673E+01,6.53673E+01,6.53673E+01,6.53673E+01,6.53673E+01,6.53673E+01,6.53673E+01,6.53673E+01,6.53673E+01,6.53673E+01,6.53673E+01,6.53673E+01 
#t = 1.848E+03
6.53673E+01,6.53673E+01,6.53673E+01,6.53673E+01,6.53673E+01,6.53673E+01,6.53673E+01,6.53673E+01,6.53673E+01,6.53673E+01,6.53673E+01,6.53673E+01,6.53673E+01,6.53673E+01,6.53673E+01,6.53673E+01,6.53673E+01,6.53673E+01,6.53673E+01,6.53673E+01,6.53673E+01,6.53673E+01,6.53673E+01,6.53673E+01,6.53673E+01,6.53673E+01,6.53673E+01,6.53673E+01,6.53673E+01,6.53673E+01,3.51894E-01,6.53673E+01,6.53673E+01,6.53673E+01,6.53673E+01,5.63012E-01,6.53673E+01,6.53673E+01,6.53673E+01,6.53673E+01 
#t = 1.890E+03
6.53673E+01,6.53673E+01,6.53673E+01,6.53673E+01,6.53673E+01,6.53673E+01,6.53673E+01,6.53673E+01,6.53673E+01,6.53673E+01,6.53673E+01,6.53673E+01,6.53673E+01,6.53673E+01,6.53673E+01,6.53673E+01,6.53673E+01,6.53673E+01,6.53673E+01,6.53673E+01,6.53673E+01,6.53673E+01,6.53673E+01,6.53673E+01,6.53673E+01,6.53673E+01,6.53673E+01,6.53673E+01 
#t = 1.932E+03
6.53673E+01,6.53673E+01,6.53673E+01,6.53673E+01,6.53673E+01,6.53673E+01,6.53673E+01,6.53673E+01,6.53673E+01,6.53673E+01,6.53673E+01,6.53673E+01,6.53673E+01,6.53673E+01,6.53673E+01,6.53673E+01,6.53673E+01,6.53673E+01,6.53673E+01,6.53673E+01,6.53673E+01,6.53673E+01,6.53673E+01,6.53673E+01,6.53673E+01,6.53673E+01,6.53673E+01,6.53673E+01,6.53673E+01,6.53673E+01,3.51499E+01,6.53673E+01,6.53673E+01,6.53673E+01,6.53673E+01,1.65231E+01,6.53673E+01,6.53673E+01,6.53673E+01,6.53673E+01,6.53673E+01,1.65231E+01,6.53673E+01,6.53673E+01,3.82118E-01,6.53673E+01,6.53673E+01,6.53673E+01,6.53673E+01,6.53673E+01,6.53673E+01,6.53673E+01,6.53673E+01,6.53673E+01 
#t = 1.974E+03
6.53673E+01,6.53673E+01,6.53673E+01,6.53673E+01,6.53673E+01,6.53673E+01,6.53673E+01,6.53673E+01,6.53673E+01,3.51499E+01,6.53673E+01,6.53673E+01,6.53673E+01,3.51499E+01,6.53673E+01,6.53673E+01,6.53673E+01,6.53673E+01,6.53673E+01,6.53673E+01,6.53673E+01,6.53673E+01,6.53673E+01,1.65231E+01,6.53673E+01,6.53673E+01,6.53673E+01,6.53673E+01,6.53673E+01,3.34247E+01,6.53673E+01,6.53673E+01,3.51499E+01,6.53673E+01,1.65231E+01,6.53673E+01,3.51499E+01,1.65231E+01,3.51499E+01,9.63229E+00,3.34247E+01,6.53673E+01,6.53673E+01,6.53673E+01,3.44507E-01,6.53673E+01,6.53673E+01,3.34247E+01,6.53673E+01,6.53673E+01 
#t = 2.016E+03
6.53673E+01,6.53673E+01,6.53673E+01,6.53673E+01,6.53673E+01,1.65231E+01,6.53673E+01,6.53673E+01,6.53673E+01,3.34247E+01,6.53673E+01,3.34247E+01,1.65231E+01,6.53673E+01,3.51499E+01,6.53673E+01,1.65231E+01,6.53673E+01,6.53673E+01,9.28414E+00,6.53673E+01,6.53673E+01,6.53673E+01,6.53673E+01,6.53673E+01,6.53673E+01,6.53673E+01,6.53673E+01,6.53673E+01,6.53673E+01,6.53673E+01,6.53673E+01,6.53673E+01,6.53673E+01,6.53673E+01,6.53673E+01,6.53673E+01,5.35546E+00,7.85053E-02,6.53673E+01,6.53673E+01,6.53673E+01,6.53673E+01,6.53673E+01,6.53673E+01 
#t = 2.058E+03
6.53673E+01,6.53673E+01,6.53673E+01,6.53673E+01,6.53673E+01,6.53673E+01,6.53673E+01,3.34247E+01,6.53673E+01,6.53673E+01,6.53673E+01,6.53673E+01,6.53673E+01,6.53673E+01,6.53673E+01,6.53673E+01,6.53673E+01,6.53673E+01,6.53673E+01,1.27767E+00,6.53673E+01 
#t = 2.100E+03
6.53673E+01,6.53673E+01,6.53673E+01,6.53673E+01,6.53673E+01,6.53673E+01,6.53673E+01,6.53673E+01,6.53673E+01,6.53673E+01,6.53673E+01,6.53673E+01,6.53673E+01,6.53673E+01,6.53673E+01,6.53673E+01,6.53673E+01,6.53673E+01,6.53673E+01,6.53673E+01,6.53673E+01,6.53673E+01,6.53673E+01,6.53673E+01,2.97664E+01,6.53673E+01,6.53673E+01,6.53673E+01,6.53673E+01,6.53673E+01,6.53673E+01,6.53673E+01,6.53673E+01,6.53673E+01,6.53673E+01,6.53673E+01,6.53673E+01,6.53673E+01,8.18485E+00,6.53673E+01,1.83064E+01,3.66434E-01,3.66930E+00,6.53673E+01,6.53673E+01,6.53673E+01 
#t = 2.142E+03
6.53673E+01,6.53673E+01,6.53673E+01,6.53673E+01,6.53673E+01,6.53673E+01,6.53673E+01,6.53673E+01,6.53673E+01,6.53673E+01,6.53673E+01,6.53673E+01,6.53673E+01,6.53673E+01,6.53673E+01,6.53673E+01,6.53673E+01,2.97664E+01,6.53673E+01,9.96147E+00,6.53673E+01,6.53673E+01,6.53673E+01,6.53673E+01,6.53673E+01,6.53673E+01,6.53673E+01,6.53673E+01,6.53673E+01,6.53673E+01,6.53673E+01,6.53673E+01,6.53673E+01,6.53673E+01,6.53673E+01,6.53673E+01,2.97664E+01,6.53673E+01,6.53673E+01,6.53673E+01,6.53673E+01,6.53673E+01,5.03626E-01 
#t = 2.184E+03
6.53673E+01,6.53673E+01,6.53673E+01,6.53673E+01,6.53673E+01,2.97664E+01,6.53673E+01,6.53673E+01,1.21315E+01,6.53673E+01,6.53673E+01,6.53673E+01,6.53673E+01,6.53673E+01,6.53673E+01,6.53673E+01,6.53673E+01,2.97664E+01,6.53673E+01,6.53673E+01,6.53673E+01,6.53673E+01,6.53673E+01,6.53673E+01,1.19316E+01,2.97664E+01,6.53673E+01,1.21315E+01,6.53673E+01,2.97664E+01,6.53673E+01,1.68560E-01,2.97664E+01,6.53673E+01,6.53673E+01,6.53673E+01,6.53673E+01,2.97664E+01,6.53673E+01,2.97664E+01,1.21315E+01,1.21315E+01,6.53673E+01,6.53673E+01,2.97664E+01,2.97664E+01,6.53673E+01,6.01765E-01 
#t = 2.226E+03
6.53673E+01,2.97664E+01,6.53673E+01,6.53673E+01,6.53673E+01,6.53673E+01,6.53673E+01,6.53673E+01,6.53673E+01,6.53673E+01,8.93078E+00,6.53673E+01,6.53673E+01,6.53673E+01,6.53673E+01,6.53673E+01,6.53673E+01,6.53673E+01,6.53673E+01,1.21315E+01,6.53673E+01,6.53673E+01,1.15156E+01,1.92182E+00,6.53673E+01,6.53673E+01,6.53673E+01,6.53673E+01,6.53673E+01,6.53673E+01,6.53673E+01,2.97664E+01,6.53673E+01,1.34814E-01,6.53673E+01,6.53673E+01,6.53673E+01,6.53673E+01,6.53673E+01,3.93433E+00,2.37802E-02 
#t = 2.268E+03
6.53673E+01,6.53673E+01,6.53673E+01,6.53673E+01,6.53673E+01,6.53673E+01,1.05499E+01,6.53673E+01,6.53673E+01,1.44588E+02,6.53673E+01,6.53673E+01,6.53673E+01,6.53673E+01,6.53673E+01,6.53673E+01,6.53673E+01,6.53673E+01,6.53673E+01,6.53673E+01,6.53673E+01,6.53673E+01,6.53673E+01,6.53673E+01,6.53673E+01,6.53673E+01,6.53673E+01,6.53673E+01,6.53673E+01,6.53673E+01,6.53673E+01,6.53673E+01,1.44588E+02,6.53673E+01,6.53673E+01,6.53673E+01,6.53673E+01,4.13185E+00,6.53673E+01,6.53673E+01,6.53673E+01,2.42237E+00,6.53673E+01,6.53673E+01 
#t = 2.310E+03
6.53673E+01,6.53673E+01,6.53673E+01,6.53673E+01,6.53673E+01,6.53673E+01,6.53673E+01,6.53673E+01,6.53673E+01,6.53673E+01,6.53673E+01,6.53673E+01,6.53673E+01,6.53673E+01,6.53673E+01,6.53673E+01,6.53673E+01,6.53673E+01,6.53673E+01,6.53673E+01,6.53673E+01,6.53673E+01,6.53673E+01,6.53673E+01,6.53673E+01,6.53673E+01,6.53673E+01,6.53673E+01,6.53673E+01,6.53673E+01,6.53673E+01,6.53673E+01,6.53673E+01,6.53673E+01,6.53673E+01,6.53673E+01,6.53673E+01 
#t = 2.352E+03
6.53673E+01,6.53673E+01,6.53673E+01,6.53673E+01,6.53673E+01,6.53673E+01,6.53673E+01,6.53673E+01,6.53673E+01,6.53673E+01,6.53673E+01,6.53673E+01,1.12021E+01,6.53673E+01,6.53673E+01,6.53673E+01,1.42799E+01,6.53673E+01,6.53673E+01,6.53673E+01,6.53673E+01,6.53673E+01,6.53673E+01,6.53673E+01,6.53673E+01,6.53673E+01,6.53673E+01,6.53673E+01,6.53673E+01,6.53673E+01,6.53673E+01,6.53673E+01,6.53673E+01,6.53673E+01,6.53673E+01,6.53673E+01,1.42799E+01,6.53673E+01,6.53673E+01,1.88550E-01,6.53673E+01,6.53673E+01,6.53673E+01,6.53673E+01,6.53673E+01,6.53673E+01,6.53673E+01 
#t = 2.394E+03
6.53673E+01,6.53673E+01,6.53673E+01,6.53673E+01,6.53673E+01,6.53673E+01,6.53673E+01,6.53673E+01,6.53673E+01,6.53673E+01,6.53673E+01,6.53673E+01,6.53673E+01,6.53673E+01,6.53673E+01,6.53673E+01,6.53673E+01,6.53673E+01,6.53673E+01,6.53673E+01,6.53673E+01,6.53673E+01,6.53673E+01,6.53673E+01,6.53673E+01,6.53673E+01,6.53673E+01,6.53673E+01,6.53673E+01,6.53673E+01,6.53673E+01,6.53673E+01,1.42799E+01,6.53673E+01,1.42799E+01,6.53673E+01,6.53673E+01,6.53673E+01,6.53673E+01,6.53673E+01,6.53673E+01,6.53673E+01,6.53673E+01,4.66922E-01,6.53673E+01,6.48738E+00 
#t = 2.436E+03
6.53673E+01,6.53673E+01,6.53673E+01,6.53673E+01,6.53673E+01,6.53673E+01,6.53673E+01,6.53673E+01,6.53673E+01,6.53673E+01,6.53673E+01,1.42799E+01,6.53673E+01,6.53673E+01,6.53673E+01,6.53673E+01,6.53673E+01,6.53673E+01,6.53673E+01,6.53673E+01,6.53673E+01,1.42799E+01,6.53673E+01,6.53673E+01,6.53673E+01,6.53673E+01,6.53673E+01,6.53673E+01,6.53673E+01,6.53673E+01,6.53673E+01,6.53673E+01,6.53673E+01,6.53673E+01,6.53673E+01,6.53673E+01,6.53673E+01,6.53673E+01,6.53673E+01,6.53673E+01,6.53673E+01,1.29786E+00 
#t = 2.478E+03
6.53673E+01,6.53673E+01,6.53673E+01,6.53673E+01,6.53673E+01,6.53673E+01,6.53673E+01,6.53673E+01,6.53673E+01,6.53673E+01,6.53673E+01,6.53673E+01,6.53673E+01,6.53673E+01,6.53673E+01,6.53673E+01,6.53673E+01,6.53673E+01,6.53673E+01,6.53673E+01,6.53673E+01,6.53673E+01,5.27696E+00,6.53673E+01,6.53673E+01,6.53673E+01,6.53673E+01,6.53673E+01,6.53673E+01,6.53673E+01,6.53673E+01,6.53673E+01,6.53673E+01,6.53673E+01,6.53673E+01,1.57346E+01,6.53673E+01,6.53673E+01,6.53673E+01,1.57346E+01,6.53673E+01 
#t = 2.520E+03
6.53673E+01,6.53673E+01,6.53673E+01,6.53673E+01,6.53673E+01,6.53673E+01,6.53673E+01,6.53673E+01,1.57346E+01,6.53673E+01,6.53673E+01,6.53673E+01,6.53673E+01,6.53673E+01,6.53673E+01,6.53673E+01,6.53673E+01,6.53673E+01,6.53673E+01,6.53673E+01,6.53673E+01,6.53673E+01,6.53673E+01,6.53673E+01,6.53673E+01,6.53673E+01,6.53673E+01,6.53673E+01,6.53673E+01,2.08739E+01,6.53673E+01,2.08739E+01,1.57346E+01,8.22656E-01,7.02121E-01,6.53673E+01,2.47066E-02,6.53673E+01,6.53673E+01,6.53673E+01,6.53673E+01,6.53673E+01,6.53673E+01,5.79509E-01 
#t = 2.562E+03
6.53673E+01,1.57346E+01,6.53673E+01,6.53673E+01,6.53673E+01,2.73692E+01,1.57346E+01,6.53673E+01,6.53673E+01,6.53673E+01,6.53673E+01,6.53673E+01,6.53673E+01,6.53673E+01,6.53673E+01,6.53673E+01,6.53673E+01,6.53673E+01,1.57346E+01,6.53673E+01,6.53673E+01,6.53673E+01,1.57346E+01,6.53673E+01,6.53673E+01,6.53673E+01,6.53673E+01,6.53673E+01,1.57346E+01,6.53673E+01,6.53673E+01,6.53673E+01,6.53673E+01,6.53673E+01,6.53673E+01,2.79362E+01,6.53673E+01,1.57346E+01,6.53673E+01,6.53673E+01,6.53673E+01,6.53673E+01,6.53673E+01,6.53673E+01,6.53673E+01 
#t = 2.604E+03
6.53673E+01,6.53673E+01,2.79362E+01,6.53673E+01,6.53673E+01,6.53673E+01,6.53673E+01,6.53673E+01,6.53673E+01,6.53673E+01,6.53673E+01,6.53673E+01,5.20074E+00,6.53673E+01,6.53673E+01,6.53673E+01,6.53673E+01,6.53673E+01,6.53673E+01,6.53673E+01,6.53673E+01,6.53673E+01,6.53673E+01,6.53673E+01,6.53673E+01,6.53673E+01,6.53673E+01,6.53673E+01,6.53673E+01,6.53673E+01,6.53673E+01,6.53673E+01,6.53673E+01,6.53673E+01,3.36360E-01,6.53673E+01,6.53673E+01,6.53673E+01,6.53673E+01,6.53673E+01 
#t = 2.646E+03
6.53673E+01,6.53673E+01,6.53673E+01,6.53673E+01,6.53673E+01,6.53673E+01,6.53673E+01,6.53673E+01,6.53673E+01,6.53673E+01,6.53673E+01,6.53673E+01,6.53673E+01,6.53673E+01,6.53673E+01,6.53673E+01,6.53673E+01,6.53673E+01,6.53673E+01,6.53673E+01,6.53673E+01,2.79362E+01,6.53673E+01,6.53673E+01,6.53673E+01,6.53673E+01,6.53673E+01,6.53673E+01,6.53673E+01,1.94633E+01,6.53673E+01,6.53673E+01,6.44654E+00,6.53673E+01,6.53673E+01,6.53673E+01,1.94633E+01,6.53673E+01,6.53673E+01,6.53673E+01 
#t = 2.688E+03
6.53673E+01,1.94633E+01,6.53673E+01,6.53673E+01,6.53673E+01,6.53673E+01,6.53673E+01,6.53673E+01,6.53673E+01,6.53673E+01,6.53673E+01,6.53673E+01,6.53673E+01,6.53673E+01,6.53673E+01,6.53673E+01,6.53673E+01,6.53673E+01,6.53673E+01,6.53673E+01,6.53673E+01,6.53673E+01,6.53673E+01,6.53673E+01,6.53673E+01,6.53673E+01,6.53673E+01,6.53673E+01,1.34256E+01,6.53673E+01,6.53673E+01,6.53673E+01,6.53673E+01,6.53673E+01,6.53673E+01,6.53673E+01,6.53673E+01,1.34256E+01,6.53673E+01,2.68070E+01,6.53673E+01,6.53673E+01,6.53673E+01,4.29641E-01 
#t = 2.730E+03
6.53673E+01,6.53673E+01,6.53673E+01,1.34256E+01,1.34256E+01,6.53673E+01,6.53673E+01,6.53673E+01,6.53673E+01,6.53673E+01,6.53673E+01,1.34256E+01,6.53673E+01,6.53673E+01,6.53673E+01,6.53673E+01,6.53673E+01,6.53673E+01,6.53673E+01,6.53673E+01,6.53673E+01,6.53673E+01,6.53673E+01,6.53673E+01,6.53673E+01,1.34256E+01,6.53673E+01,1.54556E+01,6.53673E+01,1.34256E+01,2.71023E+01,6.53673E+01,2.71023E+01,1.34256E+01,6.53673E+01,6.53673E+01,4.06920E+00,7.95447E-01,1.34256E+01,3.59891E+01,6.53673E+01,1.54556E+01,6.53673E+01,6.53673E+01 
#t = 2.772E+03
1.54556E+01,6.53673E+01,2.71023E+01,1.83662E+01,6.53673E+01,6.53673E+01,2.71023E+01,2.71023E+01,6.53673E+01,6.53673E+01,6.53673E+01,6.53673E+01,1.34256E+01,2.69683E+01,6.53673E+01,2.69683E+01,1.34256E+01,6.53673E+01,6.53673E+01,1.83662E+01,6.53673E+01,2.69683E+01,1.54556E+01,2.71023E+01,1.34256E+01,6.53673E+01,1.34256E+01,6.53673E+01,6.53673E+01,1.83662E+01,1.67466E+01,2.69683E+01,6.46900E+00,1.80676E+01,4.76449E+00,6.53673E+01,1.34256E+01,6.53673E+01,1.34256E+01,2.69683E+01,2.69683E+01,1.83662E+01,4.29139E+00,6.53673E+01,6.53673E+01,9.10220E-01 
#t = 2.814E+03
2.71023E+01,1.34256E+01,6.53673E+01,6.53673E+01,2.69683E+01,1.34256E+01,2.69683E+01,6.53673E+01,6.53673E+01,6.53673E+01,2.69683E+01,6.53673E+01,2.71023E+01,6.53673E+01,6.53673E+01,6.53673E+01,6.53673E+01,6.53673E+01,6.53673E+01,6.53673E+01,2.69683E+01,6.53673E+01,1.54556E+01,6.53673E+01,6.53673E+01,6.53673E+01,6.53673E+01,6.53673E+01,1.54556E+01,6.53673E+01,6.53673E+01,2.71023E+01,2.69683E+01,6.53673E+01,2.69683E+01,3.05988E+00,1.54556E+01,2.71023E+01,1.54556E+01,2.69683E+01,1.54556E+01,6.53673E+01,6.53673E+01,6.53673E+01,2.69683E+01,6.53673E+01,6.53673E+01,2.69683E+01,2.69683E+01 
#t = 2.856E+03
2.69683E+01,2.69683E+01,2.71023E+01,1.54556E+01,6.53673E+01,6.53673E+01,6.53673E+01,1.54556E+01,2.69683E+01,2.69683E+01,6.53673E+01,2.71023E+01,6.53673E+01,2.69683E+01,6.53673E+01,6.53673E+01,6.53673E+01,6.53673E+01,6.53673E+01,6.53673E+01,6.53673E+01,6.53673E+01,6.53673E+01,6.53673E+01,6.53673E+01,6.53673E+01,6.53673E+01,3.84260E+00,6.53673E+01,6.53673E+01,6.53673E+01,2.69683E+01 
#t = 2.898E+03
2.71023E+01,2.69683E+01,6.53673E+01,2.69683E+01,6.53673E+01,6.53673E+01,6.53673E+01,6.53673E+01,6.53673E+01,6.53673E+01,6.53673E+01,6.53673E+01,6.53673E+01,6.53673E+01,6.53673E+01,6.53673E+01,6.53673E+01,6.53673E+01,6.53673E+01,2.71023E+01,6.53673E+01,6.53673E+01,6.53673E+01,6.53673E+01,6.53673E+01,6.53673E+01,6.53673E+01,6.53673E+01,8.65623E+00,6.53673E+01,2.69683E+01,6.53673E+01,6.53673E+01,6.53673E+01,6.53673E+01,2.93212E+01,6.53673E+01,6.53673E+01,1.22345E+01,4.92621E-01,6.53673E+01,6.53673E+01,6.53673E+01,6.53673E+01,6.53673E+01,2.93212E+01 
#t = 2.940E+03
6.53673E+01,6.53673E+01,2.93212E+01,2.69683E+01,6.53673E+01,6.53673E+01,6.53673E+01,6.53673E+01,6.53673E+01,9.08829E+00,6.53673E+01,6.53673E+01,6.53673E+01,6.53673E+01,2.69683E+01,6.53673E+01,6.53673E+01,6.53673E+01,6.53673E+01,6.53673E+01,6.53673E+01,6.53673E+01,6.53673E+01,6.53673E+01,6.53673E+01,6.53673E+01,6.53673E+01,2.69683E+01,6.53673E+01,6.53673E+01,2.93212E+01,6.53673E+01,2.93212E+01,2.69683E+01,1.73749E+00,6.53673E+01,6.53673E+01,6.53673E+01,6.53673E+01,2.93212E+01,7.01327E-01,1.22114E+00 
#t = 2.982E+03
6.53673E+01,6.53673E+01,6.53673E+01,6.53673E+01,6.53673E+01,6.53673E+01,6.53673E+01,4.41848E+01,6.53673E+01,6.53673E+01,6.53673E+01,6.53673E+01,6.53673E+01,6.53673E+01,6.53673E+01,6.53673E+01,2.20611E+00,6.53673E+01,6.53673E+01,6.53673E+01,6.53673E+01,6.53673E+01,6.53673E+01,6.53673E+01,6.53673E+01,1.27685E+01,6.53673E+01,6.53673E+01,6.53673E+01,6.53673E+01,6.53673E+01,6.53673E+01,6.53673E+01,3.33888E-01,6.53673E+01,6.53673E+01,6.75895E+00,6.53673E+01,6.53673E+01,3.75848E-01,6.53673E+01,6.53673E+01,6.53673E+01,6.53673E+01,6.53673E+01,3.85947E-01,8.74479E+00 
#t = 3.024E+03
6.53673E+01,6.53673E+01,6.53673E+01,8.74479E+00,6.53673E+01,6.53673E+01,6.53673E+01,6.53673E+01,6.53673E+01,6.53673E+01,6.53673E+01,6.53673E+01,6.53673E+01,6.53673E+01,6.53673E+01,6.53673E+01,6.53673E+01,6.53673E+01,6.53673E+01,6.53673E+01,6.53673E+01,6.53673E+01,6.53673E+01,6.53673E+01,6.53673E+01,6.53673E+01,6.53673E+01,6.53673E+01,6.53673E+01,6.53673E+01,6.53673E+01,1.15840E+02,6.53673E+01,6.53673E+01,6.53673E+01,1.00154E+00,6.53673E+01,6.53673E+01,6.53673E+01,6.53673E+01,3.57619E+00,6.53673E+01,6.53673E+01,6.53673E+01 
#t = 3.066E+03
6.53673E+01,6.53673E+01,6.53673E+01,6.53673E+01,6.53673E+01,6.53673E+01,6.53673E+01,6.53673E+01,6.53673E+01,6.53673E+01,6.53673E+01,6.53673E+01,6.53673E+01,6.53673E+01,6.53673E+01,6.53673E+01,6.53673E+01,6.53673E+01,6.53673E+01,6.53673E+01,6.53673E+01,6.53673E+01,6.53673E+01,6.53673E+01,6.53673E+01,6.53673E+01,6.53673E+01,6.53673E+01,6.53673E+01,6.53673E+01,6.53673E+01,6.53673E+01,6.53673E+01,6.53673E+01,6.53673E+01,6.53673E+01,6.53673E+01,6.53673E+01,6.53673E+01,6.53673E+01,6.53673E+01,6.53673E+01,6.53673E+01,6.53673E+01,6.53673E+01,6.53673E+01,6.53673E+01,2.72312E-01,6.53673E+01,6.53673E+01,6.53673E+01,6.53673E+01 
#t = 3.108E+03
6.53673E+01,6.53673E+01,6.53673E+01,6.53673E+01,6.53673E+01,6.53673E+01,6.53673E+01,6.53673E+01,6.53673E+01,6.53673E+01,6.53673E+01,6.53673E+01,6.53673E+01,6.53673E+01,6.53673E+01,2.83033E+01,6.53673E+01,6.53673E+01,6.53673E+01,6.53673E+01,6.53673E+01,6.53673E+01,6.53673E+01,6.53673E+01,6.53673E+01,6.53673E+01,6.53673E+01,6.53673E+01,6.53673E+01,6.53673E+01,6.53673E+01,6.53673E+01,6.53673E+01,6.53673E+01,6.53673E+01,6.53673E+01,2.83033E+01,6.53673E+01,6.53673E+01,5.29717E+00,6.53673E+01,6.53673E+01,6.53673E+01,6.53673E+01,6.53673E+01,5.14834E+00,6.53673E+01 
#t = 3.150E+03
6.53673E+01,6.53673E+01,6.53673E+01,2.83033E+01,6.53673E+01,6.53673E+01,6.53673E+01,6.53673E+01,6.53673E+01,6.53673E+01,6.53673E+01,6.53673E+01,6.53673E+01,6.53673E+01,6.53673E+01,6.53673E+01,6.53673E+01,6.53673E+01,6.53673E+01,6.53673E+01,6.53673E+01,6.53673E+01,6.53673E+01,6.53673E+01,6.53673E+01,6.53673E+01,6.53673E+01,6.53673E+01,6.53673E+01,6.53673E+01,6.53673E+01,6.53673E+01,6.53673E+01,6.53673E+01,6.53673E+01,7.61745E+00,2.83033E+01,2.83033E+01,6.53673E+01,6.53673E+01,6.53673E+01,3.06616E+00,6.53673E+01,1.08435E+01,6.53673E+01,2.37577E+00 
#t = 3.192E+03
6.53673E+01,6.53673E+01,6.53673E+01,1.08435E+01,6.53673E+01,6.53673E+01,6.53673E+01,2.66660E+01,6.53673E+01,6.53673E+01,6.53673E+01,6.53673E+01,6.53673E+01,6.53673E+01,6.53673E+01,6.53673E+01,6.53673E+01,6.53673E+01,1.42398E+01,6.53673E+01,6.53673E+01,6.53673E+01,2.66660E+01,4.89685E-01,6.53673E+01,6.53673E+01,6.53673E+01,6.53673E+01,6.53673E+01,6.53673E+01,6.53673E+01,6.53673E+01,2.66660E+01,6.53673E+01,6.53673E+01,6.53673E+01,1.14122E-01,6.53673E+01,6.53673E+01,6.53673E+01 
#t = 3.234E+03
6.53673E+01,6.53673E+01,6.53673E+01,6.53673E+01,6.53673E+01,6.53673E+01,6.53673E+01,6.53673E+01,6.53673E+01,6.53673E+01,6.53673E+01,6.53673E+01,6.53673E+01,6.53673E+01,6.53673E+01,6.53673E+01,6.53673E+01,6.53673E+01,6.53673E+01,6.53673E+01,6.53673E+01,6.53673E+01,6.53673E+01,6.53673E+01,6.53673E+01,6.53673E+01,6.53673E+01,6.53673E+01,6.53673E+01,6.53673E+01,6.53673E+01,6.53673E+01,6.53673E+01,6.53673E+01,6.53673E+01,2.72851E+00,6.53673E+01,6.53673E+01,6.53673E+01,6.53673E+01,6.53673E+01,6.53673E+01 
#t = 3.276E+03
6.53673E+01,6.53673E+01,6.53673E+01,6.53673E+01,6.53673E+01,6.53673E+01,6.53673E+01,6.53673E+01,6.53673E+01,6.53673E+01,6.53673E+01,6.53673E+01,6.53673E+01,6.53673E+01,6.53673E+01,6.53673E+01,6.53673E+01,6.53673E+01,6.53673E+01,1.58448E+01,6.53673E+01,6.53673E+01,1.58448E+01,6.53673E+01,6.53673E+01,6.53673E+01,5.52920E+00,6.53673E+01,6.53673E+01,6.53673E+01,6.53673E+01,6.53673E+01,6.53673E+01,6.53673E+01,6.53673E+01,6.53673E+01,6.53673E+01,6.53673E+01,6.53673E+01,6.53673E+01,6.53673E+01,6.53673E+01,6.53673E+01,6.53673E+01,6.53673E+01,6.53673E+01,6.53673E+01,7.45373E-01,3.85237E+00 
#t = 3.318E+03
6.53673E+01,6.53673E+01,6.53673E+01,6.53673E+01,6.53673E+01,6.53673E+01,6.53673E+01,6.53673E+01,6.53673E+01,6.53673E+01,6.53673E+01,6.53673E+01,6.53673E+01,6.53673E+01,6.53673E+01,6.53673E+01,6.53673E+01,6.53673E+01,6.53673E+01,6.53673E+01,6.53673E+01,6.53673E+01,6.53673E+01,6.53673E+01,6.53673E+01,6.53673E+01,6.53673E+01,6.53673E+01,6.53673E+01,7.30014E+00,6.53673E+01,6.53673E+01,6.53673E+01,6.53673E+01,6.53673E+01,6.53673E+01,6.53673E+01 
#t = 3.360E+03
6.53673E+01,6.53673E+01,6.53673E+01,6.53673E+01,6.53673E+01,6.53673E+01,6.53673E+01,6.53673E+01,6.53673E+01,6.53673E+01,6.53673E+01,6.53673E+01,6.53673E+01,6.53673E+01,6.53673E+01,6.53673E+01,6.53673E+01,6.53673E+01,6.53673E+01,6.53673E+01,6.53673E+01,6.53673E+01,6.53673E+01,6.84425E+00,6.53673E+01,6.53673E+01,6.53673E+01,6.53673E+01,6.53673E+01,1.29528E+01,6.53673E+01,6.53673E+01,6.53673E+01 
#t = 3.402E+03
6.53673E+01,6.53673E+01,6.53673E+01,6.53673E+01,6.53673E+01,6.53673E+01,6.53673E+01,6.53673E+01,6.53673E+01,6.53673E+01,6.53673E+01,6.53673E+01,6.53673E+01,6.53673E+01,6.53673E+01,9.76352E+00,6.53673E+01,6.53673E+01,6.53673E+01,6.53673E+01,6.53673E+01,6.53673E+01,6.53673E+01,6.53673E+01,6.53673E+01,6.53673E+01,6.53673E+01,6.53673E+01,6.53673E+01,6.53673E+01,6.53673E+01,1.28690E+01,2.83497E+00,6.53673E+01,6.53673E+01,6.53673E+01,6.53673E+01,6.53673E+01,6.53673E+01,6.53673E+01,6.53673E+01,6.53673E+01,6.53673E+01,6.53673E+01,3.89481E-01 
#t = 3.444E+03
6.53673E+01,6.53673E+01,6.53673E+01,6.53673E+01,6.53673E+01,6.53673E+01,6.53673E+01,1.28690E+01,6.53673E+01,6.53673E+01,6.53673E+01,6.53673E+01,6.53673E+01,6.53673E+01,6.53673E+01,6.53673E+01,6.53673E+01,6.53673E+01,6.53673E+01,6.53673E+01,1.12393E+01,6.53673E+01,6.53673E+01,6.53673E+01,6.53673E+01,4.90849E+00,6.53673E+01,6.53673E+01,6.53673E+01,6.53673E+01,6.53673E+01,6.53673E+01,6.53673E+01,6.53673E+01,6.53673E+01,3.66953E+00,6.53673E+01,6.53673E+01 
#t = 3.486E+03
6.53673E+01,6.53673E+01,1.28690E+01,6.53673E+01,6.53673E+01,6.53673E+01,6.53673E+01,6.53673E+01,6.53673E+01,6.53673E+01,6.53673E+01,6.53673E+01,6.53673E+01,6.53673E+01,1.27660E+01,6.53673E+01,6.53673E+01,6.53673E+01,6.53673E+01,6.53673E+01,6.53673E+01,6.53673E+01,6.53673E+01,6.53673E+01,6.53673E+01,6.53673E+01,6.53673E+01,6.53673E+01,6.53673E+01,6.53673E+01,6.53673E+01,6.53673E+01,8.67197E-01,6.53673E+01,6.53673E+01,6.53673E+01,6.53673E+01,6.53673E+01,6.53673E+01,6.53673E+01,6.53673E+01,6.53673E+01,6.53673E+01,6.53673E+01,6.53673E+01,6.53673E+01,6.53673E+01,6.53673E+01,6.53673E+01,7.30933E+00,6.53673E+01,3.75281E+00 
#t = 3.528E+03
6.53673E+01,6.53673E+01,6.53673E+01,6.53673E+01,6.53673E+01,6.53673E+01,6.53673E+01,6.53673E+01,6.53673E+01,6.53673E+01,6.53673E+01,6.53673E+01,6.53673E+01,6.53673E+01,6.53673E+01,6.53673E+01,6.53673E+01,6.53673E+01,6.53673E+01,6.53673E+01,6.53673E+01,6.53673E+01,6.53673E+01,6.53673E+01,6.53673E+01,6.53673E+01,6.53673E+01,6.53673E+01,6.53673E+01,6.53673E+01,6.53673E+01,2.03116E+01,6.53673E+01,6.53673E+01,1.21517E-01,6.53673E+01,6.53673E+01,6.53673E+01,6.53673E+01,6.53673E+01,6.53673E+01,6.53673E+01,6.53673E+01,6.53673E+01,1.57235E+00,6.53673E+01,6.53673E+01,8.44862E+00,6.53673E+01 
#t = 3.570E+03
6.53673E+01,6.53673E+01,6.53673E+01,6.53673E+01,6.53673E+01,6.53673E+01,6.53673E+01,6.53673E+01,6.53673E+01,6.53673E+01,6.53673E+01,6.53673E+01,6.53673E+01,6.53673E+01,6.53673E+01,6.53673E+01,6.53673E+01,6.53673E+01,6.53673E+01,6.53673E+01,6.53673E+01,6.53673E+01,6.53673E+01,6.53673E+01,6.53673E+01,6.53673E+01,6.53673E+01,6.53673E+01,6.53673E+01,6.53673E+01,6.53673E+01,6.53673E+01,6.53673E+01,6.53673E+01,6.53673E+01,6.53673E+01,6.53673E+01,1.93574E+00,6.53673E+01,6.53673E+01,6.53673E+01,6.53673E+01 
#t = 3.612E+03
6.53673E+01,6.53673E+01,6.53673E+01,6.53673E+01,6.53673E+01,6.53673E+01,6.53673E+01,6.53673E+01,6.53673E+01,6.53673E+01,6.53673E+01,6.53673E+01,6.53673E+01,6.53673E+01,6.53673E+01,6.53673E+01,1.63645E+01,6.53673E+01,6.53673E+01,6.53673E+01,1.51975E+01,6.53673E+01,6.53673E+01,6.53673E+01,6.53673E+01,6.53673E+01,6.53673E+01,6.53673E+01,3.40144E+01,6.53673E+01,6.53673E+01,6.53673E+01,1.01495E-01,6.53673E+01,6.53673E+01,6.53673E+01,1.51975E+01,6.53673E+01,6.53673E+01,6.53673E+01,6.53673E+01,6.53673E+01,3.54454E+00,1.07589E+00,6.53673E+01,6.55847E-01,6.53673E+01,6.53673E+01,1.63645E+01 
#t = 3.654E+03
6.53673E+01,6.53673E+01,6.53673E+01,6.53673E+01,6.53673E+01,6.53673E+01,6.53673E+01,6.53673E+01,6.53673E+01,6.53673E+01,6.53673E+01,3.40144E+01,6.53673E+01,6.53673E+01,6.53673E+01,6.53673E+01,6.53673E+01,6.53673E+01,6.53673E+01,6.53673E+01,6.53673E+01,6.53673E+01,6.53673E+01,6.53673E+01,6.53673E+01,6.53673E+01,6.53673E+01,6.53673E+01,6.53673E+01,6.53673E+01,3.40144E+01,6.53673E+01,6.53673E+01,6.53673E+01,1.48975E+01,6.53673E+01,6.53673E+01,2.11346E+01,6.53673E+01,2.82206E-01,6.53673E+01,6.53673E+01 
#t = 3.696E+03
6.53673E+01,6.53673E+01,3.40144E+01,6.53673E+01,6.53673E+01,6.53673E+01,6.53673E+01,6.53673E+01,6.53673E+01,6.53673E+01,6.53673E+01,6.53673E+01,2.11346E+01,6.53673E+01,6.53673E+01,6.53673E+01,6.53673E+01,6.53673E+01,6.53673E+01,6.53673E+01,6.53673E+01,6.53673E+01,6.53673E+01,6.53673E+01,6.53673E+01,6.53673E+01,6.53673E+01,6.62258E-01,6.53673E+01,6.53673E+01,6.53673E+01,6.53673E+01,6.53673E+01,6.53673E+01,6.53673E+01,6.53673E+01,6.53673E+01,6.53673E+01,6.53673E+01,6.53673E+01 
#t = 3.738E+03
6.53673E+01,6.53673E+01,6.53673E+01,6.53673E+01,6.53673E+01,6.53673E+01,6.53673E+01,6.53673E+01,6.53673E+01,6.53673E+01,6.53673E+01,6.53673E+01,6.53673E+01,6.53673E+01,1.17062E+01,6.53673E+01,6.53673E+01,6.53673E+01,6.53673E+01,6.53673E+01,6.53673E+01,6.53673E+01,1.17062E+01,6.53673E+01,6.53673E+01,6.53673E+01,6.53673E+01,6.53673E+01,6.53673E+01,6.53673E+01,6.53673E+01,6.53673E+01,6.53673E+01,6.53673E+01,6.53673E+01,6.53673E+01,6.53673E+01,6.53673E+01,6.53673E+01,4.03268E-02,6.53673E+01,6.53673E+01,1.86665E+00,6.53673E+01,6.53673E+01 
#t = 3.780E+03
6.53673E+01,6.53673E+01,6.53673E+01,6.53673E+01,6.53673E+01,6.53673E+01,6.53673E+01,6.53673E+01,6.53673E+01,6.53673E+01,6.53673E+01,6.94161E+00,6.53673E+01,6.53673E+01,6.53673E+01,6.53673E+01,6.53673E+01,6.53673E+01,6.53673E+01,6.53673E+01,6.53673E+01,6.53673E+01,6.53673E+01,6.53673E+01,6.53673E+01,6.53673E+01,6.53673E+01,6.53673E+01,6.53673E+01,6.53673E+01,6.53673E+01,6.53673E+01,6.53673E+01,6.53673E+01,6.53673E+01,6.53673E+01,6.53673E+01,6.53673E+01,6.53673E+01,6.53673E+01,6.53673E+01,6.53673E+01 
#t = 3.822E+03
6.53673E+01,6.53673E+01,6.53673E+01,6.53673E+01,6.53673E+01,6.53673E+01,1.07472E+01,6.53673E+01,6.53673E+01,6.53673E+01,6.53673E+01,6.53673E+01,6.53673E+01,6.53673E+01,6.53673E+01,6.53673E+01,6.53673E+01,6.53673E+01,6.53673E+01,6.53673E+01,6.53673E+01,6.53673E+01,6.53673E+01,6.53673E+01,6.53673E+01,9.41549E+00,6.53673E+01,6.53673E+01,6.53673E+01,2.17300E-01,6.53673E+01,6.53673E+01,6.53673E+01,6.53673E+01,6.53673E+01,6.53673E+01,6.53673E+01,6.53673E+01,1.31990E-01,6.53673E+01,6.53673E+01,6.53673E+01,6.53673E+01,6.53673E+01,6.53673E+01,6.53673E+01,6.53673E+01 
#t = 3.864E+03
6.53673E+01,6.53673E+01,6.53673E+01,6.53673E+01,6.53673E+01,6.53673E+01,1.07472E+01,6.53673E+01,6.53673E+01,6.53673E+01,6.53673E+01,6.53673E+01,6.53673E+01,6.53673E+01,6.53673E+01,6.53673E+01,6.53673E+01,6.53673E+01,6.53673E+01,6.53673E+01,6.53673E+01,6.53673E+01,6.53673E+01,6.53673E+01,6.53673E+01,6.53673E+01,6.53673E+01,6.53673E+01,6.53673E+01,6.53673E+01,6.53673E+01,6.53673E+01,1.30519E+00,6.53673E+01,6.53673E+01,6.53673E+01,6.53673E+01,6.53673E+01 
#t = 3.906E+03
6.53673E+01,6.53673E+01,6.53673E+01,6.53673E+01,6.53673E+01,6.53673E+01,6.53673E+01,6.53673E+01,6.53673E+01,6.53673E+01,6.53673E+01,6.53673E+01,6.53673E+01,6.53673E+01,6.53673E+01,6.53673E+01,6.53673E+01,6.53673E+01,6.53673E+01,6.53673E+01,6.53673E+01,6.53673E+01,6.53673E+01,6.53673E+01,6.78502E+00,6.53673E+01,6.53673E+01,6.53673E+01,6.53673E+01,6.53673E+01,6.53673E+01,6.53673E+01,6.53673E+01,6.53673E+01,2.41763E+00,6.53673E+01,6.53673E+01 
#t = 3.948E+03
6.53673E+01,6.53673E+01,6.53673E+01,6.53673E+01,6.53673E+01,6.53673E+01,6.53673E+01,5.47527E+01,6.53673E+01,6.53673E+01,6.53673E+01,6.53673E+01,6.53673E+01,6.53673E+01,6.53673E+01,6.53673E+01,6.53673E+01,6.53673E+01,6.53673E+01,6.53673E+01,6.53673E+01,6.53673E+01,6.53673E+01,6.53673E+01,6.53673E+01,6.53673E+01,1.80659E+01,6.53673E+01,1.74513E+01,6.53673E+01,6.53673E+01,6.53673E+01,6.53673E+01,6.53673E+01,6.53673E+01,6.53673E+01,8.67251E+00,6.53673E+01,6.53673E+01,5.47527E+01,6.53673E+01,6.53673E+01,6.53673E+01,6.53673E+01,1.74513E+01,6.53673E+01,6.53673E+01,6.53673E+01,6.53673E+01,1.80659E+01,6.31289E-01,6.53673E+01,6.53673E+01,6.53673E+01,6.53673E+01,6.53673E+01 
#t = 3.990E+03
6.53673E+01,6.53673E+01,6.53673E+01,6.53673E+01,6.53673E+01,6.53673E+01,6.53673E+01,6.53673E+01,6.53673E+01,1.80659E+01,1.80659E+01,6.53673E+01,6.53673E+01,6.53673E+01,6.53673E+01,6.53673E+01,6.53673E+01,6.53673E+01,6.53673E+01,6.53673E+01,6.53673E+01,6.53673E+01,6.53673E+01,6.53673E+01,6.53673E+01,6.53673E+01,6.53673E+01,6.53673E+01,6.53673E+01,6.53673E+01,1.80659E+01,6.53673E+01,6.53673E+01,6.53673E+01,6.53673E+01,6.53673E+01,6.53673E+01,6.53673E+01,6.53673E+01,2.62377E+01 
#t = 4.032E+03
6.53673E+01,6.53673E+01,6.53673E+01,6.53673E+01,6.53673E+01,6.53673E+01,6.53673E+01,6.53673E+01,6.53673E+01,6.53673E+01,6.53673E+01,6.53673E+01,6.53673E+01,6.53673E+01,6.53673E+01,6.53673E+01,6.53673E+01,6.53673E+01,6.53673E+01,6.53673E+01,6.53673E+01,6.53673E+01,6.53673E+01,6.97109E+00,6.53673E+01,6.53673E+01,6.53673E+01,6.53673E+01,6.53673E+01,6.53673E+01,6.53673E+01,6.53673E+01,6.53673E+01,6.53673E+01,6.53673E+01,6.53673E+01 
#t = 4.074E+03
6.53673E+01,6.53673E+01,6.53673E+01,6.53673E+01,6.53673E+01,1.03976E+01,6.53673E+01,6.53673E+01,6.53673E+01,6.53673E+01,6.53673E+01,6.53673E+01,6.53673E+01,6.53673E+01,6.53673E+01,6.53673E+01,6.53673E+01,6.53673E+01,6.53673E+01,6.53673E+01,6.53673E+01,1.06220E+01,6.53673E+01,6.53673E+01,6.53673E+01,6.53673E+01,6.53673E+01,6.53673E+01,6.53673E+01,6.53673E+01,6.53673E+01,6.53673E+01,6.53673E+01,6.53673E+01,6.53673E+01,6.53673E+01,6.53673E+01,6.53673E+01,6.53673E+01,6.53673E+01,6.53673E+01,3.86243E-01,6.53673E+01,6.53673E+01 
#t = 4.116E+03
6.53673E+01,6.53673E+01,6.53673E+01,6.53673E+01,6.53673E+01,6.53673E+01,6.53673E+01,6.53673E+01,6.53673E+01,6.53673E+01,6.53673E+01,6.53673E+01,6.53673E+01,6.53673E+01,6.53673E+01,6.53673E+01,6.53673E+01,6.53673E+01,6.53673E+01,6.53673E+01,6.53673E+01,6.53673E+01,6.53673E+01,6.53673E+01,6.53673E+01,6.53673E+01,6.53673E+01,6.53673E+01,6.53673E+01,6.53673E+01,6.53673E+01,6.53673E+01,6.53673E+01,1.16229E+01,6.53673E+01,6.53673E+01,6.53673E+01,6.53673E+01,6.53673E+01,6.53673E+01,6.53673E+01,6.53673E+01,6.53673E+01,6.53673E+01,6.53673E+01,2.27512E+00,2.11767E-01,6.53673E+01,6.53673E+01,6.53673E+01,1.16229E+01,6.53673E+01,6.53673E+01 
#t = 4.158E+03
6.53673E+01,6.53673E+01,6.53673E+01,6.53673E+01,6.53673E+01,6.53673E+01,6.53673E+01,6.53673E+01,6.53673E+01,6.53673E+01,6.53673E+01,6.53673E+01,6.53673E+01,6.53673E+01,6.53673E+01,6.53673E+01,6.53673E+01,6.53673E+01,6.53673E+01,6.53673E+01,6.53673E+01,6.53673E+01,6.53673E+01,6.53673E+01,6.53673E+01,8.75785E+00,6.53673E+01,6.53673E+01,6.53673E+01,6.53673E+01,6.53673E+01,6.53673E+01,6.53673E+01,6.53673E+01,6.53673E+01,1.28954E+00,6.53673E+01 
#t = 4.200E+03
6.53673E+01,6.53673E+01,6.53673E+01,6.53673E+01,6.53673E+01,6.53673E+01,6.53673E+01,6.53673E+01,6.53673E+01,6.53673E+01,6.53673E+01,1.31995E+01,6.53673E+01,6.53673E+01,6.53673E+01,6.53673E+01,6.53673E+01,6.53673E+01,6.53673E+01,6.53673E+01,6.53673E+01,6.53673E+01,6.53673E+01,6.53673E+01,6.53673E+01,6.53673E+01,6.53673E+01,6.53673E+01,6.53673E+01,6.53673E+01,6.53673E+01,6.53673E+01,6.53673E+01,6.53673E+01,6.53673E+01,6.53673E+01 
