#t = 0.000E+00
1.39221E-01,2.38341E+00,2.42487E+00,2.63897E-01,5.10355E-01 
#t = 4.200E+01
1.40897E+01,1.66337E+01,8.56776E-01,1.66337E+01,1.32500E+00,1.66337E+01 
#t = 8.400E+01
1.66337E+01,2.84600E+01,2.84600E+01,2.84600E+01,1.10136E+01,4.83938E-01 
#t = 1.260E+02
2.84600E+01,2.05189E+01,2.84600E+01,2.84600E+01,2.84600E+01,2.84600E+01,2.84600E+01,2.84600E+01,2.84600E+01,2.84600E+01,2.84600E+01,2.84600E+01,2.84600E+01,1.94475E+01,2.84600E+01,2.84600E+01,2.84600E+01,2.84600E+01,2.84600E+01,2.84600E+01,2.84600E+01,2.84600E+01,2.84600E+01,2.84600E+01,7.40829E-01,2.84600E+01,2.84600E+01,2.84600E+01,2.45188E+00 
#t = 1.680E+02
2.05189E+01,2.84600E+01,2.84600E+01,2.84600E+01,2.84600E+01,2.84600E+01,2.84600E+01,2.84600E+01,2.84600E+01,2.84600E+01,2.84600E+01,2.84600E+01,2.84600E+01,2.84600E+01,2.84600E+01,2.84600E+01,2.84600E+01,1.01544E+01,2.84600E+01,2.84600E+01,2.84600E+01,2.84600E+01,2.84600E+01,2.84600E+01,2.84600E+01,2.84600E+01,2.84600E+01,2.84600E+01,2.84600E+01,2.47659E-01,2.84600E+01,2.84600E+01,2.84600E+01,2.92121E-01 
#t = 2.100E+02
2.84600E+01,2.84600E+01,2.84600E+01,2.84600E+01,2.84600E+01,2.84600E+01,2.84600E+01,1.08140E+01,2.84600E+01,2.84600E+01,2.84600E+01,2.84600E+01,2.84600E+01,2.84600E+01,6.63435E-01 
#t = 2.520E+02
2.84600E+01,2.84600E+01,2.84600E+01,2.84600E+01,2.84600E+01,2.84600E+01,2.84600E+01,2.84600E+01,2.84600E+01,2.84600E+01,2.84600E+01,2.84600E+01,2.84600E+01,2.84600E+01,2.84600E+01,2.84600E+01,2.84600E+01,2.84600E+01,2.84600E+01,2.84600E+01,2.84600E+01,6.75558E-01,2.84600E+01,1.71353E+00,2.84600E+01,2.84600E+01,2.84600E+01,2.51568E-01,7.00023E+00 
#t = 2.940E+02
2.84600E+01,2.84600E+01,2.84600E+01,2.00075E+01,2.84600E+01,2.84600E+01,2.84600E+01,2.84600E+01,2.84600E+01,2.84600E+01,2.84600E+01,2.84600E+01,2.84600E+01,2.84600E+01,2.84600E+01,2.84600E+01,1.05389E+01,1.22977E+01,2.84600E+01,2.84600E+01,2.84600E+01,2.84600E+01,2.84600E+01,2.84600E+01,2.84600E+01,2.84600E+01,2.84600E+01,2.84600E+01,2.84600E+01,2.84600E+01,2.84600E+01 
#t = 3.360E+02
2.84600E+01,1.22977E+01,2.84600E+01,1.22977E+01,2.84600E+01,2.84600E+01,1.05389E+01,2.00075E+01,2.84600E+01,1.22977E+01,6.64392E+00,2.84600E+01,1.22977E+01,2.84600E+01,2.84600E+01,2.84600E+01,1.22977E+01,2.84600E+01,1.22977E+01,1.22977E+01,1.22977E+01,2.84600E+01,2.00075E+01,2.84600E+01,2.00075E+01,2.84600E+01,1.22977E+01,3.13665E+00,1.22977E+01,2.84600E+01,1.22977E+01,2.84600E+01,1.82783E+00,8.12873E-01,1.29517E-01,2.00075E+01 
#t = 3.780E+02
2.00075E+01,2.84600E+01,1.22977E+01,2.00075E+01,2.00075E+01,1.22977E+01,2.84600E+01,1.22977E+01,2.84600E+01,2.84600E+01,2.84600E+01,2.84600E+01,1.22977E+01,2.84600E+01,2.84600E+01,1.22977E+01,2.84600E+01,1.22977E+01,2.84600E+01,4.90169E+01,2.84600E+01,1.22977E+01,2.84600E+01,1.22977E+01,2.84600E+01,2.84600E+01,2.84600E+01,2.84600E+01,9.69829E-01,2.58542E-01,2.84600E+01,2.00075E+01 
#t = 4.200E+02
2.00075E+01,2.84600E+01,2.84600E+01,2.84600E+01,2.84600E+01,2.84600E+01,2.84600E+01,2.00075E+01,2.84600E+01,3.38269E+01,1.22977E+01,2.84600E+01,3.38269E+01,2.84600E+01,2.84600E+01,2.84600E+01,3.93886E+00,5.34765E-01,1.59135E+00,2.00075E+01,2.00075E+01,2.00075E+01,2.49152E+00,6.79653E-01,2.84600E+01,2.84600E+01,2.84600E+01,2.84600E+01,6.00416E+00 
#t = 4.620E+02
2.00075E+01,1.22977E+01,2.84600E+01,2.84600E+01,3.38269E+01,2.84600E+01,2.84600E+01,2.84600E+01,2.84600E+01,2.84600E+01,2.84600E+01,2.00075E+01,2.84600E+01,2.84600E+01,2.84600E+01,2.84600E+01,1.22977E+01,2.84600E+01,2.84600E+01,2.84600E+01,2.84600E+01,2.84600E+01,2.84600E+01,2.84600E+01,2.84600E+01,2.84600E+01,8.16601E-01,2.84600E+01,4.57943E+00,2.84600E+01,2.84600E+01,3.38269E+01,3.38269E+01,3.65138E-01,2.84600E+01,2.84600E+01,2.84600E+01 
#t = 5.040E+02
1.22977E+01,2.84600E+01,3.38269E+01,2.84600E+01,2.84600E+01,2.84600E+01,2.84600E+01,2.84600E+01,2.84600E+01,3.38269E+01,2.84600E+01,2.84600E+01,2.84600E+01,2.84600E+01,2.84600E+01,2.84600E+01,2.00075E+01,2.00075E+01,2.84600E+01,2.84600E+01,2.84600E+01,2.84600E+01,3.38269E+01,3.38269E+01,2.84600E+01,3.38269E+01,3.38269E+01,2.84600E+01,3.38269E+01,2.84600E+01,2.84600E+01,2.84600E+01,2.84600E+01,2.00075E+01,1.44564E+00,2.00075E+01,2.84600E+01,2.84600E+01,3.38269E+01 
#t = 5.460E+02
2.84600E+01,2.84600E+01,2.84600E+01,3.38269E+01,3.38269E+01,3.38269E+01,3.38269E+01,2.84600E+01,3.38269E+01,3.38269E+01,2.84600E+01,3.38269E+01,2.84600E+01,3.38269E+01,3.38269E+01,3.38269E+01,2.84600E+01,3.38269E+01,3.38269E+01,3.38269E+01,3.38269E+01,2.84600E+01,2.84600E+01,3.38269E+01,3.38269E+01,3.38269E+01,3.38269E+01,3.38269E+01,2.84600E+01,2.84600E+01,5.37055E+01,1.90957E+00,2.84600E+01,3.38269E+01,2.84600E+01,3.38269E+01,2.84600E+01,2.84600E+01,2.84600E+01,2.84600E+01 
#t = 5.880E+02
3.38269E+01,2.84600E+01,3.38269E+01,2.84600E+01,3.38269E+01,1.22175E+01,3.38269E+01,3.38269E+01,3.38269E+01,3.38269E+01,3.38269E+01,3.38269E+01,3.38269E+01,2.84600E+01,3.38269E+01,3.38269E+01,3.38269E+01,2.84600E+01,3.38269E+01,1.22175E+01,3.38269E+01,3.38269E+01,5.72379E+01,2.84600E+01,2.84600E+01,3.38269E+01,3.38269E+01,2.84600E+01,1.22175E+01,3.38269E+01,3.38269E+01,3.38269E+01,1.22175E+01,3.38269E+01,3.38269E+01 
#t = 6.300E+02
3.38269E+01,3.38269E+01,3.38269E+01,3.38269E+01,1.22175E+01,3.38269E+01,2.84600E+01,3.38269E+01,3.38269E+01,5.72379E+01,3.38269E+01,3.38269E+01,3.38269E+01,3.38269E+01,3.38269E+01,3.38269E+01,3.38269E+01,1.22175E+01,3.38269E+01,3.38269E+01,3.38269E+01,3.38269E+01,3.38269E+01,3.38269E+01,3.38269E+01,3.38269E+01,3.38269E+01,3.38269E+01,1.23802E+01,1.23802E+01,3.38269E+01,3.38269E+01,3.38269E+01,1.22175E+01,3.38269E+01,3.38269E+01,3.38269E+01,3.38269E+01,4.31021E+01,3.38269E+01,3.38269E+01,3.38269E+01,2.51312E-01,3.38269E+01,4.31021E+01,3.38269E+01,3.38269E+01,8.07874E+00,3.38269E+01 
#t = 6.720E+02
1.22175E+01,3.38269E+01,3.38269E+01,3.38269E+01,1.34111E+01,3.38269E+01,3.38269E+01,3.38269E+01,3.38269E+01,3.38269E+01,3.38269E+01,3.38269E+01,3.38269E+01,3.38269E+01,1.22175E+01,3.38269E+01,3.38269E+01,3.38269E+01,4.02708E+00,3.38269E+01,3.38269E+01,3.38269E+01,6.20746E+00,3.38269E+01,3.38269E+01,3.38269E+01,3.38269E+01,1.34111E+01,3.38269E+01 
#t = 7.140E+02
1.34111E+01,3.38269E+01,3.38269E+01,3.38269E+01,3.38269E+01,3.38269E+01,3.38269E+01,1.34111E+01,3.38269E+01,1.34111E+01,3.38269E+01,3.38269E+01,3.38269E+01,3.38269E+01,3.38269E+01,3.38269E+01,3.38269E+01,3.38269E+01,3.38269E+01,3.38269E+01,3.38269E+01,3.38269E+01,3.38269E+01,3.38269E+01,3.38269E+01,1.34111E+01,1.34111E+01,3.38269E+01,3.38269E+01,3.38269E+01,3.38269E+01,1.44862E+00,3.38269E+01,5.62415E+00,3.38269E+01 
#t = 7.560E+02
3.38269E+01,3.38269E+01,3.38269E+01,3.38269E+01,3.38269E+01,3.38269E+01,3.38269E+01,3.38269E+01,3.38269E+01,3.38269E+01,3.38269E+01,3.38269E+01,3.38269E+01,3.38269E+01,3.38269E+01,3.38269E+01,3.38269E+01,3.38269E+01,3.38269E+01,3.38269E+01,3.38269E+01,3.38269E+01,3.38269E+01,3.38269E+01,3.38269E+01,3.38269E+01,3.38269E+01,3.38269E+01 
#t = 7.980E+02
3.38269E+01,3.38269E+01,3.38269E+01,3.38269E+01,3.38269E+01,3.38269E+01,3.38269E+01,3.38269E+01,3.38269E+01,3.38269E+01,3.38269E+01,3.38269E+01,3.38269E+01,3.38269E+01,1.40067E+01,3.38269E+01,3.38269E+01,3.38269E+01,3.38269E+01,3.38269E+01,3.38269E+01,7.49609E+00,3.38269E+01,3.38269E+01,1.23665E+00,3.38269E+01,3.38269E+01,3.61137E-01 
#t = 8.400E+02
3.38269E+01,3.38269E+01,1.40067E+01,3.38269E+01,3.38269E+01,3.38269E+01,1.40067E+01,3.38269E+01,3.38269E+01,3.38269E+01,3.38269E+01,3.38269E+01,1.40067E+01,3.38269E+01,1.40067E+01,3.38269E+01,3.38269E+01,3.38269E+01,3.38269E+01,3.38269E+01,3.38269E+01,3.38269E+01,1.80119E+00,1.03055E+00,3.38269E+01,3.38269E+01,1.40067E+01,3.38269E+01,3.38269E+01,3.38269E+01 
#t = 8.820E+02
3.38269E+01,3.38269E+01,3.38269E+01,3.38269E+01,3.38269E+01,3.38269E+01,3.38269E+01,1.40067E+01,3.38269E+01,3.38269E+01,3.38269E+01,3.38269E+01,2.40454E+01,3.38269E+01,3.38269E+01,3.38269E+01,3.38269E+01,3.38269E+01,3.38269E+01,3.38269E+01,2.40454E+01,3.38269E+01,2.40454E+01,7.87768E+00,3.38269E+01,3.38269E+01,3.38269E+01,3.38269E+01,1.50643E+01,2.40454E+01,3.38269E+01,2.40454E+01,3.38269E+01,3.38269E+01,3.38269E+01,2.16204E+01,2.40454E+01,2.40454E+01,3.38269E+01,7.12982E+00,3.38269E+01,1.68411E+00 
#t = 9.240E+02
3.38269E+01,2.40454E+01,3.38269E+01,3.38269E+01,3.38269E+01,3.38269E+01,3.38269E+01,3.38269E+01,3.38269E+01,3.38269E+01,3.38269E+01,3.38269E+01,3.38269E+01,3.38269E+01,3.38269E+01,3.38269E+01,3.38269E+01,3.38269E+01,2.40454E+01,3.38269E+01,3.38269E+01,3.38269E+01,3.38269E+01,3.38269E+01,3.38269E+01,3.38269E+01,3.38269E+01,3.38269E+01,3.38269E+01,1.76826E+01,3.38269E+01,3.38269E+01,3.38269E+01,3.38269E+01,3.38269E+01,1.84561E+00,8.07579E-02,5.05949E-01,3.38269E+01 
#t = 9.660E+02
3.38269E+01,3.38269E+01,3.38269E+01,3.38269E+01,3.38269E+01,3.38269E+01,3.38269E+01,3.38269E+01,3.38269E+01,3.38269E+01,3.38269E+01,3.38269E+01,3.38269E+01,3.38269E+01,3.38269E+01,3.38269E+01,3.38269E+01,3.38269E+01,3.38269E+01,3.38269E+01,3.38269E+01,3.38269E+01,3.38269E+01,3.38269E+01,3.38269E+01,3.38269E+01,3.38269E+01,3.38269E+01,6.93672E-01 
#t = 1.008E+03
3.38269E+01,3.38269E+01,3.38269E+01,3.38269E+01,3.38269E+01,3.38269E+01,3.38269E+01,3.38269E+01,3.38269E+01,3.38269E+01,3.38269E+01,3.38269E+01,3.38269E+01,3.38269E+01,3.38269E+01,3.38269E+01,3.38269E+01,1.52326E-01,3.38269E+01,3.38269E+01,3.38269E+01,2.50587E+00,3.38269E+01,3.38269E+01,3.38269E+01,3.38269E+01,1.48963E+00,3.38269E+01,3.38269E+01 
#t = 1.050E+03
3.38269E+01,3.38269E+01,3.38269E+01,3.38269E+01,3.38269E+01,3.38269E+01,3.38269E+01,3.38269E+01,3.38269E+01,3.38269E+01,3.38269E+01,3.38269E+01,3.38269E+01,3.38269E+01,3.38269E+01,3.38269E+01,3.38269E+01,3.38269E+01,3.38269E+01,3.38269E+01,3.38269E+01,3.38269E+01,3.38269E+01,3.38269E+01,3.38269E+01,3.38269E+01,3.38269E+01,3.38269E+01,3.38269E+01,3.38269E+01,1.32655E+01,3.38269E+01,3.38269E+01,1.53214E+00,3.38269E+01,3.38269E+01,3.38269E+01,3.38269E+01,2.48128E+00,3.38269E+01,3.38269E+01 
#t = 1.092E+03
3.38269E+01,3.38269E+01,3.38269E+01,3.38269E+01,3.38269E+01,3.38269E+01,3.38269E+01,1.46223E+01,3.38269E+01,3.38269E+01,3.38269E+01,3.38269E+01,3.38269E+01,3.38269E+01,3.38269E+01,3.38269E+01,3.38269E+01,3.38269E+01,3.38269E+01,3.38269E+01,3.38269E+01,3.38269E+01,1.23026E+01,3.38269E+01,3.38269E+01,3.38269E+01,3.38269E+01,7.22879E-01,3.38269E+01,3.38269E+01,1.25417E+00,3.38269E+01,3.38269E+01,3.38269E+01,3.38269E+01,3.38269E+01,1.46223E+01 
#t = 1.134E+03
3.38269E+01,3.38269E+01,3.38269E+01,3.38269E+01,3.38269E+01,3.38269E+01,3.38269E+01,3.38269E+01,3.38269E+01,3.38269E+01,3.38269E+01,3.38269E+01,3.38269E+01,3.38269E+01,3.38269E+01,3.38269E+01,3.38269E+01,2.83318E+00,3.38269E+01,3.38269E+01,3.38269E+01,2.88292E+00,3.38269E+01,3.38269E+01,3.38269E+01,3.38269E+01,3.38269E+01,3.38269E+01,3.38269E+01,3.38269E+01,3.38269E+01,4.76678E+00,3.38269E+01,3.38269E+01,3.38269E+01,3.38269E+01,3.38269E+01,3.38269E+01,3.38269E+01,3.38269E+01 
#t = 1.176E+03
3.38269E+01,3.38269E+01,3.38269E+01,3.38269E+01,3.38269E+01,3.38269E+01,3.38269E+01,3.38269E+01,3.38269E+01,3.38269E+01,3.38269E+01,3.38269E+01,3.38269E+01,3.38269E+01,3.38269E+01,3.38269E+01,3.38269E+01,3.38269E+01,3.38269E+01,3.38269E+01,3.38269E+01,3.38269E+01,3.38269E+01,3.38269E+01,3.38269E+01,5.79743E+00,3.38269E+01,3.38269E+01,3.38269E+01,3.38269E+01,3.38269E+01,3.38269E+01,3.38269E+01,3.38269E+01,3.38269E+01,3.38269E+01,3.38269E+01,3.38269E+01,3.38269E+01,3.38269E+01,1.73236E+00,2.36220E+00,3.38269E+01,3.38269E+01,1.18420E+01,1.38352E-01,3.38269E+01,3.38269E+01,3.38269E+01,3.38269E+01,3.38269E+01 
#t = 1.218E+03
3.38269E+01,3.38269E+01,3.38269E+01,3.38269E+01,3.38269E+01,3.38269E+01,3.38269E+01,3.26039E+01,3.38269E+01,3.38269E+01,3.38269E+01,3.38269E+01,1.84825E+01,3.38269E+01,3.38269E+01,3.38269E+01,1.43765E+01,3.38269E+01,3.38269E+01,3.38269E+01,3.38269E+01,3.38269E+01,1.49205E+01,3.38269E+01,3.38269E+01,3.38269E+01,1.49205E+01,3.38269E+01,3.38269E+01,3.38269E+01,1.49205E+01,3.38269E+01,3.38269E+01,1.49205E+01,3.38269E+01,3.38269E+01,3.26039E+01 
#t = 1.260E+03
3.38269E+01,3.26039E+01,1.84825E+01,3.38269E+01,1.49205E+01,3.26039E+01,3.38269E+01,3.38269E+01,3.38269E+01,1.49205E+01,3.38269E+01,1.49205E+01,3.38269E+01,1.84825E+01,3.38269E+01,1.66119E+01,3.38269E+01,3.38269E+01,3.38269E+01,3.38269E+01,3.38269E+01,3.38269E+01,3.38269E+01,1.84825E+01,1.49205E+01,3.38269E+01,3.38269E+01,1.49205E+01,3.38269E+01,3.38269E+01,3.38269E+01,1.84825E+01,3.38269E+01,3.38269E+01,3.38269E+01,3.38269E+01,3.38269E+01,3.38269E+01,3.38269E+01,3.38269E+01,3.38269E+01,1.84825E+01,3.38269E+01,3.38269E+01,3.38269E+01,3.38269E+01,1.84825E+01,1.49205E+01,3.38269E+01 
#t = 1.302E+03
3.38269E+01,3.38269E+01,1.49205E+01,3.38269E+01,1.49205E+01,3.38269E+01,3.38269E+01,3.38269E+01,1.84825E+01,1.49205E+01,1.49205E+01,3.38269E+01,3.38269E+01,1.49205E+01,1.49205E+01,1.49205E+01,3.38269E+01,1.49205E+01,1.49205E+01,3.38269E+01,3.38269E+01,3.33794E+01,7.78539E-01,3.33794E+01,3.33794E+01,3.38269E+01,1.84825E+01,1.84825E+01,3.38269E+01,1.49205E+01,3.38269E+01,1.84825E+01,3.38269E+01,1.49205E+01,3.38269E+01,1.49205E+01,1.49205E+01,2.76074E+00,1.53218E-01 
#t = 1.344E+03
3.38269E+01,3.38269E+01,1.49205E+01,3.38269E+01,1.49205E+01,3.38269E+01,3.38269E+01,3.38269E+01,1.49205E+01,1.49205E+01,1.49205E+01,1.49205E+01,3.33934E+01,3.38269E+01,3.38269E+01,1.49205E+01,1.49205E+01,3.38269E+01,1.49205E+01,3.38269E+01,3.38269E+01,3.38269E+01,1.49205E+01,1.54440E+01,3.38269E+01,1.49205E+01,3.38269E+01,1.54440E+01,1.49205E+01,3.38269E+01,1.49205E+01,1.49205E+01,3.38269E+01,3.38269E+01,7.58793E-02,3.90394E+00,3.38269E+01,3.38269E+01,1.49205E+01,3.38269E+01 
#t = 1.386E+03
1.49205E+01,3.38269E+01,1.54440E+01,3.38269E+01,1.49205E+01,3.38269E+01,3.38269E+01,1.49205E+01,1.49205E+01,1.49205E+01,3.38269E+01,1.49205E+01,3.38269E+01,3.38269E+01,1.49205E+01,3.38269E+01,3.38269E+01,3.38269E+01,3.38269E+01,3.33934E+01,3.38269E+01,1.49205E+01,3.38269E+01,3.38269E+01,1.49205E+01,1.49205E+01,3.38269E+01,3.38269E+01,1.49205E+01,3.38269E+01,1.49205E+01,3.38269E+01,1.49205E+01,1.49205E+01,1.49205E+01,3.38269E+01,3.38269E+01,1.49205E+01 
#t = 1.428E+03
1.49205E+01,3.38269E+01,3.38269E+01,1.49205E+01,3.38269E+01,3.38269E+01,3.38269E+01,3.38269E+01,3.38269E+01,3.38269E+01,3.38269E+01,3.38269E+01,3.38269E+01,3.38269E+01,3.38269E+01,2.25920E+00 
#t = 1.470E+03
3.38269E+01,3.38269E+01,3.38269E+01,3.38269E+01,3.38269E+01,3.38269E+01,1.49205E+01,3.38269E+01,3.38269E+01,3.38269E+01,7.56434E+00,3.38269E+01,5.54250E+00,3.25987E+00,3.38269E+01,7.45657E+00,3.38269E+01,1.27264E+01,3.38269E+01,3.38269E+01,4.12362E+00,3.38269E+01,3.38269E+01,3.38269E+01,7.93403E-02 
#t = 1.512E+03
3.38269E+01,3.38269E+01,3.38269E+01,3.38269E+01,3.38269E+01,3.38269E+01,3.38269E+01,3.38269E+01,3.38269E+01,3.38269E+01,3.38269E+01,3.38269E+01,3.38269E+01,3.38269E+01,3.38269E+01,3.38269E+01,3.38269E+01,3.38269E+01,3.38269E+01,3.38269E+01,3.38269E+01,3.38269E+01,3.38269E+01,3.38269E+01,2.98471E+01,3.38269E+01,3.38269E+01,3.38269E+01,1.29799E+00,3.38269E+01,7.38228E-02,3.38269E+01,3.38269E+01,3.38269E+01,3.38269E+01 
#t = 1.554E+03
3.38269E+01,3.38269E+01,3.38269E+01,3.38269E+01,3.38269E+01,3.38269E+01,3.38269E+01,3.38269E+01,2.98471E+01,3.38269E+01,1.17274E+01,3.38269E+01,3.38269E+01,3.38269E+01,2.98471E+01,1.38043E+01,3.38269E+01,3.38269E+01,1.38043E+01,3.38269E+01,3.38269E+01,3.38269E+01,1.17274E+01,3.38269E+01,3.38269E+01,3.38269E+01,3.38269E+01,3.38269E+01,2.62063E-01,3.38269E+01,3.38269E+01,3.38269E+01,3.38269E+01,3.38269E+01,3.38269E+01,1.63267E-01 
#t = 1.596E+03
3.38269E+01,1.17274E+01,3.38269E+01,3.38269E+01,1.33001E+01,3.38269E+01,3.38269E+01,3.38269E+01,3.38269E+01,3.38269E+01,3.38269E+01,1.33001E+01,3.38269E+01,3.38269E+01,3.38269E+01,3.38269E+01,3.38269E+01,3.38269E+01,1.17274E+01,3.38269E+01,3.38269E+01,3.38269E+01,3.38269E+01,3.38269E+01,3.38269E+01,3.38269E+01,3.38269E+01,3.38269E+01,3.38269E+01,1.73880E-01 
#t = 1.638E+03
3.38269E+01,3.38269E+01,3.38269E+01,1.73259E+01,3.38269E+01,3.38269E+01,3.38269E+01,3.38269E+01,3.38269E+01,1.74731E+01,3.38269E+01,3.38269E+01,3.38269E+01,6.13235E-02,3.38269E+01,3.38269E+01,3.38269E+01,3.38269E+01,3.38269E+01,3.38269E+01,3.38269E+01,3.38269E+01,3.38269E+01,3.38269E+01,4.95046E+00,3.38269E+01,3.38269E+01,3.38269E+01 
#t = 1.680E+03
3.38269E+01,3.38269E+01,3.38269E+01,3.38269E+01,3.38269E+01,3.38269E+01,3.38269E+01,3.38269E+01,3.38269E+01,3.38269E+01,3.38269E+01,3.38269E+01,3.38269E+01,3.38269E+01,3.38269E+01,3.38269E+01,3.38269E+01,3.38269E+01,3.38269E+01,3.38269E+01,3.38269E+01,3.38269E+01,7.90206E+00,3.38269E+01,3.38269E+01,3.38269E+01,3.38269E+01,3.38269E+01,7.85038E+00 
#t = 1.722E+03
3.38269E+01,3.38269E+01,3.38269E+01,3.38269E+01,3.38269E+01,3.38269E+01,3.38269E+01,3.38269E+01,3.38269E+01,3.38269E+01,3.38269E+01,3.38269E+01,3.38269E+01,3.38269E+01,3.38269E+01,3.38269E+01,3.38269E+01,3.38269E+01,3.38269E+01,3.38269E+01,3.38269E+01,3.38269E+01,3.38269E+01,3.38269E+01,3.38269E+01,3.38269E+01,3.38269E+01,3.38269E+01,3.38269E+01,3.38269E+01,3.38269E+01,3.38269E+01,3.38269E+01,3.38269E+01,3.38269E+01,1.27769E+00,3.38269E+01,3.38269E+01,3.38269E+01,1.56645E+00,3.38269E+01,3.38269E+01 
#t = 1.764E+03
3.38269E+01,3.38269E+01,3.38269E+01,3.38269E+01,3.38269E+01,3.38269E+01,3.38269E+01,3.38269E+01,3.38269E+01,3.38269E+01,3.38269E+01,3.38269E+01,3.38269E+01,3.38269E+01,3.38269E+01,3.38269E+01,1.60551E+00,3.38269E+01,3.38269E+01,3.38269E+01,3.38269E+01,3.38269E+01,4.26848E+00,3.38269E+01,3.38269E+01,4.50237E+00,5.73975E+00,3.38269E+01,3.38269E+01,3.38269E+01,3.38269E+01,3.38269E+01,3.38269E+01,3.38269E+01,3.38269E+01 
#t = 1.806E+03
3.38269E+01,3.38269E+01,3.38269E+01,3.38269E+01,3.38269E+01,3.38269E+01,3.38269E+01,3.38269E+01,3.38269E+01,3.38269E+01,3.38269E+01,3.38269E+01,3.38269E+01,3.38269E+01,3.38269E+01,3.38269E+01,2.31783E+01,3.38269E+01,3.38269E+01,3.38269E+01,3.38269E+01,3.38269E+01,3.38269E+01,3.38269E+01,1.34700E+01,3.38269E+01,3.38269E+01,3.38269E+01,3.38269E+01,3.38269E+01,3.38269E+01,3.38269E+01,3.38269E+01,3.38269E+01,2.31783E+01,7.70643E-02,2.31783E+01,2.31783E+01,9.00200E-01,3.38269E+01,3.38269E+01,3.38269E+01 
#t = 1.848E+03
3.38269E+01,1.30609E+01,3.38269E+01,3.38269E+01,3.38269E+01,3.38269E+01,3.38269E+01,3.38269E+01,3.38269E+01,3.38269E+01,1.34700E+01,1.30232E+01,3.38269E+01,3.38269E+01,3.38269E+01,3.38269E+01,3.38269E+01,3.38269E+01,3.38269E+01,3.38269E+01,3.38269E+01,3.38269E+01,3.38269E+01,3.38269E+01,3.38269E+01,7.60879E-01,3.38269E+01,3.38269E+01,1.93964E+00,3.38269E+01,3.38269E+01,3.38269E+01,3.38269E+01,3.38269E+01 
#t = 1.890E+03
3.38269E+01,3.38269E+01,1.34700E+01,3.38269E+01,3.38269E+01,3.38269E+01,3.38269E+01,3.38269E+01,3.38269E+01,3.38269E+01,3.38269E+01,3.38269E+01,3.38269E+01,3.38269E+01,3.38269E+01,3.38269E+01,3.38269E+01,3.38269E+01,3.38269E+01,3.38269E+01,3.38269E+01,1.99002E+01,3.38269E+01,1.99002E+01,3.38269E+01,3.38269E+01,3.38269E+01,1.34700E+01,3.38269E+01,3.20198E-01,3.38269E+01,3.38269E+01,1.34700E+01,3.38269E+01,3.38269E+01,3.91926E-01,3.38269E+01,3.38269E+01,3.38269E+01,3.38269E+01,4.87950E+00 
#t = 1.932E+03
3.38269E+01,3.38269E+01,3.38269E+01,3.38269E+01,3.38269E+01,3.38269E+01,3.38269E+01,3.38269E+01,3.38269E+01,3.38269E+01,3.38269E+01,3.38269E+01,3.38269E+01,3.38269E+01,3.38269E+01,3.38269E+01,1.10051E+00,7.65291E+00,3.38269E+01,3.38269E+01,3.38269E+01,3.38269E+01,3.38269E+01 
#t = 1.974E+03
3.38269E+01,3.38269E+01,3.38269E+01,3.38269E+01,3.38269E+01,3.38269E+01,3.38269E+01,3.38269E+01,3.38269E+01,3.38269E+01,3.38269E+01,3.38269E+01,3.38269E+01,3.38269E+01,1.33653E+01,3.38269E+01,3.38269E+01,3.38269E+01,3.38269E+01,3.38269E+01,3.38269E+01,3.38269E+01,3.38269E+01,3.38269E+01,3.38269E+01,3.38269E+01,3.38269E+01,3.38269E+01,3.38269E+01,3.38269E+01,3.38269E+01,3.38269E+01,5.18565E+00,4.91310E+01,3.38269E+01,3.38269E+01,9.74171E+00,3.38269E+01,1.23886E-01,3.38269E+01 
#t = 2.016E+03
3.38269E+01,3.38269E+01,3.38269E+01,3.38269E+01,3.38269E+01,4.91310E+01,1.90626E+01,3.38269E+01,4.91310E+01,3.38269E+01,3.38269E+01,3.38269E+01,4.91310E+01,3.38269E+01,3.38269E+01,3.38269E+01,3.38269E+01,3.38269E+01,3.38269E+01,3.38269E+01,3.38269E+01,3.38269E+01,3.38269E+01,4.91310E+01,4.91310E+01,3.38269E+01,3.38269E+01,3.38269E+01,3.38269E+01,3.38269E+01,4.91310E+01,3.38269E+01,3.38269E+01,4.91310E+01,4.91310E+01,1.26874E+01,4.91310E+01,4.91310E+01,3.38269E+01,3.38269E+01,3.38269E+01,4.91310E+01,4.91310E+01 
#t = 2.058E+03
3.38269E+01,3.38269E+01,1.26874E+01,3.38269E+01,4.91310E+01,3.38269E+01,3.38269E+01,3.38269E+01,3.38269E+01,3.38269E+01,3.38269E+01,1.26874E+01,3.38269E+01,1.36669E+01,3.10911E+01,1.26874E+01,3.38269E+01,1.36669E+01,3.38269E+01,3.38269E+01,3.38269E+01,3.38269E+01,1.26874E+01,7.06633E+00,3.38269E+01,3.38269E+01,3.38269E+01,4.06270E+00,3.38269E+01,3.38269E+01,3.38269E+01,3.38269E+01,8.61301E+00,3.35295E+00,8.32155E-01,1.29018E+01,1.26874E+01,1.26874E+01 
#t = 2.100E+03
3.38269E+01,1.26874E+01,1.26874E+01,1.26874E+01,1.26874E+01,3.38269E+01,3.38269E+01,1.26874E+01,1.26874E+01,3.38269E+01,3.38269E+01,3.38269E+01,3.38269E+01,3.38269E+01,1.47000E+01,3.38269E+01,3.38269E+01,1.26874E+01,3.38269E+01,3.38269E+01,3.38269E+01,3.38269E+01,3.38269E+01,3.38269E+01,1.26874E+01,3.38269E+01,3.38269E+01,3.38269E+01,3.38269E+01,1.26874E+01,1.26874E+01,3.34066E+01,3.38269E+01 
#t = 2.142E+03
1.26874E+01,1.26874E+01,1.26874E+01,3.38269E+01,1.26874E+01,1.26874E+01,3.38269E+01,3.38269E+01,3.38269E+01,3.38269E+01,3.38269E+01,3.38269E+01,3.38269E+01,3.38269E+01,3.38269E+01,3.38269E+01,1.04347E+01,3.38269E+01,3.38269E+01,2.22009E+01,3.38269E+01,3.38269E+01,3.38269E+01,3.38269E+01,6.11815E-01,3.38269E+01,3.38269E+01,5.85223E-01,2.41466E+01,3.38269E+01,3.38269E+01,3.38269E+01,1.26874E+01,1.26874E+01,3.38269E+01,3.38269E+01 
#t = 2.184E+03
1.04347E+01,3.38269E+01,3.38269E+01,3.38269E+01,3.38269E+01,3.38269E+01,3.38269E+01,1.26874E+01,3.38269E+01,3.38269E+01,3.38269E+01,3.38269E+01,3.38269E+01,3.38269E+01,1.14321E+01,3.38269E+01,3.38269E+01,1.26874E+01,3.38269E+01,1.14321E+01,3.38269E+01,3.38269E+01,3.38269E+01,1.26874E+01,3.38269E+01,4.41643E-01,3.38269E+01,3.38269E+01,1.26874E+01 
#t = 2.226E+03
3.38269E+01,3.38269E+01,3.38269E+01,3.38269E+01,3.38269E+01,3.38269E+01,3.38269E+01,1.26874E+01,3.38269E+01,3.38269E+01,1.79233E+01,3.38269E+01,3.38269E+01,3.38269E+01,3.38269E+01,3.38269E+01,3.38269E+01,3.38269E+01,3.38269E+01,1.92119E+01,3.38269E+01,3.38269E+01,1.26874E+01,3.38269E+01,3.38269E+01,3.38269E+01,3.38269E+01,1.79233E+01,3.38269E+01,3.38269E+01,3.38269E+01,1.19178E+00,3.38269E+01,7.10590E-01 
#t = 2.268E+03
3.38269E+01,3.38269E+01,3.38269E+01,3.38269E+01,3.38269E+01,3.38269E+01,3.38269E+01,3.38269E+01,3.38269E+01,3.38269E+01,3.38269E+01,3.38269E+01,3.38269E+01,3.38269E+01,3.38269E+01,3.38269E+01,3.38269E+01,3.38269E+01,3.38269E+01,9.22349E+00,3.38269E+01,3.38269E+01,3.38269E+01,3.38269E+01,3.38269E+01,3.38269E+01,3.38269E+01,3.38269E+01,2.11021E+00,6.92384E+00,3.38269E+01,1.22464E+01,3.38269E+01,3.38269E+01,3.38269E+01,6.97652E-01,3.38269E+01 
#t = 2.310E+03
3.38269E+01,3.38269E+01,3.38269E+01,3.38269E+01,3.38269E+01,3.38269E+01,3.38269E+01,3.38269E+01,3.38269E+01,3.38269E+01,3.38269E+01,3.38269E+01,3.38269E+01,3.38269E+01,3.38269E+01,3.38269E+01,3.38269E+01,3.38269E+01,3.38269E+01,3.38269E+01,3.38269E+01,3.38269E+01,3.38269E+01,3.38269E+01,3.38269E+01,3.38269E+01,3.38269E+01,3.38269E+01,3.38269E+01,3.38269E+01,2.62055E-01,3.38269E+01,2.08151E+00,3.38269E+01,3.38269E+01,3.38269E+01 
#t = 2.352E+03
3.38269E+01,3.38269E+01,3.38269E+01,3.38269E+01,3.38269E+01,3.38269E+01,3.38269E+01,3.38269E+01,3.38269E+01,3.38269E+01,3.38269E+01,3.38269E+01,3.38269E+01,3.38269E+01,3.38269E+01,3.38269E+01,3.38269E+01,3.38269E+01,3.38269E+01,3.38269E+01,3.38269E+01,3.38269E+01,3.38269E+01,3.38269E+01,3.38269E+01,3.38269E+01,3.38269E+01,3.38269E+01,3.38269E+01,3.38269E+01,3.38269E+01,3.38269E+01,3.38269E+01,3.38269E+01,3.38269E+01,3.38269E+01 
#t = 2.394E+03
3.38269E+01,3.38269E+01,3.38269E+01,3.38269E+01,3.38269E+01,3.38269E+01,3.38269E+01,3.38269E+01,3.38269E+01,3.38269E+01,3.38269E+01,3.38269E+01,3.38269E+01,3.38269E+01,1.43172E+01,3.38269E+01,3.38269E+01,3.38269E+01,3.38269E+01,3.38269E+01,4.34999E+00,3.38269E+01,3.38269E+01,4.83384E-01,9.08899E-01 
#t = 2.436E+03
3.38269E+01,3.38269E+01,3.38269E+01,3.38269E+01,3.38269E+01,3.38269E+01,3.38269E+01,3.38269E+01,3.38269E+01,3.38269E+01,3.38269E+01,1.38330E+01,3.38269E+01,3.38269E+01,3.38269E+01,7.39083E+00,3.38269E+01,3.38269E+01,3.38269E+01,3.38269E+01,3.38269E+01,1.38330E+01,3.38269E+01,3.38269E+01,3.38269E+01,3.38269E+01,3.38269E+01,3.38269E+01,3.38269E+01,3.38269E+01,3.38269E+01,3.38269E+01,3.38269E+01,3.38269E+01,3.38269E+01,2.65280E+01,2.54302E-01,3.38269E+01,3.38269E+01,3.38269E+01 
#t = 2.478E+03
3.38269E+01,1.38330E+01,3.38269E+01,3.38269E+01,3.38269E+01,3.38269E+01,3.38269E+01,3.38269E+01,3.38269E+01,3.38269E+01,3.38269E+01,3.38269E+01,1.47136E+01,3.38269E+01,3.38269E+01,3.38269E+01,7.55741E+00,3.38269E+01,3.38269E+01,3.38269E+01,3.38269E+01,3.38269E+01,3.38269E+01,3.38269E+01,3.38269E+01,3.38269E+01,3.38269E+01,3.38269E+01,3.38269E+01,3.38269E+01,3.38269E+01,3.38269E+01,3.38269E+01,3.38269E+01,3.38269E+01,3.38269E+01 
#t = 2.520E+03
3.38269E+01,3.38269E+01,3.38269E+01,3.38269E+01,3.38269E+01,3.38269E+01,3.38269E+01,3.38269E+01,1.47740E+01,3.38269E+01,3.38269E+01,1.53366E+01,2.94365E+01,3.38269E+01,3.38269E+01,3.38269E+01,3.38269E+01,3.38269E+01,3.38269E+01,3.38269E+01,3.38269E+01,3.38269E+01,3.38269E+01,3.38269E+01,3.38269E+01,3.38269E+01,3.38269E+01,3.38269E+01,3.38269E+01,1.04460E+01,3.38269E+01,3.38269E+01,3.38269E+01 
#t = 2.562E+03
3.38269E+01,3.38269E+01,2.94365E+01,3.38269E+01,3.38269E+01,3.38269E+01,3.38269E+01,3.38269E+01,1.47740E+01,3.38269E+01,3.38269E+01,3.38269E+01,1.53366E+01,3.38269E+01,1.53366E+01,3.38269E+01,1.47740E+01,1.53366E+01,3.38269E+01,3.38269E+01,1.47740E+01,3.38269E+01,1.47740E+01,3.38269E+01,3.38269E+01,3.38269E+01,3.38269E+01,3.38269E+01,3.38269E+01,3.38269E+01,1.53366E+01,3.38269E+01,3.38269E+01,2.94365E+01,3.38269E+01,1.47740E+01,3.38269E+01,3.38269E+01,3.38269E+01,3.38269E+01,3.38269E+01,1.09808E-01,3.38269E+01,3.38269E+01,3.38269E+01,3.38269E+01,1.47740E+01,1.47740E+01,2.94365E+01,3.38269E+01,6.99560E+00 
#t = 2.604E+03
1.47740E+01,3.38269E+01,3.38269E+01,1.47740E+01,3.38269E+01,3.38269E+01,1.47740E+01,3.38269E+01,1.53366E+01,3.38269E+01,3.38269E+01,3.38269E+01,3.38269E+01,3.38269E+01,3.38269E+01,3.38269E+01,3.38269E+01,3.38269E+01,3.38269E+01,3.38269E+01,3.38269E+01,3.38269E+01,3.38269E+01,1.47740E+01,3.38269E+01,3.38269E+01,3.38269E+01,3.38269E+01,1.47740E+01,3.38269E+01,3.38269E+01,1.47740E+01,3.38269E+01,3.38269E+01,3.38269E+01,3.38269E+01,3.38269E+01,3.38269E+01,3.38269E+01,1.47740E+01,3.38269E+01,3.38269E+01,3.38269E+01,3.38269E+01,5.48544E-01,3.38269E+01,3.38269E+01 
#t = 2.646E+03
1.53366E+01,3.38269E+01,3.38269E+01,3.38269E+01,3.38269E+01,3.38269E+01,3.38269E+01,3.38269E+01,1.47740E+01,3.38269E+01,3.38269E+01,3.38269E+01,3.38269E+01,3.38269E+01,3.38269E+01,1.53366E+01,3.38269E+01,3.38269E+01,1.47740E+01,3.38269E+01,1.47740E+01,3.38269E+01,3.38269E+01,3.38269E+01,3.38269E+01,3.38269E+01,2.03429E+01,3.38269E+01,3.38269E+01,3.38269E+01,3.38269E+01,3.38269E+01,7.68296E-01,3.38269E+01,8.15669E+00,3.38269E+01,3.38269E+01,1.04383E+00,3.38269E+01,3.38269E+01,3.38269E+01,3.38269E+01 
#t = 2.688E+03
3.38269E+01,3.38269E+01,3.38269E+01,3.38269E+01,3.38269E+01,3.38269E+01,3.38269E+01,3.38269E+01,3.38269E+01,3.38269E+01,3.38269E+01,3.38269E+01,3.38269E+01,5.50796E+00,1.47740E+01,3.38269E+01,3.38269E+01,3.38269E+01,3.38269E+01,1.47740E+01,3.38269E+01,1.27259E+01,3.57975E+00,3.38269E+01,3.38269E+01,6.08147E-01,3.99139E-01,2.40442E+00,3.38269E+01 
#t = 2.730E+03
3.38269E+01,3.38269E+01,3.38269E+01,3.38269E+01,3.38269E+01,3.38269E+01,3.38269E+01,3.38269E+01,3.38269E+01,3.38269E+01,3.38269E+01,3.38269E+01,3.38269E+01,3.38269E+01,3.38269E+01,3.38269E+01,3.38269E+01,3.38269E+01,3.38269E+01,3.38269E+01,3.38269E+01,2.41878E+01,3.38269E+01,3.38269E+01,3.38269E+01,3.38269E+01,3.38269E+01,3.38269E+01,3.38269E+01,3.38269E+01,2.41878E+01,3.38269E+01,3.38269E+01,3.38269E+01,5.44936E+00,2.41878E+01,2.41878E+01,3.38269E+01,1.72072E+00,3.38269E+01,3.38269E+01,3.38269E+01 
#t = 2.772E+03
3.38269E+01,3.38269E+01,3.38269E+01,3.38269E+01,3.38269E+01,3.38269E+01,2.41878E+01,3.38269E+01,3.38269E+01,3.38269E+01,3.38269E+01,3.60715E+01,3.38269E+01,2.83633E+01,3.38269E+01,3.38269E+01,3.38269E+01,3.38269E+01,2.41878E+01,3.38269E+01,3.38269E+01,3.60715E+01,3.38269E+01,3.38269E+01,3.38269E+01,3.38269E+01,3.38269E+01,3.38269E+01,3.38269E+01,3.38269E+01,3.38269E+01,1.25946E+00,3.38269E+01,1.11814E+00,3.38269E+01 
#t = 2.814E+03
3.38269E+01,3.38269E+01,3.38269E+01,3.38269E+01,3.38269E+01,3.38269E+01,3.38269E+01,3.38269E+01,3.38269E+01,3.38269E+01,3.38269E+01,3.38269E+01,3.60715E+01,3.38269E+01,1.91445E+01,3.38269E+01,3.38269E+01,3.38269E+01,3.60715E+01,3.38269E+01,3.38269E+01,3.38269E+01,3.38269E+01,3.38269E+01,3.38269E+01,3.38269E+01,3.38269E+01,3.38269E+01,3.38269E+01,3.38269E+01,3.38269E+01,3.38269E+01,3.38269E+01,3.38269E+01,3.38269E+01,3.38269E+01,3.38269E+01,3.60715E+01,3.38269E+01 
#t = 2.856E+03
3.38269E+01,3.38269E+01,3.38269E+01,3.38269E+01,3.38269E+01,3.38269E+01,3.38269E+01,3.38269E+01,3.38269E+01,3.38269E+01,3.38269E+01,3.38269E+01,3.38269E+01,3.38269E+01,3.38269E+01,3.38269E+01,3.38269E+01,3.38269E+01,3.38269E+01,3.38269E+01,3.38269E+01,3.38269E+01,3.38269E+01,3.38269E+01,2.98183E+00,3.38269E+01,3.38269E+01,3.38269E+01,3.38269E+01,3.38269E+01,3.38269E+01,3.38269E+01,3.38269E+01,5.61123E+00,3.38269E+01,3.38269E+01,3.38269E+01,3.38269E+01,2.56371E-01,3.38269E+01,3.38269E+01,3.38269E+01,3.38269E+01,3.38269E+01,3.38269E+01,3.38269E+01,3.38269E+01,3.38269E+01 
#t = 2.898E+03
3.38269E+01,3.38269E+01,3.38269E+01,3.38269E+01,3.38269E+01,3.38269E+01,3.38269E+01,3.38269E+01,2.17116E+01,3.38269E+01,2.17116E+01,3.38269E+01,3.38269E+01,3.38269E+01,3.38269E+01,3.38269E+01,3.38269E+01,3.38269E+01,3.38269E+01,3.38269E+01,3.38269E+01,3.38269E+01,3.38269E+01,3.38269E+01,3.38269E+01,3.38269E+01,3.38269E+01,3.38269E+01,3.38269E+01,3.38269E+01,3.38269E+01,3.38269E+01,2.17116E+01,1.39208E+00,1.06081E+01,3.38269E+01,3.38269E+01,3.38269E+01,3.38269E+01,3.38269E+01,2.17116E+01,3.38269E+01,3.38269E+01,3.38269E+01,3.38269E+01,3.38269E+01,3.38269E+01,3.38269E+01,3.38269E+01,3.38269E+01,3.38269E+01,4.67184E+00,2.17116E+01,3.38269E+01,3.38269E+01,3.38269E+01 
#t = 2.940E+03
3.38269E+01,3.38269E+01,3.38269E+01,2.17116E+01,3.38269E+01,3.38269E+01,3.38269E+01,3.38269E+01,3.38269E+01,3.38269E+01,3.38269E+01,3.38269E+01,3.38269E+01,2.17116E+01,2.17116E+01,3.38269E+01,3.38269E+01,3.38269E+01,3.38269E+01,3.38269E+01,3.38269E+01,3.38269E+01,3.38269E+01,3.38269E+01,3.38269E+01,3.38269E+01,3.38269E+01,3.38269E+01,3.38269E+01,3.38269E+01,3.38269E+01,3.38269E+01,5.02233E+00,3.38269E+01,3.38269E+01,6.30455E-01,3.38269E+01 
#t = 2.982E+03
3.38269E+01,3.38269E+01,3.38269E+01,3.38269E+01,3.38269E+01,3.38269E+01,3.38269E+01,3.38269E+01,3.38269E+01,3.38269E+01,3.38269E+01,3.38269E+01,3.38269E+01,3.38269E+01,2.78222E+01,3.38269E+01,3.38269E+01,3.38269E+01,3.38269E+01,3.38269E+01,3.38269E+01,2.78222E+01,3.38269E+01,3.47074E+01,3.38269E+01,3.38269E+01,3.38269E+01,3.38269E+01,3.38269E+01,3.38269E+01,3.38269E+01,3.38269E+01,3.38269E+01,3.38269E+01,6.01158E-01,3.38269E+01,2.06792E-01,3.38269E+01,3.38269E+01 
#t = 3.024E+03
3.38269E+01,2.78222E+01,3.38269E+01,3.38269E+01,3.38269E+01,3.38269E+01,3.38269E+01,3.38269E+01,3.38269E+01,3.38269E+01,3.38269E+01,3.38269E+01,3.38269E+01,3.38269E+01,3.38269E+01,3.38269E+01,3.38269E+01,7.72285E+00,3.38269E+01,3.38269E+01,3.38269E+01,3.38269E+01,3.38269E+01,3.38269E+01,3.38269E+01,3.38269E+01,3.38269E+01,3.38269E+01,3.38269E+01,3.38269E+01,3.38269E+01,3.38269E+01,2.78222E+01,3.38269E+01,8.41260E+00,3.38269E+01,2.78222E+01,3.38269E+01,4.47203E-01,3.38269E+01,3.38269E+01,1.89067E+01,3.38269E+01,3.38269E+01 
#t = 3.066E+03
3.38269E+01,3.38269E+01,3.38269E+01,3.38269E+01,3.38269E+01,3.38269E+01,3.38269E+01,3.38269E+01,3.38269E+01,3.38269E+01,3.38269E+01,3.38269E+01,3.38269E+01,3.38269E+01,3.38269E+01,3.38269E+01,3.38269E+01,3.38269E+01,3.38269E+01,5.43284E+00,3.38269E+01,3.38269E+01,3.38269E+01,3.38269E+01,3.38269E+01,3.38269E+01,3.38269E+01,3.38269E+01,3.38269E+01,3.38269E+01,3.38269E+01,3.38269E+01,3.38269E+01,3.38269E+01,3.38269E+01,3.38269E+01,3.38269E+01,3.38269E+01,3.38269E+01,3.38269E+01,3.38269E+01,3.85469E+00 
#t = 3.108E+03
3.38269E+01,3.38269E+01,3.38269E+01,3.38269E+01,3.38269E+01,3.38269E+01,3.38269E+01,3.38269E+01,3.38269E+01,3.38269E+01,3.38269E+01,3.38269E+01,3.38269E+01,3.38269E+01,3.38269E+01,3.38269E+01,3.38269E+01,3.38269E+01,3.38269E+01,3.38269E+01,3.38269E+01,3.38269E+01,3.38269E+01,3.38269E+01,3.38269E+01,3.38269E+01,3.38269E+01,3.38269E+01,3.38269E+01,3.38269E+01,3.38269E+01,3.38269E+01,3.38269E+01,3.38269E+01,3.38269E+01,3.38269E+01,3.38269E+01,3.38269E+01,3.38269E+01,3.38269E+01,3.38269E+01,9.78444E+00,1.63783E-01,1.26792E+00,3.38269E+01,3.38269E+01 
#t = 3.150E+03
3.38269E+01,3.38269E+01,3.38269E+01,3.38269E+01,3.38269E+01,3.38269E+01,3.38269E+01,3.38269E+01,3.38269E+01,3.38269E+01,3.38269E+01,2.76241E+01,3.38269E+01,3.38269E+01,3.38269E+01,3.38269E+01,3.38269E+01,3.38269E+01,3.38269E+01,3.38269E+01,3.38269E+01,3.38269E+01,3.38269E+01,3.38269E+01,3.38269E+01,3.38269E+01,3.38269E+01,3.38269E+01,3.38269E+01,3.38269E+01,3.38269E+01,3.38269E+01,3.38269E+01,3.38269E+01,3.38269E+01 
#t = 3.192E+03
3.38269E+01,3.38269E+01,3.38269E+01,3.38269E+01,3.38269E+01,3.38269E+01,2.76241E+01,3.38269E+01,3.38269E+01,3.38269E+01,3.38269E+01,3.38269E+01,3.38269E+01,3.38269E+01,3.38269E+01,3.38269E+01,3.38269E+01,3.38269E+01,3.38269E+01,3.38269E+01,3.38269E+01,9.44014E+00,2.76241E+01,3.38269E+01,2.76241E+01,3.38269E+01,3.38269E+01,3.38269E+01,3.38269E+01,3.38269E+01,3.38269E+01,3.38269E+01,3.38269E+01,3.38269E+01,2.76241E+01,4.46314E-01,3.38269E+01,3.38269E+01,3.38269E+01,3.38269E+01,3.38269E+01,8.70610E+00 
#t = 3.234E+03
3.38269E+01,3.38269E+01,3.38269E+01,3.38269E+01,3.38269E+01,3.38269E+01,3.38269E+01,3.38269E+01,3.38269E+01,4.62317E+01,3.38269E+01,4.62317E+01,3.38269E+01,4.62317E+01,3.38269E+01,4.62317E+01,3.38269E+01,4.62317E+01,4.62317E+01,3.38269E+01,4.62317E+01,4.62317E+01,3.38269E+01,4.62317E+01,4.62317E+01,3.38269E+01,3.38269E+01,4.62317E+01,3.38269E+01,3.38269E+01,4.62317E+01,7.85312E-01,4.62317E+01,4.62317E+01,3.38269E+01,3.38269E+01,3.38269E+01 
#t = 3.276E+03
3.38269E+01,3.38269E+01,4.62317E+01,3.38269E+01,4.62317E+01,3.38269E+01,4.62317E+01,4.62317E+01,3.38269E+01,4.62317E+01,3.38269E+01,3.38269E+01,4.62317E+01,3.38269E+01,4.62317E+01,4.62317E+01,4.62317E+01,3.38269E+01,3.38269E+01,3.38269E+01,4.62317E+01,4.62317E+01,3.38269E+01,4.62317E+01,4.62317E+01,1.16067E+00,4.62317E+01,4.62317E+01,3.38269E+01,1.22256E+00,1.33599E+00,4.62317E+01,3.38269E+01,4.62317E+01,3.38269E+01,4.62317E+01 
#t = 3.318E+03
3.38269E+01,4.62317E+01,3.38269E+01,3.38269E+01,3.38269E+01,3.38269E+01,3.38269E+01,4.62317E+01,3.38269E+01,4.62317E+01,3.38269E+01,3.38269E+01,3.38269E+01,4.62317E+01,3.38269E+01,3.38269E+01,3.38269E+01,4.62317E+01,4.62317E+01,4.62317E+01,4.62317E+01,4.62317E+01,8.04277E+00,3.38269E+01,3.38269E+01,3.38269E+01,1.23167E+01,3.38269E+01,4.62317E+01,3.38269E+01,4.62317E+01,3.38269E+01,5.86320E+00,4.03187E+00 
#t = 3.360E+03
3.38269E+01,3.38269E+01,3.38269E+01,4.62317E+01,3.38269E+01,3.38269E+01,3.38269E+01,3.38269E+01,4.62317E+01,4.62317E+01,3.38269E+01,3.38269E+01,4.62317E+01,4.62317E+01,4.62317E+01,4.62317E+01,3.38269E+01,3.38269E+01,4.62317E+01,4.62317E+01,3.38269E+01,3.38269E+01,4.62317E+01,4.62317E+01,4.62317E+01,1.47692E+01,4.62317E+01,4.62317E+01,3.38269E+01,4.62317E+01,3.38269E+01,3.38269E+01,3.38269E+01,3.38269E+01,3.38269E+01,3.38269E+01,3.38269E+01,3.41279E+00,1.47692E+01,3.38269E+01 
#t = 3.402E+03
3.38269E+01,4.62317E+01,4.62317E+01,4.62317E+01,4.62317E+01,4.62317E+01,3.38269E+01,4.62317E+01,4.62317E+01,3.38269E+01,3.38269E+01,4.62317E+01,4.62317E+01,3.38269E+01,3.38269E+01,3.38269E+01,4.62317E+01,3.38269E+01,4.62317E+01,4.62317E+01,4.62317E+01,4.62317E+01,4.62317E+01,4.62317E+01,4.62317E+01,3.38269E+01,4.62317E+01,4.62317E+01,4.62317E+01,3.38269E+01,4.62317E+01,4.62317E+01,4.62317E+01,4.62317E+01,4.62317E+01,3.38269E+01,3.99233E-01,1.77035E+00,4.62317E+01,3.38269E+01,4.62317E+01,4.62317E+01,5.28942E-01,2.41895E+00,4.62317E+01 
#t = 3.444E+03
4.62317E+01,2.47059E+01,4.62317E+01,3.38269E+01,4.62317E+01,4.62317E+01,4.62317E+01,4.62317E+01,4.62317E+01,4.62317E+01,4.62317E+01,4.62317E+01,4.62317E+01,4.62317E+01,3.38269E+01,4.62317E+01,4.62317E+01,4.62317E+01,4.62317E+01,4.62317E+01,1.07308E+01,4.62317E+01,4.62317E+01,3.38269E+01,1.07308E+01,1.31037E+01,4.62317E+01,4.62317E+01,4.62317E+01,4.62317E+01,4.62317E+01,4.62317E+01,4.62317E+01,4.62317E+01,4.62317E+01,4.62317E+01,2.11080E+00,4.62317E+01,2.41703E+00,4.62317E+01,2.47059E+01,4.62317E+01,4.62317E+01,4.62317E+01,4.62317E+01,4.62317E+01 
#t = 3.486E+03
1.07308E+01,4.62317E+01,4.62317E+01,3.47201E+01,4.62317E+01,4.62317E+01,4.62317E+01,2.47059E+01,3.38269E+01,3.47201E+01,4.62317E+01,4.62317E+01,4.62317E+01,4.62317E+01,3.38269E+01,4.62317E+01,3.47201E+01,4.62317E+01,4.62317E+01,4.62317E+01,4.62317E+01,4.62317E+01,4.62317E+01,7.24395E+00,4.62317E+01,4.62317E+01,4.62317E+01,4.62317E+01,3.38269E+01,3.47201E+01,4.62317E+01,4.62317E+01,4.62317E+01,4.62317E+01,5.91110E-01,4.62317E+01,4.62317E+01,4.62317E+01,2.47059E+01 
#t = 3.528E+03
2.47059E+01,4.62317E+01,4.62317E+01,4.62317E+01,4.62317E+01,4.62317E+01,4.62317E+01,3.47201E+01,4.62317E+01,4.62317E+01,4.62317E+01,3.38269E+01,3.38269E+01,4.62317E+01,3.38269E+01,4.62317E+01,4.62317E+01,4.62317E+01,4.62317E+01,4.62317E+01,4.62317E+01,2.47059E+01,4.62317E+01,3.38269E+01,4.62317E+01,4.62317E+01,4.62317E+01,4.62317E+01,3.38269E+01,4.62317E+01,2.47059E+01,3.38269E+01,2.47059E+01,4.62317E+01,4.62317E+01,3.47201E+01,4.62317E+01,4.62317E+01,6.65695E+00,4.62317E+01,4.62317E+01,4.62317E+01,4.62317E+01,4.62317E+01,4.62317E+01,3.38269E+01,3.38269E+01,4.62317E+01,1.10850E+00,3.38269E+01,4.62317E+01,2.47059E+01,4.62317E+01,4.62317E+01 
#t = 3.570E+03
4.62317E+01,4.62317E+01,4.62317E+01,2.47059E+01,4.62317E+01,4.62317E+01,3.38269E+01,3.38269E+01,4.62317E+01,4.62317E+01,4.62317E+01,4.62317E+01,4.62317E+01,4.62317E+01,4.62317E+01,3.38269E+01,4.62317E+01,4.62317E+01,4.62317E+01,4.62317E+01,3.38269E+01,8.57036E+00,2.47059E+01,3.38269E+01,2.47059E+01,3.38269E+01,4.62317E+01,4.62317E+01,4.62317E+01,4.62317E+01,4.62317E+01,4.62317E+01,3.38269E+01,4.62317E+01,4.62317E+01,6.96303E+00,4.62317E+01,4.62317E+01,8.86013E+00,3.38269E+01,4.62317E+01 
#t = 3.612E+03
3.38269E+01,4.62317E+01,4.62317E+01,3.38269E+01,4.62317E+01,4.62317E+01,4.62317E+01,4.62317E+01,3.38269E+01,4.62317E+01,4.62317E+01,4.62317E+01,3.38269E+01,4.62317E+01,4.62317E+01,4.62317E+01,4.62317E+01,4.62317E+01,3.38269E+01,4.62317E+01,4.62317E+01,4.62317E+01,4.62317E+01,4.62317E+01,4.62317E+01,4.62317E+01,4.62317E+01,3.38269E+01,4.62317E+01,4.62317E+01,4.62317E+01,4.62317E+01,4.62317E+01,4.62317E+01,4.62317E+01,4.62317E+01,4.62317E+01,4.62317E+01,4.62317E+01,4.62317E+01,4.62317E+01,4.62317E+01,6.83441E-02,1.58909E-01 
#t = 3.654E+03
3.38269E+01,4.62317E+01,4.62317E+01,4.62317E+01,4.62317E+01,4.62317E+01,4.62317E+01,4.62317E+01,3.38269E+01,4.62317E+01,4.62317E+01,4.62317E+01,4.62317E+01,4.62317E+01,4.62317E+01,4.62317E+01,4.62317E+01,3.38269E+01,4.62317E+01,4.62317E+01,4.62317E+01,4.62317E+01,4.62317E+01,4.62317E+01,4.62317E+01,2.72620E+02,4.62317E+01,4.62317E+01,4.62317E+01,4.62317E+01,4.62317E+01,4.62317E+01,4.62317E+01,4.62317E+01,3.38269E+01,4.62317E+01,4.62317E+01,4.62317E+01,6.35500E-01,2.69582E+00 
#t = 3.696E+03
4.62317E+01,4.62317E+01,4.62317E+01,4.62317E+01,4.62317E+01,4.62317E+01,4.62317E+01,4.62317E+01,4.53531E+01,4.62317E+01,4.62317E+01,4.62317E+01,4.62317E+01,4.62317E+01,4.53531E+01,4.53531E+01,4.62317E+01,4.62317E+01,4.62317E+01,4.53531E+01,4.62317E+01,4.62317E+01,4.62317E+01,4.62317E+01,4.62317E+01,4.62317E+01,4.62317E+01,1.81646E-01,4.62317E+01,4.62317E+01,4.53531E+01,1.25103E+00 
#t = 3.738E+03
4.62317E+01,4.62317E+01,4.53531E+01,4.53531E+01,4.62317E+01,4.62317E+01,4.62317E+01,4.53531E+01,4.62317E+01,4.62317E+01,3.71367E+01,4.62317E+01,4.62317E+01,4.62317E+01,4.62317E+01,3.71367E+01,4.62317E+01,4.62317E+01,4.62317E+01,4.62317E+01,4.62317E+01,4.62317E+01,4.62317E+01,4.62317E+01,4.62317E+01,4.62317E+01,4.62317E+01,4.62317E+01,4.62317E+01,4.62317E+01,4.62317E+01,4.62317E+01,4.62317E+01,4.62317E+01,4.62317E+01,4.62317E+01,4.62317E+01,4.62317E+01,4.62317E+01,4.62317E+01,4.62317E+01,4.62317E+01,4.62317E+01,4.62317E+01,4.62317E+01,4.62317E+01,4.62317E+01,4.62317E+01,4.62317E+01,4.62317E+01,4.53531E+01,4.62317E+01,4.62317E+01,4.62317E+01,4.62317E+01,8.11691E-03,4.62317E+01,4.62317E+01,4.62317E+01,4.62317E+01,4.62317E+01,4.62317E+01,4.62317E+01,4.62317E+01,1.98358E-01 
#t = 3.780E+03
4.62317E+01,3.71367E+01,4.62317E+01,4.62317E+01,4.62317E+01,4.62317E+01,4.62317E+01,4.62317E+01,4.62317E+01,4.62317E+01,4.62317E+01,4.62317E+01,4.62317E+01,4.62317E+01,4.62317E+01,4.62317E+01,4.62317E+01,4.62317E+01,4.62317E+01,4.62317E+01,4.62317E+01,4.62317E+01,4.62317E+01,4.62317E+01,4.62317E+01,4.62317E+01,4.62317E+01,4.62317E+01,4.62317E+01,4.62317E+01,4.62317E+01,4.62317E+01,4.62317E+01,4.62317E+01,4.62317E+01,4.62317E+01,3.71367E+01,4.62317E+01,4.62317E+01,4.62317E+01,4.62317E+01,4.62317E+01,4.62317E+01,4.62317E+01,4.62317E+01,4.62317E+01,4.62317E+01,4.62317E+01,4.62317E+01,4.62317E+01,4.62317E+01,4.62317E+01,4.62317E+01,4.62317E+01,4.62317E+01,4.62317E+01,4.62317E+01,3.71367E+01,4.62317E+01,4.62317E+01,4.62317E+01,4.62317E+01,4.62317E+01,4.62317E+01,2.63859E+00,4.62317E+01,9.79490E-02,4.62317E+01,4.62317E+01,4.62317E+01 
#t = 3.822E+03
4.62317E+01,4.62317E+01,4.62317E+01,4.62317E+01,4.62317E+01,4.62317E+01,3.71367E+01,3.71367E+01,1.79014E+01,4.62317E+01,4.62317E+01,4.62317E+01,4.62317E+01,4.62317E+01,4.62317E+01,4.62317E+01,4.62317E+01,4.62317E+01,4.62317E+01,4.62317E+01,4.62317E+01,4.62317E+01,3.71367E+01,4.62317E+01,4.62317E+01,4.62317E+01,4.62317E+01,3.71367E+01,4.62317E+01,3.71367E+01,4.62317E+01,4.62317E+01,4.62317E+01,3.71367E+01,4.62317E+01,3.71367E+01,4.62317E+01,4.62317E+01,3.71367E+01,4.62317E+01,4.62317E+01,4.62317E+01,4.62317E+01,4.62317E+01,4.62317E+01,4.62317E+01,4.62317E+01,4.62317E+01,5.24252E+00,4.62317E+01,4.62317E+01,4.62317E+01,4.62317E+01,3.71367E+01,4.62317E+01,4.62317E+01,4.62317E+01,4.62317E+01,4.62317E+01,4.62317E+01,4.62317E+01,3.71367E+01,8.25502E-01,4.62317E+01,3.71367E+01,4.62317E+01 
#t = 3.864E+03
4.62317E+01,4.62317E+01,4.62317E+01,4.62317E+01,4.62317E+01,4.62317E+01,4.62317E+01,1.79014E+01,4.62317E+01,4.62317E+01,3.71367E+01,3.71367E+01,4.62317E+01,1.79014E+01,3.71367E+01,3.71367E+01,4.62317E+01,3.71367E+01,4.62317E+01,1.79014E+01,4.62317E+01,4.62317E+01,4.62317E+01,4.62317E+01,1.79014E+01,4.62317E+01,4.62317E+01,4.62317E+01,4.62317E+01,4.62317E+01,4.62317E+01,4.62317E+01,4.62317E+01,4.62317E+01,4.62317E+01,4.62317E+01,4.62317E+01,3.56170E-02,4.62317E+01,3.71367E+01,4.62317E+01,1.79014E+01 
#t = 3.906E+03
3.71367E+01,4.62317E+01,4.62317E+01,4.62317E+01,4.62317E+01,3.71367E+01,4.62317E+01,3.71367E+01,4.62317E+01,3.71367E+01,4.62317E+01,4.62317E+01,4.62317E+01,3.71367E+01,4.62317E+01,4.62317E+01,3.71367E+01,4.62317E+01,4.62317E+01,4.62317E+01,3.71367E+01,4.62317E+01,3.71367E+01,4.62317E+01,4.62317E+01,3.71367E+01,4.62317E+01,3.71367E+01,4.62317E+01,4.11223E+00,3.71367E+01,4.62317E+01,4.62317E+01,4.62317E+01,4.62317E+01,3.71367E+01,4.62317E+01,3.71367E+01,3.71367E+01,3.13012E-01,9.10236E-01 
#t = 3.948E+03
4.62317E+01,3.71367E+01,3.71367E+01,4.62317E+01,4.62317E+01,3.71367E+01,3.71367E+01,3.71367E+01,4.62317E+01,4.62317E+01,3.71367E+01,3.71367E+01,3.71367E+01,3.71367E+01,3.71367E+01,3.71367E+01,4.62317E+01,3.71367E+01,4.62317E+01,4.62317E+01,3.71367E+01,1.01422E+01,4.62317E+01,3.71367E+01,4.62317E+01,4.62317E+01,4.62317E+01,3.71367E+01,3.71367E+01,4.96946E-01,4.62317E+01,3.71367E+01,1.41029E+01,4.62317E+01,4.62317E+01,4.62317E+01,3.71367E+01,4.62317E+01,4.62317E+01,4.62317E+01,4.62317E+01,7.44897E-01,3.71367E+01,3.71367E+01,1.62412E+00 
#t = 3.990E+03
4.62317E+01,4.62317E+01,4.62317E+01,4.62317E+01,4.62317E+01,4.62317E+01,4.62317E+01,4.62317E+01,4.62317E+01,4.62317E+01,4.62317E+01,4.62317E+01,9.93873E+00,4.62317E+01,4.62317E+01,4.62317E+01,4.62317E+01,4.62317E+01,4.62317E+01,4.62317E+01,4.62317E+01,4.62317E+01,4.62317E+01,3.71367E+01,4.62317E+01,4.62317E+01,4.62317E+01,4.62317E+01,4.62317E+01,4.62317E+01,4.62317E+01,3.71367E+01,4.62317E+01,3.71367E+01,4.62317E+01,4.62317E+01,4.62317E+01,4.62317E+01,4.62317E+01,3.71367E+01,4.62317E+01,4.62317E+01,4.62317E+01,4.62317E+01,9.82530E+00,5.99296E+00,4.62317E+01,9.63349E+00,4.62317E+01,3.71367E+01,4.36567E-01,4.62317E+01,2.74431E+00 
#t = 4.032E+03
4.62317E+01,4.62317E+01,4.62317E+01,3.71367E+01,3.71367E+01,4.62317E+01,3.71367E+01,5.68672E+00,4.62317E+01,4.62317E+01,4.62317E+01,4.62317E+01,3.71367E+01,4.62317E+01,3.71367E+01,4.62317E+01,3.71367E+01,4.62317E+01,5.16249E+00,3.71367E+01,4.62317E+01,4.62317E+01,4.62317E+01,4.62317E+01,4.62317E+01,4.62317E+01,4.62317E+01,4.62317E+01,4.62317E+01,4.62317E+01,4.62317E+01,4.62317E+01,4.62317E+01 
#t = 4.074E+03
4.62317E+01,4.62317E+01,4.62317E+01,4.62317E+01,4.62317E+01,4.62317E+01,4.62317E+01,3.71367E+01,4.62317E+01,4.62317E+01,3.71367E+01,4.62317E+01,4.62317E+01,3.71367E+01,4.62317E+01,4.62317E+01,4.62317E+01,4.62317E+01,1.37208E+01,4.62317E+01,1.06426E+01,4.62317E+01,4.62317E+01,4.62317E+01,9.99605E+00,4.62317E+01,4.62317E+01,4.62317E+01,4.62317E+01,4.62317E+01,4.62317E+01,2.95428E+00,4.85240E+00,4.62317E+01,4.62317E+01,4.62317E+01 
#t = 4.116E+03
4.62317E+01,4.62317E+01,4.62317E+01,4.62317E+01,4.62317E+01,4.62317E+01,4.62317E+01,4.62317E+01,4.62317E+01,4.62317E+01,4.62317E+01,4.62317E+01,4.62317E+01,4.62317E+01,4.62317E+01,4.62317E+01,4.62317E+01,4.62317E+01,4.62317E+01,4.62317E+01,4.62317E+01,4.62317E+01,4.62317E+01,4.62317E+01,4.62317E+01,4.62317E+01,4.62317E+01,4.62317E+01,4.62317E+01,4.62317E+01,1.96087E+01,4.62317E+01,4.62317E+01,4.62317E+01,4.62317E+01,4.62317E+01,4.62317E+01,4.62317E+01,4.62317E+01,4.62317E+01,4.62317E+01,4.62317E+01,4.62317E+01 
#t = 4.158E+03
4.62317E+01,4.62317E+01,4.62317E+01,4.62317E+01,4.62317E+01,9.93324E+00,4.62317E+01,4.62317E+01,4.62317E+01,4.62317E+01,4.62317E+01,4.62317E+01,4.62317E+01,4.62317E+01,4.62317E+01,4.62317E+01,4.62317E+01,4.62317E+01,4.62317E+01,4.62317E+01,4.62317E+01,4.62317E+01,4.62317E+01,4.62317E+01,1.61775E+00,4.62317E+01,2.54312E+00,4.62317E+01,4.62317E+01,4.62317E+01 
#t = 4.200E+03
4.62317E+01,4.62317E+01,4.62317E+01,4.62317E+01,4.62317E+01,4.62317E+01,1.16358E+02,4.62317E+01,4.62317E+01,4.62317E+01,4.62317E+01,4.62317E+01,4.62317E+01,4.62317E+01,4.62317E+01,4.62317E+01,4.62317E+01,4.62317E+01,4.62317E+01,4.62317E+01,4.62317E+01,4.62317E+01,4.62317E+01,4.62317E+01,4.62317E+01,4.62317E+01,4.62317E+01,4.62317E+01,4.62317E+01,4.62317E+01,2.74161E+00,4.62317E+01,4.62317E+01,4.62317E+01,4.62317E+01,4.62317E+01,4.62317E+01,1.15682E+00,4.22073E-01,4.62317E+01 
