#t = 0.000E+00
9.10072E-01,3.19255E+00,3.58223E-01,8.63243E-02,1.34592E+01 
#t = 4.200E+01
2.30861E+01,2.30861E+01,2.30861E+01,2.30861E+01,2.30861E+01,2.30861E+01,2.28571E-01,2.30861E+01,2.30861E+01,2.30861E+01 
#t = 8.400E+01
2.30861E+01,2.30861E+01,2.30861E+01,2.30861E+01,2.30861E+01,2.30861E+01,2.30861E+01,2.30861E+01,2.30861E+01,2.30861E+01,2.30861E+01,2.30861E+01,1.13692E+01,2.30861E+01,2.30861E+01,2.30861E+01,2.30861E+01,2.30861E+01,2.30861E+01,2.30861E+01,2.30861E+01,2.30861E+01,1.54978E+00,2.30861E+01,2.30861E+01,2.30861E+01,2.30861E+01 
#t = 1.260E+02
2.30861E+01,2.30861E+01,2.30861E+01,2.30861E+01,2.30861E+01,2.30861E+01,2.30861E+01,1.43232E+01,2.30861E+01,2.30861E+01,2.30861E+01,2.30861E+01,2.30861E+01,7.13930E+00,2.30861E+01,2.30861E+01,2.30861E+01,2.30861E+01,2.30861E+01,2.30861E+01,2.30861E+01,2.49997E-01,2.30861E+01,2.30861E+01,2.30861E+01,2.30861E+01 
#t = 1.680E+02
2.30861E+01,2.30861E+01,2.30861E+01,2.30861E+01,2.30861E+01,2.30861E+01,2.30861E+01,2.30861E+01,2.30861E+01,2.30861E+01,2.30861E+01,2.30861E+01,2.30861E+01,2.30861E+01,2.30861E+01,2.30861E+01,2.30861E+01,1.34543E+01,1.94309E+01,2.51873E+00,2.76476E+00 
#t = 2.100E+02
2.30861E+01,2.30861E+01,2.30861E+01,2.30861E+01,2.30861E+01,2.30861E+01,7.35268E+00,2.30861E+01,2.30861E+01,2.30861E+01,2.30861E+01,2.30861E+01,4.93041E-01,2.30861E+01,2.30861E+01,2.30861E+01,2.30861E+01,2.30861E+01,2.30861E+01,7.16072E-01,2.30861E+01,2.30861E+01,2.30861E+01,2.30861E+01,2.30861E+01,7.34436E-01 
#t = 2.520E+02
2.30861E+01,2.30861E+01,2.30861E+01,2.30861E+01,2.30861E+01,2.30861E+01,2.30861E+01,2.30861E+01,2.30861E+01,2.30861E+01,2.30861E+01,2.30861E+01,2.30861E+01,2.30861E+01,2.30861E+01,2.30861E+01,2.30861E+01,2.30861E+01,2.30861E+01,2.30861E+01,2.30861E+01,2.30861E+01,2.30861E+01,7.91544E+00,2.30861E+01,2.30861E+01,9.19561E+00,2.30861E+01 
#t = 2.940E+02
2.30861E+01,2.30861E+01,2.30861E+01,2.30861E+01,2.30861E+01,1.11171E+01,2.30861E+01,2.30861E+01,2.30861E+01,2.30861E+01,2.30861E+01,2.30861E+01,2.30861E+01,5.00038E+01,5.00038E+01,2.30861E+01,2.30861E+01,2.30861E+01,2.30861E+01,5.00038E+01,2.30861E+01,5.00038E+01,2.30861E+01,2.30861E+01 
#t = 3.360E+02
2.30861E+01,2.30861E+01,5.00038E+01,2.30861E+01,2.30861E+01,5.00038E+01,5.00038E+01,5.00038E+01,2.30861E+01,5.00038E+01,5.00038E+01,5.00038E+01,1.84266E-01,1.25945E+01,5.00038E+01,2.30861E+01,1.25945E+01,5.00038E+01,2.55356E+01,1.25945E+01,5.00038E+01,5.00038E+01,5.00038E+01,5.00038E+01,2.30861E+01 
#t = 3.780E+02
5.00038E+01,2.30861E+01,2.55356E+01,2.55356E+01,2.30861E+01,5.00038E+01,5.00038E+01,2.30861E+01,5.00038E+01,2.55356E+01,2.30861E+01,5.00038E+01,2.30861E+01,2.30861E+01,5.00038E+01,5.00038E+01,5.00038E+01,2.55356E+01,5.00038E+01,1.33206E+01,2.30861E+01,7.43217E+00,5.00038E+01,1.33206E+01,2.30861E+01,2.55356E+01,5.00038E+01,1.33206E+01,5.00038E+01,2.30861E+01,5.00038E+01,2.30861E+01,2.30861E+01,5.00038E+01,2.30861E+01,2.30861E+01,5.00038E+01,5.00038E+01,2.30861E+01,5.00038E+01,5.00038E+01,2.30861E+01 
#t = 4.200E+02
2.30861E+01,1.33206E+01,2.30861E+01,5.00038E+01,2.55356E+01,5.00038E+01,9.57940E+00,5.00038E+01,5.00038E+01,5.00038E+01,5.00038E+01,5.00038E+01,2.30861E+01,2.55356E+01,5.00038E+01,2.55356E+01,5.00038E+01,5.00038E+01,5.00038E+01,5.00038E+01,2.55356E+01,5.00038E+01,3.65614E+00,5.00038E+01,5.00038E+01,1.33206E+01,2.96596E-01,2.30861E+01,2.34612E-01,5.00038E+01,5.00038E+01,1.88162E+00,5.00038E+01,5.00038E+01 
#t = 4.620E+02
5.00038E+01,2.55356E+01,5.00038E+01,5.00038E+01,5.00038E+01,2.30861E+01,5.00038E+01,5.00038E+01,5.00038E+01,2.55356E+01,5.00038E+01,5.00038E+01,5.00038E+01,5.00038E+01,5.00038E+01,5.00038E+01,5.00038E+01,5.00038E+01,2.30861E+01,5.00038E+01,5.00038E+01,5.00038E+01,5.00038E+01,2.30861E+01,5.00038E+01,5.00038E+01,5.00038E+01,2.58858E+01,2.30861E+01,5.00038E+01,5.00038E+01,5.00038E+01,2.30861E+01,5.00038E+01,5.00038E+01,5.00038E+01,5.00038E+01,5.00038E+01,5.00038E+01,1.87419E+00,5.00038E+01,5.00038E+01,2.30861E+01 
#t = 5.040E+02
5.00038E+01,5.00038E+01,2.30861E+01,2.30861E+01,5.00038E+01,5.00038E+01,2.30861E+01,2.30861E+01,2.55356E+01,2.55356E+01,5.00038E+01,5.00038E+01,2.30861E+01,1.60003E+01,5.00038E+01,5.00038E+01,5.00038E+01,5.00038E+01,5.00038E+01,1.31418E+01,5.00038E+01,5.00038E+01,5.00038E+01,5.00038E+01,5.00038E+01,5.00038E+01,2.30861E+01,5.00038E+01,2.55356E+01,2.55356E+01,5.00038E+01,5.00038E+01,5.00038E+01,1.43868E-01,5.00038E+01 
#t = 5.460E+02
5.00038E+01,2.55356E+01,2.30861E+01,5.00038E+01,2.30861E+01,5.00038E+01,5.00038E+01,5.00038E+01,2.30861E+01,5.00038E+01,5.00038E+01,2.30861E+01,5.00038E+01,5.00038E+01,5.00038E+01,9.28134E+00,1.26561E+01,5.00038E+01,5.00038E+01,5.00038E+01,5.00038E+01,5.00038E+01,5.00038E+01,5.00038E+01,5.00038E+01,5.00038E+01,5.00038E+01,5.00038E+01,5.00038E+01,5.00038E+01,5.00038E+01,2.30861E+01,3.63969E-01,5.00038E+01,2.30861E+01,1.71742E+00,5.00038E+01,3.21927E+00 
#t = 5.880E+02
5.00038E+01,5.00038E+01,5.00038E+01,5.00038E+01,5.00038E+01,3.68379E+01,5.00038E+01,9.77413E+00,5.00038E+01,5.00038E+01,5.00038E+01,5.00038E+01,5.00038E+01,5.00038E+01,5.00038E+01,5.00038E+01,5.00038E+01,5.00038E+01,2.30861E+01,5.00038E+01,2.30861E+01,5.00038E+01,5.00038E+01,5.00038E+01,1.37455E+01,5.00038E+01,2.30861E+01,5.00038E+01,2.30861E+01,5.00038E+01,5.00038E+01 
#t = 6.300E+02
5.00038E+01,5.00038E+01,1.37455E+01,2.30861E+01,2.30861E+01,2.30861E+01,5.00038E+01,5.00038E+01,5.00038E+01,5.00038E+01,5.00038E+01,2.30861E+01,5.00038E+01,5.00038E+01,5.00038E+01,5.00038E+01,2.30861E+01,2.30861E+01,5.00038E+01,5.00038E+01,2.30861E+01,5.00038E+01,2.30861E+01,5.00038E+01,5.00038E+01,2.30861E+01,2.30861E+01,5.00038E+01,5.00038E+01,5.00038E+01 
#t = 6.720E+02
5.00038E+01,5.00038E+01,5.00038E+01,1.71289E+01,5.00038E+01,5.00038E+01,1.71289E+01,5.00038E+01,5.00038E+01,2.30861E+01,5.00038E+01,1.71289E+01,5.00038E+01,5.00038E+01,5.00038E+01,5.00038E+01,5.00038E+01,5.00038E+01,5.00038E+01,5.00038E+01,4.78469E+00,5.11802E+00,3.55252E+01,5.00038E+01,7.51185E+00,3.55252E+01,1.50605E+00,5.00038E+01,5.00038E+01,5.00038E+01 
#t = 7.140E+02
5.00038E+01,5.00038E+01,5.00038E+01,5.00038E+01,5.00038E+01,5.00038E+01,5.00038E+01,5.00038E+01,5.00038E+01,5.00038E+01,5.00038E+01,6.09985E+00,5.00038E+01,2.01904E+01,2.01904E+01,5.00038E+01,5.00038E+01,5.00038E+01,5.00038E+01,5.00038E+01,5.00038E+01,5.00038E+01,5.00038E+01,5.00038E+01,5.00038E+01,5.00038E+01,5.00038E+01,5.00038E+01,2.13688E+00,5.00038E+01 
#t = 7.560E+02
5.00038E+01,5.00038E+01,5.00038E+01,5.00038E+01,1.18556E+01,5.00038E+01,5.00038E+01,5.00038E+01,5.00038E+01,1.18556E+01,5.00038E+01,5.00038E+01,1.16555E+01,5.00038E+01,5.00038E+01,5.00038E+01,5.00038E+01,5.00038E+01,5.00038E+01,5.00038E+01,5.00038E+01,5.00038E+01,5.00038E+01,5.00038E+01,5.00038E+01,1.18556E+01,5.00038E+01,5.00038E+01,5.00038E+01,5.00038E+01,5.00038E+01,3.68282E+00,5.00038E+01,5.00038E+01,5.00038E+01,5.00038E+01,5.00038E+01,5.00038E+01,5.00038E+01,5.00038E+01,1.78384E+00 
#t = 7.980E+02
5.00038E+01,5.00038E+01,5.00038E+01,1.16555E+01,5.00038E+01,1.18556E+01,5.00038E+01,5.00038E+01,5.00038E+01,5.00038E+01,5.00038E+01,4.72010E+01,5.00038E+01,5.00038E+01,5.00038E+01,1.16555E+01,5.00038E+01,5.00038E+01,5.00038E+01,5.00038E+01,1.16555E+01,5.00038E+01,1.18556E+01,5.00038E+01,5.00038E+01,5.00038E+01,5.00038E+01,5.00038E+01,5.00038E+01,5.00038E+01,5.00038E+01,5.00038E+01,5.00038E+01,5.00038E+01,5.00038E+01,5.00038E+01 
#t = 8.400E+02
1.16555E+01,5.00038E+01,5.00038E+01,5.00038E+01,5.00038E+01,5.00038E+01,1.16555E+01,5.00038E+01,5.00038E+01,5.00038E+01,5.00038E+01,1.16555E+01,5.00038E+01,5.00038E+01,1.16555E+01,5.00038E+01,5.00038E+01,5.00038E+01,5.00038E+01,5.00038E+01,5.00038E+01,5.00038E+01,5.00038E+01,5.00038E+01,5.00038E+01,5.00038E+01,5.00038E+01,5.00038E+01,5.00038E+01,5.00038E+01,5.00038E+01,5.00038E+01,5.00038E+01,5.00038E+01,1.29969E+01,5.00038E+01,5.00038E+01,5.00038E+01,5.00038E+01,5.00038E+01,5.00038E+01,1.16555E+01,5.00038E+01 
#t = 8.820E+02
5.00038E+01,1.29969E+01,5.00038E+01,5.00038E+01,1.16555E+01,5.00038E+01,5.00038E+01,5.00038E+01,1.37975E+01,5.00038E+01,5.73132E+01,5.73132E+01,5.00038E+01,1.37975E+01,5.73132E+01,5.00038E+01,5.00038E+01,5.73132E+01,5.00038E+01,5.00038E+01,5.00038E+01,5.00038E+01,5.00038E+01,1.85333E+01,1.63021E+01,5.00038E+01,5.00038E+01,5.00038E+01,5.00038E+01,5.00038E+01,1.85333E+01,5.73132E+01,5.00038E+01,5.73132E+01,5.00038E+01,5.00038E+01,5.00038E+01,5.00038E+01,5.00038E+01,5.00038E+01 
#t = 9.240E+02
5.00038E+01,5.73132E+01,5.73132E+01,5.73132E+01,1.85333E+01,5.73132E+01,1.37975E+01,5.00038E+01,5.00038E+01,5.00038E+01,5.00038E+01,5.73132E+01,9.87405E+01,5.73132E+01,5.00038E+01,5.73132E+01,5.00038E+01,5.73132E+01,5.73132E+01,5.00038E+01,5.73132E+01,5.73132E+01,9.87405E+01,5.00038E+01,1.37975E+01,9.87405E+01,6.96711E+00,5.73132E+01,5.73132E+01,5.00038E+01,5.00038E+01,5.00038E+01,5.00038E+01,1.16555E+01,5.73132E+01,9.87405E+01 
#t = 9.660E+02
5.73132E+01,5.00038E+01,5.73132E+01,5.00038E+01,5.00038E+01,5.73132E+01,5.73132E+01,3.22920E+01,5.73132E+01,1.19726E+01,5.73132E+01,5.73132E+01,5.73132E+01,5.73132E+01,5.73132E+01,5.73132E+01,5.00038E+01,5.73132E+01,5.00038E+01,5.73132E+01,5.73132E+01,5.73132E+01,5.73132E+01,5.73132E+01,5.00038E+01,5.73132E+01,5.00038E+01,5.73132E+01,5.73132E+01,5.00038E+01,5.73132E+01,5.73132E+01,5.00038E+01,5.00038E+01,5.73132E+01,1.19726E+01,1.88671E+01,5.73132E+01,5.73132E+01,1.38116E+01,5.73132E+01,3.22920E+01,7.30361E-01,3.22920E+01 
#t = 1.008E+03
5.73132E+01,5.73132E+01,5.00038E+01,5.00038E+01,5.73132E+01,5.73132E+01,5.73132E+01,3.22920E+01,5.00038E+01,5.73132E+01,5.00038E+01,5.73132E+01,3.22920E+01,5.73132E+01,5.00038E+01,5.73132E+01,5.00038E+01,5.00038E+01,5.73132E+01,2.11935E+01,5.73132E+01,5.73132E+01,5.00038E+01,3.22920E+01,5.00038E+01,5.00038E+01,5.00038E+01,5.00038E+01,5.00038E+01,5.73132E+01,9.42001E-01,5.73132E+01,4.92806E-01,5.73132E+01,2.41785E+00,5.73132E+01,5.73132E+01,5.00038E+01,5.00038E+01,5.73132E+01 
#t = 1.050E+03
5.73132E+01,5.73132E+01,3.22920E+01,5.00038E+01,3.22920E+01,5.00038E+01,4.16647E+01,4.16647E+01,5.73132E+01,5.00038E+01,5.73132E+01,5.73132E+01,5.73132E+01,3.23258E+01,3.22920E+01,5.73132E+01,5.73132E+01,4.61868E+00,3.23258E+01,5.00038E+01,5.00038E+01,5.73132E+01,5.73132E+01,5.00038E+01,5.00038E+01,5.73132E+01,5.00038E+01,5.00038E+01,1.96880E+00,5.00038E+01,5.00038E+01,5.00038E+01,5.73132E+01 
#t = 1.092E+03
5.00038E+01,5.73132E+01,5.73132E+01,5.00038E+01,5.73132E+01,5.00038E+01,5.00038E+01,5.00038E+01,5.00038E+01,5.73132E+01,5.73132E+01,3.23258E+01,5.00038E+01,5.00038E+01,5.00038E+01,1.99111E+01,3.23258E+01,5.73132E+01,5.00038E+01,5.00038E+01,5.73132E+01,5.73132E+01,5.73132E+01,5.00038E+01,5.73132E+01,5.00038E+01,5.00038E+01,5.00038E+01,5.00038E+01,5.00038E+01,5.73132E+01,5.73132E+01,5.00038E+01,5.00038E+01,5.73132E+01,5.00038E+01,5.00038E+01,5.00038E+01,5.73132E+01,5.00038E+01 
#t = 1.134E+03
5.00038E+01,5.00038E+01,5.00038E+01,5.00038E+01,5.00038E+01,5.00038E+01,5.73132E+01,5.73132E+01,5.73132E+01,1.50651E+01,5.00038E+01,5.73132E+01,5.00038E+01,5.73132E+01,5.00038E+01,5.00038E+01,5.73132E+01,5.73132E+01,5.00038E+01,5.00038E+01,5.73132E+01,5.73132E+01,5.00038E+01,5.00038E+01,5.00038E+01,5.73132E+01,5.00038E+01,5.73132E+01,1.50651E+01,1.08915E+00,5.73132E+01,5.00038E+01,5.00038E+01,5.00038E+01,5.00038E+01,8.78374E+00,5.00038E+01,5.00038E+01 
#t = 1.176E+03
5.00038E+01,5.73132E+01,5.73132E+01,5.00038E+01,1.50651E+01,5.00038E+01,5.73132E+01,5.00038E+01,5.73132E+01,5.00038E+01,5.73132E+01,5.73132E+01,5.73132E+01,5.73132E+01,5.73132E+01,5.73132E+01,5.73132E+01,5.73132E+01,5.73132E+01,1.50651E+01,3.94304E+01,5.00038E+01,5.00038E+01,1.43240E+01,5.73132E+01,1.50651E+01,5.73132E+01,1.50651E+01,1.03989E+01,5.00038E+01,5.00038E+01,3.94304E+01,5.00038E+01,1.50651E+01,1.50651E+01,2.42676E+00,5.00038E+01,5.73132E+01,5.73132E+01,5.73132E+01,5.73132E+01,5.62902E-02,5.73132E+01,5.73132E+01 
#t = 1.218E+03
5.00038E+01,5.73132E+01,5.73132E+01,5.73132E+01,5.73132E+01,2.29253E+01,5.00038E+01,5.73132E+01,5.73132E+01,5.00038E+01,5.00038E+01,5.00038E+01,5.73132E+01,5.73132E+01,5.73132E+01,5.00038E+01,5.73132E+01,5.73132E+01,5.00038E+01,5.00038E+01,5.00038E+01,5.73132E+01,5.73132E+01,5.73132E+01,5.73132E+01,5.73132E+01,5.73132E+01,5.73132E+01,5.73132E+01,1.58252E+01,5.73132E+01,5.00038E+01,5.73132E+01,5.73132E+01,5.00038E+01,5.73132E+01,5.73132E+01,5.73132E+01,5.00038E+01,5.00038E+01,7.49465E-01 
#t = 1.260E+03
5.00038E+01,5.73132E+01,5.73132E+01,5.00038E+01,5.00038E+01,5.00038E+01,5.73132E+01,5.73132E+01,5.73132E+01,5.73132E+01,5.00038E+01,5.73132E+01,7.93513E+00,5.73132E+01,4.66589E+00,5.73132E+01,5.73132E+01,5.73132E+01,5.73132E+01,5.73132E+01,5.73132E+01,5.00038E+01,5.00038E+01,5.00038E+01,5.73132E+01,5.73132E+01,5.00038E+01,5.00038E+01,1.45781E+01,5.00038E+01,5.73132E+01,5.73132E+01,5.73132E+01,5.00038E+01,5.00038E+01,5.73132E+01,1.46259E+00,5.73132E+01,5.73132E+01 
#t = 1.302E+03
5.73132E+01,5.00038E+01,5.00038E+01,5.00038E+01,5.73132E+01,5.73132E+01,5.73132E+01,5.73132E+01,5.00038E+01,5.73132E+01,5.73132E+01,5.73132E+01,5.00038E+01,5.00038E+01,5.73132E+01,5.00038E+01,5.73132E+01,5.73132E+01,5.73132E+01,5.00038E+01,5.00038E+01,5.73132E+01,5.00038E+01,5.73132E+01,5.00038E+01,5.73132E+01,5.00038E+01,5.00038E+01,5.00038E+01,5.73132E+01,5.73132E+01,5.00038E+01,5.73132E+01,5.73132E+01,5.73132E+01,5.73132E+01,5.73132E+01,5.73132E+01,3.04658E-01,5.00038E+01,5.73132E+01,2.01411E+00,5.73132E+01 
#t = 1.344E+03
5.00038E+01,5.00038E+01,5.00038E+01,5.00038E+01,5.00038E+01,5.00038E+01,5.73132E+01,5.73132E+01,5.00038E+01,5.00038E+01,5.00038E+01,5.73132E+01,5.73132E+01,5.73132E+01,5.73132E+01,5.73132E+01,5.00038E+01,5.73132E+01,5.73132E+01,5.00038E+01,5.00038E+01,5.00038E+01,5.73132E+01,5.00038E+01,5.73132E+01,5.00038E+01,5.00038E+01,4.39781E+00,5.73132E+01,5.00038E+01,5.00038E+01,5.73132E+01,5.00038E+01,5.00038E+01,5.73132E+01,5.73132E+01,5.00038E+01,3.16696E-01,5.73132E+01,5.73132E+01,5.00038E+01,1.83087E-01 
#t = 1.386E+03
5.00038E+01,5.73132E+01,5.00038E+01,5.00038E+01,5.00038E+01,5.00038E+01,5.00038E+01,5.00038E+01,5.00038E+01,5.00038E+01,5.00038E+01,5.73132E+01,5.00038E+01,5.00038E+01,5.00038E+01,5.00038E+01,5.00038E+01,8.98015E+00,5.00038E+01,5.73132E+01,5.00038E+01,5.00038E+01,5.73132E+01,5.73132E+01,5.00038E+01,5.00038E+01,5.00038E+01,5.00038E+01,5.73132E+01,5.00038E+01,5.00038E+01,5.00038E+01,5.00038E+01,5.73132E+01,5.73132E+01,5.00038E+01,5.00038E+01,5.73132E+01,5.00038E+01,5.00038E+01,9.28354E-01,5.00038E+01,5.00038E+01,5.00038E+01,5.00038E+01,5.00038E+01 
#t = 1.428E+03
5.00038E+01,5.00038E+01,5.00038E+01,5.00038E+01,5.00038E+01,5.00038E+01,5.73132E+01,5.73132E+01,5.00038E+01,5.00038E+01,5.00038E+01,5.00038E+01,5.00038E+01,5.00038E+01,5.00038E+01,5.73132E+01,5.00038E+01,5.00038E+01,5.00038E+01,5.00038E+01,5.73132E+01,5.00038E+01,5.00038E+01,5.00038E+01,5.73132E+01,5.00038E+01,5.00038E+01,5.00038E+01,5.73132E+01,5.00038E+01,2.19860E+01,5.00038E+01,5.73132E+01,2.19860E+01,5.73132E+01,6.52444E+00,1.13569E-01,5.73132E+01,5.73132E+01,5.00038E+01,5.00038E+01,5.00038E+01,5.73132E+01,5.00038E+01,5.00038E+01,5.00038E+01,5.73132E+01,5.00038E+01,5.73132E+01 
#t = 1.470E+03
5.00038E+01,5.00038E+01,5.73132E+01,2.19860E+01,5.73132E+01,5.73132E+01,5.00038E+01,5.73132E+01,5.00038E+01,5.00038E+01,5.00038E+01,5.00038E+01,5.00038E+01,5.73132E+01,5.73132E+01,5.00038E+01,5.00038E+01,5.73132E+01,5.00038E+01,5.73132E+01,5.00038E+01,5.00038E+01,5.73132E+01,5.73132E+01,5.73132E+01,5.73132E+01,5.73132E+01,5.00038E+01,5.73132E+01,5.00038E+01,5.00038E+01,1.23195E+00,5.00038E+01,5.73132E+01,1.60152E+01,5.00038E+01,5.00038E+01,5.00038E+01 
#t = 1.512E+03
5.73132E+01,5.73132E+01,5.00038E+01,5.73132E+01,5.00038E+01,5.00038E+01,2.87694E+01,5.00038E+01,5.00038E+01,5.00038E+01,5.00038E+01,5.00038E+01,5.73132E+01,5.00038E+01,5.73132E+01,5.00038E+01,5.00038E+01,5.73132E+01,5.00038E+01,5.73132E+01,5.00038E+01,5.00038E+01,5.73132E+01,5.00038E+01,5.00038E+01,5.00038E+01,5.73132E+01,5.00038E+01,5.00038E+01,5.00038E+01,5.00038E+01,5.00038E+01,5.00038E+01,2.87694E+01,5.73132E+01,5.00038E+01,5.00038E+01,5.00038E+01,1.46494E-01,5.00038E+01,6.92735E+00,5.73132E+01,3.93298E+00,5.00038E+01,5.00038E+01,5.00038E+01 
#t = 1.554E+03
5.00038E+01,5.00038E+01,5.73132E+01,5.73132E+01,5.73132E+01,5.00038E+01,5.00038E+01,5.00038E+01,5.00038E+01,5.00038E+01,5.00038E+01,5.73132E+01,5.00038E+01,5.73132E+01,5.00038E+01,5.00038E+01,5.73132E+01,5.73132E+01,5.73132E+01,5.00038E+01,5.00038E+01,5.00038E+01,5.00038E+01,5.00038E+01,5.00038E+01,5.00038E+01,5.00038E+01,5.73132E+01,5.00038E+01,5.00038E+01,5.73132E+01,5.73132E+01,5.00038E+01,5.00038E+01,5.00038E+01,5.00038E+01,5.00038E+01,5.00038E+01,5.00038E+01,5.00038E+01,5.73132E+01,5.00038E+01,5.73132E+01 
#t = 1.596E+03
5.00038E+01,5.73132E+01,5.00038E+01,5.00038E+01,5.00038E+01,5.00038E+01,5.00038E+01,5.00038E+01,5.00038E+01,5.00038E+01,5.00038E+01,5.73132E+01,4.35753E+01,1.05463E+01,5.00038E+01,5.73132E+01,5.00038E+01,5.00038E+01,5.00038E+01,5.00038E+01,4.35753E+01,5.00038E+01,5.00038E+01,5.00038E+01,5.00038E+01,5.00038E+01,5.00038E+01,5.00038E+01,4.86363E+01,5.00038E+01,5.73132E+01,5.00038E+01,1.05463E+01,1.87475E+00,6.28871E-02 
#t = 1.638E+03
5.73132E+01,5.73132E+01,5.73132E+01,5.00038E+01,5.00038E+01,5.00038E+01,5.00038E+01,5.00038E+01,5.00038E+01,5.73132E+01,5.00038E+01,5.73132E+01,5.00038E+01,5.73132E+01,5.00038E+01,5.73132E+01,5.00038E+01,5.00038E+01,5.00038E+01,5.00038E+01,5.00038E+01,5.00038E+01,5.00038E+01,5.73132E+01,5.00038E+01,5.00038E+01,5.00038E+01,5.00038E+01,5.00038E+01,5.00038E+01,5.00038E+01,5.73132E+01,5.73132E+01,2.05658E-02,1.45203E-01,1.96043E-01 
#t = 1.680E+03
5.73132E+01,5.73132E+01,5.73132E+01,5.73132E+01,5.00038E+01,5.73132E+01,5.73132E+01,5.00038E+01,5.73132E+01,5.00038E+01,5.00038E+01,1.42511E+01,5.00038E+01,5.00038E+01,5.00038E+01,1.56992E-01,5.00038E+01,5.73132E+01,5.00038E+01,5.73132E+01,5.00038E+01,5.73132E+01,5.73132E+01,5.00038E+01,5.00038E+01,5.73132E+01,5.00038E+01,5.00038E+01,5.00038E+01,5.00038E+01,5.73132E+01,5.73132E+01,5.73132E+01,5.73132E+01,5.73132E+01,5.00038E+01,5.73132E+01,7.07212E-01,1.81149E+00,3.93102E-01,5.00038E+01 
#t = 1.722E+03
5.00038E+01,5.00038E+01,5.73132E+01,5.00038E+01,5.73132E+01,5.73132E+01,5.73132E+01,5.73132E+01,5.73132E+01,5.73132E+01,5.00038E+01,5.73132E+01,5.73132E+01,5.00038E+01,5.73132E+01,5.00038E+01,5.73132E+01,5.73132E+01,5.73132E+01,1.14255E+01,5.00038E+01,5.00038E+01,5.00038E+01,5.00038E+01,5.73132E+01,5.73132E+01,5.73132E+01,5.73132E+01,5.73132E+01,5.73132E+01,5.73132E+01,1.14255E+01,5.73132E+01,5.00038E+01,1.14255E+01,5.00038E+01,7.58186E+00,5.00038E+01,5.00038E+01 
#t = 1.764E+03
5.73132E+01,5.73132E+01,5.73132E+01,5.73132E+01,5.00038E+01,5.73132E+01,5.00038E+01,5.73132E+01,5.00038E+01,5.00038E+01,5.73132E+01,5.73132E+01,5.73132E+01,5.00038E+01,5.73132E+01,5.00038E+01,5.73132E+01,5.73132E+01,5.73132E+01,5.73132E+01,5.73132E+01,5.73132E+01,5.73132E+01,5.73132E+01,5.00038E+01,5.73132E+01,5.73132E+01,5.73132E+01,5.73132E+01,5.73132E+01,5.00038E+01,5.73132E+01 
#t = 1.806E+03
5.73132E+01,5.00038E+01,5.73132E+01,5.73132E+01,5.73132E+01,5.73132E+01,5.00038E+01,5.00038E+01,5.73132E+01,5.00038E+01,5.00038E+01,5.73132E+01,5.73132E+01,5.73132E+01,5.73132E+01,2.32138E+01,5.00038E+01,5.73132E+01,5.73132E+01,5.73132E+01,5.00038E+01,5.73132E+01,5.73132E+01,5.00038E+01,5.73132E+01,5.73132E+01,5.73132E+01,5.73132E+01,5.73132E+01,4.52150E-01,5.00038E+01,2.43138E+00 
#t = 1.848E+03
5.73132E+01,5.73132E+01,5.73132E+01,5.73132E+01,5.73132E+01,5.73132E+01,5.73132E+01,5.73132E+01,5.73132E+01,5.73132E+01,5.73132E+01,5.73132E+01,5.73132E+01,5.73132E+01,5.73132E+01,5.73132E+01,5.73132E+01,5.73132E+01,5.73132E+01,5.73132E+01,5.73132E+01,5.73132E+01,5.73132E+01,5.73132E+01,1.26999E+01,5.73132E+01,5.73132E+01,5.73132E+01,5.73132E+01,5.73132E+01,5.73132E+01,5.73132E+01,5.73132E+01,5.73132E+01,5.73132E+01,5.73132E+01,5.73132E+01,5.73132E+01,5.73132E+01,5.73132E+01,5.73132E+01,5.73132E+01,5.73132E+01,2.49388E+01,5.73132E+01,5.73132E+01 
#t = 1.890E+03
5.73132E+01,5.73132E+01,5.73132E+01,1.26999E+01,5.73132E+01,5.73132E+01,5.73132E+01,5.73132E+01,5.73132E+01,5.73132E+01,5.73132E+01,5.73132E+01,5.73132E+01,5.73132E+01,5.73132E+01,5.73132E+01,5.73132E+01,5.73132E+01,5.73132E+01,5.73132E+01,5.11556E+00,5.73132E+01,5.73132E+01,5.73132E+01,5.73132E+01,5.73132E+01,5.73132E+01,5.73132E+01,5.73132E+01,5.73132E+01,5.73132E+01,5.73132E+01,5.73132E+01,5.73132E+01,5.73132E+01,5.73132E+01,5.73132E+01,1.26999E+01,5.73132E+01,5.73132E+01,5.73132E+01,5.73132E+01,5.73132E+01,1.26999E+01,2.81825E+00,5.73132E+01,5.73132E+01,5.73132E+01,5.73132E+01,5.73132E+01,5.73132E+01,5.73132E+01,1.05507E+00 
#t = 1.932E+03
5.73132E+01,5.73132E+01,5.73132E+01,5.73132E+01,5.73132E+01,5.73132E+01,5.73132E+01,5.73132E+01,5.73132E+01,5.73132E+01,5.73132E+01,5.73132E+01,5.73132E+01,2.85852E+01,5.73132E+01,5.73132E+01,1.35224E+01,5.73132E+01,5.73132E+01,5.73132E+01,5.73132E+01,5.73132E+01,5.73132E+01,5.73132E+01,5.73132E+01,5.73132E+01,5.73132E+01,5.73132E+01,5.73132E+01,5.73132E+01,5.73132E+01,5.73132E+01,5.73132E+01,5.73132E+01,5.73132E+01,5.73132E+01,5.73132E+01,5.73132E+01,7.33307E-01,5.73132E+01,5.73132E+01,6.94588E+00,5.73132E+01,5.73132E+01 
#t = 1.974E+03
5.73132E+01,5.73132E+01,5.73132E+01,5.73132E+01,5.73132E+01,5.73132E+01,5.73132E+01,5.73132E+01,5.73132E+01,5.73132E+01,5.73132E+01,5.73132E+01,5.73132E+01,5.73132E+01,5.73132E+01,5.73132E+01,5.73132E+01,5.73132E+01,5.73132E+01,5.73132E+01,5.73132E+01,5.73132E+01,5.73132E+01,5.73132E+01,5.73132E+01,5.73132E+01,5.73132E+01,5.73132E+01,5.73132E+01,5.73132E+01,5.73132E+01,5.73132E+01,5.73132E+01,5.73132E+01,5.73132E+01,5.73132E+01,4.01937E+00,5.73132E+01,5.73132E+01,5.73132E+01,5.73132E+01 
#t = 2.016E+03
5.73132E+01,5.73132E+01,5.73132E+01,5.73132E+01,5.73132E+01,1.53732E+01,5.73132E+01,5.73132E+01,5.73132E+01,5.73132E+01,5.73132E+01,1.53732E+01,5.73132E+01,5.73132E+01,5.73132E+01,5.73132E+01,5.73132E+01,5.73132E+01,5.73132E+01,5.73132E+01,5.73132E+01,5.73132E+01,5.73132E+01,5.73132E+01,5.73132E+01,5.73132E+01,5.73132E+01,5.73132E+01,6.73522E-01,1.36002E+01,2.07983E+00,5.73132E+01 
#t = 2.058E+03
5.73132E+01,1.53732E+01,5.73132E+01,5.73132E+01,5.73132E+01,5.73132E+01,1.53732E+01,5.73132E+01,5.73132E+01,5.73132E+01,5.73132E+01,1.53732E+01,5.73132E+01,5.73132E+01,5.73132E+01,1.53732E+01,5.73132E+01,5.73132E+01,5.73132E+01,1.53732E+01,5.73132E+01,1.53732E+01,5.73132E+01,5.73132E+01,5.73132E+01,5.73132E+01,5.73132E+01,5.73132E+01,1.52632E+01,5.73132E+01,6.26510E+00,5.73132E+01,5.73132E+01,5.73132E+01,5.73132E+01,5.73132E+01,5.73132E+01,5.73132E+01,5.73132E+01,2.72364E-01,1.66997E-01,5.73132E+01,5.73132E+01,5.73132E+01 
#t = 2.100E+03
1.53732E+01,5.73132E+01,5.73132E+01,5.73132E+01,5.73132E+01,1.53732E+01,2.36658E+01,5.73132E+01,5.73132E+01,1.53732E+01,5.73132E+01,2.46542E+01,1.53732E+01,5.73132E+01,1.53732E+01,1.53732E+01,5.73132E+01,1.53732E+01,5.73132E+01,5.73132E+01,5.73132E+01,2.46542E+01,5.73132E+01,2.46542E+01,2.36658E+01,5.73132E+01,2.36658E+01,5.73132E+01,5.73132E+01,2.36658E+01,1.17878E+00,5.73132E+01,5.73132E+01 
#t = 2.142E+03
5.73132E+01,5.73132E+01,5.73132E+01,5.73132E+01,2.36658E+01,5.73132E+01,5.73132E+01,5.73132E+01,5.73132E+01,5.73132E+01,5.73132E+01,5.73132E+01,5.73132E+01,5.73132E+01,2.36658E+01,5.73132E+01,2.36658E+01,5.73132E+01,5.73132E+01,2.36658E+01,2.36658E+01,5.73132E+01,5.73132E+01,5.73132E+01,5.73132E+01,5.73132E+01,2.36658E+01,5.73132E+01,5.73132E+01,5.73132E+01,5.73132E+01,5.73132E+01,5.73132E+01,3.32242E+00,5.44909E-01,2.36658E+01,5.73132E+01 
#t = 2.184E+03
5.73132E+01,5.73132E+01,2.36658E+01,5.73132E+01,5.73132E+01,5.73132E+01,5.73132E+01,5.73132E+01,5.73132E+01,5.73132E+01,1.30218E+01,5.73132E+01,5.73132E+01,1.11039E+01,1.30218E+01,5.73132E+01,5.73132E+01,5.73132E+01,5.73132E+01,5.73132E+01,5.73132E+01,5.73132E+01,5.73132E+01,5.73132E+01,2.36658E+01,2.36658E+01,2.03217E+01,5.73132E+01,5.73132E+01,5.73132E+01,1.30218E+01,5.73132E+01,1.30218E+01,5.73132E+01,5.73132E+01,5.73132E+01,5.73132E+01,5.73132E+01,4.65736E+00,1.30218E+01,5.73132E+01,5.73132E+01,2.03217E+01,1.30218E+01,1.30218E+01,1.30218E+01,1.75015E+00,2.36658E+01 
#t = 2.226E+03
5.73132E+01,1.11039E+01,5.73132E+01,2.36658E+01,5.73132E+01,5.73132E+01,5.73132E+01,5.73132E+01,5.73132E+01,1.30218E+01,2.03217E+01,5.73132E+01,5.73132E+01,5.73132E+01,5.73132E+01,5.73132E+01,1.30218E+01,5.73132E+01,5.73132E+01,5.73132E+01,5.73132E+01,5.73132E+01,5.73132E+01,2.35216E+01,5.73132E+01,8.85557E+00,5.73132E+01,5.73132E+01,5.73132E+01,2.35216E+01,5.73132E+01,1.11039E+01,8.38558E+00,5.73132E+01,2.36658E+01,5.73132E+01 
#t = 2.268E+03
5.73132E+01,5.73132E+01,8.38558E+00,2.03217E+01,1.30218E+01,5.73132E+01,5.73132E+01,5.73132E+01,5.73132E+01,5.73132E+01,5.73132E+01,5.73132E+01,5.73132E+01,5.73132E+01,5.73132E+01,5.73132E+01,5.73132E+01,5.73132E+01,5.73132E+01,5.73132E+01,5.73132E+01,5.73132E+01,5.73132E+01,5.73132E+01,5.73132E+01,5.73132E+01,4.99737E-02,5.73132E+01,5.73132E+01,5.73132E+01,1.30218E+01,5.73132E+01,5.73132E+01,5.73132E+01,5.73132E+01 
#t = 2.310E+03
5.73132E+01,5.73132E+01,5.73132E+01,5.73132E+01,5.73132E+01,5.73132E+01,5.73132E+01,5.73132E+01,5.73132E+01,5.73132E+01,5.73132E+01,5.73132E+01,1.30218E+01,5.73132E+01,5.73132E+01,5.73132E+01,5.73132E+01,5.73132E+01,5.73132E+01,5.73132E+01,5.73132E+01,5.73132E+01,5.73132E+01,5.73132E+01,5.73132E+01,5.73132E+01,5.73132E+01,5.73132E+01,5.73132E+01,5.73132E+01,5.73132E+01,5.73132E+01,5.73132E+01,5.73132E+01,5.73132E+01,5.73132E+01,5.73132E+01,5.73132E+01,5.73132E+01,5.73132E+01,5.73132E+01,5.73132E+01,5.73132E+01,5.73132E+01,5.73132E+01,5.73132E+01,5.73132E+01,5.73132E+01,5.73132E+01 
#t = 2.352E+03
5.73132E+01,5.73132E+01,5.73132E+01,5.73132E+01,5.73132E+01,5.73132E+01,5.73132E+01,5.73132E+01,5.73132E+01,5.73132E+01,5.73132E+01,5.73132E+01,3.98836E+00,5.73132E+01,5.73132E+01,5.73132E+01,5.73132E+01,5.73132E+01,5.73132E+01,5.73132E+01,5.73132E+01,5.73132E+01,5.73132E+01,5.73132E+01,5.73132E+01,5.73132E+01,5.73132E+01,5.73132E+01,5.73132E+01,5.73132E+01,5.73132E+01,5.73132E+01,5.73132E+01,5.73132E+01,5.73132E+01,5.73132E+01,5.73132E+01,5.73132E+01,1.08996E+00 
#t = 2.394E+03
5.73132E+01,5.73132E+01,5.73132E+01,5.73132E+01,5.73132E+01,5.73132E+01,5.73132E+01,5.73132E+01,5.73132E+01,5.73132E+01,5.73132E+01,5.73132E+01,5.73132E+01,5.73132E+01,5.73132E+01,5.73132E+01,5.73132E+01,5.73132E+01,5.73132E+01,5.73132E+01,5.73132E+01,5.73132E+01,5.73132E+01,5.73132E+01,5.73132E+01,5.73132E+01,5.73132E+01,5.73132E+01,5.73132E+01,5.73132E+01,5.73132E+01,5.73132E+01,5.73132E+01,5.73132E+01,5.73132E+01,5.73132E+01,5.73132E+01,1.71519E+00,5.73132E+01,5.73132E+01,5.73132E+01,5.73132E+01,5.73132E+01 
#t = 2.436E+03
5.73132E+01,5.73132E+01,5.73132E+01,5.73132E+01,5.73132E+01,5.73132E+01,5.73132E+01,5.73132E+01,5.73132E+01,5.73132E+01,5.73132E+01,5.73132E+01,5.73132E+01,5.73132E+01,5.73132E+01,5.73132E+01,5.73132E+01,5.73132E+01,5.73132E+01,5.73132E+01,5.73132E+01,5.73132E+01,5.73132E+01,7.96605E-01,5.73132E+01,5.73132E+01,5.73132E+01,5.73132E+01,5.73132E+01 
#t = 2.478E+03
5.73132E+01,5.73132E+01,5.73132E+01,5.73132E+01,5.73132E+01,5.73132E+01,5.73132E+01,5.73132E+01,5.73132E+01,5.73132E+01,5.73132E+01,5.73132E+01,5.73132E+01,1.11557E+02,5.73132E+01,5.73132E+01,5.73132E+01,5.73132E+01,5.73132E+01,5.73132E+01,5.73132E+01,5.73132E+01,5.73132E+01,5.73132E+01,5.73132E+01,5.73132E+01,5.73132E+01,1.11557E+02,5.73132E+01,5.73132E+01,5.73132E+01,5.73132E+01,1.11557E+02,5.73132E+01,5.73132E+01,5.73132E+01,5.73132E+01,5.73132E+01,5.73132E+01,5.73132E+01 
#t = 2.520E+03
1.11557E+02,5.73132E+01,5.73132E+01,5.73132E+01,5.73132E+01,1.11557E+02,5.73132E+01,5.73132E+01,5.73132E+01,5.73132E+01,1.11557E+02,5.73132E+01,1.11557E+02,1.11557E+02,5.73132E+01,5.73132E+01,5.73132E+01,5.73132E+01,5.73132E+01,1.11557E+02,1.11557E+02,1.11557E+02,5.73132E+01,5.73132E+01,1.11557E+02,5.73132E+01,4.95434E+00,5.73132E+01,5.73132E+01,5.73132E+01,5.73132E+01,5.73132E+01,5.73132E+01,5.73132E+01,5.73132E+01,1.11557E+02,5.73132E+01,1.11557E+02,5.73132E+01,5.73132E+01,1.11557E+02,1.11557E+02,1.11557E+02,2.41079E+01 
#t = 2.562E+03
5.73132E+01,1.11557E+02,5.73132E+01,5.73132E+01,1.11557E+02,5.73132E+01,5.73132E+01,5.73132E+01,5.73132E+01,5.73132E+01,5.73132E+01,5.73132E+01,2.49519E+01,3.55622E+01,5.73132E+01,1.11557E+02,5.73132E+01,5.73132E+01,5.73132E+01,5.73132E+01,5.73132E+01,1.11557E+02,5.73132E+01,5.73132E+01,5.73132E+01,5.73132E+01,5.73132E+01,5.73132E+01,1.10252E+01,5.73132E+01,1.11557E+02,5.73132E+01 
#t = 2.604E+03
5.73132E+01,5.73132E+01,5.73132E+01,5.73132E+01,5.73132E+01,3.55622E+01,1.11557E+02,5.73132E+01,5.73132E+01,5.73132E+01,5.73132E+01,3.55622E+01,5.73132E+01,4.16722E+01,1.11557E+02,5.73132E+01,5.73132E+01,3.55622E+01,1.11557E+02,1.11557E+02,5.73132E+01,5.73132E+01,1.11557E+02,5.73132E+01,5.73132E+01,5.73132E+01,1.11557E+02,9.65811E+00,1.11557E+02,3.55622E+01,1.10252E+01,3.55622E+01,1.55215E-01,1.11557E+02,5.73132E+01,5.73132E+01,1.11557E+02,3.55622E+01,1.11557E+02,5.73132E+01,2.59432E-01,1.11557E+02 
#t = 2.646E+03
5.73132E+01,5.73132E+01,1.11557E+02,5.73132E+01,1.11557E+02,5.73132E+01,1.11557E+02,1.11557E+02,1.11557E+02,1.11557E+02,5.73132E+01,5.73132E+01,5.73132E+01,5.73132E+01,5.73132E+01,1.11557E+02,1.11557E+02,1.11557E+02,5.73132E+01,5.73132E+01,5.73132E+01,1.11557E+02,5.73132E+01,3.06368E+01,5.73132E+01,5.73132E+01,5.73132E+01,1.11557E+02,4.33914E+00,4.29233E-01,1.11557E+02,5.73132E+01 
#t = 2.688E+03
1.11557E+02,5.73132E+01,1.11557E+02,5.73132E+01,1.11557E+02,1.11557E+02,1.11557E+02,1.11557E+02,5.73132E+01,1.11557E+02,5.73132E+01,5.73132E+01,1.11557E+02,1.11557E+02,5.73132E+01,1.11557E+02,1.11557E+02,5.73132E+01,5.73132E+01,1.11557E+02,1.11557E+02,1.11557E+02,5.73132E+01,5.73132E+01,1.11557E+02,1.11557E+02,5.73132E+01,1.11557E+02,1.11557E+02,1.11557E+02,1.11557E+02,1.11557E+02,5.73132E+01,1.11557E+02,1.11557E+02,5.73132E+01,1.11557E+02,5.73132E+01,1.11557E+02,1.11557E+02,5.73132E+01,1.11557E+02,1.11557E+02,1.11557E+02,1.11557E+02,1.11557E+02,1.11557E+02,1.11557E+02,1.11557E+02,1.11557E+02,1.11557E+02,1.11557E+02,5.73132E+01,1.11557E+02 
#t = 2.730E+03
1.11557E+02,1.11557E+02,1.11557E+02,1.11557E+02,1.11557E+02,5.73132E+01,1.11557E+02,1.11557E+02,1.11557E+02,1.11557E+02,1.11557E+02,1.11557E+02,1.11557E+02,2.31039E+01,1.11557E+02,5.73132E+01,1.11557E+02,1.11557E+02,1.11557E+02,1.11557E+02,1.11557E+02,1.11557E+02,1.11557E+02,1.11557E+02,1.11557E+02,1.11557E+02,1.11557E+02,1.11557E+02,1.11557E+02,1.11557E+02,1.11557E+02,1.11557E+02,5.73132E+01,1.11557E+02,1.11557E+02,1.11557E+02,1.11557E+02,1.11557E+02,1.11557E+02,1.11557E+02,1.11557E+02,1.11557E+02,1.11557E+02,1.11557E+02,4.61267E+00,1.11557E+02,1.11557E+02,1.93965E-01 
#t = 2.772E+03
1.11557E+02,1.11557E+02,5.73132E+01,1.11557E+02,1.11557E+02,1.11557E+02,1.11557E+02,5.73132E+01,1.11557E+02,1.11557E+02,1.11557E+02,5.73132E+01,1.11557E+02,1.11557E+02,5.73132E+01,1.11557E+02,1.11557E+02,5.73132E+01,1.11557E+02,1.11557E+02,5.73132E+01,5.73132E+01,1.11557E+02,1.11557E+02,1.11557E+02,1.11557E+02,1.11557E+02,1.11557E+02,5.73132E+01,1.11557E+02,1.11557E+02,1.11557E+02,5.73132E+01,5.73132E+01,1.11557E+02,1.11557E+02,1.11557E+02,1.11557E+02,5.73132E+01,1.11557E+02,1.11557E+02,1.11557E+02,5.73132E+01,1.11557E+02,5.73132E+01,5.73132E+01,1.11557E+02,1.11557E+02,1.11557E+02,1.11557E+02,1.11557E+02,6.60622E+00,1.11557E+02,1.11557E+02,1.11557E+02,1.11557E+02,1.11557E+02,6.28685E-01,3.01238E-01,1.11557E+02 
#t = 2.814E+03
1.11557E+02,1.11557E+02,5.73132E+01,5.73132E+01,1.11557E+02,1.11557E+02,5.73132E+01,5.73132E+01,1.11557E+02,1.11557E+02,5.73132E+01,1.11557E+02,1.11557E+02,1.11557E+02,1.11557E+02,5.73132E+01,1.11557E+02,1.11557E+02,1.11557E+02,5.73132E+01,5.73132E+01,1.11557E+02,5.73132E+01,1.11557E+02,1.11557E+02,5.73132E+01,1.11557E+02,1.11557E+02,2.31650E+00,5.73132E+01,5.73132E+01,1.96129E-01 
#t = 2.856E+03
1.11557E+02,5.73132E+01,5.73132E+01,1.11557E+02,3.28097E+01,7.84060E+00,1.34779E+01,1.11557E+02,1.11557E+02,5.73132E+01,1.11557E+02,1.34779E+01,5.73132E+01,1.11557E+02,1.11557E+02,1.11557E+02,5.73132E+01,5.73132E+01,1.11557E+02,5.73132E+01,1.11557E+02,5.73132E+01,1.11557E+02,5.73132E+01,5.73132E+01,1.11557E+02,5.73132E+01,1.11557E+02,5.73132E+01,1.11557E+02,1.11557E+02,1.11557E+02,5.73132E+01,1.11557E+02,5.73132E+01,3.28097E+01,1.11557E+02,1.11557E+02,1.26844E+00,1.11557E+02,5.73132E+01,5.73132E+01,5.73132E+01,1.48633E+00,5.73132E+01,1.11557E+02,5.58862E-01 
#t = 2.898E+03
1.11557E+02,1.11557E+02,1.11557E+02,5.73132E+01,5.73132E+01,5.73132E+01,1.11557E+02,5.73132E+01,5.73132E+01,1.11557E+02,1.04733E+01,1.11557E+02,5.73132E+01,5.73132E+01,1.11557E+02,5.73132E+01,5.73132E+01,1.11557E+02,5.73132E+01,5.73132E+01,1.11557E+02,5.73132E+01,5.73132E+01,1.05749E+01,1.11557E+02,1.04733E+01,5.73132E+01,1.11557E+02,5.73132E+01,1.11557E+02,5.73132E+01,5.73132E+01,1.11557E+02,1.11557E+02,1.11557E+02,5.73132E+01,5.73132E+01,1.11557E+02,1.11557E+02,6.73214E-01 
#t = 2.940E+03
5.73132E+01,5.73132E+01,1.11557E+02,1.11557E+02,5.73132E+01,5.73132E+01,1.11557E+02,5.73132E+01,1.11557E+02,1.11557E+02,1.11557E+02,5.73132E+01,5.73132E+01,1.11557E+02,5.73132E+01,5.73132E+01,5.73132E+01,5.73132E+01,1.11557E+02,5.73132E+01,5.73132E+01,1.11557E+02,1.11557E+02,5.73132E+01,5.73132E+01,5.73132E+01,1.50404E+01,5.73132E+01,5.73132E+01,1.11557E+02,5.73132E+01,5.73132E+01,5.73132E+01,5.73132E+01 
#t = 2.982E+03
1.11557E+02,1.11557E+02,5.73132E+01,5.73132E+01,1.11557E+02,5.73132E+01,5.73132E+01,5.73132E+01,5.73132E+01,5.73132E+01,5.73132E+01,1.11557E+02,1.11557E+02,5.73132E+01,1.11557E+02,1.11557E+02,5.73132E+01,5.73132E+01,5.73132E+01,1.11557E+02,1.11557E+02,5.73132E+01,1.11557E+02,5.73132E+01,1.11557E+02,1.11557E+02,1.11557E+02,1.11557E+02,1.11557E+02,5.73132E+01,5.73132E+01,5.73132E+01,6.67727E+00,1.11557E+02,1.11557E+02,3.77419E-01,5.73132E+01,5.73132E+01,1.11557E+02,1.11557E+02,5.73132E+01,1.11557E+02 
#t = 3.024E+03
5.73132E+01,5.73132E+01,5.73132E+01,5.73132E+01,1.11557E+02,1.11557E+02,5.73132E+01,2.48995E+01,5.73132E+01,5.73132E+01,5.73132E+01,5.73132E+01,1.11557E+02,1.11557E+02,5.73132E+01,5.73132E+01,1.11557E+02,1.11557E+02,1.11557E+02,5.73132E+01,5.73132E+01,5.73132E+01,1.11557E+02,5.73132E+01,5.73132E+01,5.73132E+01,5.73132E+01,5.73132E+01,1.11557E+02,5.73132E+01,1.11557E+02,5.73132E+01,8.08717E+00,1.11557E+02,5.73132E+01,5.73132E+01,5.73132E+01,5.73132E+01,5.73132E+01,5.73132E+01,1.11557E+02,5.73132E+01,2.48995E+01,5.73132E+01,1.11557E+02,5.73132E+01 
#t = 3.066E+03
5.73132E+01,1.11557E+02,5.73132E+01,5.73132E+01,2.48995E+01,2.48995E+01,5.73132E+01,5.73132E+01,2.48995E+01,1.11557E+02,5.73132E+01,5.73132E+01,1.11557E+02,3.03928E+01,5.73132E+01,5.73132E+01,1.11557E+02,1.11557E+02,2.80044E+01,5.73132E+01,5.73132E+01,3.03928E+01,5.73132E+01,5.73132E+01,3.03928E+01,1.11557E+02,3.03928E+01,3.03928E+01,1.11557E+02,1.11557E+02,5.73132E+01,1.11557E+02,5.73132E+01,5.73132E+01,5.73132E+01,5.73132E+01,4.38094E+00,5.73132E+01,1.11557E+02,5.73132E+01,3.03928E+01,9.30310E+00 
#t = 3.108E+03
5.73132E+01,5.73132E+01,2.80044E+01,1.11557E+02,5.73132E+01,3.03928E+01,5.73132E+01,5.73132E+01,5.73132E+01,5.73132E+01,5.73132E+01,5.73132E+01,1.11557E+02,2.37400E+01,5.73132E+01,5.73132E+01,5.73132E+01,5.73132E+01,1.11557E+02,5.73132E+01,1.11557E+02,1.11557E+02,1.44865E+01,1.11557E+02,1.11557E+02,5.73132E+01,5.73132E+01,2.53312E+00,5.73132E+01,5.73132E+01,5.73132E+01,2.81905E-01,5.73132E+01,2.80044E+01,5.73132E+01,5.73132E+01,5.73132E+01,5.73132E+01,5.73132E+01,5.73132E+01,5.73132E+01,1.09454E+00,4.99237E-01 
#t = 3.150E+03
1.11557E+02,5.73132E+01,5.73132E+01,5.73132E+01,5.73132E+01,1.11557E+02,5.73132E+01,5.73132E+01,5.73132E+01,5.73132E+01,5.73132E+01,5.73132E+01,5.73132E+01,5.73132E+01,5.73132E+01,5.73132E+01,5.73132E+01,5.73132E+01,5.73132E+01,9.44010E+00,5.73132E+01,5.73132E+01,5.73132E+01,5.73132E+01,5.73132E+01,5.73132E+01,1.11557E+02,1.22561E+00,5.73132E+01,5.73132E+01,5.73132E+01,1.01526E+00,5.73132E+01,5.73132E+01,7.97009E+00,5.73132E+01,5.03889E+00 
#t = 3.192E+03
5.73132E+01,1.11557E+02,5.73132E+01,5.73132E+01,5.73132E+01,5.73132E+01,5.73132E+01,5.73132E+01,1.11557E+02,1.11557E+02,1.11557E+02,5.73132E+01,5.73132E+01,1.11557E+02,1.11557E+02,1.11557E+02,5.73132E+01,5.73132E+01,1.11557E+02,5.73132E+01,1.11557E+02,1.11557E+02,5.73132E+01,5.73132E+01,8.28596E+00,1.11557E+02,5.73132E+01,5.73132E+01,1.11557E+02,5.73132E+01,5.73132E+01,2.33657E+00,1.18096E-01,8.66211E-01,1.11557E+02,4.79001E-01,1.11557E+02,1.11557E+02,1.85528E-01 
#t = 3.234E+03
5.73132E+01,1.11557E+02,5.73132E+01,5.73132E+01,1.11557E+02,5.73132E+01,5.73132E+01,5.73132E+01,1.11557E+02,1.11557E+02,5.73132E+01,5.73132E+01,1.11557E+02,1.11557E+02,1.11557E+02,5.73132E+01,5.73132E+01,4.48893E+01,5.73132E+01,5.73132E+01,5.73132E+01,1.11557E+02,5.73132E+01,1.11557E+02,5.73132E+01,5.73132E+01,1.11557E+02,1.11557E+02,1.11557E+02,5.73132E+01,1.11557E+02,5.73132E+01,2.29186E+01,1.11557E+02,5.73132E+01,1.11557E+02,1.11557E+02,1.11557E+02,5.73132E+01,1.11557E+02,1.11557E+02,2.21483E+00,5.73132E+01 
#t = 3.276E+03
5.73132E+01,5.73132E+01,1.11557E+02,5.73132E+01,1.11557E+02,1.11557E+02,1.04505E+01,5.73132E+01,1.11557E+02,5.73132E+01,1.11557E+02,1.11557E+02,1.11557E+02,1.11557E+02,1.11557E+02,1.11557E+02,5.73132E+01,1.11557E+02,1.11557E+02,3.39341E+01,1.11557E+02,5.73132E+01,1.11557E+02,1.11557E+02,1.11557E+02,5.73132E+01,5.73132E+01,1.11557E+02,5.73132E+01,1.11557E+02,1.15339E+01,1.11557E+02,1.11557E+02,1.11557E+02,1.11557E+02,5.73132E+01,1.11557E+02,1.11557E+02,1.11557E+02,1.05076E+01,1.61076E-02,1.11557E+02,1.11557E+02,1.11557E+02,5.73132E+01,1.11557E+02,1.11557E+02,1.11557E+02,3.70430E-01,1.11557E+02,1.11557E+02,1.11557E+02,1.11557E+02,5.73132E+01,1.11557E+02 
#t = 3.318E+03
1.11557E+02,1.11557E+02,1.11557E+02,1.11557E+02,1.11557E+02,1.11557E+02,1.11557E+02,1.11557E+02,1.11557E+02,1.11557E+02,1.11557E+02,1.11557E+02,1.11557E+02,1.11557E+02,1.11557E+02,1.11557E+02,1.11557E+02,1.11557E+02,1.11557E+02,1.11557E+02,1.11557E+02,1.11557E+02,1.11557E+02,1.11557E+02,1.11557E+02,1.11557E+02,1.11557E+02,1.11557E+02,1.11557E+02,1.11557E+02,1.11557E+02,1.11557E+02,9.03511E-01,1.11557E+02,1.11557E+02,1.11557E+02,2.85668E+00,1.11557E+02,7.47122E-01 
#t = 3.360E+03
1.11557E+02,1.11557E+02,1.11557E+02,1.11557E+02,1.11557E+02,1.11557E+02,1.11557E+02,1.11557E+02,1.11557E+02,1.11557E+02,1.11557E+02,1.11557E+02,1.11557E+02,4.82063E+01,1.11557E+02,1.11557E+02,1.11557E+02,1.11557E+02,1.11557E+02,1.11557E+02,1.11557E+02,1.11557E+02,1.11557E+02,1.11557E+02,1.11557E+02,1.11557E+02,1.11557E+02,1.11557E+02,1.11557E+02,1.11557E+02,1.11557E+02,1.11557E+02,1.11557E+02,1.11557E+02,1.11557E+02,1.11557E+02,1.11557E+02,7.94739E-01,1.11557E+02,1.11557E+02,1.11557E+02,1.51501E+00,1.11557E+02,1.11557E+02 
#t = 3.402E+03
1.11557E+02,1.11557E+02,1.11557E+02,1.11557E+02,1.11557E+02,1.11557E+02,1.11557E+02,1.11557E+02,1.11557E+02,1.11557E+02,1.11557E+02,1.11557E+02,1.11557E+02,1.11557E+02,1.07781E+01,1.11557E+02,1.11557E+02,1.11557E+02,1.11557E+02,1.11557E+02,1.11557E+02,1.11557E+02,1.11557E+02,1.11557E+02,1.11557E+02,1.11557E+02,1.11557E+02,1.11557E+02,1.11557E+02,2.77458E+00,1.11557E+02,1.11557E+02,1.11557E+02,1.11557E+02,1.11557E+02,1.11557E+02,1.11557E+02,1.07659E+02,1.11557E+02,1.07659E+02,1.11557E+02,1.07659E+02,1.11557E+02 
#t = 3.444E+03
1.11557E+02,1.07781E+01,1.11557E+02,1.11557E+02,1.11557E+02,1.11557E+02,1.11557E+02,1.11557E+02,1.11557E+02,1.11557E+02,1.11557E+02,1.11557E+02,1.11557E+02,1.11557E+02,1.11557E+02,9.55908E+00,1.11557E+02,1.11557E+02,1.11557E+02,1.11557E+02,1.11557E+02,1.11557E+02,1.11557E+02,1.11557E+02,1.11557E+02,1.11557E+02,1.11557E+02,1.11557E+02,1.11557E+02,1.11557E+02,1.11557E+02,1.11557E+02,1.11557E+02,1.11557E+02,3.34753E+00,1.11557E+02,1.11557E+02,1.11557E+02,3.71783E-01,1.11557E+02,1.11557E+02,1.11557E+02,1.11557E+02,1.11557E+02,1.23254E-01,1.11557E+02 
#t = 3.486E+03
1.11557E+02,1.11557E+02,9.55908E+00,1.11557E+02,1.11557E+02,1.11557E+02,1.11557E+02,1.11557E+02,1.11557E+02,1.11557E+02,1.11557E+02,1.11557E+02,8.10823E+00,1.11557E+02,1.11557E+02,1.11557E+02,1.11557E+02,1.11557E+02,1.11557E+02,1.11557E+02,1.11557E+02,1.11557E+02,1.11557E+02,1.11557E+02,1.11557E+02,1.11557E+02,9.49676E+00,1.11557E+02,1.11557E+02,1.11557E+02,1.11557E+02,1.11557E+02,1.11557E+02,1.11557E+02,1.11557E+02,1.11557E+02,1.11557E+02,1.11557E+02,3.15325E-02,1.11557E+02,1.11557E+02,1.11557E+02,1.11557E+02,1.11557E+02 
#t = 3.528E+03
1.11557E+02,1.11557E+02,1.11557E+02,1.11557E+02,1.11557E+02,1.11557E+02,1.11557E+02,1.11557E+02,1.11557E+02,1.11557E+02,1.11557E+02,1.11557E+02,1.11557E+02,1.11557E+02,1.11557E+02,1.11557E+02,1.11557E+02,1.11557E+02,1.11557E+02,1.11557E+02,1.11557E+02,1.11557E+02,1.11557E+02,1.11557E+02,1.11557E+02,1.11557E+02,1.11557E+02,1.11557E+02,1.76827E+00,7.48274E-01,1.11557E+02,1.11557E+02,1.11557E+02 
#t = 3.570E+03
1.11557E+02,1.11557E+02,1.11557E+02,1.11557E+02,1.11557E+02,1.11557E+02,1.11557E+02,1.11557E+02,1.11557E+02,1.11557E+02,1.11557E+02,1.11557E+02,1.11557E+02,1.11557E+02,1.11557E+02,1.11557E+02,1.11557E+02,1.11557E+02,1.11557E+02,1.11557E+02,1.11557E+02,1.11557E+02,1.11557E+02,1.11557E+02,1.11557E+02,1.11557E+02,1.11557E+02,1.11557E+02,3.80424E-01,1.11557E+02,1.11557E+02,1.11557E+02,1.11557E+02,1.11557E+02,1.11557E+02,1.11557E+02,1.22370E+01,1.11557E+02,1.11557E+02,4.55477E-01,1.11557E+02 
#t = 3.612E+03
1.11557E+02,1.11557E+02,1.11557E+02,1.11557E+02,1.11557E+02,1.11557E+02,1.11557E+02,1.11557E+02,1.11557E+02,1.11557E+02,1.11557E+02,1.11557E+02,1.11557E+02,1.11557E+02,1.11557E+02,1.11557E+02,1.11557E+02,1.40794E+01,1.40794E+01,1.11557E+02,1.11557E+02,1.40794E+01,1.11557E+02,1.11557E+02,1.11557E+02,1.11557E+02,1.11557E+02,9.33382E-01,1.11557E+02,1.11557E+02,1.11557E+02,1.11557E+02,1.11557E+02,1.11557E+02,1.11557E+02,1.11557E+02,1.11557E+02,1.11557E+02,2.92347E+00,1.11557E+02,1.40794E+01 
#t = 3.654E+03
1.11557E+02,1.11557E+02,1.11557E+02,1.11557E+02,1.11557E+02,1.11557E+02,1.11557E+02,1.11557E+02,1.11557E+02,1.15625E+01,1.11557E+02,1.11557E+02,1.11557E+02,1.11557E+02,1.11557E+02,3.64224E+00,1.11557E+02,1.11557E+02,1.11557E+02,1.15625E+01,1.11557E+02,1.11557E+02,1.11557E+02,1.11557E+02,1.11557E+02,1.11557E+02,1.11557E+02,1.11557E+02,1.11557E+02,1.11557E+02,1.51977E+00,1.11557E+02,1.11557E+02,1.11557E+02,1.11557E+02 
#t = 3.696E+03
1.11557E+02,1.11557E+02,1.11557E+02,1.11557E+02,1.11557E+02,1.11557E+02,1.11557E+02,1.11557E+02,1.11557E+02,1.11557E+02,2.57129E+01,1.11557E+02,1.11557E+02,1.11557E+02,1.11557E+02,1.11557E+02,1.11557E+02,1.11557E+02,1.11557E+02,1.11557E+02,1.11557E+02,1.11557E+02,1.11557E+02,1.11557E+02,1.11557E+02,1.11557E+02,1.11557E+02,1.11557E+02,1.11557E+02,1.11557E+02,1.11557E+02,1.11557E+02,5.05822E-01,1.11557E+02,2.40890E+00,1.11557E+02,1.11557E+02,1.11557E+02,2.57129E+01,1.11557E+02,2.63094E+00 
#t = 3.738E+03
1.11557E+02,1.11557E+02,1.11557E+02,1.11557E+02,1.11557E+02,1.11557E+02,1.11557E+02,1.11557E+02,1.11557E+02,1.11557E+02,1.11557E+02,1.11557E+02,1.11557E+02,1.11557E+02,1.11557E+02,1.11557E+02,1.11557E+02,1.11557E+02,1.11557E+02,1.11557E+02,1.11557E+02,1.11557E+02,1.11557E+02,1.11557E+02,1.11557E+02,1.11557E+02,1.11557E+02,1.11557E+02,1.11557E+02,1.11557E+02,1.11557E+02,1.11557E+02,1.96281E+00,1.11557E+02,1.11557E+02 
#t = 3.780E+03
1.11557E+02,1.11557E+02,1.11557E+02,1.11557E+02,1.11557E+02,1.11557E+02,1.11557E+02,1.11557E+02,1.11557E+02,1.11557E+02,1.11557E+02,1.11557E+02,1.11557E+02,1.11557E+02,1.11557E+02,1.11557E+02,1.11557E+02,1.11557E+02,1.11557E+02,2.83224E+00,1.11557E+02,1.11557E+02,1.11557E+02,1.11557E+02,1.11557E+02,1.11557E+02,1.11557E+02,1.11557E+02,1.11557E+02,1.11557E+02,1.11557E+02,1.11557E+02,1.11557E+02,1.11557E+02,1.11557E+02,1.11557E+02,1.11557E+02,1.11557E+02,1.11557E+02,1.11557E+02,1.11557E+02,1.11557E+02,1.11557E+02,3.12190E-01,1.92970E+00 
#t = 3.822E+03
1.11557E+02,1.11557E+02,1.11557E+02,1.11557E+02,1.11557E+02,1.11557E+02,1.11557E+02,1.11557E+02,1.11557E+02,1.11557E+02,1.11557E+02,1.11557E+02,1.11557E+02,1.11557E+02,1.11557E+02,1.11557E+02,1.11557E+02,1.11557E+02,1.11557E+02,1.11557E+02,1.11557E+02,1.11557E+02,1.11557E+02,1.11557E+02,1.16577E+00,1.11557E+02,1.11557E+02,1.11557E+02,1.11557E+02,1.11557E+02,1.11557E+02,1.11557E+02,1.11557E+02,1.11557E+02,1.11557E+02,1.11557E+02,1.11557E+02,3.95292E+00,1.11557E+02 
#t = 3.864E+03
1.11557E+02,1.11557E+02,1.11557E+02,1.11557E+02,1.62018E+01,1.11557E+02,1.11557E+02,1.11557E+02,1.11557E+02,1.11557E+02,1.11557E+02,1.11557E+02,1.11557E+02,1.11557E+02,1.11557E+02,1.11557E+02,1.11557E+02,1.11557E+02,1.11557E+02,1.11557E+02,1.11557E+02,1.11557E+02,1.11557E+02,1.11557E+02,1.11557E+02,1.11557E+02,9.32906E+00,1.11557E+02,1.11557E+02,1.11557E+02,1.11557E+02,1.11557E+02,1.11557E+02,1.11557E+02,1.11557E+02,1.11557E+02,1.76955E+01,1.11557E+02,1.11557E+02,1.11557E+02,1.99026E+01,1.11557E+02,1.91607E+00,1.11557E+02,1.57524E+00,1.14817E+01 
#t = 3.906E+03
1.11557E+02,1.11557E+02,1.11557E+02,1.11557E+02,1.11557E+02,1.11557E+02,1.11557E+02,1.11557E+02,1.11557E+02,1.11557E+02,1.14817E+01,1.11557E+02,1.11557E+02,1.11557E+02,1.11557E+02,1.11557E+02,1.11557E+02,1.11557E+02,1.11557E+02,1.11557E+02,1.11557E+02,1.11557E+02,1.11557E+02,1.11557E+02,3.37117E+01,1.11557E+02,1.11557E+02,1.11557E+02,1.11557E+02,1.11557E+02,1.11557E+02,1.11557E+02,1.11557E+02,1.11557E+02,1.11557E+02,1.11557E+02,1.11557E+02,1.11557E+02,6.01328E+00,1.14817E+01,1.11557E+02 
#t = 3.948E+03
1.11557E+02,1.11557E+02,1.11557E+02,1.11557E+02,1.11557E+02,1.11557E+02,1.11557E+02,1.11557E+02,1.11557E+02,1.11557E+02,1.11557E+02,1.11557E+02,1.11557E+02,1.11557E+02,1.11557E+02,1.11557E+02,1.11557E+02,1.11557E+02,1.11557E+02,1.11557E+02,7.47404E+00,1.77899E+01,1.11557E+02,1.11557E+02,1.11557E+02,1.11557E+02,4.76841E+00,1.11557E+02,1.11557E+02,1.11557E+02,1.11557E+02,1.11557E+02,1.11557E+02,1.11557E+02,1.11557E+02,7.91764E+00,1.11557E+02,1.11557E+02,3.71680E+00,1.11557E+02,1.11557E+02,1.11557E+02 
#t = 3.990E+03
1.77899E+01,1.11557E+02,1.11557E+02,1.11557E+02,1.11557E+02,1.11557E+02,1.11557E+02,1.11557E+02,1.11557E+02,1.11557E+02,1.11557E+02,1.11557E+02,1.11557E+02,1.11557E+02,1.11557E+02,1.11557E+02,1.11557E+02,1.11557E+02,1.11557E+02,1.11557E+02,1.11557E+02,1.11557E+02,1.11557E+02,1.77899E+01,1.11557E+02,1.11557E+02,1.11557E+02,1.43998E+01,1.77899E+01,1.43998E+01,1.11557E+02,1.11557E+02,1.11557E+02,1.11557E+02,1.11557E+02,1.11557E+02,7.26982E+00,1.43998E+01,1.11557E+02,1.11557E+02,1.11557E+02,1.11557E+02,1.77899E+01,1.11557E+02,2.01812E-01,1.11557E+02,1.11557E+02,1.11557E+02,1.11557E+02,1.11557E+02 
#t = 4.032E+03
1.11557E+02,1.43998E+01,1.11557E+02,1.11557E+02,1.11557E+02,1.11557E+02,1.43998E+01,1.11557E+02,1.43998E+01,1.11557E+02,1.11557E+02,1.11557E+02,1.11557E+02,1.11557E+02,1.11557E+02,1.25845E+01,1.11557E+02,1.11557E+02,1.11557E+02,1.43998E+01,1.77899E+01,1.11557E+02,1.25845E+01,1.77899E+01,1.11557E+02,1.11557E+02,1.11557E+02,1.11557E+02,1.11557E+02,1.11557E+02,1.11557E+02,1.11557E+02,1.11557E+02,1.11557E+02,1.70831E+01,1.11557E+02,1.11557E+02,1.11557E+02,1.11557E+02,1.11557E+02,1.11557E+02,1.11557E+02 
#t = 4.074E+03
1.11557E+02,1.77899E+01,1.11557E+02,1.11557E+02,1.25845E+01,1.11557E+02,1.11557E+02,1.25845E+01,1.11557E+02,1.11557E+02,1.11557E+02,1.43998E+01,1.11557E+02,1.43998E+01,1.11557E+02,1.11557E+02,1.11557E+02,1.11557E+02,1.11557E+02,1.11557E+02,1.11557E+02,1.77899E+01,1.11557E+02,1.11557E+02,1.11557E+02,1.11557E+02,1.11557E+02,1.11557E+02,1.43998E+01,1.23429E+01,1.25845E+01,1.43998E+01,1.25845E+01,1.11557E+02,1.25845E+01,1.11557E+02,1.11557E+02,1.77899E+01,1.11557E+02,1.43998E+01,1.11557E+02,1.11557E+02,1.57654E+00,1.43998E+01,1.66796E+00,1.11557E+02,1.11557E+02,2.13662E+00 
#t = 4.116E+03
1.11557E+02,1.11557E+02,1.11557E+02,1.11557E+02,1.11557E+02,1.23429E+01,1.11557E+02,1.77899E+01,1.43998E+01,1.00607E+01,1.77899E+01,1.11557E+02,1.43998E+01,1.25845E+01,1.25845E+01,1.25845E+01,1.25845E+01,1.25845E+01,1.11557E+02,1.07485E+01,1.77899E+01,1.11557E+02,1.11557E+02,1.77899E+01,1.23429E+01,1.36345E+01,1.11557E+02,1.11557E+02,1.11557E+02,1.11557E+02,1.23429E+01,9.23753E+00,1.11557E+02,1.36345E+01,1.23429E+01,1.25845E+01,1.23429E+01,1.36345E+01,1.14190E-01,1.67295E+00,1.11557E+02,1.77899E+01 
#t = 4.158E+03
1.11557E+02,1.23429E+01,1.36345E+01,1.11557E+02,1.23429E+01,1.07485E+01,1.25845E+01,1.07485E+01,1.11557E+02,1.36345E+01,1.36345E+01,1.07485E+01,1.07485E+01,1.25845E+01,1.43998E+01,1.23429E+01,1.25845E+01,1.25845E+01,1.11557E+02,1.36345E+01,1.77899E+01,1.23429E+01,1.12361E+01,1.25845E+01,1.11557E+02,1.12361E+01,1.11557E+02,1.25845E+01,1.23429E+01,1.36345E+01,1.25845E+01,1.23429E+01,4.40027E-01,2.79666E-01,1.77899E+01,1.23429E+01,1.12361E+01,1.36345E+01,1.11557E+02,5.40470E-01 
#t = 4.200E+03
1.25845E+01,1.25845E+01,1.36345E+01,1.07485E+01,1.23429E+01,1.11557E+02,1.11557E+02,1.08802E+01,1.08802E+01,1.11557E+02,1.11557E+02,1.36345E+01,1.11557E+02,1.11557E+02,1.11557E+02,1.11557E+02,1.07485E+01,1.11557E+02,1.11557E+02,1.45383E+01,1.11557E+02,2.56223E-01,1.11557E+02,1.11557E+02,1.72081E+01,1.11557E+02,1.11557E+02,6.39231E-01,1.11557E+02,1.11557E+02,1.11557E+02,1.25845E+01 
