#t = 0.000E+00
3.18778E-01,1.53660E+01,1.86881E+00,3.47606E-01,7.71109E-01 
#t = 4.200E+01
1.53660E+01,1.20711E+01,1.02335E+01,1.67934E+01,1.67934E+01,1.20711E+01,1.20711E+01,3.25825E-01,1.53660E+01,1.67934E+01 
#t = 8.400E+01
1.67934E+01,1.67934E+01,1.20711E+01,1.98101E+01,1.67934E+01,1.49489E+01,1.67934E+01,1.67934E+01,1.67934E+01,1.49489E+01,1.20711E+01,1.49489E+01,1.67934E+01,1.20711E+01,1.20711E+01,1.20711E+01,9.53587E-01,1.67934E+01,3.43297E+00 
#t = 1.260E+02
1.67934E+01,1.67934E+01,1.20711E+01,1.67934E+01,1.67934E+01,1.20711E+01,1.67934E+01,8.20559E+00,1.67934E+01,3.84680E-01,1.20711E+01 
#t = 1.680E+02
1.67934E+01,1.67934E+01,1.20711E+01,1.67934E+01,1.20711E+01,1.67934E+01,1.20711E+01,4.79585E-01,1.05648E-01 
#t = 2.100E+02
1.67934E+01,1.16003E+01,1.16003E+01 
#t = 2.520E+02
2.42206E+01,4.82647E+01,4.82647E+01,8.48243E+00,4.82647E+01,1.50528E+00,4.82647E+01 
#t = 2.940E+02
4.82647E+01,4.82647E+01,2.42206E+01,4.82647E+01,4.82647E+01,4.82647E+01,4.82647E+01,4.82647E+01,4.82647E+01,2.42206E+01,4.82647E+01,4.82647E+01,4.82647E+01,4.82647E+01,4.82647E+01,2.42206E+01,4.82647E+01,4.82647E+01,4.82647E+01,4.82647E+01,4.82647E+01,1.29247E+01,4.82647E+01,4.82647E+01,2.42206E+01,4.82647E+01,4.82647E+01,4.82647E+01,4.82647E+01,4.82647E+01,4.82647E+01,4.82647E+01 
#t = 3.360E+02
4.82647E+01,4.82647E+01,4.82647E+01,4.82647E+01,2.42206E+01,4.82647E+01,2.42206E+01,4.82647E+01,4.82647E+01,4.82647E+01,4.82647E+01,4.82647E+01,4.82647E+01,4.82647E+01,2.42206E+01,4.82647E+01,4.82647E+01,4.82647E+01,4.82647E+01,4.82647E+01,4.82647E+01,4.82647E+01,4.82647E+01,4.82647E+01,4.82647E+01,4.82647E+01,4.82647E+01,1.68831E-01,4.82647E+01,4.82647E+01,7.80850E+00,4.82647E+01,4.82647E+01,4.82647E+01,1.91172E+00,4.82647E+01 
#t = 3.780E+02
4.82647E+01,4.82647E+01,4.82647E+01,4.82647E+01,4.82647E+01,4.82647E+01,4.82647E+01,4.82647E+01,4.82647E+01,4.82647E+01,4.82647E+01,4.82647E+01,4.82647E+01,4.82647E+01,4.82647E+01,4.82647E+01,4.82647E+01,6.94625E+00,4.82647E+01,4.82647E+01,4.82647E+01,4.32715E+01,4.82647E+01,4.82647E+01,4.82647E+01,4.82647E+01,4.82647E+01,4.82647E+01,4.82647E+01,4.82647E+01,4.82647E+01,4.82647E+01,4.82647E+01,8.03562E-01 
#t = 4.200E+02
4.82647E+01,4.82647E+01,4.82647E+01,4.82647E+01,4.82647E+01,4.82647E+01,4.82647E+01,4.82647E+01,4.82647E+01,4.82647E+01,4.82647E+01,4.82647E+01,4.82647E+01,4.82647E+01,4.82647E+01,4.82647E+01,4.82647E+01,4.82647E+01,4.82647E+01,4.82647E+01,4.82647E+01,2.17726E+00,4.82647E+01,1.08923E+00,4.82647E+01,4.82647E+01,4.82647E+01,1.86397E+00,4.82647E+01,4.82647E+01,4.82647E+01,8.92767E+00,4.82647E+01,4.82647E+01,4.82647E+01 
#t = 4.620E+02
4.82647E+01,4.82647E+01,4.16433E+01,4.82647E+01,4.16433E+01,4.82647E+01,4.82647E+01,4.82647E+01,4.82647E+01,4.82647E+01,4.82647E+01,4.82647E+01,4.82647E+01,4.82647E+01,4.82647E+01,4.82647E+01,2.25490E+01,4.82647E+01 
#t = 5.040E+02
4.16433E+01,4.16433E+01,4.82647E+01,4.82647E+01,4.82647E+01,4.82647E+01,4.82647E+01,4.82647E+01,4.82647E+01,4.82647E+01,3.67543E+01,4.82647E+01,4.82647E+01,4.82647E+01,4.82647E+01,4.82647E+01,4.82647E+01,4.16433E+01,4.82647E+01,4.16433E+01,3.50394E+01,4.82647E+01,4.82647E+01,6.95064E+00,4.82647E+01,3.50394E+01,4.82647E+01,4.82647E+01,4.16433E+01,4.82647E+01,4.16433E+01,4.82647E+01,4.82647E+01,4.82647E+01,4.82647E+01,4.82647E+01,6.38916E-01,4.82647E+01,1.56053E+00 
#t = 5.460E+02
4.16433E+01,4.82647E+01,4.82647E+01,4.16433E+01,4.82647E+01,4.82647E+01,4.82647E+01,4.82647E+01,4.82647E+01,4.16433E+01,2.51732E+01,4.82647E+01,4.82647E+01,4.82647E+01,4.16433E+01,4.82647E+01,4.82647E+01,4.82647E+01,4.82647E+01,4.82647E+01,4.82647E+01,4.16433E+01,4.16433E+01,4.16433E+01,4.82647E+01,4.16433E+01,4.82647E+01,4.16433E+01,4.82647E+01,4.82647E+01,4.82647E+01,4.82647E+01,2.51732E+01,4.82647E+01,4.82647E+01,4.82647E+01,4.82647E+01,4.82647E+01,4.82647E+01,4.82647E+01,4.16433E+01,4.16433E+01,4.82647E+01,4.16433E+01,2.51732E+01 
#t = 5.880E+02
4.82647E+01,4.82647E+01,4.82647E+01,4.82647E+01,4.82647E+01,4.82647E+01,4.82647E+01,4.16433E+01,4.82647E+01,4.82647E+01,4.16433E+01,4.82647E+01,4.82647E+01,4.16433E+01,4.82647E+01,4.82647E+01,4.82647E+01,4.16433E+01,4.16433E+01,4.82647E+01,4.82647E+01,4.82647E+01,4.82647E+01,4.82647E+01,4.16433E+01,4.82647E+01,4.82647E+01,9.58813E-01,4.82647E+01,4.16433E+01,4.82647E+01,4.82647E+01,4.82647E+01,4.82647E+01 
#t = 6.300E+02
4.82647E+01,4.82647E+01,4.82647E+01,4.82647E+01,4.82647E+01,4.16433E+01,4.82647E+01,2.25683E+01,4.82647E+01,4.16433E+01,4.82647E+01,4.16433E+01,4.16433E+01,4.82647E+01,4.16433E+01,4.16433E+01,4.82647E+01,4.82647E+01,4.82647E+01,4.16433E+01,4.16433E+01,4.16433E+01,4.16433E+01,4.82647E+01,6.81979E+00,4.16433E+01,4.82647E+01,4.16433E+01,4.16433E+01,3.03850E+00,2.45660E-01,4.82647E+01,4.82647E+01,4.82647E+01,2.25683E+01,4.82647E+01,4.16433E+01 
#t = 6.720E+02
4.16433E+01,4.16433E+01,4.82647E+01,4.82647E+01,4.82647E+01,4.82647E+01,4.82647E+01,4.16433E+01,4.82647E+01,4.16433E+01,4.82647E+01,4.82647E+01,4.16433E+01,4.16433E+01,4.16433E+01,4.16433E+01,4.82647E+01,4.82647E+01,4.82647E+01,4.82647E+01,4.82647E+01,4.82647E+01,4.82647E+01,8.49525E+00,4.82647E+01,4.82647E+01,4.16433E+01,4.82647E+01,4.82647E+01,7.22471E+00,4.16433E+01,4.82647E+01,1.46965E+00,4.82647E+01,1.89709E+01,4.16433E+01,4.82647E+01,4.16433E+01,4.82647E+01,4.82647E+01,4.16433E+01,4.16433E+01,7.87435E+01,4.16433E+01,4.82647E+01,4.82647E+01 
#t = 7.140E+02
4.16433E+01,4.82647E+01,4.82647E+01,4.16433E+01,4.82647E+01,4.82647E+01,4.16433E+01,4.16433E+01,4.82647E+01,4.82647E+01,4.82647E+01,4.82647E+01,4.82647E+01,4.82647E+01,4.16433E+01,1.97297E+00,4.82647E+01,4.82647E+01,4.82647E+01,4.82647E+01,4.82647E+01,4.82647E+01,4.82647E+01,4.82647E+01,4.82647E+01,4.82647E+01,4.82647E+01,4.82647E+01,4.82647E+01,7.31055E-01,4.82647E+01,4.82647E+01,2.74596E+00,4.82647E+01,9.56305E+00,4.82647E+01,4.82647E+01,6.16773E+00,5.81711E+00,4.82647E+01,4.82647E+01,4.82647E+01,1.87003E+00,4.82647E+01 
#t = 7.560E+02
4.16433E+01,4.82647E+01,4.82647E+01,4.82647E+01,4.82647E+01,4.82647E+01,4.16433E+01,4.82647E+01,4.82647E+01,4.16433E+01,4.82647E+01,4.82647E+01,4.82647E+01,4.82647E+01,4.16433E+01,4.82647E+01,4.82647E+01,4.82647E+01,4.82647E+01,4.82647E+01,4.82647E+01,7.33689E+00,4.82647E+01,4.16433E+01,4.82647E+01,4.16433E+01,4.82647E+01,4.82647E+01,4.82647E+01,4.82647E+01,6.12719E+01,4.82647E+01,4.16433E+01,4.82647E+01,8.10771E+00,4.16433E+01,4.16433E+01,1.35376E+00,6.12719E+01 
#t = 7.980E+02
4.82647E+01,4.82647E+01,4.82647E+01,4.82647E+01,4.82647E+01,4.82647E+01,4.82647E+01,4.16433E+01,4.82647E+01,4.16433E+01,4.16433E+01,4.82647E+01,4.16433E+01,4.82647E+01,4.82647E+01,4.82647E+01,4.82647E+01,4.82647E+01,4.16433E+01,4.16433E+01,4.16433E+01,6.71748E+00,4.16433E+01,4.82647E+01,4.82647E+01,4.82647E+01,4.82647E+01,4.82647E+01,4.16433E+01,4.16433E+01,4.82647E+01,4.82647E+01,4.16433E+01,4.16433E+01,3.27855E+00,4.00115E-01,4.82647E+01,6.45642E-01,4.82647E+01,4.16433E+01,4.82647E+01,2.70697E-01,4.82647E+01,4.82647E+01 
#t = 8.400E+02
4.82647E+01,4.82647E+01,4.16433E+01,4.16433E+01,4.82647E+01,4.82647E+01,4.82647E+01,4.16433E+01,4.16433E+01,4.82647E+01,4.82647E+01,4.82647E+01,4.16433E+01,1.22754E+01,4.82647E+01,4.82647E+01,4.82647E+01,4.16433E+01,4.82647E+01,4.82647E+01,4.82647E+01,2.16589E+01,4.82647E+01,4.82647E+01,2.16589E+01,4.82647E+01,4.82647E+01,4.82647E+01,4.82647E+01,4.82647E+01,4.82647E+01,4.16433E+01,4.82647E+01,4.82647E+01,4.82647E+01,2.16589E+01,4.82647E+01,2.16589E+01,2.79071E-01,1.11346E+00,4.16433E+01 
#t = 8.820E+02
4.82647E+01,4.16433E+01,4.82647E+01,4.82647E+01,4.82647E+01,4.82647E+01,4.82647E+01,2.48709E+01,2.16589E+01,2.16589E+01,2.16589E+01,4.82647E+01,4.82647E+01,4.16433E+01,4.82647E+01,4.82647E+01,2.16589E+01,4.82647E+01,4.16433E+01,4.16433E+01,4.82647E+01,4.82647E+01,4.82647E+01,4.82647E+01,4.16433E+01,4.82647E+01,4.82647E+01,2.48709E+01,4.82647E+01,4.82647E+01,2.72824E+01,4.82647E+01,4.82647E+01 
#t = 9.240E+02
2.16589E+01,2.72824E+01,4.82647E+01,4.82647E+01,4.82647E+01,4.82647E+01,2.48709E+01,2.48709E+01,4.82647E+01,4.82647E+01,4.82647E+01,4.82647E+01,4.82647E+01,4.82647E+01,4.82647E+01,4.82647E+01,4.82647E+01,4.82647E+01,4.82647E+01,4.82647E+01,4.82647E+01,4.82647E+01,4.82647E+01,2.48709E+01,4.82647E+01,4.82647E+01,4.82647E+01,4.82647E+01,7.38971E-01,2.16589E+01,4.82647E+01,4.82647E+01,4.82647E+01,4.82647E+01,4.82647E+01,2.48709E+01,4.70395E+00,4.82647E+01,4.82647E+01 
#t = 9.660E+02
4.82647E+01,4.82647E+01,2.48709E+01,4.82647E+01,4.82647E+01,2.48709E+01,2.48709E+01,4.82647E+01,4.82647E+01,4.82647E+01,4.82647E+01,4.82647E+01,2.48709E+01,4.82647E+01,4.82647E+01,4.82647E+01,2.48709E+01,4.82647E+01,4.82647E+01,4.82647E+01,4.82647E+01,4.82647E+01,9.31005E+00,4.82647E+01,4.82647E+01,4.98796E-01,2.48709E+01,4.82647E+01,4.82647E+01,4.82647E+01,4.82214E+00 
#t = 1.008E+03
4.82647E+01,4.82647E+01,4.82647E+01,4.82647E+01,4.82647E+01,4.82647E+01,4.82647E+01,4.82647E+01,4.82647E+01,4.82647E+01,4.82647E+01,4.82647E+01,7.08873E+01,4.82647E+01,4.82647E+01,4.82647E+01,4.82647E+01,4.82647E+01,4.82647E+01,4.82647E+01,4.82647E+01,4.82647E+01,2.48709E+01,4.82647E+01,4.82647E+01,4.82647E+01,5.94223E-01,7.08873E+01,7.08873E+01,4.82647E+01,4.82647E+01,4.82647E+01,4.82647E+01,1.96276E-01,4.82647E+01,4.82647E+01,4.82647E+01,1.48746E+01,4.82647E+01 
#t = 1.050E+03
4.82647E+01,7.08873E+01,4.82647E+01,1.48746E+01,4.82647E+01,4.82647E+01,4.82647E+01,4.82647E+01,4.82647E+01,4.82647E+01,7.08873E+01,4.82647E+01,4.82647E+01,4.82647E+01,4.82647E+01,2.28101E+01,7.08873E+01,2.28101E+01,4.82647E+01,7.08873E+01,7.08873E+01,4.82647E+01,4.82647E+01,7.08873E+01,7.08873E+01,4.82647E+01,2.28101E+01,7.08873E+01,4.82647E+01,2.28101E+01,4.82647E+01,7.08873E+01,7.08873E+01,7.08873E+01,7.08873E+01,7.08873E+01 
#t = 1.092E+03
7.08873E+01,4.82647E+01,7.08873E+01,7.08873E+01,7.08873E+01,7.08873E+01,4.82647E+01,4.82647E+01,7.08873E+01,7.08873E+01,7.08873E+01,7.08873E+01,7.08873E+01,4.82647E+01,4.82647E+01,7.08873E+01,7.08873E+01,4.82647E+01,4.82647E+01,7.08873E+01,7.08873E+01,7.08873E+01,8.42794E+00,9.60674E+00,7.08873E+01,4.82647E+01,4.82647E+01,7.08873E+01,1.02820E+01,7.08873E+01,7.08873E+01,4.82647E+01,4.82647E+01,7.16437E+00,4.82647E+01,7.08873E+01,7.08873E+01,7.08873E+01,1.46342E+00,2.14691E+00,4.82647E+01,7.08873E+01 
#t = 1.134E+03
7.08873E+01,7.08873E+01,4.82647E+01,7.08873E+01,7.08873E+01,7.08873E+01,4.82647E+01,7.08873E+01,7.08873E+01,7.08873E+01,7.08873E+01,7.08873E+01,6.35108E+00,4.82647E+01,7.08873E+01,4.82647E+01,7.08873E+01,7.08873E+01,7.08873E+01,4.82647E+01,4.82647E+01,4.82647E+01,7.08873E+01,4.82647E+01,7.08873E+01,4.82647E+01,4.82647E+01,4.82647E+01,4.82647E+01,7.08873E+01,7.08873E+01,4.82647E+01,7.08873E+01,1.07592E+01,7.08873E+01,7.08873E+01,7.08873E+01,5.89904E-02,4.82647E+01,7.08873E+01,7.08873E+01,4.82647E+01,4.82647E+01 
#t = 1.176E+03
7.08873E+01,7.08873E+01,4.82647E+01,7.08873E+01,1.10152E+01,7.08873E+01,7.08873E+01,7.08873E+01,4.82647E+01,4.82647E+01,1.35700E+01,7.08873E+01,7.08873E+01,7.08873E+01,7.08873E+01,1.08990E+01,7.08873E+01,4.82647E+01,7.08873E+01,7.08873E+01,1.10152E+01,7.08873E+01,4.82647E+01,7.08873E+01,7.08873E+01,4.82647E+01,7.08873E+01,7.08873E+01,4.82647E+01,7.08873E+01,7.08873E+01,7.08873E+01,7.08873E+01,7.08873E+01,7.08873E+01,7.08873E+01,7.08873E+01,7.08873E+01,4.82647E+01,7.08873E+01 
#t = 1.218E+03
4.82647E+01,7.08873E+01,7.08873E+01,1.59453E+01,7.08873E+01,7.08873E+01,7.08873E+01,7.08873E+01,4.82647E+01,7.08873E+01,7.08873E+01,7.08873E+01,7.08873E+01,7.08873E+01,7.08873E+01,7.08873E+01,7.08873E+01,7.08873E+01,7.08873E+01,7.08873E+01,7.08873E+01,7.08873E+01,7.08873E+01,7.08873E+01,7.08873E+01,3.69156E+01,7.08873E+01,7.08873E+01,7.08873E+01,7.08873E+01,7.08873E+01,7.08873E+01,7.08873E+01,1.88595E+00,7.08873E+01,7.08873E+01,7.08873E+01,1.32930E+01,7.08873E+01,7.08873E+01,5.83497E+00,7.08873E+01,7.08873E+01,7.08873E+01 
#t = 1.260E+03
7.08873E+01,7.08873E+01,7.08873E+01,7.08873E+01,7.08873E+01,7.08873E+01,7.08873E+01,7.08873E+01,7.08873E+01,7.08873E+01,7.08873E+01,7.08873E+01,7.08873E+01,4.82647E+01,7.08873E+01,7.08873E+01,7.08873E+01,7.08873E+01,7.08873E+01,7.08873E+01,7.08873E+01,7.08873E+01,7.08873E+01,7.08873E+01,7.08873E+01,2.89763E+00,7.08873E+01,7.08873E+01,7.08873E+01,7.08873E+01,3.14835E-01,7.08873E+01,7.08873E+01,7.08873E+01,7.08873E+01,7.08873E+01,7.08873E+01,7.08873E+01,7.08873E+01,7.08873E+01 
#t = 1.302E+03
7.08873E+01,7.08873E+01,7.08873E+01,7.08873E+01,7.08873E+01,7.08873E+01,4.82647E+01,7.08873E+01,7.08873E+01,7.08873E+01,4.82647E+01,2.61809E-01,4.82647E+01,7.08873E+01,7.08873E+01,7.08873E+01,7.08873E+01,7.08873E+01,4.82647E+01,7.08873E+01,7.08873E+01,4.82647E+01,7.08873E+01,7.08873E+01,7.08873E+01,7.08873E+01,7.08873E+01,4.82647E+01,7.08873E+01,7.08873E+01,4.82647E+01,7.08873E+01 
#t = 1.344E+03
7.08873E+01,7.08873E+01,7.08873E+01,7.08873E+01,2.15366E+01,7.08873E+01,7.08873E+01,7.08873E+01,7.08873E+01,7.08873E+01,7.08873E+01,4.82647E+01,7.08873E+01,7.08873E+01,7.08873E+01,7.08873E+01,7.08873E+01,7.08873E+01,7.08873E+01,7.08873E+01,7.08873E+01,7.08873E+01,7.08873E+01,7.08873E+01,7.08873E+01,7.08873E+01,7.08873E+01,7.08873E+01,7.08873E+01,7.08873E+01,8.14016E+00,7.08873E+01,1.06252E+01,3.33677E-01,7.08873E+01,7.08873E+01,7.08873E+01,7.08873E+01,7.08873E+01,7.08873E+01,7.08873E+01,7.08873E+01 
#t = 1.386E+03
7.08873E+01,7.08873E+01,7.08873E+01,7.08873E+01,7.08873E+01,7.08873E+01,7.08873E+01,7.08873E+01,7.08873E+01,7.08873E+01,7.08873E+01,7.08873E+01,4.82647E+01,7.08873E+01,7.08873E+01,2.42049E+01,7.08873E+01,7.08873E+01,7.08873E+01,7.08873E+01,4.82647E+01,4.82647E+01,7.08873E+01,7.08873E+01,2.42049E+01,7.08873E+01,7.08873E+01,7.08873E+01,7.08873E+01,7.08873E+01,7.08873E+01,7.08873E+01,7.08873E+01,7.08873E+01,7.08873E+01,7.08873E+01,2.42473E+00,7.08873E+01,7.08873E+01,7.08873E+01,6.92726E+00,7.08873E+01,7.08873E+01,7.08873E+01,7.08873E+01 
#t = 1.428E+03
7.08873E+01,7.08873E+01,7.08873E+01,7.08873E+01,7.08873E+01,4.82647E+01,7.08873E+01,7.08873E+01,7.08873E+01,7.08873E+01,9.26755E+00,7.08873E+01,7.08873E+01,7.08873E+01,7.08873E+01,7.08873E+01,7.08873E+01,7.08873E+01,7.08873E+01,7.08873E+01,1.93433E+00,2.39448E+00,7.08873E+01,7.08873E+01,7.08873E+01,7.08873E+01,7.08873E+01,8.26340E-01,7.08873E+01 
#t = 1.470E+03
7.08873E+01,7.08873E+01,7.08873E+01,7.08873E+01,4.82647E+01,7.08873E+01,4.82647E+01,7.08873E+01,7.08873E+01,7.08873E+01,1.12102E+01,7.08873E+01,1.12102E+01,7.08873E+01,7.08873E+01,7.08873E+01,4.82647E+01,7.08873E+01,4.82647E+01,7.08873E+01,4.82647E+01,4.82647E+01,7.08873E+01,7.08873E+01,4.82647E+01,7.08873E+01,7.08873E+01,1.22884E+01,7.08873E+01,7.08873E+01,1.24188E+01,7.08873E+01,9.39574E+01,7.08873E+01,7.08873E+01,7.08873E+01,7.08873E+01,4.82647E+01,1.22884E+01,7.08873E+01,7.08873E+01,7.08873E+01,7.08873E+01 
#t = 1.512E+03
7.08873E+01,1.12102E+01,7.08873E+01,1.24188E+01,7.08873E+01,4.82647E+01,4.82647E+01,4.82647E+01,7.08873E+01,4.82647E+01,7.08873E+01,7.08873E+01,4.82647E+01,7.08873E+01,7.08873E+01,7.08873E+01,7.08873E+01,7.08873E+01,7.08873E+01,1.12102E+01,7.08873E+01,7.08873E+01,7.08873E+01,7.08873E+01,7.08873E+01,7.08873E+01,4.82647E+01,7.08873E+01,7.08873E+01,1.18556E+01,2.33120E+01,4.82647E+01,7.33177E+00,3.45467E+00,7.08873E+01,7.08873E+01,7.08873E+01,7.08873E+01,2.33120E+01,7.08873E+01,7.08873E+01,7.08873E+01 
#t = 1.554E+03
7.08873E+01,7.08873E+01,4.82647E+01,7.08873E+01,1.24188E+01,7.08873E+01,4.82647E+01,7.08873E+01,4.82647E+01,7.08873E+01,7.08873E+01,7.08873E+01,7.08873E+01,4.82647E+01,7.08873E+01,7.08873E+01,7.08873E+01,4.82647E+01,7.08873E+01,7.08873E+01,7.08873E+01,7.08873E+01,7.08873E+01,7.08873E+01,7.08873E+01,7.08873E+01,4.82647E+01,4.82647E+01,7.08873E+01,4.82647E+01,6.76733E+00,1.24188E+01,7.08873E+01,7.08873E+01,7.08873E+01,4.82647E+01,7.08873E+01,7.08873E+01,4.78094E-01,7.08873E+01,7.08873E+01,7.08873E+01,4.82647E+01,4.82647E+01,7.08873E+01,4.82647E+01,7.08873E+01,7.08873E+01,4.82647E+01,7.08873E+01,7.08873E+01,7.08873E+01 
#t = 1.596E+03
7.08873E+01,4.82647E+01,7.08873E+01,7.08873E+01,7.08873E+01,7.08873E+01,4.82647E+01,4.82647E+01,7.08873E+01,7.08873E+01,4.82647E+01,7.08873E+01,7.08873E+01,7.08873E+01,7.08873E+01,7.08873E+01,7.08873E+01,7.08873E+01,7.08873E+01,7.08873E+01,7.08873E+01,7.08873E+01,7.08873E+01,7.08873E+01,4.82647E+01,7.08873E+01,7.08873E+01,7.08873E+01,7.08873E+01,7.08873E+01,7.08873E+01,1.53999E+01,7.08873E+01,7.08873E+01,7.08873E+01,7.08873E+01,7.08873E+01,4.89454E+01,7.08873E+01,7.08873E+01,4.82647E+01,7.08873E+01,7.08873E+01,7.08873E+01,7.08873E+01,7.08873E+01,4.89454E+01,7.08873E+01,7.08873E+01,7.08873E+01,2.95783E-01 
#t = 1.638E+03
7.08873E+01,7.08873E+01,7.08873E+01,7.08873E+01,7.08873E+01,4.82647E+01,7.08873E+01,7.08873E+01,7.08873E+01,7.08873E+01,7.08873E+01,7.08873E+01,7.08873E+01,7.08873E+01,4.82647E+01,4.82647E+01,7.08873E+01,4.82647E+01,7.08873E+01,7.08873E+01,7.08873E+01,7.08873E+01,7.08873E+01,4.82647E+01,4.82647E+01,7.08873E+01,7.08873E+01,2.45555E+00,7.08873E+01,4.82647E+01,7.08873E+01,4.82647E+01,7.08873E+01,4.82647E+01 
#t = 1.680E+03
7.08873E+01,4.82647E+01,7.08873E+01,7.08873E+01,7.08873E+01,7.08873E+01,7.08873E+01,7.08873E+01,7.08873E+01,7.08873E+01,7.08873E+01,7.08873E+01,7.08873E+01,7.08873E+01,7.08873E+01,7.08873E+01,7.08873E+01,7.08873E+01,7.08873E+01,7.08873E+01,4.82647E+01,7.08873E+01,7.08873E+01,7.08873E+01,7.08873E+01,7.08873E+01,7.08873E+01,7.08873E+01,7.08873E+01,7.08873E+01,7.08873E+01,7.08873E+01,7.08873E+01,7.08873E+01,7.08873E+01,7.08873E+01,4.84674E+00,5.16533E+00,7.08873E+01,7.08873E+01,7.08873E+01 
#t = 1.722E+03
7.08873E+01,7.08873E+01,7.08873E+01,7.08873E+01,7.08873E+01,7.08873E+01,4.82647E+01,7.08873E+01,7.08873E+01,7.08873E+01,7.08873E+01,7.08873E+01,7.08873E+01,7.08873E+01,7.08873E+01,7.08873E+01,7.08873E+01,7.08873E+01,7.08873E+01,7.08873E+01,7.08873E+01,4.82647E+01,7.08873E+01,7.08873E+01,7.08873E+01,7.08873E+01,4.82647E+01,7.08873E+01,7.08873E+01,7.08873E+01,7.08873E+01,7.08873E+01,7.08873E+01,7.08873E+01,7.08873E+01,7.08873E+01,7.08873E+01,7.08873E+01,7.08873E+01,7.08873E+01,7.08873E+01,1.08465E+00,1.15406E+00,6.49077E-01,7.08873E+01,4.82647E+01,7.08873E+01,7.08873E+01,7.08873E+01,5.38804E-01,7.08873E+01 
#t = 1.764E+03
7.08873E+01,7.08873E+01,7.08873E+01,7.08873E+01,4.82647E+01,7.08873E+01,7.08873E+01,7.08873E+01,7.08873E+01,7.08873E+01,3.62340E+01,7.08873E+01,7.08873E+01,7.08873E+01,7.08873E+01,9.37040E+00,7.08873E+01,7.08873E+01,7.08873E+01,7.08873E+01,7.08873E+01,7.08873E+01,7.08873E+01,4.82647E+01,7.08873E+01,7.08873E+01,7.08873E+01,7.08873E+01,3.62340E+01,7.08873E+01,7.08873E+01,7.08873E+01,7.08873E+01,7.08873E+01,4.82647E+01,7.08873E+01,7.08873E+01,4.82647E+01,4.82647E+01,7.08873E+01,7.08873E+01,7.08873E+01,7.08873E+01,7.08873E+01,7.08873E+01,7.08873E+01 
#t = 1.806E+03
7.08873E+01,7.08873E+01,7.08873E+01,7.08873E+01,4.82647E+01,7.08873E+01,7.08873E+01,7.08873E+01,7.08873E+01,7.08873E+01,7.08873E+01,7.08873E+01,7.08873E+01,4.82647E+01,7.08873E+01,7.08873E+01,7.08873E+01,7.08873E+01,7.08873E+01,7.08873E+01,7.08873E+01,7.08873E+01,4.82647E+01,7.08873E+01,7.08873E+01,7.08873E+01,4.12592E+00,7.08873E+01,7.08873E+01,7.08873E+01,7.08873E+01,7.08873E+01 
#t = 1.848E+03
7.08873E+01,7.08873E+01,7.08873E+01,7.08873E+01,7.08873E+01,7.08873E+01,7.08873E+01,7.08873E+01,7.08873E+01,7.08873E+01,7.08873E+01,7.08873E+01,7.08873E+01,7.08873E+01,7.08873E+01,1.45832E+01,7.08873E+01,7.08873E+01,7.08873E+01,7.08873E+01,7.08873E+01,7.08873E+01,7.08873E+01,7.08873E+01,7.08873E+01,7.08873E+01,7.08873E+01,7.08873E+01,7.08873E+01,1.53165E+01,7.08873E+01,2.62771E+00,7.08873E+01,7.08873E+01,7.08873E+01,7.05213E+00,7.08873E+01,7.08873E+01,7.08873E+01,7.08873E+01,7.08873E+01,7.08873E+01,7.08873E+01,1.24197E+01,7.08873E+01,4.50346E+00,7.08873E+01,7.08873E+01,7.08873E+01,1.23431E-01,7.08873E+01,7.08873E+01 
#t = 1.890E+03
7.08873E+01,7.08873E+01,7.08873E+01,7.08873E+01,1.53165E+01,1.53165E+01,7.08873E+01,5.77650E+01,7.08873E+01,7.08873E+01,7.08873E+01,7.08873E+01,7.08873E+01,7.08873E+01,7.08873E+01,7.08873E+01,7.08873E+01,7.08873E+01,7.08873E+01,7.08873E+01,7.08873E+01,7.08873E+01,7.08873E+01,7.08873E+01,7.08873E+01,7.08873E+01,7.08873E+01,7.08873E+01,1.53165E+01,2.84612E+00,7.08873E+01,7.08873E+01,7.08873E+01 
#t = 1.932E+03
7.08873E+01,7.08873E+01,7.08873E+01,7.08873E+01,7.08873E+01,7.08873E+01,7.08873E+01,7.08873E+01,7.08873E+01,7.08873E+01,7.08873E+01,7.08873E+01,7.08873E+01,7.08873E+01,7.08873E+01,7.08873E+01,7.08873E+01,7.08873E+01,7.08873E+01,7.08873E+01,7.08873E+01,7.08873E+01,7.08873E+01,7.08873E+01,7.08873E+01,7.08873E+01,1.07298E+01,7.08873E+01,7.92041E+00,7.08873E+01,1.07298E+01 
#t = 1.974E+03
7.08873E+01,7.08873E+01,7.08873E+01,7.08873E+01,7.08873E+01,7.08873E+01,9.40824E+00,7.08873E+01,7.08873E+01,7.08873E+01,7.08873E+01,7.08873E+01,7.08873E+01,7.08873E+01,7.08873E+01,7.08873E+01,7.08873E+01,7.08873E+01,7.08873E+01,7.08873E+01,7.08873E+01,7.08873E+01,7.08873E+01,7.08873E+01,7.08873E+01,7.08873E+01,7.08873E+01,7.08873E+01,1.83450E+00,7.08873E+01,7.08873E+01,7.08873E+01,7.08873E+01,7.08873E+01,7.08873E+01,7.08873E+01,4.11643E-01,7.08873E+01,7.08873E+01,7.08873E+01,7.08873E+01,7.08873E+01 
#t = 2.016E+03
7.08873E+01,7.08873E+01,7.08873E+01,7.08873E+01,7.08873E+01,7.08873E+01,7.08873E+01,7.08873E+01,7.08873E+01,7.08873E+01,7.08873E+01,7.08873E+01,7.08873E+01,7.08873E+01,7.08873E+01,7.08873E+01,7.08873E+01,7.08873E+01,7.08873E+01,7.08873E+01,7.08873E+01,7.08873E+01,7.08873E+01,7.08873E+01,7.08873E+01,7.08873E+01,4.02946E+00,7.08873E+01,7.08873E+01,1.24172E+00,7.08873E+01,7.08873E+01,7.08873E+01,1.26732E-01,2.24484E+01,7.08873E+01,7.08873E+01 
#t = 2.058E+03
7.08873E+01,7.08873E+01,7.08873E+01,7.08873E+01,7.08873E+01,7.08873E+01,7.08873E+01,7.08873E+01,7.08873E+01,1.78103E+01,7.08873E+01,7.08873E+01,7.08873E+01,7.08873E+01,7.08873E+01,7.08873E+01,7.08873E+01,7.08873E+01,7.08873E+01,7.08873E+01,7.08873E+01,7.08873E+01,1.78103E+01,7.08873E+01,7.08873E+01,7.08873E+01,2.49758E+01,7.08873E+01,7.08873E+01,7.08873E+01,7.08873E+01,7.08873E+01,7.08873E+01,7.08873E+01,7.08873E+01,2.15428E+00,7.08873E+01,7.08873E+01,7.08873E+01,5.38028E+00,4.37377E-01 
#t = 2.100E+03
7.08873E+01,7.08873E+01,7.08873E+01,7.08873E+01,7.08873E+01,7.08873E+01,7.08873E+01,7.08873E+01,7.08873E+01,7.08873E+01,7.08873E+01,8.98914E+00,7.08873E+01,7.08873E+01,7.08873E+01,7.08873E+01,7.08873E+01,7.08873E+01,7.08873E+01,7.08873E+01,7.08873E+01,7.08873E+01,7.08873E+01,7.08873E+01,7.08873E+01,7.08873E+01,7.08873E+01,7.08873E+01,7.08873E+01,7.08873E+01,7.08873E+01,7.08873E+01,7.08873E+01,7.08873E+01,7.08873E+01,7.08873E+01,7.08873E+01,7.08873E+01,1.55018E+00,7.08873E+01,7.08873E+01,7.08873E+01,7.08873E+01,5.10020E-01,7.08873E+01,7.08873E+01,7.08873E+01 
#t = 2.142E+03
7.08873E+01,7.08873E+01,7.08873E+01,7.08873E+01,7.08873E+01,7.08873E+01,7.08873E+01,7.08873E+01,7.08873E+01,7.08873E+01,7.08873E+01,7.08873E+01,7.08873E+01,7.08873E+01,7.08873E+01,7.08873E+01,7.08873E+01,7.08873E+01,7.08873E+01,7.08873E+01,7.08873E+01,7.08873E+01,7.08873E+01,7.08873E+01,7.08873E+01,7.08873E+01,7.92967E-01,7.08873E+01,7.08873E+01,4.13924E+00,7.08873E+01,7.08873E+01,7.08873E+01,7.08873E+01,7.08873E+01,1.26779E-01 
#t = 2.184E+03
7.08873E+01,7.08873E+01,7.08873E+01,7.08873E+01,7.08873E+01,7.08873E+01,7.08873E+01,7.08873E+01,7.08873E+01,7.08873E+01,7.08873E+01,7.08873E+01,7.08873E+01,7.08873E+01,7.08873E+01,7.08873E+01,7.08873E+01,7.08873E+01,7.08873E+01,4.08583E+00,7.08873E+01,7.08873E+01,7.08873E+01,7.08873E+01,7.08873E+01,1.04404E+01,7.08873E+01,7.08873E+01,7.08873E+01,7.08873E+01,7.08873E+01,7.08873E+01,7.08873E+01,7.08873E+01,7.08873E+01,7.08873E+01,2.99120E-02,7.08873E+01,7.08873E+01 
#t = 2.226E+03
7.08873E+01,7.08873E+01,7.08873E+01,7.08873E+01,7.08873E+01,7.08873E+01,7.08873E+01,1.46356E+01,7.08873E+01,7.08873E+01,7.08873E+01,7.08873E+01,7.08873E+01,1.46356E+01,7.08873E+01,7.08873E+01,1.46356E+01,7.08873E+01,7.08873E+01,7.08873E+01,7.08873E+01,7.08873E+01,7.08873E+01,7.08873E+01,7.08873E+01,7.08873E+01,7.08873E+01,7.08873E+01,7.08873E+01,7.08873E+01,7.08873E+01,7.08873E+01,7.08873E+01,7.08873E+01,7.08873E+01,7.08873E+01,7.08873E+01,1.46356E+01,7.08873E+01,7.08873E+01,7.08873E+01 
#t = 2.268E+03
7.08873E+01,7.08873E+01,1.59114E+01,1.46356E+01,7.08873E+01,1.92708E+01,7.08873E+01,7.08873E+01,7.08873E+01,7.08873E+01,1.59114E+01,7.08873E+01,1.20108E+01,1.16791E+01,7.08873E+01,7.08873E+01,7.08873E+01,7.08873E+01,7.08873E+01,7.08873E+01,7.08873E+01,1.59114E+01,7.08873E+01,3.26889E+01,1.08420E+01,7.08873E+01,3.26889E+01,7.08873E+01,7.08873E+01,3.51231E+00,7.08873E+01,7.08873E+01,7.08873E+01,7.08873E+01,1.20108E+01 
#t = 2.310E+03
7.08873E+01,1.59114E+01,7.08873E+01,7.08873E+01,7.08873E+01,1.16791E+01,7.08873E+01,7.08873E+01,7.08873E+01,7.08873E+01,7.08873E+01,7.08873E+01,7.08873E+01,7.08873E+01,7.08873E+01,7.08873E+01,1.92708E+01,7.08873E+01,7.08873E+01,1.20509E+01,7.08873E+01,7.08873E+01,7.08873E+01,7.08873E+01,7.08873E+01,7.08873E+01,1.92708E+01,7.08873E+01,7.08873E+01,7.08873E+01,7.08873E+01,7.08873E+01,7.08873E+01,1.92708E+01,7.08873E+01,7.08873E+01,7.08873E+01,5.09540E-01,7.08873E+01,7.08873E+01,7.08873E+01,7.08873E+01,5.85498E-01,7.08873E+01 
#t = 2.352E+03
7.08873E+01,7.08873E+01,7.08873E+01,7.08873E+01,7.08873E+01,7.08873E+01,7.08873E+01,7.08873E+01,7.08873E+01,7.08873E+01,7.08873E+01,7.08873E+01,1.92708E+01,7.08873E+01,7.08873E+01,7.08873E+01,1.92708E+01,1.92708E+01,7.08873E+01,7.08873E+01,1.92708E+01,7.08873E+01,7.08873E+01,7.08873E+01,7.08873E+01,7.08873E+01,7.08873E+01,7.08873E+01,7.08873E+01,7.08873E+01,1.16316E+01,1.92708E+01,7.08873E+01,7.08873E+01,7.08873E+01,7.08873E+01,7.08873E+01,7.08873E+01,7.08873E+01,1.92708E+01,7.08873E+01,7.08873E+01,7.08873E+01,7.08873E+01 
#t = 2.394E+03
7.08873E+01,7.08873E+01,7.08873E+01,7.08873E+01,7.08873E+01,1.92708E+01,7.08873E+01,7.08873E+01,7.08873E+01,7.08873E+01,7.08873E+01,7.08873E+01,7.08873E+01,1.92708E+01,7.08873E+01,7.08873E+01,7.08873E+01,7.08873E+01,7.08873E+01,7.08873E+01,7.08873E+01,7.08873E+01,7.08873E+01,7.08873E+01,7.08873E+01,7.08873E+01,7.08873E+01,7.08873E+01,7.08873E+01,7.08873E+01,7.08873E+01,7.08873E+01,1.92708E+01,1.92708E+01,1.92708E+01,7.08873E+01,7.08873E+01,3.15462E-01,1.92708E+01,1.18592E+01,7.08873E+01 
#t = 2.436E+03
7.08873E+01,7.08873E+01,7.08873E+01,7.08873E+01,7.08873E+01,7.08873E+01,7.08873E+01,7.08873E+01,7.08873E+01,7.08873E+01,7.08873E+01,7.08873E+01,7.08873E+01,7.08873E+01,7.08873E+01,7.08873E+01,7.08873E+01,7.08873E+01,7.08873E+01,7.08873E+01,1.15714E+01,7.08873E+01,7.08873E+01,7.08873E+01,7.08873E+01,7.08873E+01,7.08873E+01,7.08873E+01,1.15714E+01,7.08873E+01,7.08873E+01,7.08873E+01,7.08873E+01,7.08873E+01,7.08873E+01,7.08873E+01,7.08873E+01,7.08873E+01,7.08873E+01 
#t = 2.478E+03
7.08873E+01,7.08873E+01,7.08873E+01,7.08873E+01,7.08873E+01,7.08873E+01,7.08873E+01,7.08873E+01,7.08873E+01,7.08873E+01,7.08873E+01,7.08873E+01,7.08873E+01,7.08873E+01,7.08873E+01,7.08873E+01,7.08873E+01,7.08873E+01,7.08873E+01,7.08873E+01,7.08873E+01,7.08873E+01,7.08873E+01,7.08873E+01,7.08873E+01,7.08873E+01,7.08873E+01,7.08873E+01,7.08873E+01,7.08873E+01,7.08873E+01,7.08873E+01,7.08873E+01,9.92731E-01,7.08873E+01,7.08873E+01,7.08873E+01,7.08873E+01,7.08873E+01,7.08873E+01,7.08873E+01,7.08873E+01,7.08873E+01,7.08873E+01,7.08873E+01 
#t = 2.520E+03
7.08873E+01,7.08873E+01,7.08873E+01,7.08873E+01,7.08873E+01,7.08873E+01,7.08873E+01,7.08873E+01,7.08873E+01,7.08873E+01,7.08873E+01,7.08873E+01,7.08873E+01,7.08873E+01,7.08873E+01,7.08873E+01,7.08873E+01,7.08873E+01,7.08873E+01,7.08873E+01,7.08873E+01,7.08873E+01,7.08873E+01,7.08873E+01,7.08873E+01,7.08873E+01,7.08873E+01,7.08873E+01,7.08873E+01,7.08873E+01,7.08873E+01,7.08873E+01,7.08873E+01,7.08873E+01,1.26433E+01,7.08873E+01,7.08873E+01,5.36756E+00,7.08873E+01 
#t = 2.562E+03
7.08873E+01,7.08873E+01,7.08873E+01,7.08873E+01,7.08873E+01,7.08873E+01,7.08873E+01,7.08873E+01,7.08873E+01,7.08873E+01,7.08873E+01,7.08873E+01,7.08873E+01,1.15642E+01,7.08873E+01,7.08873E+01,7.08873E+01,7.08873E+01,5.98749E+00,7.08873E+01,7.08873E+01,7.08873E+01,7.08873E+01,7.08873E+01,7.08873E+01,1.50642E+01,7.08873E+01,7.08873E+01,7.08873E+01,7.08873E+01,7.08873E+01,7.08873E+01,7.08873E+01,7.08873E+01,7.08873E+01,7.08873E+01,1.15642E+01,7.08873E+01,1.15642E+01,5.75850E-01 
#t = 2.604E+03
7.08873E+01,7.08873E+01,7.08873E+01,7.08873E+01,7.08873E+01,7.08873E+01,7.08873E+01,7.08873E+01,7.08873E+01,7.08873E+01,7.08873E+01,7.08873E+01,7.08873E+01,1.28371E+01,7.08873E+01,7.08873E+01,7.08873E+01,7.08873E+01,7.08873E+01,7.08873E+01,7.08873E+01,7.08873E+01,7.08873E+01,7.08873E+01,7.08873E+01,7.08873E+01,7.08873E+01,7.08873E+01,7.08873E+01,7.08873E+01,1.15642E+01,7.08873E+01,7.08873E+01,7.08873E+01,7.08873E+01,7.08873E+01,7.08873E+01,7.08873E+01,7.08873E+01,7.08873E+01,7.08873E+01,7.08873E+01 
#t = 2.646E+03
7.08873E+01,7.08873E+01,7.08873E+01,1.15642E+01,1.15642E+01,7.08873E+01,7.08873E+01,7.08873E+01,7.08873E+01,7.08873E+01,7.08873E+01,7.08873E+01,7.08873E+01,7.08873E+01,7.08873E+01,7.08873E+01,7.08873E+01,7.08873E+01,7.08873E+01,7.08873E+01,7.08873E+01,7.08873E+01,7.08873E+01,7.08873E+01,7.08873E+01,7.08873E+01,7.08873E+01,7.08873E+01,7.08873E+01,7.08873E+01,7.08873E+01,7.08873E+01,7.08873E+01,7.08873E+01,7.08873E+01,1.14841E+00,7.08873E+01,7.08873E+01,7.08873E+01,7.08873E+01,7.08873E+01,7.08873E+01,7.08873E+01,7.08873E+01,7.08873E+01,7.08873E+01,2.70516E+01,7.08873E+01,7.08873E+01,7.08873E+01,7.08873E+01,7.08873E+01,7.08873E+01,7.08873E+01,7.08873E+01 
#t = 2.688E+03
7.08873E+01,7.08873E+01,7.08873E+01,7.08873E+01,7.08873E+01,7.08873E+01,7.08873E+01,7.08873E+01,1.15642E+01,7.08873E+01,7.08873E+01,7.08873E+01,7.08873E+01,7.08873E+01,7.08873E+01,7.08873E+01,7.08873E+01,7.08873E+01,7.08873E+01,7.08873E+01,7.08873E+01,2.78113E-01,7.08873E+01,1.08604E+00,7.08873E+01,7.08873E+01,7.08873E+01,7.08873E+01,7.08873E+01,7.08873E+01,7.08873E+01,7.08873E+01,7.08873E+01,4.13194E+00,7.08873E+01,7.08873E+01,7.08873E+01,1.15642E+01 
#t = 2.730E+03
7.08873E+01,7.08873E+01,7.08873E+01,7.08873E+01,2.44445E+01,7.08873E+01,7.08873E+01,7.08873E+01,7.08873E+01,2.44445E+01,7.08873E+01,7.08873E+01,2.44445E+01,7.08873E+01,7.08873E+01,7.08873E+01,7.08873E+01,7.08873E+01,7.08873E+01,7.08873E+01,7.08873E+01,7.08873E+01,7.08873E+01,7.08873E+01,7.08873E+01,7.08873E+01,7.08873E+01,7.08873E+01,1.65860E+00,7.08873E+01,7.08873E+01,7.08873E+01,6.41673E-01,7.08873E+01,7.08873E+01 
#t = 2.772E+03
7.08873E+01,7.08873E+01,7.08873E+01,2.44445E+01,7.08873E+01,7.08873E+01,1.03289E+01,7.08873E+01,7.08873E+01,7.08873E+01,7.08873E+01,7.08873E+01,7.08873E+01,2.44445E+01,8.73204E+00,7.08873E+01,7.08873E+01,7.08873E+01,2.44445E+01,7.08873E+01,7.08873E+01,7.08873E+01,7.08873E+01,7.08873E+01,7.08873E+01,7.08873E+01,7.08873E+01,7.08873E+01,7.08873E+01,7.08873E+01,2.44445E+01,4.47523E+00,7.08873E+01,7.08873E+01,7.08873E+01 
#t = 2.814E+03
7.08873E+01,7.08873E+01,7.08873E+01,7.08873E+01,7.08873E+01,7.08873E+01,7.08873E+01,7.08873E+01,7.08873E+01,7.08873E+01,7.08873E+01,7.08873E+01,7.08873E+01,7.08873E+01,7.08873E+01,7.08873E+01,7.08873E+01,7.08873E+01,7.08873E+01,1.94802E+01,7.08873E+01,7.08873E+01,7.08873E+01,7.08873E+01,7.08873E+01,7.08873E+01,7.08873E+01,7.08873E+01,7.08873E+01,7.08873E+01,7.08873E+01,7.08873E+01,7.08873E+01,4.23410E+00,3.36251E+00,7.08873E+01,7.08873E+01,7.08873E+01 
#t = 2.856E+03
7.08873E+01,1.94802E+01,7.08873E+01,7.08873E+01,7.08873E+01,7.08873E+01,7.08873E+01,7.08873E+01,7.08873E+01,1.94802E+01,7.08873E+01,7.08873E+01,7.08873E+01,7.08873E+01,7.08873E+01,1.94802E+01,7.08873E+01,7.08873E+01,7.08873E+01,7.08873E+01,7.08873E+01,7.08873E+01,7.08873E+01,7.08873E+01,7.08873E+01,7.08873E+01,7.08873E+01,7.08873E+01,8.09487E+00,7.08873E+01,7.08873E+01,7.08873E+01,7.08873E+01,7.08873E+01,7.08873E+01,7.08873E+01,7.08873E+01,1.94802E+01,7.08873E+01,7.08873E+01,7.08873E+01,7.08873E+01,7.08873E+01,7.08873E+01,7.08873E+01,7.08873E+01,7.08873E+01,1.94802E+01,7.08873E+01,1.94802E+01,2.35372E+00,9.25229E-01,7.08873E+01,1.25930E+00,7.08873E+01,7.08873E+01,7.08873E+01 
#t = 2.898E+03
7.08873E+01,7.08873E+01,7.08873E+01,7.08873E+01,7.08873E+01,7.08873E+01,7.08873E+01,7.08873E+01,7.08873E+01,7.08873E+01,7.08873E+01,7.08873E+01,7.08873E+01,7.08873E+01,7.08873E+01,7.08873E+01,7.08873E+01,7.08873E+01,7.08873E+01,7.08873E+01,7.08873E+01,7.08873E+01,7.08873E+01,7.08873E+01,7.08873E+01,7.08873E+01,7.08873E+01,7.08873E+01,7.08873E+01,7.08873E+01,7.08873E+01,7.08873E+01,7.08873E+01,7.08873E+01,7.08873E+01,7.08873E+01,7.08873E+01,7.08873E+01,7.08873E+01,7.08873E+01,7.08873E+01,7.08873E+01,1.88067E+00,7.08873E+01,7.08873E+01,7.08873E+01,7.08873E+01,4.06592E+00,3.78646E+00 
#t = 2.940E+03
7.08873E+01,7.08873E+01,7.08873E+01,7.08873E+01,7.08873E+01,7.08873E+01,7.08873E+01,7.08873E+01,7.08873E+01,7.08873E+01,7.08873E+01,7.08873E+01,7.08873E+01,7.08873E+01,7.08873E+01,7.08873E+01,7.08873E+01,7.08873E+01,7.08873E+01,7.08873E+01,7.08873E+01,7.08873E+01,7.08873E+01,7.08873E+01,7.08873E+01,7.08873E+01,7.08873E+01,7.08873E+01,7.08873E+01,7.08873E+01,7.08873E+01,7.08873E+01,7.08873E+01,7.08873E+01,7.08873E+01,7.08873E+01,7.08873E+01,7.08873E+01,7.08873E+01,7.08873E+01,7.08873E+01,7.08873E+01,7.08873E+01,7.08873E+01,7.08873E+01,7.08873E+01,7.08873E+01,7.08873E+01,7.08873E+01,7.08873E+01,7.08873E+01,7.08873E+01,5.49674E+00,7.08873E+01,7.08873E+01,7.08873E+01,7.08873E+01,8.08424E-01 
#t = 2.982E+03
7.08873E+01,7.08873E+01,7.08873E+01,7.08873E+01,7.08873E+01,7.08873E+01,7.08873E+01,7.08873E+01,7.08873E+01,7.08873E+01,7.08873E+01,7.08873E+01,7.08873E+01,7.08873E+01,7.08873E+01,7.08873E+01,7.08873E+01,7.08873E+01,7.08873E+01,7.08873E+01,7.08873E+01,7.08873E+01,7.08873E+01,7.08873E+01,7.08873E+01,2.65168E+00,7.08873E+01,7.08873E+01,7.08873E+01,7.08873E+01,7.08873E+01,1.54893E+01,7.08873E+01,7.08873E+01,7.08873E+01,7.08873E+01,7.08873E+01,7.08873E+01,7.08873E+01,7.08873E+01,7.08873E+01,5.90305E+00,7.08873E+01,7.08873E+01,7.08873E+01,7.08873E+01,8.03112E-01 
#t = 3.024E+03
7.08873E+01,7.08873E+01,7.08873E+01,7.08873E+01,7.08873E+01,7.08873E+01,7.08873E+01,7.08873E+01,7.08873E+01,7.08873E+01,7.08873E+01,7.08873E+01,7.08873E+01,2.66251E+01,7.08873E+01,7.08873E+01,7.08873E+01,2.66251E+01,7.08873E+01,7.08873E+01,7.08873E+01,7.08873E+01,7.08873E+01,7.08873E+01,2.66251E+01,7.08873E+01,7.08873E+01,7.08873E+01,7.08873E+01,7.08873E+01,7.08873E+01,7.08873E+01,7.08873E+01,7.08873E+01,7.08873E+01,7.08873E+01,7.08873E+01,7.08873E+01,7.08873E+01,7.08873E+01,7.08873E+01,7.08873E+01,7.08873E+01,6.88411E+00,7.08873E+01,7.08873E+01,7.08873E+01,3.52705E+01,7.08873E+01,7.08873E+01,1.85710E+00,7.08873E+01,2.66251E+01,2.66251E+01,7.08873E+01,7.08873E+01,7.08873E+01,7.08873E+01,7.08873E+01,7.08873E+01,2.66251E+01,7.08873E+01,7.08873E+01,7.08873E+01,7.08873E+01,7.08873E+01,7.08873E+01,7.08873E+01,7.08873E+01,7.08873E+01 
#t = 3.066E+03
7.08873E+01,7.08873E+01,7.08873E+01,7.08873E+01,7.08873E+01,7.08873E+01,2.66251E+01,7.08873E+01,7.08873E+01,7.08873E+01,7.08873E+01,7.08873E+01,7.08873E+01,7.08873E+01,7.08873E+01,7.08873E+01,7.08873E+01,7.08873E+01,7.08873E+01,7.08873E+01,7.08873E+01,7.08873E+01,7.08873E+01,7.08873E+01,7.08873E+01,7.08873E+01,7.08873E+01,7.08873E+01,7.08873E+01,7.08873E+01,1.54588E+01,7.08873E+01,7.08873E+01,7.08873E+01,7.08873E+01,7.08873E+01,4.08538E-01,7.08873E+01,7.08873E+01,7.08873E+01,7.08873E+01,7.08873E+01,7.08873E+01,7.08873E+01 
#t = 3.108E+03
7.08873E+01,7.08873E+01,7.08873E+01,1.39932E+01,7.08873E+01,1.54588E+01,7.08873E+01,7.08873E+01,7.08873E+01,7.08873E+01,1.39932E+01,7.08873E+01,7.08873E+01,7.08873E+01,7.08873E+01,7.08873E+01,1.54588E+01,7.08873E+01,7.08873E+01,7.08873E+01,7.08873E+01,7.08873E+01,7.08873E+01,7.08873E+01,7.08873E+01,7.08873E+01,2.87264E+01,7.08873E+01,7.08873E+01,7.08873E+01,7.08873E+01,1.54588E+01,7.08873E+01,7.08873E+01,7.08873E+01,1.54588E+01,7.08873E+01,7.08873E+01,7.08873E+01,7.08873E+01,1.54588E+01,7.08873E+01,1.54588E+01,1.54588E+01,7.08873E+01 
#t = 3.150E+03
7.08873E+01,7.08873E+01,1.39932E+01,7.08873E+01,7.08873E+01,7.08873E+01,7.08873E+01,1.54588E+01,7.08873E+01,7.08873E+01,7.08873E+01,1.54588E+01,7.08873E+01,7.08873E+01,7.08873E+01,1.54588E+01,1.54588E+01,7.08873E+01,7.08873E+01,7.08873E+01,7.08873E+01,7.08873E+01,7.08873E+01,7.08873E+01,7.08873E+01,5.99212E+00,1.54588E+01,7.08873E+01,1.54588E+01,7.08873E+01,7.08873E+01,1.54588E+01,7.08873E+01,1.54588E+01,7.08873E+01,4.45906E-01 
#t = 3.192E+03
7.08873E+01,7.08873E+01,7.08873E+01,7.08873E+01,1.54588E+01,7.08873E+01,7.08873E+01,7.08873E+01,1.54588E+01,7.08873E+01,7.08873E+01,7.08873E+01,7.08873E+01,7.08873E+01,7.08873E+01,7.08873E+01,7.08873E+01,7.08873E+01,7.08873E+01,1.39932E+01,1.54588E+01,4.02395E+00,1.54588E+01,7.08873E+01,4.28884E+00,7.08873E+01,7.08873E+01,7.08873E+01,7.08873E+01,1.66776E-01,7.08873E+01,1.65513E+01 
#t = 3.234E+03
7.08873E+01,7.08873E+01,1.54588E+01,7.08873E+01,7.08873E+01,7.08873E+01,7.08873E+01,7.08873E+01,7.08873E+01,7.08873E+01,7.08873E+01,7.08873E+01,1.14947E+01,7.08873E+01,7.08873E+01,7.08873E+01,7.08873E+01,7.08873E+01,7.08873E+01,7.08873E+01,7.08873E+01,7.08873E+01,7.08873E+01,7.08873E+01,7.08873E+01,7.08873E+01,7.08873E+01,1.14947E+01,7.08873E+01,7.08873E+01,7.08873E+01,1.14947E+01,7.08873E+01,7.08873E+01,7.08873E+01,7.08873E+01,3.81169E+00,7.08873E+01,7.08873E+01,7.08873E+01,7.08873E+01,7.08873E+01,7.08873E+01,7.08873E+01,7.08873E+01,7.08873E+01 
#t = 3.276E+03
7.08873E+01,7.08873E+01,7.08873E+01,7.08873E+01,1.14947E+01,1.14947E+01,7.08873E+01,7.08873E+01,7.08873E+01,7.08873E+01,1.14947E+01,2.86185E+01,7.08873E+01,7.08873E+01,7.08873E+01,7.08873E+01,1.14947E+01,7.08873E+01,7.08873E+01,7.08873E+01,1.14947E+01,7.08873E+01,7.08873E+01,7.08873E+01,7.08873E+01,7.08873E+01,7.08873E+01,1.43857E+00,1.14947E+01,7.08873E+01,1.14947E+01,1.14947E+01,1.46031E-01,1.60566E+00,1.14947E+01,7.08873E+01 
#t = 3.318E+03
7.08873E+01,7.08873E+01,7.08873E+01,1.18368E+01,7.08873E+01,7.08873E+01,1.14947E+01,7.08873E+01,7.08873E+01,1.18844E+01,7.08873E+01,7.08873E+01,7.08873E+01,7.08873E+01,1.18844E+01,7.08873E+01,1.18368E+01,1.14947E+01,7.08873E+01,7.08873E+01,7.08873E+01,7.08873E+01,7.08873E+01,1.18844E+01,7.08873E+01,1.18368E+01,7.08873E+01,1.18844E+01,7.08873E+01,1.14947E+01,1.14947E+01,1.18368E+01,7.08873E+01,7.08873E+01,7.08873E+01,2.45184E-01,7.08873E+01,7.08873E+01,7.08873E+01,7.08873E+01,7.08873E+01,7.08873E+01,7.08873E+01,7.08873E+01,7.08873E+01,7.08873E+01,2.47977E-01,7.08873E+01,3.65408E+00 
#t = 3.360E+03
7.08873E+01,1.14947E+01,7.08873E+01,1.14947E+01,1.18844E+01,7.08873E+01,7.08873E+01,1.14947E+01,7.08873E+01,7.08873E+01,1.18844E+01,7.08873E+01,7.08873E+01,7.08873E+01,7.08873E+01,1.14947E+01,7.08873E+01,7.08873E+01,7.08873E+01,7.08873E+01,7.08873E+01,7.08873E+01,7.08873E+01,7.08873E+01,1.18844E+01,7.08873E+01,7.08873E+01,7.08873E+01,7.08873E+01,1.18844E+01,7.08873E+01,6.84388E-01,7.08873E+01,1.14947E+01,7.08873E+01,7.08873E+01,7.08873E+01,7.97060E-01,7.08873E+01,1.14947E+01,7.21456E-01,7.08873E+01,7.08873E+01,7.08873E+01,7.08873E+01,7.08873E+01,7.08873E+01,7.08873E+01 
#t = 3.402E+03
7.08873E+01,7.08873E+01,7.08873E+01,7.08873E+01,7.08873E+01,7.08873E+01,7.08873E+01,7.08873E+01,7.08873E+01,7.08873E+01,7.08873E+01,7.08873E+01,7.08873E+01,7.08873E+01,7.00265E+00,7.08873E+01,7.08873E+01,7.08873E+01,7.08873E+01,7.08873E+01,7.08873E+01,7.08873E+01,7.08873E+01,7.08873E+01,7.08873E+01,7.08873E+01,7.08873E+01,1.29939E+01,7.08873E+01,4.25428E+00,7.08873E+01,7.08873E+01,7.08873E+01,7.08873E+01,7.08873E+01,7.08873E+01 
#t = 3.444E+03
7.08873E+01,7.08873E+01,7.08873E+01,7.08873E+01,7.08873E+01,7.08873E+01,7.08873E+01,7.08873E+01,7.08873E+01,7.08873E+01,7.08873E+01,7.08873E+01,7.08873E+01,7.08873E+01,7.08873E+01,7.08873E+01,7.08873E+01,7.08873E+01,7.08873E+01,7.08873E+01,7.08873E+01,7.08873E+01,7.08873E+01,7.08873E+01,7.08873E+01,7.08873E+01,7.08873E+01,7.08873E+01,7.08873E+01,7.08873E+01,7.08873E+01,7.08873E+01,7.08873E+01,7.08873E+01,7.08873E+01,2.45432E-01,7.08873E+01,7.08873E+01,7.08873E+01,7.08873E+01,7.08873E+01,7.08873E+01 
#t = 3.486E+03
7.08873E+01,7.08873E+01,7.08873E+01,7.08873E+01,7.08873E+01,7.08873E+01,7.08873E+01,7.08873E+01,7.08873E+01,7.08873E+01,7.08873E+01,7.08873E+01,7.08873E+01,7.08873E+01,7.08873E+01,7.08873E+01,7.08873E+01,7.08873E+01,7.08873E+01,7.08873E+01,7.08873E+01,7.08873E+01,7.08873E+01,7.08873E+01,7.08873E+01,7.08873E+01,7.08873E+01,7.08873E+01,7.08873E+01,7.08873E+01,3.54480E+01,7.08873E+01,3.54480E+01,7.08873E+01,3.54480E+01,7.08873E+01,7.08873E+01,7.08873E+01,7.08873E+01,1.03200E+00,7.08873E+01 
#t = 3.528E+03
7.08873E+01,7.08873E+01,7.08873E+01,7.08873E+01,7.08873E+01,7.08873E+01,7.08873E+01,7.08873E+01,7.08873E+01,7.08873E+01,7.08873E+01,7.08873E+01,7.08873E+01,7.08873E+01,9.81100E+01,7.08873E+01,7.08873E+01,7.08873E+01,7.08873E+01,7.08873E+01,7.08873E+01,7.08873E+01,6.81728E+00,7.08873E+01,7.08873E+01,7.08873E+01,7.08873E+01,7.08873E+01,7.08873E+01,7.08873E+01,7.08873E+01,7.08873E+01,7.08873E+01,7.08873E+01,7.08873E+01,7.08873E+01,7.08873E+01,7.08873E+01,7.08873E+01,1.07956E+01,7.08873E+01,3.30578E-01,7.08873E+01 
#t = 3.570E+03
7.08873E+01,7.08873E+01,7.08873E+01,7.08873E+01,7.08873E+01,7.08873E+01,7.08873E+01,9.81100E+01,7.08873E+01,7.08873E+01,7.08873E+01,9.81100E+01,7.08873E+01,7.08873E+01,7.08873E+01,7.08873E+01,7.08873E+01,9.81100E+01,7.08873E+01,9.81100E+01,7.08873E+01,7.08873E+01,7.08873E+01,7.08873E+01,8.96774E+00,7.08873E+01,7.08873E+01,7.08873E+01,7.08873E+01,7.08873E+01,7.08873E+01,7.08873E+01,7.08873E+01,7.08873E+01,7.08873E+01,7.08873E+01,7.08873E+01 
#t = 3.612E+03
7.08873E+01,7.08873E+01,7.08873E+01,7.08873E+01,7.08873E+01,7.08873E+01,7.08873E+01,7.08873E+01,7.08873E+01,7.08873E+01,7.08873E+01,7.08873E+01,7.08873E+01,7.08873E+01,7.08873E+01,7.08873E+01,7.08873E+01,7.08873E+01,7.08873E+01,7.08873E+01,7.08873E+01,7.08873E+01,7.08873E+01,7.08873E+01,7.08873E+01,7.08873E+01,1.23380E+01,3.39466E-01,7.08873E+01,7.08873E+01,7.08873E+01,7.08873E+01,7.08873E+01,7.08873E+01,7.08873E+01,7.08873E+01,9.23435E-02,7.08873E+01,2.22751E+00,7.08873E+01,7.08873E+01,7.08873E+01 
#t = 3.654E+03
7.08873E+01,7.08873E+01,7.08873E+01,7.08873E+01,7.08873E+01,7.08873E+01,7.08873E+01,7.08873E+01,7.08873E+01,7.08873E+01,7.08873E+01,7.08873E+01,7.08873E+01,7.08873E+01,7.08873E+01,7.08873E+01,7.08873E+01,7.08873E+01,7.08873E+01,7.08873E+01,7.08873E+01,7.08873E+01,7.08873E+01,7.08873E+01,7.08873E+01,7.08873E+01,7.08873E+01,2.31730E+00,7.08873E+01,7.08873E+01,7.08873E+01,9.39174E-01,7.08873E+01,7.08873E+01,7.08873E+01,7.72209E-02,7.08873E+01,7.08873E+01,7.08873E+01,7.08873E+01,7.08873E+01,3.04090E-01,7.08873E+01,1.65406E+00 
#t = 3.696E+03
7.08873E+01,7.08873E+01,7.08873E+01,7.08873E+01,7.08873E+01,7.08873E+01,7.08873E+01,7.08873E+01,7.08873E+01,7.08873E+01,7.08873E+01,7.08873E+01,7.08873E+01,7.08873E+01,7.08873E+01,7.08873E+01,7.08873E+01,7.08873E+01,7.08873E+01,7.08873E+01,7.08873E+01,7.08873E+01,7.08873E+01,7.08873E+01,7.08873E+01,7.08873E+01,7.08873E+01,7.08873E+01,7.08873E+01,7.08873E+01,7.08873E+01,7.08873E+01,7.08873E+01,7.08873E+01,7.08873E+01,7.08873E+01,7.08873E+01,7.08873E+01,1.11813E+01,7.08873E+01,7.08873E+01,7.08873E+01,7.08873E+01,7.08873E+01,7.08873E+01,6.95463E-01,2.92351E+00,7.08873E+01 
#t = 3.738E+03
7.08873E+01,7.08873E+01,7.08873E+01,7.08873E+01,7.08873E+01,7.08873E+01,7.08873E+01,7.08873E+01,7.08873E+01,7.08873E+01,7.08873E+01,7.08873E+01,7.08873E+01,7.08873E+01,7.08873E+01,7.08873E+01,7.08873E+01,7.08873E+01,7.46807E+00,7.08873E+01,7.08873E+01,7.08873E+01,7.08873E+01,7.08873E+01,7.08873E+01,7.08873E+01,7.08873E+01,7.08873E+01,7.08873E+01,7.08873E+01,7.08873E+01,7.08873E+01,7.08873E+01,7.08873E+01,7.08873E+01,7.08873E+01,7.08873E+01,7.08873E+01,7.08873E+01,1.42406E-01,7.08873E+01,7.08873E+01,7.08873E+01 
#t = 3.780E+03
7.08873E+01,7.08873E+01,7.08873E+01,7.08873E+01,7.08873E+01,7.08873E+01,7.08873E+01,7.08873E+01,7.08873E+01,1.23612E+01,7.08873E+01,7.08873E+01,7.08873E+01,7.08873E+01,5.55659E+01,7.08873E+01,7.08873E+01,7.08873E+01,1.23612E+01,7.08873E+01,7.08873E+01,5.55659E+01,7.08873E+01,7.08873E+01,7.08873E+01,7.08873E+01,1.23612E+01,7.08873E+01,7.08873E+01,7.08873E+01,5.55659E+01,7.08873E+01,7.08873E+01,7.08873E+01,7.08873E+01,7.08873E+01,7.08873E+01,1.76132E+00,7.08873E+01,7.08873E+01,7.08873E+01,5.55659E+01,1.23612E+01 
#t = 3.822E+03
7.08873E+01,7.08873E+01,7.08873E+01,7.08873E+01,7.08873E+01,7.08873E+01,7.08873E+01,7.08873E+01,5.55659E+01,1.34424E+01,7.08873E+01,7.08873E+01,7.08873E+01,7.08873E+01,7.08873E+01,7.08873E+01,7.08873E+01,7.08873E+01,7.08873E+01,7.08873E+01,7.08873E+01,7.08873E+01,1.34424E+01,7.08873E+01,7.08873E+01,7.08873E+01,7.08873E+01,7.08873E+01,7.08873E+01,7.08873E+01,7.08873E+01,1.34424E+01,7.08873E+01,7.08873E+01,7.08873E+01,7.08873E+01,7.08873E+01,7.08873E+01,7.08873E+01,7.08873E+01,3.55034E-01,7.08873E+01,7.08873E+01,7.08873E+01,7.08873E+01,7.08873E+01,7.08873E+01,7.08873E+01,1.13411E-01,7.08873E+01,7.08873E+01,7.08873E+01,7.08873E+01,7.08873E+01,7.08873E+01,7.08873E+01,6.93454E-01,7.08873E+01,7.08873E+01,7.08873E+01,7.08873E+01,7.08873E+01 
#t = 3.864E+03
7.08873E+01,7.08873E+01,7.08873E+01,7.08873E+01,7.08873E+01,7.08873E+01,7.08873E+01,7.08873E+01,7.08873E+01,7.08873E+01,7.08873E+01,1.34424E+01,7.08873E+01,7.08873E+01,7.08873E+01,7.08873E+01,7.08873E+01,7.08873E+01,7.08873E+01,7.08873E+01,1.02990E+01,7.08873E+01,7.08873E+01,7.08873E+01,7.08873E+01,7.08873E+01,7.08873E+01,7.08873E+01,7.08873E+01,7.08873E+01,4.52665E+00,7.08873E+01,1.34424E+01,7.08873E+01,7.08873E+01,7.08873E+01,7.08873E+01,7.08873E+01,7.08873E+01 
#t = 3.906E+03
7.08873E+01,7.08873E+01,7.08873E+01,7.08873E+01,7.08873E+01,7.08873E+01,7.08873E+01,7.08873E+01,7.08873E+01,7.08873E+01,7.08873E+01,7.08873E+01,7.08873E+01,7.08873E+01,7.08873E+01,7.08873E+01,7.08873E+01,7.08873E+01,7.08873E+01,7.08873E+01,7.08873E+01,7.08873E+01,7.08873E+01,7.08873E+01,7.08873E+01,7.08873E+01,7.08873E+01,7.08873E+01,7.08873E+01,7.08873E+01,7.08873E+01,1.43483E+00,7.08873E+01,7.08873E+01,7.08873E+01,7.08873E+01,7.08873E+01,7.08873E+01,7.08873E+01,2.92024E+00,7.08873E+01,3.23281E+00,5.58062E-01,7.08873E+01 
#t = 3.948E+03
7.08873E+01,7.08873E+01,7.08873E+01,7.08873E+01,7.08873E+01,7.08873E+01,7.08873E+01,7.08873E+01,7.08873E+01,7.08873E+01,7.08873E+01,7.08873E+01,7.08873E+01,7.08873E+01,7.08873E+01,7.08873E+01,7.08873E+01,7.08873E+01,1.21835E+01,7.08873E+01,2.09564E+01,7.08873E+01,7.08873E+01,7.08873E+01,7.08873E+01,7.08873E+01,7.08873E+01,7.08873E+01,7.08873E+01,7.08873E+01,7.05886E-01,7.08873E+01,7.08873E+01,7.08873E+01,7.08873E+01,7.08873E+01,7.08873E+01,7.08873E+01,7.08873E+01,7.08873E+01,7.08873E+01,7.08873E+01,7.08873E+01 
#t = 3.990E+03
7.08873E+01,1.21835E+01,7.08873E+01,7.08873E+01,7.08873E+01,1.08614E+01,7.08873E+01,7.08873E+01,7.08873E+01,7.08873E+01,7.08873E+01,7.08873E+01,7.08873E+01,7.08873E+01,7.08873E+01,7.08873E+01,7.08873E+01,7.08873E+01,7.08873E+01,7.08873E+01,7.08873E+01,7.08873E+01,7.08873E+01,7.08873E+01,7.08873E+01,2.81349E+00,7.08873E+01,7.08873E+01,7.08873E+01,7.08873E+01,7.08873E+01,7.08873E+01,7.08873E+01,1.08614E+01 
#t = 4.032E+03
7.08873E+01,7.08873E+01,7.08873E+01,1.08614E+01,7.08873E+01,7.08873E+01,7.08873E+01,7.08873E+01,7.08873E+01,2.54760E+01,7.08873E+01,7.08873E+01,7.08873E+01,7.08873E+01,7.08873E+01,7.08873E+01,7.08873E+01,7.08873E+01,7.08873E+01,7.08873E+01,7.08873E+01,7.08873E+01,7.08873E+01,7.08873E+01,7.08873E+01,1.08614E+01,7.08873E+01,7.08873E+01,7.08873E+01,7.08873E+01,7.08873E+01,7.08873E+01,7.08873E+01,7.08873E+01,7.08873E+01,7.08873E+01,7.08873E+01,7.08873E+01,7.08873E+01,7.08873E+01,7.08873E+01,7.08873E+01,7.08873E+01,7.08873E+01,7.08873E+01,7.08873E+01,7.08873E+01,7.08873E+01,7.08873E+01,7.08873E+01,1.55391E+00,7.08873E+01,7.08873E+01,7.08873E+01 
#t = 4.074E+03
7.08873E+01,7.08873E+01,7.08873E+01,7.08873E+01,7.08873E+01,7.08873E+01,7.08873E+01,7.08873E+01,7.08873E+01,7.08873E+01,7.08873E+01,7.08873E+01,7.08873E+01,7.08873E+01,7.08873E+01,7.08873E+01,7.08873E+01,7.08873E+01,7.08873E+01,7.08873E+01,7.08873E+01,7.08873E+01,4.03937E+00,6.97502E+00,1.75602E+00,7.08873E+01,7.08873E+01,7.08873E+01,7.08873E+01,7.08873E+01 
#t = 4.116E+03
7.08873E+01,7.08873E+01,7.08873E+01,7.08873E+01,7.08873E+01,7.08873E+01,7.08873E+01,7.08873E+01,7.08873E+01,7.08873E+01,7.08873E+01,7.08873E+01,7.08873E+01,7.08873E+01,7.08873E+01,7.08873E+01,1.65902E+01,7.08873E+01,7.08873E+01,7.08873E+01,7.08873E+01,7.08873E+01,9.41779E-01,7.08873E+01,7.08873E+01,7.08873E+01,7.08873E+01,7.08873E+01,7.08873E+01 
#t = 4.158E+03
7.08873E+01,7.08873E+01,7.08873E+01,7.08873E+01,7.08873E+01,7.08873E+01,7.08873E+01,7.08873E+01,7.08873E+01,7.08873E+01,7.08873E+01,7.08873E+01,7.08873E+01,7.08873E+01,7.08873E+01,7.08873E+01,7.08873E+01,7.08873E+01,7.08873E+01,7.08873E+01,7.08873E+01,7.08873E+01,7.08873E+01,7.08873E+01,7.08873E+01,7.08873E+01,1.65902E+01,2.18389E+01,7.08873E+01,7.08873E+01,1.65902E+01,7.08873E+01,7.08873E+01,9.44760E-01,7.08873E+01,1.65902E+01,7.08873E+01,7.08873E+01,7.08873E+01,7.08873E+01,7.08873E+01,7.08873E+01,2.95261E-01,7.08873E+01,7.08873E+01 
#t = 4.200E+03
7.08873E+01,7.08873E+01,7.08873E+01,7.08873E+01,7.08873E+01,8.67071E+00,1.65902E+01,7.08873E+01,7.08873E+01,7.08873E+01,7.08873E+01,7.08873E+01,7.08873E+01,7.08873E+01,7.08873E+01,7.08873E+01,7.08873E+01,7.08873E+01,7.08873E+01,1.65902E+01,4.45648E-01,7.08873E+01,7.08873E+01,7.08873E+01,7.08873E+01 
